0 39 51.46 55.7309 -109.93 -103.62 'Lake Baikal'
 52.79998 -106.57999
 52.94000 -106.53999
 53.18001 -107.08001
 53.38000 -107.29999
 53.51999 -107.59998
 53.85997 -108.03995
 54.26000 -108.37998
 55.02760 -109.05270
 55.53560 -109.19347
 55.73091 -109.50699
 55.71296 -109.92981
 54.98000 -109.70000
 54.71999 -109.66000
 54.33999 -109.47996
 53.82000 -109.31997
 53.61998 -109.22003
 53.78003 -108.99999
 53.43999 -108.60002
 53.38000 -108.80001
 53.20001 -108.76001
 53.14001 -108.45997
 52.79998 -108.17999
 52.58000 -107.79996
 52.42000 -107.31999
 52.32001 -106.64003
 52.03998 -106.10002
 51.75999 -105.74004
 51.52001 -105.24002
 51.46001 -104.81999
 51.50001 -104.30002
 51.60000 -103.76000
 51.73999 -103.62001
 51.85999 -103.86000
 51.85999 -104.39996
 52.00000 -105.05998
 52.28001 -105.48000
 52.52000 -105.98002
 52.61999 -106.26001
 52.79998 -106.57999
1 12 50.4489 54.3371 96.2379 99.2368 'Lake Winnipeg'
 53.92978 98.95540
 54.33710 97.95799
 54.05939 97.80501
 53.42521 97.64380
 51.39730 96.39259
 50.69101 96.23789
 50.44891 96.72559
 50.75406 96.92111
 51.49779 97.23569
 52.18457 98.20098
 53.21629 99.23681
 53.92978 98.95540
2 25 60.86 63.08 109.09 118.385 'Great Slave Lake'
 61.97239 115.00000
 62.54171 115.80670
 62.77880 116.05860
 62.75030 115.84279
 62.42821 114.45259
 62.04448 113.35341
 62.44360 111.77891
 62.92001 111.04001
 63.08000 110.20001
 62.87818 109.40001
 62.81410 109.09011
 62.69281 109.11651
 62.51562 110.10090
 62.34911 111.27599
 61.55991 112.63051
 61.07999 113.64001
 60.87659 115.34099
 60.86001 116.43999
 61.31197 118.06111
 61.36137 118.34747
 61.52110 118.38499
 61.55629 118.17960
 61.32590 116.80281
 61.69179 115.67880
 61.97239 115.00000
3 17 43.2024 44.208 76.18 79.7605 'Lake Ontario'
 43.25410 79.05631
 43.20238 79.36169
 43.29720 79.76047
 43.63920 79.46116
 43.75743 79.15617
 43.90319 78.45053
 44.03933 77.60536
 43.85014 77.16149
 44.06946 76.88269
 44.20803 76.56555
 44.13467 76.35303
 43.97915 76.23927
 43.59000 76.18000
 43.26000 76.93000
 43.34283 77.74915
 43.37999 78.53499
 43.25410 79.05631
4 19 41.4359 42.965 78.9006 83.4628 'Lake Erie'
 42.08002 83.12001
 42.01702 82.57123
 42.33553 81.82919
 42.61518 81.39226
 42.66076 81.09497
 42.56009 80.54516
 42.71566 80.27918
 42.84204 79.79135
 42.96500 78.92001
 42.86671 78.90058
 42.26962 79.76221
 41.98033 80.51645
 41.84551 81.03120
 41.56894 81.62351
 41.43592 82.34745
 41.48711 82.84610
 41.69397 83.46283
 42.08002 83.12001
 42.08002 83.12001
5 31 46.4396 48.9367 84.3956 92.0119 'Lake Superior'
 48.00999 89.60000
 48.40547 89.19406
 48.56251 88.62642
 48.80632 88.40424
 48.93670 88.17895
 48.73511 87.24904
 48.71108 86.56001
 48.57729 86.32103
 48.01035 85.98653
 47.86008 84.86422
 47.57570 85.04062
 47.28220 84.64501
 46.90233 84.81528
 46.77684 84.39559
 46.43959 84.60491
 46.48001 84.91001
 46.76001 85.11999
 46.67266 86.10262
 46.45001 86.99001
 46.83104 87.69428
 46.95858 88.26122
 47.48591 87.93992
 47.15480 88.82261
 46.83084 89.62499
 46.57649 90.39703
 46.92000 91.00999
 46.71167 92.01192
 46.85843 92.00877
 47.28001 91.33000
 47.68001 90.61999
 48.00999 89.60000
6 19 -2.71451 0.324993 -34.1362 -31.648 'Lake Victoria'
 0.12816 -33.85037
 0.12816 -33.85037
 -0.31931 -34.13624
 -1.05983 -34.07263
 -1.50601 -33.57943
 -1.95797 -33.25175
 -2.30089 -33.64718
 -2.54713 -33.07672
 -2.43045 -32.95177
 -2.48993 -32.37309
 -2.71451 -31.92656
 -2.32921 -31.64802
 -1.62931 -31.83602
 -1.02738 -31.86620
 -0.64043 -31.81514
 -0.05612 -32.27284
 0.08677 -32.90614
 0.32499 -33.33185
 0.12816 -33.85037
7 15 59.9203 61.775 -32.9443 -29.8367 'Lake Ladoga'
 61.22608 -29.83671
 61.22608 -29.83671
 61.77504 -30.85200
 61.11751 -32.52688
 60.64260 -32.94433
 60.48189 -32.81575
 60.53351 -32.59990
 60.20894 -32.58388
 60.23565 -31.69944
 59.92035 -31.50974
 59.92769 -31.10625
 60.14646 -31.10893
 60.63010 -30.53388
 60.84321 -30.50205
 61.22608 -29.83671
8 26 44.9889 46.8168 -79.2452 -73.4367 'Lake Balkhash'
 46.74862 -78.99077
 46.74862 -78.99077
 46.64516 -79.24517
 46.36993 -78.88989
 46.29717 -78.44506
 46.39557 -77.20607
 46.50719 -75.61128
 46.67061 -75.46333
 46.47081 -75.40566
 46.40466 -74.91122
 46.10783 -74.77138
 46.00407 -74.27803
 44.98893 -74.09995
 45.60946 -73.43674
 45.80586 -73.43999
 46.01275 -73.73713
 46.18307 -73.67925
 46.20491 -74.02068
 46.42781 -74.09432
 46.81678 -74.93938
 46.78001 -76.20313
 46.64341 -77.18132
 46.64785 -77.85993
 46.46853 -78.29701
 46.65767 -78.39711
 46.74862 -78.99077
9 22 -8.78654 -3.4555 -31.189 -29.1017 'Lake Tanganyika'
 -8.57834 -30.80601
 -8.49819 -30.46443
 -8.11501 -30.56685
 -7.84836 -30.27736
 -7.29924 -30.14703
 -6.75416 -29.53652
 -6.03803 -29.19318
 -5.61645 -29.37199
 -5.05401 -29.10172
 -3.45550 -29.28103
 -4.42014 -29.65259
 -4.89639 -29.60009
 -5.04088 -29.79196
 -5.46690 -29.75842
 -5.86099 -29.95123
 -6.24411 -29.72204
 -6.92273 -30.52804
 -7.54192 -30.60416
 -8.72991 -31.18903
 -8.78654 -31.02212
 -8.57834 -30.80601
 -8.57834 -30.80601
10 20 -14.4013 -9.49544 -35.2602 -33.9066 'Lake Malawi'
 -14.27747 -35.26020
 -14.40129 -35.23623
 -14.01201 -34.88121
 -14.26202 -34.70654
 -14.04767 -34.54676
 -13.67209 -34.55110
 -13.37939 -34.32093
 -12.94458 -34.32998
 -12.20856 -34.03253
 -11.65298 -34.32269
 -10.44758 -34.25990
 -9.80173 -33.90659
 -9.49544 -33.99558
 -10.03014 -34.52423
 -11.08051 -34.60789
 -11.46343 -34.93702
 -12.42239 -34.69388
 -13.70113 -34.86757
 -13.74293 -35.05598
 -14.27747 -35.26020
11 14 58.5062 59.3365 -13.9844 -12.4601 'Vänern'
 59.20491 -13.97928
 59.20491 -13.97928
 59.08621 -13.98445
 58.90250 -13.91892
 58.60867 -13.28268
 58.50904 -12.83010
 58.50620 -12.46015
 58.77595 -12.53777
 58.88028 -12.52216
 58.95384 -12.69709
 58.99353 -13.02704
 59.12900 -13.19530
 59.33648 -13.59145
 59.20491 -13.97928
12 6 26.789 27.0689 80.6937 80.9324 'Lake Okeechobee'
 26.78896 80.70644
 26.82327 80.93244
 27.06892 80.91971
 27.03463 80.69370
 26.78896 80.70644
 26.78896 80.70644
13 8 11.1479 11.9403 84.8555 85.8852 'Lago de Nicaragua'
 11.14790 84.85549
 11.17617 85.29014
 11.50974 85.79132
 11.90010 85.88517
 11.94033 85.56534
 11.52165 85.03685
 11.14790 84.85549
 11.14790 84.85549
14 8 11.7134 12.2339 -37.5184 -37.0148 'Lake Tana'
 11.85059 -37.14371
 12.03560 -37.01483
 12.23388 -37.24401
 12.16060 -37.51836
 11.82509 -37.48188
 11.71339 -37.33636
 11.85059 -37.14371
 11.85059 -37.14371
15 17 -16.5364 -15.3543 68.7462 69.9837 'Lago Titicaca'
 -16.12620 69.40674
 -15.92879 69.72910
 -15.73718 69.98366
 -15.66984 69.87702
 -15.54608 69.86798
 -15.35426 69.88560
 -15.41048 69.59675
 -15.88590 68.98697
 -15.91329 68.95969
 -16.35600 68.74624
 -16.50664 68.90525
 -16.53641 69.00116
 -16.46199 69.09084
 -16.40117 69.18205
 -16.22754 69.25099
 -16.12620 69.40674
 -16.12620 69.40674
16 20 53.1204 54.2303 99.3932 100.607 'Cedar Lake'
 53.12585 99.40377
 53.12043 99.54847
 53.14291 99.80499
 53.28419 100.43146
 53.53162 100.60685
 53.74525 100.33488
 53.90741 100.42673
 53.94508 100.40449
 54.09401 100.32630
 54.23033 100.23587
 54.21586 99.99549
 54.10013 100.04779
 53.93035 100.18357
 53.92847 99.87129
 53.82131 99.91067
 53.44333 100.05650
 53.29582 99.66551
 53.26791 99.39318
 53.12585 99.40377
 53.12585 99.40377
17 24 60.9486 62.7624 -36.3914 -34.265 'Lake Onega'
 62.28023 -35.71465
 61.71631 -36.05416
 61.27605 -36.39140
 61.01509 -36.10946
 60.94858 -35.35074
 61.11637 -34.86684
 61.11444 -35.20729
 61.08635 -35.57832
 61.39429 -35.16000
 61.55180 -34.85734
 61.86697 -34.48692
 62.21915 -34.26502
 62.29775 -34.28982
 62.22979 -34.66562
 62.45223 -34.62613
 62.29677 -34.83563
 62.14119 -35.08027
 62.19328 -35.21659
 62.25602 -35.46371
 62.48776 -35.13970
 62.76245 -34.61435
 62.74847 -34.99541
 62.67535 -35.23395
 62.28023 -35.71465
18 10 40.8515 41.6282 112.139 112.878 'Great Salt Lake'
 41.34125 112.18405
 41.14235 112.13876
 40.85146 112.17193
 41.13049 112.67883
 41.16754 112.70549
 41.62816 112.87814
 41.43892 112.58956
 41.33802 112.40533
 41.42856 112.21901
 41.34125 112.18405
19 25 64.88 66.9693 117.605 124.954 'Great Bear Lake'
 66.22368 117.75929
 65.85490 117.97375
 65.76692 118.10710
 65.73480 119.72005
 65.65436 119.74568
 65.52742 119.66481
 65.36795 119.70220
 64.87999 121.35509
 64.99461 121.33610
 65.37774 120.94527
 65.44634 121.05728
 65.03107 122.56450
 65.18041 123.23271
 65.31937 123.17963
 65.79379 122.32599
 65.90184 122.35622
 66.04925 124.95363
 66.15116 124.89754
 66.96930 119.48725
 66.87519 119.35744
 66.46527 120.17695
 66.55935 117.60545
 66.41998 117.61279
 66.22368 117.75929
 66.22368 117.75929
20 9 58.5602 59.5504 106.545 111.199 'Lake Athabasca'
 59.03764 109.65330
 58.56017 111.08626
 58.68557 111.19949
 58.75985 111.16001
 59.55042 109.09672
 59.31969 106.54517
 59.29282 106.54695
 59.03764 109.65330
 59.03764 109.65330
21 15 56.3454 58.0191 101.544 103.283 'Reindeer Lake'
 58.01403 101.89514
 58.01403 101.89514
 57.86810 101.54385
 57.34867 101.97090
 57.23067 101.93403
 56.34540 103.20416
 56.40994 103.28250
 56.70411 103.14874
 56.71080 103.07833
 56.56510 103.01440
 56.93828 102.57681
 57.28715 102.81323
 57.46435 102.81369
 58.01915 102.12875
 58.01403 101.89514
22 32 42.98 46.5558 79.7629 84.93 'Lake Huron'
 45.59014 80.41056
 44.82460 79.76293
 44.49393 80.08500
 44.63164 80.89769
 45.25005 81.40234
 44.62017 81.27568
 44.06465 81.75265
 43.59005 81.70018
 43.31085 81.78273
 42.98001 82.43000
 43.39001 82.48000
 43.97000 82.65999
 44.07000 83.02999
 43.63000 83.65000
 43.63832 83.84870
 43.88998 83.89999
 44.29001 83.35000
 44.74574 83.25879
 45.20001 83.34000
 45.58998 84.08000
 45.79000 84.93000
 45.92448 84.75356
 45.91999 84.71999
 46.01022 83.83919
 46.40877 84.33671
 46.55576 84.14871
 46.33428 83.95257
 46.21015 83.20251
 46.19964 82.44199
 46.09755 81.63137
 45.90381 80.73680
 45.59014 80.41056
23 32 41.6407 46.03 84.7536 87.9883 'Lake Michigan'
 46.03001 85.53999
 45.92448 84.75356
 45.79000 84.93000
 45.40999 85.07000
 45.30824 85.29045
 44.81458 85.46710
 45.15001 85.55999
 44.91059 85.95984
 44.57480 86.20936
 44.08423 86.47027
 43.66000 86.52001
 43.04140 86.18843
 42.38170 86.21605
 41.89442 86.62192
 41.75619 86.82444
 41.64617 87.09445
 41.64071 87.43422
 41.70851 87.52618
 42.23411 87.79569
 42.49400 87.80345
 42.74085 87.77673
 43.23051 87.90215
 43.79650 87.71221
 44.49336 87.48636
 45.26287 86.96748
 45.25933 87.11806
 44.61505 87.85282
 44.73332 87.98832
 45.09371 87.59643
 45.74000 87.00001
 45.82999 86.32000
 46.03001 85.53999
