1339 19 14.89611 15.29500 23.44473 23.79250 'Cape Verde (Cape Verde)'
 14.89610 23.52580
 14.91360 23.63330
 14.92500 23.66310
 14.93560 23.68140
 14.94250 23.68860
 14.97720 23.72330
 15.03100 23.76680
 15.06540 23.78950
 15.08470 23.79250
 15.25310 23.76670
 15.29500 23.69500
 15.24390 23.66580
 15.18070 23.60320
 15.15780 23.57670
 15.11610 23.51250
 15.03310 23.45940
 15.00610 23.44470
 14.98050 23.44920
 14.89610 23.52580
1340 23 16.91333 17.19236 24.97347 25.36055 'Cape Verde (Cape Verde)'
 16.91330 25.28140
 16.91400 25.29860
 16.92290 25.31080
 17.04440 25.36060
 17.05610 25.36000
 17.07460 25.35060
 17.09500 25.33240
 17.15920 25.20500
 17.18690 25.13420
 17.19240 25.09460
 17.17560 25.03440
 17.10870 24.97350
 17.08310 24.97860
 17.05610 24.99690
 17.02610 25.05140
 17.00310 25.09920
 16.99470 25.11190
 16.95860 25.15310
 16.94080 25.16310
 16.92830 25.17140
 16.92170 25.18610
 16.91640 25.20540
 16.91330 25.28140
1341 16 15.97805 16.23527 22.66611 22.96223 'Cape Verde (Cape Verde)'
 15.97810 22.80060
 15.98060 22.87610
 16.02210 22.95390
 16.04500 22.96220
 16.09220 22.95710
 16.16080 22.91190
 16.20610 22.87190
 16.23530 22.79860
 16.22780 22.76440
 16.21420 22.72390
 16.20510 22.71540
 16.13610 22.67440
 16.09500 22.66610
 16.05790 22.68210
 16.03640 22.70610
 15.97810 22.80060
1342 24 14.81111 15.04618 24.29555 24.52445 'Cape Verde (Cape Verde)'
 14.81110 24.39000
 14.81470 24.41440
 14.81810 24.42610
 14.82860 24.44710
 14.85140 24.47690
 14.87080 24.49920
 14.88370 24.51060
 14.91830 24.52440
 14.92960 24.52330
 14.97760 24.49850
 14.99190 24.48500
 15.01360 24.44560
 15.04620 24.38260
 15.03000 24.32970
 15.01140 24.31360
 14.98180 24.30320
 14.92750 24.29580
 14.88440 24.29560
 14.87060 24.29560
 14.86030 24.29940
 14.84000 24.31940
 14.82500 24.33940
 14.81290 24.36560
 14.81110 24.39000
1343 28 16.48277 16.68403 24.02416 24.43076 'Cape Verde (Cape Verde)'
 16.48280 24.32140
 16.59810 24.40890
 16.61810 24.42960
 16.64780 24.43080
 16.66190 24.42000
 16.68400 24.35460
 16.66940 24.33250
 16.64050 24.20630
 16.62640 24.11670
 16.62080 24.09390
 16.59420 24.03420
 16.57230 24.02420
 16.55900 24.03280
 16.55500 24.04430
 16.55440 24.09820
 16.55720 24.11970
 16.55940 24.13190
 16.56680 24.14210
 16.57890 24.16170
 16.59330 24.21230
 16.59350 24.23520
 16.58670 24.27100
 16.55810 24.29060
 16.53690 24.30420
 16.52390 24.30940
 16.50890 24.31530
 16.49780 24.31830
 16.48280 24.32140
1344 14 15.11584 15.32653 23.10736 23.25389 'Cape Verde (Cape Verde)'
 15.11580 23.16720
 15.11610 23.18580
 15.11970 23.19780
 15.15010 23.24510
 15.16420 23.25390
 15.27500 23.23250
 15.32650 23.19940
 15.31500 23.14080
 15.30740 23.12530
 15.23440 23.11310
 15.18490 23.10740
 15.17060 23.11030
 15.14820 23.12630
 15.11580 23.16720
1345 14 16.77972 16.92069 24.87625 25.09229 'Cape Verde (Cape Verde)'
 16.77970 24.99330
 16.81000 25.06740
 16.82960 25.09230
 16.85830 25.08250
 16.88060 25.06260
 16.91810 24.97690
 16.92070 24.93030
 16.91560 24.92140
 16.85810 24.87780
 16.82850 24.87630
 16.81760 24.88150
 16.81140 24.89500
 16.80000 24.92610
 16.77970 24.99330
1346 13 16.59027 16.85319 22.87750 22.99431 'Cape Verde (Cape Verde)'
 16.59030 22.92310
 16.59250 22.92810
 16.60190 22.93220
 16.70610 22.97690
 16.73170 22.98470
 16.80320 22.99430
 16.81820 22.98830
 16.84080 22.95140
 16.85320 22.92150
 16.83540 22.89690
 16.67190 22.87750
 16.60220 22.89280
 16.59030 22.92310
