786 52 15.43569 15.92128 86.33285 87.77370 'Atlantida (Honduras)'
 15.55420 86.36830
 15.56290 86.37640
 15.58970 86.43850
 15.59990 86.59690
 15.59170 86.63640
 15.57140 86.67310
 15.55430 86.68930
 15.52830 86.75060
 15.54140 86.98970
 15.50000 87.04040
 15.45070 87.23170
 15.43570 87.33380
 15.43720 87.35850
 15.44490 87.38310
 15.46370 87.40790
 15.51220 87.51950
 15.50740 87.55110
 15.50720 87.57970
 15.51120 87.60970
 15.51890 87.62890
 15.53440 87.64510
 15.55640 87.65750
 15.58580 87.66580
 15.61830 87.67040
 15.65870 87.68310
 15.71210 87.76630
 15.71500 87.77370
 15.74030 87.75750
 15.91810 87.72720
 15.92130 87.70780
 15.88280 87.62860
 15.86250 87.59420
 15.80290 87.52540
 15.78440 87.47440
 15.78640 87.44500
 15.82140 87.38250
 15.83610 87.31330
 15.82780 87.28640
 15.79940 87.16330
 15.75890 86.96470
 15.75640 86.93890
 15.75560 86.89750
 15.77140 86.81850
 15.78420 86.79750
 15.78830 86.72780
 15.80110 86.48830
 15.78000 86.43500
 15.77150 86.41810
 15.73610 86.41830
 15.67470 86.35490
 15.65360 86.33290
 15.55420 86.36830
787 57 15.07639 16.02163 84.99278 86.41835 'Colon (Honduras)'
 15.07640 84.99280
 15.13440 85.03330
 15.25610 85.12030
 15.30560 85.28080
 15.39920 85.31530
 15.44310 85.33110
 15.47890 85.48000
 15.62810 85.69580
 15.45250 85.97330
 15.38720 86.07640
 15.37860 86.22080
 15.38030 86.25500
 15.40140 86.22700
 15.47780 86.21560
 15.51530 86.22790
 15.53110 86.30030
 15.55420 86.36830
 15.65360 86.33290
 15.67470 86.35490
 15.73610 86.41830
 15.77150 86.41810
 15.76760 86.40350
 15.76940 86.35780
 15.81120 86.27150
 15.82780 86.24920
 15.85670 86.22920
 15.88060 86.18650
 15.89540 86.12460
 15.89690 86.10280
 15.89500 86.04440
 15.89500 86.02030
 15.89830 85.99140
 15.91710 85.95200
 15.93860 85.92430
 15.95580 85.91010
 15.99210 85.90690
 16.00190 85.93790
 16.00100 85.96860
 16.02160 86.01160
 16.02000 85.92390
 16.01060 85.84190
 15.99670 85.76430
 15.95610 85.65820
 15.93600 85.62900
 15.92190 85.59890
 15.90640 85.55820
 15.88900 85.49610
 15.89070 85.39990
 15.89890 85.24580
 15.90890 85.17720
 15.92620 85.10970
 15.94530 85.08810
 15.96060 85.07220
 15.97440 85.05060
 15.98490 85.02690
 15.99130 84.99700
 15.07640 84.99280
788 71 13.65645 15.01986 86.68556 87.61591 'Francisco Morazan (Honduras)'
 13.67910 87.44200
 13.67670 87.47050
 13.73990 87.60460
 13.76170 87.61590
 13.81730 87.59660
 13.86420 87.59530
 13.99920 87.58640
 14.08080 87.59780
 14.10160 87.59380
 14.13720 87.55770
 14.12970 87.52100
 14.13940 87.49170
 14.21580 87.41450
 14.35890 87.37450
 14.39180 87.36900
 14.41140 87.37450
 14.44000 87.39420
 14.46070 87.41760
 14.47540 87.43760
 14.49400 87.44890
 14.52520 87.44990
 14.60890 87.33580
 14.70190 87.26610
 14.72990 87.25530
 14.75170 87.24780
 14.76240 87.24850
 14.77250 87.24670
 14.82800 87.22830
 14.87560 87.18440
 14.92140 87.16010
 14.94080 87.15540
 14.98150 87.15920
 15.00200 87.14010
 15.01990 87.04610
 15.00780 86.98740
 15.00940 86.94780
 15.01050 86.93730
 14.91740 86.86390
 14.83970 86.87390
 14.80000 86.88080
 14.76600 86.89220
 14.73360 86.88360
 14.64150 86.85000
 14.62640 86.82630
 14.60990 86.77990
 14.58980 86.75340
 14.55900 86.73270
 14.47940 86.70360
 14.43360 86.68930
 14.39220 86.68560
 14.37030 86.69890
 14.34340 86.71830
 14.32460 86.74560
 14.31780 86.76820
 14.30270 86.79840
 14.28280 86.81720
 14.19170 86.87250
 14.05610 86.94990
 14.03870 86.93920
 14.02220 86.92250
 13.96980 86.90180
 13.77830 86.99460
 13.65650 87.11530
 13.65890 87.19920
 13.67750 87.28360
 13.67930 87.33950
 13.71120 87.37930
 13.75170 87.38190
 13.73830 87.42440
 13.69390 87.44030
 13.67910 87.44200
789 90 14.61882 15.99128 83.13185 84.99696 'Gracias a Dios (Honduras)'
 15.99130 84.99700
 15.97750 84.92060
 15.87700 84.67760
 15.82900 84.62740
 15.80060 84.62130
 15.77560 84.59920
 15.78250 84.51110
 15.82580 84.44110
 15.84610 84.52560
 15.85000 84.47970
 15.82600 84.26010
 15.70250 84.11530
 15.63110 84.03780
 15.46000 83.85560
 15.47780 83.91060
 15.51070 83.94280
 15.53570 84.01080
 15.55030 84.16200
 15.54570 84.20950
 15.51860 84.20000
 15.37400 84.10080
 15.34920 84.07450
 15.23950 83.91130
 15.27100 83.83010
 15.31970 83.89350
 15.34320 83.95310
 15.34730 83.98310
 15.36470 84.00570
 15.40090 84.02770
 15.41460 83.99860
 15.40760 83.96390
 15.38790 83.92330
 15.32180 83.81930
 15.28020 83.77110
 15.19670 83.75830
 15.20060 83.74470
 15.26790 83.62870
 15.26090 83.57920
 15.26890 83.53140
 15.24780 83.51990
 15.21720 83.52810
 15.19840 83.54690
 15.22120 83.56310
 15.23270 83.58970
 15.18920 83.62350
 15.17000 83.61630
 15.15810 83.57040
 15.20310 83.49690
 15.23220 83.49640
 15.28060 83.50720
 15.29660 83.53280
 15.30830 83.56630
 15.34720 83.61670
 15.30100 83.50560
 15.27600 83.43750
 15.25640 83.39350
 15.22470 83.35650
 15.17310 83.33310
 15.13920 83.32560
 15.09580 83.30750
 15.06570 83.28260
 15.05350 83.26680
 15.03270 83.23200
 15.01580 83.19030
 14.99300 83.13190
 14.98720 83.15890
 14.98170 83.22970
 15.00470 83.32420
 15.01500 83.35890
 15.02220 83.38420
 15.00610 83.48580
 14.94830 83.54640
 14.91790 83.56700
 14.78560 83.84240
 14.77780 83.86450
 14.75390 83.93810
 14.75530 83.97860
 14.75440 84.03530
 14.71640 84.19670
 14.68190 84.26030
 14.61880 84.48050
 14.67830 84.68860
 14.81390 84.79700
 14.82900 84.82640
 14.80670 84.91000
 14.74130 84.98440
 14.79470 84.98670
 15.01860 84.99250
 15.07640 84.99280
 15.99130 84.99700
790 19 16.27027 16.43583 86.26334 86.63445 'Islas de la Bahia (Honduras)'
 16.27030 86.62670
 16.27350 86.63390
 16.29310 86.63440
 16.31060 86.62190
 16.32830 86.60810
 16.33780 86.59640
 16.34220 86.58670
 16.40610 86.44600
 16.42280 86.40610
 16.43580 86.33720
 16.43190 86.30330
 16.42330 86.26330
 16.41610 86.27940
 16.41310 86.31530
 16.39990 86.37400
 16.32310 86.51610
 16.31000 86.57470
 16.29690 86.59880
 16.27030 86.62670
791 79 14.04572 15.62805 84.98436 86.93727 'Olancho (Honduras)'
 15.01050 86.93730
 15.08700 86.86860
 15.13210 86.87160
 15.18440 86.83720
 15.30080 86.73660
 15.32440 86.66640
 15.33560 86.62140
 15.38220 86.48560
 15.40830 86.44140
 15.37080 86.37080
 15.33800 86.33580
 15.38030 86.25500
 15.37860 86.22080
 15.38720 86.07640
 15.45250 85.97330
 15.62810 85.69580
 15.47890 85.48000
 15.44310 85.33110
 15.39920 85.31530
 15.30560 85.28080
 15.25610 85.12030
 15.13440 85.03330
 15.07640 84.99280
 15.01860 84.99250
 14.79470 84.98670
 14.74130 84.98440
 14.72610 84.99530
 14.67000 85.03000
 14.59820 85.01890
 14.58090 85.02750
 14.55330 85.06110
 14.54450 85.08040
 14.48920 85.14640
 14.42670 85.18060
 14.38530 85.17950
 14.35970 85.15970
 14.33570 85.15910
 14.31470 85.18030
 14.29650 85.21720
 14.29830 85.25420
 14.29580 85.27640
 14.28940 85.29830
 14.27620 85.32220
 14.23560 85.37820
 14.17120 85.40950
 14.14570 85.41650
 14.12250 85.43700
 14.04570 85.54400
 14.05740 85.54830
 14.08510 85.57960
 14.16720 85.91030
 14.18750 85.99500
 14.18110 86.02150
 14.18560 86.06140
 14.19640 86.11280
 14.34670 86.22640
 14.31690 86.36540
 14.34870 86.39650
 14.36470 86.41450
 14.38610 86.48280
 14.38420 86.50330
 14.36510 86.53630
 14.35330 86.57020
 14.36500 86.63750
 14.38070 86.67600
 14.39220 86.68560
 14.43360 86.68930
 14.47940 86.70360
 14.55900 86.73270
 14.58980 86.75340
 14.60990 86.77990
 14.62640 86.82630
 14.64150 86.85000
 14.73360 86.88360
 14.76600 86.89220
 14.80000 86.88080
 14.83970 86.87390
 14.91740 86.86390
 15.01050 86.93730
792 83 14.76236 15.72229 86.21556 87.94085 'Yoro (Honduras)'
 15.38030 86.25500
 15.33800 86.33580
 15.37080 86.37080
 15.40830 86.44140
 15.38220 86.48560
 15.33560 86.62140
 15.32440 86.66640
 15.30080 86.73660
 15.18440 86.83720
 15.13210 86.87160
 15.08700 86.86860
 15.01050 86.93730
 15.00940 86.94780
 15.00780 86.98740
 15.01990 87.04610
 15.00200 87.14010
 14.98150 87.15920
 14.94080 87.15540
 14.92140 87.16010
 14.87560 87.18440
 14.82800 87.22830
 14.77250 87.24670
 14.76240 87.24850
 14.84500 87.24830
 14.89810 87.24930
 14.92470 87.27320
 14.94080 87.35690
 14.96930 87.45850
 15.03950 87.51560
 15.05690 87.54710
 15.04500 87.56890
 15.02970 87.58500
 15.02390 87.63680
 15.01830 87.69030
 15.01590 87.72780
 15.01630 87.73590
 15.04760 87.74850
 15.08600 87.73610
 15.11500 87.73420
 15.13890 87.75530
 15.17720 87.84530
 15.19630 87.91880
 15.25150 87.94080
 15.32720 87.90890
 15.33710 87.88380
 15.40540 87.81970
 15.56970 87.78140
 15.63940 87.79850
 15.65860 87.82180
 15.69530 87.82580
 15.72230 87.79350
 15.71500 87.77370
 15.71210 87.76630
 15.65870 87.68310
 15.61830 87.67040
 15.58580 87.66580
 15.55640 87.65750
 15.53440 87.64510
 15.51890 87.62890
 15.51120 87.60970
 15.50720 87.57970
 15.50740 87.55110
 15.51220 87.51950
 15.46370 87.40790
 15.44490 87.38310
 15.43720 87.35850
 15.43570 87.33380
 15.45070 87.23170
 15.50000 87.04040
 15.54140 86.98970
 15.52830 86.75060
 15.55430 86.68930
 15.57140 86.67310
 15.59170 86.63640
 15.59990 86.59690
 15.58970 86.43850
 15.56290 86.37640
 15.55420 86.36830
 15.53110 86.30030
 15.51530 86.22790
 15.47780 86.21560
 15.40140 86.22700
 15.38030 86.25500
801 45 13.34639 13.85132 87.32598 87.81558 'Valle (Honduras)'
 13.47110 87.71330
 13.48170 87.71110
 13.50480 87.71530
 13.51460 87.75490
 13.52420 87.78340
 13.57240 87.77690
 13.73330 87.72500
 13.81900 87.69470
 13.82870 87.69260
 13.85130 87.68250
 13.82940 87.60950
 13.81730 87.59660
 13.76170 87.61590
 13.73990 87.60460
 13.67670 87.47050
 13.67910 87.44200
 13.65120 87.43690
 13.59030 87.39780
 13.53250 87.35890
 13.49390 87.34280
 13.44760 87.32780
 13.41670 87.32600
 13.39190 87.34390
 13.37860 87.36560
 13.37380 87.38000
 13.39020 87.38060
 13.41240 87.39830
 13.41460 87.44930
 13.38760 87.47440
 13.36110 87.47140
 13.34640 87.53140
 13.36420 87.55680
 13.37940 87.60670
 13.40570 87.61400
 13.44030 87.61470
 13.45910 87.63760
 13.42080 87.65120
 13.38540 87.66000
 13.36260 87.68110
 13.35360 87.71060
 13.35540 87.73810
 13.36920 87.76420
 13.40540 87.81560
 13.44310 87.75030
 13.47110 87.71330
810 66 14.07805 15.05695 87.24779 88.07806 'Comayagua (Honduras)'
 14.41030 87.84700
 14.43350 87.82560
 14.45640 87.84380
 14.48580 87.89010
 14.57480 87.93930
 14.60500 87.95180
 14.61900 87.96950
 14.62780 87.98950
 14.63910 88.03120
 14.65060 88.07810
 14.70060 88.05220
 14.76640 88.01080
 14.79040 87.98610
 14.84470 87.89700
 14.86610 87.86640
 14.94330 87.75860
 14.97550 87.72890
 15.01630 87.73590
 15.01590 87.72780
 15.01830 87.69030
 15.02390 87.63680
 15.02970 87.58500
 15.04500 87.56890
 15.05690 87.54710
 15.03950 87.51560
 14.96930 87.45850
 14.94080 87.35690
 14.92470 87.27320
 14.89810 87.24930
 14.84500 87.24830
 14.76240 87.24850
 14.75170 87.24780
 14.72990 87.25530
 14.70190 87.26610
 14.60890 87.33580
 14.52520 87.44990
 14.49400 87.44890
 14.47540 87.43760
 14.46070 87.41760
 14.44000 87.39420
 14.41140 87.37450
 14.39180 87.36900
 14.35890 87.37450
 14.21580 87.41450
 14.13940 87.49170
 14.12970 87.52100
 14.13720 87.55770
 14.10160 87.59380
 14.08080 87.59780
 14.07810 87.63890
 14.08420 87.68530
 14.12310 87.74420
 14.21070 87.80630
 14.23830 87.76510
 14.24260 87.73820
 14.24440 87.70380
 14.24940 87.68280
 14.26060 87.65220
 14.28330 87.61730
 14.33510 87.62140
 14.35920 87.65590
 14.35210 87.68000
 14.35240 87.70820
 14.35750 87.72780
 14.39680 87.83020
 14.41030 87.84700
811 48 14.79040 15.91805 87.72724 88.48651 'Cortes (Honduras)'
 15.01630 87.73590
 14.97550 87.72890
 14.94330 87.75860
 14.86610 87.86640
 14.84470 87.89700
 14.79040 87.98610
 14.83140 88.01470
 15.05690 88.07330
 15.16670 88.09370
 15.22810 88.09640
 15.29470 88.11940
 15.37220 88.16170
 15.48710 88.23210
 15.53690 88.40030
 15.50460 88.48650
 15.63530 88.32780
 15.66730 88.31550
 15.71420 88.24000
 15.72440 88.21470
 15.72060 88.21140
 15.70530 88.19610
 15.68780 88.16960
 15.68280 88.13700
 15.69580 88.11040
 15.78640 88.03200
 15.86470 87.91640
 15.88780 87.86470
 15.90010 87.80500
 15.89750 87.74780
 15.91810 87.72720
 15.74030 87.75750
 15.71500 87.77370
 15.72230 87.79350
 15.69530 87.82580
 15.65860 87.82180
 15.63940 87.79850
 15.56970 87.78140
 15.40540 87.81970
 15.33710 87.88380
 15.32720 87.90890
 15.25150 87.94080
 15.19630 87.91880
 15.17720 87.84530
 15.13890 87.75530
 15.11500 87.73420
 15.08600 87.73610
 15.04760 87.74850
 15.01630 87.73590
812 50 13.85472 14.65889 87.82563 88.49945 'Intibuca (Honduras)'
 13.90530 88.25960
 13.88870 88.31930
 13.87490 88.34520
 13.86780 88.35220
 13.88250 88.37600
 13.88400 88.40330
 13.87010 88.43170
 13.85470 88.46790
 13.86580 88.48890
 13.91580 88.49950
 13.97030 88.49500
 13.99190 88.47000
 14.00500 88.45080
 14.01440 88.42500
 14.02360 88.39890
 14.04140 88.37060
 14.07400 88.32760
 14.11150 88.31150
 14.20870 88.31880
 14.39280 88.47580
 14.43100 88.48070
 14.46100 88.46850
 14.47860 88.38760
 14.52390 88.32470
 14.57390 88.30210
 14.64170 88.26430
 14.65330 88.21560
 14.65890 88.13940
 14.65060 88.07810
 14.63910 88.03120
 14.62780 87.98950
 14.61900 87.96950
 14.60500 87.95180
 14.57480 87.93930
 14.48580 87.89010
 14.45640 87.84380
 14.43350 87.82560
 14.41030 87.84700
 14.37830 87.91280
 14.30560 87.95700
 14.23580 88.04720
 14.14290 88.16460
 14.11330 88.19110
 14.07940 88.20390
 14.05670 88.19880
 14.04360 88.18190
 14.02530 88.16020
 13.98760 88.19690
 13.94030 88.23500
 13.90530 88.25960
813 49 13.81725 14.41027 87.58640 88.20390 'La Paz (Honduras)'
 13.86420 87.75030
 13.89690 87.80080
 13.89910 87.89750
 13.89580 87.90830
 13.89500 87.94060
 13.89610 87.95330
 13.87500 88.00590
 13.93120 88.04040
 13.96390 88.06000
 13.99060 88.12190
 13.97690 88.16170
 13.98760 88.19690
 14.02530 88.16020
 14.04360 88.18190
 14.05670 88.19880
 14.07940 88.20390
 14.11330 88.19110
 14.14290 88.16460
 14.23580 88.04720
 14.30560 87.95700
 14.37830 87.91280
 14.41030 87.84700
 14.39680 87.83020
 14.35750 87.72780
 14.35240 87.70820
 14.35210 87.68000
 14.35920 87.65590
 14.33510 87.62140
 14.28330 87.61730
 14.26060 87.65220
 14.24940 87.68280
 14.24440 87.70380
 14.24260 87.73820
 14.23830 87.76510
 14.21070 87.80630
 14.12310 87.74420
 14.08420 87.68530
 14.07810 87.63890
 14.08080 87.59780
 13.99920 87.58640
 13.86420 87.59530
 13.81730 87.59660
 13.82940 87.60950
 13.85130 87.68250
 13.82870 87.69260
 13.81900 87.69470
 13.82250 87.70760
 13.83460 87.72570
 13.86420 87.75030
814 44 14.57390 15.53695 87.98613 88.75812 'Santa Barbara (Honduras)'
 14.79040 87.98610
 14.76640 88.01080
 14.70060 88.05220
 14.65060 88.07810
 14.65890 88.13940
 14.65330 88.21560
 14.64170 88.26430
 14.57390 88.30210
 14.61800 88.32330
 14.64690 88.33110
 14.72560 88.33750
 14.81120 88.35400
 14.82830 88.37170
 14.85310 88.42990
 14.83400 88.45280
 14.81050 88.47590
 14.87320 88.51940
 14.91370 88.53520
 14.94130 88.55090
 14.93190 88.63880
 14.92080 88.64440
 14.92370 88.66630
 14.95770 88.68880
 14.97920 88.68640
 15.01060 88.67430
 15.05290 88.64560
 15.06690 88.62400
 15.08830 88.61830
 15.15850 88.64690
 15.25280 88.70560
 15.28720 88.74780
 15.29550 88.75810
 15.35000 88.66830
 15.44970 88.55250
 15.50460 88.48650
 15.53690 88.40030
 15.48710 88.23210
 15.37220 88.16170
 15.29470 88.11940
 15.22810 88.09640
 15.16670 88.09370
 15.05690 88.07330
 14.83140 88.01470
 14.79040 87.98610
819 45 14.51361 15.29552 88.61835 89.22306 'Copan (Honduras)'
 14.90760 89.18600
 14.92410 89.17580
 14.98080 89.15490
 14.99850 89.17740
 15.03000 89.17080
 15.05690 89.15830
 15.07350 89.15040
 15.07690 89.14280
 15.13560 88.98060
 15.24720 88.83720
 15.29550 88.75810
 15.28720 88.74780
 15.25280 88.70560
 15.15850 88.64690
 15.08830 88.61830
 15.06690 88.62400
 15.05290 88.64560
 15.01060 88.67430
 14.97920 88.68640
 14.95770 88.68880
 14.92370 88.66630
 14.92080 88.64440
 14.89890 88.64080
 14.72420 88.65330
 14.71440 88.69060
 14.71460 88.73810
 14.70820 88.76920
 14.67210 88.77270
 14.57530 88.71970
 14.54030 88.70430
 14.54500 88.72390
 14.54760 88.76220
 14.53530 88.78540
 14.51360 88.83890
 14.52290 88.87550
 14.55040 88.88970
 14.62920 88.93390
 14.72760 89.01190
 14.72440 89.06140
 14.71510 89.13110
 14.73350 89.15490
 14.84440 89.22170
 14.87190 89.22310
 14.89360 89.20650
 14.90760 89.18600
820 64 13.97027 14.94128 88.30208 88.95947 'Lempira (Honduras)'
 14.11420 88.83110
 14.13850 88.83940
 14.17110 88.86030
 14.18760 88.87510
 14.20360 88.89780
 14.20600 88.92020
 14.19390 88.95600
 14.21700 88.95950
 14.21890 88.95580
 14.23890 88.94930
 14.30810 88.94200
 14.39680 88.84970
 14.38580 88.81250
 14.39750 88.78170
 14.42360 88.75470
 14.48810 88.70210
 14.52300 88.69450
 14.54030 88.70430
 14.57530 88.71970
 14.67210 88.77270
 14.70820 88.76920
 14.71460 88.73810
 14.71440 88.69060
 14.72420 88.65330
 14.89890 88.64080
 14.92080 88.64440
 14.93190 88.63880
 14.94130 88.55090
 14.91370 88.53520
 14.87320 88.51940
 14.81050 88.47590
 14.83400 88.45280
 14.85310 88.42990
 14.82830 88.37170
 14.81120 88.35400
 14.72560 88.33750
 14.64690 88.33110
 14.61800 88.32330
 14.57390 88.30210
 14.52390 88.32470
 14.47860 88.38760
 14.46100 88.46850
 14.43100 88.48070
 14.39280 88.47580
 14.20870 88.31880
 14.11150 88.31150
 14.07400 88.32760
 14.04140 88.37060
 14.02360 88.39890
 14.01440 88.42500
 14.00500 88.45080
 13.99190 88.47000
 13.97030 88.49500
 13.98240 88.50670
 14.01480 88.63000
 14.01410 88.66150
 14.04420 88.70570
 14.09240 88.71930
 14.11560 88.73420
 14.13440 88.75220
 14.13350 88.77240
 14.09620 88.80630
 14.10010 88.82760
 14.11420 88.83110
821 37 14.21698 14.72764 88.69452 89.35049 'Ocotepeque (Honduras)'
 14.40410 89.31560
 14.41050 89.33220
 14.43200 89.34830
 14.47150 89.35050
 14.58240 89.23580
 14.58500 89.19720
 14.68470 89.13780
 14.71510 89.13110
 14.72440 89.06140
 14.72760 89.01190
 14.62920 88.93390
 14.55040 88.88970
 14.52290 88.87550
 14.51360 88.83890
 14.53530 88.78540
 14.54760 88.76220
 14.54500 88.72390
 14.54030 88.70430
 14.52300 88.69450
 14.48810 88.70210
 14.42360 88.75470
 14.39750 88.78170
 14.38580 88.81250
 14.39680 88.84970
 14.30810 88.94200
 14.23890 88.94930
 14.21890 88.95580
 14.21700 88.95950
 14.22190 88.96060
 14.25390 88.97780
 14.32760 89.02470
 14.33470 89.03720
 14.32440 89.11970
 14.35470 89.17450
 14.37580 89.21330
 14.40110 89.29780
 14.40410 89.31560
831 53 12.98517 13.75174 86.69605 87.51181 'Choluteca (Honduras)'
 13.26080 86.74530
 13.28370 86.77570
 13.29840 86.81750
 13.28330 86.86000
 13.24860 86.90260
 13.19500 86.91810
 13.16330 86.91330
 13.08280 86.92470
 13.03670 86.95570
 12.98820 87.02280
 12.98520 87.04880
 12.99860 87.09310
 12.98660 87.30140
 13.02940 87.31560
 13.08970 87.34140
 13.10920 87.36060
 13.19500 87.44250
 13.27730 87.51180
 13.29810 87.50060
 13.34990 87.44430
 13.37380 87.38000
 13.37860 87.36560
 13.39190 87.34390
 13.41670 87.32600
 13.44760 87.32780
 13.49390 87.34280
 13.53250 87.35890
 13.59030 87.39780
 13.65120 87.43690
 13.67910 87.44200
 13.69390 87.44030
 13.73830 87.42440
 13.75170 87.38190
 13.71120 87.37930
 13.67930 87.33950
 13.67750 87.28360
 13.65890 87.19920
 13.65000 87.20080
 13.59840 87.20010
 13.54890 87.15950
 13.49990 87.05190
 13.52600 87.00210
 13.58310 86.95220
 13.64250 86.91470
 13.68000 86.83080
 13.71070 86.76420
 13.56780 86.75080
 13.46550 86.72710
 13.43420 86.71080
 13.35390 86.69610
 13.29880 86.69610
 13.26360 86.73580
 13.26080 86.74530
832 64 13.49986 14.39222 85.54396 87.20084 'El Paraiso (Honduras)'
 14.39220 86.68560
 14.38070 86.67600
 14.36500 86.63750
 14.35330 86.57020
 14.36510 86.53630
 14.38420 86.50330
 14.38610 86.48280
 14.36470 86.41450
 14.34870 86.39650
 14.31690 86.36540
 14.34670 86.22640
 14.19640 86.11280
 14.18560 86.06140
 14.18110 86.02150
 14.18750 85.99500
 14.16720 85.91030
 14.08510 85.57960
 14.05740 85.54830
 14.04570 85.54400
 14.04350 85.55770
 13.96260 85.72890
 13.88510 85.74830
 13.86450 85.72470
 13.83310 85.72870
 13.82860 85.73640
 13.83650 85.79430
 13.85940 85.82890
 13.95890 85.96830
 13.98030 85.99610
 14.00530 86.02030
 14.05520 86.00860
 14.05600 86.07010
 14.03070 86.11970
 13.99520 86.13240
 13.76350 86.32560
 13.74920 86.40110
 13.76420 86.47000
 13.77920 86.56640
 13.77470 86.71080
 13.75400 86.75860
 13.71070 86.76420
 13.68000 86.83080
 13.64250 86.91470
 13.58310 86.95220
 13.52600 87.00210
 13.49990 87.05190
 13.54890 87.15950
 13.59840 87.20010
 13.65000 87.20080
 13.65890 87.19920
 13.65650 87.11530
 13.77830 86.99460
 13.96980 86.90180
 14.02220 86.92250
 14.03870 86.93920
 14.05610 86.94990
 14.19170 86.87250
 14.28280 86.81720
 14.30270 86.79840
 14.31780 86.76820
 14.32460 86.74560
 14.34340 86.71830
 14.37030 86.69890
 14.39220 86.68560
