3878 39 -53.19944 -52.96514 -73.77388 -73.23471 'Heard Island (Heard I. & McDonald Is.)'
 -53.12500 -73.77390
 -53.12690 -73.74670
 -53.13200 -73.71970
 -53.14080 -73.68860
 -53.14890 -73.66780
 -53.15780 -73.64780
 -53.16420 -73.63580
 -53.17260 -73.62170
 -53.19190 -73.56750
 -53.19580 -73.55060
 -53.19830 -73.53170
 -53.19940 -73.51000
 -53.19420 -73.47440
 -53.18920 -73.46050
 -53.16610 -73.43030
 -53.13830 -73.39670
 -53.07810 -73.35720
 -53.02670 -73.28810
 -53.01920 -73.25560
 -53.00670 -73.24250
 -52.99250 -73.23470
 -52.96510 -73.30350
 -53.00750 -73.35450
 -53.01920 -73.37250
 -53.02970 -73.43420
 -53.03030 -73.44440
 -53.02560 -73.46580
 -53.01560 -73.48320
 -53.01220 -73.52710
 -53.02440 -73.57890
 -53.04640 -73.63280
 -53.05810 -73.64720
 -53.06750 -73.65470
 -53.07610 -73.66330
 -53.08810 -73.67780
 -53.10500 -73.70640
 -53.11080 -73.71940
 -53.12080 -73.74720
 -53.12500 -73.77390
