0 171 -28.6146 -24.9983 -17.4986 -14.801 'Luderitz (Namibia)'
 -27.88970 -17.49860
 -27.90632 -17.48416
 -27.97805 -17.44945
 -28.01292 -17.44583
 -28.03125 -17.43472
 -28.06528 -17.28277
 -28.07000 -17.23389
 -28.08132 -17.16924
 -28.10226 -17.17165
 -28.09750 -17.15414
 -28.08708 -17.13430
 -28.06542 -17.12042
 -28.04584 -17.10791
 -28.03035 -17.07576
 -28.06750 -16.91187
 -28.09236 -16.88695
 -28.23778 -16.82250
 -28.36278 -16.80160
 -28.44167 -16.77666
 -28.49903 -16.71951
 -28.49035 -16.70062
 -28.46431 -16.67712
 -28.49611 -16.62500
 -28.57818 -16.48959
 -28.61462 -16.45163
 -28.59112 -16.39333
 -28.56278 -16.35445
 -28.39917 -16.17195
 -28.38389 -16.15805
 -28.33750 -16.11722
 -28.26639 -16.04972
 -28.24167 -16.02319
 -28.22917 -15.99750
 -28.21500 -15.97333
 -28.16278 -15.89861
 -28.03417 -15.75639
 -28.01111 -15.73611
 -27.95611 -15.68972
 -27.92917 -15.67653
 -27.90910 -15.68271
 -27.87347 -15.67139
 -27.84389 -15.64695
 -27.79750 -15.60555
 -27.76723 -15.57027
 -27.75445 -15.55250
 -27.73042 -15.53105
 -27.68181 -15.52195
 -27.66146 -15.53111
 -27.62695 -15.51916
 -27.45500 -15.39916
 -27.40722 -15.36055
 -27.32250 -15.29416
 -27.30223 -15.28722
 -27.21473 -15.26437
 -27.16223 -15.27000
 -26.96945 -15.23528
 -26.93667 -15.21861
 -26.92334 -15.20222
 -26.91834 -15.17916
 -26.90278 -15.15777
 -26.78389 -15.11250
 -26.73528 -15.09500
 -26.69687 -15.08403
 -26.65000 -15.07972
 -26.63417 -15.09403
 -26.63170 -15.13174
 -26.67465 -15.13680
 -26.62334 -15.16666
 -26.60166 -15.17180
 -26.47862 -15.13111
 -26.44709 -15.11736
 -26.40316 -15.08809
 -26.37500 -15.04750
 -26.36486 -15.02319
 -26.35362 -14.99195
 -26.34015 -14.96986
 -26.30805 -14.95916
 -26.13736 -14.94736
 -26.13021 -14.97430
 -26.08889 -14.98166
 -26.06347 -14.98084
 -26.01416 -14.96945
 -25.98778 -14.95750
 -25.96306 -14.93555
 -25.93681 -14.91527
 -25.76195 -14.83777
 -25.74195 -14.83430
 -25.63361 -14.84916
 -25.59028 -14.86472
 -25.56729 -14.88090
 -25.41861 -14.84097
 -25.40139 -14.83000
 -25.37917 -14.81708
 -25.28042 -14.80097
 -25.25334 -14.81166
 -25.18750 -14.83416
 -25.08723 -14.85777
 -25.05889 -14.85666
 -25.01139 -14.83889
 -24.99944 -14.83207
 -24.99973 -15.63334
 -24.99917 -15.73389
 -24.99834 -15.75639
 -25.08555 -15.78334
 -25.20389 -15.80222
 -25.24667 -15.80834
 -25.52611 -15.85334
 -25.60362 -15.86666
 -25.58015 -15.94847
 -25.61223 -15.98528
 -25.86862 -16.19111
 -25.82889 -16.26500
 -25.87528 -16.34527
 -25.85389 -16.34139
 -25.65917 -16.29945
 -25.58334 -16.28334
 -25.56042 -16.37695
 -25.58889 -16.41555
 -25.60167 -16.39722
 -25.66028 -16.41638
 -25.71778 -16.42111
 -25.92000 -16.46722
 -25.99770 -16.49934
 -25.99584 -16.52527
 -26.10806 -16.60833
 -26.10834 -16.55000
 -26.10945 -16.51777
 -26.14111 -16.51945
 -26.16445 -16.52611
 -26.24334 -16.55194
 -26.21167 -16.63945
 -26.27945 -16.67416
 -26.33917 -16.66083
 -26.50445 -16.60555
 -26.53611 -16.66125
 -26.60111 -16.67139
 -26.60861 -16.64666
 -26.62111 -16.61084
 -26.67889 -16.59445
 -26.74778 -16.69250
 -27.01473 -16.79555
 -26.99334 -16.60027
 -27.03639 -16.52389
 -27.09528 -16.53527
 -27.08250 -16.60805
 -27.07223 -16.66027
 -27.12639 -16.72916
 -27.06445 -16.81195
 -27.02528 -16.86584
 -27.07347 -16.87389
 -27.14834 -16.88750
 -27.17465 -16.98514
 -27.22389 -16.99222
 -27.23306 -16.96695
 -27.28515 -16.84972
 -27.39778 -16.88500
 -27.56055 -17.00555
 -27.57334 -16.90472
 -27.62750 -16.91666
 -27.69584 -16.93305
 -27.74445 -16.98861
 -27.65139 -17.11333
 -27.61292 -17.18764
 -27.55055 -17.19361
 -27.57805 -17.27861
 -27.62473 -17.35083
 -27.69750 -17.28972
 -27.89639 -17.29250
 -27.97334 -17.29445
 -27.88834 -17.49834
 -27.88970 -17.49860
1 97 -25.8753 -23.8514 -17.3348 -15.6415 'Maltahohe (Namibia)'
 -24.88306 -17.31082
 -24.89195 -17.26472
 -24.91250 -17.23000
 -24.93195 -17.20000
 -24.97000 -17.18889
 -25.17639 -17.19945
 -25.22973 -17.21334
 -25.33834 -17.29666
 -25.40653 -17.30583
 -25.45611 -17.27195
 -25.50389 -17.28833
 -25.57908 -17.33478
 -25.75820 -17.33472
 -25.75445 -17.32750
 -25.68667 -17.15361
 -25.70334 -17.07083
 -25.72973 -17.00445
 -25.73778 -16.96805
 -25.68834 -16.96805
 -25.65028 -16.89638
 -25.62278 -16.80416
 -25.60084 -16.70945
 -25.58805 -16.62028
 -25.58236 -16.57097
 -25.51077 -16.53056
 -25.53361 -16.51277
 -25.63486 -16.46000
 -25.66028 -16.41638
 -25.60167 -16.39722
 -25.58889 -16.41555
 -25.56042 -16.37695
 -25.58334 -16.28334
 -25.65917 -16.29945
 -25.85389 -16.34139
 -25.87528 -16.34527
 -25.82889 -16.26500
 -25.86862 -16.19111
 -25.61223 -15.98528
 -25.58015 -15.94847
 -25.60362 -15.86666
 -25.52611 -15.85334
 -25.24667 -15.80834
 -25.20389 -15.80222
 -25.08555 -15.78334
 -24.99834 -15.75639
 -24.61320 -15.64153
 -24.53917 -15.65416
 -24.49834 -15.66222
 -24.44723 -15.67222
 -24.40639 -15.67945
 -24.17834 -15.70334
 -23.96167 -15.72695
 -23.95103 -15.72915
 -23.96305 -15.80063
 -23.97167 -15.92639
 -23.92528 -15.94527
 -23.92223 -16.02750
 -23.89084 -16.13777
 -23.85139 -16.26945
 -23.90334 -16.23750
 -23.94278 -16.21222
 -23.96015 -16.18930
 -24.01584 -16.27584
 -24.02486 -16.32036
 -23.98084 -16.39222
 -24.03666 -16.39166
 -24.08000 -16.33305
 -24.18028 -16.36722
 -24.18973 -16.30389
 -24.28778 -16.32277
 -24.29389 -16.35722
 -24.30778 -16.47083
 -24.22799 -16.48542
 -24.20417 -16.55500
 -24.22639 -16.60861
 -24.26611 -16.70084
 -24.23334 -16.71945
 -24.28139 -16.79389
 -24.36584 -16.81250
 -24.36361 -16.83583
 -24.35112 -16.89361
 -24.29389 -16.89611
 -24.26084 -16.85555
 -24.22084 -16.86861
 -24.19806 -16.87695
 -24.19778 -16.94361
 -24.21361 -17.02695
 -24.24613 -17.12595
 -24.35570 -17.17195
 -24.44305 -17.12305
 -24.46389 -17.15139
 -24.50584 -17.21972
 -24.66209 -17.28680
 -24.72028 -17.25889
 -24.76278 -17.28166
 -24.84889 -17.30583
 -24.88306 -17.31082
2 97 -27.9733 -25.5108 -17.7872 -16.4164 'Bethanien (Namibia)'
 -27.88970 -17.49860
 -27.88834 -17.49834
 -27.97334 -17.29445
 -27.89639 -17.29250
 -27.69750 -17.28972
 -27.62473 -17.35083
 -27.57805 -17.27861
 -27.55055 -17.19361
 -27.61292 -17.18764
 -27.65139 -17.11333
 -27.74445 -16.98861
 -27.69584 -16.93305
 -27.62750 -16.91666
 -27.57334 -16.90472
 -27.56055 -17.00555
 -27.39778 -16.88500
 -27.28515 -16.84972
 -27.23306 -16.96695
 -27.22389 -16.99222
 -27.17465 -16.98514
 -27.14834 -16.88750
 -27.07347 -16.87389
 -27.02528 -16.86584
 -27.06445 -16.81195
 -27.12639 -16.72916
 -27.07223 -16.66027
 -27.08250 -16.60805
 -27.09528 -16.53527
 -27.03639 -16.52389
 -26.99334 -16.60027
 -27.01473 -16.79555
 -26.74778 -16.69250
 -26.67889 -16.59445
 -26.62111 -16.61084
 -26.60861 -16.64666
 -26.60111 -16.67139
 -26.53611 -16.66125
 -26.50445 -16.60555
 -26.33917 -16.66083
 -26.27945 -16.67416
 -26.21167 -16.63945
 -26.24334 -16.55194
 -26.16445 -16.52611
 -26.14111 -16.51945
 -26.10945 -16.51777
 -26.10834 -16.55000
 -26.10806 -16.60833
 -25.99584 -16.52527
 -25.99770 -16.49934
 -25.92000 -16.46722
 -25.71778 -16.42111
 -25.66028 -16.41638
 -25.63486 -16.46000
 -25.53361 -16.51277
 -25.51077 -16.53056
 -25.58236 -16.57097
 -25.58805 -16.62028
 -25.60084 -16.70945
 -25.62278 -16.80416
 -25.65028 -16.89638
 -25.68834 -16.96805
 -25.73778 -16.96805
 -25.72973 -17.00445
 -25.70334 -17.07083
 -25.68667 -17.15361
 -25.75445 -17.32750
 -25.75820 -17.33472
 -26.07722 -17.32805
 -26.20687 -17.22681
 -26.30712 -17.26687
 -26.40236 -17.37853
 -26.50726 -17.38285
 -26.56429 -17.25008
 -26.60912 -17.26524
 -26.62420 -17.04568
 -26.72268 -17.04987
 -26.75750 -17.20583
 -26.74541 -17.34181
 -26.70611 -17.62250
 -26.70084 -17.78722
 -26.78000 -17.72722
 -26.78555 -17.69000
 -26.81945 -17.66055
 -26.89139 -17.68777
 -26.98028 -17.68889
 -27.04361 -17.68389
 -27.08299 -17.67076
 -27.13250 -17.66389
 -27.33445 -17.66361
 -27.42805 -17.66695
 -27.46765 -17.66544
 -27.45820 -17.63562
 -27.53361 -17.53000
 -27.74055 -17.54611
 -27.77625 -17.55305
 -27.81416 -17.54305
 -27.88970 -17.49860
3 121 -28.9619 -27.1311 -19.9988 -17.1692 'Karasburg (Namibia)'
 -27.88970 -17.49860
 -27.81416 -17.54305
 -27.77625 -17.55305
 -27.74055 -17.54611
 -27.53361 -17.53000
 -27.45820 -17.63562
 -27.46765 -17.66544
 -27.44389 -17.75666
 -27.46584 -17.76750
 -27.52750 -17.80611
 -27.56889 -17.86278
 -27.60834 -17.95138
 -27.58278 -18.00055
 -27.62666 -18.06000
 -27.66389 -18.11222
 -27.63834 -18.12416
 -27.54667 -18.12945
 -27.51195 -18.13722
 -27.51445 -18.26166
 -27.51723 -18.37028
 -27.57472 -18.36805
 -27.57195 -18.39916
 -27.55334 -18.55055
 -27.48834 -18.57430
 -27.45611 -18.58666
 -27.31195 -18.68027
 -27.26667 -18.74222
 -27.28195 -18.80555
 -27.24362 -18.82584
 -27.17334 -18.84861
 -27.13750 -18.86111
 -27.13111 -18.98500
 -27.22195 -18.95222
 -27.29862 -19.14695
 -27.32445 -19.36472
 -27.27445 -19.38333
 -27.15500 -19.39666
 -27.18223 -19.45445
 -27.29084 -19.58277
 -27.35917 -19.71264
 -27.35806 -19.79666
 -27.38611 -19.81583
 -27.43015 -19.84847
 -27.43361 -19.87861
 -27.40611 -19.88722
 -27.36611 -19.90111
 -27.36862 -19.99389
 -27.36950 -19.99876
 -27.48584 -19.99834
 -27.58223 -19.99805
 -27.87195 -19.99777
 -28.06500 -19.99834
 -28.35473 -19.99805
 -28.41559 -19.99695
 -28.49250 -19.81222
 -28.49556 -19.78972
 -28.48555 -19.74361
 -28.52833 -19.56745
 -28.59500 -19.51334
 -28.63305 -19.49389
 -28.66903 -19.49069
 -28.69972 -19.46639
 -28.71084 -19.44777
 -28.71889 -19.41833
 -28.73584 -19.34903
 -28.72750 -19.32250
 -28.72542 -19.30138
 -28.73125 -19.27722
 -28.74486 -19.26125
 -28.80243 -19.23979
 -28.83167 -19.24805
 -28.85542 -19.26000
 -28.89945 -19.25389
 -28.93723 -19.18389
 -28.95500 -19.14583
 -28.96187 -19.10833
 -28.92792 -19.00250
 -28.90500 -18.98569
 -28.87764 -18.97042
 -28.86639 -18.95153
 -28.83653 -18.71916
 -28.88445 -18.33834
 -28.90847 -18.18132
 -28.86813 -18.04445
 -28.84986 -18.02611
 -28.82695 -18.00139
 -28.80410 -17.96993
 -28.77916 -17.91250
 -28.74639 -17.74972
 -28.75667 -17.71083
 -28.76986 -17.67930
 -28.77396 -17.64340
 -28.75313 -17.60527
 -28.72069 -17.60222
 -28.68955 -17.58975
 -28.69473 -17.49777
 -28.70278 -17.46111
 -28.71528 -17.42201
 -28.70840 -17.40090
 -28.53500 -17.36138
 -28.42424 -17.38542
 -28.40223 -17.39611
 -28.36319 -17.39958
 -28.34223 -17.39805
 -28.23305 -17.34312
 -28.22104 -17.30957
 -28.23826 -17.27882
 -28.24207 -17.21881
 -28.22361 -17.19861
 -28.20050 -17.18437
 -28.17165 -17.18833
 -28.11411 -17.18902
 -28.10226 -17.17165
 -28.08132 -17.16924
 -28.07000 -17.23389
 -28.06528 -17.28277
 -28.03125 -17.43472
 -28.01292 -17.44583
 -27.97805 -17.44945
 -27.90632 -17.48416
 -27.88970 -17.49860
4 90 -27.6639 -25.4781 -20.0004 -17.6606 'Keetmanshoop (Namibia)'
 -26.70084 -17.78722
 -26.61409 -17.82925
 -26.51929 -17.88486
 -26.49303 -17.93934
 -26.40329 -17.91858
 -26.33433 -17.96032
 -26.24444 -17.95390
 -26.24549 -18.06144
 -26.34129 -18.11816
 -26.32737 -18.22304
 -26.33927 -18.31645
 -26.31737 -18.36384
 -26.33061 -18.53612
 -26.13242 -18.64957
 -26.07037 -18.64366
 -26.03867 -18.60246
 -26.00051 -18.56353
 -25.53639 -18.56916
 -25.54611 -18.94139
 -25.56722 -19.07750
 -25.51750 -19.18528
 -25.47806 -19.22333
 -25.63695 -19.33889
 -25.59778 -19.39111
 -25.59195 -19.44250
 -25.60195 -19.54944
 -25.63583 -19.57278
 -25.64389 -19.64194
 -25.64278 -19.69889
 -25.68084 -19.74722
 -25.60556 -19.91750
 -25.63611 -19.92889
 -25.61649 -20.00044
 -25.87084 -20.00000
 -26.40917 -20.00000
 -27.03028 -19.99945
 -27.32028 -19.99916
 -27.36950 -19.99876
 -27.36862 -19.99389
 -27.36611 -19.90111
 -27.40611 -19.88722
 -27.43361 -19.87861
 -27.43015 -19.84847
 -27.38611 -19.81583
 -27.35806 -19.79666
 -27.35917 -19.71264
 -27.29084 -19.58277
 -27.18223 -19.45445
 -27.15500 -19.39666
 -27.27445 -19.38333
 -27.32445 -19.36472
 -27.29862 -19.14695
 -27.22195 -18.95222
 -27.13111 -18.98500
 -27.13750 -18.86111
 -27.17334 -18.84861
 -27.24362 -18.82584
 -27.28195 -18.80555
 -27.26667 -18.74222
 -27.31195 -18.68027
 -27.45611 -18.58666
 -27.48834 -18.57430
 -27.55334 -18.55055
 -27.57195 -18.39916
 -27.57472 -18.36805
 -27.51723 -18.37028
 -27.51445 -18.26166
 -27.51195 -18.13722
 -27.54667 -18.12945
 -27.63834 -18.12416
 -27.66389 -18.11222
 -27.62666 -18.06000
 -27.58278 -18.00055
 -27.60834 -17.95138
 -27.56889 -17.86278
 -27.52750 -17.80611
 -27.46584 -17.76750
 -27.44389 -17.75666
 -27.46765 -17.66544
 -27.42805 -17.66695
 -27.33445 -17.66361
 -27.13250 -17.66389
 -27.08299 -17.67076
 -27.04361 -17.68389
 -26.98028 -17.68889
 -26.89139 -17.68777
 -26.81945 -17.66055
 -26.78555 -17.69000
 -26.78000 -17.72722
 -26.70084 -17.78722
5 103 -25.6808 -23.4511 -20.0022 -17.1231 'Mariental (Namibia)'
 -24.88306 -17.31082
 -24.84889 -17.30583
 -24.76278 -17.28166
 -24.72028 -17.25889
 -24.66209 -17.28680
 -24.50584 -17.21972
 -24.46389 -17.15139
 -24.44305 -17.12305
 -24.35570 -17.17195
 -24.24613 -17.12595
 -24.20458 -17.17153
 -24.18917 -17.21027
 -24.12917 -17.26361
 -24.10723 -17.28195
 -24.06167 -17.29472
 -24.06722 -17.31916
 -24.10729 -17.54326
 -23.96723 -17.74361
 -23.91139 -17.73750
 -23.83195 -17.66695
 -23.83028 -17.62916
 -23.82695 -17.57250
 -23.82334 -17.52722
 -23.68042 -17.43903
 -23.61033 -17.45025
 -23.60584 -17.48750
 -23.60945 -17.64666
 -23.57472 -17.64861
 -23.57361 -17.71277
 -23.57278 -17.80416
 -23.57306 -17.86138
 -23.58889 -17.92195
 -23.65250 -17.97500
 -23.64028 -18.07750
 -23.60139 -18.15834
 -23.54278 -18.22445
 -23.45112 -18.41445
 -23.49416 -18.43916
 -23.50370 -18.44362
 -23.51445 -18.43889
 -23.68902 -18.53894
 -23.64945 -18.58083
 -23.73320 -18.67319
 -23.75125 -18.77639
 -23.67750 -18.97305
 -23.67834 -19.00166
 -23.68139 -19.04695
 -23.71695 -19.02500
 -23.72084 -19.15528
 -23.66917 -19.19861
 -23.65000 -19.21361
 -23.65644 -19.27000
 -23.68639 -19.27055
 -23.86833 -19.28383
 -23.86945 -19.35222
 -23.86611 -19.88138
 -23.86555 -19.95695
 -23.86441 -20.00054
 -23.95084 -20.00000
 -24.28222 -20.00055
 -24.40639 -20.00111
 -24.57223 -20.00195
 -24.72416 -20.00222
 -24.76555 -20.00166
 -24.76541 -20.00095
 -24.79361 -20.00166
 -24.86278 -20.00166
 -25.08362 -20.00139
 -25.22167 -20.00055
 -25.41500 -20.00027
 -25.61649 -20.00044
 -25.63611 -19.92889
 -25.60556 -19.91750
 -25.68084 -19.74722
 -25.64278 -19.69889
 -25.64389 -19.64194
 -25.63583 -19.57278
 -25.60195 -19.54944
 -25.59195 -19.44250
 -25.59778 -19.39111
 -25.63695 -19.33889
 -25.47806 -19.22333
 -25.51750 -19.18528
 -25.56722 -19.07750
 -25.54611 -18.94139
 -25.53639 -18.56916
 -25.44778 -18.56444
 -25.44111 -18.47611
 -25.45000 -18.43444
 -25.34865 -18.42972
 -25.31967 -18.33122
 -25.26847 -18.31117
 -25.13576 -18.30396
 -25.11281 -18.24380
 -24.97141 -18.24838
 -24.96058 -18.04985
 -24.94588 -17.81063
 -24.88050 -17.71147
 -24.86184 -17.65139
 -24.87349 -17.55841
 -24.89746 -17.51823
 -24.88748 -17.44636
 -24.88306 -17.31082
6 60 -26.7575 -24.8618 -18.6496 -17.0457 'Namaland (Namibia)'
 -25.53639 -18.56916
 -26.00051 -18.56353
 -26.03867 -18.60246
 -26.07037 -18.64366
 -26.13242 -18.64957
 -26.33061 -18.53612
 -26.31737 -18.36384
 -26.33927 -18.31645
 -26.32737 -18.22304
 -26.34129 -18.11816
 -26.24549 -18.06144
 -26.24444 -17.95390
 -26.33433 -17.96032
 -26.40329 -17.91858
 -26.49303 -17.93934
 -26.51929 -17.88486
 -26.61409 -17.82925
 -26.70084 -17.78722
 -26.70611 -17.62250
 -26.74541 -17.34181
 -26.75750 -17.20583
 -26.72268 -17.04987
 -26.62420 -17.04568
 -26.60912 -17.26524
 -26.56429 -17.25008
 -26.50726 -17.38285
 -26.40236 -17.37853
 -26.30712 -17.26687
 -26.20687 -17.22681
 -26.07722 -17.32805
 -25.75820 -17.33472
 -25.57908 -17.33478
 -25.50389 -17.28833
 -25.45611 -17.27195
 -25.40653 -17.30583
 -25.33834 -17.29666
 -25.22973 -17.21334
 -25.17639 -17.19945
 -24.97000 -17.18889
 -24.93195 -17.20000
 -24.91250 -17.23000
 -24.89195 -17.26472
 -24.88306 -17.31082
 -24.88748 -17.44636
 -24.89746 -17.51823
 -24.87349 -17.55841
 -24.86184 -17.65139
 -24.88050 -17.71147
 -24.94588 -17.81063
 -24.96058 -18.04985
 -24.97141 -18.24838
 -25.11281 -18.24380
 -25.13576 -18.30396
 -25.26847 -18.31117
 -25.31967 -18.33122
 -25.34865 -18.42972
 -25.45000 -18.43444
 -25.44111 -18.47611
 -25.44778 -18.56444
 -25.53639 -18.56916
7 99 -24.3658 -22.8375 -17.7436 -16.2669 'Rehoboth (Namibia)'
 -24.02486 -16.32036
 -24.00000 -16.31031
 -23.93028 -16.28388
 -23.86805 -16.35055
 -23.88055 -16.38972
 -23.88084 -16.49514
 -23.85500 -16.50805
 -23.81778 -16.49153
 -23.78972 -16.39000
 -23.80639 -16.37500
 -23.79473 -16.32195
 -23.78250 -16.26695
 -23.70361 -16.28805
 -23.59750 -16.34695
 -23.62389 -16.37375
 -23.65778 -16.37555
 -23.68916 -16.37611
 -23.68889 -16.46555
 -23.65473 -16.50416
 -23.58223 -16.58361
 -23.52528 -16.57139
 -23.50667 -16.53500
 -23.48167 -16.48195
 -23.22195 -16.62389
 -23.27639 -16.65861
 -23.26278 -16.71416
 -23.22973 -16.84445
 -23.16334 -16.75222
 -23.05612 -16.74000
 -23.02473 -16.76500
 -22.98723 -16.79500
 -23.00916 -16.81777
 -22.98000 -16.90166
 -22.94695 -16.99805
 -22.92973 -17.05903
 -23.03889 -17.07000
 -23.04903 -17.12333
 -23.00931 -17.14125
 -22.97278 -17.13111
 -22.93973 -17.12055
 -22.84139 -17.10055
 -22.83750 -17.25195
 -22.89528 -17.31139
 -22.93611 -17.42361
 -22.89389 -17.49764
 -22.85000 -17.50445
 -22.84973 -17.56277
 -22.91889 -17.61805
 -22.95055 -17.58416
 -23.01362 -17.58777
 -23.06861 -17.62639
 -23.18084 -17.61055
 -23.22361 -17.57555
 -23.23612 -17.50972
 -23.32805 -17.43166
 -23.41750 -17.38722
 -23.49778 -17.40222
 -23.51000 -17.44139
 -23.57389 -17.44777
 -23.61033 -17.45025
 -23.68042 -17.43903
 -23.82334 -17.52722
 -23.82695 -17.57250
 -23.83028 -17.62916
 -23.83195 -17.66695
 -23.91139 -17.73750
 -23.96723 -17.74361
 -24.10729 -17.54326
 -24.06722 -17.31916
 -24.06167 -17.29472
 -24.10723 -17.28195
 -24.12917 -17.26361
 -24.18917 -17.21027
 -24.20458 -17.17153
 -24.24613 -17.12595
 -24.21361 -17.02695
 -24.19778 -16.94361
 -24.19806 -16.87695
 -24.22084 -16.86861
 -24.26084 -16.85555
 -24.29389 -16.89611
 -24.35112 -16.89361
 -24.36361 -16.83583
 -24.36584 -16.81250
 -24.28139 -16.79389
 -24.23334 -16.71945
 -24.26611 -16.70084
 -24.22639 -16.60861
 -24.20417 -16.55500
 -24.22799 -16.48542
 -24.30778 -16.47083
 -24.29389 -16.35722
 -24.28778 -16.32277
 -24.18973 -16.30389
 -24.18028 -16.36722
 -24.08000 -16.33305
 -24.03666 -16.39166
 -23.98084 -16.39222
 -24.02486 -16.32036
8 183 -24.0249 -21.7053 -18.5122 -15.7292 'Windhoek (Namibia)'
 -23.95103 -15.72915
 -23.94250 -15.72945
 -23.81361 -15.74250
 -23.81250 -15.77722
 -23.80889 -15.84278
 -23.74750 -15.85361
 -23.53334 -15.85334
 -23.51167 -15.80000
 -23.48806 -15.74611
 -23.45862 -15.75889
 -23.40945 -15.78139
 -23.39055 -15.79084
 -23.38250 -15.85334
 -23.31778 -15.84111
 -23.25278 -15.82834
 -23.24687 -15.82636
 -23.21500 -15.93139
 -23.18500 -15.90250
 -23.14612 -15.86695
 -23.00028 -15.88334
 -22.94528 -15.89000
 -22.87666 -15.89889
 -22.86112 -15.91695
 -22.84834 -15.95639
 -22.84347 -16.06180
 -22.69917 -16.06416
 -22.70028 -16.03889
 -22.70166 -16.00916
 -22.70125 -15.95375
 -22.58500 -16.07764
 -22.60139 -16.12972
 -22.61000 -16.15916
 -22.57389 -16.21778
 -22.54778 -16.22138
 -22.42569 -16.34555
 -22.38611 -16.40945
 -22.37385 -16.44710
 -22.34723 -16.54055
 -22.35945 -16.64416
 -22.35084 -16.75000
 -22.32945 -16.74611
 -22.30834 -16.74111
 -22.32028 -16.68250
 -22.29667 -16.67972
 -22.23028 -16.72277
 -22.22805 -16.75083
 -22.28778 -16.77139
 -22.30139 -16.83361
 -22.27055 -16.99945
 -22.19084 -17.10027
 -22.24639 -17.12861
 -22.19334 -17.25722
 -22.15139 -17.25666
 -22.13973 -17.31722
 -22.09417 -17.45639
 -22.04389 -17.47583
 -21.96972 -17.48861
 -21.83611 -17.60250
 -21.81361 -17.69166
 -21.84528 -17.72055
 -21.82597 -17.80583
 -21.81139 -17.83777
 -21.75667 -17.89861
 -21.72695 -17.97945
 -21.74722 -18.00555
 -21.70528 -18.11805
 -21.77389 -18.13111
 -21.82334 -18.06945
 -21.86000 -18.07195
 -21.88223 -18.12334
 -21.91084 -18.12778
 -21.96389 -18.13445
 -22.05666 -18.07195
 -22.11112 -17.97445
 -22.21584 -17.96069
 -22.30055 -18.00027
 -22.35292 -18.04930
 -22.34778 -18.10055
 -22.41555 -18.14361
 -22.46778 -18.12334
 -22.50139 -18.17083
 -22.46500 -18.21639
 -22.54916 -18.23722
 -22.81861 -18.29722
 -22.92528 -18.29639
 -22.95952 -18.30256
 -22.92500 -18.39944
 -22.98000 -18.39472
 -23.01319 -18.32055
 -23.05000 -18.33222
 -23.08416 -18.36945
 -23.09070 -18.42708
 -23.16750 -18.45805
 -23.17542 -18.36416
 -23.21945 -18.34361
 -23.24805 -18.38084
 -23.34611 -18.51222
 -23.39250 -18.49222
 -23.50370 -18.44362
 -23.49416 -18.43916
 -23.45112 -18.41445
 -23.54278 -18.22445
 -23.60139 -18.15834
 -23.64028 -18.07750
 -23.65250 -17.97500
 -23.58889 -17.92195
 -23.57306 -17.86138
 -23.57278 -17.80416
 -23.57361 -17.71277
 -23.57472 -17.64861
 -23.60945 -17.64666
 -23.60584 -17.48750
 -23.61033 -17.45025
 -23.57389 -17.44777
 -23.51000 -17.44139
 -23.49778 -17.40222
 -23.41750 -17.38722
 -23.32805 -17.43166
 -23.23612 -17.50972
 -23.22361 -17.57555
 -23.18084 -17.61055
 -23.06861 -17.62639
 -23.01362 -17.58777
 -22.95055 -17.58416
 -22.91889 -17.61805
 -22.84973 -17.56277
 -22.85000 -17.50445
 -22.89389 -17.49764
 -22.93611 -17.42361
 -22.89528 -17.31139
 -22.83750 -17.25195
 -22.84139 -17.10055
 -22.93973 -17.12055
 -22.97278 -17.13111
 -23.00931 -17.14125
 -23.04903 -17.12333
 -23.03889 -17.07000
 -22.92973 -17.05903
 -22.94695 -16.99805
 -22.98000 -16.90166
 -23.00916 -16.81777
 -22.98723 -16.79500
 -23.02473 -16.76500
 -23.05612 -16.74000
 -23.16334 -16.75222
 -23.22973 -16.84445
 -23.26278 -16.71416
 -23.27639 -16.65861
 -23.22195 -16.62389
 -23.48167 -16.48195
 -23.50667 -16.53500
 -23.52528 -16.57139
 -23.58223 -16.58361
 -23.65473 -16.50416
 -23.68889 -16.46555
 -23.68916 -16.37611
 -23.65778 -16.37555
 -23.62389 -16.37375
 -23.59750 -16.34695
 -23.70361 -16.28805
 -23.78250 -16.26695
 -23.79473 -16.32195
 -23.80639 -16.37500
 -23.78972 -16.39000
 -23.81778 -16.49153
 -23.85500 -16.50805
 -23.88084 -16.49514
 -23.88055 -16.38972
 -23.86805 -16.35055
 -23.93028 -16.28388
 -24.00000 -16.31031
 -24.02486 -16.32036
 -24.01584 -16.27584
 -23.96015 -16.18930
 -23.94278 -16.21222
 -23.90334 -16.23750
 -23.85139 -16.26945
 -23.89084 -16.13777
 -23.92223 -16.02750
 -23.92528 -15.94527
 -23.97167 -15.92639
 -23.96305 -15.80063
 -23.95103 -15.72915
9 116 -22.4792 -18.9969 -15.7228 -13.1453 'Damaraland (Namibia)'
 -20.69008 -15.59443
 -20.79278 -15.54555
 -20.81805 -15.63361
 -20.86723 -15.63389
 -20.91861 -15.62805
 -20.95195 -15.70000
 -21.00139 -15.72277
 -21.14375 -15.59208
 -21.17000 -15.50000
 -21.15973 -15.46542
 -21.29410 -15.41722
 -21.33805 -15.43014
 -21.37084 -15.47555
 -21.36473 -15.49916
 -21.36153 -15.53548
 -21.38292 -15.55916
 -21.47750 -15.56111
 -21.49778 -15.55611
 -21.58595 -15.52997
 -21.68166 -15.49805
 -21.71000 -15.50861
 -21.77639 -15.46389
 -21.85986 -15.40834
 -21.97695 -15.39584
 -22.03639 -15.37166
 -22.07695 -15.35361
 -22.06695 -15.31639
 -22.13916 -15.17278
 -22.16000 -15.15305
 -22.23514 -15.10777
 -22.12778 -15.00027
 -22.12500 -14.92083
 -22.30055 -15.04916
 -22.32334 -15.07445
 -22.37972 -15.03250
 -22.40334 -15.01361
 -22.47917 -14.91666
 -22.39750 -14.86334
 -22.23389 -14.75722
 -21.88305 -14.53055
 -21.34445 -14.18527
 -21.05861 -14.00334
 -21.02445 -13.98584
 -20.63473 -13.78777
 -20.56611 -13.75305
 -20.33695 -13.63778
 -20.09611 -13.51666
 -19.95417 -13.44500
 -19.67861 -13.30527
 -19.51778 -13.22333
 -19.46055 -13.19445
 -19.36862 -13.14834
 -19.36100 -13.14528
 -19.34848 -13.17942
 -19.30458 -13.26847
 -19.19806 -13.44611
 -19.11736 -13.54430
 -19.08903 -13.53764
 -19.06167 -13.54153
 -19.03834 -13.55500
 -19.01445 -13.57833
 -19.00264 -13.60153
 -18.99695 -13.62514
 -18.99750 -13.65319
 -19.00555 -13.68027
 -19.02660 -13.70472
 -19.06903 -13.72347
 -19.10806 -13.72764
 -19.26264 -13.83861
 -19.30805 -13.91195
 -19.32847 -13.96687
 -19.43417 -14.12166
 -19.46265 -14.19697
 -19.38916 -14.30834
 -19.37125 -14.32722
 -19.34639 -14.34000
 -19.29403 -14.36055
 -19.25805 -14.37750
 -19.23111 -14.39805
 -19.21347 -14.41639
 -19.19834 -14.43722
 -19.19262 -14.44649
 -19.20417 -14.45028
 -19.45347 -14.50208
 -19.47723 -14.49319
 -19.50382 -14.47743
 -19.61166 -14.51111
 -19.63070 -14.55778
 -19.64361 -14.58834
 -19.67305 -14.57639
 -19.73195 -14.55084
 -19.73666 -14.59805
 -19.74722 -14.63250
 -19.80695 -14.68334
 -19.94639 -14.75083
 -19.97805 -14.75777
 -20.00861 -14.76069
 -20.05181 -14.75875
 -20.06250 -14.79222
 -20.06361 -14.87000
 -20.06416 -14.93389
 -20.15639 -15.12972
 -20.19889 -15.13334
 -20.21417 -15.11139
 -20.28917 -15.09055
 -20.33362 -15.18305
 -20.36778 -15.19945
 -20.42361 -15.23305
 -20.42584 -15.29416
 -20.42639 -15.32930
 -20.49195 -15.45972
 -20.53361 -15.48972
 -20.56167 -15.57639
 -20.56250 -15.60083
 -20.60973 -15.59861
 -20.69008 -15.59443
10 123 -19.5391 -16.9542 -14.7139 -11.7164 'Kaokoland (Namibia)'
 -19.36100 -13.14528
 -19.37486 -13.11208
 -19.38236 -13.08847
 -19.38750 -13.05250
 -19.38831 -13.02619
 -19.38585 -13.00021
 -19.39917 -12.97361
 -19.48306 -12.85250
 -19.53909 -12.77334
 -19.41778 -12.70722
 -19.39917 -12.69861
 -19.36945 -12.68805
 -19.26167 -12.64000
 -19.15250 -12.58695
 -19.06778 -12.54222
 -18.92805 -12.46084
 -18.89917 -12.44166
 -18.86653 -12.41875
 -18.71723 -12.30666
 -18.70084 -12.29084
 -18.65055 -12.23084
 -18.63862 -12.21361
 -18.62695 -12.19666
 -18.61278 -12.17458
 -18.59305 -12.14611
 -18.57778 -12.12555
 -18.53555 -12.08305
 -18.47111 -12.02084
 -18.41334 -11.99792
 -18.37431 -11.99750
 -18.26584 -11.95305
 -18.24778 -11.94389
 -18.18055 -11.89236
 -18.13916 -11.84708
 -18.08626 -11.80722
 -17.98819 -11.76764
 -17.96181 -11.76111
 -17.83028 -11.74195
 -17.76195 -11.73250
 -17.56416 -11.71666
 -17.53917 -11.71639
 -17.48361 -11.71722
 -17.45723 -11.72055
 -17.37222 -11.73222
 -17.32973 -11.74777
 -17.30917 -11.74972
 -17.26501 -11.75374
 -17.25484 -11.75278
 -17.27028 -11.81166
 -17.22445 -11.88458
 -17.20584 -11.90222
 -17.18070 -11.93305
 -17.16417 -11.97611
 -17.14389 -12.04805
 -17.13653 -12.08777
 -17.19473 -12.20583
 -17.21528 -12.23805
 -17.22973 -12.29222
 -17.21278 -12.43416
 -17.24167 -12.47889
 -17.24334 -12.55722
 -17.22584 -12.60445
 -17.10708 -12.81792
 -17.07250 -12.85139
 -17.04014 -12.87979
 -17.01639 -12.92334
 -16.99111 -12.98584
 -16.97805 -13.01847
 -16.95417 -13.14916
 -16.95632 -13.17090
 -16.97361 -13.20889
 -16.98486 -13.26083
 -16.97805 -13.31778
 -16.97067 -13.34631
 -16.97091 -13.37604
 -17.01084 -13.47208
 -17.02556 -13.49430
 -17.08757 -13.52802
 -17.21889 -13.66069
 -17.24139 -13.69777
 -17.32361 -13.84139
 -17.40111 -13.92889
 -17.42395 -13.99322
 -17.60750 -14.08500
 -17.87750 -14.22250
 -18.50806 -14.54305
 -18.64615 -14.57545
 -18.75250 -14.60542
 -18.82000 -14.71389
 -18.91973 -14.53250
 -18.99250 -14.39750
 -19.05139 -14.41250
 -19.16028 -14.43916
 -19.19262 -14.44649
 -19.19834 -14.43722
 -19.21347 -14.41639
 -19.23111 -14.39805
 -19.25805 -14.37750
 -19.29403 -14.36055
 -19.34639 -14.34000
 -19.37125 -14.32722
 -19.38916 -14.30834
 -19.46265 -14.19697
 -19.43417 -14.12166
 -19.32847 -13.96687
 -19.30805 -13.91195
 -19.26264 -13.83861
 -19.10806 -13.72764
 -19.06903 -13.72347
 -19.02660 -13.70472
 -19.00555 -13.68027
 -18.99750 -13.65319
 -18.99695 -13.62514
 -19.00264 -13.60153
 -19.01445 -13.57833
 -19.03834 -13.55500
 -19.06167 -13.54153
 -19.08903 -13.53764
 -19.11736 -13.54430
 -19.19806 -13.44611
 -19.30458 -13.26847
 -19.34848 -13.17942
 -19.36100 -13.14528
11 79 -23.2469 -21.586 -16.4756 -14.9208 'Karibib (Namibia)'
 -23.24687 -15.82636
 -23.17250 -15.72611
 -23.16000 -15.67111
 -23.14361 -15.59805
 -23.00916 -15.61139
 -22.95750 -15.61611
 -22.87250 -15.62361
 -22.85222 -15.53611
 -22.84528 -15.50305
 -22.83500 -15.45861
 -22.74723 -15.40222
 -22.70459 -15.31117
 -22.68695 -15.28722
 -22.64167 -15.23722
 -22.57973 -15.22695
 -22.49445 -15.21361
 -22.40445 -15.20111
 -22.36805 -15.23805
 -22.33278 -15.21195
 -22.29639 -15.15805
 -22.30250 -15.12972
 -22.31055 -15.10027
 -22.32334 -15.07445
 -22.30055 -15.04916
 -22.12500 -14.92083
 -22.12778 -15.00027
 -22.23514 -15.10777
 -22.16000 -15.15305
 -22.13916 -15.17278
 -22.06695 -15.31639
 -22.07695 -15.35361
 -22.03639 -15.37166
 -21.97695 -15.39584
 -21.85986 -15.40834
 -21.77639 -15.46389
 -21.71000 -15.50861
 -21.68166 -15.49805
 -21.58595 -15.52997
 -21.59223 -15.55222
 -21.60000 -15.57555
 -21.66973 -15.55277
 -21.72473 -15.67916
 -21.73473 -15.78195
 -21.69473 -15.98584
 -21.68695 -16.16389
 -21.67334 -16.29166
 -21.72250 -16.35611
 -21.72805 -16.39361
 -21.85611 -16.44250
 -21.97445 -16.46055
 -22.02445 -16.46722
 -22.08111 -16.47416
 -22.14778 -16.47555
 -22.17334 -16.43139
 -22.19695 -16.38583
 -22.31521 -16.40924
 -22.37000 -16.44388
 -22.37385 -16.44710
 -22.38611 -16.40945
 -22.42569 -16.34555
 -22.54778 -16.22138
 -22.57389 -16.21778
 -22.61000 -16.15916
 -22.60139 -16.12972
 -22.58500 -16.07764
 -22.70125 -15.95375
 -22.70166 -16.00916
 -22.70028 -16.03889
 -22.69917 -16.06416
 -22.84347 -16.06180
 -22.84834 -15.95639
 -22.86112 -15.91695
 -22.87666 -15.89889
 -22.94528 -15.89000
 -23.00028 -15.88334
 -23.14612 -15.86695
 -23.18500 -15.90250
 -23.21500 -15.93139
 -23.24687 -15.82636
12 54 -21.7347 -20.6901 -16.6506 -15.4172 'Omaruru (Namibia)'
 -21.72805 -16.39361
 -21.72250 -16.35611
 -21.67334 -16.29166
 -21.68695 -16.16389
 -21.69473 -15.98584
 -21.73473 -15.78195
 -21.72473 -15.67916
 -21.66973 -15.55277
 -21.60000 -15.57555
 -21.59223 -15.55222
 -21.58595 -15.52997
 -21.49778 -15.55611
 -21.47750 -15.56111
 -21.38292 -15.55916
 -21.36153 -15.53548
 -21.36473 -15.49916
 -21.37084 -15.47555
 -21.33805 -15.43014
 -21.29410 -15.41722
 -21.15973 -15.46542
 -21.17000 -15.50000
 -21.14375 -15.59208
 -21.00139 -15.72277
 -20.95195 -15.70000
 -20.91861 -15.62805
 -20.86723 -15.63389
 -20.81805 -15.63361
 -20.79278 -15.54555
 -20.69008 -15.59443
 -20.71084 -15.66277
 -20.76250 -15.74027
 -20.83278 -15.82084
 -20.84555 -15.83639
 -20.85973 -15.86472
 -20.90778 -15.96527
 -21.01084 -16.09945
 -21.04417 -16.19695
 -21.04042 -16.27222
 -21.15945 -16.39944
 -21.16584 -16.46194
 -21.18000 -16.58305
 -21.21723 -16.61305
 -21.22923 -16.65056
 -21.33445 -16.62277
 -21.36555 -16.60277
 -21.39305 -16.56583
 -21.42028 -16.52750
 -21.43417 -16.51166
 -21.44778 -16.49666
 -21.52431 -16.43264
 -21.54612 -16.42903
 -21.58486 -16.42875
 -21.64639 -16.41750
 -21.72805 -16.39361
13 108 -21.3147 -19.955 -18.1136 -15.5944 'Otjiwarongo (Namibia)'
 -20.40250 -17.74945
 -20.41195 -17.65222
 -20.50000 -17.58916
 -20.53611 -17.47861
 -20.48278 -17.42166
 -20.49250 -17.39250
 -20.54611 -17.38166
 -20.58195 -17.44277
 -20.62528 -17.45445
 -20.68278 -17.47138
 -20.80584 -17.62445
 -20.84278 -17.73111
 -20.86056 -17.82889
 -20.89000 -17.99195
 -20.89723 -18.03555
 -20.92945 -18.08805
 -20.94611 -18.11361
 -20.96612 -18.10695
 -21.04055 -18.06027
 -21.04000 -18.03500
 -21.01639 -17.96472
 -21.05834 -17.96555
 -21.10611 -17.96069
 -21.11055 -17.88361
 -21.14917 -17.74000
 -21.18278 -17.64500
 -21.16139 -17.59222
 -21.16723 -17.46889
 -21.19834 -17.46611
 -21.23834 -17.46416
 -21.24028 -17.50861
 -21.24084 -17.54750
 -21.27166 -17.54389
 -21.28528 -17.52611
 -21.31473 -17.44722
 -21.29695 -17.22722
 -21.27473 -17.22777
 -21.24514 -17.14639
 -21.24729 -17.09813
 -21.27805 -17.08889
 -21.30750 -17.05945
 -21.31195 -16.97027
 -21.25195 -16.81416
 -21.22305 -16.81666
 -21.20500 -16.75000
 -21.19861 -16.67250
 -21.22923 -16.65056
 -21.21723 -16.61305
 -21.18000 -16.58305
 -21.16584 -16.46194
 -21.15945 -16.39944
 -21.04042 -16.27222
 -21.04417 -16.19695
 -21.01084 -16.09945
 -20.90778 -15.96527
 -20.85973 -15.86472
 -20.84555 -15.83639
 -20.83278 -15.82084
 -20.76250 -15.74027
 -20.71084 -15.66277
 -20.69008 -15.59443
 -20.60973 -15.59861
 -20.56250 -15.60083
 -20.56399 -15.64347
 -20.56555 -15.67111
 -20.57139 -15.69472
 -20.58667 -15.76722
 -20.55139 -15.85695
 -20.47445 -15.92000
 -20.44111 -15.96666
 -20.41334 -16.04222
 -20.41389 -16.11945
 -20.38667 -16.17611
 -20.38167 -16.22027
 -20.41334 -16.24166
 -20.38223 -16.31389
 -20.34653 -16.31736
 -20.29723 -16.30889
 -20.21334 -16.30833
 -20.18472 -16.34584
 -20.19445 -16.37250
 -20.12305 -16.46972
 -20.12473 -16.55250
 -20.06917 -16.52861
 -20.00264 -16.53027
 -19.99695 -16.62639
 -19.99750 -16.64861
 -19.95555 -16.70445
 -19.95499 -16.71075
 -20.02611 -16.73889
 -20.05264 -16.75861
 -20.15445 -16.95639
 -20.16445 -16.97722
 -20.12167 -17.10583
 -20.14389 -17.12000
 -20.19861 -17.04014
 -20.36834 -17.24834
 -20.34723 -17.27639
 -20.28528 -17.35527
 -20.29278 -17.39333
 -20.30334 -17.44750
 -20.29278 -17.47805
 -20.28445 -17.53722
 -20.28222 -17.56000
 -20.32639 -17.62195
 -20.32875 -17.71625
 -20.39167 -17.74611
 -20.40250 -17.74945
14 90 -20.5867 -18.5097 -16.7183 -14.3975 'Outjo (Namibia)'
 -19.48187 -16.69885
 -19.57250 -16.71833
 -19.69611 -16.71194
 -19.92181 -16.70014
 -19.95499 -16.71075
 -19.95555 -16.70445
 -19.99750 -16.64861
 -19.99695 -16.62639
 -20.00264 -16.53027
 -20.06917 -16.52861
 -20.12473 -16.55250
 -20.12305 -16.46972
 -20.19445 -16.37250
 -20.18472 -16.34584
 -20.21334 -16.30833
 -20.29723 -16.30889
 -20.34653 -16.31736
 -20.38223 -16.31389
 -20.41334 -16.24166
 -20.38167 -16.22027
 -20.38667 -16.17611
 -20.41389 -16.11945
 -20.41334 -16.04222
 -20.44111 -15.96666
 -20.47445 -15.92000
 -20.55139 -15.85695
 -20.58667 -15.76722
 -20.57139 -15.69472
 -20.56555 -15.67111
 -20.56399 -15.64347
 -20.56250 -15.60083
 -20.56167 -15.57639
 -20.53361 -15.48972
 -20.49195 -15.45972
 -20.42639 -15.32930
 -20.42584 -15.29416
 -20.42361 -15.23305
 -20.36778 -15.19945
 -20.33362 -15.18305
 -20.28917 -15.09055
 -20.21417 -15.11139
 -20.19889 -15.13334
 -20.15639 -15.12972
 -20.06416 -14.93389
 -20.06361 -14.87000
 -20.06250 -14.79222
 -20.05181 -14.75875
 -20.00861 -14.76069
 -19.97805 -14.75777
 -19.94639 -14.75083
 -19.80695 -14.68334
 -19.74722 -14.63250
 -19.73666 -14.59805
 -19.73195 -14.55084
 -19.67305 -14.57639
 -19.64361 -14.58834
 -19.63070 -14.55778
 -19.61166 -14.51111
 -19.50382 -14.47743
 -19.47723 -14.49319
 -19.45347 -14.50208
 -19.20417 -14.45028
 -19.19262 -14.44649
 -19.16028 -14.43916
 -19.05139 -14.41250
 -18.99250 -14.39750
 -18.91973 -14.53250
 -18.82000 -14.71389
 -18.75250 -14.60542
 -18.64615 -14.57545
 -18.64805 -14.59416
 -18.65250 -14.72000
 -18.63306 -14.88889
 -18.61805 -15.05250
 -18.61417 -15.45611
 -18.67049 -15.62930
 -18.62864 -15.64965
 -18.50973 -15.69695
 -18.51028 -16.23222
 -18.51139 -16.25389
 -18.52195 -16.25445
 -18.58000 -16.25278
 -18.81320 -16.24333
 -18.87028 -16.24055
 -18.98445 -16.23611
 -19.04292 -16.24069
 -19.15722 -16.36166
 -19.27305 -16.48611
 -19.46139 -16.68722
 -19.48187 -16.69885
15 55 -18.7685 -17.3862 -18.0008 -13.9932 'Owambo (Namibia)'
 -18.64615 -14.57545
 -18.50806 -14.54305
 -17.87750 -14.22250
 -17.60750 -14.08500
 -17.42395 -13.99322
 -17.41090 -14.01666
 -17.41945 -14.05111
 -17.43000 -14.08292
 -17.42112 -14.17139
 -17.41139 -14.19472
 -17.38695 -14.21805
 -17.38722 -14.36166
 -17.38750 -14.44805
 -17.38834 -14.63472
 -17.38973 -14.99389
 -17.38945 -15.49695
 -17.38916 -15.58305
 -17.38667 -15.95666
 -17.38667 -16.00333
 -17.39084 -16.60611
 -17.39223 -17.27883
 -17.39195 -17.51055
 -17.39084 -17.56166
 -17.38889 -17.73389
 -17.38617 -18.00055
 -18.06584 -18.00000
 -18.09945 -18.00083
 -18.73278 -18.00055
 -18.74722 -17.98584
 -18.76847 -17.94764
 -18.75417 -17.86958
 -18.71778 -17.74916
 -18.68264 -17.66125
 -18.66667 -17.63250
 -18.65473 -17.61555
 -18.64195 -17.58555
 -18.61931 -17.49680
 -18.65362 -17.24695
 -18.65736 -17.17653
 -18.52805 -17.10361
 -18.52750 -17.00111
 -18.52500 -16.60583
 -18.52334 -16.34222
 -18.52195 -16.25445
 -18.51139 -16.25389
 -18.51028 -16.23222
 -18.50973 -15.69695
 -18.62864 -15.64965
 -18.67049 -15.62930
 -18.61417 -15.45611
 -18.61805 -15.05250
 -18.63306 -14.88889
 -18.65250 -14.72000
 -18.64805 -14.59416
 -18.64615 -14.57545
16 176 -24.9997 -19.361 -15.8536 -12.7733 'Swakopmund (Namibia)'
 -23.95103 -15.72915
 -23.96167 -15.72695
 -24.17834 -15.70334
 -24.40639 -15.67945
 -24.44723 -15.67222
 -24.49834 -15.66222
 -24.53917 -15.65416
 -24.61320 -15.64153
 -24.99834 -15.75639
 -24.99917 -15.73389
 -24.99973 -15.63334
 -24.99944 -14.83207
 -24.95667 -14.80111
 -24.93792 -14.79166
 -24.89305 -14.78708
 -24.85855 -14.79430
 -24.80403 -14.77930
 -24.71403 -14.72945
 -24.64223 -14.66472
 -24.57875 -14.60680
 -24.55986 -14.59805
 -24.52111 -14.60510
 -24.48681 -14.61930
 -24.46167 -14.61431
 -24.35973 -14.57084
 -24.33362 -14.55445
 -24.25195 -14.51083
 -24.19945 -14.48834
 -24.15334 -14.47277
 -24.10334 -14.46264
 -23.98778 -14.45527
 -23.95861 -14.46006
 -23.82639 -14.51027
 -23.61695 -14.50055
 -23.58278 -14.49500
 -23.55347 -14.48090
 -23.45139 -14.44084
 -23.41458 -14.43431
 -23.39292 -14.44125
 -23.34605 -14.47368
 -23.37313 -14.48156
 -23.35056 -14.49611
 -23.32431 -14.49805
 -23.23958 -14.48278
 -23.16639 -14.46139
 -23.14640 -14.45388
 -23.14223 -14.45111
 -23.12417 -14.44055
 -23.09945 -14.43111
 -23.02632 -14.40930
 -22.96723 -14.41055
 -22.88223 -14.43660
 -22.92653 -14.44777
 -22.96056 -14.44472
 -22.99702 -14.46236
 -22.92605 -14.51708
 -22.88160 -14.53500
 -22.80181 -14.53903
 -22.72000 -14.52916
 -22.69206 -14.52485
 -22.66796 -14.52740
 -22.62903 -14.52458
 -22.55278 -14.51139
 -22.33445 -14.41639
 -22.28347 -14.38764
 -22.12334 -14.28583
 -21.94056 -14.12778
 -21.91403 -14.10250
 -21.86223 -14.04250
 -21.77889 -13.95267
 -21.73465 -13.96798
 -21.70195 -13.95666
 -21.67445 -13.93555
 -21.59458 -13.87792
 -21.54889 -13.86597
 -21.50771 -13.85916
 -21.43153 -13.81277
 -21.39417 -13.77916
 -21.29611 -13.70111
 -21.12917 -13.57695
 -20.86236 -13.40389
 -20.82445 -13.38500
 -20.80445 -13.37778
 -20.78153 -13.37458
 -20.73986 -13.37639
 -20.70389 -13.36945
 -20.64666 -13.35277
 -20.55576 -13.30639
 -20.52007 -13.27910
 -20.46931 -13.25264
 -20.43305 -13.24416
 -20.40250 -13.24222
 -20.37305 -13.23889
 -20.30778 -13.22389
 -20.28750 -13.21750
 -20.23834 -13.19889
 -20.18084 -13.17500
 -20.15473 -13.15972
 -20.13111 -13.14027
 -20.11507 -13.11666
 -20.09945 -13.08445
 -20.07361 -13.05569
 -20.04639 -13.04195
 -20.00139 -13.03028
 -19.90945 -12.98916
 -19.89139 -12.97972
 -19.87334 -12.97027
 -19.82389 -12.94445
 -19.78931 -12.92777
 -19.59834 -12.81195
 -19.56500 -12.79139
 -19.53909 -12.77334
 -19.48306 -12.85250
 -19.39917 -12.97361
 -19.38585 -13.00021
 -19.38831 -13.02619
 -19.38750 -13.05250
 -19.38236 -13.08847
 -19.37486 -13.11208
 -19.36100 -13.14528
 -19.36862 -13.14834
 -19.46055 -13.19445
 -19.51778 -13.22333
 -19.67861 -13.30527
 -19.95417 -13.44500
 -20.09611 -13.51666
 -20.33695 -13.63778
 -20.56611 -13.75305
 -20.63473 -13.78777
 -21.02445 -13.98584
 -21.05861 -14.00334
 -21.34445 -14.18527
 -21.88305 -14.53055
 -22.23389 -14.75722
 -22.39750 -14.86334
 -22.47917 -14.91666
 -22.40334 -15.01361
 -22.37972 -15.03250
 -22.32334 -15.07445
 -22.31055 -15.10027
 -22.30250 -15.12972
 -22.29639 -15.15805
 -22.33278 -15.21195
 -22.36805 -15.23805
 -22.40445 -15.20111
 -22.49445 -15.21361
 -22.57973 -15.22695
 -22.64167 -15.23722
 -22.68695 -15.28722
 -22.70459 -15.31117
 -22.74723 -15.40222
 -22.83500 -15.45861
 -22.84528 -15.50305
 -22.85222 -15.53611
 -22.87250 -15.62361
 -22.95750 -15.61611
 -23.00916 -15.61139
 -23.14361 -15.59805
 -23.16000 -15.67111
 -23.17250 -15.72611
 -23.24687 -15.82636
 -23.25278 -15.82834
 -23.31778 -15.84111
 -23.38250 -15.85334
 -23.39055 -15.79084
 -23.40945 -15.78139
 -23.45862 -15.75889
 -23.48806 -15.74611
 -23.51167 -15.80000
 -23.53334 -15.85334
 -23.74750 -15.85361
 -23.80889 -15.84278
 -23.81250 -15.77722
 -23.81361 -15.74250
 -23.94250 -15.72945
 -23.95103 -15.72915
17 29 -20 -19.1719 -20.9935 -18.9998 'Boesmanland (Namibia)'
 -19.99834 -19.14250
 -19.98639 -19.13166
 -19.85575 -19.00019
 -19.63305 -19.00055
 -19.56276 -18.99981
 -19.52250 -19.10611
 -19.47389 -19.23445
 -19.18889 -19.23472
 -19.18916 -19.32361
 -19.18695 -19.70945
 -19.18639 -19.79777
 -19.18555 -19.89695
 -19.18389 -20.08445
 -19.18084 -20.37111
 -19.17861 -20.55833
 -19.17723 -20.65750
 -19.17611 -20.73472
 -19.17195 -20.99353
 -19.99822 -20.99307
 -20.00000 -20.96695
 -19.99917 -20.76695
 -19.99973 -20.43389
 -20.00000 -20.23361
 -19.99917 -20.20055
 -20.00000 -19.86722
 -19.99945 -19.36722
 -20.00000 -19.33388
 -19.99917 -19.16695
 -19.99834 -19.14250
18 97 -23.7513 -21.005 -20.0008 -17.9607 'Gobabis (Namibia)'
 -23.50370 -18.44362
 -23.39250 -18.49222
 -23.34611 -18.51222
 -23.24805 -18.38084
 -23.21945 -18.34361
 -23.17542 -18.36416
 -23.16750 -18.45805
 -23.09070 -18.42708
 -23.08416 -18.36945
 -23.05000 -18.33222
 -23.01319 -18.32055
 -22.98000 -18.39472
 -22.92500 -18.39944
 -22.95952 -18.30256
 -22.92528 -18.29639
 -22.81861 -18.29722
 -22.54916 -18.23722
 -22.46500 -18.21639
 -22.50139 -18.17083
 -22.46778 -18.12334
 -22.41555 -18.14361
 -22.34778 -18.10055
 -22.35292 -18.04930
 -22.30055 -18.00027
 -22.21584 -17.96069
 -22.11112 -17.97445
 -22.05666 -18.07195
 -21.96389 -18.13445
 -21.91084 -18.12778
 -21.88223 -18.12334
 -21.86000 -18.07195
 -21.82334 -18.06945
 -21.77389 -18.13111
 -21.70528 -18.11805
 -21.65958 -18.21639
 -21.61320 -18.24958
 -21.55528 -18.23584
 -21.48695 -18.23055
 -21.47862 -18.26639
 -21.38528 -18.28166
 -21.31973 -18.26555
 -21.32805 -18.24555
 -21.32917 -18.20639
 -21.24500 -18.20834
 -21.23139 -18.25000
 -21.23000 -18.35416
 -21.16250 -18.41305
 -21.10945 -18.41930
 -21.11973 -18.35916
 -21.07705 -18.36557
 -21.03195 -18.37250
 -21.00500 -18.48861
 -21.03673 -18.50848
 -21.11250 -18.54445
 -21.13055 -18.55389
 -21.14612 -18.65222
 -21.16639 -18.76645
 -21.23917 -18.87861
 -21.30750 -18.98027
 -21.36195 -19.06250
 -21.38000 -19.13834
 -21.33431 -19.29569
 -21.37778 -19.36805
 -21.52223 -19.35305
 -21.60389 -19.34555
 -21.62528 -19.34833
 -21.71417 -19.36389
 -21.70889 -19.38695
 -21.68778 -19.46889
 -21.66055 -19.57389
 -21.54916 -20.00027
 -21.59916 -20.00083
 -21.69945 -20.00000
 -21.93305 -20.00000
 -22.00156 -20.00047
 -22.00500 -19.99666
 -22.08750 -19.99611
 -22.26695 -19.99722
 -22.50000 -19.99759
 -22.72250 -19.99750
 -22.94334 -19.99777
 -22.95992 -19.99828
 -22.95955 -19.26984
 -23.65644 -19.27000
 -23.65000 -19.21361
 -23.66917 -19.19861
 -23.72084 -19.15528
 -23.71695 -19.02500
 -23.68139 -19.04695
 -23.67834 -19.00166
 -23.67750 -18.97305
 -23.75125 -18.77639
 -23.73320 -18.67319
 -23.64945 -18.58083
 -23.68902 -18.53894
 -23.51445 -18.43889
 -23.50370 -18.44362
19 76 -20.4025 -18.76 -19.2361 -16.6989 'Grootfontein (Namibia)'
 -19.48187 -16.69885
 -19.41612 -16.82833
 -19.32445 -17.03125
 -19.21723 -17.12611
 -19.18945 -17.11222
 -19.16584 -17.12695
 -19.13722 -17.21916
 -19.16417 -17.29500
 -19.23917 -17.36250
 -19.29195 -17.39611
 -19.35861 -17.45416
 -19.50139 -17.68278
 -19.52916 -17.85250
 -19.47667 -17.94916
 -19.40556 -17.88445
 -19.35473 -17.88722
 -19.32612 -17.90195
 -19.27695 -17.94777
 -19.26584 -18.00597
 -19.13847 -18.03153
 -19.10139 -18.02584
 -19.03222 -18.01666
 -18.97389 -18.10277
 -18.95973 -18.17695
 -18.85750 -18.17555
 -18.76000 -18.19479
 -18.76750 -18.32361
 -18.78834 -18.70527
 -18.79305 -18.79250
 -18.79528 -18.83611
 -18.79916 -18.92334
 -18.81500 -19.23611
 -19.18889 -19.23472
 -19.47389 -19.23445
 -19.52250 -19.10611
 -19.56276 -18.99981
 -19.63305 -19.00055
 -19.85575 -19.00019
 -19.71236 -18.85639
 -19.54167 -18.68611
 -19.59723 -18.62250
 -19.64750 -18.57222
 -19.74195 -18.51139
 -19.81111 -18.52444
 -19.84055 -18.51055
 -19.89265 -18.48416
 -20.06305 -18.28541
 -20.02445 -18.25389
 -20.08389 -18.11972
 -20.11315 -18.01025
 -20.21778 -18.00472
 -20.28528 -18.00527
 -20.40250 -17.74945
 -20.39167 -17.74611
 -20.32875 -17.71625
 -20.32639 -17.62195
 -20.28222 -17.56000
 -20.28445 -17.53722
 -20.29278 -17.47805
 -20.30334 -17.44750
 -20.29278 -17.39333
 -20.28528 -17.35527
 -20.34723 -17.27639
 -20.36834 -17.24834
 -20.19861 -17.04014
 -20.14389 -17.12000
 -20.12167 -17.10583
 -20.16445 -16.97722
 -20.15445 -16.95639
 -20.05264 -16.75861
 -20.02611 -16.73889
 -19.95499 -16.71075
 -19.92181 -16.70014
 -19.69611 -16.71194
 -19.57250 -16.71833
 -19.48187 -16.69885
20 77 -23.8694 -19.9982 -20.9933 -18.5085 'Hereroland Oos (Namibia)'
 -22.00156 -20.00047
 -21.93305 -20.00000
 -21.69945 -20.00000
 -21.59916 -20.00083
 -21.54916 -20.00027
 -21.66055 -19.57389
 -21.68778 -19.46889
 -21.70889 -19.38695
 -21.71417 -19.36389
 -21.62528 -19.34833
 -21.60389 -19.34555
 -21.52223 -19.35305
 -21.37778 -19.36805
 -21.33431 -19.29569
 -21.38000 -19.13834
 -21.36195 -19.06250
 -21.30750 -18.98027
 -21.23917 -18.87861
 -21.16639 -18.76645
 -21.14612 -18.65222
 -21.13055 -18.55389
 -21.11250 -18.54445
 -21.03673 -18.50848
 -21.00695 -18.52819
 -20.97820 -18.53924
 -20.91625 -18.54958
 -20.88611 -18.55361
 -20.85417 -18.56000
 -20.82257 -18.57256
 -20.76056 -18.60833
 -20.54681 -18.74695
 -20.52847 -18.76125
 -20.49973 -18.79083
 -20.47945 -18.81653
 -20.46736 -18.83833
 -20.40834 -19.01027
 -20.40195 -19.03055
 -20.39584 -19.05222
 -20.38973 -19.08583
 -20.38639 -19.10916
 -20.38500 -19.13472
 -20.38612 -19.17375
 -20.39223 -19.20777
 -20.39903 -19.24166
 -20.40223 -19.27527
 -20.40334 -19.30916
 -20.40305 -19.33847
 -20.35667 -19.59958
 -20.34382 -19.64229
 -20.26834 -19.54888
 -20.22805 -19.47750
 -20.10584 -19.29916
 -20.04639 -19.21389
 -19.99834 -19.14250
 -19.99917 -19.16695
 -20.00000 -19.33388
 -19.99945 -19.36722
 -20.00000 -19.86722
 -19.99917 -20.20055
 -20.00000 -20.23361
 -19.99973 -20.43389
 -19.99917 -20.76695
 -20.00000 -20.96695
 -19.99822 -20.99307
 -20.17917 -20.99333
 -20.82427 -20.99281
 -20.99245 -20.99303
 -21.01889 -20.99250
 -21.32223 -20.99250
 -21.59723 -20.99277
 -21.94195 -20.99277
 -21.96945 -20.99277
 -21.99695 -20.99195
 -21.99834 -20.91777
 -22.00000 -20.64972
 -22.00139 -20.30833
 -22.00156 -20.00047
21 16 -23.8694 -19.9982 -20.9933 -18.5085 'Hereroland Oos (Namibia)'
 -23.86441 -20.00054
 -23.86555 -19.95695
 -23.86611 -19.88138
 -23.86945 -19.35222
 -23.86833 -19.28383
 -23.68639 -19.27055
 -23.65644 -19.27000
 -22.95955 -19.26984
 -22.95992 -19.99828
 -22.97084 -19.99861
 -23.12278 -19.99889
 -23.30870 -19.99890
 -23.45417 -19.99945
 -23.64750 -20.00000
 -23.75723 -20.00027
 -23.86441 -20.00054
22 72 -21.077 -19.5417 -19.6423 -17.3817 'Hereroland Wes (Namibia)'
 -21.03673 -18.50848
 -21.00500 -18.48861
 -21.03195 -18.37250
 -21.07705 -18.36557
 -21.06195 -18.25000
 -21.01945 -18.18805
 -20.96612 -18.10695
 -20.94611 -18.11361
 -20.92945 -18.08805
 -20.89723 -18.03555
 -20.89000 -17.99195
 -20.86056 -17.82889
 -20.84278 -17.73111
 -20.80584 -17.62445
 -20.68278 -17.47138
 -20.62528 -17.45445
 -20.58195 -17.44277
 -20.54611 -17.38166
 -20.49250 -17.39250
 -20.48278 -17.42166
 -20.53611 -17.47861
 -20.50000 -17.58916
 -20.41195 -17.65222
 -20.40250 -17.74945
 -20.28528 -18.00527
 -20.21778 -18.00472
 -20.11315 -18.01025
 -20.08389 -18.11972
 -20.02445 -18.25389
 -20.06305 -18.28541
 -19.89265 -18.48416
 -19.84055 -18.51055
 -19.81111 -18.52444
 -19.74195 -18.51139
 -19.64750 -18.57222
 -19.59723 -18.62250
 -19.54167 -18.68611
 -19.71236 -18.85639
 -19.85575 -19.00019
 -19.98639 -19.13166
 -19.99834 -19.14250
 -20.04639 -19.21389
 -20.10584 -19.29916
 -20.22805 -19.47750
 -20.26834 -19.54888
 -20.34382 -19.64229
 -20.35667 -19.59958
 -20.40305 -19.33847
 -20.40334 -19.30916
 -20.40223 -19.27527
 -20.39903 -19.24166
 -20.39223 -19.20777
 -20.38612 -19.17375
 -20.38500 -19.13472
 -20.38639 -19.10916
 -20.38973 -19.08583
 -20.39584 -19.05222
 -20.40195 -19.03055
 -20.40834 -19.01027
 -20.46736 -18.83833
 -20.47945 -18.81653
 -20.49973 -18.79083
 -20.52847 -18.76125
 -20.54681 -18.74695
 -20.76056 -18.60833
 -20.82257 -18.57256
 -20.85417 -18.56000
 -20.88611 -18.55361
 -20.91625 -18.54958
 -20.97820 -18.53924
 -21.00695 -18.52819
 -21.03673 -18.50848
23 97 -19.1892 -17.3862 -23.2971 -17.9858 'Kavango (Namibia)'
 -19.17195 -20.99353
 -19.17611 -20.73472
 -19.17723 -20.65750
 -19.17861 -20.55833
 -19.18084 -20.37111
 -19.18389 -20.08445
 -19.18555 -19.89695
 -19.18639 -19.79777
 -19.18695 -19.70945
 -19.18916 -19.32361
 -19.18889 -19.23472
 -18.81500 -19.23611
 -18.79916 -18.92334
 -18.79528 -18.83611
 -18.79305 -18.79250
 -18.78834 -18.70527
 -18.76750 -18.32361
 -18.76000 -18.19479
 -18.74973 -18.01833
 -18.74722 -17.98584
 -18.73278 -18.00055
 -18.09945 -18.00083
 -18.06584 -18.00000
 -17.38617 -18.00055
 -17.38695 -18.11722
 -17.38722 -18.18889
 -17.38695 -18.39000
 -17.38984 -18.45154
 -17.47278 -18.51334
 -17.57223 -18.57833
 -17.64805 -18.64195
 -17.74528 -18.75368
 -17.76889 -18.80430
 -17.81639 -18.91945
 -17.82597 -18.98389
 -17.83000 -19.02584
 -17.82778 -19.05583
 -17.81945 -19.11680
 -17.80437 -19.13361
 -17.80111 -19.17528
 -17.80625 -19.24555
 -17.82500 -19.29875
 -17.84389 -19.33722
 -17.86112 -19.41333
 -17.86278 -19.44583
 -17.86750 -19.55916
 -17.87055 -19.70138
 -17.86375 -19.79792
 -17.85805 -19.81861
 -17.85723 -19.92055
 -17.86334 -19.94625
 -17.88014 -19.97132
 -17.89084 -20.01695
 -17.89639 -20.09889
 -17.89445 -20.12889
 -17.88014 -20.24472
 -17.86125 -20.27084
 -17.85723 -20.32132
 -17.90187 -20.44520
 -17.94189 -20.49255
 -17.98306 -20.55368
 -17.98139 -20.59555
 -17.97847 -20.63847
 -17.99611 -20.75195
 -18.01020 -20.78158
 -18.01639 -20.85416
 -17.99445 -20.88972
 -17.96826 -20.95333
 -17.95334 -21.02138
 -17.93445 -21.13861
 -17.93146 -21.16586
 -17.93889 -21.23687
 -17.95639 -21.26333
 -18.01489 -21.37935
 -17.94735 -21.75541
 -17.85000 -22.29027
 -17.79889 -22.56416
 -17.73945 -22.88111
 -17.73334 -22.91000
 -17.71695 -22.99639
 -17.66250 -23.28472
 -17.70361 -23.28445
 -17.97750 -23.28805
 -17.99595 -23.29711
 -17.99634 -23.28711
 -18.00445 -23.07777
 -18.08667 -22.63722
 -18.11126 -22.50000
 -18.15389 -22.26222
 -18.23834 -21.81695
 -18.30445 -21.46250
 -18.31195 -21.23555
 -18.31842 -20.99329
 -18.33861 -20.99361
 -18.47556 -20.99416
 -18.69528 -20.99416
 -19.17195 -20.99353
24 99 -22.3739 -20.9661 -18.4193 -16.3858 'Okahandja (Namibia)'
 -21.72805 -16.39361
 -21.64639 -16.41750
 -21.58486 -16.42875
 -21.54612 -16.42903
 -21.52431 -16.43264
 -21.44778 -16.49666
 -21.43417 -16.51166
 -21.42028 -16.52750
 -21.39305 -16.56583
 -21.36555 -16.60277
 -21.33445 -16.62277
 -21.22923 -16.65056
 -21.19861 -16.67250
 -21.20500 -16.75000
 -21.22305 -16.81666
 -21.25195 -16.81416
 -21.31195 -16.97027
 -21.30750 -17.05945
 -21.27805 -17.08889
 -21.24729 -17.09813
 -21.24514 -17.14639
 -21.27473 -17.22777
 -21.29695 -17.22722
 -21.31473 -17.44722
 -21.28528 -17.52611
 -21.27166 -17.54389
 -21.24084 -17.54750
 -21.24028 -17.50861
 -21.23834 -17.46416
 -21.19834 -17.46611
 -21.16723 -17.46889
 -21.16139 -17.59222
 -21.18278 -17.64500
 -21.14917 -17.74000
 -21.11055 -17.88361
 -21.10611 -17.96069
 -21.05834 -17.96555
 -21.01639 -17.96472
 -21.04000 -18.03500
 -21.04055 -18.06027
 -20.96612 -18.10695
 -21.01945 -18.18805
 -21.06195 -18.25000
 -21.07705 -18.36557
 -21.11973 -18.35916
 -21.10945 -18.41930
 -21.16250 -18.41305
 -21.23000 -18.35416
 -21.23139 -18.25000
 -21.24500 -18.20834
 -21.32917 -18.20639
 -21.32805 -18.24555
 -21.31973 -18.26555
 -21.38528 -18.28166
 -21.47862 -18.26639
 -21.48695 -18.23055
 -21.55528 -18.23584
 -21.61320 -18.24958
 -21.65958 -18.21639
 -21.70528 -18.11805
 -21.74722 -18.00555
 -21.72695 -17.97945
 -21.75667 -17.89861
 -21.81139 -17.83777
 -21.82597 -17.80583
 -21.84528 -17.72055
 -21.81361 -17.69166
 -21.83611 -17.60250
 -21.96972 -17.48861
 -22.04389 -17.47583
 -22.09417 -17.45639
 -22.13973 -17.31722
 -22.15139 -17.25666
 -22.19334 -17.25722
 -22.24639 -17.12861
 -22.19084 -17.10027
 -22.27055 -16.99945
 -22.30139 -16.83361
 -22.28778 -16.77139
 -22.22805 -16.75083
 -22.23028 -16.72277
 -22.29667 -16.67972
 -22.32028 -16.68250
 -22.30834 -16.74111
 -22.32945 -16.74611
 -22.35084 -16.75000
 -22.35945 -16.64416
 -22.34723 -16.54055
 -22.37385 -16.44710
 -22.37000 -16.44388
 -22.31521 -16.40924
 -22.19695 -16.38583
 -22.17334 -16.43139
 -22.14778 -16.47555
 -22.08111 -16.47416
 -22.02445 -16.46722
 -21.97445 -16.46055
 -21.85611 -16.44250
 -21.72805 -16.39361
25 52 -19.5292 -18.5219 -18.1948 -16.2361 'Tsumeb (Namibia)'
 -19.48187 -16.69885
 -19.46139 -16.68722
 -19.27305 -16.48611
 -19.15722 -16.36166
 -19.04292 -16.24069
 -18.98445 -16.23611
 -18.87028 -16.24055
 -18.81320 -16.24333
 -18.58000 -16.25278
 -18.52195 -16.25445
 -18.52334 -16.34222
 -18.52500 -16.60583
 -18.52750 -17.00111
 -18.52805 -17.10361
 -18.65736 -17.17653
 -18.65362 -17.24695
 -18.61931 -17.49680
 -18.64195 -17.58555
 -18.65473 -17.61555
 -18.66667 -17.63250
 -18.68264 -17.66125
 -18.71778 -17.74916
 -18.75417 -17.86958
 -18.76847 -17.94764
 -18.74722 -17.98584
 -18.74973 -18.01833
 -18.76000 -18.19479
 -18.85750 -18.17555
 -18.95973 -18.17695
 -18.97389 -18.10277
 -19.03222 -18.01666
 -19.10139 -18.02584
 -19.13847 -18.03153
 -19.26584 -18.00597
 -19.27695 -17.94777
 -19.32612 -17.90195
 -19.35473 -17.88722
 -19.40556 -17.88445
 -19.47667 -17.94916
 -19.52916 -17.85250
 -19.50139 -17.68278
 -19.35861 -17.45416
 -19.29195 -17.39611
 -19.23917 -17.36250
 -19.16417 -17.29500
 -19.13722 -17.21916
 -19.16584 -17.12695
 -19.18945 -17.11222
 -19.21723 -17.12611
 -19.32445 -17.03125
 -19.41612 -16.82833
 -19.48187 -16.69885
26 72 -18.4852 -17.4735 -25.2644 -23.2844 'Caprivi Oos (Namibia)'
 -17.66250 -23.28472
 -17.66111 -23.28916
 -17.62584 -23.47611
 -17.56028 -23.82083
 -17.51958 -24.02903
 -17.47843 -24.23909
 -17.47347 -24.38125
 -17.48236 -24.44014
 -17.50805 -24.50250
 -17.52500 -24.54222
 -17.53347 -24.56542
 -17.53389 -24.59027
 -17.50584 -24.61916
 -17.49667 -24.63819
 -17.49362 -24.66389
 -17.49834 -24.70861
 -17.51555 -24.81777
 -17.54084 -24.91250
 -17.55972 -24.97000
 -17.58389 -24.98430
 -17.61000 -25.03000
 -17.62473 -25.06528
 -17.78305 -25.25195
 -17.80225 -25.26443
 -17.79571 -25.25238
 -17.78208 -25.17937
 -17.79656 -25.13639
 -17.82785 -25.09909
 -17.83223 -25.06639
 -17.82605 -25.00000
 -17.82111 -24.97277
 -17.81389 -24.93611
 -17.83771 -24.83277
 -17.94417 -24.67916
 -18.05424 -24.56632
 -18.06000 -24.52416
 -18.05931 -24.49791
 -18.03278 -24.47361
 -17.99917 -24.45195
 -17.97805 -24.43979
 -17.95375 -24.41695
 -17.94584 -24.38834
 -17.94916 -24.36305
 -18.01334 -24.26889
 -18.16778 -24.00666
 -18.18500 -23.96722
 -18.23695 -23.91222
 -18.26476 -23.88694
 -18.26306 -23.87042
 -18.29000 -23.84403
 -18.31500 -23.82985
 -18.35417 -23.79166
 -18.42528 -23.71916
 -18.46972 -23.65055
 -18.48516 -23.61325
 -18.47521 -23.58243
 -18.43723 -23.56389
 -18.36166 -23.55506
 -18.32612 -23.55416
 -18.26695 -23.51972
 -18.24834 -23.50305
 -18.20361 -23.45347
 -18.19389 -23.43111
 -18.17611 -23.39805
 -18.12723 -23.36305
 -18.07639 -23.33000
 -18.04500 -23.32584
 -18.01542 -23.31639
 -17.99595 -23.29711
 -17.97750 -23.28805
 -17.70361 -23.28445
 -17.66250 -23.28472
