3033 303 38.26281 42.71075 -51.67701 -45.02295 'Baku (Azerbaijan)'
 38.71490 -51.29270
 38.62330 -51.09730
 38.58140 -50.90720
 38.54510 -50.71240
 38.47230 -50.51360
 38.40260 -50.30770
 38.37840 -50.19900
 38.33390 -49.96960
 38.26280 -49.71450
 38.44240 -48.88830
 38.45050 -48.84120
 38.44550 -48.78370
 38.42420 -48.74220
 38.38920 -48.66290
 38.39650 -48.62350
 38.41690 -48.59920
 38.47140 -48.56530
 38.62460 -48.43280
 38.62050 -48.39870
 38.60580 -48.36190
 38.60280 -48.33170
 38.67210 -48.24360
 38.71540 -48.24690
 38.75050 -48.18470
 38.76110 -48.14930
 38.77220 -48.12360
 38.78360 -48.10300
 38.83340 -48.02460
 38.86300 -48.01320
 38.89710 -48.01210
 38.95390 -48.07680
 38.96830 -48.14410
 38.96910 -48.18530
 38.97140 -48.22470
 38.97760 -48.26370
 38.98580 -48.28370
 39.00370 -48.30870
 39.03220 -48.32540
 39.05440 -48.32690
 39.11250 -48.29390
 39.12650 -48.27240
 39.13990 -48.22920
 39.21100 -48.13330
 39.25180 -48.12170
 39.27820 -48.12390
 39.30680 -48.14890
 39.33610 -48.19850
 39.34250 -48.24600
 39.35030 -48.27890
 39.38990 -48.35790
 39.42350 -48.34050
 39.44080 -48.32190
 39.47280 -48.28390
 39.49470 -48.25080
 39.52640 -48.21250
 39.57330 -48.15920
 39.64620 -48.08250
 39.66560 -48.06330
 39.68330 -48.03830
 39.69920 -48.01420
 39.71560 -47.98470
 39.67920 -47.81290
 39.66680 -47.79390
 39.63370 -47.76990
 39.51530 -47.54250
 39.49820 -47.46070
 39.47050 -47.39170
 39.42430 -47.33720
 39.39750 -47.31860
 39.37440 -47.28690
 39.34000 -47.19950
 39.33530 -47.16460
 39.30440 -47.09970
 39.23790 -47.04350
 39.19670 -47.03390
 39.15640 -46.95290
 39.16790 -46.90870
 39.16750 -46.87470
 39.16060 -46.84890
 39.08600 -46.75890
 39.05100 -46.74550
 38.97690 -46.65220
 38.91580 -46.57250
 38.87560 -46.54040
 38.95730 -46.49550
 38.99980 -46.50220
 39.02480 -46.51610
 39.04420 -46.52360
 39.07370 -46.51780
 39.12640 -46.49510
 39.13670 -46.47750
 39.14280 -46.45830
 39.16560 -46.42440
 39.20870 -46.42310
 39.21760 -46.45580
 39.20360 -46.49610
 39.18940 -46.54170
 39.22170 -46.62050
 39.22940 -46.62050
 39.25360 -46.58140
 39.26910 -46.55750
 39.38420 -46.39820
 39.40600 -46.38420
 39.43870 -46.38600
 39.45120 -46.40430
 39.45780 -46.44860
 39.47560 -46.51300
 39.54940 -46.54570
 39.57810 -46.52620
 39.62650 -46.35720
 39.62510 -46.32940
 39.61650 -46.30460
 39.59500 -46.24420
 39.59710 -46.20760
 39.60720 -46.18970
 39.69980 -46.05750
 39.72300 -46.04330
 39.74550 -46.03050
 39.77020 -46.00870
 39.77750 -45.98390
 39.77860 -45.96030
 39.79170 -45.91760
 39.80860 -45.88140
 39.82900 -45.85070
 39.86040 -45.82030
 39.89210 -45.80470
 39.91790 -45.79690
 39.94050 -45.77930
 39.95330 -45.75110
 39.95830 -45.72970
 39.96140 -45.70530
 39.97180 -45.60780
 39.99740 -45.59760
 40.01440 -45.61360
 40.02170 -45.63800
 40.02580 -45.68190
 40.02610 -45.71360
 40.02440 -45.76360
 40.02000 -45.82440
 40.01610 -45.84780
 40.01400 -45.88050
 40.02390 -45.90800
 40.11850 -45.97740
 40.23080 -45.99770
 40.27210 -45.95600
 40.26450 -45.91330
 40.26750 -45.88220
 40.37580 -45.66280
 40.39110 -45.63800
 40.45690 -45.53640
 40.60800 -45.41360
 40.66370 -45.38920
 40.72000 -45.42040
 40.73370 -45.43640
 40.74220 -45.45550
 40.76310 -45.52330
 40.77750 -45.57690
 40.80050 -45.60270
 40.83600 -45.61800
 40.86660 -45.61940
 41.00100 -45.35100
 41.05970 -45.09640
 41.08040 -45.08000
 41.11360 -45.08210
 41.11820 -45.12790
 41.11500 -45.17600
 41.12080 -45.20470
 41.14000 -45.22110
 41.15970 -45.21140
 41.17300 -45.19300
 41.20150 -45.14360
 41.22330 -45.04690
 41.29710 -45.02290
 41.31640 -45.05140
 41.37670 -45.14140
 41.40500 -45.18610
 41.44930 -45.26100
 41.45720 -45.28540
 41.46110 -45.30670
 41.46100 -45.34160
 41.38190 -45.61110
 41.34860 -45.71690
 41.31180 -45.71300
 41.28720 -45.71120
 41.26030 -45.74800
 41.23040 -45.80460
 41.21280 -45.85080
 41.20610 -45.86970
 41.19750 -45.89550
 41.18920 -45.92250
 41.17920 -45.96610
 41.17360 -45.99690
 41.17030 -46.03960
 41.17190 -46.06220
 41.17890 -46.09150
 41.20260 -46.13560
 41.20470 -46.24000
 41.17830 -46.27400
 41.16280 -46.29420
 41.13000 -46.34080
 41.11690 -46.35970
 41.10420 -46.37830
 41.05180 -46.49280
 41.04800 -46.51470
 41.10050 -46.62250
 41.15050 -46.66670
 41.21170 -46.69720
 41.25830 -46.71080
 41.31730 -46.68960
 41.36500 -46.62110
 41.37940 -46.59330
 41.38690 -46.55300
 41.39620 -46.50260
 41.48350 -46.33190
 41.59860 -46.23330
 41.62500 -46.21610
 41.67750 -46.19610
 41.69800 -46.19440
 41.72500 -46.19800
 41.74670 -46.20970
 41.76250 -46.23050
 41.76460 -46.25640
 41.75780 -46.29080
 41.75650 -46.32480
 41.77330 -46.35050
 41.83180 -46.41470
 41.86180 -46.43580
 41.89710 -46.45180
 41.89360 -46.50530
 41.88190 -46.56480
 41.81760 -46.64220
 41.86050 -46.76170
 41.83100 -46.76940
 41.79560 -46.77440
 41.76910 -46.80690
 41.73470 -46.86170
 41.68390 -46.94050
 41.61860 -47.02140
 41.56930 -47.09240
 41.57640 -47.12960
 41.56290 -47.15860
 41.42030 -47.25910
 41.37430 -47.26100
 41.32110 -47.27460
 41.27190 -47.37110
 41.21130 -47.57620
 41.21530 -47.59940
 41.23210 -47.63070
 41.23550 -47.65150
 41.21050 -47.72140
 41.19660 -47.76080
 41.19890 -47.79610
 41.20780 -47.85920
 41.22500 -47.91550
 41.25150 -47.92180
 41.27810 -47.90840
 41.35580 -47.95830
 41.46400 -48.07030
 41.48030 -48.10580
 41.48830 -48.15000
 41.49220 -48.18610
 41.50150 -48.22850
 41.50920 -48.24890
 41.57470 -48.37830
 41.58910 -48.39970
 41.60900 -48.41960
 41.63920 -48.43690
 41.76720 -48.53140
 41.83580 -48.58400
 42.04530 -48.77100
 42.23080 -49.04170
 42.46400 -49.38140
 42.71080 -49.76060
 42.31880 -50.12540
 42.10810 -50.37760
 41.93740 -50.58730
 41.79980 -50.71710
 41.61780 -50.82110
 41.44370 -51.04090
 41.23120 -51.25020
 41.11680 -51.35430
 40.92520 -51.53360
 40.78070 -51.58750
 40.67200 -51.63830
 40.47010 -51.67120
 40.29600 -51.67700
 39.82550 -51.67340
 39.64440 -51.66840
 39.59910 -51.65270
 39.52710 -51.63540
 39.47580 -51.63190
 39.40820 -51.65330
 39.15100 -51.47820
 38.95370 -51.29460
 38.71490 -51.29270
 40.60610 -45.52890
 40.63250 -45.57310
 40.65110 -45.58790
 40.66420 -45.56390
 40.66180 -45.50940
 40.63690 -45.49190
 40.61210 -45.50610
 40.60610 -45.52890
3034 8 41.03055 41.08707 -45.05526 -44.98415 'Baku (Azerbaijan)'
 41.03050 -45.02580
 41.03310 -45.01000
 41.05760 -44.98420
 41.08540 -44.99260
 41.08710 -45.02390
 41.05970 -45.05530
 41.03870 -45.04970
 41.03050 -45.02580
3035 5 40.96915 40.99944 -45.24110 -45.20203 'Baku (Azerbaijan)'
 40.96920 -45.22920
 40.97940 -45.20640
 40.99940 -45.20200
 40.98510 -45.24110
 40.96920 -45.22920
3043 62 38.84115 39.77915 -46.17825 -44.77886 'Nakhichevan (Azerbaijan)'
 39.70640 -44.77890
 39.71120 -44.79430
 39.72500 -44.85830
 39.72290 -44.88960
 39.71980 -44.92680
 39.72940 -44.96050
 39.75190 -44.99870
 39.76990 -45.02110
 39.77920 -45.04710
 39.77230 -45.07550
 39.61110 -45.26640
 39.53900 -45.32690
 39.49400 -45.46500
 39.50440 -45.50240
 39.51720 -45.52830
 39.53390 -45.55830
 39.55170 -45.59920
 39.56000 -45.62670
 39.57920 -45.73840
 39.56550 -45.79190
 39.54920 -45.81940
 39.44630 -45.82890
 39.34800 -45.85560
 39.27540 -45.98510
 39.24900 -46.00560
 39.22300 -45.98610
 39.19780 -45.96940
 39.17460 -45.96870
 38.93610 -46.10720
 38.91000 -46.12360
 38.84110 -46.17820
 38.87190 -46.07470
 38.88720 -45.95080
 38.90360 -45.84110
 38.95140 -45.60750
 38.96550 -45.53860
 38.97050 -45.51860
 38.98500 -45.47730
 39.00320 -45.43350
 39.02280 -45.42440
 39.06080 -45.42110
 39.16470 -45.34550
 39.19760 -45.29840
 39.18720 -45.27120
 39.19500 -45.22580
 39.21690 -45.14350
 39.24710 -45.14180
 39.28560 -45.13050
 39.31220 -45.11580
 39.37300 -45.06300
 39.41670 -45.00220
 39.42050 -44.97470
 39.43240 -44.95460
 39.47660 -44.92780
 39.53580 -44.90800
 39.55550 -44.90300
 39.60580 -44.88860
 39.62230 -44.86850
 39.63080 -44.81300
 39.64580 -44.81640
 39.68640 -44.79940
 39.70640 -44.77890
