3054 152 38.95207 41.46805 -65.38888 -62.17780 'Bukhara (Uzbekistan)'
 39.44800 -65.10660
 39.38780 -65.02500
 39.34960 -64.94470
 39.26630 -64.84350
 39.24160 -64.84030
 39.21750 -64.85610
 39.20280 -64.87390
 39.16680 -64.88610
 39.12690 -64.75580
 39.05220 -64.49860
 38.95310 -64.38300
 38.97150 -64.36690
 38.99080 -64.33810
 38.98540 -64.30290
 38.97280 -64.26690
 38.95960 -64.23440
 38.95210 -64.20570
 38.95370 -64.17790
 38.97550 -64.13250
 39.00070 -64.08640
 39.02970 -64.04390
 39.06810 -63.98330
 39.11390 -63.89310
 39.15360 -63.81390
 39.20780 -63.71040
 39.22420 -63.69390
 39.26330 -63.65720
 39.27920 -63.64360
 39.32970 -63.59580
 39.36440 -63.56140
 39.39860 -63.51860
 39.42330 -63.47860
 39.49830 -63.34250
 39.52830 -63.28080
 39.56670 -63.19920
 39.59920 -63.13030
 39.61720 -63.09330
 39.64440 -63.03860
 39.66690 -63.00000
 39.69780 -62.95530
 39.73580 -62.90170
 39.74890 -62.87970
 39.78750 -62.81350
 39.79970 -62.78940
 39.82940 -62.72720
 39.90970 -62.58440
 39.93050 -62.55540
 40.03230 -62.44120
 40.08240 -62.42180
 40.10750 -62.41830
 40.12830 -62.42510
 40.22030 -62.41080
 40.27800 -62.39890
 40.42460 -62.35260
 40.43940 -62.33610
 40.47340 -62.25920
 40.48030 -62.21670
 40.49360 -62.19250
 40.50420 -62.18550
 40.51170 -62.19250
 40.64330 -62.33500
 40.72780 -62.43420
 40.79030 -62.45140
 40.81550 -62.45190
 40.83440 -62.43720
 40.94420 -62.30940
 40.98330 -62.26170
 40.99880 -62.23940
 41.04970 -62.38580
 41.08170 -62.47610
 41.11080 -62.44940
 41.16470 -62.39830
 41.32580 -62.24470
 41.39490 -62.17780
 41.39940 -62.19000
 41.41440 -62.26940
 41.46670 -62.56250
 41.46800 -62.58530
 41.35890 -62.65750
 41.32530 -62.68750
 41.28750 -62.73420
 41.26220 -62.78580
 41.25190 -62.81300
 41.23110 -62.86250
 41.20530 -62.89640
 41.13420 -62.94140
 41.05000 -62.97170
 41.02790 -62.99350
 41.03470 -63.01280
 41.03560 -63.05690
 41.02050 -63.12530
 40.98280 -63.24170
 40.90720 -63.42500
 40.81360 -63.63780
 40.78610 -63.68360
 40.76890 -63.69580
 40.74440 -63.70300
 40.70740 -63.69510
 40.70920 -63.76640
 40.71460 -63.82930
 40.91640 -63.95170
 40.93440 -63.97420
 40.94360 -63.99610
 40.95240 -64.03110
 40.91940 -64.07670
 40.79440 -64.07890
 40.77750 -64.26420
 40.76740 -64.43120
 40.84680 -64.45720
 40.85780 -64.57190
 40.85890 -64.65390
 40.86500 -64.70300
 40.90920 -64.72750
 40.94510 -64.74790
 40.94300 -64.77390
 40.89670 -64.79080
 40.73030 -64.83720
 40.70870 -64.87050
 40.69970 -64.90140
 40.68000 -65.08800
 40.66970 -65.21640
 40.65080 -65.38890
 40.49800 -65.35860
 40.44320 -65.27040
 40.36640 -65.23720
 40.29280 -65.15780
 40.28140 -65.13050
 40.28530 -65.04720
 40.29420 -64.98440
 40.31050 -64.94110
 40.32760 -64.91530
 40.34530 -64.88000
 40.34720 -64.83550
 40.33400 -64.80750
 40.27390 -64.81140
 40.20170 -64.80170
 40.10690 -64.77390
 40.05030 -64.73580
 40.02750 -64.71910
 39.98640 -64.67300
 39.93920 -64.56820
 39.89110 -64.52780
 39.82610 -64.58860
 39.79440 -64.62030
 39.77530 -64.64580
 39.73080 -64.79860
 39.72970 -64.82190
 39.74280 -64.89140
 39.68300 -64.99410
 39.52390 -65.09250
 39.50470 -65.10030
 39.44800 -65.10660
3055 116 40.50421 41.99083 -62.45194 -60.07132 'Khorezm (Uzbekistan)'
 40.50420 -62.18550
 40.56440 -62.14110
 40.60670 -62.11250
 40.71920 -62.04470
 40.84000 -61.99930
 40.87760 -61.98640
 40.92120 -61.98530
 40.94580 -61.98750
 40.97120 -61.98420
 41.00860 -61.97050
 41.04430 -61.94790
 41.11170 -61.89330
 41.12550 -61.87420
 41.20280 -61.73780
 41.25930 -61.63240
 41.26750 -61.61140
 41.30240 -61.44640
 41.29880 -61.41480
 41.26790 -61.39490
 41.21400 -61.37970
 41.19290 -61.36190
 41.17300 -61.32930
 41.16290 -61.29000
 41.16740 -61.24530
 41.20610 -61.16150
 41.23220 -61.13900
 41.23720 -61.08580
 41.23030 -61.02250
 41.20990 -61.00420
 41.23440 -60.98180
 41.24580 -60.96280
 41.25100 -60.94000
 41.25780 -60.81190
 41.25800 -60.70500
 41.25280 -60.68000
 41.24580 -60.65640
 41.23170 -60.59390
 41.21760 -60.51810
 41.22110 -60.48000
 41.22900 -60.45370
 41.24220 -60.43250
 41.26310 -60.40890
 41.28780 -60.37440
 41.30540 -60.34430
 41.31440 -60.32580
 41.33870 -60.26460
 41.34920 -60.22280
 41.35940 -60.19420
 41.37280 -60.15970
 41.38110 -60.14030
 41.41080 -60.09210
 41.44550 -60.07780
 41.53080 -60.09740
 41.55760 -60.12140
 41.57360 -60.16070
 41.59050 -60.18390
 41.63180 -60.16070
 41.65970 -60.13610
 41.73050 -60.07580
 41.75920 -60.07130
 41.78740 -60.09440
 41.80280 -60.11680
 41.80620 -60.14330
 41.79500 -60.19330
 41.78070 -60.22570
 41.77410 -60.25930
 41.79100 -60.27420
 41.82420 -60.25300
 41.86050 -60.18040
 41.88390 -60.15280
 41.90890 -60.16860
 41.95470 -60.20030
 41.96830 -60.24140
 41.99080 -60.33360
 41.97640 -60.43220
 41.96560 -60.45420
 41.94000 -60.46050
 41.91560 -60.46030
 41.89250 -60.46330
 41.86690 -60.47390
 41.77970 -60.54370
 41.76400 -60.56930
 41.68470 -60.68550
 41.65800 -60.71390
 41.62140 -60.75800
 41.59690 -60.79190
 41.48320 -60.96220
 41.40740 -61.09300
 41.39680 -61.12100
 41.38930 -61.16870
 41.37920 -61.19990
 41.33880 -61.24850
 41.31360 -61.26190
 41.28050 -61.31330
 41.28680 -61.35330
 41.32360 -61.37220
 41.36110 -61.39750
 41.37550 -61.41440
 41.38970 -61.45110
 41.39110 -61.52360
 41.35750 -61.71720
 41.32720 -61.79330
 41.29610 -61.86000
 41.15220 -62.03310
 41.10690 -62.06550
 40.98300 -62.17060
 40.99880 -62.23940
 40.98330 -62.26170
 40.94420 -62.30940
 40.83440 -62.43720
 40.81550 -62.45190
 40.79030 -62.45140
 40.72780 -62.43420
 40.64330 -62.33500
 40.51170 -62.19250
 40.50420 -62.18550
3056 225 40.98297 45.57059 -62.48305 -55.99749 'Karakalpakstan (Uzbekistan)'
 41.88390 -60.15280
 41.89150 -60.14920
 41.91110 -60.13720
 42.03250 -60.02800
 42.16360 -60.02670
 42.21750 -60.01440
 42.29850 -59.91420
 42.31610 -59.85750
 42.32250 -59.73580
 42.30890 -59.62220
 42.29940 -59.55890
 42.29360 -59.53000
 42.29170 -59.48720
 42.29390 -59.44900
 42.29970 -59.42560
 42.35110 -59.27930
 42.36750 -59.26580
 42.39490 -59.25900
 42.42210 -59.25970
 42.44680 -59.26000
 42.47670 -59.23940
 42.49740 -59.21610
 42.54440 -59.14340
 42.53140 -59.09330
 42.52560 -59.06810
 42.52390 -59.04720
 42.52530 -59.02390
 42.53240 -58.97800
 42.54080 -58.95170
 42.60420 -58.85030
 42.63760 -58.80460
 42.66290 -58.77580
 42.70390 -58.73050
 42.79620 -58.61350
 42.78080 -58.59650
 42.75970 -58.59170
 42.71640 -58.58620
 42.69550 -58.58250
 42.67330 -58.57330
 42.66100 -58.55650
 42.65780 -58.52170
 42.65920 -58.46110
 42.66330 -58.40580
 42.67440 -58.36720
 42.68860 -58.33360
 42.69650 -58.30210
 42.69400 -58.26670
 42.64240 -58.15300
 42.61120 -58.15180
 42.58830 -58.19940
 42.57860 -58.22920
 42.57280 -58.25470
 42.56110 -58.29320
 42.55010 -58.31290
 42.52140 -58.34280
 42.30250 -58.50680
 42.29470 -58.44170
 42.30630 -58.40880
 42.35860 -58.41620
 42.39900 -58.40440
 42.42510 -58.37120
 42.44690 -58.32500
 42.46280 -58.28330
 42.47140 -58.25140
 42.50390 -58.10170
 42.50750 -58.07640
 42.50800 -58.05360
 42.50130 -58.02150
 42.44550 -57.94360
 42.39920 -57.94800
 42.37050 -57.96170
 42.34220 -57.95420
 42.26530 -57.90830
 42.21080 -57.87280
 42.18780 -57.83860
 42.15360 -57.66440
 42.15420 -57.62010
 42.16300 -57.58000
 42.17030 -57.52220
 42.17330 -57.49780
 42.17530 -57.47390
 42.17390 -57.44500
 42.17110 -57.41750
 42.15930 -57.37820
 42.14970 -57.35220
 42.13860 -57.32360
 42.12300 -57.28750
 42.10970 -57.26420
 42.09530 -57.24580
 42.06360 -57.21110
 42.03290 -57.19030
 41.99030 -57.16790
 41.96110 -57.14250
 41.94330 -57.12210
 41.92760 -57.09720
 41.91850 -57.06740
 41.91030 -57.02920
 41.90400 -57.00440
 41.88900 -56.98260
 41.86010 -56.96970
 41.68190 -56.97750
 41.47180 -57.04110
 41.44280 -57.05710
 41.40680 -57.08940
 41.39080 -57.11600
 41.34580 -57.13390
 41.26790 -57.05710
 41.25940 -57.03790
 41.27000 -56.95610
 41.27690 -56.92210
 41.28830 -56.88530
 41.29860 -56.83550
 41.29890 -56.79830
 41.29250 -56.74810
 41.28720 -56.69720
 41.28800 -56.66690
 41.28920 -56.64420
 41.29610 -56.54280
 41.29830 -56.53380
 41.29690 -56.52360
 41.30640 -56.36030
 41.31530 -56.21500
 41.32560 -56.01500
 41.32850 -56.00100
 41.35390 -56.00030
 41.57640 -55.99940
 41.89610 -55.99920
 42.13280 -55.99920
 42.21640 -56.00000
 42.48110 -55.99970
 42.76030 -55.99890
 43.01170 -55.99860
 43.08140 -55.99940
 43.34690 -55.99920
 43.62670 -55.99830
 43.87890 -55.99800
 43.94860 -55.99890
 44.50940 -55.99860
 44.73420 -55.99750
 45.00210 -55.99880
 45.06360 -56.25720
 45.09390 -56.38750
 45.15390 -56.64860
 45.16860 -56.71420
 45.17300 -56.75020
 45.17830 -56.75750
 45.18360 -56.77940
 45.24780 -57.06360
 45.32050 -57.39220
 45.36360 -57.58970
 45.40450 -57.77960
 45.45360 -58.00800
 45.50940 -58.27300
 45.56860 -58.56050
 45.57000 -58.56550
 45.57060 -58.57080
 45.00000 -59.65300
 44.21110 -61.14920
 44.19830 -61.16610
 44.07970 -61.31170
 43.83000 -61.61440
 43.66300 -61.81470
 43.54360 -61.95690
 43.48480 -62.02510
 43.32140 -62.14920
 43.31360 -62.18500
 43.30000 -62.25800
 43.25530 -62.48300
 43.21860 -62.45720
 42.97580 -62.28110
 42.64920 -62.04470
 42.42420 -61.88470
 42.38280 -61.87920
 42.17080 -61.85750
 41.99470 -61.98780
 41.97720 -62.00210
 41.91330 -61.85190
 41.86030 -61.72530
 41.82140 -61.76470
 41.72780 -61.85610
 41.51330 -62.06420
 41.39490 -62.17780
 41.32580 -62.24470
 41.16470 -62.39830
 41.11080 -62.44940
 41.08170 -62.47610
 41.04970 -62.38580
 40.99880 -62.23940
 40.98300 -62.17060
 41.10690 -62.06550
 41.15220 -62.03310
 41.29610 -61.86000
 41.32720 -61.79330
 41.35750 -61.71720
 41.39110 -61.52360
 41.38970 -61.45110
 41.37550 -61.41440
 41.36110 -61.39750
 41.32360 -61.37220
 41.28680 -61.35330
 41.28050 -61.31330
 41.31360 -61.26190
 41.33880 -61.24850
 41.37920 -61.19990
 41.38930 -61.16870
 41.39680 -61.12100
 41.40740 -61.09300
 41.48320 -60.96220
 41.59690 -60.79190
 41.62140 -60.75800
 41.65800 -60.71390
 41.68470 -60.68550
 41.76400 -60.56930
 41.77970 -60.54370
 41.86690 -60.47390
 41.89250 -60.46330
 41.91560 -60.46030
 41.94000 -60.46050
 41.96560 -60.45420
 41.97640 -60.43220
 41.99080 -60.33360
 41.96830 -60.24140
 41.95470 -60.20030
 41.90890 -60.16860
 41.88390 -60.15280
3057 210 39.44801 43.73777 -66.80220 -61.72526 'Navoi (Uzbekistan)'
 39.49160 -65.25550
 39.48580 -65.24940
 39.47930 -65.22640
 39.47260 -65.17000
 39.46490 -65.14050
 39.45640 -65.12080
 39.44800 -65.10660
 39.50470 -65.10030
 39.52390 -65.09250
 39.68300 -64.99410
 39.74280 -64.89140
 39.72970 -64.82190
 39.73080 -64.79860
 39.77530 -64.64580
 39.79440 -64.62030
 39.82610 -64.58860
 39.89110 -64.52780
 39.93920 -64.56820
 39.98640 -64.67300
 40.02750 -64.71910
 40.05030 -64.73580
 40.10690 -64.77390
 40.20170 -64.80170
 40.27390 -64.81140
 40.33400 -64.80750
 40.34720 -64.83550
 40.34530 -64.88000
 40.32760 -64.91530
 40.31050 -64.94110
 40.29420 -64.98440
 40.28530 -65.04720
 40.28140 -65.13050
 40.29280 -65.15780
 40.36640 -65.23720
 40.44320 -65.27040
 40.49800 -65.35860
 40.65080 -65.38890
 40.66970 -65.21640
 40.68000 -65.08800
 40.69970 -64.90140
 40.70870 -64.87050
 40.73030 -64.83720
 40.89670 -64.79080
 40.94300 -64.77390
 40.94510 -64.74790
 40.90920 -64.72750
 40.86500 -64.70300
 40.85890 -64.65390
 40.85780 -64.57190
 40.84680 -64.45720
 40.76740 -64.43120
 40.77750 -64.26420
 40.79440 -64.07890
 40.91940 -64.07670
 40.95240 -64.03110
 40.94360 -63.99610
 40.93440 -63.97420
 40.91640 -63.95170
 40.71460 -63.82930
 40.70920 -63.76640
 40.70740 -63.69510
 40.74440 -63.70300
 40.76890 -63.69580
 40.78610 -63.68360
 40.81360 -63.63780
 40.90720 -63.42500
 40.98280 -63.24170
 41.02050 -63.12530
 41.03560 -63.05690
 41.03470 -63.01280
 41.02790 -62.99350
 41.05000 -62.97170
 41.13420 -62.94140
 41.20530 -62.89640
 41.23110 -62.86250
 41.25190 -62.81300
 41.26220 -62.78580
 41.28750 -62.73420
 41.32530 -62.68750
 41.35890 -62.65750
 41.46800 -62.58530
 41.46670 -62.56250
 41.41440 -62.26940
 41.39940 -62.19000
 41.39490 -62.17780
 41.51330 -62.06420
 41.72780 -61.85610
 41.82140 -61.76470
 41.86030 -61.72530
 41.91330 -61.85190
 41.97720 -62.00210
 41.99470 -61.98780
 42.17080 -61.85750
 42.38280 -61.87920
 42.42420 -61.88470
 42.64920 -62.04470
 42.97580 -62.28110
 43.21860 -62.45720
 43.25530 -62.48300
 43.30000 -62.25800
 43.31360 -62.18500
 43.32140 -62.14920
 43.48480 -62.02510
 43.48830 -62.04470
 43.53280 -62.38250
 43.54640 -62.48800
 43.56250 -62.61500
 43.58920 -62.82670
 43.63640 -63.21140
 43.61940 -63.42250
 43.61000 -63.53750
 43.59030 -63.76720
 43.57050 -63.99720
 43.56920 -64.02140
 43.54800 -64.45800
 43.60030 -64.58550
 43.70330 -64.84330
 43.73780 -64.93140
 43.65250 -65.02690
 43.48080 -65.21610
 43.43250 -65.26830
 43.33940 -65.47860
 43.32110 -65.51900
 43.15360 -65.63800
 42.98940 -65.74800
 42.87720 -65.82190
 42.99690 -66.12390
 42.80030 -66.11050
 42.67170 -66.10110
 42.60440 -66.09580
 42.42390 -66.07080
 42.42330 -66.03670
 42.33640 -66.03440
 42.26390 -66.03310
 42.04610 -66.02920
 42.00310 -66.02920
 42.00310 -66.52640
 41.89670 -66.53920
 41.83640 -66.54550
 41.73900 -66.55760
 41.71690 -66.56250
 41.46050 -66.63610
 41.17500 -66.72000
 41.16480 -66.75950
 41.11690 -66.75310
 41.11420 -66.66670
 41.11470 -66.64530
 41.11330 -66.60800
 40.94060 -66.63320
 40.91810 -66.64800
 40.90860 -66.66860
 40.90420 -66.69890
 40.88530 -66.76700
 40.76000 -66.80220
 40.73000 -66.77890
 40.66640 -66.73170
 40.52470 -66.63580
 40.50670 -66.62440
 40.49510 -66.62000
 40.55250 -66.59280
 40.59640 -66.55250
 40.61690 -66.52540
 40.58750 -66.47330
 40.56640 -66.42250
 40.56440 -66.39280
 40.56860 -66.35300
 40.58170 -66.33060
 40.60720 -66.30830
 40.60860 -66.28250
 40.60560 -66.25860
 40.58780 -66.23890
 40.51060 -66.19250
 40.44920 -66.18170
 40.42650 -66.18230
 40.41430 -66.20070
 40.37080 -66.20110
 40.26940 -66.18190
 40.24720 -66.16330
 40.14670 -66.11360
 40.12940 -66.12670
 40.14390 -66.16610
 40.13900 -66.18580
 40.11150 -66.18010
 40.05650 -66.10750
 40.03920 -66.06470
 40.01980 -65.95620
 40.00780 -65.86360
 40.03690 -65.76440
 40.04860 -65.72920
 40.07160 -65.68300
 40.10860 -65.65490
 40.14500 -65.53390
 40.14270 -65.50290
 40.11390 -65.49030
 40.01260 -65.48250
 39.90460 -65.43400
 39.89120 -65.41240
 39.89370 -65.38430
 39.90530 -65.34110
 39.91330 -65.31940
 39.87110 -65.18890
 39.79710 -65.18370
 39.78080 -65.19760
 39.68510 -65.22760
 39.64110 -65.20890
 39.60100 -65.18990
 39.55530 -65.20970
 39.53030 -65.22750
 39.52640 -65.23170
 39.49160 -65.25550
3058 131 39.28846 40.61694 -67.50096 -65.18373 'Samarkand (Uzbekistan)'
 39.28880 -67.36600
 39.28850 -67.36210
 39.29330 -67.33000
 39.30720 -67.27000
 39.31330 -67.24690
 39.33350 -67.18390
 39.35180 -67.10230
 39.34970 -67.07370
 39.32780 -67.06680
 39.30100 -67.05310
 39.29280 -66.94510
 39.29650 -66.91030
 39.31280 -66.88880
 39.36510 -66.89690
 39.40090 -66.87760
 39.42140 -66.76030
 39.43000 -66.69540
 39.42830 -66.65660
 39.41360 -66.63120
 39.37470 -66.59920
 39.36170 -66.58290
 39.33770 -66.50800
 39.34530 -66.47900
 39.36670 -66.44170
 39.38580 -66.41420
 39.39950 -66.38390
 39.36890 -66.20920
 39.33800 -66.13300
 39.31780 -66.09030
 39.31780 -66.06030
 39.32110 -66.03860
 39.33080 -65.99360
 39.34640 -65.97370
 39.44170 -65.91140
 39.50560 -65.84000
 39.51380 -65.74150
 39.49000 -65.70540
 39.48210 -65.67640
 39.48000 -65.65030
 39.48330 -65.46800
 39.48390 -65.44780
 39.48920 -65.26690
 39.49160 -65.25550
 39.52640 -65.23170
 39.53030 -65.22750
 39.55530 -65.20970
 39.60100 -65.18990
 39.64110 -65.20890
 39.68510 -65.22760
 39.78080 -65.19760
 39.79710 -65.18370
 39.87110 -65.18890
 39.91330 -65.31940
 39.90530 -65.34110
 39.89370 -65.38430
 39.89120 -65.41240
 39.90460 -65.43400
 40.01260 -65.48250
 40.11390 -65.49030
 40.14270 -65.50290
 40.14500 -65.53390
 40.10860 -65.65490
 40.07160 -65.68300
 40.04860 -65.72920
 40.03690 -65.76440
 40.00780 -65.86360
 40.01980 -65.95620
 40.03920 -66.06470
 40.05650 -66.10750
 40.11150 -66.18010
 40.13900 -66.18580
 40.14390 -66.16610
 40.12940 -66.12670
 40.14670 -66.11360
 40.24720 -66.16330
 40.26940 -66.18190
 40.37080 -66.20110
 40.41430 -66.20070
 40.42650 -66.18230
 40.44920 -66.18170
 40.51060 -66.19250
 40.58780 -66.23890
 40.60560 -66.25860
 40.60860 -66.28250
 40.60720 -66.30830
 40.58170 -66.33060
 40.56860 -66.35300
 40.56440 -66.39280
 40.56640 -66.42250
 40.58750 -66.47330
 40.61690 -66.52540
 40.59640 -66.55250
 40.55250 -66.59280
 40.49510 -66.62000
 40.48970 -66.66530
 40.48000 -66.78860
 40.47870 -66.88610
 40.44680 -66.90650
 40.41750 -66.90580
 40.38300 -66.88930
 40.32170 -66.89010
 40.24800 -66.90860
 40.22050 -66.94890
 40.17640 -66.97910
 40.14430 -66.97070
 40.12790 -66.93580
 40.10170 -66.93660
 40.06870 -66.94080
 39.99940 -67.06540
 39.98470 -67.11420
 39.98330 -67.13940
 39.97800 -67.21830
 39.93030 -67.47960
 39.81880 -67.50100
 39.81300 -67.47640
 39.80550 -67.43980
 39.78500 -67.38890
 39.76930 -67.36870
 39.66560 -67.29310
 39.63640 -67.29190
 39.59240 -67.29610
 39.57000 -67.31220
 39.55250 -67.33440
 39.50670 -67.40220
 39.49030 -67.42920
 39.48360 -67.44200
 39.46250 -67.44250
 39.43720 -67.44000
 39.36790 -67.43150
 39.29690 -67.40910
 39.28880 -67.36600
3063 142 37.98164 39.51381 -67.69686 -64.38303 'Kashkadar'ya (Uzbekistan)'
 39.44800 -65.10660
 39.45640 -65.12080
 39.46490 -65.14050
 39.47260 -65.17000
 39.47930 -65.22640
 39.48580 -65.24940
 39.49160 -65.25550
 39.48920 -65.26690
 39.48390 -65.44780
 39.48330 -65.46800
 39.48000 -65.65030
 39.48210 -65.67640
 39.49000 -65.70540
 39.51380 -65.74150
 39.50560 -65.84000
 39.44170 -65.91140
 39.34640 -65.97370
 39.33080 -65.99360
 39.32110 -66.03860
 39.31780 -66.06030
 39.31780 -66.09030
 39.33800 -66.13300
 39.36890 -66.20920
 39.39950 -66.38390
 39.38580 -66.41420
 39.36670 -66.44170
 39.34530 -66.47900
 39.33770 -66.50800
 39.36170 -66.58290
 39.37470 -66.59920
 39.41360 -66.63120
 39.42830 -66.65660
 39.43000 -66.69540
 39.42140 -66.76030
 39.40090 -66.87760
 39.36510 -66.89690
 39.31280 -66.88880
 39.29650 -66.91030
 39.29280 -66.94510
 39.30100 -67.05310
 39.32780 -67.06680
 39.34970 -67.07370
 39.35180 -67.10230
 39.33350 -67.18390
 39.31330 -67.24690
 39.30720 -67.27000
 39.29330 -67.33000
 39.28850 -67.36210
 39.28880 -67.36600
 39.27170 -67.36470
 39.21670 -67.37590
 39.16770 -67.52190
 39.17170 -67.56670
 39.17320 -67.59550
 39.16850 -67.62600
 39.12850 -67.69690
 39.01600 -67.69530
 38.99590 -67.66730
 38.98780 -67.63330
 38.98680 -67.58940
 38.98220 -67.55220
 38.95680 -67.51640
 38.89650 -67.52300
 38.87610 -67.53410
 38.85220 -67.55100
 38.76710 -67.55960
 38.69860 -67.52690
 38.72190 -67.49410
 38.73110 -67.46330
 38.73190 -67.44010
 38.72050 -67.40390
 38.68040 -67.36710
 38.64970 -67.34610
 38.55670 -67.22860
 38.49580 -67.15300
 38.43210 -67.13670
 38.38720 -67.12350
 38.33940 -67.06930
 38.31420 -67.02500
 38.28810 -66.96260
 38.19640 -66.84280
 38.08000 -66.70230
 38.05990 -66.69040
 37.98160 -66.66610
 37.99650 -66.65140
 38.01550 -66.62030
 38.02440 -66.60030
 38.03500 -66.57030
 38.04080 -66.54140
 38.04330 -66.52050
 38.04210 -66.49220
 38.03740 -66.45140
 38.04360 -66.42390
 38.08180 -66.32610
 38.09570 -66.30640
 38.12220 -66.28600
 38.14740 -66.26560
 38.23320 -66.07830
 38.24110 -66.05580
 38.28200 -65.87820
 38.27360 -65.84030
 38.25740 -65.80510
 38.23440 -65.77690
 38.22580 -65.73920
 38.22580 -65.71640
 38.22800 -65.69550
 38.23640 -65.65780
 38.24360 -65.62780
 38.25390 -65.59720
 38.26830 -65.56440
 38.38990 -65.32820
 38.41080 -65.29220
 38.43470 -65.25670
 38.47690 -65.19890
 38.51190 -65.15170
 38.53330 -65.12390
 38.54800 -65.10660
 38.62170 -64.99530
 38.63190 -64.97640
 38.64890 -64.93530
 38.65680 -64.90760
 38.66610 -64.87500
 38.69000 -64.79800
 38.70830 -64.74660
 38.73900 -64.67150
 38.76140 -64.63170
 38.87390 -64.46470
 38.89690 -64.43480
 38.91390 -64.41640
 38.92940 -64.40190
 38.94550 -64.38860
 38.95310 -64.38300
 39.05220 -64.49860
 39.12690 -64.75580
 39.16680 -64.88610
 39.20280 -64.87390
 39.21750 -64.85610
 39.24160 -64.84030
 39.26630 -64.84350
 39.34960 -64.94470
 39.38780 -65.02500
 39.44800 -65.10660
3064 116 37.18499 39.01599 -68.38297 -66.51694 'Surkhandar'ya (Uzbekistan)'
 37.94210 -68.23840
 37.93400 -68.17110
 37.91630 -68.14260
 37.88440 -68.13000
 37.85890 -68.12300
 37.80240 -68.09540
 37.76530 -68.07300
 37.73890 -68.05190
 37.68750 -68.00180
 37.67330 -67.98120
 37.63610 -67.93720
 37.61720 -67.91720
 37.59970 -67.90300
 37.54300 -67.86100
 37.50580 -67.83830
 37.48210 -67.82640
 37.44610 -67.81750
 37.41640 -67.81750
 37.39070 -67.82960
 37.35250 -67.84080
 37.32150 -67.84370
 37.28170 -67.84140
 37.25900 -67.83710
 37.21870 -67.81400
 37.19080 -67.78740
 37.18580 -67.77990
 37.20520 -67.77320
 37.22260 -67.74960
 37.22890 -67.72580
 37.24610 -67.64940
 37.26860 -67.52640
 37.25050 -67.45640
 37.21900 -67.40070
 37.21250 -67.38080
 37.20330 -67.30490
 37.19440 -67.29240
 37.18580 -67.26680
 37.18500 -67.24610
 37.19750 -67.22580
 37.22640 -67.21620
 37.24670 -67.20030
 37.34330 -67.09210
 37.37970 -67.01290
 37.38250 -66.97030
 37.37890 -66.92690
 37.36580 -66.85800
 37.36360 -66.83640
 37.35560 -66.72110
 37.36050 -66.62350
 37.36820 -66.58030
 37.36640 -66.53770
 37.39030 -66.51910
 37.53190 -66.51690
 37.78080 -66.53980
 37.81820 -66.55430
 37.88470 -66.61610
 37.90490 -66.63780
 37.92710 -66.66000
 37.96460 -66.67090
 37.98160 -66.66610
 38.05990 -66.69040
 38.08000 -66.70230
 38.19640 -66.84280
 38.28810 -66.96260
 38.31420 -67.02500
 38.33940 -67.06930
 38.38720 -67.12350
 38.43210 -67.13670
 38.49580 -67.15300
 38.55670 -67.22860
 38.64970 -67.34610
 38.68040 -67.36710
 38.72050 -67.40390
 38.73190 -67.44010
 38.73110 -67.46330
 38.72190 -67.49410
 38.69860 -67.52690
 38.76710 -67.55960
 38.85220 -67.55100
 38.87610 -67.53410
 38.89650 -67.52300
 38.95680 -67.51640
 38.98220 -67.55220
 38.98680 -67.58940
 38.98780 -67.63330
 38.99590 -67.66730
 39.01600 -67.69530
 39.00620 -67.70000
 38.99510 -67.71730
 38.99030 -67.75080
 38.97760 -67.86080
 38.99690 -67.93470
 39.00800 -67.98440
 38.99890 -68.11050
 38.98100 -68.12640
 38.95030 -68.14010
 38.93140 -68.15390
 38.90470 -68.18030
 38.89850 -68.18510
 38.85170 -68.19360
 38.82070 -68.17430
 38.80620 -68.14970
 38.79800 -68.12000
 38.66470 -68.07420
 38.54390 -68.07120
 38.42760 -68.12490
 38.33010 -68.21980
 38.30370 -68.27750
 38.26760 -68.33710
 38.23750 -68.36430
 38.19490 -68.38300
 38.16050 -68.38000
 38.08550 -68.35500
 38.04620 -68.33780
 37.95230 -68.26850
 37.94210 -68.23840
3104 63 40.38785 41.04022 -73.16755 -71.57527 'Andizhan (Uzbekistan)'
 40.46450 -72.22710
 40.56260 -72.22050
 40.59050 -72.13000
 40.59660 -72.07690
 40.61580 -71.90280
 40.62600 -71.86440
 40.64970 -71.84550
 40.68340 -71.81360
 40.69440 -71.79480
 40.71440 -71.74170
 40.72570 -71.64470
 40.73770 -71.61160
 40.77410 -71.58170
 40.79410 -71.62280
 40.83800 -71.57530
 40.86910 -71.61910
 40.88220 -71.64500
 40.91830 -71.83080
 40.91760 -71.90840
 40.90880 -71.93050
 40.89210 -72.01050
 40.88980 -72.04580
 40.89610 -72.14110
 40.90760 -72.16520
 41.00660 -72.19550
 41.03220 -72.31920
 41.04020 -72.39530
 41.01670 -72.50330
 40.95380 -72.57970
 40.92790 -72.60580
 40.89480 -72.62130
 40.87910 -72.66000
 40.87050 -72.70220
 40.86910 -72.72550
 40.86770 -72.89940
 40.86830 -73.04910
 40.84720 -73.15250
 40.82910 -73.16750
 40.79970 -73.14720
 40.77510 -73.10410
 40.71270 -72.94360
 40.69330 -72.87800
 40.68880 -72.85190
 40.67510 -72.80590
 40.58490 -72.71050
 40.53560 -72.67360
 40.51940 -72.65390
 40.51340 -72.62920
 40.52150 -72.59120
 40.61640 -72.40460
 40.60280 -72.37360
 40.52620 -72.38000
 40.50720 -72.39970
 40.48810 -72.43410
 40.45870 -72.45300
 40.43380 -72.44640
 40.40460 -72.43280
 40.38790 -72.42050
 40.39270 -72.39390
 40.40940 -72.34530
 40.44720 -72.28310
 40.46550 -72.25800
 40.46450 -72.22710
3105 68 40.14792 40.77413 -72.22705 -70.34309 'Fergana (Uzbekistan)'
 40.72560 -70.79680
 40.72990 -70.80250
 40.75050 -70.90780
 40.76050 -70.98080
 40.75820 -71.12490
 40.72270 -71.08940
 40.69020 -71.10750
 40.65840 -71.15120
 40.61580 -71.28090
 40.65350 -71.34080
 40.66720 -71.35910
 40.68350 -71.37550
 40.70010 -71.38720
 40.72400 -71.42650
 40.75900 -71.51320
 40.77410 -71.58170
 40.73770 -71.61160
 40.72570 -71.64470
 40.71440 -71.74170
 40.69440 -71.79480
 40.68340 -71.81360
 40.64970 -71.84550
 40.62600 -71.86440
 40.61580 -71.90280
 40.59660 -72.07690
 40.59050 -72.13000
 40.56260 -72.22050
 40.46450 -72.22710
 40.46490 -72.20690
 40.46200 -72.17960
 40.43230 -72.11210
 40.33440 -72.01280
 40.26630 -72.04390
 40.25050 -71.90360
 40.19370 -71.80770
 40.17440 -71.78280
 40.14790 -71.71420
 40.21550 -71.52420
 40.22380 -71.50560
 40.23860 -71.48470
 40.26880 -71.47110
 40.30190 -71.39000
 40.30990 -71.29910
 40.28720 -71.24660
 40.27740 -71.13920
 40.27800 -71.09410
 40.27760 -71.06790
 40.26760 -70.99570
 40.24480 -70.98200
 40.24490 -70.95780
 40.24120 -70.86070
 40.22830 -70.82250
 40.21910 -70.79300
 40.20910 -70.74890
 40.20400 -70.70850
 40.20590 -70.64500
 40.21190 -70.62360
 40.23310 -70.60290
 40.25520 -70.58940
 40.35040 -70.46100
 40.37640 -70.37550
 40.44580 -70.34310
 40.47130 -70.37000
 40.49110 -70.41530
 40.55940 -70.53500
 40.67510 -70.73400
 40.70630 -70.77750
 40.72560 -70.79680
3106 93 40.61577 41.55626 -72.21547 -70.39555 'Namangan (Uzbekistan)'
 41.03870 -70.46510
 41.05940 -70.46970
 41.08800 -70.46910
 41.13060 -70.46150
 41.14800 -70.44970
 41.16410 -70.43580
 41.19080 -70.40830
 41.31260 -70.39550
 41.32700 -70.40960
 41.37050 -70.45220
 41.38720 -70.46440
 41.41220 -70.47420
 41.41080 -70.48890
 41.41910 -70.53120
 41.44400 -70.60110
 41.45910 -70.63420
 41.47590 -70.66970
 41.47030 -70.71100
 41.39480 -70.77170
 41.35500 -70.79340
 41.33090 -70.79260
 41.25050 -70.81330
 41.20360 -70.98830
 41.16110 -71.15690
 41.18670 -71.20810
 41.19460 -71.24550
 41.12550 -71.39720
 41.12080 -71.42360
 41.14310 -71.44040
 41.19580 -71.44220
 41.23020 -71.44220
 41.25750 -71.43910
 41.33260 -71.43440
 41.35040 -71.44780
 41.31810 -71.50210
 41.30240 -71.54570
 41.30180 -71.57600
 41.31580 -71.59850
 41.33360 -71.61800
 41.39730 -71.65150
 41.42880 -71.65980
 41.46290 -71.65010
 41.48420 -71.62600
 41.50410 -71.61940
 41.55490 -71.64540
 41.55630 -71.68830
 41.35800 -71.86680
 41.33110 -71.88830
 41.30240 -71.89440
 41.27480 -71.89620
 41.24610 -71.88990
 41.20060 -71.88830
 41.18950 -71.90900
 41.19650 -72.11140
 41.20400 -72.15020
 41.19270 -72.18110
 41.05230 -72.21550
 41.00660 -72.19550
 40.90760 -72.16520
 40.89610 -72.14110
 40.88980 -72.04580
 40.89210 -72.01050
 40.90880 -71.93050
 40.91760 -71.90840
 40.91830 -71.83080
 40.88220 -71.64500
 40.86910 -71.61910
 40.83800 -71.57530
 40.79410 -71.62280
 40.77410 -71.58170
 40.75900 -71.51320
 40.72400 -71.42650
 40.70010 -71.38720
 40.68350 -71.37550
 40.66720 -71.35910
 40.65350 -71.34080
 40.61580 -71.28090
 40.65840 -71.15120
 40.69020 -71.10750
 40.72270 -71.08940
 40.75820 -71.12490
 40.76050 -70.98080
 40.75050 -70.90780
 40.72990 -70.80250
 40.72560 -70.79680
 40.74920 -70.78420
 40.76150 -70.75970
 40.77040 -70.71250
 40.82740 -70.66720
 40.87020 -70.65800
 40.97740 -70.54860
 41.03450 -70.47510
 41.03870 -70.46510
3127 130 39.48358 41.19215 -68.70236 -66.60804 'Dzhizak (Uzbekistan)'
 40.11770 -68.70240
 40.06440 -68.64900
 40.04110 -68.63530
 40.02110 -68.63320
 39.99710 -68.64350
 39.96580 -68.65690
 39.93080 -68.66230
 39.85820 -68.64270
 39.83940 -68.63720
 39.77110 -68.62860
 39.65050 -68.62760
 39.63030 -68.61180
 39.55470 -68.54030
 39.54780 -68.52030
 39.53750 -68.47330
 39.53560 -68.38470
 39.53670 -68.35330
 39.55360 -68.17530
 39.55670 -68.14890
 39.56720 -68.08250
 39.60050 -67.90780
 39.61140 -67.86300
 39.61950 -67.83800
 39.63050 -67.75920
 39.62920 -67.72970
 39.62580 -67.70970
 39.61530 -67.68190
 39.52890 -67.50440
 39.48360 -67.44200
 39.49030 -67.42920
 39.50670 -67.40220
 39.55250 -67.33440
 39.57000 -67.31220
 39.59240 -67.29610
 39.63640 -67.29190
 39.66560 -67.29310
 39.76930 -67.36870
 39.78500 -67.38890
 39.80550 -67.43980
 39.81300 -67.47640
 39.81880 -67.50100
 39.93030 -67.47960
 39.97800 -67.21830
 39.98330 -67.13940
 39.98470 -67.11420
 39.99940 -67.06540
 40.06870 -66.94080
 40.10170 -66.93660
 40.12790 -66.93580
 40.14430 -66.97070
 40.17640 -66.97910
 40.22050 -66.94890
 40.24800 -66.90860
 40.32170 -66.89010
 40.38300 -66.88930
 40.41750 -66.90580
 40.44680 -66.90650
 40.47870 -66.88610
 40.48000 -66.78860
 40.48970 -66.66530
 40.49510 -66.62000
 40.50670 -66.62440
 40.52470 -66.63580
 40.66640 -66.73170
 40.73000 -66.77890
 40.76000 -66.80220
 40.88530 -66.76700
 40.90420 -66.69890
 40.90860 -66.66860
 40.91810 -66.64800
 40.94060 -66.63320
 41.11330 -66.60800
 41.11470 -66.64530
 41.11420 -66.66670
 41.11690 -66.75310
 41.16480 -66.75950
 41.16190 -66.77780
 41.15000 -66.87580
 41.14330 -67.07190
 41.14500 -67.15910
 41.14920 -67.35050
 41.15420 -67.43940
 41.15890 -67.48970
 41.16750 -67.53610
 41.18220 -67.64000
 41.19210 -67.75530
 41.18330 -67.93550
 41.13050 -67.98940
 41.06490 -68.10730
 41.05170 -68.14030
 41.03610 -68.15420
 40.98300 -68.14480
 40.90750 -68.11610
 40.87940 -68.10330
 40.85720 -68.08110
 40.84080 -68.05390
 40.81030 -68.04800
 40.70390 -68.21280
 40.69140 -68.23330
 40.68050 -68.25690
 40.67780 -68.26550
 40.65570 -68.26710
 40.60990 -68.25530
 40.60780 -68.21610
 40.59890 -68.17610
 40.51580 -68.16190
 40.52050 -68.18430
 40.52690 -68.21560
 40.47760 -68.19680
 40.41050 -68.15660
 40.34780 -68.11890
 40.31620 -68.10120
 40.29750 -68.09190
 40.26740 -68.09030
 40.23320 -68.11050
 40.22250 -68.26220
 40.22530 -68.36110
 40.22830 -68.38830
 40.23280 -68.41420
 40.24060 -68.45390
 40.24990 -68.48790
 40.25800 -68.53000
 40.26220 -68.55250
 40.27350 -68.65500
 40.23250 -68.65170
 40.18410 -68.64200
 40.16580 -68.60570
 40.14000 -68.63670
 40.12190 -68.68140
 40.11770 -68.70240
3128 56 40.18406 40.94680 -69.12053 -68.09026 'Syrdar'ya (Uzbekistan)'
 40.23020 -69.07890
 40.23470 -69.06160
 40.23870 -69.03580
 40.20800 -68.76830
 40.20250 -68.72790
 40.19610 -68.69550
 40.18410 -68.64200
 40.23250 -68.65170
 40.27350 -68.65500
 40.26220 -68.55250
 40.25800 -68.53000
 40.24990 -68.48790
 40.24060 -68.45390
 40.23280 -68.41420
 40.22830 -68.38830
 40.22530 -68.36110
 40.22250 -68.26220
 40.23320 -68.11050
 40.26740 -68.09030
 40.29750 -68.09190
 40.31620 -68.10120
 40.34780 -68.11890
 40.41050 -68.15660
 40.47760 -68.19680
 40.52690 -68.21560
 40.52050 -68.18430
 40.51580 -68.16190
 40.59890 -68.17610
 40.60780 -68.21610
 40.60990 -68.25530
 40.65570 -68.26710
 40.67780 -68.26550
 40.65620 -68.31050
 40.59780 -68.45530
 40.59440 -68.47970
 40.59970 -68.60800
 40.61420 -68.64070
 40.67170 -68.65190
 40.71800 -68.62860
 40.73890 -68.58920
 40.86140 -68.56810
 40.92000 -68.59360
 40.93690 -68.61670
 40.94670 -68.64610
 40.94680 -68.64870
 40.92500 -68.67140
 40.85110 -68.75920
 40.79420 -68.83420
 40.72110 -68.94050
 40.65600 -69.04910
 40.58380 -69.12050
 40.42010 -69.09200
 40.33550 -69.07100
 40.31030 -69.07360
 40.29280 -69.08440
 40.23020 -69.07890
3129 27 39.82965 40.14763 -69.00874 -68.63318 'Syrdar'ya (Uzbekistan)'
 39.85820 -68.64270
 39.93080 -68.66230
 39.96580 -68.65690
 39.99710 -68.64350
 40.02110 -68.63320
 40.04110 -68.63530
 40.06440 -68.64900
 40.11770 -68.70240
 40.11640 -68.71390
 40.12220 -68.76220
 40.12880 -68.79540
 40.14760 -68.87620
 40.14080 -68.99110
 40.10370 -69.00870
 40.07060 -68.99500
 40.07530 -68.93280
 40.07870 -68.82300
 40.06790 -68.78460
 40.00080 -68.81160
 39.97780 -68.82940
 39.95490 -68.85670
 39.89230 -68.90470
 39.82960 -68.75760
 39.84930 -68.73550
 39.86860 -68.72300
 39.86250 -68.65610
 39.85820 -68.64270
3130 148 40.19055 42.30260 -71.27575 -68.64875 'Tashkent (Uzbekistan)'
 40.94680 -68.64870
 40.95190 -68.66440
 40.97780 -68.72170
 41.00120 -68.73890
 41.03940 -68.75070
 41.07030 -68.76900
 41.08570 -68.78580
 41.11860 -68.87530
 41.19970 -69.03170
 41.22220 -69.06460
 41.27190 -69.07300
 41.35760 -69.07070
 41.37680 -69.05960
 41.45970 -69.22670
 41.47080 -69.25500
 41.48440 -69.35390
 41.57560 -69.49000
 41.67010 -69.63720
 41.69920 -69.75860
 41.70330 -69.78640
 41.70670 -69.84590
 41.71190 -69.92840
 41.78030 -70.05800
 41.82830 -70.14000
 41.84440 -70.15660
 41.87610 -70.18280
 41.95520 -70.24410
 42.04290 -70.33780
 42.05790 -70.36320
 42.06940 -70.38790
 42.09650 -70.46220
 42.10050 -70.48480
 42.09110 -70.50560
 42.06740 -70.53110
 42.04060 -70.53830
 42.02430 -70.62820
 42.04860 -70.64550
 42.07390 -70.65440
 42.09660 -70.66550
 42.19880 -70.75070
 42.20400 -70.79280
 42.19500 -70.84090
 42.20510 -70.88410
 42.21770 -70.90780
 42.25080 -70.96690
 42.25470 -70.97080
 42.26200 -70.98050
 42.29900 -71.03320
 42.30260 -71.06450
 42.27760 -71.12250
 42.24970 -71.17250
 42.21830 -71.23170
 42.20570 -71.26390
 42.20420 -71.27510
 42.19820 -71.27570
 42.17450 -71.26370
 42.14190 -71.22250
 42.04260 -70.98100
 42.03950 -70.94510
 42.04570 -70.91230
 42.04180 -70.87720
 42.02700 -70.85940
 41.97060 -70.85150
 41.93120 -70.84670
 41.91360 -70.78530
 41.91230 -70.75180
 41.91010 -70.70020
 41.80010 -70.53080
 41.78550 -70.51670
 41.75070 -70.50240
 41.73200 -70.49160
 41.71650 -70.47460
 41.63330 -70.30860
 41.62500 -70.28530
 41.61500 -70.25190
 41.59870 -70.20470
 41.58260 -70.18430
 41.54120 -70.18100
 41.51910 -70.20630
 41.51470 -70.26640
 41.51520 -70.29280
 41.51080 -70.32330
 41.50550 -70.34780
 41.49930 -70.37000
 41.47770 -70.41370
 41.45930 -70.43500
 41.41220 -70.47420
 41.38720 -70.46440
 41.37050 -70.45220
 41.32700 -70.40960
 41.31260 -70.39550
 41.19080 -70.40830
 41.16410 -70.43580
 41.14800 -70.44970
 41.13060 -70.46150
 41.08800 -70.46910
 41.05940 -70.46970
 41.03870 -70.46510
 41.04330 -70.46080
 41.04930 -70.43900
 41.04770 -70.41760
 41.03660 -70.39120
 41.00920 -70.37570
 40.96180 -70.37440
 40.93490 -70.36080
 40.89920 -70.32350
 40.85820 -70.25290
 40.77000 -70.05030
 40.75410 -70.00000
 40.74610 -69.97260
 40.74030 -69.94000
 40.73390 -69.90030
 40.72250 -69.84720
 40.71250 -69.81810
 40.67970 -69.78600
 40.65190 -69.75960
 40.63880 -69.72680
 40.64260 -69.68970
 40.65530 -69.66900
 40.72500 -69.58830
 40.75120 -69.57150
 40.78080 -69.53720
 40.81110 -69.45150
 40.79990 -69.40060
 40.77940 -69.36530
 40.76400 -69.34890
 40.59550 -69.27000
 40.50280 -69.25970
 40.37470 -69.32830
 40.33350 -69.33870
 40.20970 -69.31940
 40.19900 -69.30250
 40.19110 -69.24910
 40.19050 -69.22690
 40.19550 -69.19420
 40.20870 -69.13410
 40.23020 -69.07890
 40.29280 -69.08440
 40.31030 -69.07360
 40.33550 -69.07100
 40.42010 -69.09200
 40.58380 -69.12050
 40.65600 -69.04910
 40.72110 -68.94050
 40.79420 -68.83420
 40.85110 -68.75920
 40.92500 -68.67140
 40.94680 -68.64870
