0 31 13.0506 13.3371 59.4271 59.6594 'Barbados (Barbados)'
 13.05055 59.53305
 13.06903 59.54542
 13.07584 59.57111
 13.08354 59.60847
 13.10153 59.62709
 13.14639 59.64278
 13.28777 59.65945
 13.29916 59.65834
 13.31792 59.65195
 13.32972 59.64292
 13.33500 59.63111
 13.33708 59.61612
 13.33084 59.59348
 13.29472 59.57154
 13.27695 59.56570
 13.25527 59.55695
 13.24334 59.54834
 13.21153 59.51709
 13.18584 59.47945
 13.18069 59.46681
 13.17195 59.43986
 13.16500 59.42917
 13.15042 59.42708
 13.13527 59.43028
 13.11666 59.43945
 13.10805 59.44473
 13.09584 59.45347
 13.08555 59.46445
 13.05945 59.50000
 13.05500 59.51028
 13.05055 59.53305
