4363 47 -5.93537 -4.94086 -144.26350 -142.75310 'Enga (Papua New Guinea)'
 -5.86822 -143.81900
 -5.86574 -143.76800
 -5.93537 -143.53500
 -5.85769 -143.36100
 -5.72271 -143.29200
 -5.55769 -142.75400
 -4.96974 -142.75300
 -5.00944 -142.80900
 -5.00005 -142.86000
 -4.95205 -142.91000
 -4.94086 -142.94500
 -4.96160 -143.01800
 -4.99418 -143.08900
 -5.05365 -143.16800
 -5.06332 -143.20700
 -5.05539 -143.25600
 -5.10810 -143.29400
 -4.99837 -143.97200
 -5.01305 -143.97500
 -5.03639 -143.99300
 -5.09306 -144.05700
 -5.11083 -144.10800
 -5.11139 -144.13200
 -5.13194 -144.15800
 -5.14555 -144.16500
 -5.17611 -144.17800
 -5.21389 -144.18100
 -5.22750 -144.18800
 -5.26028 -144.24300
 -5.26837 -144.26400
 -5.30817 -144.25300
 -5.34776 -144.22900
 -5.35727 -144.18400
 -5.34467 -144.07200
 -5.38136 -144.05000
 -5.42505 -144.08200
 -5.53721 -144.12300
 -5.63827 -144.12800
 -5.69274 -144.10500
 -5.72480 -144.07400
 -5.73098 -144.01200
 -5.73470 -143.97400
 -5.76827 -143.94500
 -5.79588 -143.91500
 -5.80226 -143.86200
 -5.81664 -143.83800
 -5.86822 -143.81900
4364 91 -5.10810 -3.35389 -144.61386 -141.35860 'East Sepik (Papua New Guinea)'
 -4.99837 -143.97200
 -5.10810 -143.29400
 -5.05539 -143.25600
 -5.06332 -143.20700
 -5.05365 -143.16800
 -4.99418 -143.08900
 -4.96160 -143.01800
 -4.94086 -142.94500
 -4.95205 -142.91000
 -5.00005 -142.86000
 -5.00944 -142.80900
 -4.96974 -142.75300
 -4.95639 -142.67900
 -4.94057 -142.63000
 -4.96358 -142.59200
 -4.96865 -142.47200
 -4.96191 -142.43200
 -4.92036 -142.35800
 -4.55170 -142.33500
 -4.55788 -141.36900
 -4.21175 -141.35900
 -3.99250 -141.67900
 -3.98417 -141.70200
 -4.00806 -141.71200
 -4.02333 -141.73600
 -4.03833 -141.75900
 -4.04389 -141.78800
 -4.02638 -142.49800
 -3.86762 -142.50300
 -3.86825 -142.61000
 -3.78212 -142.60900
 -3.68554 -142.60500
 -3.64965 -142.59200
 -3.58718 -142.58600
 -3.53541 -142.59600
 -3.47346 -142.61700
 -3.39921 -142.76600
 -3.40711 -142.79000
 -3.46346 -142.86200
 -3.51784 -143.06000
 -3.36021 -143.07300
 -3.35542 -143.09100
 -3.35389 -143.10600
 -3.35389 -143.12400
 -3.35722 -143.17300
 -3.36000 -143.19500
 -3.36666 -143.21200
 -3.37972 -143.22900
 -3.38445 -143.23800
 -3.38806 -143.25600
 -3.40166 -143.34100
 -3.40166 -143.37100
 -3.40305 -143.38400
 -3.40639 -143.40800
 -3.41195 -143.44300
 -3.43555 -143.51800
 -3.44500 -143.53300
 -3.47555 -143.56900
 -3.51445 -143.59900
 -3.52472 -143.60200
 -3.54584 -143.61000
 -3.56722 -143.64900
 -3.60416 -143.73100
 -3.61084 -143.76800
 -3.61326 -143.79600
 -3.74000 -143.95500
 -3.76000 -143.96500
 -3.77972 -143.97600
 -3.79465 -143.98900
 -3.81055 -144.01700
 -3.87097 -144.25000
 -3.85847 -144.25400
 -3.84555 -144.25800
 -3.80639 -144.28100
 -3.80250 -144.33800
 -3.80250 -144.37500
 -3.82222 -144.51400
 -3.84819 -144.53400
 -3.87861 -144.55100
 -3.89389 -144.54700
 -3.90416 -144.54500
 -3.93445 -144.54200
 -3.95361 -144.54400
 -3.96792 -144.54900
 -3.99195 -144.57100
 -4.00611 -144.59100
 -4.01305 -144.60800
 -4.01445 -144.61400
 -4.53858 -144.60200
 -4.97585 -144.11500
 -4.99837 -143.97200
4365 101 -6.00072 -4.01305 -146.79631 -143.97169 'Madang (Papua New Guinea)'
 -5.84122 -145.15800
 -5.78625 -145.08200
 -5.75181 -144.99100
 -5.63225 -144.95200
 -5.59459 -144.92400
 -5.51699 -144.82900
 -5.35523 -144.60600
 -5.22723 -144.51500
 -5.21342 -144.34200
 -5.23975 -144.32200
 -5.26837 -144.26400
 -5.26028 -144.24300
 -5.22750 -144.18800
 -5.21389 -144.18100
 -5.17611 -144.17800
 -5.14555 -144.16500
 -5.13194 -144.15800
 -5.11139 -144.13200
 -5.11083 -144.10800
 -5.09306 -144.05700
 -5.03639 -143.99300
 -5.01305 -143.97500
 -4.99837 -143.97200
 -4.97585 -144.11500
 -4.53858 -144.60200
 -4.01445 -144.61400
 -4.01305 -144.65400
 -4.01431 -144.67600
 -4.03139 -144.73000
 -4.04639 -144.76700
 -4.09569 -144.85400
 -4.11361 -144.87600
 -4.22458 -144.98000
 -4.23500 -144.98700
 -4.24834 -144.99300
 -4.26250 -144.99600
 -4.28166 -145.00500
 -4.33722 -145.03500
 -4.35195 -145.05500
 -4.37278 -145.09200
 -4.38278 -145.15700
 -4.38805 -145.22900
 -4.37861 -145.25300
 -4.37666 -145.29400
 -4.37722 -145.30500
 -4.39084 -145.33600
 -4.49416 -145.45100
 -4.50445 -145.45900
 -4.59250 -145.52700
 -4.70403 -145.61700
 -4.76361 -145.67800
 -4.77695 -145.69400
 -4.80278 -145.73600
 -4.92778 -145.78100
 -5.06903 -145.81400
 -5.23139 -145.78700
 -5.26361 -145.76600
 -5.30528 -145.73900
 -5.41222 -145.72400
 -5.42805 -145.72500
 -5.44916 -145.73400
 -5.47305 -145.75100
 -5.48528 -145.76600
 -5.48986 -145.78900
 -5.48611 -145.87200
 -5.47681 -145.93300
 -5.47305 -145.96400
 -5.47639 -145.97700
 -5.51250 -146.08200
 -5.55139 -146.17500
 -5.55889 -146.19500
 -5.58889 -146.28900
 -5.59916 -146.37600
 -5.59861 -146.44300
 -5.60757 -146.47100
 -5.65468 -146.53100
 -5.69472 -146.58100
 -5.71778 -146.60500
 -5.74389 -146.64100
 -5.75195 -146.65300
 -5.75611 -146.66300
 -5.76416 -146.68900
 -5.76972 -146.71500
 -5.79250 -146.77300
 -5.80139 -146.78500
 -5.83442 -146.79600
 -5.86136 -146.78000
 -5.99552 -146.58200
 -6.00072 -146.54400
 -5.95160 -146.53800
 -5.95389 -145.80500
 -5.95755 -145.71100
 -5.89698 -145.65100
 -5.89945 -145.55100
 -5.96515 -145.49500
 -5.87676 -145.45500
 -5.85237 -145.42200
 -5.87022 -145.34900
 -5.87225 -145.30100
 -5.80781 -145.27100
 -5.84122 -145.15800
4366 15 -5.45111 -5.19153 -147.22885 -147.00247 'Madang (Papua New Guinea)'
 -5.45111 -147.13600
 -5.44445 -147.12200
 -5.35264 -147.00900
 -5.30389 -147.00200
 -5.25889 -147.00800
 -5.23916 -147.01500
 -5.19334 -147.10900
 -5.19153 -147.12500
 -5.19528 -147.13500
 -5.24861 -147.19100
 -5.26916 -147.21200
 -5.36389 -147.22900
 -5.42861 -147.22400
 -5.44903 -147.15600
 -5.45111 -147.13600
4367 21 -4.76445 -4.52792 -146.05456 -145.87315 'Madang (Papua New Guinea)'
 -4.76445 -145.95100
 -4.76445 -145.94400
 -4.76195 -145.93400
 -4.75639 -145.91900
 -4.73861 -145.89500
 -4.69416 -145.87500
 -4.66972 -145.87300
 -4.60945 -145.89200
 -4.59181 -145.90200
 -4.57750 -145.91500
 -4.53166 -145.96800
 -4.52792 -145.97800
 -4.54945 -146.01200
 -4.56166 -146.02700
 -4.59889 -146.05500
 -4.66139 -146.05400
 -4.71125 -146.03900
 -4.72666 -146.02400
 -4.74555 -145.99400
 -4.76111 -145.96200
 -4.76445 -145.95100
4368 76 -5.30417 -2.59000 -143.07318 -141.00247 'West Sepik (Papua New Guinea)'
 -5.29755 -142.13700
 -4.90555 -141.00600
 -2.61389 -141.00600
 -2.60708 -141.00200
 -2.59181 -141.03200
 -2.59000 -141.04300
 -2.61875 -141.20200
 -2.62222 -141.21400
 -2.64555 -141.27100
 -2.65584 -141.27400
 -2.66903 -141.28100
 -2.70778 -141.34600
 -2.71805 -141.37000
 -2.72084 -141.38100
 -2.72500 -141.41100
 -2.72972 -141.42700
 -2.73389 -141.43600
 -2.79389 -141.56900
 -2.81250 -141.60900
 -2.86250 -141.70400
 -2.93695 -141.84100
 -2.96445 -141.88200
 -2.97097 -141.89200
 -2.97195 -141.91400
 -2.96750 -141.93300
 -2.95889 -141.96200
 -2.95611 -141.97400
 -2.95416 -141.99200
 -2.95611 -142.00400
 -2.96166 -142.01200
 -3.00834 -142.06600
 -3.01916 -142.07700
 -3.05945 -142.12500
 -3.10472 -142.25200
 -3.21834 -142.55200
 -3.24778 -142.66400
 -3.33250 -142.94700
 -3.34834 -142.99200
 -3.36347 -143.03700
 -3.36021 -143.07300
 -3.51784 -143.06000
 -3.46346 -142.86200
 -3.40711 -142.79000
 -3.39921 -142.76600
 -3.47346 -142.61700
 -3.53541 -142.59600
 -3.58718 -142.58600
 -3.64965 -142.59200
 -3.68554 -142.60500
 -3.78212 -142.60900
 -3.86825 -142.61000
 -3.86762 -142.50300
 -4.02638 -142.49800
 -4.04389 -141.78800
 -4.03833 -141.75900
 -4.02333 -141.73600
 -4.00806 -141.71200
 -3.98417 -141.70200
 -3.99250 -141.67900
 -4.21175 -141.35900
 -4.55788 -141.36900
 -4.55170 -142.33500
 -4.92036 -142.35800
 -4.98246 -142.34500
 -5.02375 -142.33100
 -5.07234 -142.31000
 -5.10811 -142.31700
 -5.15861 -142.33900
 -5.21805 -142.34300
 -5.28222 -142.31700
 -5.30056 -142.30800
 -5.30417 -142.29800
 -5.30000 -142.27400
 -5.29196 -142.23000
 -5.28935 -142.17300
 -5.29755 -142.13700
4379 75 -6.82014 -5.71425 -145.35460 -144.42909 'Chimbu (Papua New Guinea)'
 -6.82014 -145.33500
 -6.74476 -145.20200
 -6.76486 -145.16700
 -6.77006 -145.13000
 -6.74588 -145.03300
 -6.71286 -144.94000
 -6.67673 -144.76400
 -6.68722 -144.66800
 -6.68667 -144.62200
 -6.66375 -144.58500
 -6.64722 -144.58900
 -6.63278 -144.58500
 -6.62000 -144.56400
 -6.60611 -144.55700
 -6.59389 -144.54300
 -6.58208 -144.50600
 -6.58111 -144.47400
 -6.56611 -144.44400
 -6.54778 -144.45100
 -6.52111 -144.44400
 -6.51034 -144.43200
 -6.48453 -144.42900
 -6.43867 -144.43800
 -6.41445 -144.48900
 -6.40526 -144.55000
 -6.37929 -144.58800
 -6.31865 -144.60000
 -6.25421 -144.64500
 -6.23414 -144.68100
 -6.19296 -144.70100
 -6.10095 -144.70300
 -6.05029 -144.69400
 -6.01565 -144.66900
 -5.96671 -144.67100
 -5.90942 -144.70300
 -5.86914 -144.76800
 -5.83978 -144.78500
 -5.78941 -144.79000
 -5.73462 -144.79700
 -5.71425 -144.81900
 -5.72369 -144.84500
 -5.75550 -144.87800
 -5.78150 -144.91600
 -5.77063 -144.96700
 -5.75181 -144.99100
 -5.78625 -145.08200
 -5.84122 -145.15800
 -5.89182 -145.16500
 -5.96689 -145.13200
 -6.01129 -145.12500
 -6.05628 -145.14800
 -6.10359 -145.21200
 -6.12519 -145.25400
 -6.16567 -145.27400
 -6.21308 -145.26800
 -6.24799 -145.23200
 -6.26235 -145.20800
 -6.28269 -145.18500
 -6.32585 -145.19000
 -6.35378 -145.17600
 -6.36518 -145.15200
 -6.36079 -145.08000
 -6.37481 -145.03800
 -6.39360 -145.01200
 -6.42901 -145.00100
 -6.47351 -144.99900
 -6.49915 -145.01900
 -6.51194 -145.06500
 -6.54841 -145.10800
 -6.58467 -145.14000
 -6.62313 -145.20800
 -6.64398 -145.28600
 -6.67918 -145.33900
 -6.73590 -145.35500
 -6.82014 -145.33500
4380 63 -7.16938 -5.80781 -146.13381 -144.99851 'Eastern Highlands (Papua New Guinea)'
 -5.95389 -145.80500
 -6.01499 -145.87900
 -6.08388 -145.96100
 -6.08194 -145.99600
 -6.11785 -146.08500
 -6.13785 -146.12000
 -6.18711 -146.13400
 -6.37957 -146.10600
 -6.41599 -146.07100
 -6.45116 -146.04800
 -6.50017 -146.04800
 -6.55514 -146.05000
 -6.61569 -146.03400
 -6.66844 -145.99800
 -6.70260 -145.99900
 -6.79651 -146.01800
 -6.82474 -146.01900
 -6.87496 -146.00600
 -6.92462 -145.96500
 -6.96034 -145.89400
 -7.01818 -145.89100
 -7.09562 -145.90300
 -7.13869 -145.90300
 -7.16938 -145.87900
 -6.82014 -145.33500
 -6.73590 -145.35500
 -6.67918 -145.33900
 -6.64398 -145.28600
 -6.62313 -145.20800
 -6.58467 -145.14000
 -6.54841 -145.10800
 -6.51194 -145.06500
 -6.49915 -145.01900
 -6.47351 -144.99900
 -6.42901 -145.00100
 -6.39360 -145.01200
 -6.37481 -145.03800
 -6.36079 -145.08000
 -6.36518 -145.15200
 -6.35378 -145.17600
 -6.32585 -145.19000
 -6.28269 -145.18500
 -6.26235 -145.20800
 -6.24799 -145.23200
 -6.21308 -145.26800
 -6.16567 -145.27400
 -6.12519 -145.25400
 -6.10359 -145.21200
 -6.05628 -145.14800
 -6.01129 -145.12500
 -5.96689 -145.13200
 -5.89182 -145.16500
 -5.84122 -145.15800
 -5.80781 -145.27100
 -5.87225 -145.30100
 -5.87022 -145.34900
 -5.85237 -145.42200
 -5.87676 -145.45500
 -5.96515 -145.49500
 -5.89945 -145.55100
 -5.89698 -145.65100
 -5.95755 -145.71100
 -5.95389 -145.80500
4381 136 -8.58471 -6.67673 -146.67130 -143.02480 'Gulf (Papua New Guinea)'
 -7.71209 -146.67100
 -7.74433 -146.65000
 -7.75689 -146.60900
 -7.76951 -146.57200
 -7.82679 -146.54100
 -7.85710 -146.49700
 -7.90707 -146.39500
 -8.58471 -146.37900
 -8.57805 -146.37200
 -8.55778 -146.35200
 -8.50889 -146.31900
 -8.44305 -146.27600
 -8.42625 -146.26900
 -8.38750 -146.26300
 -8.37195 -146.26500
 -8.35972 -146.26200
 -8.29473 -146.24300
 -8.28584 -146.23900
 -8.27445 -146.23000
 -8.26472 -146.21900
 -8.16389 -146.11100
 -8.13473 -146.11000
 -8.09111 -146.09000
 -8.05445 -145.99800
 -8.05111 -145.98800
 -8.04111 -145.93100
 -8.03972 -145.91900
 -8.03889 -145.89900
 -8.04167 -145.88100
 -8.02805 -145.83600
 -8.00778 -145.79800
 -7.99889 -145.78600
 -7.96778 -145.71800
 -7.95972 -145.65000
 -7.94472 -145.63100
 -7.93778 -145.61700
 -7.93778 -145.52800
 -7.94000 -145.50200
 -7.94861 -145.48400
 -7.95084 -145.46600
 -7.94945 -145.44400
 -7.94805 -145.43300
 -7.94472 -145.42200
 -7.86861 -145.24400
 -7.82955 -145.19800
 -7.81384 -145.18300
 -7.82225 -145.16600
 -7.84335 -145.15900
 -7.82042 -145.04500
 -7.81555 -144.99600
 -7.78250 -144.88000
 -7.74924 -144.84100
 -7.74111 -144.85000
 -7.70542 -144.87200
 -7.69347 -144.87400
 -7.61055 -144.86200
 -7.60778 -144.84500
 -7.67916 -144.83200
 -7.68903 -144.82200
 -7.69139 -144.78600
 -7.66028 -144.59900
 -7.65611 -144.58600
 -7.61195 -144.55200
 -7.59972 -144.54700
 -7.57472 -144.54600
 -7.52431 -144.53600
 -7.51222 -144.53100
 -7.50292 -144.52300
 -7.50618 -144.51100
 -7.61805 -144.50800
 -7.52945 -144.42200
 -7.51986 -144.40900
 -7.56584 -144.41200
 -7.68000 -144.43600
 -7.74305 -144.46800
 -7.75584 -144.39600
 -7.75334 -144.37800
 -7.74334 -144.35900
 -7.72611 -144.35400
 -7.70500 -144.35700
 -7.69416 -144.36000
 -7.68250 -144.36000
 -7.61792 -144.31400
 -7.63778 -144.26100
 -7.65472 -144.25100
 -7.66695 -144.24400
 -7.73722 -144.25900
 -7.77375 -144.27000
 -7.79465 -144.21700
 -7.77889 -144.14700
 -7.77166 -144.12200
 -7.69695 -143.91200
 -7.68861 -143.90000
 -7.63534 -143.84800
 -7.62834 -143.83900
 -7.61734 -143.82900
 -7.60766 -143.82300
 -7.58600 -143.81100
 -7.57050 -143.80700
 -7.51555 -143.77300
 -7.50666 -143.76800
 -7.50250 -143.75900
 -7.46765 -143.66500
 -7.51222 -143.69100
 -7.58950 -143.75500
 -7.71528 -143.83900
 -7.73611 -143.84600
 -7.77028 -143.85200
 -7.78305 -143.85300
 -7.79528 -143.85200
 -7.81028 -143.85400
 -7.88431 -143.89900
 -7.97862 -143.95800
 -6.99425 -143.02500
 -6.76719 -143.03000
 -6.76228 -143.98400
 -6.68722 -144.66800
 -6.67673 -144.76400
 -6.71286 -144.94000
 -6.74588 -145.03300
 -6.77006 -145.13000
 -6.76486 -145.16700
 -6.74476 -145.20200
 -6.82014 -145.33500
 -7.16938 -145.87900
 -7.29746 -146.05000
 -7.33498 -146.07000
 -7.43156 -146.07400
 -7.48852 -146.10100
 -7.51772 -146.15100
 -7.56355 -146.36700
 -7.55742 -146.43200
 -7.56421 -146.47600
 -7.62633 -146.53900
 -7.66636 -146.61100
 -7.71209 -146.67100
4382 56 -6.88090 -5.48084 -155.96685 -154.69974 'Northern Solomons (Papua New Guinea)'
 -6.00000 -155.40400
 -6.08153 -155.41700
 -6.11472 -155.43000
 -6.16916 -155.47700
 -6.18542 -155.49500
 -6.22257 -155.57800
 -6.22000 -155.61500
 -6.35681 -155.77000
 -6.36625 -155.80300
 -6.39861 -155.83300
 -6.52076 -155.91500
 -6.71416 -155.96700
 -6.78222 -155.94400
 -6.80548 -155.91300
 -6.77972 -155.89100
 -6.77486 -155.85600
 -6.77916 -155.82000
 -6.81445 -155.77500
 -6.84625 -155.74600
 -6.88090 -155.70900
 -6.86834 -155.62400
 -6.85250 -155.55900
 -6.82722 -155.48500
 -6.80916 -155.44500
 -6.74145 -155.34000
 -6.62250 -155.24000
 -6.56055 -155.19300
 -6.52910 -155.20900
 -6.47750 -155.22500
 -6.43771 -155.23300
 -6.35500 -155.22800
 -6.32472 -155.21600
 -6.30181 -155.19800
 -6.28750 -155.18100
 -6.27611 -155.12800
 -6.27722 -155.10200
 -6.25695 -155.06300
 -6.21264 -154.98800
 -6.19528 -154.97100
 -6.07639 -154.88400
 -6.02805 -154.82400
 -5.94915 -154.75100
 -5.77283 -154.70000
 -5.67006 -154.71800
 -5.51805 -154.75400
 -5.48084 -154.79200
 -5.54334 -154.88200
 -5.55000 -154.92100
 -5.54639 -154.96400
 -5.56166 -155.07400
 -5.73234 -155.16200
 -5.86873 -155.21600
 -5.88660 -155.27300
 -5.96125 -155.36800
 -5.99584 -155.40100
 -6.00000 -155.40400
4383 20 -5.45861 -5.01639 -154.72830 -154.53027 'Northern Solomons (Papua New Guinea)'
 -5.45861 -154.63700
 -5.43139 -154.61800
 -5.34472 -154.58700
 -5.27666 -154.56600
 -5.13389 -154.53000
 -5.12222 -154.53200
 -5.10389 -154.54100
 -5.09555 -154.54700
 -5.08000 -154.55800
 -5.02736 -154.60200
 -5.01861 -154.62100
 -5.01639 -154.64300
 -5.02084 -154.65500
 -5.03486 -154.66900
 -5.20000 -154.72800
 -5.21639 -154.72800
 -5.42111 -154.69300
 -5.43195 -154.68700
 -5.44084 -154.67600
 -5.45861 -154.63700
4384 60 -6.76719 -4.92036 -144.66800 -142.10609 'Southern Highlands (Papua New Guinea)'
 -6.31865 -144.60000
 -6.37929 -144.58800
 -6.40526 -144.55000
 -6.41445 -144.48900
 -6.43867 -144.43800
 -6.48453 -144.42900
 -6.51034 -144.43200
 -6.52111 -144.44400
 -6.54778 -144.45100
 -6.56611 -144.44400
 -6.58111 -144.47400
 -6.58208 -144.50600
 -6.59389 -144.54300
 -6.60611 -144.55700
 -6.62000 -144.56400
 -6.63278 -144.58500
 -6.64722 -144.58900
 -6.66375 -144.58500
 -6.68667 -144.62200
 -6.68722 -144.66800
 -6.76228 -143.98400
 -6.76719 -143.03000
 -6.76267 -142.65000
 -5.86567 -142.63700
 -5.43388 -142.12400
 -5.40682 -142.10600
 -5.36544 -142.11600
 -5.29755 -142.13700
 -5.28935 -142.17300
 -5.29196 -142.23000
 -5.30000 -142.27400
 -5.30417 -142.29800
 -5.30056 -142.30800
 -5.28222 -142.31700
 -5.21805 -142.34300
 -5.15861 -142.33900
 -5.10811 -142.31700
 -5.07234 -142.31000
 -5.02375 -142.33100
 -4.98246 -142.34500
 -4.92036 -142.35800
 -4.96191 -142.43200
 -4.96865 -142.47200
 -4.96358 -142.59200
 -4.94057 -142.63000
 -4.95639 -142.67900
 -4.96974 -142.75300
 -5.55769 -142.75400
 -5.72271 -143.29200
 -5.85769 -143.36100
 -5.93537 -143.53500
 -5.86574 -143.76800
 -5.86822 -143.81900
 -5.96388 -143.85100
 -6.00632 -143.89500
 -6.02650 -143.94000
 -6.01958 -143.96500
 -5.98775 -144.00800
 -5.99134 -144.03900
 -6.31865 -144.60000
4385 51 -6.31865 -5.21342 -144.99110 -143.81900 'Western Highlands (Papua New Guinea)'
 -5.75181 -144.99100
 -5.77063 -144.96700
 -5.78150 -144.91600
 -5.75550 -144.87800
 -5.72369 -144.84500
 -5.71425 -144.81900
 -5.73462 -144.79700
 -5.78941 -144.79000
 -5.83978 -144.78500
 -5.86914 -144.76800
 -5.90942 -144.70300
 -5.96671 -144.67100
 -6.01565 -144.66900
 -6.05029 -144.69400
 -6.10095 -144.70300
 -6.19296 -144.70100
 -6.23414 -144.68100
 -6.25421 -144.64500
 -6.31865 -144.60000
 -5.99134 -144.03900
 -5.98775 -144.00800
 -6.01958 -143.96500
 -6.02650 -143.94000
 -6.00632 -143.89500
 -5.96388 -143.85100
 -5.86822 -143.81900
 -5.81664 -143.83800
 -5.80226 -143.86200
 -5.79588 -143.91500
 -5.76827 -143.94500
 -5.73470 -143.97400
 -5.73098 -144.01200
 -5.72480 -144.07400
 -5.69274 -144.10500
 -5.63827 -144.12800
 -5.53721 -144.12300
 -5.42505 -144.08200
 -5.38136 -144.05000
 -5.34467 -144.07200
 -5.35727 -144.18400
 -5.34776 -144.22900
 -5.30817 -144.25300
 -5.26837 -144.26400
 -5.23975 -144.32200
 -5.21342 -144.34200
 -5.22723 -144.51500
 -5.35523 -144.60600
 -5.51699 -144.82900
 -5.59459 -144.92400
 -5.63225 -144.95200
 -5.75181 -144.99100
4386 218 -9.33472 -4.90555 -143.95801 -140.85885 'Western (Papua New Guinea)'
 -4.90555 -141.00600
 -5.29755 -142.13700
 -5.36544 -142.11600
 -5.40682 -142.10600
 -5.43388 -142.12400
 -5.86567 -142.63700
 -6.76267 -142.65000
 -6.76719 -143.03000
 -6.99425 -143.02500
 -7.97862 -143.95800
 -7.98708 -143.95600
 -8.04000 -143.88800
 -8.04584 -143.84800
 -8.04584 -143.83400
 -8.04000 -143.75300
 -8.02819 -143.74100
 -8.00945 -143.72200
 -7.99139 -143.66100
 -7.98666 -143.63200
 -7.98611 -143.61900
 -7.99222 -143.59700
 -7.99695 -143.58900
 -8.00450 -143.56700
 -8.00639 -143.54600
 -7.99611 -143.50200
 -7.99014 -143.48400
 -7.97750 -143.47400
 -7.93861 -143.46100
 -7.92416 -143.45400
 -7.91028 -143.43900
 -7.90722 -143.42400
 -7.90111 -143.36000
 -7.91382 -143.35900
 -7.98055 -143.44700
 -8.05487 -143.54300
 -8.19597 -143.62900
 -8.21305 -143.63200
 -8.22750 -143.63000
 -8.23875 -143.62400
 -8.24389 -143.61200
 -8.24722 -143.56900
 -8.24722 -143.55500
 -8.24584 -143.51200
 -8.24528 -143.46900
 -8.25028 -143.37800
 -8.25389 -143.33900
 -8.27500 -143.23500
 -8.28666 -143.17800
 -8.30834 -143.08100
 -8.31084 -143.07000
 -8.31778 -143.04900
 -8.32305 -143.03400
 -8.32666 -143.02400
 -8.33666 -143.00000
 -8.34139 -142.99100
 -8.34416 -142.97700
 -8.34292 -142.96400
 -8.33639 -142.94300
 -8.31916 -142.90900
 -8.30500 -142.88200
 -8.29416 -142.86600
 -8.28666 -142.84600
 -8.27500 -142.80000
 -8.27084 -142.77700
 -8.26750 -142.69600
 -8.27361 -142.65500
 -8.27778 -142.63800
 -8.29000 -142.59600
 -8.29666 -142.57500
 -8.30084 -142.56600
 -8.31389 -142.54500
 -8.32528 -142.53200
 -8.33139 -142.52100
 -8.33597 -142.50900
 -8.33666 -142.48500
 -8.33611 -142.46700
 -8.33208 -142.44000
 -8.32458 -142.42400
 -8.31584 -142.41200
 -8.28639 -142.40300
 -8.26155 -142.39600
 -8.25055 -142.39500
 -8.23164 -142.39400
 -8.18931 -142.38300
 -8.16639 -142.33900
 -8.16389 -142.32800
 -8.16389 -142.31700
 -8.17334 -142.22200
 -8.17723 -142.21200
 -8.22389 -142.13900
 -8.23334 -142.13600
 -8.23916 -142.14500
 -8.23847 -142.16000
 -8.23084 -142.17200
 -8.21945 -142.18500
 -8.21334 -142.19600
 -8.19931 -142.22600
 -8.18042 -142.31200
 -8.18334 -142.32400
 -8.19028 -142.33800
 -8.20278 -142.35800
 -8.26111 -142.37500
 -8.27461 -142.37700
 -8.28986 -142.37700
 -8.32319 -142.38500
 -8.34750 -142.40900
 -8.37139 -142.43900
 -8.37472 -142.45000
 -8.37847 -142.47000
 -8.37847 -142.49000
 -8.37195 -142.51300
 -8.36666 -142.52400
 -8.34889 -142.54400
 -8.34084 -142.55700
 -8.32666 -142.59000
 -8.31500 -142.62000
 -8.31055 -142.63900
 -8.32250 -142.73500
 -8.33292 -142.77400
 -8.34486 -142.78600
 -8.36181 -142.80300
 -8.42361 -142.90600
 -8.42611 -142.91700
 -8.43166 -142.95800
 -8.44111 -143.01000
 -8.44847 -143.04700
 -8.46000 -143.08600
 -8.46361 -143.09700
 -8.47028 -143.11000
 -8.55250 -143.21700
 -8.57805 -143.24600
 -8.61861 -143.28200
 -8.74195 -143.37500
 -8.77028 -143.39300
 -8.78139 -143.39500
 -8.96805 -143.40500
 -8.99389 -143.38400
 -9.01223 -143.36500
 -9.02834 -143.33200
 -9.03313 -143.31500
 -9.02361 -143.29900
 -9.02000 -143.28600
 -9.02028 -143.27000
 -9.02555 -143.24800
 -9.03028 -143.23200
 -9.04861 -143.17400
 -9.09313 -143.04200
 -9.11084 -143.02700
 -9.19750 -142.90300
 -9.23277 -142.84200
 -9.25223 -142.80700
 -9.25639 -142.79800
 -9.26028 -142.78800
 -9.26723 -142.76900
 -9.27139 -142.75200
 -9.28334 -142.72400
 -9.32055 -142.66600
 -9.33000 -142.65500
 -9.33472 -142.63900
 -9.33472 -142.62500
 -9.33084 -142.58300
 -9.32805 -142.57200
 -9.30916 -142.54300
 -9.29889 -142.53200
 -9.28257 -142.52000
 -9.26528 -142.49800
 -9.25166 -142.47700
 -9.22805 -142.42600
 -9.16500 -142.20700
 -9.18722 -142.05400
 -9.20695 -141.94500
 -9.21445 -141.72100
 -9.23611 -141.61200
 -9.22111 -141.52200
 -9.21084 -141.50600
 -9.19722 -141.49200
 -9.17389 -141.46100
 -9.16584 -141.44900
 -9.15750 -141.42900
 -9.14416 -141.38800
 -9.14334 -141.37500
 -9.15000 -141.32300
 -9.15389 -141.31000
 -9.16305 -141.29500
 -9.17305 -141.28500
 -9.18889 -141.26600
 -9.21722 -141.22700
 -9.22472 -141.21400
 -9.23389 -141.17600
 -9.23750 -141.16100
 -9.23097 -141.12000
 -9.22472 -141.10900
 -9.20916 -141.09100
 -9.15695 -141.03400
 -9.13666 -141.01300
 -9.12846 -141.00700
 -6.90478 -141.00600
 -6.89328 -141.00600
 -6.89666 -140.99500
 -6.90653 -140.98100
 -6.90361 -140.94900
 -6.85584 -140.90300
 -6.79611 -140.87500
 -6.78639 -140.87100
 -6.72861 -140.85900
 -6.67834 -140.85900
 -6.63139 -140.86300
 -6.60097 -140.89400
 -6.50000 -140.94700
 -6.48056 -140.95100
 -6.47069 -140.94700
 -6.45084 -140.92800
 -6.43445 -140.93200
 -6.33687 -140.96700
 -6.33305 -140.98600
 -6.33293 -141.00600
 -6.00000 -141.00600
 -4.90555 -141.00600
4387 25 -8.73445 -8.41569 -143.65305 -143.18254 'Western (Papua New Guinea)'
 -8.73445 -143.63200
 -8.69250 -143.60100
 -8.67972 -143.58600
 -8.62889 -143.48800
 -8.54473 -143.36700
 -8.51028 -143.27900
 -8.50555 -143.27000
 -8.49528 -143.25300
 -8.48722 -143.24100
 -8.42347 -143.18300
 -8.41569 -143.21500
 -8.42611 -143.22700
 -8.43445 -143.23300
 -8.45666 -143.25100
 -8.46695 -143.26200
 -8.47445 -143.27500
 -8.48584 -143.32500
 -8.49389 -143.37100
 -8.51084 -143.42300
 -8.52778 -143.46700
 -8.66639 -143.64600
 -8.68479 -143.65300
 -8.70055 -143.65300
 -8.73139 -143.64000
 -8.73445 -143.63200
4388 16 -8.49389 -8.35777 -143.61605 -143.31442 'Western (Papua New Guinea)'
 -8.49389 -143.57300
 -8.49389 -143.55900
 -8.48250 -143.50900
 -8.47875 -143.49600
 -8.41805 -143.35500
 -8.39097 -143.31700
 -8.38014 -143.31400
 -8.36611 -143.32300
 -8.35875 -143.33900
 -8.35777 -143.35600
 -8.36305 -143.49500
 -8.37548 -143.57900
 -8.46584 -143.61600
 -8.47528 -143.61200
 -8.49236 -143.58100
 -8.49389 -143.57300
4389 6 -9.16222 -9.10437 -143.26378 -143.19578 'Western (Papua New Guinea)'
 -9.10711 -143.23500
 -9.10437 -143.26000
 -9.12521 -143.26400
 -9.16222 -143.24100
 -9.13507 -143.19600
 -9.10711 -143.23500
4390 177 -10.36166 -7.71209 -149.66406 -146.37911 'Central (Papua New Guinea)'
 -9.77077 -148.97400
 -9.80588 -149.02300
 -9.81706 -149.06300
 -9.80445 -149.10000
 -9.78446 -149.14100
 -9.78363 -149.17400
 -9.81965 -149.19400
 -9.85854 -149.20800
 -9.86367 -149.24200
 -9.86275 -149.27100
 -9.89595 -149.29800
 -9.92590 -149.31100
 -9.94145 -149.34700
 -9.95703 -149.38400
 -9.97284 -149.43300
 -9.99669 -149.51300
 -10.03510 -149.65600
 -10.33980 -149.66400
 -10.34140 -149.63900
 -10.34140 -149.57000
 -10.36170 -149.53700
 -10.30720 -149.33600
 -10.27610 -149.22500
 -10.26000 -149.18700
 -10.25640 -149.17600
 -10.25110 -149.16100
 -10.24500 -149.14000
 -10.23420 -149.09300
 -10.24250 -149.04900
 -10.24500 -149.03900
 -10.26060 -148.99400
 -10.26860 -148.98200
 -10.26720 -148.93500
 -10.23920 -148.79400
 -10.18690 -148.72300
 -10.15140 -148.67900
 -10.18740 -148.64000
 -10.20390 -148.46600
 -10.20060 -148.40300
 -10.19190 -148.37200
 -10.17830 -148.33500
 -10.16890 -148.32700
 -10.16000 -148.32200
 -10.13850 -148.31400
 -10.13030 -148.30500
 -10.07640 -148.15600
 -10.09760 -148.14900
 -10.12170 -148.11600
 -10.12970 -148.10300
 -10.13650 -148.08600
 -10.14330 -148.05500
 -10.15190 -148.00000
 -10.14580 -147.95200
 -10.12110 -147.94100
 -10.09810 -147.92300
 -10.04750 -147.87200
 -10.04280 -147.86100
 -10.05150 -147.77800
 -10.05610 -147.76600
 -9.98778 -147.61600
 -9.97528 -147.60100
 -9.94834 -147.57400
 -9.87111 -147.50400
 -9.85347 -147.50000
 -9.83945 -147.50400
 -9.81250 -147.50400
 -9.79639 -147.49900
 -9.76903 -147.48900
 -9.63555 -147.38700
 -9.55528 -147.31600
 -9.53413 -147.29700
 -9.47492 -147.30000
 -9.42900 -147.30500
 -9.36507 -147.30000
 -9.31565 -147.27900
 -9.34433 -147.22700
 -9.35710 -147.19700
 -9.33579 -147.17100
 -9.33672 -147.14300
 -9.37864 -147.08500
 -9.40950 -147.06900
 -9.43415 -147.08000
 -9.45181 -147.10100
 -9.48916 -147.09900
 -9.49166 -147.08900
 -9.47000 -147.05900
 -9.39834 -147.00800
 -9.38416 -147.00200
 -9.28278 -146.92700
 -9.28722 -146.91400
 -9.27847 -146.89600
 -9.18334 -146.88900
 -9.13336 -146.90700
 -9.13403 -146.91700
 -9.09139 -146.97000
 -9.07445 -146.97700
 -9.05521 -146.98100
 -9.02993 -146.97100
 -9.03792 -146.94800
 -9.05000 -146.94500
 -9.06895 -146.95300
 -9.10305 -146.92100
 -9.09574 -146.84000
 -9.03028 -146.63100
 -9.02555 -146.62200
 -8.99916 -146.58700
 -8.98695 -146.57800
 -8.94166 -146.55900
 -8.90014 -146.54600
 -8.85805 -146.55700
 -8.80750 -146.56700
 -8.76361 -146.54100
 -8.72500 -146.51700
 -8.62472 -146.44100
 -8.61389 -146.43200
 -8.60500 -146.42000
 -8.59445 -146.40400
 -8.58471 -146.37900
 -7.90707 -146.39500
 -7.85710 -146.49700
 -7.82679 -146.54100
 -7.76951 -146.57200
 -7.75689 -146.60900
 -7.74433 -146.65000
 -7.71209 -146.67100
 -7.73057 -146.70500
 -7.74904 -146.73800
 -7.78497 -146.75300
 -7.86634 -146.73800
 -7.88286 -146.74900
 -7.94239 -146.83100
 -7.95625 -146.85600
 -7.95535 -146.88600
 -7.92799 -146.92800
 -7.92397 -146.95100
 -7.93193 -146.97700
 -7.98208 -147.03600
 -8.15163 -147.20200
 -8.17625 -147.24600
 -8.32699 -147.36100
 -8.34094 -147.39000
 -8.31706 -147.46000
 -8.31175 -147.49100
 -8.46812 -147.66600
 -8.49646 -147.67200
 -8.54030 -147.63700
 -8.66525 -147.49900
 -8.73252 -147.44600
 -8.89433 -147.52100
 -8.93647 -147.55000
 -8.95988 -147.60800
 -9.00395 -147.65900
 -9.05655 -147.69100
 -9.13573 -147.71600
 -9.16143 -147.73900
 -9.18196 -147.80200
 -9.27740 -147.89800
 -9.27875 -147.96700
 -9.36907 -148.02900
 -9.42274 -148.04000
 -9.47185 -148.04600
 -9.51777 -148.04100
 -9.56267 -148.06000
 -9.60200 -148.09600
 -9.63030 -148.17600
 -9.68037 -148.23000
 -9.76055 -148.30600
 -9.72781 -148.37700
 -9.73466 -148.42300
 -9.88551 -148.61900
 -9.92283 -148.78000
 -9.92557 -148.84400
 -9.92913 -148.94800
 -9.90567 -148.96400
 -9.85501 -148.95400
 -9.81776 -148.94800
 -9.77077 -148.97400
4391 126 -6.14042 -4.14486 -152.40582 -150.58611 'East New Britain (Papua New Guinea)'
 -5.80720 -151.38500
 -5.84993 -151.31800
 -5.95807 -151.16600
 -6.02250 -151.00300
 -6.02861 -150.94100
 -6.04084 -150.85600
 -6.07639 -150.81200
 -6.08945 -150.81300
 -6.11805 -150.79300
 -6.14042 -150.77400
 -6.13555 -150.74600
 -5.84009 -150.59000
 -5.80142 -150.58600
 -5.73941 -150.60400
 -5.69193 -150.75600
 -5.72626 -150.84000
 -5.63120 -150.98800
 -5.56739 -150.99000
 -5.54109 -151.01100
 -5.54363 -151.06500
 -5.55208 -151.11700
 -5.53329 -151.14300
 -5.44445 -151.23000
 -5.41506 -151.24600
 -5.36033 -151.25600
 -5.34498 -151.23100
 -5.35297 -151.18400
 -5.34648 -151.15600
 -5.32865 -151.15500
 -5.06425 -151.29900
 -5.00185 -151.37200
 -4.98354 -151.42200
 -4.98533 -151.73800
 -4.88890 -151.68400
 -4.86500 -151.68800
 -4.81445 -151.68200
 -4.61639 -151.65800
 -4.50195 -151.62900
 -4.43063 -151.59200
 -4.36000 -151.54700
 -4.23174 -151.50000
 -4.21666 -151.50300
 -4.20611 -151.51000
 -4.18195 -151.53700
 -4.20584 -151.78300
 -4.22472 -151.84200
 -4.23236 -151.85500
 -4.24389 -151.86000
 -4.27139 -151.86400
 -4.28555 -151.87000
 -4.30181 -151.88100
 -4.31500 -151.89500
 -4.32000 -151.90400
 -4.33660 -151.97100
 -4.32972 -151.98800
 -4.20236 -152.14000
 -4.19084 -152.14600
 -4.17555 -152.15100
 -4.16125 -152.15400
 -4.15111 -152.15900
 -4.14486 -152.16900
 -4.14695 -152.18200
 -4.16611 -152.21500
 -4.20723 -152.23500
 -4.21666 -152.23900
 -4.24257 -152.24100
 -4.25084 -152.22700
 -4.24125 -152.19800
 -4.22063 -152.19100
 -4.21639 -152.17900
 -4.22695 -152.17300
 -4.24389 -152.16900
 -4.29014 -152.17200
 -4.30819 -152.18300
 -4.31542 -152.19300
 -4.33500 -152.26400
 -4.33972 -152.28700
 -4.34166 -152.30500
 -4.34305 -152.35600
 -4.61084 -152.40200
 -4.62305 -152.40300
 -4.66889 -152.40500
 -4.68889 -152.40600
 -4.76111 -152.39500
 -4.78305 -152.38900
 -4.79334 -152.38600
 -4.87722 -152.33500
 -4.92916 -152.29400
 -4.95778 -152.26800
 -4.98722 -152.23700
 -5.00695 -152.15900
 -4.99945 -152.12400
 -4.99666 -152.11200
 -4.98569 -152.08600
 -4.97972 -152.05000
 -4.97250 -151.99400
 -4.98042 -151.97800
 -4.99334 -151.97100
 -5.00416 -151.96800
 -5.02334 -151.96700
 -5.10472 -151.96500
 -5.14834 -151.97000
 -5.16181 -151.97700
 -5.17555 -151.99300
 -5.23666 -152.07100
 -5.29597 -152.12100
 -5.30778 -152.13000
 -5.34403 -152.14500
 -5.36389 -152.14700
 -5.37416 -152.14400
 -5.40222 -152.13100
 -5.41639 -152.12400
 -5.45723 -152.09600
 -5.53236 -151.97100
 -5.59722 -151.84200
 -5.60111 -151.82200
 -5.59778 -151.80800
 -5.58278 -151.77500
 -5.54437 -151.75200
 -5.53069 -151.70200
 -5.52834 -151.49200
 -5.53097 -151.47100
 -5.53847 -151.45700
 -5.58861 -151.44400
 -5.75138 -151.40300
 -5.80720 -151.38500
4392 34 -2.23521 -1.94916 -147.44670 -146.51845 'Manus (Papua New Guinea)'
 -1.96084 -147.39200
 -1.96639 -147.40000
 -1.99195 -147.43300
 -2.01299 -147.44700
 -2.06319 -147.43900
 -2.06778 -147.42600
 -2.12111 -147.27500
 -2.14916 -147.25600
 -2.16695 -147.23900
 -2.17639 -147.22800
 -2.18951 -147.20800
 -2.19916 -146.98100
 -2.18945 -146.89300
 -2.18195 -146.83900
 -2.16792 -146.79600
 -2.16084 -146.72600
 -2.23521 -146.56900
 -2.20111 -146.52800
 -2.19084 -146.52500
 -2.14666 -146.51800
 -1.99868 -146.58000
 -1.97861 -146.63900
 -1.95055 -146.84500
 -1.94916 -146.85700
 -1.94916 -146.87000
 -1.96666 -147.09700
 -1.96889 -147.11800
 -1.98334 -147.16400
 -2.00334 -147.20300
 -2.02528 -147.30100
 -2.04819 -147.41900
 -2.03195 -147.42300
 -2.00834 -147.42000
 -1.96084 -147.39200
4393 131 -10.70055 -9.59111 -150.87802 -148.97400 'Milne Bay (Papua New Guinea)'
 -10.70060 -150.21000
 -10.66750 -150.11300
 -10.65750 -150.10000
 -10.62580 -150.05900
 -10.58940 -150.02800
 -10.57060 -150.01100
 -10.55780 -149.91600
 -10.56190 -149.89400
 -10.55440 -149.86200
 -10.54860 -149.85200
 -10.50640 -149.88000
 -10.50250 -149.90200
 -10.50250 -149.94200
 -10.50390 -149.96600
 -10.51280 -149.97500
 -10.51810 -149.99000
 -10.51070 -150.02000
 -10.50260 -150.03600
 -10.46280 -150.07900
 -10.45610 -150.06400
 -10.43720 -149.99000
 -10.39810 -149.86600
 -10.36780 -149.80600
 -10.35830 -149.78600
 -10.34610 -149.75800
 -10.34280 -149.74800
 -10.33940 -149.72400
 -10.33810 -149.68400
 -10.33980 -149.66400
 -10.03510 -149.65600
 -9.99669 -149.51300
 -9.97284 -149.43300
 -9.95703 -149.38400
 -9.94145 -149.34700
 -9.92590 -149.31100
 -9.89595 -149.29800
 -9.86275 -149.27100
 -9.86367 -149.24200
 -9.85854 -149.20800
 -9.81965 -149.19400
 -9.78363 -149.17400
 -9.78446 -149.14100
 -9.80445 -149.10000
 -9.81706 -149.06300
 -9.80588 -149.02300
 -9.77077 -148.97400
 -9.67264 -149.04200
 -9.69957 -149.12800
 -9.69161 -149.17600
 -9.59111 -149.43900
 -9.59805 -149.44200
 -9.60306 -149.45400
 -9.60722 -149.66200
 -9.60166 -149.74300
 -9.60653 -149.76200
 -9.61945 -149.77700
 -9.64264 -149.87800
 -9.64361 -149.90700
 -9.64223 -149.94600
 -9.63834 -149.95900
 -9.63139 -149.98300
 -9.63139 -150.00900
 -9.68535 -150.05200
 -9.71264 -150.05700
 -9.72236 -150.05400
 -9.75111 -149.98900
 -9.76945 -149.92700
 -9.78236 -149.85700
 -9.77916 -149.83900
 -9.78139 -149.80800
 -9.79125 -149.76700
 -9.80778 -149.73900
 -9.81931 -149.72400
 -9.83347 -149.71700
 -9.85000 -149.72200
 -9.90166 -149.76200
 -10.01690 -149.87400
 -10.04890 -149.91400
 -10.05690 -149.92700
 -10.06170 -149.93600
 -10.08190 -149.99000
 -10.07720 -150.00300
 -10.07330 -150.01700
 -10.09430 -150.18700
 -10.12830 -150.23600
 -10.15280 -150.26000
 -10.18570 -150.29500
 -10.19250 -150.30800
 -10.20000 -150.35300
 -10.20470 -150.38200
 -10.20720 -150.40000
 -10.24110 -150.58000
 -10.27650 -150.61600
 -10.28100 -150.64300
 -10.26030 -150.77800
 -10.24860 -150.80400
 -10.23810 -150.81700
 -10.23060 -150.82700
 -10.22470 -150.84400
 -10.22280 -150.86600
 -10.23000 -150.87800
 -10.23780 -150.87100
 -10.24250 -150.86200
 -10.31250 -150.72800
 -10.35050 -150.63500
 -10.34990 -150.59900
 -10.33560 -150.54700
 -10.31860 -150.49600
 -10.30360 -150.43900
 -10.30070 -150.41900
 -10.30440 -150.40600
 -10.32190 -150.36900
 -10.33370 -150.35700
 -10.37580 -150.34900
 -10.39440 -150.35300
 -10.46280 -150.56900
 -10.47560 -150.64900
 -10.48510 -150.66100
 -10.55260 -150.69100
 -10.56320 -150.69000
 -10.57850 -150.67800
 -10.62190 -150.56800
 -10.62390 -150.55600
 -10.61920 -150.52300
 -10.61920 -150.49300
 -10.62550 -150.47700
 -10.65890 -150.44400
 -10.68920 -150.42600
 -10.68720 -150.37000
 -10.68860 -150.26900
 -10.70060 -150.21000
4394 39 -9.71805 -9.33771 -150.93219 -150.41998 'Milne Bay (Papua New Guinea)'
 -9.71805 -150.84700
 -9.68555 -150.84400
 -9.65861 -150.80200
 -9.66250 -150.76300
 -9.66334 -150.69100
 -9.66292 -150.65800
 -9.65389 -150.62300
 -9.62334 -150.51400
 -9.58361 -150.49100
 -9.44084 -150.42700
 -9.43139 -150.42300
 -9.41472 -150.42000
 -9.40111 -150.42000
 -9.38945 -150.42200
 -9.37666 -150.42600
 -9.35708 -150.43900
 -9.33771 -150.48000
 -9.34125 -150.50200
 -9.35166 -150.53000
 -9.37055 -150.57100
 -9.38500 -150.59800
 -9.40111 -150.62100
 -9.42334 -150.63700
 -9.43834 -150.66700
 -9.44125 -150.68000
 -9.42805 -150.73200
 -9.42055 -150.74600
 -9.40542 -150.76200
 -9.41472 -150.77800
 -9.43278 -150.80400
 -9.45639 -150.82800
 -9.52319 -150.88700
 -9.64473 -150.93200
 -9.65916 -150.93100
 -9.67084 -150.92200
 -9.68208 -150.90400
 -9.67222 -150.89200
 -9.67916 -150.87500
 -9.71805 -150.84700
4395 47 -10.20111 -9.70785 -151.29914 -150.74884 'Milne Bay (Papua New Guinea)'
 -10.20110 -151.22900
 -10.16990 -151.19400
 -10.14630 -151.14600
 -10.12690 -151.08700
 -10.12440 -151.07600
 -10.11420 -151.02600
 -10.11080 -150.99800
 -10.11280 -150.98300
 -10.11220 -150.97000
 -10.11030 -150.95900
 -10.10560 -150.95000
 -10.00420 -150.91600
 -9.92666 -150.87800
 -9.83889 -150.82700
 -9.80375 -150.76100
 -9.74834 -150.75000
 -9.73084 -150.74900
 -9.70785 -150.76300
 -9.71945 -150.78800
 -9.73139 -150.80300
 -9.74695 -150.82200
 -9.81916 -150.90000
 -9.85236 -150.93500
 -9.89361 -150.96300
 -9.98528 -151.03100
 -9.99695 -151.03900
 -10.01690 -151.06000
 -10.02440 -151.07300
 -10.04660 -151.11800
 -10.04140 -151.13700
 -10.03010 -151.14800
 -10.01940 -151.14900
 -10.00340 -151.13900
 -9.98916 -151.13600
 -9.94208 -151.18800
 -9.93666 -151.20100
 -9.91972 -151.26400
 -9.92528 -151.28300
 -9.95084 -151.29900
 -9.96250 -151.29900
 -9.97305 -151.29600
 -10.06170 -151.27100
 -10.10500 -151.24600
 -10.13310 -151.23400
 -10.17080 -151.22200
 -10.18890 -151.22300
 -10.20110 -151.22900
4396 18 -9.23555 -8.96097 -153.01956 -152.49872 'Milne Bay (Papua New Guinea)'
 -9.23555 -152.83600
 -9.22334 -152.83000
 -9.09055 -152.68000
 -9.06834 -152.65100
 -9.02028 -152.57300
 -9.01611 -152.56000
 -9.02028 -152.54000
 -9.02334 -152.49900
 -8.98958 -152.52900
 -8.96097 -152.62300
 -8.96139 -152.64700
 -8.97145 -152.81100
 -9.04528 -152.93600
 -9.05889 -152.95300
 -9.12305 -153.02000
 -9.16903 -153.00000
 -9.17702 -152.98600
 -9.23555 -152.83600
4397 31 -11.64250 -11.32208 -153.77707 -153.18719 'Milne Bay (Papua New Guinea)'
 -11.64250 -153.56600
 -11.60220 -153.52200
 -11.57330 -153.47900
 -11.56860 -153.42100
 -11.56720 -153.37600
 -11.55120 -153.36500
 -11.52330 -153.37900
 -11.50370 -153.38700
 -11.47530 -153.32600
 -11.45940 -153.27200
 -11.37070 -153.18900
 -11.35170 -153.18700
 -11.32210 -153.19900
 -11.32750 -153.22100
 -11.35690 -153.29200
 -11.40470 -153.39800
 -11.41610 -153.41400
 -11.43030 -153.42700
 -11.43970 -153.43800
 -11.47250 -153.50800
 -11.49190 -153.55900
 -11.49510 -153.57300
 -11.51500 -153.64600
 -11.52690 -153.68700
 -11.56620 -153.75300
 -11.60010 -153.77700
 -11.61350 -153.77300
 -11.62810 -153.67300
 -11.61750 -153.60200
 -11.62830 -153.58200
 -11.64250 -153.56600
4398 18 -9.52666 -9.20555 -150.37716 -150.10303 'Milne Bay (Papua New Guinea)'
 -9.52666 -150.33400
 -9.52611 -150.31000
 -9.45389 -150.19300
 -9.44222 -150.17700
 -9.37069 -150.11000
 -9.33389 -150.10300
 -9.31861 -150.10400
 -9.30778 -150.10700
 -9.26166 -150.12500
 -9.24555 -150.14400
 -9.20945 -150.19400
 -9.20555 -150.21000
 -9.20778 -150.23200
 -9.27361 -150.33100
 -9.38639 -150.37700
 -9.48750 -150.36300
 -9.52069 -150.34200
 -9.52666 -150.33400
4399 17 -11.43972 -11.31416 -154.29776 -154.00499 'Milne Bay (Papua New Guinea)'
 -11.43970 -154.11200
 -11.43970 -154.10700
 -11.43190 -154.06000
 -11.38560 -154.00500
 -11.34890 -154.02100
 -11.31530 -154.09000
 -11.31420 -154.15400
 -11.31940 -154.22500
 -11.34150 -154.27200
 -11.36280 -154.28700
 -11.39190 -154.29800
 -11.41220 -154.28800
 -11.41990 -154.26500
 -11.40470 -154.25400
 -11.39940 -154.19000
 -11.40070 -154.13600
 -11.43970 -154.11200
4400 18 -8.83056 -8.42278 -151.14444 -150.99753 'Milne Bay (Papua New Guinea)'
 -8.83056 -151.14400
 -8.77111 -151.09500
 -8.63889 -151.10100
 -8.55195 -151.05600
 -8.55153 -151.03200
 -8.54111 -151.00100
 -8.52708 -150.99800
 -8.46695 -151.02500
 -8.45472 -151.03300
 -8.43236 -151.05900
 -8.42611 -151.07600
 -8.42278 -151.12300
 -8.62472 -151.12400
 -8.72916 -151.10300
 -8.74195 -151.10200
 -8.75416 -151.10400
 -8.76445 -151.10700
 -8.83056 -151.14400
4401 19 -10.71666 -10.62042 -152.87356 -152.54241 'Milne Bay (Papua New Guinea)'
 -10.71670 -152.74400
 -10.70670 -152.70200
 -10.70190 -152.68700
 -10.65690 -152.57400
 -10.65220 -152.56500
 -10.63260 -152.54200
 -10.62310 -152.55900
 -10.62530 -152.57400
 -10.63860 -152.61500
 -10.66280 -152.69200
 -10.63720 -152.75900
 -10.62040 -152.78800
 -10.62920 -152.81500
 -10.66010 -152.87200
 -10.67070 -152.87400
 -10.67970 -152.86700
 -10.69530 -152.84500
 -10.69670 -152.81500
 -10.71670 -152.74400
4402 11 -10.65278 -10.53861 -150.90442 -150.76846 'Milne Bay (Papua New Guinea)'
 -10.65280 -150.88100
 -10.64940 -150.85600
 -10.63940 -150.79400
 -10.63470 -150.78500
 -10.60930 -150.76800
 -10.54170 -150.79300
 -10.53860 -150.87200
 -10.55040 -150.89600
 -10.56250 -150.90400
 -10.64870 -150.89400
 -10.65280 -150.88100
4403 141 -7.99611 -5.82555 -147.97440 -145.80470 'Morobe (Papua New Guinea)'
 -7.98208 -147.03600
 -7.93193 -146.97700
 -7.92397 -146.95100
 -7.92799 -146.92800
 -7.95535 -146.88600
 -7.95625 -146.85600
 -7.94239 -146.83100
 -7.88286 -146.74900
 -7.86634 -146.73800
 -7.78497 -146.75300
 -7.74904 -146.73800
 -7.73057 -146.70500
 -7.71209 -146.67100
 -7.66636 -146.61100
 -7.62633 -146.53900
 -7.56421 -146.47600
 -7.55742 -146.43200
 -7.56355 -146.36700
 -7.51772 -146.15100
 -7.48852 -146.10100
 -7.43156 -146.07400
 -7.33498 -146.07000
 -7.29746 -146.05000
 -7.16938 -145.87900
 -7.13869 -145.90300
 -7.09562 -145.90300
 -7.01818 -145.89100
 -6.96034 -145.89400
 -6.92462 -145.96500
 -6.87496 -146.00600
 -6.82474 -146.01900
 -6.79651 -146.01800
 -6.70260 -145.99900
 -6.66844 -145.99800
 -6.61569 -146.03400
 -6.55514 -146.05000
 -6.50017 -146.04800
 -6.45116 -146.04800
 -6.41599 -146.07100
 -6.37957 -146.10600
 -6.18711 -146.13400
 -6.13785 -146.12000
 -6.11785 -146.08500
 -6.08194 -145.99600
 -6.08388 -145.96100
 -6.01499 -145.87900
 -5.95389 -145.80500
 -5.95160 -146.53800
 -6.00072 -146.54400
 -5.99552 -146.58200
 -5.86136 -146.78000
 -5.83442 -146.79600
 -5.82555 -146.87500
 -5.82889 -146.89500
 -5.84500 -146.92700
 -5.86639 -146.94600
 -5.88819 -146.95500
 -5.89778 -146.96300
 -5.91611 -146.99200
 -5.92834 -147.01400
 -5.94320 -147.04400
 -5.96639 -147.10700
 -5.97182 -147.23200
 -5.96252 -147.24700
 -5.93710 -147.27200
 -5.93529 -147.28500
 -5.96058 -147.42300
 -5.97086 -147.46700
 -5.97725 -147.48100
 -6.05528 -147.57300
 -6.07222 -147.59100
 -6.13695 -147.64200
 -6.30250 -147.78700
 -6.33722 -147.82600
 -6.34695 -147.83000
 -6.41166 -147.85000
 -6.45916 -147.86400
 -6.47000 -147.86700
 -6.65778 -147.87000
 -6.67084 -147.86600
 -6.69472 -147.84200
 -6.71305 -147.81900
 -6.71778 -147.81100
 -6.72611 -147.77100
 -6.72806 -147.75900
 -6.75195 -147.56800
 -6.73500 -147.41600
 -6.74584 -147.30600
 -6.74639 -147.22000
 -6.74584 -147.20000
 -6.74166 -147.18500
 -6.73555 -147.17500
 -6.72028 -147.16300
 -6.71389 -147.15000
 -6.71445 -147.08900
 -6.74305 -146.97100
 -6.74722 -146.96100
 -6.79805 -146.94900
 -6.81528 -146.94500
 -6.84028 -146.94300
 -6.90445 -146.94200
 -6.95666 -146.94600
 -6.96764 -146.95200
 -7.03695 -147.02400
 -7.04445 -147.03700
 -7.20361 -147.13100
 -7.22111 -147.14000
 -7.23084 -147.14400
 -7.24916 -147.14600
 -7.26195 -147.14600
 -7.27431 -147.14100
 -7.29472 -147.13700
 -7.32528 -147.14000
 -7.38584 -147.15400
 -7.46389 -147.17900
 -7.49097 -147.21400
 -7.50431 -147.30000
 -7.50528 -147.32100
 -7.50431 -147.33500
 -7.56722 -147.41900
 -7.59778 -147.45800
 -7.77555 -147.64100
 -7.79250 -147.66900
 -7.83055 -147.69500
 -7.87055 -147.70200
 -7.88722 -147.70100
 -7.90597 -147.70200
 -7.92895 -147.71600
 -7.94000 -147.73200
 -7.94389 -147.74100
 -7.94861 -147.75700
 -7.93584 -147.78000
 -7.93528 -147.80400
 -7.93528 -147.85500
 -7.93722 -147.86700
 -7.94111 -147.87600
 -7.95000 -147.88800
 -7.96722 -147.91200
 -7.98375 -147.93800
 -7.99611 -147.97400
 -7.98208 -147.03600
4404 31 -5.85604 -5.48472 -148.08045 -147.76152 'Morobe (Papua New Guinea)'
 -5.85604 -147.99000
 -5.81797 -147.98300
 -5.79054 -147.97100
 -5.77993 -147.94500
 -5.77931 -147.92700
 -5.74775 -147.86500
 -5.67277 -147.80200
 -5.66138 -147.79300
 -5.62222 -147.77000
 -5.60972 -147.76600
 -5.52528 -147.76200
 -5.49250 -147.78200
 -5.48472 -147.81500
 -5.49000 -147.84200
 -5.49361 -147.85200
 -5.57611 -148.00900
 -5.58416 -148.02100
 -5.60028 -148.04200
 -5.62758 -148.06500
 -5.64483 -148.07400
 -5.65428 -148.07800
 -5.66595 -148.08000
 -5.69125 -148.07900
 -5.70347 -148.07700
 -5.72655 -148.07300
 -5.74905 -148.06800
 -5.77712 -148.06100
 -5.78656 -148.05800
 -5.84464 -148.01700
 -5.85270 -148.00100
 -5.85604 -147.99000
4405 16 -9.53413 -9.31565 -147.30490 -147.06931 'National Capital (Papua New Guinea)'
 -9.53413 -147.29700
 -9.50584 -147.24900
 -9.50101 -147.14800
 -9.44361 -147.12900
 -9.43415 -147.08000
 -9.40950 -147.06900
 -9.37864 -147.08500
 -9.33672 -147.14300
 -9.33579 -147.17100
 -9.35710 -147.19700
 -9.34433 -147.22700
 -9.31565 -147.27900
 -9.36507 -147.30000
 -9.42900 -147.30500
 -9.47492 -147.30000
 -9.53413 -147.29700
4406 110 -4.82292 -2.56229 -153.13303 -150.73010 'New Ireland (Papua New Guinea)'
 -3.84278 -152.65900
 -3.85989 -152.67100
 -3.88306 -152.70100
 -3.89611 -152.74000
 -3.90028 -152.77000
 -4.00416 -152.91900
 -4.07584 -152.99000
 -4.09361 -153.00700
 -4.24736 -153.12400
 -4.26584 -153.13300
 -4.39160 -153.12800
 -4.41542 -153.10100
 -4.43639 -153.07400
 -4.45250 -153.05900
 -4.49292 -153.04000
 -4.51645 -153.04800
 -4.54042 -153.07200
 -4.59486 -153.07800
 -4.76361 -152.97700
 -4.82292 -152.90100
 -4.66576 -152.73900
 -4.55834 -152.69300
 -4.52222 -152.68100
 -4.46889 -152.66500
 -4.44951 -152.67200
 -4.39361 -152.69200
 -4.36153 -152.69800
 -4.18715 -152.69400
 -4.00611 -152.60300
 -3.96584 -152.58200
 -3.90009 -152.53900
 -3.86873 -152.51200
 -3.85225 -152.49200
 -3.72778 -152.37500
 -3.69764 -152.35800
 -3.65410 -152.35500
 -3.57611 -152.28600
 -3.50625 -152.18600
 -3.48809 -152.14400
 -3.46445 -151.98400
 -3.45834 -151.95600
 -3.44555 -151.93500
 -3.32445 -151.75800
 -3.28055 -151.70900
 -3.25305 -151.68800
 -3.17437 -151.61700
 -3.15945 -151.57500
 -3.14500 -151.53300
 -3.12792 -151.48800
 -3.10458 -151.45500
 -3.07410 -151.44500
 -3.05055 -151.41700
 -3.02250 -151.37000
 -2.97416 -151.28100
 -2.95361 -151.23700
 -2.94195 -151.21500
 -2.89528 -151.15100
 -2.86861 -151.12200
 -2.85105 -151.11300
 -2.78819 -151.00200
 -2.76861 -150.92700
 -2.77139 -150.90300
 -2.77931 -150.86900
 -2.78750 -150.82600
 -2.76945 -150.75200
 -2.73750 -150.73000
 -2.72049 -150.74900
 -2.71528 -150.82400
 -2.70934 -150.88400
 -2.68161 -150.88500
 -2.65207 -150.87400
 -2.64965 -150.85200
 -2.64014 -150.82700
 -2.61666 -150.79300
 -2.56659 -150.80600
 -2.56229 -150.81100
 -2.57250 -150.83600
 -2.63595 -150.90700
 -2.68861 -150.96700
 -2.75028 -151.08700
 -2.82611 -151.19000
 -2.87084 -151.28100
 -2.87000 -151.31100
 -2.90084 -151.42300
 -2.93500 -151.46400
 -3.02750 -151.59800
 -3.04806 -151.64200
 -3.12181 -151.72200
 -3.19645 -151.82400
 -3.18653 -151.85900
 -3.20334 -151.92200
 -3.21084 -151.94900
 -3.25389 -152.05500
 -3.27875 -152.05600
 -3.41111 -152.16500
 -3.45750 -152.20700
 -3.48139 -152.24500
 -3.49472 -152.27700
 -3.50639 -152.30700
 -3.52000 -152.32700
 -3.54542 -152.36000
 -3.59861 -152.39200
 -3.63361 -152.41200
 -3.65334 -152.49500
 -3.75125 -152.55500
 -3.77666 -152.55300
 -3.79625 -152.54800
 -3.82355 -152.57700
 -3.83305 -152.60300
 -3.84278 -152.65900
4407 26 -2.68666 -2.37445 -150.46802 -149.95010 'New Ireland (Papua New Guinea)'
 -2.68666 -150.36800
 -2.66805 -150.35600
 -2.66292 -150.34400
 -2.67278 -150.27300
 -2.67778 -150.25700
 -2.68305 -150.24200
 -2.68555 -150.18700
 -2.62500 -150.10900
 -2.49764 -149.96900
 -2.47076 -149.95000
 -2.46000 -149.96100
 -2.41416 -150.08000
 -2.37722 -150.19000
 -2.37445 -150.20600
 -2.37778 -150.21600
 -2.39000 -150.24800
 -2.46055 -150.41700
 -2.47778 -150.44500
 -2.54472 -150.46700
 -2.55778 -150.46800
 -2.65097 -150.45900
 -2.66542 -150.44600
 -2.66250 -150.41900
 -2.66458 -150.40400
 -2.68389 -150.37200
 -2.68666 -150.36800
4408 17 -1.60334 -1.35528 -149.79053 -149.52818 'New Ireland (Papua New Guinea)'
 -1.60334 -149.73200
 -1.57861 -149.71600
 -1.56389 -149.70300
 -1.56000 -149.68100
 -1.58229 -149.67900
 -1.58139 -149.66100
 -1.50055 -149.55800
 -1.46764 -149.53200
 -1.45139 -149.52800
 -1.41236 -149.54400
 -1.37028 -149.56400
 -1.35528 -149.58000
 -1.36042 -149.62500
 -1.38666 -149.66300
 -1.42937 -149.71700
 -1.57903 -149.79100
 -1.60334 -149.73200
4409 15 -3.23000 -3.04639 -152.66831 -152.53818 'New Ireland (Papua New Guinea)'
 -3.23000 -152.64100
 -3.22778 -152.63600
 -3.20389 -152.60500
 -3.17722 -152.57700
 -3.10334 -152.53800
 -3.09264 -152.53800
 -3.06916 -152.55600
 -3.05195 -152.59000
 -3.04764 -152.60300
 -3.04639 -152.64600
 -3.12945 -152.66800
 -3.15639 -152.66800
 -3.21903 -152.65400
 -3.22861 -152.64600
 -3.23000 -152.64100
4410 14 -2.98555 -2.90931 -151.02199 -150.76706 'New Ireland (Papua New Guinea)'
 -2.98555 -150.77400
 -2.98195 -150.76700
 -2.97250 -150.77300
 -2.95722 -150.79200
 -2.91069 -150.87500
 -2.90931 -150.91000
 -2.92195 -150.94100
 -2.96855 -151.02200
 -2.98355 -150.99700
 -2.96861 -150.88200
 -2.96528 -150.87200
 -2.96222 -150.85600
 -2.96000 -150.83500
 -2.98555 -150.77400
4411 107 -9.92913 -7.98208 -149.43942 -147.03619 'Northern (Papua New Guinea)'
 -9.77077 -148.97400
 -9.81776 -148.94800
 -9.85501 -148.95400
 -9.90567 -148.96400
 -9.92913 -148.94800
 -9.92557 -148.84400
 -9.92283 -148.78000
 -9.88551 -148.61900
 -9.73466 -148.42300
 -9.72781 -148.37700
 -9.76055 -148.30600
 -9.68037 -148.23000
 -9.63030 -148.17600
 -9.60200 -148.09600
 -9.56267 -148.06000
 -9.51777 -148.04100
 -9.47185 -148.04600
 -9.42274 -148.04000
 -9.36907 -148.02900
 -9.27875 -147.96700
 -9.27740 -147.89800
 -9.18196 -147.80200
 -9.16143 -147.73900
 -9.13573 -147.71600
 -9.05655 -147.69100
 -9.00395 -147.65900
 -8.95988 -147.60800
 -8.93647 -147.55000
 -8.89433 -147.52100
 -8.73252 -147.44600
 -8.66525 -147.49900
 -8.54030 -147.63700
 -8.49646 -147.67200
 -8.46812 -147.66600
 -8.31175 -147.49100
 -8.31706 -147.46000
 -8.34094 -147.39000
 -8.32699 -147.36100
 -8.17625 -147.24600
 -8.15163 -147.20200
 -7.98208 -147.03600
 -7.99611 -147.97400
 -8.03695 -147.98000
 -8.04986 -147.98400
 -8.05861 -147.99200
 -8.06666 -148.00700
 -8.06278 -148.02600
 -8.05528 -148.11500
 -8.06611 -148.13500
 -8.25195 -148.19500
 -8.26750 -148.20000
 -8.29834 -148.20600
 -8.31569 -148.20700
 -8.34000 -148.20700
 -8.39305 -148.21100
 -8.51028 -148.22000
 -8.53389 -148.22200
 -8.55972 -148.23100
 -8.57195 -148.23900
 -8.59445 -148.27100
 -8.61139 -148.30100
 -8.60695 -148.32700
 -8.61236 -148.35000
 -8.62945 -148.37700
 -8.67695 -148.44400
 -8.73584 -148.47900
 -8.75889 -148.48000
 -8.84027 -148.49000
 -8.86666 -148.49400
 -8.99305 -148.53100
 -9.00514 -148.53600
 -9.07028 -148.58900
 -9.08250 -148.60400
 -9.08584 -148.61400
 -9.10222 -148.69500
 -9.10472 -148.72300
 -9.10416 -148.75400
 -9.10139 -148.78200
 -9.09055 -148.84200
 -9.03986 -149.06900
 -9.00667 -149.13800
 -8.99861 -149.22100
 -8.99847 -149.25800
 -9.01979 -149.31400
 -9.03778 -149.32200
 -9.12972 -149.33800
 -9.15486 -149.32700
 -9.16916 -149.31400
 -9.18389 -149.29100
 -9.35556 -149.18000
 -9.37334 -149.17900
 -9.38500 -149.18100
 -9.39500 -149.18400
 -9.45250 -149.20800
 -9.47472 -149.22000
 -9.49187 -149.23200
 -9.49916 -149.24300
 -9.51146 -149.27400
 -9.50861 -149.28900
 -9.50847 -149.30400
 -9.52195 -149.34900
 -9.57139 -149.43700
 -9.59111 -149.43900
 -9.69161 -149.17600
 -9.69957 -149.12800
 -9.67264 -149.04200
 -9.77077 -148.97400
4412 197 -6.32361 -4.88890 -151.73840 -148.31646 'West New Britain (Papua New Guinea)'
 -6.13555 -150.74600
 -6.14764 -150.72700
 -6.15555 -150.70700
 -6.16687 -150.66400
 -6.14882 -150.65500
 -6.14861 -150.63500
 -6.23500 -150.51000
 -6.25834 -150.48500
 -6.27055 -150.47700
 -6.27611 -150.46900
 -6.29334 -150.40300
 -6.28834 -150.22300
 -6.27611 -150.21200
 -6.25597 -150.18400
 -6.25695 -150.17100
 -6.28000 -150.08100
 -6.29916 -150.03900
 -6.32361 -150.01800
 -6.29868 -150.01300
 -6.27597 -149.98600
 -6.27361 -149.97600
 -6.29250 -149.89200
 -6.29250 -149.84400
 -6.30528 -149.68700
 -6.30805 -149.63500
 -6.29111 -149.60700
 -6.26334 -149.57300
 -6.22695 -149.55500
 -6.19778 -149.53900
 -6.15278 -149.51100
 -6.12278 -149.48600
 -6.10972 -149.46700
 -6.09805 -149.44500
 -6.06014 -149.33900
 -6.05722 -149.31200
 -6.06278 -149.29000
 -6.11250 -149.16400
 -6.15166 -149.13500
 -6.15695 -149.11900
 -6.16458 -149.06600
 -6.15931 -149.05200
 -6.14347 -149.04900
 -6.13875 -149.05800
 -6.14653 -149.07200
 -6.13639 -149.08000
 -6.11945 -149.07900
 -6.09278 -149.07200
 -6.04445 -149.05600
 -6.03695 -149.04000
 -6.01972 -148.98300
 -6.00834 -148.94200
 -6.00003 -148.92100
 -5.98166 -148.88300
 -5.94557 -148.87700
 -5.86499 -148.76400
 -5.84802 -148.70200
 -5.82837 -148.59000
 -5.82837 -148.52800
 -5.78336 -148.40200
 -5.77801 -148.39000
 -5.75256 -148.36300
 -5.71437 -148.33900
 -5.69515 -148.33100
 -5.67259 -148.32200
 -5.62803 -148.31600
 -5.49264 -148.35800
 -5.47514 -148.37400
 -5.45111 -148.42900
 -5.45528 -148.45100
 -5.48666 -148.50800
 -5.50250 -148.52000
 -5.50500 -148.61800
 -5.49695 -148.88400
 -5.47361 -148.96200
 -5.47166 -148.97300
 -5.47305 -148.98600
 -5.47834 -149.00100
 -5.52514 -149.12500
 -5.55834 -149.18900
 -5.57639 -149.21400
 -5.60611 -149.22100
 -5.59445 -149.27100
 -5.58611 -149.31100
 -5.56722 -149.42600
 -5.53861 -149.54900
 -5.52889 -149.56700
 -5.52334 -149.58200
 -5.51861 -149.61100
 -5.51945 -149.66800
 -5.56035 -149.68500
 -5.56250 -149.71100
 -5.53569 -149.87800
 -5.53166 -149.88700
 -5.51195 -149.91600
 -5.50361 -149.92900
 -5.47639 -149.95600
 -5.46416 -149.96400
 -5.43334 -149.98100
 -5.41945 -149.98400
 -5.40805 -149.97600
 -5.40305 -149.95200
 -5.35639 -149.92000
 -5.34611 -149.91800
 -5.31528 -149.92900
 -5.30722 -149.93500
 -5.16945 -150.00300
 -5.05750 -150.01600
 -5.04778 -150.02000
 -5.02945 -150.03200
 -5.00778 -150.09200
 -5.01042 -150.12400
 -5.02389 -150.15500
 -5.03889 -150.18200
 -5.05125 -150.19700
 -5.07181 -150.20400
 -5.10014 -150.18200
 -5.11278 -150.16400
 -5.11695 -150.15500
 -5.12222 -150.13300
 -5.13195 -150.10100
 -5.13584 -150.09200
 -5.14139 -150.08300
 -5.15166 -150.07200
 -5.16389 -150.06400
 -5.17472 -150.06200
 -5.30861 -150.04200
 -5.36389 -150.06200
 -5.51486 -150.12200
 -5.53778 -150.14400
 -5.55139 -150.16400
 -5.55819 -150.18200
 -5.57055 -150.28700
 -5.56778 -150.29900
 -5.55889 -150.30700
 -5.53576 -150.32200
 -5.51472 -150.34500
 -5.45861 -150.41200
 -5.45528 -150.42300
 -5.44695 -150.48900
 -5.45055 -150.51100
 -5.47778 -150.57600
 -5.49611 -150.59600
 -5.51722 -150.60200
 -5.54431 -150.61200
 -5.55347 -150.62000
 -5.55695 -150.64400
 -5.55130 -150.67800
 -5.54681 -150.69600
 -5.49084 -150.91400
 -5.48722 -150.92400
 -5.44500 -150.97900
 -5.42111 -151.00300
 -5.40889 -151.01100
 -5.39945 -151.01600
 -5.38916 -151.01900
 -5.36931 -151.02300
 -5.33514 -151.01900
 -5.28805 -151.02400
 -5.27166 -151.02900
 -5.24111 -151.03900
 -5.22195 -151.04700
 -5.18584 -151.06600
 -5.17695 -151.07100
 -5.15639 -151.08500
 -5.14278 -151.09700
 -4.98514 -151.26400
 -4.94750 -151.35700
 -4.93666 -151.44100
 -4.93805 -151.51400
 -4.96972 -151.61100
 -4.95195 -151.64500
 -4.94084 -151.65400
 -4.90805 -151.67600
 -4.88890 -151.68400
 -4.98533 -151.73800
 -4.98354 -151.42200
 -5.00185 -151.37200
 -5.06425 -151.29900
 -5.32865 -151.15500
 -5.34648 -151.15600
 -5.35297 -151.18400
 -5.34498 -151.23100
 -5.36033 -151.25600
 -5.41506 -151.24600
 -5.44445 -151.23000
 -5.53329 -151.14300
 -5.55208 -151.11700
 -5.54363 -151.06500
 -5.54109 -151.01100
 -5.56739 -150.99000
 -5.63120 -150.98800
 -5.72626 -150.84000
 -5.69193 -150.75600
 -5.73941 -150.60400
 -5.80142 -150.58600
 -5.84009 -150.59000
 -6.13555 -150.74600
