841 44 19.53908 19.90834 71.15204 71.77598 'Monte Cristi (Dominican Republic)'
 19.53910 71.47640
 19.55650 71.50740
 19.56770 71.50760
 19.58030 71.50720
 19.61730 71.52840
 19.62610 71.53620
 19.62990 71.59020
 19.63110 71.61290
 19.62550 71.66870
 19.63510 71.69150
 19.67920 71.73310
 19.68610 71.73650
 19.69920 71.74810
 19.70580 71.75420
 19.70130 71.71970
 19.73440 71.73080
 19.76030 71.74470
 19.76940 71.76220
 19.77060 71.77600
 19.78420 71.77230
 19.89370 71.66580
 19.90640 71.59530
 19.90810 71.58330
 19.90830 71.52940
 19.90400 71.48450
 19.89060 71.44750
 19.88420 71.43110
 19.86940 71.40190
 19.85250 71.36670
 19.84830 71.35580
 19.82310 71.26080
 19.82470 71.24890
 19.82960 71.23200
 19.80090 71.22740
 19.78900 71.20020
 19.77720 71.16780
 19.73720 71.16590
 19.66280 71.15200
 19.64090 71.15660
 19.58300 71.17380
 19.56660 71.18230
 19.55850 71.20240
 19.55450 71.35220
 19.53910 71.47640
842 47 19.54381 19.93083 70.35362 71.23204 'Puerto Plata (Dominican Republic)'
 19.68070 70.89590
 19.70460 70.93040
 19.74920 71.06240
 19.76550 71.11900
 19.77720 71.16780
 19.78900 71.20020
 19.80090 71.22740
 19.82960 71.23200
 19.84940 71.15030
 19.87410 71.09480
 19.89480 71.08580
 19.91390 71.06360
 19.92330 71.04530
 19.92830 71.02920
 19.93080 71.01140
 19.93070 70.99450
 19.90360 70.84190
 19.89710 70.83010
 19.86470 70.80110
 19.84670 70.78360
 19.80220 70.70950
 19.75970 70.63250
 19.75310 70.55760
 19.75710 70.51830
 19.77640 70.48890
 19.78290 70.47130
 19.78250 70.45450
 19.74470 70.39940
 19.73470 70.38810
 19.69220 70.35360
 19.67570 70.36180
 19.66490 70.36990
 19.65990 70.41710
 19.66990 70.44660
 19.65820 70.50860
 19.60780 70.52590
 19.54380 70.54680
 19.55800 70.57880
 19.60880 70.63000
 19.62360 70.64600
 19.63590 70.67610
 19.63660 70.70930
 19.61960 70.73080
 19.61570 70.75050
 19.65910 70.80600
 19.67230 70.83790
 19.68070 70.89590
884 44 19.21972 19.67915 71.47345 71.74474 'Dajabon (Dominican Republic)'
 19.21970 71.62920
 19.22580 71.66030
 19.22890 71.67220
 19.23560 71.68780
 19.24170 71.69610
 19.25780 71.71560
 19.28580 71.74470
 19.36000 71.72360
 19.40290 71.69760
 19.48580 71.69170
 19.49830 71.69200
 19.53940 71.70450
 19.54940 71.70780
 19.56670 71.71780
 19.57610 71.72220
 19.58560 71.72640
 19.61030 71.73500
 19.62720 71.73780
 19.65470 71.73530
 19.67920 71.73310
 19.63510 71.69150
 19.62550 71.66870
 19.63110 71.61290
 19.62990 71.59020
 19.62610 71.53620
 19.61730 71.52840
 19.58030 71.50720
 19.56770 71.50760
 19.55650 71.50740
 19.53910 71.47640
 19.49070 71.47340
 19.45940 71.48080
 19.44570 71.50140
 19.43800 71.53070
 19.42400 71.54350
 19.39360 71.55620
 19.35910 71.55580
 19.33510 71.53720
 19.31260 71.50030
 19.30860 71.52580
 19.29330 71.58420
 19.28920 71.59420
 19.24140 71.62420
 19.21970 71.62920
885 45 19.35442 19.69222 70.07233 70.62891 'Espaillat (Dominican Republic)'
 19.49690 70.24270
 19.51830 70.24970
 19.56770 70.30130
 19.57040 70.31730
 19.54290 70.42630
 19.51810 70.43910
 19.48550 70.43970
 19.43290 70.44100
 19.38160 70.44660
 19.35440 70.47190
 19.36540 70.49710
 19.37130 70.51260
 19.36220 70.54280
 19.36270 70.59820
 19.36720 70.62090
 19.38950 70.62890
 19.41440 70.59160
 19.43310 70.58410
 19.45270 70.58630
 19.48670 70.57700
 19.54380 70.54680
 19.60780 70.52590
 19.65820 70.50860
 19.66990 70.44660
 19.65990 70.41710
 19.66490 70.36990
 19.67570 70.36180
 19.69220 70.35360
 19.66720 70.32080
 19.65500 70.30330
 19.64920 70.29080
 19.64560 70.27530
 19.62920 70.18580
 19.62280 70.14700
 19.62080 70.12500
 19.62460 70.09820
 19.63390 70.08610
 19.65580 70.07290
 19.60450 70.07230
 19.58060 70.08650
 19.54880 70.15600
 19.53570 70.16990
 19.49320 70.17850
 19.48510 70.21120
 19.49690 70.24270
886 22 19.23747 19.57035 70.24267 70.47188 'Salcedo (Dominican Republic)'
 19.35440 70.47190
 19.38160 70.44660
 19.43290 70.44100
 19.48550 70.43970
 19.51810 70.43910
 19.54290 70.42630
 19.57040 70.31730
 19.56770 70.30130
 19.51830 70.24970
 19.49690 70.24270
 19.42700 70.25100
 19.38300 70.27940
 19.36410 70.30910
 19.35840 70.33020
 19.34050 70.35410
 19.23750 70.36500
 19.23900 70.40070
 19.25800 70.41870
 19.29980 70.43220
 19.33000 70.43550
 19.33540 70.46060
 19.35440 70.47190
887 56 19.04624 19.68069 70.54682 71.30399 'Santiago (Dominican Republic)'
 19.21220 71.30400
 19.24780 71.27930
 19.29910 71.26450
 19.34050 71.26640
 19.35830 71.25260
 19.39930 71.19820
 19.42730 71.12670
 19.43330 71.08870
 19.44730 71.08210
 19.48910 71.08840
 19.51420 71.09540
 19.53070 71.07290
 19.53690 71.05370
 19.53250 71.02040
 19.52030 70.97160
 19.52120 70.92300
 19.53200 70.91440
 19.62390 70.88600
 19.65660 70.88110
 19.68070 70.89590
 19.67230 70.83790
 19.65910 70.80600
 19.61570 70.75050
 19.61960 70.73080
 19.63660 70.70930
 19.63590 70.67610
 19.62360 70.64600
 19.60880 70.63000
 19.55800 70.57880
 19.54380 70.54680
 19.48670 70.57700
 19.45270 70.58630
 19.43310 70.58410
 19.41440 70.59160
 19.38950 70.62890
 19.35380 70.66900
 19.30920 70.70620
 19.29080 70.71000
 19.26690 70.67580
 19.24440 70.67220
 19.19860 70.66920
 19.18190 70.66810
 19.11820 70.76750
 19.07890 70.86250
 19.09000 70.91920
 19.08560 70.94920
 19.05340 70.95180
 19.04620 70.97730
 19.04970 71.00770
 19.05280 71.03230
 19.09590 71.10890
 19.10880 71.12550
 19.14080 71.14030
 19.18090 71.19760
 19.20240 71.25090
 19.21220 71.30400
888 33 19.21217 19.55853 71.08210 71.55618 'Santiago Rodrigu (Dominican Republic)'
 19.31260 71.50030
 19.33510 71.53720
 19.35910 71.55580
 19.39360 71.55620
 19.42400 71.54350
 19.43800 71.53070
 19.44570 71.50140
 19.45940 71.48080
 19.49070 71.47340
 19.53910 71.47640
 19.55450 71.35220
 19.55850 71.20240
 19.53330 71.21510
 19.51230 71.21830
 19.49940 71.20370
 19.50520 71.17340
 19.51470 71.14840
 19.51720 71.13010
 19.51420 71.09540
 19.48910 71.08840
 19.44730 71.08210
 19.43330 71.08870
 19.42730 71.12670
 19.39930 71.19820
 19.35830 71.25260
 19.34050 71.26640
 19.29910 71.26450
 19.24780 71.27930
 19.21220 71.30400
 19.23220 71.35960
 19.26070 71.41150
 19.29140 71.46540
 19.31260 71.50030
889 27 19.49937 19.77721 70.88113 71.21827 'Valverde (Dominican Republic)'
 19.51420 71.09540
 19.51720 71.13010
 19.51470 71.14840
 19.50520 71.17340
 19.49940 71.20370
 19.51230 71.21830
 19.53330 71.21510
 19.55850 71.20240
 19.56660 71.18230
 19.58300 71.17380
 19.64090 71.15660
 19.66280 71.15200
 19.73720 71.16590
 19.77720 71.16780
 19.76550 71.11900
 19.74920 71.06240
 19.70460 70.93040
 19.68070 70.89590
 19.65660 70.88110
 19.62390 70.88600
 19.53200 70.91440
 19.52120 70.92300
 19.52030 70.97160
 19.53250 71.02040
 19.53690 71.05370
 19.53070 71.07290
 19.51420 71.09540
890 24 18.31466 18.65085 70.99721 71.63764 'Baoruco (Dominican Republic)'
 18.65090 71.55540
 18.64510 71.51870
 18.60210 71.30330
 18.60640 71.23580
 18.62370 71.22450
 18.62940 71.20770
 18.61610 71.13570
 18.53560 71.01140
 18.51080 70.99720
 18.50610 71.01830
 18.40550 71.17140
 18.36720 71.19750
 18.33330 71.20860
 18.31470 71.20700
 18.36270 71.25670
 18.38640 71.37170
 18.39090 71.39530
 18.47160 71.56380
 18.50470 71.62240
 18.51820 71.63590
 18.53050 71.63760
 18.59400 71.61210
 18.61930 71.59650
 18.65090 71.55540
891 68 17.87972 18.51081 70.93099 71.48642 'Barahona (Dominican Republic)'
 18.16070 71.47360
 18.18090 71.45220
 18.18350 71.41940
 18.17350 71.39190
 18.17260 71.37880
 18.18430 71.37270
 18.20670 71.36570
 18.22810 71.37320
 18.24900 71.38360
 18.26290 71.38370
 18.26720 71.37080
 18.26050 71.34220
 18.27100 71.31010
 18.27690 71.27560
 18.28030 71.25410
 18.28890 71.22950
 18.29830 71.21670
 18.31470 71.20700
 18.33330 71.20860
 18.36720 71.19750
 18.40550 71.17140
 18.50610 71.01830
 18.51080 70.99720
 18.47760 70.98760
 18.44360 70.98630
 18.42580 70.99470
 18.42290 71.00820
 18.42280 71.02410
 18.40640 71.03790
 18.38690 71.02610
 18.36340 70.99550
 18.37620 70.97490
 18.37730 70.95270
 18.36250 70.93620
 18.32950 70.93100
 18.25390 70.93580
 18.29400 70.98830
 18.30530 71.02610
 18.30780 71.03890
 18.30920 71.05330
 18.30720 71.06850
 18.29920 71.08130
 18.26330 71.09970
 18.24580 71.10310
 18.23580 71.09970
 18.18920 71.07890
 18.17970 71.07440
 18.16720 71.06640
 18.14900 71.05560
 18.07780 71.09000
 17.93470 71.18440
 17.92250 71.19360
 17.90780 71.20720
 17.89440 71.22250
 17.87970 71.24890
 17.89090 71.25750
 17.92720 71.32930
 17.95970 71.39420
 17.96270 71.42080
 18.01390 71.48640
 18.02510 71.48030
 18.03130 71.46730
 18.05010 71.44200
 18.09450 71.42180
 18.11500 71.42060
 18.13030 71.42610
 18.15160 71.44990
 18.16070 71.47360
892 59 18.16069 18.69611 71.20697 72.00306 'Independencia (Dominican Republic)'
 18.16070 71.47360
 18.19050 71.52840
 18.23200 71.58380
 18.28780 71.65240
 18.32220 71.69470
 18.33030 71.71670
 18.34060 71.74310
 18.35670 71.77890
 18.37580 71.81060
 18.43140 71.89920
 18.44150 71.90880
 18.45600 71.90700
 18.47710 71.88650
 18.49280 71.89720
 18.54720 71.94920
 18.59250 71.99690
 18.60080 72.00310
 18.61940 71.97970
 18.62420 71.97060
 18.62730 71.92430
 18.61290 71.91220
 18.60860 71.90170
 18.61670 71.85330
 18.62250 71.83170
 18.62890 71.82360
 18.67440 71.78970
 18.69610 71.77530
 18.67930 71.72050
 18.66600 71.69240
 18.67800 71.64970
 18.67190 71.60620
 18.65090 71.55540
 18.61930 71.59650
 18.59400 71.61210
 18.53050 71.63760
 18.51820 71.63590
 18.50470 71.62240
 18.47160 71.56380
 18.39090 71.39530
 18.38640 71.37170
 18.36270 71.25670
 18.31470 71.20700
 18.29830 71.21670
 18.28890 71.22950
 18.28030 71.25410
 18.27690 71.27560
 18.27100 71.31010
 18.26050 71.34220
 18.26720 71.37080
 18.26290 71.38370
 18.24900 71.38360
 18.22810 71.37320
 18.20670 71.36570
 18.18430 71.37270
 18.17260 71.37880
 18.17350 71.39190
 18.18350 71.41940
 18.18090 71.45220
 18.16070 71.47360
893 46 18.65085 19.31256 71.35965 71.77751 'La Estrelleta (Dominican Republic)'
 18.70530 71.73670
 18.70750 71.73220
 18.71870 71.72510
 18.74970 71.71580
 18.78030 71.70920
 18.79030 71.70860
 18.87830 71.71670
 18.95600 71.77750
 19.01970 71.75000
 19.11940 71.65440
 19.13690 71.63990
 19.16140 71.63460
 19.20370 71.62930
 19.21970 71.62920
 19.24140 71.62420
 19.28920 71.59420
 19.29330 71.58420
 19.30860 71.52580
 19.31260 71.50030
 19.29140 71.46540
 19.26070 71.41150
 19.23220 71.35960
 19.20090 71.37610
 19.14480 71.40390
 19.10840 71.40690
 19.06410 71.41220
 19.04350 71.42830
 19.02700 71.45750
 19.02750 71.50480
 19.02190 71.51480
 18.95780 71.60660
 18.94700 71.61370
 18.91860 71.61970
 18.81470 71.62040
 18.80130 71.61250
 18.77320 71.57390
 18.67090 71.55660
 18.65090 71.55540
 18.67190 71.60620
 18.67800 71.64970
 18.66600 71.69240
 18.67930 71.72050
 18.69610 71.77530
 18.70080 71.76610
 18.70420 71.75610
 18.70530 71.73670
894 37 17.60416 18.32222 71.24890 71.76925 'Pedernales (Dominican Republic)'
 18.16070 71.47360
 18.15160 71.44990
 18.13030 71.42610
 18.11500 71.42060
 18.09450 71.42180
 18.05010 71.44200
 18.03130 71.46730
 18.02510 71.48030
 18.01390 71.48640
 17.96270 71.42080
 17.95970 71.39420
 17.92720 71.32930
 17.89090 71.25750
 17.87970 71.24890
 17.84670 71.26700
 17.61830 71.39670
 17.60920 71.40830
 17.60420 71.42390
 17.83640 71.62560
 17.95310 71.65890
 17.96360 71.66310
 17.97900 71.67540
 17.99220 71.69080
 18.02250 71.73250
 18.03250 71.75200
 18.03850 71.76790
 18.09210 71.74920
 18.14560 71.75390
 18.18060 71.76580
 18.20050 71.76920
 18.28440 71.72140
 18.29250 71.71550
 18.32220 71.69470
 18.28780 71.65240
 18.23200 71.58380
 18.19050 71.52840
 18.16070 71.47360
895 46 18.51081 19.23221 70.88498 71.62041 'San Juan (Dominican Republic)'
 18.65090 71.55540
 18.67090 71.55660
 18.77320 71.57390
 18.80130 71.61250
 18.81470 71.62040
 18.91860 71.61970
 18.94700 71.61370
 18.95780 71.60660
 19.02190 71.51480
 19.02750 71.50480
 19.02700 71.45750
 19.04350 71.42830
 19.06410 71.41220
 19.10840 71.40690
 19.14480 71.40390
 19.20090 71.37610
 19.23220 71.35960
 19.21220 71.30400
 19.20240 71.25090
 19.18090 71.19760
 19.14080 71.14030
 19.10880 71.12550
 19.09590 71.10890
 19.05280 71.03230
 19.04970 71.00770
 19.04620 70.97730
 19.05340 70.95180
 19.02460 70.88500
 19.00000 70.88520
 18.95870 70.91800
 18.93430 70.93600
 18.72390 71.04390
 18.67940 71.04890
 18.63780 71.02170
 18.58030 70.98190
 18.52670 70.97470
 18.51800 70.98080
 18.51080 70.99720
 18.53560 71.01140
 18.61610 71.13570
 18.62940 71.20770
 18.62370 71.22450
 18.60640 71.23580
 18.60210 71.30330
 18.64510 71.51870
 18.65090 71.55540
896 62 18.25389 19.00243 70.46223 71.04889 'Azua (Dominican Republic)'
 18.51080 70.99720
 18.51800 70.98080
 18.52670 70.97470
 18.58030 70.98190
 18.63780 71.02170
 18.67940 71.04890
 18.72390 71.04390
 18.93430 70.93600
 18.95870 70.91800
 19.00000 70.88520
 19.00240 70.86690
 18.99510 70.84900
 18.97380 70.84050
 18.93940 70.83340
 18.89980 70.82810
 18.85060 70.80730
 18.74220 70.73720
 18.69930 70.69040
 18.68360 70.67050
 18.60600 70.65850
 18.56980 70.64170
 18.52810 70.61330
 18.51630 70.58040
 18.49510 70.54350
 18.46510 70.50850
 18.40920 70.46890
 18.38220 70.46220
 18.28610 70.49950
 18.27920 70.51310
 18.27330 70.54810
 18.27460 70.58700
 18.31210 70.57260
 18.36500 70.56860
 18.40610 70.59070
 18.41970 70.61110
 18.42360 70.62250
 18.43190 70.65220
 18.43500 70.66450
 18.43240 70.69190
 18.41120 70.71210
 18.39640 70.70780
 18.38640 70.70830
 18.37640 70.71280
 18.36500 70.72280
 18.35810 70.73000
 18.35250 70.73860
 18.34690 70.75040
 18.31220 70.86700
 18.25390 70.93580
 18.32950 70.93100
 18.36250 70.93620
 18.37730 70.95270
 18.37620 70.97490
 18.36340 70.99550
 18.38690 71.02610
 18.40640 71.03790
 18.42280 71.02410
 18.42290 71.00820
 18.42580 70.99470
 18.44360 70.98630
 18.47760 70.98760
 18.51080 70.99720
897 58 18.67641 19.38947 70.26918 70.95179 'La Vega (Dominican Republic)'
 19.06840 70.36550
 19.09560 70.38670
 19.11320 70.40920
 19.11660 70.44410
 19.10660 70.46910
 19.08920 70.49210
 19.06290 70.51360
 18.99500 70.55290
 18.97720 70.56280
 18.95580 70.56740
 18.93210 70.56130
 18.89680 70.55060
 18.85350 70.54090
 18.81650 70.53900
 18.75460 70.53440
 18.67640 70.58460
 18.68360 70.67050
 18.69930 70.69040
 18.74220 70.73720
 18.85060 70.80730
 18.89980 70.82810
 18.93940 70.83340
 18.97380 70.84050
 18.99510 70.84900
 19.00240 70.86690
 19.00000 70.88520
 19.02460 70.88500
 19.05340 70.95180
 19.08560 70.94920
 19.09000 70.91920
 19.07890 70.86250
 19.11820 70.76750
 19.18190 70.66810
 19.19860 70.66920
 19.24440 70.67220
 19.26690 70.67580
 19.29080 70.71000
 19.30920 70.70620
 19.35380 70.66900
 19.38950 70.62890
 19.36720 70.62090
 19.36270 70.59820
 19.36220 70.54280
 19.37130 70.51260
 19.36540 70.49710
 19.35440 70.47190
 19.33540 70.46060
 19.33000 70.43550
 19.29980 70.43220
 19.25800 70.41870
 19.23900 70.40070
 19.23750 70.36500
 19.20080 70.34430
 19.17830 70.30840
 19.16750 70.26920
 19.15060 70.28140
 19.09010 70.33870
 19.06840 70.36550
898 39 18.73036 19.11660 70.20701 70.56739 'Monsenor Novel (Dominican Republic)'
 18.81650 70.53900
 18.85350 70.54090
 18.89680 70.55060
 18.93210 70.56130
 18.95580 70.56740
 18.97720 70.56280
 18.99500 70.55290
 19.06290 70.51360
 19.08920 70.49210
 19.10660 70.46910
 19.11660 70.44410
 19.11320 70.40920
 19.09560 70.38670
 19.06840 70.36550
 19.05760 70.37740
 19.03760 70.37480
 18.99450 70.35360
 18.97870 70.34320
 18.93540 70.28350
 18.91940 70.25580
 18.90740 70.23640
 18.86530 70.20700
 18.84170 70.23760
 18.81130 70.25310
 18.80050 70.27040
 18.78730 70.28800
 18.76400 70.29740
 18.74630 70.29530
 18.73040 70.30520
 18.73070 70.32020
 18.73890 70.34680
 18.76000 70.38170
 18.76250 70.40700
 18.74420 70.42250
 18.74170 70.45960
 18.75460 70.47660
 18.77770 70.50000
 18.81610 70.52740
 18.81650 70.53900
899 47 18.19472 18.81648 70.17202 70.67047 'Peravia (Dominican Republic)'
 18.23240 70.17200
 18.22780 70.18420
 18.22360 70.22940
 18.23060 70.31950
 18.23640 70.38380
 18.23500 70.40000
 18.22580 70.41170
 18.20440 70.45970
 18.19970 70.47530
 18.19720 70.48670
 18.19470 70.50750
 18.20610 70.54580
 18.22580 70.55640
 18.23320 70.54700
 18.25210 70.55400
 18.27460 70.58700
 18.27330 70.54810
 18.27920 70.51310
 18.28610 70.49950
 18.38220 70.46220
 18.40920 70.46890
 18.46510 70.50850
 18.49510 70.54350
 18.51630 70.58040
 18.52810 70.61330
 18.56980 70.64170
 18.60600 70.65850
 18.68360 70.67050
 18.67640 70.58460
 18.75460 70.53440
 18.81650 70.53900
 18.81610 70.52740
 18.77770 70.50000
 18.75460 70.47660
 18.74170 70.45960
 18.74420 70.42250
 18.76250 70.40700
 18.76000 70.38170
 18.73890 70.34680
 18.71410 70.35660
 18.65250 70.37130
 18.61850 70.36950
 18.54640 70.36530
 18.50090 70.34690
 18.41090 70.24760
 18.28510 70.19600
 18.23240 70.17200
900 55 18.40277 18.73726 69.49561 70.15532 'Distrito Nacional (Dominican Republic)'
 18.65340 69.57570
 18.62310 69.57480
 18.56520 69.59350
 18.54190 69.60090
 18.51680 69.59670
 18.49880 69.57630
 18.49250 69.54350
 18.49320 69.51500
 18.48960 69.50340
 18.47940 69.49560
 18.45410 69.51020
 18.43400 69.52010
 18.40280 69.51670
 18.41690 69.54720
 18.45620 69.69400
 18.46030 69.74640
 18.46050 69.77600
 18.52680 69.79500
 18.54340 69.81020
 18.55160 69.83110
 18.55130 69.86890
 18.54670 69.91530
 18.53750 69.95830
 18.52810 69.96730
 18.49500 69.96450
 18.46060 69.96500
 18.42310 69.96720
 18.42070 70.00200
 18.41690 70.01070
 18.44670 70.00640
 18.47370 70.01200
 18.46970 70.03170
 18.46580 70.05470
 18.53360 70.12420
 18.59670 70.14890
 18.72880 70.15530
 18.73730 70.14390
 18.70590 70.10400
 18.69250 70.08840
 18.67590 70.01540
 18.68030 69.98510
 18.69540 69.96840
 18.70620 69.94740
 18.70670 69.87580
 18.70360 69.85860
 18.63640 69.81890
 18.56780 69.78920
 18.57970 69.76330
 18.61300 69.73470
 18.63130 69.71710
 18.65440 69.68120
 18.66770 69.64720
 18.66940 69.61300
 18.66770 69.59120
 18.65340 69.57570
901 49 19.02441 19.49691 69.65053 70.36501 'Duarte (Dominican Republic)'
 19.23610 69.72550
 19.22650 69.65210
 19.21480 69.65050
 19.17750 69.67330
 19.17110 69.70080
 19.15140 69.71690
 19.11830 69.72840
 19.11850 69.75350
 19.10580 69.77120
 19.09220 69.78550
 19.08870 69.81440
 19.09830 69.84250
 19.08790 69.85920
 19.06550 69.85750
 19.05380 69.87570
 19.03960 69.90150
 19.02440 69.93410
 19.07880 69.95110
 19.10690 69.98230
 19.14690 70.04610
 19.16710 70.13760
 19.16750 70.26920
 19.17830 70.30840
 19.20080 70.34430
 19.23750 70.36500
 19.34050 70.35410
 19.35840 70.33020
 19.36410 70.30910
 19.38300 70.27940
 19.42700 70.25100
 19.49690 70.24270
 19.48510 70.21120
 19.49320 70.17850
 19.46530 70.17240
 19.43470 70.15960
 19.37390 70.12990
 19.34570 70.11560
 19.32210 70.09080
 19.29040 70.03840
 19.26430 69.98750
 19.24970 69.94590
 19.24400 69.90630
 19.24750 69.87160
 19.23600 69.85270
 19.21990 69.82700
 19.21030 69.80810
 19.21790 69.78940
 19.22650 69.76490
 19.23610 69.72550
902 48 18.53778 19.10722 69.14058 69.57415 'Hato Major (Dominican Republic)'
 18.82310 69.44040
 18.87140 69.37330
 18.88190 69.36050
 18.90140 69.36600
 18.91150 69.38300
 18.95580 69.48800
 18.98400 69.57420
 19.02870 69.57370
 19.06660 69.55150
 19.09420 69.53200
 19.09810 69.51560
 19.10610 69.46890
 19.10690 69.44280
 19.10720 69.42970
 19.10580 69.41530
 19.10310 69.40220
 19.09920 69.39110
 19.09310 69.38310
 19.08360 69.37890
 19.06600 69.37700
 19.05670 69.36640
 19.05220 69.35580
 19.02080 69.25390
 19.01190 69.19220
 19.01210 69.17880
 18.94870 69.15170
 18.93560 69.15450
 18.91960 69.16590
 18.89810 69.20580
 18.88530 69.20610
 18.81460 69.18820
 18.78350 69.17960
 18.75070 69.15450
 18.72370 69.14060
 18.69210 69.14160
 18.66030 69.15280
 18.62830 69.16810
 18.66050 69.21860
 18.66070 69.24130
 18.61750 69.28950
 18.58620 69.30120
 18.55720 69.32010
 18.53880 69.34830
 18.53780 69.36080
 18.61110 69.40390
 18.78110 69.46000
 18.79920 69.45580
 18.82310 69.44040
903 59 18.56778 19.11855 69.36045 70.25315 'Monte Plata (Dominican Republic)'
 18.72880 70.15530
 18.75230 70.17700
 18.78730 70.21860
 18.81130 70.25310
 18.84170 70.23760
 18.86530 70.20700
 18.87680 70.16910
 18.90230 70.06430
 18.90410 70.00990
 18.88860 69.97210
 18.89570 69.95100
 18.94680 69.91780
 18.97700 69.91910
 19.02440 69.93410
 19.03960 69.90150
 19.05380 69.87570
 19.06550 69.85750
 19.08790 69.85920
 19.09830 69.84250
 19.08870 69.81440
 19.09220 69.78550
 19.10580 69.77120
 19.11850 69.75350
 19.11830 69.72840
 19.08210 69.71310
 19.03360 69.66530
 18.99860 69.61770
 18.98400 69.57420
 18.95580 69.48800
 18.91150 69.38300
 18.90140 69.36600
 18.88190 69.36050
 18.87140 69.37330
 18.82310 69.44040
 18.81760 69.47440
 18.77010 69.53410
 18.74870 69.53720
 18.71460 69.54260
 18.67500 69.55520
 18.65340 69.57570
 18.66770 69.59120
 18.66940 69.61300
 18.66770 69.64720
 18.65440 69.68120
 18.63130 69.71710
 18.61300 69.73470
 18.57970 69.76330
 18.56780 69.78920
 18.63640 69.81890
 18.70360 69.85860
 18.70670 69.87580
 18.70620 69.94740
 18.69540 69.96840
 18.68030 69.98510
 18.67590 70.01540
 18.69250 70.08840
 18.70590 70.10400
 18.73730 70.14390
 18.72880 70.15530
904 42 19.21031 19.68250 69.72547 70.17853 'Maria Trinidad S (Dominican Republic)'
 19.49320 70.17850
 19.53570 70.16990
 19.54880 70.15600
 19.58060 70.08650
 19.60450 70.07230
 19.65580 70.07290
 19.66250 70.06720
 19.67570 70.05330
 19.68250 70.03240
 19.67890 69.96690
 19.67680 69.94930
 19.67110 69.93640
 19.63720 69.89860
 19.62620 69.88850
 19.61220 69.88220
 19.60030 69.88140
 19.52530 69.89220
 19.44250 69.87710
 19.41750 69.86470
 19.37440 69.83920
 19.35440 69.82440
 19.34670 69.81780
 19.29080 69.75600
 19.28640 69.74140
 19.28580 69.72890
 19.23610 69.72550
 19.22650 69.76490
 19.21790 69.78940
 19.21030 69.80810
 19.21990 69.82700
 19.23600 69.85270
 19.24750 69.87160
 19.24400 69.90630
 19.24970 69.94590
 19.26430 69.98750
 19.29040 70.03840
 19.32210 70.09080
 19.34570 70.11560
 19.37390 70.12990
 19.43470 70.15960
 19.46530 70.17240
 19.49320 70.17850
905 42 18.98402 19.36527 69.15793 69.72890 'Samana (Dominican Republic)'
 19.11830 69.72840
 19.15140 69.71690
 19.17110 69.70080
 19.17750 69.67330
 19.21480 69.65050
 19.22650 69.65210
 19.23610 69.72550
 19.28580 69.72890
 19.28890 69.71860
 19.29360 69.70250
 19.30080 69.67560
 19.33330 69.53720
 19.33560 69.52250
 19.33330 69.44560
 19.31640 69.31920
 19.32560 69.30720
 19.35500 69.26220
 19.36530 69.23570
 19.36060 69.21970
 19.29500 69.15790
 19.28040 69.15840
 19.26750 69.16560
 19.18610 69.21830
 19.18030 69.23000
 19.18030 69.24310
 19.19670 69.37000
 19.22420 69.58830
 19.22440 69.61580
 19.21250 69.62710
 19.11320 69.63680
 19.10170 69.63170
 19.08850 69.62010
 19.08810 69.60390
 19.08890 69.57810
 19.09420 69.53200
 19.06660 69.55150
 19.02870 69.57370
 18.98400 69.57420
 18.99860 69.61770
 19.03360 69.66530
 19.08210 69.71310
 19.11830 69.72840
906 31 18.23000 18.81134 70.00639 70.37132 'San Cristobal (Dominican Republic)'
 18.23240 70.17200
 18.28510 70.19600
 18.41090 70.24760
 18.50090 70.34690
 18.54640 70.36530
 18.61850 70.36950
 18.65250 70.37130
 18.71410 70.35660
 18.73890 70.34680
 18.73070 70.32020
 18.73040 70.30520
 18.74630 70.29530
 18.76400 70.29740
 18.78730 70.28800
 18.80050 70.27040
 18.81130 70.25310
 18.78730 70.21860
 18.75230 70.17700
 18.72880 70.15530
 18.59670 70.14890
 18.53360 70.12420
 18.46580 70.05470
 18.46970 70.03170
 18.47370 70.01200
 18.44670 70.00640
 18.41690 70.01070
 18.33610 70.06110
 18.32220 70.07250
 18.23310 70.15420
 18.23000 70.16470
 18.23240 70.17200
907 17 18.42306 18.55161 69.77604 69.96733 'Santo Domingo (Dominican Republic)'
 18.46050 69.77600
 18.46900 69.88470
 18.46390 69.90330
 18.45920 69.91250
 18.44000 69.94250
 18.42920 69.95950
 18.42310 69.96720
 18.46060 69.96500
 18.49500 69.96450
 18.52810 69.96730
 18.53750 69.95830
 18.54670 69.91530
 18.55130 69.86890
 18.55160 69.83110
 18.54340 69.81020
 18.52680 69.79500
 18.46050 69.77600
908 25 18.86527 19.16750 69.91783 70.37740 'Sanchez Ramirez (Dominican Republic)'
 18.86530 70.20700
 18.90740 70.23640
 18.91940 70.25580
 18.93540 70.28350
 18.97870 70.34320
 18.99450 70.35360
 19.03760 70.37480
 19.05760 70.37740
 19.06840 70.36550
 19.09010 70.33870
 19.15060 70.28140
 19.16750 70.26920
 19.16710 70.13760
 19.14690 70.04610
 19.10690 69.98230
 19.07880 69.95110
 19.02440 69.93410
 18.97700 69.91910
 18.94680 69.91780
 18.89570 69.95100
 18.88860 69.97210
 18.90410 70.00990
 18.90230 70.06430
 18.87680 70.16910
 18.86530 70.20700
909 39 18.54057 19.03083 68.77335 69.20610 'El Seibo (Dominican Republic)'
 18.62830 69.16810
 18.66030 69.15280
 18.69210 69.14160
 18.72370 69.14060
 18.75070 69.15450
 18.78350 69.17960
 18.81460 69.18820
 18.88530 69.20610
 18.89810 69.20580
 18.91960 69.16590
 18.93560 69.15450
 18.94870 69.15170
 19.01210 69.17880
 19.01890 68.98950
 19.03080 68.96390
 19.02990 68.92390
 19.02060 68.90720
 19.01220 68.89360
 18.96890 68.77330
 18.94610 68.79680
 18.84340 68.82170
 18.81270 68.82470
 18.78210 68.86150
 18.74960 68.90300
 18.74070 68.91400
 18.71040 68.91990
 18.67460 68.91420
 18.68640 68.95240
 18.68340 68.96830
 18.66480 68.97290
 18.64290 68.97550
 18.59890 69.00200
 18.54060 69.07170
 18.56890 69.08410
 18.59130 69.07130
 18.60010 69.08250
 18.61010 69.11730
 18.60890 69.14480
 18.62830 69.16810
910 55 18.20333 18.96889 68.32293 68.91993 'La Altagracia (Dominican Republic)'
 18.96890 68.77330
 18.95780 68.73890
 18.95120 68.72710
 18.92370 68.69150
 18.88310 68.65640
 18.82110 68.59060
 18.80140 68.56720
 18.77860 68.53970
 18.70520 68.43550
 18.65470 68.35780
 18.64070 68.34320
 18.61670 68.32560
 18.59900 68.32290
 18.56920 68.33560
 18.35390 68.45140
 18.34810 68.46280
 18.34460 68.47650
 18.34420 68.51890
 18.34690 68.53140
 18.35720 68.55080
 18.36810 68.56950
 18.37760 68.59080
 18.36530 68.60710
 18.25690 68.63140
 18.21640 68.63700
 18.20560 68.64600
 18.20330 68.69810
 18.20720 68.72860
 18.21970 68.75560
 18.23690 68.76170
 18.26080 68.77140
 18.27780 68.78170
 18.34170 68.82060
 18.35750 68.83250
 18.36440 68.83970
 18.37140 68.84720
 18.38420 68.86330
 18.38920 68.87280
 18.39640 68.89530
 18.39830 68.90890
 18.39750 68.91470
 18.44860 68.87310
 18.52240 68.84210
 18.55450 68.84440
 18.59120 68.85980
 18.63970 68.90370
 18.67460 68.91420
 18.71040 68.91990
 18.74070 68.91400
 18.74960 68.90300
 18.78210 68.86150
 18.81270 68.82470
 18.84340 68.82170
 18.94610 68.79680
 18.96890 68.77330
911 19 18.10166 18.19771 68.56855 68.78500 'La Altagracia (Dominican Republic)'
 18.10170 68.57330
 18.11360 68.59000
 18.12170 68.62060
 18.12500 68.64030
 18.12360 68.65220
 18.11970 68.66220
 18.11110 68.69130
 18.11190 68.70170
 18.12000 68.73190
 18.12990 68.75560
 18.16990 68.78150
 18.17970 68.78500
 18.19770 68.78000
 18.16470 68.61000
 18.16140 68.59780
 18.15390 68.58720
 18.12940 68.57440
 18.10810 68.56860
 18.10170 68.57330
912 21 18.39097 18.68636 68.84212 69.10234 'La Romana (Dominican Republic)'
 18.54060 69.07170
 18.59890 69.00200
 18.64290 68.97550
 18.66480 68.97290
 18.68340 68.96830
 18.68640 68.95240
 18.67460 68.91420
 18.63970 68.90370
 18.59120 68.85980
 18.55450 68.84440
 18.52240 68.84210
 18.44860 68.87310
 18.39750 68.91470
 18.40470 68.97310
 18.39100 69.06350
 18.39530 69.08610
 18.39560 69.08790
 18.43660 69.08840
 18.47790 69.10230
 18.50870 69.10170
 18.54060 69.07170
913 45 18.39565 18.82305 69.07135 69.60089 'San Pedro de Macor¡s (Dominican Republic)'
 18.65340 69.57570
 18.67500 69.55520
 18.71460 69.54260
 18.74870 69.53720
 18.77010 69.53410
 18.81760 69.47440
 18.82310 69.44040
 18.79920 69.45580
 18.78110 69.46000
 18.61110 69.40390
 18.53780 69.36080
 18.53880 69.34830
 18.55720 69.32010
 18.58620 69.30120
 18.61750 69.28950
 18.66070 69.24130
 18.66050 69.21860
 18.62830 69.16810
 18.60890 69.14480
 18.61010 69.11730
 18.60010 69.08250
 18.59130 69.07130
 18.56890 69.08410
 18.54060 69.07170
 18.50870 69.10170
 18.47790 69.10230
 18.43660 69.08840
 18.39560 69.08790
 18.40930 69.16170
 18.42750 69.19490
 18.42610 69.38440
 18.41610 69.46860
 18.40280 69.51670
 18.43400 69.52010
 18.45410 69.51020
 18.47940 69.49560
 18.48960 69.50340
 18.49320 69.51500
 18.49250 69.54350
 18.49880 69.57630
 18.51680 69.59670
 18.54190 69.60090
 18.56520 69.59350
 18.62310 69.57480
 18.65340 69.57570
