0 104 10.6781 12.0949 3.28695 4.87916 'Houet (Burkina Faso)'
 10.83689 3.71891
 10.84111 3.75945
 10.83937 3.78097
 10.78972 3.81166
 10.73826 3.83111
 10.69889 3.85042
 10.67813 3.90750
 10.76695 4.07305
 10.73805 4.18195
 10.72166 4.20889
 10.71805 4.24611
 10.71889 4.28528
 10.74889 4.37195
 10.77334 4.40084
 10.80389 4.41334
 10.82945 4.42486
 10.90833 4.47111
 10.84777 4.54250
 10.79500 4.62695
 10.77805 4.66028
 10.76334 4.70222
 10.76111 4.72472
 10.78805 4.74084
 10.81639 4.74639
 10.84403 4.76014
 10.87500 4.80389
 10.88583 4.83361
 10.92334 4.85445
 11.00195 4.87819
 11.02472 4.87916
 11.05945 4.87472
 11.11695 4.85861
 11.13778 4.85111
 11.16264 4.83542
 11.17611 4.79945
 11.20666 4.75396
 11.25458 4.75361
 11.28555 4.78125
 11.33723 4.78723
 11.38416 4.74055
 11.40416 4.71861
 11.42445 4.69361
 11.43895 4.65403
 11.41445 4.63431
 11.38632 4.57743
 11.40972 4.56750
 11.52334 4.56139
 11.55708 4.56278
 11.66576 4.61361
 11.69472 4.64570
 11.72181 4.66973
 11.74153 4.66611
 11.78826 4.64097
 11.81889 4.62514
 11.93000 4.59889
 11.95527 4.59681
 12.05943 4.63428
 12.05138 4.59000
 12.09493 4.49847
 12.07222 4.46229
 11.96416 4.44250
 11.87361 4.44639
 11.81118 4.45424
 11.78555 4.48555
 11.74000 4.48166
 11.71326 4.46855
 11.69555 4.44584
 11.69139 4.40895
 11.72222 4.32166
 11.74139 4.29139
 11.79875 4.25778
 11.83403 4.25666
 11.91354 4.23145
 11.94861 4.07875
 11.94472 4.04347
 11.91919 3.97861
 11.90111 3.96805
 11.87639 3.95334
 11.76847 3.87569
 11.72345 3.72399
 11.74250 3.69889
 11.76319 3.68486
 11.80931 3.63395
 11.81055 3.61222
 11.78139 3.56472
 11.71250 3.42945
 11.68128 3.37229
 11.62181 3.40000
 11.51889 3.33778
 11.47445 3.28695
 11.45334 3.30639
 11.43139 3.32028
 11.30666 3.35778
 11.27979 3.35639
 11.22695 3.37639
 11.20555 3.38931
 11.18027 3.41639
 11.14084 3.46222
 11.02486 3.59389
 10.98000 3.59889
 10.87777 3.66250
 10.88139 3.68722
 10.87681 3.71584
 10.83689 3.71891
1 75 10.7114 12.0672 4.56139 5.48653 'Kenedougou (Burkina Faso)'
 10.72165 5.45621
 10.76334 5.44473
 10.84166 5.41118
 10.86945 5.41916
 10.89722 5.44334
 11.00222 5.47945
 11.03347 5.48653
 11.07729 5.48563
 11.08695 5.46361
 11.09445 5.39416
 11.10139 5.36264
 11.12014 5.32195
 11.13945 5.29945
 11.25264 5.24785
 11.46166 5.20861
 11.53819 5.20166
 11.58882 5.22389
 11.68695 5.26861
 11.78805 5.28750
 11.84389 5.27305
 11.93555 5.16834
 11.95277 5.14708
 11.96445 5.11750
 11.97555 5.07972
 12.00861 4.94278
 12.06277 4.69861
 12.06722 4.63343
 12.05943 4.63428
 11.95527 4.59681
 11.93000 4.59889
 11.81889 4.62514
 11.78826 4.64097
 11.74153 4.66611
 11.72181 4.66973
 11.69472 4.64570
 11.66576 4.61361
 11.55708 4.56278
 11.52334 4.56139
 11.40972 4.56750
 11.38632 4.57743
 11.41445 4.63431
 11.43895 4.65403
 11.42445 4.69361
 11.40416 4.71861
 11.38416 4.74055
 11.33723 4.78723
 11.28555 4.78125
 11.25458 4.75361
 11.20666 4.75396
 11.17611 4.79945
 11.16264 4.83542
 11.13778 4.85111
 11.11695 4.85861
 11.05945 4.87472
 11.02472 4.87916
 11.00195 4.87819
 10.92334 4.85445
 10.88583 4.83361
 10.87834 4.85542
 10.88222 4.87819
 10.90139 4.90416
 10.92111 4.93382
 10.90639 4.95250
 10.89084 4.96611
 10.86653 4.98319
 10.84257 4.99222
 10.82250 5.05722
 10.80069 5.19139
 10.81653 5.20931
 10.85736 5.22111
 10.85354 5.28868
 10.80945 5.33195
 10.73222 5.37236
 10.71144 5.38962
 10.72165 5.45621
2 84 11.6914 13.5038 3.42153 4.63428 'Kossi (Burkina Faso)'
 12.05943 4.63428
 12.06722 4.63343
 12.09333 4.63042
 12.11541 4.62486
 12.20111 4.56945
 12.27472 4.48250
 12.30083 4.41750
 12.42930 4.43611
 12.47264 4.41861
 12.50486 4.39708
 12.52875 4.37063
 12.62903 4.42875
 12.63813 4.45326
 12.66527 4.47493
 12.71361 4.47028
 12.72389 4.46889
 12.71500 4.28889
 12.71778 4.26320
 12.73528 4.22111
 12.76916 4.20653
 12.82861 4.19445
 12.94847 4.20736
 12.96958 4.21764
 12.99645 4.25535
 13.02166 4.27722
 13.11951 4.33555
 13.16431 4.31361
 13.24084 4.23695
 13.27597 4.19195
 13.27819 4.15660
 13.47611 3.97611
 13.50383 3.96425
 13.50139 3.95625
 13.44847 3.90326
 13.35906 3.78573
 13.22361 3.61695
 13.20277 3.58861
 13.17834 3.53805
 13.17889 3.50834
 13.17135 3.44885
 13.16650 3.43767
 13.13681 3.45639
 13.09834 3.47375
 13.07334 3.47931
 12.95195 3.46916
 12.86639 3.46000
 12.80166 3.44916
 12.76062 3.43493
 12.74441 3.42153
 12.73472 3.46361
 12.67347 3.51986
 12.51139 3.54750
 12.42277 3.57973
 12.43139 3.64055
 12.39000 3.70528
 12.37250 3.71916
 12.34861 3.73695
 12.21250 3.81944
 12.16493 3.81840
 12.12985 3.83027
 12.09972 3.86944
 12.07861 3.89888
 12.03972 3.93055
 11.94389 3.97000
 11.91919 3.97861
 11.94472 4.04347
 11.94861 4.07875
 11.91354 4.23145
 11.83403 4.25666
 11.79875 4.25778
 11.74139 4.29139
 11.72222 4.32166
 11.69139 4.40895
 11.69555 4.44584
 11.71326 4.46855
 11.74000 4.48166
 11.78555 4.48555
 11.81118 4.45424
 11.87361 4.44639
 11.96416 4.44250
 12.07222 4.46229
 12.09493 4.49847
 12.05138 4.59000
 12.05943 4.63428
3 69 11.4744 12.7451 2.72222 3.97861 'Mouhoun (Burkina Faso)'
 11.61472 2.72222
 11.61305 2.72305
 11.59458 2.75916
 11.58889 2.78528
 11.58120 2.81314
 11.53833 2.83111
 11.53445 2.83028
 11.54166 2.97084
 11.53445 3.09889
 11.49777 3.23069
 11.47445 3.28695
 11.51889 3.33778
 11.62181 3.40000
 11.68128 3.37229
 11.71250 3.42945
 11.78139 3.56472
 11.81055 3.61222
 11.80931 3.63395
 11.76319 3.68486
 11.74250 3.69889
 11.72345 3.72399
 11.76847 3.87569
 11.87639 3.95334
 11.90111 3.96805
 11.91919 3.97861
 11.94389 3.97000
 12.03972 3.93055
 12.07861 3.89888
 12.09972 3.86944
 12.12985 3.83027
 12.16493 3.81840
 12.21250 3.81944
 12.34861 3.73695
 12.37250 3.71916
 12.39000 3.70528
 12.43139 3.64055
 12.42277 3.57973
 12.51139 3.54750
 12.67347 3.51986
 12.73472 3.46361
 12.74441 3.42153
 12.74507 3.40410
 12.68750 3.38361
 12.65416 3.33139
 12.62181 3.25319
 12.51965 3.24292
 12.52166 3.21666
 12.52555 3.18625
 12.49792 3.15264
 12.46333 3.12805
 12.44250 3.12139
 12.40840 3.08749
 12.38250 3.04138
 12.36138 2.97082
 12.38787 2.86300
 12.36972 2.84020
 12.33368 2.83714
 12.22042 2.83469
 12.11222 2.79301
 12.06521 2.80912
 12.06847 2.83204
 12.09153 2.85718
 12.09889 2.88301
 12.08597 2.90482
 12.05785 2.91981
 11.83195 2.85416
 11.74708 2.78028
 11.72527 2.76389
 11.61472 2.72222
4 37 14.1597 15.0828 -0.241391 1.00303 'Oudalan (Burkina Faso)'
 14.15972 0.57250
 14.17451 0.60431
 14.27048 0.69236
 14.32166 0.69472
 14.35639 0.69278
 14.41028 0.68250
 14.52111 0.77778
 14.62777 0.83584
 14.64750 0.85028
 14.67195 0.87389
 14.70305 0.91805
 14.76500 0.96472
 14.84010 1.00303
 15.08277 0.72528
 15.08236 0.72315
 15.08277 0.44361
 15.00528 0.38666
 15.07750 0.24639
 14.99437 -0.00000
 14.91506 -0.23505
 14.88021 -0.23236
 14.86389 -0.21195
 14.84208 -0.19639
 14.75222 -0.24139
 14.70084 -0.22528
 14.52305 -0.16666
 14.46472 -0.18945
 14.42542 -0.23303
 14.39597 -0.19792
 14.36777 -0.20055
 14.21084 -0.00750
 14.18166 0.20834
 14.17500 0.30195
 14.17222 0.37084
 14.16861 0.44139
 14.16445 0.50889
 14.15972 0.57250
5 64 13.7449 14.8401 0.545282 2.10372 'Soum (Burkina Faso)'
 13.76833 1.76389
 13.77055 1.77319
 13.83361 1.84778
 13.86125 1.87208
 13.88403 1.88708
 13.91139 1.89458
 13.94027 1.89584
 14.06611 2.01195
 14.15263 2.10372
 14.18777 2.00695
 14.30805 1.99666
 14.34250 1.99250
 14.37695 1.98945
 14.41027 1.98416
 14.47472 1.98084
 14.48861 1.90750
 14.48111 1.77778
 14.50055 1.67834
 14.70135 1.36185
 14.72861 1.31889
 14.78416 1.09389
 14.77695 1.07416
 14.84010 1.00303
 14.76500 0.96472
 14.70305 0.91805
 14.67195 0.87389
 14.64750 0.85028
 14.62777 0.83584
 14.52111 0.77778
 14.41028 0.68250
 14.35639 0.69278
 14.32166 0.69472
 14.27048 0.69236
 14.17451 0.60431
 14.15972 0.57250
 14.08695 0.54528
 14.03555 0.56305
 14.01403 0.59069
 13.99250 0.62139
 13.98945 0.68305
 13.96895 0.70555
 13.94445 0.70445
 13.93195 0.73055
 13.86584 0.87111
 13.84354 0.92945
 13.85743 0.98208
 13.82084 1.04111
 13.79611 1.07750
 13.76305 1.11695
 13.74486 1.32514
 13.74722 1.34361
 13.76006 1.36785
 13.76361 1.40555
 13.76542 1.46055
 13.77777 1.48611
 13.79139 1.50166
 13.81334 1.51958
 13.83882 1.53049
 13.86666 1.53861
 13.88653 1.54916
 13.88097 1.68542
 13.80958 1.74153
 13.77805 1.76000
 13.76833 1.76389
6 72 12.3614 13.7081 2.45049 3.47931 'Sourou (Burkina Faso)'
 13.16650 3.43767
 13.18417 3.42714
 13.21139 3.42445
 13.23538 3.43232
 13.26103 3.44270
 13.27611 3.42610
 13.27666 3.39416
 13.27722 3.37389
 13.28805 3.23222
 13.32250 3.23389
 13.35972 3.23722
 13.49639 3.26028
 13.55028 3.27334
 13.69666 3.25750
 13.70805 3.21111
 13.68611 3.09945
 13.62916 2.95832
 13.58792 2.92236
 13.56084 2.88556
 13.54729 2.86231
 13.53728 2.80309
 13.46334 2.65403
 13.42584 2.65222
 13.38639 2.65486
 13.31027 2.61292
 13.29639 2.58889
 13.28861 2.55153
 13.31382 2.52493
 13.28035 2.45049
 13.11584 2.58792
 13.11695 2.66472
 13.12166 2.69250
 13.11389 2.71389
 13.08514 2.72264
 13.05334 2.71972
 12.99277 2.71084
 12.99000 2.70750
 12.88166 2.72695
 12.79195 2.68861
 12.75555 2.65222
 12.69500 2.69528
 12.67250 2.72472
 12.62479 2.76965
 12.56945 2.75445
 12.52639 2.72945
 12.46681 2.76111
 12.43847 2.78888
 12.41638 2.81583
 12.39347 2.84763
 12.38787 2.86300
 12.36138 2.97082
 12.38250 3.04138
 12.40840 3.08749
 12.44250 3.12139
 12.46333 3.12805
 12.49792 3.15264
 12.52555 3.18625
 12.52166 3.21666
 12.51965 3.24292
 12.62181 3.25319
 12.65416 3.33139
 12.68750 3.38361
 12.74507 3.40410
 12.74441 3.42153
 12.76062 3.43493
 12.80166 3.44916
 12.86639 3.46000
 12.95195 3.46916
 13.07334 3.47931
 13.09834 3.47375
 13.13681 3.45639
 13.16650 3.43767
7 56 12.9897 13.8865 1.29695 1.91111 'Bam (Burkina Faso)'
 12.98971 1.51475
 12.99048 1.53365
 12.99800 1.56586
 13.01632 1.59981
 13.07777 1.69222
 13.09792 1.71445
 13.13111 1.73972
 13.17834 1.74500
 13.21055 1.74889
 13.26527 1.76569
 13.32597 1.81958
 13.34042 1.83611
 13.36097 1.85153
 13.38527 1.85681
 13.41777 1.85778
 13.49055 1.86236
 13.53583 1.87916
 13.57063 1.89861
 13.61777 1.91111
 13.64181 1.88292
 13.67035 1.82250
 13.69958 1.74424
 13.73195 1.73986
 13.76584 1.76111
 13.76833 1.76389
 13.77805 1.76000
 13.80958 1.74153
 13.88097 1.68542
 13.88653 1.54916
 13.86666 1.53861
 13.83882 1.53049
 13.81334 1.51958
 13.79139 1.50166
 13.77777 1.48611
 13.76542 1.46055
 13.76361 1.40555
 13.76006 1.36785
 13.74722 1.34361
 13.67195 1.30389
 13.63500 1.31028
 13.54139 1.36500
 13.44542 1.39084
 13.41916 1.38416
 13.39875 1.35590
 13.34305 1.31166
 13.30347 1.29695
 13.21416 1.33611
 13.18416 1.35389
 13.15431 1.41986
 13.14389 1.45055
 13.13361 1.49889
 13.12555 1.53555
 13.04555 1.54736
 13.02305 1.52195
 13.00195 1.51229
 12.98971 1.51475
8 61 11.9321 12.7159 1.77842 2.49888 'Boulkiemde (Burkina Faso)'
 12.33277 1.78964
 12.31416 1.80185
 12.25264 1.77842
 12.16527 1.83865
 12.16138 1.86917
 12.15333 1.91859
 12.11159 1.97133
 12.07903 1.95868
 12.05750 1.95437
 12.03847 1.97881
 12.02388 2.00381
 12.02166 2.01076
 12.02264 2.01931
 11.99385 2.05555
 11.95361 2.14000
 11.94639 2.16111
 11.93222 2.23111
 11.93213 2.23558
 11.94861 2.23889
 11.97292 2.25195
 11.99027 2.27111
 11.96361 2.32834
 11.95084 2.34916
 12.00944 2.48305
 12.02916 2.49888
 12.09195 2.49695
 12.22695 2.42764
 12.24389 2.40750
 12.27604 2.40223
 12.32139 2.41473
 12.38472 2.43445
 12.46458 2.38015
 12.52208 2.29778
 12.59945 2.24695
 12.63975 2.24538
 12.63145 2.27695
 12.60111 2.27764
 12.58958 2.31084
 12.62861 2.33625
 12.65722 2.33666
 12.67861 2.27805
 12.69084 2.24445
 12.69666 2.21750
 12.71590 2.03215
 12.69298 2.00771
 12.66361 2.00319
 12.63569 1.97542
 12.63305 1.95528
 12.63527 1.94250
 12.62222 1.89542
 12.61195 1.87611
 12.59681 1.86195
 12.57048 1.84834
 12.51250 1.80222
 12.50834 1.79139
 12.47257 1.81201
 12.43847 1.82400
 12.39743 1.82439
 12.36445 1.81243
 12.33694 1.79464
 12.33277 1.78964
9 70 11.591 12.35 0.889373 2.01076 'Bazega (Burkina Faso)'
 12.18630 1.06190
 12.16645 1.05872
 12.08203 1.02625
 12.02592 0.98014
 11.98378 0.92361
 11.95722 0.89805
 11.91687 0.88937
 11.88695 0.89780
 11.90528 0.97334
 11.92903 1.06972
 11.92027 1.10195
 11.90361 1.13445
 11.89250 1.15278
 11.87834 1.17416
 11.84472 1.21416
 11.82584 1.23500
 11.79389 1.26264
 11.76722 1.27916
 11.74639 1.28916
 11.69625 1.30805
 11.65666 1.31972
 11.63055 1.32972
 11.60666 1.34166
 11.59100 1.35217
 11.61500 1.40584
 11.62945 1.42847
 11.65834 1.44861
 11.69111 1.47555
 11.71639 1.50861
 11.75416 1.56139
 11.78125 1.62222
 11.85111 1.70361
 11.88055 1.72972
 11.91277 1.77722
 11.93479 1.83701
 11.91166 1.89222
 11.92198 1.96615
 12.02166 2.01076
 12.02388 2.00381
 12.03847 1.97881
 12.05750 1.95437
 12.07903 1.95868
 12.11159 1.97133
 12.15333 1.91859
 12.16138 1.86917
 12.16527 1.83865
 12.25264 1.77842
 12.31416 1.80185
 12.33277 1.78964
 12.34250 1.76633
 12.35000 1.74648
 12.34875 1.72275
 12.33958 1.70192
 12.32069 1.68789
 12.26972 1.66636
 12.23666 1.65553
 12.20666 1.65414
 12.18611 1.65719
 12.13861 1.59776
 12.09195 1.50125
 12.08556 1.47139
 12.09543 1.41720
 12.13528 1.42112
 12.15931 1.42125
 12.19001 1.40875
 12.21417 1.35001
 12.21667 1.31085
 12.21184 1.21019
 12.20394 1.14425
 12.18630 1.06190
10 40 12.0856 12.5212 1.24904 1.82439 'Kadiogo (Burkina Faso)'
 12.21417 1.35001
 12.19001 1.40875
 12.15931 1.42125
 12.13528 1.42112
 12.09543 1.41720
 12.08556 1.47139
 12.09195 1.50125
 12.13861 1.59776
 12.18611 1.65719
 12.20666 1.65414
 12.23666 1.65553
 12.26972 1.66636
 12.32069 1.68789
 12.33958 1.70192
 12.34875 1.72275
 12.35000 1.74648
 12.34250 1.76633
 12.33277 1.78964
 12.33694 1.79464
 12.36445 1.81243
 12.39743 1.82439
 12.43847 1.82400
 12.47257 1.81201
 12.50834 1.79139
 12.49833 1.76153
 12.49305 1.73139
 12.48945 1.68361
 12.49250 1.63416
 12.49584 1.61195
 12.50736 1.58319
 12.52125 1.54916
 12.49250 1.42695
 12.49208 1.27278
 12.47097 1.25819
 12.43403 1.24904
 12.41111 1.25125
 12.38889 1.27640
 12.33639 1.30195
 12.23667 1.34585
 12.21417 1.35001
11 61 12.1863 12.9333 0.854718 1.97445 'Oubritenga (Burkina Faso)'
 12.21417 1.35001
 12.23667 1.34585
 12.33639 1.30195
 12.38889 1.27640
 12.41111 1.25125
 12.43403 1.24904
 12.47097 1.25819
 12.49208 1.27278
 12.49250 1.42695
 12.52125 1.54916
 12.50736 1.58319
 12.49584 1.61195
 12.49250 1.63416
 12.48945 1.68361
 12.49305 1.73139
 12.49833 1.76153
 12.50834 1.79139
 12.51250 1.80222
 12.57048 1.84834
 12.59681 1.86195
 12.61195 1.87611
 12.62222 1.89542
 12.63527 1.94250
 12.64681 1.93931
 12.67590 1.94410
 12.71597 1.96805
 12.73889 1.97445
 12.76375 1.97028
 12.78736 1.95514
 12.87916 1.83945
 12.89166 1.81681
 12.93334 1.67584
 12.88555 1.54111
 12.86122 1.52025
 12.87660 1.47584
 12.86278 1.40778
 12.79527 1.21472
 12.77903 1.18305
 12.72786 1.14736
 12.68597 1.12931
 12.66889 1.11389
 12.65084 0.98764
 12.56222 0.91736
 12.54139 0.88028
 12.53695 0.85584
 12.53472 0.85500
 12.50132 0.85472
 12.49250 0.87834
 12.48639 0.91361
 12.52063 0.95916
 12.53771 0.97215
 12.52972 1.01472
 12.47027 1.06278
 12.35946 1.10836
 12.32892 1.11629
 12.26060 1.09091
 12.18630 1.06190
 12.20394 1.14425
 12.21184 1.21019
 12.21667 1.31085
 12.21417 1.35001
12 59 12.6211 13.1504 1.51475 2.72695 'Passore (Burkina Faso)'
 12.63527 1.94250
 12.63305 1.95528
 12.63569 1.97542
 12.66361 2.00319
 12.69298 2.00771
 12.71590 2.03215
 12.69666 2.21750
 12.69084 2.24445
 12.67861 2.27805
 12.65722 2.33666
 12.62111 2.48229
 12.70903 2.53569
 12.75250 2.53639
 12.78389 2.60945
 12.75555 2.65222
 12.79195 2.68861
 12.88166 2.72695
 12.99000 2.70750
 12.99250 2.67805
 12.99736 2.59972
 12.99048 2.57229
 12.95785 2.53993
 12.97424 2.45292
 13.01222 2.43535
 13.04583 2.37611
 13.07834 2.30139
 13.10458 2.22805
 13.07029 2.14648
 13.02861 2.08695
 13.01861 2.05139
 13.02250 2.02916
 13.06969 1.92414
 13.11222 1.91431
 13.14708 1.87166
 13.15042 1.85111
 13.13451 1.82299
 13.09910 1.79951
 13.10500 1.77222
 13.12681 1.74278
 13.13111 1.73972
 13.09792 1.71445
 13.07777 1.69222
 13.01632 1.59981
 12.99800 1.56586
 12.99048 1.53365
 12.98971 1.51475
 12.95708 1.51563
 12.91445 1.52722
 12.88555 1.54111
 12.93334 1.67584
 12.89166 1.81681
 12.87916 1.83945
 12.78736 1.95514
 12.76375 1.97028
 12.73889 1.97445
 12.71597 1.96805
 12.67590 1.94410
 12.64681 1.93931
 12.63527 1.94250
13 64 11.6147 12.7839 2.23558 2.91981 'Sanguie (Burkina Faso)'
 11.93213 2.23558
 11.92931 2.24153
 11.90500 2.34278
 11.89778 2.38181
 11.90111 2.40861
 11.81389 2.54250
 11.70916 2.56653
 11.65834 2.56695
 11.62583 2.57215
 11.63027 2.62361
 11.63777 2.66695
 11.63305 2.69000
 11.61472 2.72222
 11.72527 2.76389
 11.74708 2.78028
 11.83195 2.85416
 12.05785 2.91981
 12.08597 2.90482
 12.09889 2.88301
 12.09153 2.85718
 12.06847 2.83204
 12.06521 2.80912
 12.11222 2.79301
 12.22042 2.83469
 12.33368 2.83714
 12.36972 2.84020
 12.38787 2.86300
 12.39347 2.84763
 12.41638 2.81583
 12.43847 2.78888
 12.46681 2.76111
 12.52639 2.72945
 12.56945 2.75445
 12.62479 2.76965
 12.67250 2.72472
 12.69500 2.69528
 12.75555 2.65222
 12.78389 2.60945
 12.75250 2.53639
 12.70903 2.53569
 12.62111 2.48229
 12.65722 2.33666
 12.62861 2.33625
 12.58958 2.31084
 12.60111 2.27764
 12.63145 2.27695
 12.63975 2.24538
 12.59945 2.24695
 12.52208 2.29778
 12.46458 2.38015
 12.38472 2.43445
 12.32139 2.41473
 12.27604 2.40223
 12.24389 2.40750
 12.22695 2.42764
 12.09195 2.49695
 12.02916 2.49888
 12.00944 2.48305
 11.95084 2.34916
 11.96361 2.32834
 11.99027 2.27111
 11.97292 2.25195
 11.94861 2.23889
 11.93213 2.23558
14 66 11.0003 12.0226 1.29048 2.83405 'Sissili (Burkina Faso)'
 11.52079 1.29048
 11.52666 1.31139
 11.52278 1.34639
 11.49861 1.36778
 11.44666 1.44445
 11.41222 1.49722
 11.39569 1.55882
 11.33722 1.58805
 11.26833 1.61584
 11.16333 1.65666
 11.12250 1.59451
 11.08389 1.48305
 11.03819 1.41771
 11.02647 1.41967
 11.02356 1.56018
 11.00027 1.57084
 11.00027 1.72861
 11.00027 1.99139
 11.00111 2.30000
 11.00195 2.73500
 11.00201 2.83405
 11.09145 2.82687
 11.23111 2.80945
 11.40695 2.82945
 11.50819 2.82764
 11.53445 2.83028
 11.53833 2.83111
 11.58120 2.81314
 11.58889 2.78528
 11.59458 2.75916
 11.61305 2.72305
 11.61472 2.72222
 11.63305 2.69000
 11.63777 2.66695
 11.63027 2.62361
 11.62583 2.57215
 11.65834 2.56695
 11.70916 2.56653
 11.81389 2.54250
 11.90111 2.40861
 11.89778 2.38181
 11.90500 2.34278
 11.92931 2.24153
 11.93213 2.23558
 11.93222 2.23111
 11.94639 2.16111
 11.95361 2.14000
 11.99385 2.05555
 12.02264 2.01931
 12.02166 2.01076
 11.92198 1.96615
 11.91166 1.89222
 11.93479 1.83701
 11.91277 1.77722
 11.88055 1.72972
 11.85111 1.70361
 11.78125 1.62222
 11.75416 1.56139
 11.71639 1.50861
 11.69111 1.47555
 11.65834 1.44861
 11.62945 1.42847
 11.61500 1.40584
 11.59100 1.35217
 11.54834 1.31834
 11.52079 1.29048
15 83 12.9578 14.2861 1.73972 2.95832 'Yatenga (Burkina Faso)'
 12.99000 2.70750
 12.99277 2.71084
 13.05334 2.71972
 13.08514 2.72264
 13.11389 2.71389
 13.12166 2.69250
 13.11695 2.66472
 13.11584 2.58792
 13.28035 2.45049
 13.31382 2.52493
 13.28861 2.55153
 13.29639 2.58889
 13.31027 2.61292
 13.38639 2.65486
 13.42584 2.65222
 13.46334 2.65403
 13.53728 2.80309
 13.54729 2.86231
 13.56084 2.88556
 13.58792 2.92236
 13.62916 2.95832
 13.63305 2.94222
 13.66430 2.88222
 13.72166 2.90445
 13.82236 2.90375
 14.00555 2.84000
 14.05028 2.81555
 14.16195 2.64666
 14.21166 2.59972
 14.28611 2.46514
 14.26555 2.38416
 14.23834 2.28945
 14.21778 2.24500
 14.15139 2.10750
 14.15263 2.10372
 14.06611 2.01195
 13.94027 1.89584
 13.91139 1.89458
 13.88403 1.88708
 13.86125 1.87208
 13.83361 1.84778
 13.77055 1.77319
 13.76833 1.76389
 13.76584 1.76111
 13.73195 1.73986
 13.69958 1.74424
 13.67035 1.82250
 13.64181 1.88292
 13.61777 1.91111
 13.57063 1.89861
 13.53583 1.87916
 13.49055 1.86236
 13.41777 1.85778
 13.38527 1.85681
 13.36097 1.85153
 13.34042 1.83611
 13.32597 1.81958
 13.26527 1.76569
 13.21055 1.74889
 13.17834 1.74500
 13.13111 1.73972
 13.12681 1.74278
 13.10500 1.77222
 13.09910 1.79951
 13.13451 1.82299
 13.15042 1.85111
 13.14708 1.87166
 13.11222 1.91431
 13.06969 1.92414
 13.02250 2.02916
 13.01861 2.05139
 13.02861 2.08695
 13.07029 2.14648
 13.10458 2.22805
 13.07834 2.30139
 13.04583 2.37611
 13.01222 2.43535
 12.97424 2.45292
 12.95785 2.53993
 12.99048 2.57229
 12.99736 2.59972
 12.99250 2.67805
 12.99000 2.70750
16 73 12.2489 13.9925 0.211209 0.817218 'Namentenga (Burkina Faso)'
 12.27805 0.21375
 12.25111 0.24015
 12.25388 0.29235
 12.27611 0.36034
 12.27750 0.42196
 12.26611 0.46195
 12.24888 0.47612
 12.28527 0.50389
 12.47357 0.57330
 12.46903 0.60972
 12.48000 0.63458
 12.59166 0.66028
 12.64097 0.65493
 12.67958 0.66222
 12.70389 0.69055
 12.71972 0.69111
 12.81069 0.70153
 12.84639 0.72972
 12.87416 0.76458
 12.97153 0.81347
 12.99639 0.81666
 13.02500 0.81722
 13.03375 0.78055
 12.99764 0.75389
 12.97104 0.72708
 12.98666 0.69625
 13.03000 0.68195
 13.24166 0.66666
 13.30972 0.66569
 13.40972 0.70500
 13.49195 0.74361
 13.53042 0.75875
 13.55931 0.76813
 13.60792 0.77986
 13.67424 0.76861
 13.71201 0.70378
 13.77097 0.67708
 13.81653 0.67472
 13.93584 0.68403
 13.94445 0.70445
 13.96895 0.70555
 13.98945 0.68305
 13.99250 0.62139
 13.95166 0.62305
 13.91514 0.57305
 13.84875 0.49299
 13.81305 0.48389
 13.77625 0.47916
 13.73139 0.46639
 13.66584 0.39834
 13.63250 0.35834
 13.61777 0.29334
 13.52653 0.25208
 13.50658 0.22897
 13.46334 0.30084
 13.43000 0.31778
 13.39931 0.32395
 13.37736 0.28708
 13.23945 0.33139
 13.11277 0.37708
 13.03889 0.39250
 13.00903 0.39166
 12.90750 0.36278
 12.88861 0.34834
 12.86805 0.32771
 12.85055 0.28334
 12.82180 0.23166
 12.80736 0.21334
 12.62777 0.22584
 12.55292 0.24500
 12.42527 0.25003
 12.31555 0.21121
 12.27805 0.21375
17 71 12.5369 13.9444 0.665691 1.54736 'Sanmatenga (Burkina Faso)'
 12.70389 0.69055
 12.69875 0.74736
 12.67500 0.78264
 12.53695 0.85584
 12.54139 0.88028
 12.56222 0.91736
 12.65084 0.98764
 12.66889 1.11389
 12.68597 1.12931
 12.72786 1.14736
 12.77903 1.18305
 12.79527 1.21472
 12.86278 1.40778
 12.87660 1.47584
 12.86122 1.52025
 12.88555 1.54111
 12.91445 1.52722
 12.95708 1.51563
 12.98971 1.51475
 13.00195 1.51229
 13.02305 1.52195
 13.04555 1.54736
 13.12555 1.53555
 13.13361 1.49889
 13.14389 1.45055
 13.15431 1.41986
 13.18416 1.35389
 13.21416 1.33611
 13.30347 1.29695
 13.34305 1.31166
 13.39875 1.35590
 13.41916 1.38416
 13.44542 1.39084
 13.54139 1.36500
 13.63500 1.31028
 13.67195 1.30389
 13.74722 1.34361
 13.74486 1.32514
 13.76305 1.11695
 13.79611 1.07750
 13.82084 1.04111
 13.85743 0.98208
 13.84354 0.92945
 13.86584 0.87111
 13.93195 0.73055
 13.94445 0.70445
 13.93584 0.68403
 13.81653 0.67472
 13.77097 0.67708
 13.71201 0.70378
 13.67424 0.76861
 13.60792 0.77986
 13.55931 0.76813
 13.53042 0.75875
 13.49195 0.74361
 13.40972 0.70500
 13.30972 0.66569
 13.24166 0.66666
 13.03000 0.68195
 12.98666 0.69625
 12.97104 0.72708
 12.99764 0.75389
 13.03375 0.78055
 13.02500 0.81722
 12.99639 0.81666
 12.97153 0.81347
 12.87416 0.76458
 12.84639 0.72972
 12.81069 0.70153
 12.71972 0.69111
 12.70389 0.69055
18 70 10.9139 12.0172 -0.234863 0.894237 'Boulgou (Burkina Faso)'
 11.06416 -0.21889
 11.07055 -0.19000
 11.09889 -0.05028
 11.12722 0.08972
 11.13778 0.14222
 11.13854 0.14976
 11.14472 0.17695
 11.15569 0.28687
 11.08472 0.36416
 10.91389 0.61847
 10.95681 0.66611
 10.98861 0.67861
 10.99780 0.67984
 11.00764 0.69611
 11.04691 0.68594
 11.14792 0.71708
 11.19277 0.77004
 11.16201 0.78826
 11.19139 0.85916
 11.20639 0.87875
 11.22685 0.88584
 11.29195 0.85695
 11.41389 0.81972
 11.58834 0.82139
 11.63028 0.86000
 11.65500 0.87945
 11.69500 0.89424
 11.74472 0.89416
 11.78125 0.88166
 11.80375 0.87222
 11.82445 0.86111
 11.84889 0.83500
 11.84319 0.82222
 11.87028 0.75972
 11.88277 0.74111
 11.90445 0.71528
 11.94416 0.67195
 11.98666 0.63181
 12.00777 0.60944
 12.01722 0.57749
 12.01291 0.54777
 12.00111 0.51945
 11.99291 0.51959
 11.95521 0.50993
 11.93222 0.49750
 11.86750 0.44695
 11.86334 0.36555
 11.86472 0.32986
 11.87945 0.27528
 11.88889 0.24861
 11.91584 0.19445
 11.94687 0.14916
 11.98527 0.14195
 11.87236 0.02305
 11.84416 0.00097
 11.82042 -0.01055
 11.76111 -0.02805
 11.65889 -0.05305
 11.56445 -0.07500
 11.53277 -0.08222
 11.45195 -0.11416
 11.40111 -0.13584
 11.36445 -0.15195
 11.31916 -0.17750
 11.30195 -0.18889
 11.19277 -0.23486
 11.16666 -0.23472
 11.14027 -0.23278
 11.07528 -0.22166
 11.06416 -0.21889
19 50 11.8432 12.7039 0.418737 1.11629 'Ganzourgou (Burkina Faso)'
 12.18630 1.06190
 12.26060 1.09091
 12.32892 1.11629
 12.35946 1.10836
 12.47027 1.06278
 12.52972 1.01472
 12.53771 0.97215
 12.52063 0.95916
 12.48639 0.91361
 12.49250 0.87834
 12.50132 0.85472
 12.53472 0.85500
 12.53695 0.85584
 12.67500 0.78264
 12.69875 0.74736
 12.70389 0.69055
 12.67958 0.66222
 12.64097 0.65493
 12.59166 0.66028
 12.48000 0.63458
 12.46903 0.60972
 12.47357 0.57330
 12.28527 0.50389
 12.24888 0.47612
 12.14722 0.43975
 12.08993 0.41874
 12.04945 0.43837
 12.02458 0.46037
 12.00958 0.48460
 12.00195 0.51112
 12.00111 0.51945
 12.01291 0.54777
 12.01722 0.57749
 12.00777 0.60944
 11.98666 0.63181
 11.94416 0.67195
 11.90445 0.71528
 11.88277 0.74111
 11.87028 0.75972
 11.84319 0.82222
 11.84889 0.83500
 11.87361 0.83368
 11.88695 0.89780
 11.91687 0.88937
 11.95722 0.89805
 11.98378 0.92361
 12.02592 0.98014
 12.08203 1.02625
 12.16645 1.05872
 12.18630 1.06190
20 37 11.8633 12.2781 0.0396638 0.519591 'Kouritenga (Burkina Faso)'
 12.25750 0.12988
 12.25111 0.12016
 12.23695 0.10267
 12.21139 0.07685
 12.14125 0.03966
 12.08256 0.06795
 12.07861 0.08997
 12.05833 0.13082
 12.00000 0.14065
 11.98527 0.14195
 11.94687 0.14916
 11.91584 0.19445
 11.88889 0.24861
 11.87945 0.27528
 11.86472 0.32986
 11.86334 0.36555
 11.86750 0.44695
 11.93222 0.49750
 11.95521 0.50993
 11.99291 0.51959
 12.00111 0.51945
 12.00195 0.51112
 12.00958 0.48460
 12.02458 0.46037
 12.04945 0.43837
 12.08993 0.41874
 12.14722 0.43975
 12.24888 0.47612
 12.26611 0.46195
 12.27750 0.42196
 12.27611 0.36034
 12.25388 0.29235
 12.25111 0.24015
 12.27805 0.21375
 12.27805 0.20985
 12.27277 0.18570
 12.25750 0.12988
21 33 10.9978 11.5267 0.679837 1.65666 'Nahouri (Burkina Faso)'
 11.22685 0.88584
 11.20639 0.87875
 11.19139 0.85916
 11.16201 0.78826
 11.19277 0.77004
 11.14792 0.71708
 11.04691 0.68594
 11.00764 0.69611
 10.99780 0.67984
 10.99805 0.78445
 11.00666 0.90222
 11.01445 0.98695
 11.00597 1.09195
 10.99972 1.37278
 11.02647 1.41967
 11.03819 1.41771
 11.08389 1.48305
 11.12250 1.59451
 11.16333 1.65666
 11.26833 1.61584
 11.33722 1.58805
 11.39569 1.55882
 11.41222 1.49722
 11.44666 1.44445
 11.49861 1.36778
 11.52278 1.34639
 11.52666 1.31139
 11.52079 1.29048
 11.49666 1.26916
 11.47000 1.24000
 11.38861 1.13528
 11.23111 0.89903
 11.22685 0.88584
22 37 11.2268 11.929 0.819718 1.35217 'Zoundweogo (Burkina Faso)'
 11.84889 0.83500
 11.82445 0.86111
 11.80375 0.87222
 11.78125 0.88166
 11.74472 0.89416
 11.69500 0.89424
 11.65500 0.87945
 11.63028 0.86000
 11.58834 0.82139
 11.41389 0.81972
 11.29195 0.85695
 11.22685 0.88584
 11.23111 0.89903
 11.38861 1.13528
 11.47000 1.24000
 11.49666 1.26916
 11.52079 1.29048
 11.54834 1.31834
 11.59100 1.35217
 11.60666 1.34166
 11.63055 1.32972
 11.65666 1.31972
 11.69625 1.30805
 11.74639 1.28916
 11.76722 1.27916
 11.79389 1.26264
 11.82584 1.23500
 11.84472 1.21416
 11.87834 1.17416
 11.89250 1.15278
 11.90361 1.13445
 11.92027 1.10195
 11.92903 1.06972
 11.90528 0.97334
 11.88695 0.89780
 11.87361 0.83368
 11.84889 0.83500
23 46 10.5783 11.5417 2.80945 3.71891 'Bougouriba (Burkina Faso)'
 11.00201 2.83405
 10.95750 2.83361
 10.88583 2.83695
 10.73708 2.90695
 10.70815 2.92753
 10.74027 2.96028
 10.76250 2.99069
 10.73958 3.05486
 10.69584 3.12597
 10.66945 3.15334
 10.64361 3.18278
 10.58111 3.30750
 10.57834 3.33681
 10.59514 3.35875
 10.62986 3.42105
 10.66083 3.56805
 10.65805 3.63195
 10.64111 3.70111
 10.65195 3.70334
 10.69527 3.71139
 10.73527 3.70945
 10.80527 3.71389
 10.83689 3.71891
 10.87681 3.71584
 10.88139 3.68722
 10.87777 3.66250
 10.98000 3.59889
 11.02486 3.59389
 11.14084 3.46222
 11.18027 3.41639
 11.20555 3.38931
 11.22695 3.37639
 11.27979 3.35639
 11.30666 3.35778
 11.43139 3.32028
 11.45334 3.30639
 11.47445 3.28695
 11.49777 3.23069
 11.53445 3.09889
 11.54166 2.97084
 11.53445 2.83028
 11.50819 2.82764
 11.40695 2.82945
 11.23111 2.80945
 11.09145 2.82687
 11.00201 2.83405
24 96 9.59997 10.9211 3.69195 5.52084 'Comoe (Burkina Faso)'
 10.64111 3.70111
 10.49028 3.69195
 10.46292 3.69750
 10.41166 3.71695
 10.31584 3.75847
 10.27222 3.73549
 10.22715 3.73542
 10.10722 3.85250
 10.09076 3.89416
 9.99084 3.94472
 9.92666 3.89305
 9.89424 3.89084
 9.88222 3.90347
 9.86305 3.93639
 9.80695 4.03416
 9.82931 4.12416
 9.74292 4.26201
 9.67583 4.27945
 9.65166 4.28305
 9.60111 4.30972
 9.59997 4.31245
 9.61528 4.33049
 9.65750 4.42611
 9.69027 4.51472
 9.72069 4.60500
 9.70292 4.65521
 9.69805 4.70445
 9.73666 4.77528
 9.77785 4.81021
 9.78292 4.78542
 9.82805 4.78639
 9.86250 4.83028
 9.94861 4.94972
 10.06389 4.99028
 10.30305 5.12819
 10.31972 5.24389
 10.31916 5.26861
 10.30527 5.30750
 10.29695 5.33834
 10.28945 5.37111
 10.29764 5.40410
 10.34805 5.47028
 10.42777 5.52084
 10.43627 5.51985
 10.52722 5.48361
 10.63250 5.47334
 10.69931 5.46431
 10.72165 5.45621
 10.71144 5.38962
 10.73222 5.37236
 10.80945 5.33195
 10.85354 5.28868
 10.85736 5.22111
 10.81653 5.20931
 10.80069 5.19139
 10.82250 5.05722
 10.84257 4.99222
 10.86653 4.98319
 10.89084 4.96611
 10.90639 4.95250
 10.92111 4.93382
 10.90139 4.90416
 10.88222 4.87819
 10.87834 4.85542
 10.88583 4.83361
 10.87500 4.80389
 10.84403 4.76014
 10.81639 4.74639
 10.78805 4.74084
 10.76111 4.72472
 10.76334 4.70222
 10.77805 4.66028
 10.79500 4.62695
 10.84777 4.54250
 10.90833 4.47111
 10.82945 4.42486
 10.80389 4.41334
 10.77334 4.40084
 10.74889 4.37195
 10.71889 4.28528
 10.71805 4.24611
 10.72166 4.20889
 10.73805 4.18195
 10.76695 4.07305
 10.67813 3.90750
 10.69889 3.85042
 10.73826 3.83111
 10.78972 3.81166
 10.83937 3.78097
 10.84111 3.75945
 10.83689 3.71891
 10.80527 3.71389
 10.73527 3.70945
 10.69527 3.71139
 10.65195 3.70334
 10.64111 3.70111
25 63 9.39569 10.7625 2.68556 3.94472 'Poni (Burkina Faso)'
 9.65304 2.74466
 9.62736 2.76139
 9.60084 2.76958
 9.56972 2.76895
 9.54410 2.74507
 9.52119 2.71404
 9.48750 2.68916
 9.48182 2.68556
 9.41084 2.73166
 9.39569 2.75702
 9.40361 2.77972
 9.42389 2.80139
 9.48139 2.85084
 9.57681 2.92097
 9.62777 2.93750
 9.69986 2.96916
 9.72445 2.98611
 9.83611 3.12389
 9.90139 3.20861
 9.92000 3.39416
 9.95445 3.63708
 9.94361 3.70639
 9.93500 3.75361
 9.89778 3.88222
 9.89424 3.89084
 9.92666 3.89305
 9.99084 3.94472
 10.09076 3.89416
 10.10722 3.85250
 10.22715 3.73542
 10.27222 3.73549
 10.31584 3.75847
 10.41166 3.71695
 10.46292 3.69750
 10.49028 3.69195
 10.64111 3.70111
 10.65805 3.63195
 10.66083 3.56805
 10.62986 3.42105
 10.59514 3.35875
 10.57834 3.33681
 10.58111 3.30750
 10.64361 3.18278
 10.66945 3.15334
 10.69584 3.12597
 10.73958 3.05486
 10.76250 2.99069
 10.74027 2.96028
 10.70815 2.92753
 10.65528 2.91611
 10.59805 2.91639
 10.51945 2.89195
 10.36555 2.83389
 10.27083 2.79055
 10.21695 2.77139
 10.16305 2.79445
 10.05500 2.79542
 10.00805 2.77722
 9.80055 2.76319
 9.73236 2.79416
 9.68819 2.78507
 9.65639 2.75153
 9.65304 2.74466
26 72 12.229 13.5706 -0.597591 0.3925 'Gnagna (Burkina Faso)'
 12.27805 0.21375
 12.31555 0.21121
 12.42527 0.25003
 12.55292 0.24500
 12.62777 0.22584
 12.80736 0.21334
 12.82180 0.23166
 12.85055 0.28334
 12.86805 0.32771
 12.88861 0.34834
 12.90750 0.36278
 13.00903 0.39166
 13.03889 0.39250
 13.11277 0.37708
 13.23945 0.33139
 13.37736 0.28708
 13.39931 0.32395
 13.43000 0.31778
 13.46334 0.30084
 13.50658 0.22897
 13.56653 0.19076
 13.57055 0.14916
 13.57014 -0.05597
 13.53875 -0.06264
 13.51666 -0.05722
 13.48597 -0.05389
 13.33695 -0.16472
 13.23250 -0.25445
 13.21889 -0.29278
 13.21111 -0.31584
 13.18445 -0.39416
 13.17542 -0.41319
 13.12861 -0.43278
 12.97722 -0.57542
 12.96251 -0.59759
 12.95833 -0.57195
 12.92166 -0.52799
 12.87277 -0.46584
 12.86653 -0.43389
 12.86695 -0.38250
 12.91250 -0.25722
 12.76215 -0.15166
 12.73403 -0.15375
 12.71305 -0.17278
 12.69777 -0.19416
 12.68416 -0.20889
 12.65777 -0.22834
 12.63389 -0.23916
 12.58445 -0.25555
 12.54361 -0.26361
 12.52055 -0.26778
 12.44444 -0.26748
 12.41972 -0.26442
 12.38361 -0.25745
 12.32291 -0.24353
 12.28292 -0.22754
 12.26319 -0.21433
 12.24833 -0.19779
 12.23764 -0.17986
 12.22903 -0.15069
 12.23083 -0.11888
 12.24583 -0.07292
 12.27305 0.00096
 12.28916 0.02874
 12.29847 0.05095
 12.29875 0.07693
 12.28861 0.10541
 12.26985 0.12473
 12.25750 0.12988
 12.27277 0.18570
 12.27805 0.20985
 12.27805 0.21375
27 113 10.9369 13.0906 -1.4286 0.141946 'Gourma (Burkina Faso)'
 11.98527 0.14195
 12.00000 0.14065
 12.05833 0.13082
 12.07861 0.08997
 12.08256 0.06795
 12.14125 0.03966
 12.21139 0.07685
 12.23695 0.10267
 12.25111 0.12016
 12.25750 0.12988
 12.26985 0.12473
 12.28861 0.10541
 12.29875 0.07693
 12.29847 0.05095
 12.28916 0.02874
 12.27305 0.00096
 12.24583 -0.07292
 12.23083 -0.11888
 12.22903 -0.15069
 12.23764 -0.17986
 12.24833 -0.19779
 12.26319 -0.21433
 12.28292 -0.22754
 12.32291 -0.24353
 12.38361 -0.25745
 12.41972 -0.26442
 12.44444 -0.26748
 12.52055 -0.26778
 12.54361 -0.26361
 12.58445 -0.25555
 12.63389 -0.23916
 12.65777 -0.22834
 12.68416 -0.20889
 12.69777 -0.19416
 12.71305 -0.17278
 12.73403 -0.15375
 12.76215 -0.15166
 12.91250 -0.25722
 12.86695 -0.38250
 12.86653 -0.43389
 12.87277 -0.46584
 12.92166 -0.52799
 12.95833 -0.57195
 12.96251 -0.59759
 12.97920 -0.60745
 12.99264 -0.63431
 12.99375 -0.68715
 12.97951 -0.70945
 12.98639 -0.75305
 13.03111 -0.88055
 13.09056 -0.98925
 13.04722 -0.98916
 13.02389 -1.01139
 13.01111 -1.11722
 12.84252 -1.32229
 12.83335 -1.31311
 12.77355 -1.25898
 12.69084 -1.23431
 12.62695 -1.25528
 12.49972 -1.22521
 12.47055 -1.18813
 12.20527 -1.17486
 12.17250 -1.22250
 12.16777 -1.25611
 12.14833 -1.31139
 12.12945 -1.31889
 12.05083 -1.31416
 11.97361 -1.29334
 11.81139 -1.25166
 11.62410 -1.21986
 11.57695 -1.24722
 11.52555 -1.32472
 11.51083 -1.35139
 11.48722 -1.39708
 11.46458 -1.41958
 11.45146 -1.42860
 11.44972 -1.41681
 11.43347 -1.39000
 11.34292 -1.32805
 11.31500 -1.34382
 11.24611 -1.26472
 11.26527 -1.19278
 11.22445 -1.14889
 11.12250 -1.08305
 11.07945 -0.98528
 11.02945 -0.95028
 10.99640 -0.91797
 10.99695 -0.81195
 10.99695 -0.72445
 10.99611 -0.66611
 10.98389 -0.63084
 10.93695 -0.50416
 10.97542 -0.51486
 11.00458 -0.50555
 11.02445 -0.41695
 11.06416 -0.21889
 11.07528 -0.22166
 11.14027 -0.23278
 11.16666 -0.23472
 11.19277 -0.23486
 11.30195 -0.18889
 11.31916 -0.17750
 11.36445 -0.15195
 11.40111 -0.13584
 11.45195 -0.11416
 11.53277 -0.08222
 11.56445 -0.07500
 11.65889 -0.05305
 11.76111 -0.02805
 11.82042 -0.01055
 11.84416 0.00097
 11.87236 0.02305
 11.98527 0.14195
28 75 12.9625 14.4254 -1.27652 0.623055 'Seno (Burkina Faso)'
 14.42542 -0.23303
 14.36722 -0.29639
 14.36278 -0.32111
 14.28361 -0.38472
 14.24514 -0.40875
 14.18069 -0.39236
 14.13097 -0.35483
 13.91361 -0.46500
 13.85416 -0.51555
 13.69882 -0.60757
 13.68416 -0.62500
 13.66889 -0.78639
 13.56597 -0.99666
 13.52382 -1.01584
 13.48785 -1.01528
 13.46250 -1.03166
 13.41333 -1.12389
 13.39639 -1.17084
 13.38750 -1.20653
 13.38979 -1.24295
 13.34805 -1.27652
 13.31347 -1.17945
 13.33528 -1.10778
 13.35055 -1.07334
 13.36361 -1.04389
 13.37277 -1.01166
 13.37166 -0.99166
 13.33666 -0.99084
 13.09056 -0.98925
 13.03111 -0.88055
 12.98639 -0.75305
 12.97951 -0.70945
 12.99375 -0.68715
 12.99264 -0.63431
 12.97920 -0.60745
 12.96251 -0.59759
 12.97722 -0.57542
 13.12861 -0.43278
 13.17542 -0.41319
 13.18445 -0.39416
 13.21111 -0.31584
 13.21889 -0.29278
 13.23250 -0.25445
 13.33695 -0.16472
 13.48597 -0.05389
 13.51666 -0.05722
 13.53875 -0.06264
 13.57014 -0.05597
 13.57055 0.14916
 13.56653 0.19076
 13.50658 0.22897
 13.52653 0.25208
 13.61777 0.29334
 13.63250 0.35834
 13.66584 0.39834
 13.73139 0.46639
 13.77625 0.47916
 13.81305 0.48389
 13.84875 0.49299
 13.91514 0.57305
 13.95166 0.62305
 13.99250 0.62139
 14.01403 0.59069
 14.03555 0.56305
 14.08695 0.54528
 14.15972 0.57250
 14.16445 0.50889
 14.16861 0.44139
 14.17222 0.37084
 14.17500 0.30195
 14.18166 0.20834
 14.21084 -0.00750
 14.36777 -0.20055
 14.39597 -0.19792
 14.42542 -0.23303
29 59 11.3885 12.8425 -2.39793 -1.17486 'Tapoa (Burkina Faso)'
 11.42607 -2.02004
 11.42055 -2.00986
 11.41708 -1.98931
 11.43150 -1.89718
 11.44277 -1.87465
 11.43945 -1.80389
 11.41584 -1.73695
 11.38847 -1.61236
 11.40563 -1.58639
 11.45111 -1.57000
 11.45777 -1.54319
 11.45972 -1.48250
 11.45889 -1.43528
 11.45146 -1.42860
 11.46458 -1.41958
 11.48722 -1.39708
 11.51083 -1.35139
 11.52555 -1.32472
 11.57695 -1.24722
 11.62410 -1.21986
 11.81139 -1.25166
 11.97361 -1.29334
 12.05083 -1.31416
 12.12945 -1.31889
 12.14833 -1.31139
 12.16777 -1.25611
 12.17250 -1.22250
 12.20527 -1.17486
 12.47055 -1.18813
 12.49972 -1.22521
 12.62695 -1.25528
 12.69084 -1.23431
 12.77355 -1.25898
 12.83335 -1.31311
 12.84252 -1.32229
 12.63000 -1.57834
 12.60889 -1.87166
 12.70055 -1.92805
 12.73111 -1.98889
 12.71472 -2.10639
 12.69410 -2.14229
 12.63084 -2.20084
 12.59361 -2.22084
 12.48111 -2.25611
 12.41847 -2.23555
 12.41555 -2.16166
 12.38347 -2.07695
 12.35722 -2.05834
 12.00000 -2.32087
 11.90401 -2.39209
 11.89615 -2.39793
 11.88722 -2.39250
 11.76861 -2.34084
 11.68833 -2.30889
 11.64597 -2.26222
 11.60361 -2.19389
 11.45472 -2.05222
 11.43111 -2.02695
 11.42607 -2.02004
