4012 163 -9.70674 -6.90403 -35.00180 -31.98972 'Mbeya (Tanzania)'
 -9.05872 -32.09490
 -9.00055 -32.08550
 -8.87514 -32.04510
 -8.72986 -32.06020
 -8.70597 -32.08820
 -8.69695 -32.12690
 -8.68319 -32.15570
 -8.64111 -32.20250
 -8.60222 -32.24250
 -8.55921 -32.28580
 -8.51253 -32.30340
 -8.46426 -32.27070
 -8.38555 -32.26280
 -8.36325 -32.27130
 -8.31618 -32.30700
 -8.31334 -32.34240
 -8.30305 -32.37860
 -8.25767 -32.44430
 -8.23917 -32.46780
 -8.21868 -32.47990
 -8.06445 -32.47360
 -7.88861 -32.25800
 -7.84861 -32.18860
 -7.81222 -32.12170
 -7.72125 -31.98970
 -7.53778 -32.08170
 -7.49695 -32.10220
 -7.47000 -32.11610
 -7.46903 -32.18580
 -7.44375 -32.21260
 -7.35584 -32.24440
 -7.31473 -32.25800
 -7.27416 -32.27030
 -7.23419 -32.25460
 -7.18584 -32.33550
 -7.14278 -32.45790
 -7.14979 -32.48010
 -7.09958 -32.56850
 -7.08028 -32.57950
 -7.02531 -32.58860
 -7.01139 -32.63250
 -7.01624 -32.65280
 -7.01834 -32.65970
 -7.02195 -32.83550
 -7.02222 -32.86250
 -7.01861 -32.88370
 -6.99639 -32.93500
 -6.95972 -32.97440
 -6.94555 -32.99500
 -6.90403 -33.08250
 -6.90611 -33.18780
 -6.92805 -33.25490
 -6.94611 -33.42060
 -6.94495 -33.47420
 -6.96472 -33.54800
 -6.99750 -33.67940
 -7.09472 -33.78070
 -7.16472 -33.81250
 -7.25723 -33.85170
 -7.42916 -33.92560
 -7.46861 -33.94280
 -7.52970 -33.97000
 -7.49500 -34.04070
 -7.46979 -34.06320
 -7.45181 -34.09030
 -7.45084 -34.11750
 -7.45778 -34.16470
 -7.45983 -34.17340
 -7.49028 -34.17220
 -7.51472 -34.17220
 -7.58000 -34.22170
 -7.68528 -34.30330
 -7.66889 -34.51830
 -7.66611 -34.54500
 -7.66416 -34.57390
 -7.79666 -34.76640
 -7.88695 -34.89670
 -7.88792 -35.00180
 -7.94250 -34.97690
 -7.96972 -34.96170
 -8.01028 -34.93970
 -8.12222 -34.88030
 -8.20305 -34.84720
 -8.23653 -34.83390
 -8.25195 -34.82000
 -8.28500 -34.77250
 -8.32917 -34.70890
 -8.36639 -34.67250
 -8.41250 -34.64210
 -8.44681 -34.63790
 -8.46708 -34.64860
 -8.48847 -34.66050
 -8.51695 -34.66330
 -8.56223 -34.64930
 -8.65417 -34.60470
 -8.82145 -34.45670
 -8.85305 -34.33190
 -8.85555 -34.30670
 -8.85834 -34.26140
 -8.85528 -34.22470
 -8.85973 -34.07780
 -8.87993 -33.88420
 -8.89584 -33.85610
 -8.96223 -33.77760
 -8.98625 -33.76260
 -9.01611 -33.75360
 -9.03500 -33.86390
 -9.15278 -33.92690
 -9.17916 -33.94000
 -9.24416 -33.97500
 -9.30972 -34.01190
 -9.34834 -34.03860
 -9.41305 -34.08390
 -9.47805 -34.12860
 -9.51778 -34.15580
 -9.57117 -34.13640
 -9.50778 -34.07440
 -9.48375 -34.04150
 -9.48778 -34.00270
 -9.52667 -33.95720
 -9.55181 -33.94930
 -9.57840 -33.95240
 -9.60445 -33.96030
 -9.62861 -33.95860
 -9.68625 -33.94450
 -9.70674 -33.91880
 -9.68416 -33.90030
 -9.65973 -33.87140
 -9.58514 -33.76290
 -9.58472 -33.57890
 -9.59500 -33.54940
 -9.61389 -33.53150
 -9.62208 -33.49350
 -9.60965 -33.42920
 -9.57847 -33.41790
 -9.54285 -33.39810
 -9.48605 -33.31190
 -9.49223 -33.25470
 -9.50764 -33.19960
 -9.49187 -33.12900
 -9.41905 -33.03200
 -9.39975 -33.01940
 -9.37667 -33.00120
 -9.38416 -32.96780
 -9.39986 -32.94330
 -9.40508 -32.94040
 -9.39028 -32.91530
 -9.37723 -32.87470
 -9.37389 -32.84420
 -9.33250 -32.76780
 -9.28222 -32.70280
 -9.27417 -32.62830
 -9.26118 -32.54010
 -9.21729 -32.50550
 -9.17674 -32.49070
 -9.12903 -32.42120
 -9.13250 -32.36560
 -9.13473 -32.30170
 -9.13334 -32.25860
 -9.12028 -32.22140
 -9.09973 -32.19970
 -9.06445 -32.16030
 -9.05872 -32.09490
4013 178 -9.07063 -5.15639 -32.73291 -29.95666 'Rukwa (Tanzania)'
 -7.01624 -32.65280
 -7.01139 -32.63250
 -7.02531 -32.58860
 -7.08028 -32.57950
 -7.09958 -32.56850
 -7.14979 -32.48010
 -7.14278 -32.45790
 -7.18584 -32.33550
 -7.23419 -32.25460
 -7.27416 -32.27030
 -7.31473 -32.25800
 -7.35584 -32.24440
 -7.44375 -32.21260
 -7.46903 -32.18580
 -7.47000 -32.11610
 -7.49695 -32.10220
 -7.53778 -32.08170
 -7.72125 -31.98970
 -7.81222 -32.12170
 -7.84861 -32.18860
 -7.88861 -32.25800
 -8.06445 -32.47360
 -8.21868 -32.47990
 -8.23917 -32.46780
 -8.25767 -32.44430
 -8.30305 -32.37860
 -8.31334 -32.34240
 -8.31618 -32.30700
 -8.36325 -32.27130
 -8.38555 -32.26280
 -8.46426 -32.27070
 -8.51253 -32.30340
 -8.55921 -32.28580
 -8.60222 -32.24250
 -8.64111 -32.20250
 -8.68319 -32.15570
 -8.69695 -32.12690
 -8.70597 -32.08820
 -8.72986 -32.06020
 -8.87514 -32.04510
 -9.00055 -32.08550
 -9.05872 -32.09490
 -9.05195 -32.08640
 -9.04153 -32.05870
 -9.04632 -32.02990
 -9.06834 -32.00260
 -9.07063 -31.98170
 -9.03125 -31.93930
 -9.00973 -31.93280
 -8.97389 -31.93180
 -8.95305 -31.93830
 -8.93625 -31.95210
 -8.91416 -31.89780
 -8.89778 -31.83500
 -8.88768 -31.78740
 -8.91275 -31.74120
 -8.91708 -31.70640
 -8.90889 -31.68360
 -8.83973 -31.59280
 -8.81778 -31.57400
 -8.75139 -31.56390
 -8.66639 -31.48560
 -8.63361 -31.41470
 -8.62000 -31.29560
 -8.57972 -31.22680
 -8.57889 -31.20280
 -8.59528 -31.17030
 -8.61285 -31.14230
 -8.61389 -31.11040
 -8.60750 -31.07890
 -8.59973 -31.05940
 -8.58500 -31.03260
 -8.54750 -30.97690
 -8.53222 -30.96100
 -8.46778 -30.90750
 -8.38167 -30.85280
 -8.35292 -30.83580
 -8.26555 -30.79420
 -8.19834 -30.77080
 -8.19225 -30.77120
 -8.14500 -30.75940
 -7.99500 -30.70720
 -7.97028 -30.69690
 -7.91500 -30.66890
 -7.88042 -30.65060
 -7.83389 -30.61750
 -7.77805 -30.57750
 -7.69639 -30.52060
 -7.67945 -30.50970
 -7.61347 -30.47140
 -7.58028 -30.45580
 -7.55972 -30.44860
 -7.53000 -30.43970
 -7.48500 -30.43190
 -7.45597 -30.42940
 -7.42778 -30.42610
 -7.40528 -30.42080
 -7.36431 -30.40940
 -7.27973 -30.37920
 -7.22028 -30.35440
 -7.18750 -30.33810
 -7.14375 -30.31500
 -7.04361 -30.24670
 -7.01500 -30.22670
 -6.96250 -30.18830
 -6.94416 -30.17210
 -6.91916 -30.14170
 -6.85139 -30.07060
 -6.84576 -30.06490
 -6.83903 -30.07280
 -6.60445 -30.26920
 -6.57889 -30.27060
 -6.47916 -30.28460
 -6.38889 -30.35470
 -6.31528 -30.41360
 -6.23334 -30.42190
 -6.21292 -30.41580
 -6.19764 -30.39310
 -6.19750 -30.37190
 -6.20486 -30.33180
 -6.19681 -30.31220
 -6.00000 -30.21490
 -5.94555 -30.18830
 -5.92084 -30.18000
 -5.89445 -30.17310
 -5.76084 -30.14310
 -5.64084 -30.11640
 -5.46403 -30.07560
 -5.44972 -30.06080
 -5.36861 -29.95670
 -5.34611 -30.02390
 -5.31945 -30.10390
 -5.27500 -30.23750
 -5.26695 -30.26420
 -5.24361 -30.33360
 -5.15639 -30.41580
 -5.31722 -30.69250
 -5.35000 -30.74810
 -5.37472 -30.78920
 -5.49611 -30.99690
 -5.52000 -31.03860
 -5.52677 -31.05250
 -5.53947 -31.03810
 -5.56555 -31.03100
 -5.58498 -31.03930
 -5.63668 -31.11500
 -5.70111 -31.14830
 -5.76365 -31.17130
 -5.82264 -31.43190
 -5.83042 -31.62080
 -5.81915 -31.66350
 -5.79681 -31.69310
 -5.73264 -31.77310
 -5.71715 -31.82180
 -5.77264 -32.04810
 -5.82916 -32.08170
 -5.93805 -32.11800
 -5.99098 -32.13090
 -6.03805 -32.14970
 -6.11445 -32.20580
 -6.19861 -32.31470
 -6.24805 -32.38920
 -6.34722 -32.48920
 -6.36458 -32.50800
 -6.37639 -32.54250
 -6.38055 -32.57220
 -6.38445 -32.62310
 -6.38445 -32.64580
 -6.38233 -32.67680
 -6.41792 -32.69780
 -6.57222 -32.72960
 -6.60389 -32.73290
 -6.63695 -32.73110
 -6.91416 -32.70750
 -6.93639 -32.70300
 -6.95834 -32.69530
 -6.98958 -32.67870
 -7.01624 -32.65280
4022 39 -6.47055 -6.01958 -39.57500 -39.26583 'Zanzibar Central/South (Tanzania)'
 -6.26407 -39.28460
 -6.24389 -39.27750
 -6.22514 -39.27260
 -6.18528 -39.26720
 -6.13889 -39.26580
 -6.02130 -39.26980
 -6.02166 -39.31530
 -6.02055 -39.38250
 -6.01958 -39.39520
 -6.05445 -39.42420
 -6.09278 -39.42420
 -6.12250 -39.42140
 -6.13416 -39.42360
 -6.18750 -39.43530
 -6.21222 -39.44960
 -6.20000 -39.50190
 -6.19014 -39.50580
 -6.15389 -39.50030
 -6.14389 -39.49000
 -6.13084 -39.49350
 -6.13542 -39.50660
 -6.18736 -39.52900
 -6.37528 -39.57280
 -6.38695 -39.57500
 -6.41416 -39.56940
 -6.42500 -39.56670
 -6.44416 -39.55920
 -6.45916 -39.54070
 -6.46861 -39.51610
 -6.47055 -39.50440
 -6.47028 -39.49440
 -6.46389 -39.47760
 -6.45222 -39.46250
 -6.43778 -39.44990
 -6.38764 -39.42900
 -6.31139 -39.39940
 -6.24625 -39.30530
 -6.24889 -39.28820
 -6.26407 -39.28460
4099 128 -3.41236 -1.45305 -34.04888 -31.74985 'Mwanza (Tanzania)'
 -2.20680 -34.02720
 -2.22597 -34.03780
 -2.25305 -34.04560
 -2.28361 -34.04890
 -2.32722 -34.04560
 -2.36708 -34.03570
 -2.40819 -33.99860
 -2.46805 -33.92220
 -2.48945 -33.89420
 -2.51569 -33.85240
 -2.52555 -33.83440
 -2.53555 -33.79960
 -2.53916 -33.76470
 -2.53861 -33.69640
 -2.53819 -33.65760
 -2.54208 -33.63370
 -2.55361 -33.60690
 -2.57458 -33.59470
 -2.60375 -33.59580
 -2.62389 -33.61490
 -2.63264 -33.64940
 -2.64021 -33.68380
 -2.66153 -33.69870
 -2.68778 -33.69420
 -2.79778 -33.62350
 -2.81395 -33.59170
 -2.80792 -33.54870
 -2.81819 -33.52850
 -2.84584 -33.51920
 -3.03084 -33.47750
 -3.20666 -33.44060
 -3.23055 -33.43780
 -3.26250 -33.42810
 -3.36805 -33.31350
 -3.40166 -33.20560
 -3.40945 -33.17500
 -3.41236 -33.13790
 -3.40778 -33.11610
 -3.38993 -33.08810
 -3.33445 -33.00890
 -3.26500 -32.86820
 -3.25236 -32.82580
 -3.24299 -32.76470
 -3.25875 -32.74110
 -3.33799 -32.70780
 -3.36326 -32.72460
 -3.38653 -32.72310
 -3.39986 -32.70180
 -3.40416 -32.67500
 -3.39889 -32.64970
 -3.39000 -32.61190
 -3.37931 -32.58560
 -3.36875 -32.56570
 -3.33882 -32.53620
 -3.31195 -32.52690
 -3.28945 -32.52170
 -3.23361 -32.49820
 -3.20993 -32.47120
 -3.21750 -32.44470
 -3.23403 -32.42350
 -3.26500 -32.40100
 -3.28111 -32.37550
 -3.28576 -32.33940
 -3.23292 -32.23170
 -3.18278 -32.09330
 -3.19055 -32.06240
 -3.18945 -32.03500
 -3.17736 -31.99870
 -3.16611 -31.98170
 -3.09403 -31.98100
 -3.06972 -31.98620
 -3.04500 -32.00250
 -3.01305 -32.01940
 -2.98375 -32.01680
 -2.92125 -31.97310
 -2.89389 -31.94580
 -2.87639 -31.91580
 -2.86819 -31.89750
 -2.85000 -31.86780
 -2.82653 -31.84070
 -2.79675 -31.82160
 -2.71695 -31.80370
 -2.68819 -31.80400
 -2.66931 -31.81190
 -2.65222 -31.83670
 -2.63916 -31.85830
 -2.61792 -31.86830
 -2.55500 -31.86190
 -2.37375 -31.80710
 -2.34931 -31.78690
 -2.32500 -31.76640
 -2.30111 -31.75610
 -2.26972 -31.74990
 -2.22945 -31.75120
 -2.20375 -31.75890
 -2.10916 -31.85330
 -2.07084 -31.90330
 -1.78666 -32.28920
 -1.59084 -32.55580
 -1.47305 -32.71610
 -1.45305 -32.74220
 -1.45389 -32.75330
 -1.45584 -32.91780
 -1.45555 -32.95860
 -1.45750 -33.16360
 -1.45834 -33.24580
 -1.46111 -33.45030
 -1.49916 -33.45080
 -1.55305 -33.45140
 -1.74445 -33.45280
 -1.80195 -33.44970
 -1.84122 -33.32620
 -1.93972 -33.24500
 -1.98500 -33.20940
 -2.03055 -33.17690
 -2.12861 -33.19500
 -2.25416 -33.21890
 -2.30750 -33.37060
 -2.26861 -33.48860
 -2.22972 -33.59470
 -2.19889 -33.67530
 -2.13389 -33.67830
 -2.13695 -33.82420
 -2.13945 -33.84890
 -2.15222 -33.91610
 -2.16111 -33.94140
 -2.20250 -34.02140
 -2.20680 -34.02720
4100 194 -4.42495 -2.20680 -35.20056 -31.16805 'Shinyanga (Tanzania)'
 -3.80264 -34.77620
 -3.80931 -34.71770
 -3.87195 -34.63420
 -3.92000 -34.49580
 -3.92889 -34.47720
 -3.96778 -34.40320
 -3.98347 -34.38860
 -4.15722 -34.26140
 -4.15222 -34.21610
 -4.16608 -34.17860
 -4.14473 -34.15810
 -4.10250 -34.11940
 -4.06889 -34.09460
 -4.04334 -34.06610
 -4.03278 -34.04610
 -3.98972 -33.93530
 -3.98347 -33.89850
 -3.97334 -33.82640
 -3.95416 -33.73860
 -3.94153 -33.71120
 -3.92666 -33.69140
 -3.90000 -33.65430
 -3.88861 -33.63440
 -3.87986 -33.60970
 -3.87916 -33.58330
 -3.89014 -33.56350
 -3.91069 -33.52400
 -3.91528 -33.48970
 -3.91722 -33.45000
 -3.91000 -33.42030
 -3.89834 -33.39830
 -3.89389 -33.37600
 -3.89674 -33.29490
 -3.91000 -33.26260
 -3.93084 -33.22110
 -3.95278 -33.16950
 -3.95076 -33.12970
 -3.93834 -33.09030
 -3.92750 -33.01420
 -3.92945 -32.94640
 -3.94437 -32.75180
 -4.24722 -32.61420
 -4.25889 -32.56000
 -4.27111 -32.51000
 -4.35458 -32.41870
 -4.32945 -32.31580
 -4.31916 -32.27470
 -4.30472 -32.21860
 -4.38611 -32.00420
 -4.42495 -31.95640
 -4.25514 -31.94940
 -4.13805 -31.93420
 -4.14195 -31.88030
 -4.16361 -31.67690
 -4.20514 -31.66720
 -4.21861 -31.64860
 -4.23834 -31.56690
 -4.24084 -31.48350
 -4.24983 -31.46480
 -4.35703 -31.43960
 -4.33584 -31.41500
 -4.31708 -31.39920
 -4.24174 -31.37030
 -4.20305 -31.36970
 -4.17125 -31.37540
 -4.14222 -31.37690
 -3.98834 -31.36220
 -3.75695 -31.28760
 -3.72806 -31.25440
 -3.70639 -31.24100
 -3.62000 -31.20600
 -3.43799 -31.16810
 -3.35986 -31.16860
 -3.32007 -31.18000
 -3.30722 -31.20720
 -3.30275 -31.30380
 -3.28757 -31.35870
 -3.11416 -31.48570
 -3.07250 -31.49440
 -3.03834 -31.50530
 -3.03834 -31.54580
 -3.04166 -31.68220
 -3.05611 -31.66780
 -3.09305 -31.62810
 -3.14605 -31.57050
 -3.18375 -31.53780
 -3.21000 -31.52990
 -3.25254 -31.55060
 -3.21334 -31.70280
 -3.11500 -31.86500
 -3.16611 -31.98170
 -3.17736 -31.99870
 -3.18945 -32.03500
 -3.19055 -32.06240
 -3.18278 -32.09330
 -3.23292 -32.23170
 -3.28576 -32.33940
 -3.28111 -32.37550
 -3.26500 -32.40100
 -3.23403 -32.42350
 -3.21750 -32.44470
 -3.20993 -32.47120
 -3.23361 -32.49820
 -3.28945 -32.52170
 -3.31195 -32.52690
 -3.33882 -32.53620
 -3.36875 -32.56570
 -3.37931 -32.58560
 -3.39000 -32.61190
 -3.39889 -32.64970
 -3.40416 -32.67500
 -3.39986 -32.70180
 -3.38653 -32.72310
 -3.36326 -32.72460
 -3.33799 -32.70780
 -3.25875 -32.74110
 -3.24299 -32.76470
 -3.25236 -32.82580
 -3.26500 -32.86820
 -3.33445 -33.00890
 -3.38993 -33.08810
 -3.40778 -33.11610
 -3.41236 -33.13790
 -3.40945 -33.17500
 -3.40166 -33.20560
 -3.36805 -33.31350
 -3.26250 -33.42810
 -3.23055 -33.43780
 -3.20666 -33.44060
 -3.03084 -33.47750
 -2.84584 -33.51920
 -2.81819 -33.52850
 -2.80792 -33.54870
 -2.81395 -33.59170
 -2.79778 -33.62350
 -2.68778 -33.69420
 -2.66153 -33.69870
 -2.64021 -33.68380
 -2.63264 -33.64940
 -2.62389 -33.61490
 -2.60375 -33.59580
 -2.57458 -33.59470
 -2.55361 -33.60690
 -2.54208 -33.63370
 -2.53819 -33.65760
 -2.53861 -33.69640
 -2.53916 -33.76470
 -2.53555 -33.79960
 -2.52555 -33.83440
 -2.51569 -33.85240
 -2.48945 -33.89420
 -2.46805 -33.92220
 -2.40819 -33.99860
 -2.36708 -34.03570
 -2.32722 -34.04560
 -2.28361 -34.04890
 -2.25305 -34.04560
 -2.22597 -34.03780
 -2.20680 -34.02720
 -2.21334 -34.04890
 -2.23389 -34.13140
 -2.24695 -34.18640
 -2.26403 -34.24990
 -2.33528 -34.34140
 -2.36972 -34.38360
 -2.48250 -34.52300
 -2.48445 -34.57440
 -2.48611 -34.64250
 -2.48916 -34.79250
 -2.49500 -35.02420
 -2.49750 -35.12030
 -2.49970 -35.20060
 -2.50916 -35.19810
 -2.53666 -35.19330
 -2.70084 -35.16580
 -2.82334 -35.14530
 -2.98972 -35.05640
 -2.99555 -35.03510
 -2.96166 -34.99390
 -2.91111 -34.94940
 -2.88416 -34.92810
 -2.85139 -34.89690
 -3.05945 -34.88970
 -3.08611 -34.88970
 -3.15472 -34.88970
 -3.29000 -34.88970
 -3.62950 -34.88920
 -3.67643 -34.88710
 -3.70521 -34.88140
 -3.72381 -34.86990
 -3.74861 -34.85220
 -3.77429 -34.82290
 -3.79821 -34.78840
 -3.80264 -34.77620
4101 170 -7.02222 -3.87916 -34.21889 -31.03097 'Tabora (Tanzania)'
 -7.01624 -32.65280
 -6.98958 -32.67870
 -6.95834 -32.69530
 -6.93639 -32.70300
 -6.91416 -32.70750
 -6.63695 -32.73110
 -6.60389 -32.73290
 -6.57222 -32.72960
 -6.41792 -32.69780
 -6.38233 -32.67680
 -6.38445 -32.64580
 -6.38445 -32.62310
 -6.38055 -32.57220
 -6.37639 -32.54250
 -6.36458 -32.50800
 -6.34722 -32.48920
 -6.24805 -32.38920
 -6.19861 -32.31470
 -6.11445 -32.20580
 -6.03805 -32.14970
 -5.99098 -32.13090
 -5.93805 -32.11800
 -5.82916 -32.08170
 -5.77264 -32.04810
 -5.71715 -31.82180
 -5.73264 -31.77310
 -5.79681 -31.69310
 -5.81915 -31.66350
 -5.83042 -31.62080
 -5.82264 -31.43190
 -5.76365 -31.17130
 -5.70111 -31.14830
 -5.63668 -31.11500
 -5.58498 -31.03930
 -5.56555 -31.03100
 -5.53947 -31.03810
 -5.52677 -31.05250
 -5.52681 -31.06120
 -5.45723 -31.21470
 -5.44778 -31.23390
 -5.30084 -31.19080
 -5.27445 -31.18190
 -5.20750 -31.16190
 -5.16111 -31.14830
 -4.96778 -31.20890
 -4.86889 -31.33190
 -4.85264 -31.35740
 -4.64473 -31.48010
 -4.61292 -31.48850
 -4.53500 -31.47220
 -4.37819 -31.47820
 -4.35973 -31.45280
 -4.35703 -31.43960
 -4.24983 -31.46480
 -4.24084 -31.48350
 -4.23834 -31.56690
 -4.21861 -31.64860
 -4.20514 -31.66720
 -4.16361 -31.67690
 -4.14195 -31.88030
 -4.13805 -31.93420
 -4.25514 -31.94940
 -4.42495 -31.95640
 -4.38611 -32.00420
 -4.30472 -32.21860
 -4.31916 -32.27470
 -4.32945 -32.31580
 -4.35458 -32.41870
 -4.27111 -32.51000
 -4.25889 -32.56000
 -4.24722 -32.61420
 -3.94437 -32.75180
 -3.92945 -32.94640
 -3.92750 -33.01420
 -3.93834 -33.09030
 -3.95076 -33.12970
 -3.95278 -33.16950
 -3.93084 -33.22110
 -3.91000 -33.26260
 -3.89674 -33.29490
 -3.89389 -33.37600
 -3.89834 -33.39830
 -3.91000 -33.42030
 -3.91722 -33.45000
 -3.91528 -33.48970
 -3.91069 -33.52400
 -3.89014 -33.56350
 -3.87916 -33.58330
 -3.87986 -33.60970
 -3.88861 -33.63440
 -3.90000 -33.65430
 -3.92666 -33.69140
 -3.94153 -33.71120
 -3.95416 -33.73860
 -3.97334 -33.82640
 -3.98347 -33.89850
 -3.98972 -33.93530
 -4.03278 -34.04610
 -4.04334 -34.06610
 -4.06889 -34.09460
 -4.10250 -34.11940
 -4.14473 -34.15810
 -4.16608 -34.17860
 -4.22097 -34.13170
 -4.24861 -34.11890
 -4.27528 -34.11190
 -4.32666 -34.09000
 -4.40243 -34.05060
 -4.42416 -34.01890
 -4.44208 -33.98930
 -4.46195 -33.97560
 -4.50778 -33.95280
 -4.59111 -33.94000
 -4.61722 -33.93760
 -4.64931 -33.94720
 -4.67278 -33.95500
 -4.75097 -33.94950
 -4.79111 -33.93360
 -4.82555 -33.91780
 -4.84639 -33.91140
 -4.87028 -33.90860
 -4.91340 -33.91400
 -4.94473 -33.92920
 -4.97000 -33.94470
 -5.11139 -34.05530
 -5.19722 -34.16720
 -5.21972 -34.19170
 -5.37111 -34.21890
 -5.42445 -34.21280
 -5.46334 -34.16330
 -5.67472 -34.01750
 -5.87666 -34.01940
 -6.14584 -34.02220
 -6.21625 -34.02280
 -6.23979 -33.99990
 -6.25055 -33.96750
 -6.25555 -33.94550
 -6.26861 -33.92110
 -6.30389 -33.89440
 -6.39278 -33.80780
 -6.44334 -33.73280
 -6.55722 -33.58190
 -6.58278 -33.55140
 -6.65892 -33.46900
 -6.69750 -33.51140
 -6.71028 -33.53170
 -6.71445 -33.55760
 -6.71028 -33.58440
 -6.69736 -33.62650
 -6.69055 -33.64920
 -6.72666 -33.63580
 -6.75723 -33.61940
 -6.82160 -33.58210
 -6.84305 -33.55780
 -6.88514 -33.51210
 -6.90695 -33.49390
 -6.94166 -33.47470
 -6.94495 -33.47420
 -6.94611 -33.42060
 -6.92805 -33.25490
 -6.90611 -33.18780
 -6.90403 -33.08250
 -6.94555 -32.99500
 -6.95972 -32.97440
 -6.99639 -32.93500
 -7.01861 -32.88370
 -7.02222 -32.86250
 -7.02195 -32.83550
 -7.01834 -32.65970
 -7.01624 -32.65280
4102 119 -3.32007 -0.99722 -32.74242 -30.41695 'Ziwa Magharibi (Tanzania)'
 -2.94904 -30.49480
 -2.94722 -30.48500
 -2.85605 -30.41690
 -2.59139 -30.47970
 -2.46160 -30.52210
 -2.39916 -30.57330
 -2.38764 -30.58620
 -2.34778 -30.70620
 -2.35514 -30.72640
 -2.38055 -30.78220
 -2.35431 -30.83080
 -2.32569 -30.84580
 -2.29792 -30.85180
 -2.26111 -30.84870
 -2.22416 -30.84320
 -2.18972 -30.84820
 -2.09729 -30.88620
 -2.07549 -30.89330
 -2.03826 -30.87140
 -1.92945 -30.80830
 -1.84666 -30.82470
 -1.80055 -30.83500
 -1.72875 -30.81830
 -1.70055 -30.81110
 -1.65490 -30.83090
 -1.51708 -30.74890
 -1.43695 -30.73920
 -1.38722 -30.68610
 -1.38945 -30.63750
 -1.33069 -30.56470
 -1.16069 -30.47060
 -1.10139 -30.45440
 -1.07500 -30.46690
 -1.06334 -30.48220
 -1.06555 -30.59330
 -1.01458 -30.69690
 -0.99775 -30.75640
 -0.99722 -30.88860
 -0.99750 -31.06000
 -0.99834 -31.27250
 -0.99889 -31.29310
 -0.99945 -31.54690
 -0.99972 -31.67720
 -1.00028 -32.48530
 -1.00028 -32.61560
 -1.00000 -32.68420
 -0.99972 -32.74240
 -1.01666 -32.74140
 -1.18055 -32.74140
 -1.20778 -32.74220
 -1.31666 -32.74220
 -1.35805 -32.74220
 -1.39889 -32.74220
 -1.42639 -32.74220
 -1.45305 -32.74220
 -1.47305 -32.71610
 -1.59084 -32.55580
 -1.78666 -32.28920
 -2.07084 -31.90330
 -2.10916 -31.85330
 -2.20375 -31.75890
 -2.22945 -31.75120
 -2.26972 -31.74990
 -2.30111 -31.75610
 -2.32500 -31.76640
 -2.34931 -31.78690
 -2.37375 -31.80710
 -2.55500 -31.86190
 -2.61792 -31.86830
 -2.63916 -31.85830
 -2.65222 -31.83670
 -2.66931 -31.81190
 -2.68819 -31.80400
 -2.71695 -31.80370
 -2.79675 -31.82160
 -2.82653 -31.84070
 -2.85000 -31.86780
 -2.86819 -31.89750
 -2.87639 -31.91580
 -2.89389 -31.94580
 -2.92125 -31.97310
 -2.98375 -32.01680
 -3.01305 -32.01940
 -3.04500 -32.00250
 -3.06972 -31.98620
 -3.09403 -31.98100
 -3.16611 -31.98170
 -3.11500 -31.86500
 -3.21334 -31.70280
 -3.25254 -31.55060
 -3.21000 -31.52990
 -3.18375 -31.53780
 -3.14605 -31.57050
 -3.09305 -31.62810
 -3.05611 -31.66780
 -3.04166 -31.68220
 -3.03834 -31.54580
 -3.03834 -31.50530
 -3.07250 -31.49440
 -3.11416 -31.48570
 -3.28757 -31.35870
 -3.30275 -31.30380
 -3.30722 -31.20720
 -3.32007 -31.18000
 -3.31222 -31.18220
 -3.28084 -31.18140
 -3.15743 -31.16820
 -2.85666 -31.02390
 -2.82861 -30.99730
 -2.85166 -30.95580
 -2.89236 -30.90690
 -2.95750 -30.85440
 -2.97879 -30.84370
 -2.99055 -30.74860
 -2.97416 -30.66150
 -2.95395 -30.65240
 -2.91889 -30.61280
 -2.89500 -30.55910
 -2.94904 -30.49480
4111 165 -6.84576 -2.82861 -31.48847 -29.34083 'Kigoma (Tanzania)'
 -4.44750 -29.42330
 -4.44805 -29.43080
 -4.44639 -29.67250
 -4.43805 -29.76640
 -4.33416 -29.93530
 -4.26945 -30.02610
 -4.08208 -30.17460
 -3.96528 -30.22470
 -3.93361 -30.22680
 -3.78875 -30.31970
 -3.77097 -30.34310
 -3.77285 -30.37240
 -3.78611 -30.40080
 -3.76597 -30.40390
 -3.71111 -30.39140
 -3.68916 -30.39670
 -3.55105 -30.44850
 -3.50555 -30.50220
 -3.48916 -30.53440
 -3.46076 -30.59150
 -3.45452 -30.62540
 -3.41681 -30.66350
 -3.39465 -30.66600
 -3.37855 -30.64930
 -3.37363 -30.63230
 -3.37173 -30.62550
 -3.35055 -30.63560
 -3.33215 -30.65320
 -3.28278 -30.73830
 -3.29910 -30.76610
 -3.28361 -30.80310
 -3.25903 -30.83360
 -3.15750 -30.85320
 -3.08625 -30.83340
 -2.99473 -30.83720
 -2.97879 -30.84370
 -2.95750 -30.85440
 -2.89236 -30.90690
 -2.85166 -30.95580
 -2.82861 -30.99730
 -2.85666 -31.02390
 -3.15743 -31.16820
 -3.28084 -31.18140
 -3.31222 -31.18220
 -3.32007 -31.18000
 -3.35986 -31.16860
 -3.43799 -31.16810
 -3.62000 -31.20600
 -3.70639 -31.24100
 -3.72806 -31.25440
 -3.75695 -31.28760
 -3.98834 -31.36220
 -4.14222 -31.37690
 -4.17125 -31.37540
 -4.20305 -31.36970
 -4.24174 -31.37030
 -4.31708 -31.39920
 -4.33584 -31.41500
 -4.35703 -31.43960
 -4.35973 -31.45280
 -4.37819 -31.47820
 -4.53500 -31.47220
 -4.61292 -31.48850
 -4.64473 -31.48010
 -4.85264 -31.35740
 -4.86889 -31.33190
 -4.96778 -31.20890
 -5.16111 -31.14830
 -5.20750 -31.16190
 -5.27445 -31.18190
 -5.30084 -31.19080
 -5.44778 -31.23390
 -5.45723 -31.21470
 -5.52681 -31.06120
 -5.52677 -31.05250
 -5.52000 -31.03860
 -5.49611 -30.99690
 -5.37472 -30.78920
 -5.35000 -30.74810
 -5.31722 -30.69250
 -5.15639 -30.41580
 -5.24361 -30.33360
 -5.26695 -30.26420
 -5.27500 -30.23750
 -5.31945 -30.10390
 -5.34611 -30.02390
 -5.36861 -29.95670
 -5.44972 -30.06080
 -5.46403 -30.07560
 -5.64084 -30.11640
 -5.76084 -30.14310
 -5.89445 -30.17310
 -5.92084 -30.18000
 -5.94555 -30.18830
 -6.00000 -30.21490
 -6.19681 -30.31220
 -6.20486 -30.33180
 -6.19750 -30.37190
 -6.19764 -30.39310
 -6.21292 -30.41580
 -6.23334 -30.42190
 -6.31528 -30.41360
 -6.38889 -30.35470
 -6.47916 -30.28460
 -6.57889 -30.27060
 -6.60445 -30.26920
 -6.83903 -30.07280
 -6.84576 -30.06490
 -6.82264 -30.03720
 -6.80222 -30.00250
 -6.79278 -29.98420
 -6.77889 -29.95000
 -6.76611 -29.91470
 -6.75084 -29.88540
 -6.65389 -29.76140
 -6.63458 -29.73920
 -6.61181 -29.72040
 -6.58639 -29.70390
 -6.39973 -29.61310
 -6.33125 -29.56720
 -6.29528 -29.55030
 -6.26305 -29.54080
 -6.05639 -29.49830
 -6.00889 -29.49500
 -5.97973 -29.49780
 -5.94584 -29.50470
 -5.92305 -29.51640
 -5.89000 -29.53830
 -5.85195 -29.57000
 -5.82847 -29.59210
 -5.80722 -29.60870
 -5.75486 -29.63000
 -5.72195 -29.63170
 -5.68555 -29.62610
 -5.57916 -29.59750
 -5.52055 -29.57310
 -5.49639 -29.56220
 -5.46639 -29.54390
 -5.44805 -29.53440
 -5.42750 -29.52720
 -5.38555 -29.51360
 -5.29361 -29.48720
 -5.23666 -29.47610
 -5.17666 -29.45430
 -5.14750 -29.43000
 -5.12528 -29.41420
 -5.10139 -29.40330
 -5.04111 -29.37970
 -5.00000 -29.36530
 -4.99528 -29.36310
 -4.95139 -29.35140
 -4.93042 -29.34790
 -4.88389 -29.34190
 -4.85028 -29.34080
 -4.79778 -29.34140
 -4.76334 -29.34780
 -4.72973 -29.35870
 -4.70166 -29.37180
 -4.63805 -29.39780
 -4.60334 -29.41110
 -4.57834 -29.42030
 -4.54507 -29.42970
 -4.50111 -29.43030
 -4.45584 -29.42690
 -4.44750 -29.42330
4137 28 -6.99431 -6.58615 -39.54788 -39.00027 'Dar es Salaam (Tanzania)'
 -6.99431 -39.54790
 -6.97334 -39.46640
 -6.96639 -39.43830
 -6.95750 -39.39220
 -6.94722 -39.33030
 -6.94305 -39.29220
 -6.93889 -39.26780
 -6.92778 -39.21990
 -6.91611 -39.18830
 -6.90389 -39.16390
 -6.87611 -39.11750
 -6.85528 -39.08580
 -6.79569 -39.00030
 -6.64681 -39.05940
 -6.62361 -39.08920
 -6.60055 -39.12780
 -6.58615 -39.15540
 -6.61416 -39.16750
 -6.73750 -39.24390
 -6.81639 -39.30500
 -6.83111 -39.34420
 -6.84805 -39.39000
 -6.86069 -39.46400
 -6.89166 -39.49280
 -6.91889 -39.50040
 -6.93916 -39.50740
 -6.97597 -39.53150
 -6.99431 -39.54790
4138 224 -9.97111 -5.84250 -38.56972 -35.28027 'Morogoro (Tanzania)'
 -7.41674 -36.50210
 -7.36722 -36.52830
 -7.33257 -36.54340
 -7.28084 -36.55440
 -7.24889 -36.55500
 -7.22445 -36.55220
 -7.20278 -36.54610
 -7.17361 -36.53790
 -7.14500 -36.54070
 -7.11722 -36.55260
 -7.08528 -36.57750
 -7.05834 -36.60470
 -7.03708 -36.63110
 -7.01916 -36.64680
 -6.99611 -36.65720
 -6.96278 -36.66330
 -6.93361 -36.65920
 -6.87361 -36.64420
 -6.84361 -36.63140
 -6.76403 -36.63610
 -6.48361 -36.74060
 -6.45757 -36.77480
 -6.45055 -36.81580
 -6.42931 -36.83670
 -6.39166 -36.84720
 -6.23084 -36.83670
 -6.10973 -36.82690
 -6.06945 -36.82500
 -5.99990 -36.95240
 -5.97155 -36.99820
 -6.00000 -37.08660
 -6.03278 -37.18890
 -5.93042 -37.44110
 -5.84250 -37.45280
 -5.84528 -37.47610
 -5.86166 -37.61170
 -5.89222 -37.73970
 -5.90111 -37.78640
 -5.90666 -37.79940
 -5.92542 -37.82170
 -5.94403 -37.83330
 -5.97334 -37.84190
 -6.00958 -37.84360
 -6.04639 -37.85080
 -6.08861 -37.86280
 -6.11042 -37.87550
 -6.16743 -37.91810
 -6.20139 -37.95290
 -6.21431 -37.97000
 -6.22395 -37.98880
 -6.25139 -38.00220
 -6.37195 -38.00220
 -6.45305 -38.00220
 -6.47945 -38.00220
 -6.59361 -38.00190
 -6.65486 -38.08440
 -6.66195 -38.10370
 -6.66166 -38.12740
 -6.65166 -38.15500
 -6.64958 -38.17940
 -6.74500 -38.37310
 -6.76819 -38.40680
 -6.78792 -38.42170
 -6.81000 -38.42610
 -6.83181 -38.41610
 -6.84736 -38.39860
 -6.86139 -38.37240
 -7.01028 -38.37580
 -7.02861 -38.38860
 -7.03972 -38.40810
 -7.06722 -38.46890
 -7.06611 -38.56970
 -7.10139 -38.55330
 -7.16889 -38.52110
 -7.19666 -38.50720
 -7.19945 -38.48190
 -7.28778 -38.38470
 -7.31695 -38.38330
 -7.58472 -38.36830
 -7.63834 -38.36470
 -7.63028 -38.31280
 -7.59416 -38.08310
 -7.58125 -38.06120
 -7.57069 -38.04170
 -7.55945 -38.00920
 -7.55452 -37.96490
 -7.57750 -37.92900
 -7.65000 -37.88030
 -7.70555 -37.88220
 -7.74555 -37.88500
 -7.77222 -37.88640
 -7.80664 -37.88710
 -7.84555 -37.85610
 -7.92170 -37.80920
 -7.93958 -37.80860
 -7.98479 -37.77250
 -8.01084 -37.72250
 -8.04305 -37.70140
 -8.13055 -37.65190
 -8.27166 -37.53330
 -8.35500 -37.48000
 -8.50342 -37.36310
 -8.54805 -37.36970
 -8.56722 -37.37780
 -8.60000 -37.38280
 -8.63042 -37.37890
 -8.69555 -37.35580
 -8.75084 -37.33330
 -8.78473 -37.31590
 -8.82361 -37.29690
 -8.86869 -37.30920
 -8.93750 -37.35310
 -8.97181 -37.38030
 -9.00000 -37.39920
 -9.02847 -37.40900
 -9.06111 -37.40860
 -9.08876 -37.39500
 -9.17834 -37.32100
 -9.32014 -37.26370
 -9.36445 -37.26000
 -9.38695 -37.26470
 -9.46931 -37.23080
 -9.53340 -37.16450
 -9.56722 -37.14890
 -9.64780 -37.13040
 -9.66528 -37.08530
 -9.75472 -36.88470
 -9.80861 -36.80360
 -9.85334 -36.73720
 -9.88666 -36.68470
 -9.90750 -36.64970
 -9.93166 -36.60690
 -9.95528 -36.56250
 -9.96334 -36.54030
 -9.96805 -36.51830
 -9.97111 -36.49390
 -9.97084 -36.47000
 -9.96472 -36.44490
 -9.94584 -36.42110
 -9.91250 -36.41970
 -9.86084 -36.44080
 -9.83445 -36.45440
 -9.79555 -36.47750
 -9.76500 -36.48870
 -9.74195 -36.48670
 -9.56764 -36.39940
 -9.61555 -36.16060
 -9.62458 -36.13620
 -9.64278 -36.10690
 -9.66055 -36.08470
 -9.68500 -36.06170
 -9.76750 -35.98640
 -9.86166 -35.92970
 -9.87931 -35.91920
 -9.89500 -35.90360
 -9.90903 -35.87990
 -9.91764 -35.85260
 -9.92278 -35.82110
 -9.92319 -35.79720
 -9.91416 -35.77040
 -9.83445 -35.69620
 -9.79715 -35.68760
 -9.77861 -35.71440
 -9.75834 -35.73780
 -9.72695 -35.76580
 -9.62916 -35.84330
 -9.60222 -35.85810
 -9.45334 -35.92920
 -9.42305 -35.93390
 -9.40264 -35.93240
 -9.22535 -35.89330
 -9.25889 -35.85550
 -9.27750 -35.83750
 -9.32611 -35.77580
 -9.34278 -35.75390
 -9.36618 -35.71430
 -9.37834 -35.61670
 -9.37952 -35.59700
 -9.33305 -35.64840
 -9.30055 -35.65740
 -9.27389 -35.65060
 -9.08639 -35.43050
 -9.02639 -35.38670
 -8.84555 -35.30640
 -8.80028 -35.34140
 -8.71334 -35.28030
 -8.65167 -35.37220
 -8.69500 -35.51940
 -8.73145 -35.63900
 -8.72264 -35.66560
 -8.70431 -35.68030
 -8.64834 -35.67440
 -8.56368 -35.68580
 -8.21250 -36.08890
 -8.18847 -36.12170
 -8.18000 -36.15420
 -8.17389 -36.18080
 -8.12361 -36.23030
 -8.08305 -36.27000
 -7.97500 -36.37470
 -7.95875 -36.39220
 -7.93855 -36.42760
 -7.93084 -36.50280
 -7.92889 -36.52690
 -7.93084 -36.58440
 -7.94111 -36.67420
 -7.95208 -36.77420
 -7.94222 -36.79860
 -7.90055 -36.82560
 -7.85973 -36.84890
 -7.81889 -36.87310
 -7.74972 -36.91680
 -7.73000 -36.96000
 -7.71916 -36.98670
 -7.69572 -37.02170
 -7.68181 -37.00580
 -7.64375 -36.91920
 -7.64528 -36.87690
 -7.64778 -36.84970
 -7.61389 -36.78720
 -7.56222 -36.68670
 -7.52500 -36.60440
 -7.49847 -36.53420
 -7.41674 -36.50210
4139 18 -5.15941 -4.90111 -39.87305 -39.67416 'Pemba North (Tanzania)'
 -5.15941 -39.85560
 -5.15916 -39.74280
 -5.15778 -39.73720
 -5.13625 -39.69250
 -5.04916 -39.67920
 -5.00889 -39.67420
 -4.93861 -39.67760
 -4.91945 -39.68250
 -4.90111 -39.68940
 -4.90861 -39.85720
 -4.91472 -39.87030
 -4.98834 -39.87310
 -5.00416 -39.86970
 -5.01993 -39.85980
 -5.04972 -39.83890
 -5.10305 -39.82440
 -5.13514 -39.83530
 -5.15941 -39.85560
4140 19 -5.46347 -5.15916 -39.85666 -39.64000 'Pemba South (Tanzania)'
 -5.15916 -39.74280
 -5.15941 -39.85560
 -5.21972 -39.85670
 -5.23195 -39.85530
 -5.25195 -39.85110
 -5.39361 -39.80170
 -5.40750 -39.79500
 -5.46347 -39.73330
 -5.43368 -39.64870
 -5.41666 -39.64040
 -5.39445 -39.64000
 -5.36916 -39.64420
 -5.34153 -39.65000
 -5.29750 -39.68470
 -5.25666 -39.72030
 -5.20611 -39.74280
 -5.19055 -39.74500
 -5.16584 -39.74560
 -5.15916 -39.74280
4141 143 -8.45723 -5.84250 -39.54788 -37.78638 'Pwani (Tanzania)'
 -7.92170 -37.80920
 -7.84555 -37.85610
 -7.80664 -37.88710
 -7.77222 -37.88640
 -7.74555 -37.88500
 -7.70555 -37.88220
 -7.65000 -37.88030
 -7.57750 -37.92900
 -7.55452 -37.96490
 -7.55945 -38.00920
 -7.57069 -38.04170
 -7.58125 -38.06120
 -7.59416 -38.08310
 -7.63028 -38.31280
 -7.63834 -38.36470
 -7.58472 -38.36830
 -7.31695 -38.38330
 -7.28778 -38.38470
 -7.19945 -38.48190
 -7.19666 -38.50720
 -7.16889 -38.52110
 -7.10139 -38.55330
 -7.06611 -38.56970
 -7.06722 -38.46890
 -7.03972 -38.40810
 -7.02861 -38.38860
 -7.01028 -38.37580
 -6.86139 -38.37240
 -6.84736 -38.39860
 -6.83181 -38.41610
 -6.81000 -38.42610
 -6.78792 -38.42170
 -6.76819 -38.40680
 -6.74500 -38.37310
 -6.64958 -38.17940
 -6.65166 -38.15500
 -6.66166 -38.12740
 -6.66195 -38.10370
 -6.65486 -38.08440
 -6.59361 -38.00190
 -6.47945 -38.00220
 -6.45305 -38.00220
 -6.37195 -38.00220
 -6.25139 -38.00220
 -6.22395 -37.98880
 -6.21431 -37.97000
 -6.20139 -37.95290
 -6.16743 -37.91810
 -6.11042 -37.87550
 -6.08861 -37.86280
 -6.04639 -37.85080
 -6.00958 -37.84360
 -5.97334 -37.84190
 -5.94403 -37.83330
 -5.92542 -37.82170
 -5.90666 -37.79940
 -5.90111 -37.78640
 -5.89639 -37.80780
 -5.89084 -37.83440
 -5.87778 -37.90170
 -5.85195 -38.03670
 -5.84653 -38.09700
 -5.86666 -38.12290
 -5.88111 -38.14890
 -5.89778 -38.18580
 -5.90584 -38.21050
 -5.90986 -38.26140
 -5.89695 -38.31330
 -5.88945 -38.33390
 -5.87347 -38.37220
 -5.85486 -38.40420
 -5.84250 -38.44840
 -5.84958 -38.52510
 -5.87778 -38.62030
 -5.89166 -38.66000
 -5.91945 -38.73280
 -5.94278 -38.77670
 -5.95695 -38.80300
 -5.99597 -38.78610
 -6.03973 -38.77610
 -6.06042 -38.78240
 -6.14666 -38.83830
 -6.26778 -38.84330
 -6.32305 -38.84530
 -6.35111 -38.85170
 -6.38528 -38.87080
 -6.44666 -38.92260
 -6.47334 -38.96580
 -6.48972 -39.02220
 -6.48097 -39.04620
 -6.57055 -39.14220
 -6.58615 -39.15540
 -6.60055 -39.12780
 -6.62361 -39.08920
 -6.64681 -39.05940
 -6.79569 -39.00030
 -6.85528 -39.08580
 -6.87611 -39.11750
 -6.90389 -39.16390
 -6.91611 -39.18830
 -6.92778 -39.21990
 -6.93889 -39.26780
 -6.94305 -39.29220
 -6.94722 -39.33030
 -6.95750 -39.39220
 -6.96639 -39.43830
 -6.97334 -39.46640
 -6.99431 -39.54790
 -7.08278 -39.54030
 -7.16695 -39.48360
 -7.22195 -39.42110
 -7.26361 -39.39170
 -7.29111 -39.37500
 -7.45916 -39.29970
 -7.49889 -39.28830
 -7.57916 -39.27440
 -7.60611 -39.27560
 -7.63028 -39.27750
 -7.75778 -39.29970
 -7.73695 -39.32220
 -7.74028 -39.34240
 -7.81416 -39.44670
 -8.00000 -39.44550
 -8.27500 -39.34860
 -8.29584 -39.32440
 -8.26786 -39.29530
 -8.25542 -39.27560
 -8.28105 -39.21480
 -8.31278 -39.08140
 -8.33667 -38.96830
 -8.35889 -38.84470
 -8.40660 -38.70350
 -8.45723 -38.69510
 -8.42611 -38.56190
 -8.36090 -38.55120
 -8.20278 -38.23310
 -8.08819 -37.99490
 -8.02549 -37.94100
 -7.99597 -37.92710
 -7.96514 -37.90350
 -7.94972 -37.88530
 -7.93611 -37.86500
 -7.92170 -37.80920
4142 24 -7.99695 -7.64257 -39.91000 -39.59291 'Pwani (Tanzania)'
 -7.99695 -39.65310
 -7.99611 -39.64690
 -7.97472 -39.61170
 -7.94945 -39.59290
 -7.94389 -39.60310
 -7.91334 -39.65250
 -7.78361 -39.80110
 -7.73334 -39.84220
 -7.70695 -39.86280
 -7.67875 -39.88060
 -7.65945 -39.88810
 -7.64257 -39.90120
 -7.65250 -39.90810
 -7.67778 -39.91000
 -7.68916 -39.90810
 -7.73695 -39.89640
 -7.76334 -39.88940
 -7.87736 -39.84640
 -7.90916 -39.82500
 -7.91945 -39.81140
 -7.97500 -39.72780
 -7.98945 -39.69890
 -7.99334 -39.68250
 -7.99695 -39.65310
4143 26 -6.02389 -5.72416 -39.39518 -39.18639 'Zanzibar North (Tanzania)'
 -6.01958 -39.39520
 -6.02055 -39.38250
 -6.02166 -39.31530
 -6.02130 -39.26980
 -6.02250 -39.26110
 -6.02305 -39.24750
 -6.02389 -39.19330
 -6.01639 -39.18900
 -6.00000 -39.18770
 -5.95972 -39.18640
 -5.92028 -39.18920
 -5.90555 -39.19460
 -5.87222 -39.24150
 -5.74361 -39.29060
 -5.73014 -39.29710
 -5.72416 -39.31110
 -5.76000 -39.34060
 -5.80472 -39.36010
 -5.84445 -39.36250
 -5.85319 -39.35400
 -5.89834 -39.35360
 -5.91473 -39.35460
 -5.95361 -39.36670
 -5.98778 -39.37970
 -6.01166 -39.39050
 -6.01958 -39.39520
4144 23 -6.32049 -6.02130 -39.29111 -39.19055 'Zanzibar Urban/West (Tanzania)'
 -6.02389 -39.19330
 -6.02305 -39.24750
 -6.02250 -39.26110
 -6.02130 -39.26980
 -6.13889 -39.26580
 -6.18528 -39.26720
 -6.22514 -39.27260
 -6.24389 -39.27750
 -6.26407 -39.28460
 -6.31195 -39.29110
 -6.32049 -39.28420
 -6.30861 -39.25810
 -6.24666 -39.20830
 -6.22695 -39.20140
 -6.17778 -39.19060
 -6.15195 -39.19670
 -6.14069 -39.20570
 -6.12000 -39.21110
 -6.08778 -39.21250
 -6.06889 -39.21110
 -6.04028 -39.20220
 -6.02666 -39.19610
 -6.02389 -39.19330
4148 123 -7.41674 -4.21555 -36.99822 -35.08354 'Dodoma (Tanzania)'
 -5.97155 -36.99820
 -5.99990 -36.95240
 -6.06945 -36.82500
 -6.10973 -36.82690
 -6.23084 -36.83670
 -6.39166 -36.84720
 -6.42931 -36.83670
 -6.45055 -36.81580
 -6.45757 -36.77480
 -6.48361 -36.74060
 -6.76403 -36.63610
 -6.84361 -36.63140
 -6.87361 -36.64420
 -6.93361 -36.65920
 -6.96278 -36.66330
 -6.99611 -36.65720
 -7.01916 -36.64680
 -7.03708 -36.63110
 -7.05834 -36.60470
 -7.08528 -36.57750
 -7.11722 -36.55260
 -7.14500 -36.54070
 -7.17361 -36.53790
 -7.20278 -36.54610
 -7.22445 -36.55220
 -7.24889 -36.55500
 -7.28084 -36.55440
 -7.33257 -36.54340
 -7.36722 -36.52830
 -7.41674 -36.50210
 -7.35202 -36.46210
 -7.31181 -36.38680
 -7.24166 -36.28690
 -7.17416 -36.24580
 -7.14555 -36.18140
 -7.12861 -36.12250
 -7.11945 -36.04650
 -7.12597 -36.02080
 -7.13584 -35.98080
 -7.09708 -35.70970
 -7.01445 -35.54000
 -6.97069 -35.50740
 -6.95014 -35.48810
 -6.93139 -35.43670
 -6.92389 -35.40440
 -6.92389 -35.38440
 -6.93084 -35.28680
 -6.94910 -35.26860
 -6.97361 -35.21800
 -6.98076 -35.16380
 -6.92592 -35.09970
 -6.83695 -35.08500
 -6.77720 -35.08350
 -6.71584 -35.12140
 -6.66055 -35.15550
 -6.59250 -35.19890
 -6.52445 -35.24140
 -6.47000 -35.27500
 -6.44195 -35.29140
 -6.24445 -35.25580
 -6.23778 -35.20920
 -6.06528 -35.23110
 -5.85000 -35.25860
 -5.78945 -35.28530
 -5.64486 -35.34040
 -5.50223 -35.24560
 -5.48305 -35.23110
 -5.42042 -35.16500
 -5.40542 -35.14940
 -5.36722 -35.14330
 -5.19250 -35.12470
 -5.15722 -35.12370
 -5.10861 -35.17830
 -5.08861 -35.20780
 -5.06264 -35.25900
 -5.08028 -35.28830
 -5.09834 -35.30780
 -5.10375 -35.32950
 -5.08764 -35.34400
 -4.97834 -35.34890
 -4.94945 -35.34690
 -4.82805 -35.33810
 -4.82916 -35.34000
 -4.83472 -35.36750
 -4.85250 -35.46280
 -4.85569 -35.49110
 -4.75834 -35.56330
 -4.73111 -35.58330
 -4.70305 -35.60390
 -4.63389 -35.65390
 -4.49945 -35.67650
 -4.46528 -35.72490
 -4.40778 -35.82530
 -4.33945 -35.85060
 -4.31222 -35.85940
 -4.34778 -35.94500
 -4.33416 -35.97860
 -4.32305 -36.00560
 -4.29584 -36.07250
 -4.26861 -36.13970
 -4.21555 -36.28830
 -4.61361 -36.34330
 -4.66750 -36.35000
 -4.78916 -36.32280
 -4.96528 -36.28220
 -5.29153 -36.21660
 -5.30215 -36.26560
 -5.30139 -36.29490
 -5.31799 -36.30720
 -5.34889 -36.31110
 -5.39445 -36.30070
 -5.45660 -36.26800
 -5.48792 -36.26610
 -5.50805 -36.27640
 -5.63945 -36.44390
 -5.70334 -36.52690
 -5.76834 -36.60970
 -5.87055 -36.70030
 -5.93584 -36.75780
 -5.93375 -36.81470
 -5.93166 -36.87550
 -5.94473 -36.91600
 -5.97155 -36.99820
4149 173 -10.54125 -6.87945 -37.02170 -33.75361 'Iringa (Tanzania)'
 -7.45983 -34.17340
 -7.41472 -34.23530
 -7.35695 -34.34220
 -7.35666 -34.36530
 -7.34834 -34.39440
 -7.33278 -34.42580
 -7.30500 -34.46290
 -7.17750 -34.58830
 -7.13514 -34.62640
 -7.10361 -34.64030
 -7.07666 -34.64680
 -6.94722 -34.80080
 -6.92334 -34.83780
 -6.88847 -34.89920
 -6.87945 -34.93400
 -6.89472 -34.98470
 -6.90695 -35.00250
 -6.91500 -35.02140
 -6.92055 -35.04250
 -6.92592 -35.09970
 -6.98076 -35.16380
 -6.97361 -35.21800
 -6.94910 -35.26860
 -6.93084 -35.28680
 -6.92389 -35.38440
 -6.92389 -35.40440
 -6.93139 -35.43670
 -6.95014 -35.48810
 -6.97069 -35.50740
 -7.01445 -35.54000
 -7.09708 -35.70970
 -7.13584 -35.98080
 -7.12597 -36.02080
 -7.11945 -36.04650
 -7.12861 -36.12250
 -7.14555 -36.18140
 -7.17416 -36.24580
 -7.24166 -36.28690
 -7.31181 -36.38680
 -7.35202 -36.46210
 -7.41674 -36.50210
 -7.49847 -36.53420
 -7.52500 -36.60440
 -7.56222 -36.68670
 -7.61389 -36.78720
 -7.64778 -36.84970
 -7.64528 -36.87690
 -7.64375 -36.91920
 -7.68181 -37.00580
 -7.69572 -37.02170
 -7.71916 -36.98670
 -7.73000 -36.96000
 -7.74972 -36.91680
 -7.81889 -36.87310
 -7.85973 -36.84890
 -7.90055 -36.82560
 -7.94222 -36.79860
 -7.95208 -36.77420
 -7.94111 -36.67420
 -7.93084 -36.58440
 -7.92889 -36.52690
 -7.93084 -36.50280
 -7.93855 -36.42760
 -7.95875 -36.39220
 -7.97500 -36.37470
 -8.08305 -36.27000
 -8.12361 -36.23030
 -8.17389 -36.18080
 -8.18000 -36.15420
 -8.18847 -36.12170
 -8.21250 -36.08890
 -8.56368 -35.68580
 -8.64834 -35.67440
 -8.70431 -35.68030
 -8.72264 -35.66560
 -8.73145 -35.63900
 -8.69500 -35.51940
 -8.65167 -35.37220
 -8.71334 -35.28030
 -8.80028 -35.34140
 -8.84555 -35.30640
 -9.02639 -35.38670
 -9.08639 -35.43050
 -9.27389 -35.65060
 -9.30055 -35.65740
 -9.33305 -35.64840
 -9.37952 -35.59700
 -9.41166 -35.55720
 -9.65584 -35.26250
 -9.74153 -35.14710
 -9.78611 -35.14750
 -9.82056 -35.15530
 -9.84250 -35.17180
 -9.87597 -35.22810
 -9.90340 -35.24830
 -10.14180 -35.13170
 -10.18330 -35.06570
 -10.18330 -35.03930
 -10.18100 -35.00150
 -10.19540 -34.98540
 -10.26120 -34.97340
 -10.29940 -34.97060
 -10.35830 -34.91240
 -10.36820 -34.88100
 -10.37500 -34.85750
 -10.40670 -34.81580
 -10.46170 -34.75750
 -10.48460 -34.74790
 -10.53540 -34.65070
 -10.54130 -34.60510
 -10.53450 -34.58020
 -10.51670 -34.57580
 -10.40310 -34.56560
 -10.36780 -34.56920
 -10.34670 -34.57330
 -10.04600 -34.53490
 -10.01560 -34.52460
 -9.96903 -34.50050
 -9.95139 -34.48280
 -9.88139 -34.42670
 -9.81167 -34.37390
 -9.74021 -34.32960
 -9.62750 -34.20580
 -9.60361 -34.17640
 -9.57117 -34.13640
 -9.51778 -34.15580
 -9.47805 -34.12860
 -9.41305 -34.08390
 -9.34834 -34.03860
 -9.30972 -34.01190
 -9.24416 -33.97500
 -9.17916 -33.94000
 -9.15278 -33.92690
 -9.03500 -33.86390
 -9.01611 -33.75360
 -8.98625 -33.76260
 -8.96223 -33.77760
 -8.89584 -33.85610
 -8.87993 -33.88420
 -8.85973 -34.07780
 -8.85528 -34.22470
 -8.85834 -34.26140
 -8.85555 -34.30670
 -8.85305 -34.33190
 -8.82145 -34.45670
 -8.65417 -34.60470
 -8.56223 -34.64930
 -8.51695 -34.66330
 -8.48847 -34.66050
 -8.46708 -34.64860
 -8.44681 -34.63790
 -8.41250 -34.64210
 -8.36639 -34.67250
 -8.32917 -34.70890
 -8.28500 -34.77250
 -8.25195 -34.82000
 -8.23653 -34.83390
 -8.20305 -34.84720
 -8.12222 -34.88030
 -8.01028 -34.93970
 -7.96972 -34.96170
 -7.94250 -34.97690
 -7.88792 -35.00180
 -7.88695 -34.89670
 -7.79666 -34.76640
 -7.66416 -34.57390
 -7.66611 -34.54500
 -7.66889 -34.51830
 -7.68528 -34.30330
 -7.58000 -34.22170
 -7.51472 -34.17220
 -7.49028 -34.17220
 -7.45983 -34.17340
4150 152 -10.83223 -7.92170 -39.98208 -36.84694 'Lindi (Tanzania)'
 -10.83200 -38.08790
 -10.80030 -38.08390
 -10.66000 -37.93580
 -10.60830 -37.90550
 -10.55560 -37.87610
 -10.52190 -37.85560
 -10.53280 -37.78240
 -10.53810 -37.74530
 -10.52000 -37.70500
 -10.39810 -37.44720
 -10.34000 -37.32530
 -10.28810 -37.21690
 -10.27610 -37.19030
 -10.23000 -37.05530
 -10.21670 -37.01470
 -10.19860 -36.96050
 -10.15920 -36.84690
 -9.95486 -36.89560
 -9.87208 -36.93110
 -9.85695 -36.94600
 -9.84084 -36.96610
 -9.82000 -36.99220
 -9.74986 -37.07740
 -9.73250 -37.09000
 -9.67278 -37.12310
 -9.65361 -37.12970
 -9.64780 -37.13040
 -9.56722 -37.14890
 -9.53340 -37.16450
 -9.46931 -37.23080
 -9.38695 -37.26470
 -9.36445 -37.26000
 -9.32014 -37.26370
 -9.17834 -37.32100
 -9.08876 -37.39500
 -9.06111 -37.40860
 -9.02847 -37.40900
 -9.00000 -37.39920
 -8.97181 -37.38030
 -8.93750 -37.35310
 -8.86869 -37.30920
 -8.82361 -37.29690
 -8.78473 -37.31590
 -8.75084 -37.33330
 -8.69555 -37.35580
 -8.63042 -37.37890
 -8.60000 -37.38280
 -8.56722 -37.37780
 -8.54805 -37.36970
 -8.50342 -37.36310
 -8.35500 -37.48000
 -8.27166 -37.53330
 -8.13055 -37.65190
 -8.04305 -37.70140
 -8.01084 -37.72250
 -7.98479 -37.77250
 -7.93958 -37.80860
 -7.92170 -37.80920
 -7.93611 -37.86500
 -7.94972 -37.88530
 -7.96514 -37.90350
 -7.99597 -37.92710
 -8.02549 -37.94100
 -8.08819 -37.99490
 -8.20278 -38.23310
 -8.36090 -38.55120
 -8.42611 -38.56190
 -8.45723 -38.69510
 -8.40660 -38.70350
 -8.35889 -38.84470
 -8.33667 -38.96830
 -8.31278 -39.08140
 -8.28105 -39.21480
 -8.25542 -39.27560
 -8.26786 -39.29530
 -8.29666 -39.30530
 -8.40334 -39.31000
 -8.54834 -39.34000
 -8.66667 -39.35420
 -8.71695 -39.35580
 -8.82250 -39.45860
 -8.91111 -39.53390
 -8.86139 -39.45250
 -8.86695 -39.40530
 -8.90666 -39.39270
 -8.94084 -39.45780
 -9.17223 -39.63330
 -9.19361 -39.64470
 -9.35563 -39.64970
 -9.56695 -39.70170
 -9.65611 -39.73190
 -9.71666 -39.73500
 -9.75500 -39.73060
 -9.80223 -39.78440
 -9.84334 -39.80370
 -9.86708 -39.80530
 -9.92389 -39.79110
 -9.99305 -39.82640
 -10.02170 -39.88970
 -10.05470 -39.92790
 -10.12560 -39.97260
 -10.17650 -39.98210
 -10.20230 -39.97560
 -10.21360 -39.95920
 -10.23780 -39.91310
 -10.25310 -39.87310
 -10.26190 -39.84750
 -10.27180 -39.81750
 -10.28140 -39.77920
 -10.28500 -39.74860
 -10.29390 -39.72850
 -10.31250 -39.71080
 -10.33640 -39.69580
 -10.36440 -39.69170
 -10.39570 -39.69860
 -10.43470 -39.70120
 -10.49470 -39.70170
 -10.51830 -39.70040
 -10.55420 -39.69220
 -10.56510 -39.67490
 -10.48630 -39.54610
 -10.44110 -39.54860
 -10.38960 -39.56100
 -10.36110 -39.55750
 -10.30530 -39.46640
 -10.31830 -39.43500
 -10.33080 -39.41240
 -10.34830 -39.37640
 -10.36830 -39.32650
 -10.37360 -39.29680
 -10.36610 -39.23390
 -10.36530 -39.20190
 -10.36780 -39.17860
 -10.37470 -39.15720
 -10.45250 -39.00530
 -10.52530 -38.88000
 -10.53420 -38.86180
 -10.53330 -38.82690
 -10.52390 -38.78640
 -10.55530 -38.63280
 -10.62560 -38.43890
 -10.63280 -38.41970
 -10.64750 -38.38810
 -10.67580 -38.34690
 -10.68940 -38.33060
 -10.74060 -38.27540
 -10.77610 -38.23860
 -10.79250 -38.21860
 -10.81390 -38.17860
 -10.82720 -38.13750
 -10.83220 -38.10500
 -10.83200 -38.08790
4151 114 -11.41531 -10.13597 -40.43681 -38.08794 'Mtwara (Tanzania)'
 -11.25630 -38.09670
 -11.22330 -38.11890
 -11.19030 -38.13810
 -11.12470 -38.15020
 -11.09000 -38.12690
 -11.05400 -38.10820
 -11.01420 -38.10360
 -10.94890 -38.09750
 -10.88310 -38.09140
 -10.84330 -38.08810
 -10.83200 -38.08790
 -10.83220 -38.10500
 -10.82720 -38.13750
 -10.81390 -38.17860
 -10.79250 -38.21860
 -10.77610 -38.23860
 -10.74060 -38.27540
 -10.68940 -38.33060
 -10.67580 -38.34690
 -10.64750 -38.38810
 -10.63280 -38.41970
 -10.62560 -38.43890
 -10.55530 -38.63280
 -10.52390 -38.78640
 -10.53330 -38.82690
 -10.53420 -38.86180
 -10.52530 -38.88000
 -10.45250 -39.00530
 -10.37470 -39.15720
 -10.36780 -39.17860
 -10.36530 -39.20190
 -10.36610 -39.23390
 -10.37360 -39.29680
 -10.36830 -39.32650
 -10.34830 -39.37640
 -10.33080 -39.41240
 -10.31830 -39.43500
 -10.30530 -39.46640
 -10.36110 -39.55750
 -10.38960 -39.56100
 -10.44110 -39.54860
 -10.48630 -39.54610
 -10.56510 -39.67490
 -10.55420 -39.69220
 -10.51830 -39.70040
 -10.49470 -39.70170
 -10.43470 -39.70120
 -10.39570 -39.69860
 -10.36440 -39.69170
 -10.33640 -39.69580
 -10.31250 -39.71080
 -10.29390 -39.72850
 -10.28500 -39.74860
 -10.28140 -39.77920
 -10.27180 -39.81750
 -10.26190 -39.84750
 -10.25310 -39.87310
 -10.23780 -39.91310
 -10.21360 -39.95920
 -10.20230 -39.97560
 -10.21680 -39.98870
 -10.17060 -39.99760
 -10.13600 -39.98950
 -10.14060 -40.04720
 -10.14830 -40.06690
 -10.16780 -40.11360
 -10.19470 -40.12810
 -10.24780 -40.13250
 -10.29760 -40.22790
 -10.27220 -40.26120
 -10.24490 -40.20820
 -10.20530 -40.23810
 -10.37110 -40.39860
 -10.44780 -40.43390
 -10.47820 -40.43680
 -10.49940 -40.42780
 -10.54030 -40.38140
 -10.56440 -40.34610
 -10.67750 -40.15890
 -10.77920 -40.01970
 -10.80890 -39.96280
 -10.81500 -39.94220
 -10.83170 -39.89830
 -10.84860 -39.86830
 -10.86610 -39.83900
 -10.88560 -39.81190
 -10.90180 -39.79530
 -10.92060 -39.76690
 -10.94420 -39.69120
 -10.94610 -39.66390
 -10.99030 -39.52290
 -10.99760 -39.50390
 -11.07810 -39.39140
 -11.13530 -39.31530
 -11.15240 -39.29260
 -11.16940 -39.26250
 -11.17420 -39.23310
 -11.17320 -39.20600
 -11.15940 -39.18260
 -11.14240 -39.13610
 -11.16560 -38.93140
 -11.17010 -38.90570
 -11.27080 -38.67250
 -11.28110 -38.65530
 -11.29440 -38.63510
 -11.34280 -38.57110
 -11.37250 -38.53390
 -11.41530 -38.49170
 -11.39720 -38.41680
 -11.37720 -38.37780
 -11.36430 -38.35720
 -11.34790 -38.33390
 -11.28500 -38.17360
 -11.25630 -38.09670
4152 179 -11.74042 -9.22535 -38.15021 -34.58023 'Ruvuma (Tanzania)'
 -11.25630 -38.09670
 -11.26080 -38.03280
 -11.27890 -37.96250
 -11.28810 -37.93440
 -11.30440 -37.90030
 -11.33280 -37.86510
 -11.45110 -37.81920
 -11.48380 -37.81020
 -11.51010 -37.82270
 -11.53630 -37.81690
 -11.56110 -37.79190
 -11.60280 -37.69330
 -11.63970 -37.59720
 -11.71870 -37.47320
 -11.72320 -37.39960
 -11.70280 -37.26780
 -11.69000 -37.19080
 -11.67010 -37.11900
 -11.59140 -36.99780
 -11.57220 -36.82690
 -11.61750 -36.78580
 -11.64360 -36.76610
 -11.66390 -36.74610
 -11.68190 -36.72500
 -11.71470 -36.67780
 -11.74040 -36.55740
 -11.72030 -36.51750
 -11.68390 -36.37550
 -11.69610 -36.34250
 -11.70750 -36.29390
 -11.70940 -36.26720
 -11.70540 -36.18760
 -11.66880 -36.17460
 -11.64360 -36.17780
 -11.58580 -36.16820
 -11.43280 -35.93820
 -11.41690 -35.82850
 -11.48330 -35.73330
 -11.55830 -35.67250
 -11.58710 -35.64810
 -11.60710 -35.57330
 -11.59380 -35.43710
 -11.57580 -35.23860
 -11.57330 -35.01110
 -11.57210 -34.96670
 -11.50890 -34.96440
 -11.48190 -34.95760
 -11.38310 -34.89050
 -11.35720 -34.86350
 -11.33180 -34.80250
 -11.19900 -34.70890
 -11.13700 -34.63870
 -11.11080 -34.61600
 -11.02100 -34.59310
 -10.98150 -34.59960
 -10.95170 -34.62720
 -10.92670 -34.64140
 -10.89030 -34.65000
 -10.76110 -34.66310
 -10.72890 -34.66310
 -10.66420 -34.65790
 -10.64390 -34.65140
 -10.60690 -34.62110
 -10.56170 -34.58500
 -10.53890 -34.58080
 -10.53450 -34.58020
 -10.54130 -34.60510
 -10.53540 -34.65070
 -10.48460 -34.74790
 -10.46170 -34.75750
 -10.40670 -34.81580
 -10.37500 -34.85750
 -10.36820 -34.88100
 -10.35830 -34.91240
 -10.29940 -34.97060
 -10.26120 -34.97340
 -10.19540 -34.98540
 -10.18100 -35.00150
 -10.18330 -35.03930
 -10.18330 -35.06570
 -10.14180 -35.13170
 -9.90340 -35.24830
 -9.87597 -35.22810
 -9.84250 -35.17180
 -9.82056 -35.15530
 -9.78611 -35.14750
 -9.74153 -35.14710
 -9.65584 -35.26250
 -9.41166 -35.55720
 -9.37952 -35.59700
 -9.37834 -35.61670
 -9.36618 -35.71430
 -9.34278 -35.75390
 -9.32611 -35.77580
 -9.27750 -35.83750
 -9.25889 -35.85550
 -9.22535 -35.89330
 -9.40264 -35.93240
 -9.42305 -35.93390
 -9.45334 -35.92920
 -9.60222 -35.85810
 -9.62916 -35.84330
 -9.72695 -35.76580
 -9.75834 -35.73780
 -9.77861 -35.71440
 -9.79715 -35.68760
 -9.83445 -35.69620
 -9.91416 -35.77040
 -9.92319 -35.79720
 -9.92278 -35.82110
 -9.91764 -35.85260
 -9.90903 -35.87990
 -9.89500 -35.90360
 -9.87931 -35.91920
 -9.86166 -35.92970
 -9.76750 -35.98640
 -9.68500 -36.06170
 -9.66055 -36.08470
 -9.64278 -36.10690
 -9.62458 -36.13620
 -9.61555 -36.16060
 -9.56764 -36.39940
 -9.74195 -36.48670
 -9.76500 -36.48870
 -9.79555 -36.47750
 -9.83445 -36.45440
 -9.86084 -36.44080
 -9.91250 -36.41970
 -9.94584 -36.42110
 -9.96472 -36.44490
 -9.97084 -36.47000
 -9.97111 -36.49390
 -9.96805 -36.51830
 -9.96334 -36.54030
 -9.95528 -36.56250
 -9.93166 -36.60690
 -9.90750 -36.64970
 -9.88666 -36.68470
 -9.85334 -36.73720
 -9.80861 -36.80360
 -9.75472 -36.88470
 -9.66528 -37.08530
 -9.64780 -37.13040
 -9.65361 -37.12970
 -9.67278 -37.12310
 -9.73250 -37.09000
 -9.74986 -37.07740
 -9.82000 -36.99220
 -9.84084 -36.96610
 -9.85695 -36.94600
 -9.87208 -36.93110
 -9.95486 -36.89560
 -10.15920 -36.84690
 -10.19860 -36.96050
 -10.21670 -37.01470
 -10.23000 -37.05530
 -10.27610 -37.19030
 -10.28810 -37.21690
 -10.34000 -37.32530
 -10.39810 -37.44720
 -10.52000 -37.70500
 -10.53810 -37.74530
 -10.53280 -37.78240
 -10.52190 -37.85560
 -10.55560 -37.87610
 -10.60830 -37.90550
 -10.66000 -37.93580
 -10.80030 -38.08390
 -10.83200 -38.08790
 -10.84330 -38.08810
 -10.88310 -38.09140
 -10.94890 -38.09750
 -11.01420 -38.10360
 -11.05400 -38.10820
 -11.09000 -38.12690
 -11.12470 -38.15020
 -11.19030 -38.13810
 -11.22330 -38.11890
 -11.25630 -38.09670
4153 147 -7.52970 -3.80264 -35.34888 -33.46898 'Singida (Tanzania)'
 -4.16608 -34.17860
 -4.15222 -34.21610
 -4.15722 -34.26140
 -3.98347 -34.38860
 -3.96778 -34.40320
 -3.92889 -34.47720
 -3.92000 -34.49580
 -3.87195 -34.63420
 -3.80931 -34.71770
 -3.80264 -34.77620
 -3.81361 -34.77990
 -3.94250 -34.97000
 -4.01639 -35.08110
 -4.12014 -34.96580
 -4.15028 -34.95360
 -4.42416 -34.84720
 -4.45166 -34.83780
 -4.47973 -34.98080
 -4.48889 -35.01140
 -4.52000 -35.03110
 -4.56028 -35.05550
 -4.58695 -35.07190
 -4.61361 -35.08860
 -4.61695 -35.14400
 -4.67762 -35.19230
 -4.70355 -35.19200
 -4.74666 -35.18440
 -4.82805 -35.33810
 -4.94945 -35.34690
 -4.97834 -35.34890
 -5.08764 -35.34400
 -5.10375 -35.32950
 -5.09834 -35.30780
 -5.08028 -35.28830
 -5.06264 -35.25900
 -5.08861 -35.20780
 -5.10861 -35.17830
 -5.15722 -35.12370
 -5.19250 -35.12470
 -5.36722 -35.14330
 -5.40542 -35.14940
 -5.42042 -35.16500
 -5.48305 -35.23110
 -5.50223 -35.24560
 -5.64486 -35.34040
 -5.78945 -35.28530
 -5.85000 -35.25860
 -6.06528 -35.23110
 -6.23778 -35.20920
 -6.24445 -35.25580
 -6.44195 -35.29140
 -6.47000 -35.27500
 -6.52445 -35.24140
 -6.59250 -35.19890
 -6.66055 -35.15550
 -6.71584 -35.12140
 -6.77720 -35.08350
 -6.83695 -35.08500
 -6.92592 -35.09970
 -6.92055 -35.04250
 -6.91500 -35.02140
 -6.90695 -35.00250
 -6.89472 -34.98470
 -6.87945 -34.93400
 -6.88847 -34.89920
 -6.92334 -34.83780
 -6.94722 -34.80080
 -7.07666 -34.64680
 -7.10361 -34.64030
 -7.13514 -34.62640
 -7.17750 -34.58830
 -7.30500 -34.46290
 -7.33278 -34.42580
 -7.34834 -34.39440
 -7.35666 -34.36530
 -7.35695 -34.34220
 -7.41472 -34.23530
 -7.45983 -34.17340
 -7.45778 -34.16470
 -7.45084 -34.11750
 -7.45181 -34.09030
 -7.46979 -34.06320
 -7.49500 -34.04070
 -7.52970 -33.97000
 -7.46861 -33.94280
 -7.42916 -33.92560
 -7.25723 -33.85170
 -7.16472 -33.81250
 -7.09472 -33.78070
 -6.99750 -33.67940
 -6.96472 -33.54800
 -6.94495 -33.47420
 -6.94166 -33.47470
 -6.90695 -33.49390
 -6.88514 -33.51210
 -6.84305 -33.55780
 -6.82160 -33.58210
 -6.75723 -33.61940
 -6.72666 -33.63580
 -6.69055 -33.64920
 -6.69736 -33.62650
 -6.71028 -33.58440
 -6.71445 -33.55760
 -6.71028 -33.53170
 -6.69750 -33.51140
 -6.65892 -33.46900
 -6.58278 -33.55140
 -6.55722 -33.58190
 -6.44334 -33.73280
 -6.39278 -33.80780
 -6.30389 -33.89440
 -6.26861 -33.92110
 -6.25555 -33.94550
 -6.25055 -33.96750
 -6.23979 -33.99990
 -6.21625 -34.02280
 -6.14584 -34.02220
 -5.87666 -34.01940
 -5.67472 -34.01750
 -5.46334 -34.16330
 -5.42445 -34.21280
 -5.37111 -34.21890
 -5.21972 -34.19170
 -5.19722 -34.16720
 -5.11139 -34.05530
 -4.97000 -33.94470
 -4.94473 -33.92920
 -4.91340 -33.91400
 -4.87028 -33.90860
 -4.84639 -33.91140
 -4.82555 -33.91780
 -4.79111 -33.93360
 -4.75097 -33.94950
 -4.67278 -33.95500
 -4.64931 -33.94720
 -4.61722 -33.93760
 -4.59111 -33.94000
 -4.50778 -33.95280
 -4.46195 -33.97560
 -4.44208 -33.98930
 -4.42416 -34.01890
 -4.40243 -34.05060
 -4.32666 -34.09000
 -4.27528 -34.11190
 -4.24861 -34.11890
 -4.22097 -34.13170
 -4.16608 -34.17860
4157 165 -5.97155 -1.70722 -37.99139 -34.77621 'Arusha (Tanzania)'
 -4.82805 -35.33810
 -4.74666 -35.18440
 -4.70355 -35.19200
 -4.67762 -35.19230
 -4.61695 -35.14400
 -4.61361 -35.08860
 -4.58695 -35.07190
 -4.56028 -35.05550
 -4.52000 -35.03110
 -4.48889 -35.01140
 -4.47973 -34.98080
 -4.45166 -34.83780
 -4.42416 -34.84720
 -4.15028 -34.95360
 -4.12014 -34.96580
 -4.01639 -35.08110
 -3.94250 -34.97000
 -3.81361 -34.77990
 -3.80264 -34.77620
 -3.79821 -34.78840
 -3.77429 -34.82290
 -3.74861 -34.85220
 -3.72381 -34.86990
 -3.70521 -34.88140
 -3.67643 -34.88710
 -3.62950 -34.88920
 -3.29000 -34.88970
 -3.15472 -34.88970
 -3.08611 -34.88970
 -3.05945 -34.88970
 -2.85139 -34.89690
 -2.88416 -34.92810
 -2.91111 -34.94940
 -2.96166 -34.99390
 -2.99555 -35.03510
 -2.98972 -35.05640
 -2.82334 -35.14530
 -2.70084 -35.16580
 -2.53666 -35.19330
 -2.50916 -35.19810
 -2.49970 -35.20060
 -2.44055 -35.20970
 -2.37222 -35.22140
 -2.30389 -35.23390
 -2.12236 -35.26080
 -2.04639 -35.22000
 -1.81334 -35.25220
 -1.74500 -35.26190
 -1.71750 -35.26610
 -1.70722 -35.26890
 -1.93584 -35.67830
 -2.04834 -35.88080
 -2.13308 -36.03330
 -2.20000 -36.15330
 -2.29834 -36.32560
 -2.49695 -36.68530
 -2.77889 -37.19580
 -2.79445 -37.22260
 -2.80222 -37.18800
 -2.81250 -37.15720
 -2.88431 -36.99810
 -2.90764 -36.96680
 -2.93660 -36.94470
 -3.18847 -36.95790
 -3.21597 -36.96830
 -3.23666 -36.99830
 -3.26334 -37.04150
 -3.30264 -37.07940
 -3.41722 -37.08890
 -3.41945 -37.13750
 -3.41861 -37.16280
 -3.48500 -37.28000
 -3.55202 -37.30910
 -3.63347 -37.35220
 -3.65605 -37.37880
 -3.69264 -37.41010
 -3.78000 -37.46260
 -3.83708 -37.45740
 -3.87084 -37.45420
 -3.98416 -37.47190
 -4.23105 -37.55440
 -4.25139 -37.57510
 -4.28389 -37.59350
 -4.39042 -37.58950
 -4.42702 -37.56610
 -4.46660 -37.57820
 -4.49389 -37.61430
 -4.59264 -37.77670
 -4.59139 -37.81020
 -4.56695 -37.87000
 -4.56908 -37.92150
 -4.60334 -37.93220
 -4.66972 -37.94580
 -4.71889 -37.95470
 -4.93500 -37.98920
 -4.95750 -37.99140
 -4.98945 -37.88240
 -4.99305 -37.85750
 -5.04361 -37.67890
 -5.07166 -37.60060
 -5.05375 -37.54440
 -5.03521 -37.49540
 -5.17111 -37.39690
 -5.21305 -37.36780
 -5.29055 -37.32690
 -5.31473 -37.32030
 -5.35555 -37.31440
 -5.40736 -37.30810
 -5.46166 -37.30500
 -5.49792 -37.30320
 -5.52195 -37.29870
 -5.55055 -37.28860
 -5.57555 -37.27670
 -5.59305 -37.26640
 -5.61500 -37.25070
 -5.65084 -37.22500
 -5.67916 -37.20990
 -5.70389 -37.20030
 -5.73625 -37.19140
 -5.77674 -37.19400
 -5.85000 -37.19610
 -5.86972 -37.16280
 -5.96681 -37.00070
 -5.97155 -36.99820
 -5.94473 -36.91600
 -5.93166 -36.87550
 -5.93375 -36.81470
 -5.93584 -36.75780
 -5.87055 -36.70030
 -5.76834 -36.60970
 -5.70334 -36.52690
 -5.63945 -36.44390
 -5.50805 -36.27640
 -5.48792 -36.26610
 -5.45660 -36.26800
 -5.39445 -36.30070
 -5.34889 -36.31110
 -5.31799 -36.30720
 -5.30139 -36.29490
 -5.30215 -36.26560
 -5.29153 -36.21660
 -4.96528 -36.28220
 -4.78916 -36.32280
 -4.66750 -36.35000
 -4.61361 -36.34330
 -4.21555 -36.28830
 -4.26861 -36.13970
 -4.29584 -36.07250
 -4.32305 -36.00560
 -4.33416 -35.97860
 -4.34778 -35.94500
 -4.31222 -35.85940
 -4.33945 -35.85060
 -4.40778 -35.82530
 -4.46528 -35.72490
 -4.49945 -35.67650
 -4.63389 -35.65390
 -4.70305 -35.60390
 -4.73111 -35.58330
 -4.75834 -35.56330
 -4.85569 -35.49110
 -4.85250 -35.46280
 -4.83472 -35.36750
 -4.82916 -35.34000
 -4.82805 -35.33810
4158 63 -4.59264 -2.79445 -38.48666 -36.94472 'Kilimanjaro (Tanzania)'
 -4.15500 -38.48670
 -4.28361 -38.37170
 -4.51805 -38.15920
 -4.58625 -38.09080
 -4.58839 -37.98180
 -4.58445 -37.95260
 -4.56908 -37.92150
 -4.56695 -37.87000
 -4.59139 -37.81020
 -4.59264 -37.77670
 -4.49389 -37.61430
 -4.46660 -37.57820
 -4.42702 -37.56610
 -4.39042 -37.58950
 -4.28389 -37.59350
 -4.25139 -37.57510
 -4.23105 -37.55440
 -3.98416 -37.47190
 -3.87084 -37.45420
 -3.83708 -37.45740
 -3.78000 -37.46260
 -3.69264 -37.41010
 -3.65605 -37.37880
 -3.63347 -37.35220
 -3.55202 -37.30910
 -3.48500 -37.28000
 -3.41861 -37.16280
 -3.41945 -37.13750
 -3.41722 -37.08890
 -3.30264 -37.07940
 -3.26334 -37.04150
 -3.23666 -36.99830
 -3.21597 -36.96830
 -3.18847 -36.95790
 -2.93660 -36.94470
 -2.90764 -36.96680
 -2.88431 -36.99810
 -2.81250 -37.15720
 -2.80222 -37.18800
 -2.79445 -37.22260
 -2.82555 -37.27860
 -2.90695 -37.42530
 -2.93805 -37.50120
 -2.94916 -37.52250
 -2.99584 -37.60280
 -3.05139 -37.67530
 -3.18666 -37.69810
 -3.26750 -37.71250
 -3.31195 -37.72000
 -3.31666 -37.69060
 -3.40153 -37.61030
 -3.42472 -37.60010
 -3.45028 -37.60000
 -3.50952 -37.62640
 -3.51250 -37.68640
 -3.52875 -37.73740
 -3.55069 -37.75000
 -3.57861 -37.75640
 -3.61528 -37.76490
 -3.65111 -37.78310
 -3.70055 -37.85140
 -4.10584 -38.41750
 -4.15500 -38.48670
4159 75 -2.49970 -0.99971 -35.26888 -32.74139 'Mara (Tanzania)'
 -2.20680 -34.02720
 -2.20250 -34.02140
 -2.16111 -33.94140
 -2.15222 -33.91610
 -2.13945 -33.84890
 -2.13695 -33.82420
 -2.13389 -33.67830
 -2.19889 -33.67530
 -2.22972 -33.59470
 -2.26861 -33.48860
 -2.30750 -33.37060
 -2.25416 -33.21890
 -2.12861 -33.19500
 -2.03055 -33.17690
 -1.98500 -33.20940
 -1.93972 -33.24500
 -1.84122 -33.32620
 -1.80195 -33.44970
 -1.74445 -33.45280
 -1.55305 -33.45140
 -1.49916 -33.45080
 -1.46111 -33.45030
 -1.45834 -33.24580
 -1.45750 -33.16360
 -1.45555 -32.95860
 -1.45584 -32.91780
 -1.45389 -32.75330
 -1.45305 -32.74220
 -1.42639 -32.74220
 -1.39889 -32.74220
 -1.35805 -32.74220
 -1.31666 -32.74220
 -1.20778 -32.74220
 -1.18055 -32.74140
 -1.01666 -32.74140
 -0.99972 -32.74240
 -0.99971 -32.89040
 -1.00000 -33.00110
 -1.00028 -33.11080
 -0.99972 -33.18640
 -1.00000 -33.29610
 -1.00028 -33.40580
 -1.00072 -33.43890
 -1.00028 -33.46080
 -1.00111 -33.92030
 -1.00195 -33.92110
 -1.00111 -33.94830
 -1.00111 -34.01870
 -1.03916 -34.07560
 -1.22722 -34.40970
 -1.27778 -34.50030
 -1.39889 -34.71720
 -1.70722 -35.26890
 -1.71750 -35.26610
 -1.74500 -35.26190
 -1.81334 -35.25220
 -2.04639 -35.22000
 -2.12236 -35.26080
 -2.30389 -35.23390
 -2.37222 -35.22140
 -2.44055 -35.20970
 -2.49970 -35.20060
 -2.49750 -35.12030
 -2.49500 -35.02420
 -2.48916 -34.79250
 -2.48611 -34.64250
 -2.48445 -34.57440
 -2.48250 -34.52300
 -2.36972 -34.38360
 -2.33528 -34.34140
 -2.26403 -34.24990
 -2.24695 -34.18640
 -2.23389 -34.13140
 -2.21334 -34.04890
 -2.20680 -34.02720
4160 92 -6.03278 -4.15500 -39.22084 -36.99822 'Tanga (Tanzania)'
 -4.56908 -37.92150
 -4.58445 -37.95260
 -4.58839 -37.98180
 -4.58625 -38.09080
 -4.51805 -38.15920
 -4.28361 -38.37170
 -4.15500 -38.48670
 -4.25334 -38.62440
 -4.32250 -38.72110
 -4.55000 -39.03780
 -4.63945 -39.16170
 -4.66962 -39.20300
 -4.69139 -39.21650
 -4.74778 -39.22080
 -4.84861 -39.22060
 -4.92111 -39.18470
 -4.93355 -39.16280
 -4.89889 -39.15860
 -4.86569 -39.16730
 -4.88514 -39.14640
 -4.92278 -39.13780
 -4.95375 -39.13370
 -5.05139 -39.12690
 -5.24389 -39.07800
 -5.31305 -39.05550
 -5.45972 -39.00000
 -5.54666 -38.96670
 -5.60750 -38.92940
 -5.77000 -38.85940
 -5.95695 -38.80300
 -5.94278 -38.77670
 -5.91945 -38.73280
 -5.89166 -38.66000
 -5.87778 -38.62030
 -5.84958 -38.52510
 -5.84250 -38.44840
 -5.85486 -38.40420
 -5.87347 -38.37220
 -5.88945 -38.33390
 -5.89695 -38.31330
 -5.90986 -38.26140
 -5.90584 -38.21050
 -5.89778 -38.18580
 -5.88111 -38.14890
 -5.86666 -38.12290
 -5.84653 -38.09700
 -5.85195 -38.03670
 -5.87778 -37.90170
 -5.89084 -37.83440
 -5.89639 -37.80780
 -5.90111 -37.78640
 -5.89222 -37.73970
 -5.86166 -37.61170
 -5.84528 -37.47610
 -5.84250 -37.45280
 -5.93042 -37.44110
 -6.03278 -37.18890
 -6.00000 -37.08660
 -5.97155 -36.99820
 -5.96681 -37.00070
 -5.86972 -37.16280
 -5.85000 -37.19610
 -5.77674 -37.19400
 -5.73625 -37.19140
 -5.70389 -37.20030
 -5.67916 -37.20990
 -5.65084 -37.22500
 -5.61500 -37.25070
 -5.59305 -37.26640
 -5.57555 -37.27670
 -5.55055 -37.28860
 -5.52195 -37.29870
 -5.49792 -37.30320
 -5.46166 -37.30500
 -5.40736 -37.30810
 -5.35555 -37.31440
 -5.31473 -37.32030
 -5.29055 -37.32690
 -5.21305 -37.36780
 -5.17111 -37.39690
 -5.03521 -37.49540
 -5.05375 -37.54440
 -5.07166 -37.60060
 -5.04361 -37.67890
 -4.99305 -37.85750
 -4.98945 -37.88240
 -4.95750 -37.99140
 -4.93500 -37.98920
 -4.71889 -37.95470
 -4.66972 -37.94580
 -4.60334 -37.93220
 -4.56908 -37.92150
