3345 95 20.87118 21.66694 -108.06429 -106.44564 'Quang Ninh (Vietnam)'
 21.20180 -106.52300
 21.19970 -106.55700
 21.19220 -106.61300
 21.17920 -106.70500
 21.16080 -106.76700
 21.16420 -106.81600
 21.17820 -106.94400
 21.20000 -106.95900
 21.24900 -106.98700
 21.29530 -106.99400
 21.29760 -106.99200
 21.30060 -107.00000
 21.31470 -107.03300
 21.35830 -107.09300
 21.37850 -107.10400
 21.40920 -107.10800
 21.44290 -107.10800
 21.47920 -107.09900
 21.51280 -107.08200
 21.55940 -107.16000
 21.54600 -107.18900
 21.58870 -107.34500
 21.60170 -107.36000
 21.60530 -107.36300
 21.59830 -107.38500
 21.58640 -107.53200
 21.61000 -107.66000
 21.62720 -107.71000
 21.64470 -107.73800
 21.65620 -107.75600
 21.66690 -107.78300
 21.64780 -107.86100
 21.58890 -107.91700
 21.54440 -107.94700
 21.53570 -107.96900
 21.54240 -107.99000
 21.53930 -107.99800
 21.52140 -108.03400
 21.48670 -108.06400
 21.43900 -107.93100
 21.45830 -107.91500
 21.48420 -107.92700
 21.52010 -107.91500
 21.53220 -107.89200
 21.52560 -107.85500
 21.47720 -107.79400
 21.39190 -107.70400
 21.29280 -107.59500
 21.29000 -107.48100
 21.30560 -107.46600
 21.32600 -107.41700
 21.26530 -107.36700
 21.18240 -107.36300
 21.13500 -107.38200
 21.09500 -107.37000
 21.05770 -107.36300
 21.02570 -107.37100
 21.00880 -107.35000
 21.00420 -107.31100
 21.00150 -107.25900
 20.99390 -107.23200
 20.92500 -107.15400
 20.94530 -107.07900
 20.95040 -107.07400
 20.98620 -107.08400
 21.01430 -107.11700
 21.03610 -107.14700
 20.99670 -107.03700
 20.95060 -107.01500
 20.94550 -106.97800
 20.95340 -106.94100
 20.96670 -106.90800
 20.98820 -106.87700
 20.96040 -106.87000
 20.94990 -106.89100
 20.93440 -106.92100
 20.90480 -106.94300
 20.90270 -106.88200
 20.87120 -106.86300
 20.91680 -106.83600
 20.93580 -106.77500
 20.96060 -106.80100
 20.96990 -106.82300
 21.01170 -106.81000
 21.02610 -106.79100
 21.02170 -106.64700
 21.01750 -106.64400
 21.01420 -106.58800
 20.99420 -106.55400
 21.02110 -106.53100
 21.06650 -106.48400
 21.06600 -106.46300
 21.10190 -106.44600
 21.16580 -106.48100
 21.20180 -106.52300
3346 14 21.04819 21.27142 -107.60408 -107.37554 'Quang Ninh (Vietnam)'
 21.27140 -107.47200
 21.22440 -107.52400
 21.21690 -107.60400
 21.20530 -107.60000
 21.19110 -107.58500
 21.15570 -107.54000
 21.14970 -107.51100
 21.12930 -107.50200
 21.08940 -107.46300
 21.05220 -107.40400
 21.04820 -107.37900
 21.08120 -107.37600
 21.23530 -107.44500
 21.27140 -107.47200
3379 45 10.96903 11.77625 -106.48954 -105.81644 'Tay Ninh (Vietnam)'
 11.00420 -106.36800
 11.01850 -106.35700
 11.01760 -106.33300
 10.99770 -106.30300
 10.98010 -106.27500
 10.96900 -106.21700
 10.97010 -106.20900
 10.97250 -106.21200
 11.05370 -106.18900
 11.09390 -106.15600
 11.08680 -106.12600
 11.20250 -105.94900
 11.22030 -105.93000
 11.29670 -105.87100
 11.36420 -105.88300
 11.43530 -105.90000
 11.54900 -105.87900
 11.59400 -105.81900
 11.61750 -105.81600
 11.66190 -105.85300
 11.67040 -105.87500
 11.66740 -105.89800
 11.65190 -105.92600
 11.64480 -105.96100
 11.72060 -106.01400
 11.75990 -106.02200
 11.77620 -106.04300
 11.77310 -106.08300
 11.71780 -106.26900
 11.68170 -106.30300
 11.67610 -106.41700
 11.66590 -106.45800
 11.59330 -106.48800
 11.56240 -106.49000
 11.46430 -106.40800
 11.44830 -106.37600
 11.34230 -106.33100
 11.30140 -106.33600
 11.18600 -106.39000
 11.13870 -106.45000
 11.14090 -106.47600
 11.13250 -106.47300
 11.08070 -106.44300
 11.03810 -106.40900
 11.00420 -106.36800
3391 100 20.84388 22.79451 -103.76111 -102.14075 'Lai Chau (Vietnam)'
 22.06440 -103.55700
 22.03780 -103.54000
 21.98190 -103.48700
 21.85040 -103.50900
 21.76790 -103.53100
 21.75320 -103.55200
 21.74970 -103.57500
 21.64230 -103.65900
 21.52860 -103.48100
 21.40220 -103.32800
 21.32280 -103.37600
 21.30830 -103.43100
 21.18800 -103.43500
 21.07780 -103.38000
 21.06930 -103.36100
 21.04360 -103.27100
 20.90780 -103.20400
 20.88530 -103.19700
 20.85860 -103.19100
 20.84420 -103.18900
 20.84390 -103.17700
 20.89360 -103.11800
 20.95560 -103.08800
 21.04600 -103.04200
 21.16330 -102.93700
 21.16810 -102.91400
 21.22890 -102.91900
 21.25220 -102.88900
 21.38190 -102.90500
 21.44030 -102.90500
 21.43010 -102.87700
 21.46610 -102.89100
 21.52860 -102.94400
 21.55560 -102.96900
 21.57430 -102.98700
 21.60690 -102.99100
 21.71270 -102.98700
 21.74510 -102.97100
 21.71830 -102.86100
 21.67070 -102.75400
 21.65850 -102.67500
 21.73490 -102.65400
 21.76060 -102.66100
 21.78680 -102.66200
 21.85310 -102.64700
 21.92850 -102.60400
 21.93680 -102.58600
 21.94060 -102.55500
 21.94780 -102.52700
 21.96680 -102.50200
 22.06690 -102.44800
 22.11570 -102.42300
 22.21010 -102.30500
 22.21590 -102.27700
 22.24250 -102.23800
 22.30040 -102.18500
 22.32610 -102.18000
 22.38470 -102.15400
 22.39630 -102.14100
 22.42330 -102.16700
 22.49170 -102.27000
 22.60920 -102.38900
 22.68830 -102.42600
 22.75370 -102.45400
 22.77190 -102.47400
 22.77180 -102.50100
 22.76500 -102.52100
 22.68420 -102.70200
 22.59290 -102.87000
 22.55440 -102.88100
 22.48230 -102.92900
 22.43650 -103.03000
 22.44080 -103.06500
 22.54250 -103.16700
 22.79450 -103.33400
 22.79210 -103.36000
 22.77190 -103.39500
 22.70470 -103.42700
 22.63920 -103.46000
 22.61030 -103.48700
 22.59150 -103.50800
 22.58440 -103.52200
 22.56910 -103.55900
 22.51790 -103.57500
 22.48650 -103.55900
 22.45280 -103.55400
 22.40850 -103.55500
 22.37930 -103.61400
 22.37580 -103.63900
 22.38650 -103.66700
 22.39460 -103.74600
 22.37390 -103.75700
 22.30750 -103.76100
 22.27310 -103.75600
 22.18750 -103.66900
 22.17030 -103.63000
 22.15370 -103.59200
 22.11870 -103.57000
 22.07060 -103.55900
 22.06440 -103.55700
3392 69 21.33704 22.47108 -106.26819 -105.43873 'Bac Thai (Vietnam)'
 21.57280 -105.52800
 21.58810 -105.51300
 21.62900 -105.47300
 21.65150 -105.46100
 21.67560 -105.46400
 21.79170 -105.51100
 21.88310 -105.55300
 21.94180 -105.56900
 21.96990 -105.56000
 21.97260 -105.53200
 21.98740 -105.50000
 22.00460 -105.48900
 22.13310 -105.44800
 22.20140 -105.43900
 22.30910 -105.46900
 22.32970 -105.49900
 22.35030 -105.53000
 22.41390 -105.56700
 22.43330 -105.57400
 22.47110 -105.57500
 22.46470 -105.60400
 22.42170 -105.60800
 22.36640 -105.67300
 22.32140 -105.76200
 22.31330 -105.90800
 22.31100 -105.97800
 22.34280 -106.06000
 22.37310 -106.11100
 22.40220 -106.17800
 22.36870 -106.20900
 22.16400 -106.23500
 22.14430 -106.20700
 22.13250 -106.18800
 22.11430 -106.17000
 22.06140 -106.13400
 22.02640 -106.13200
 21.87500 -106.14300
 21.81400 -106.15800
 21.78280 -106.19200
 21.74420 -106.24000
 21.71430 -106.26800
 21.63140 -106.22600
 21.60740 -106.20500
 21.58810 -106.17600
 21.59170 -106.17300
 21.60900 -106.14500
 21.62650 -106.07500
 21.59100 -106.03500
 21.56890 -106.03200
 21.54140 -106.04600
 21.48360 -106.05600
 21.43560 -106.05600
 21.41680 -106.04800
 21.39840 -106.02200
 21.40560 -105.99700
 21.42650 -105.97900
 21.42570 -105.95900
 21.37280 -105.91100
 21.33700 -105.88500
 21.37530 -105.84700
 21.38010 -105.80500
 21.39940 -105.76700
 21.44310 -105.73200
 21.45770 -105.72300
 21.46460 -105.69700
 21.49550 -105.64900
 21.53090 -105.60800
 21.56920 -105.54600
 21.57280 -105.52800
3393 85 21.70611 22.82788 -104.60940 -103.52242 'Lao Cai (Vietnam)'
 22.25390 -104.58900
 22.23350 -104.60600
 22.20420 -104.60900
 22.14600 -104.60500
 22.09460 -104.55400
 22.13130 -104.48900
 22.14330 -104.44700
 22.13870 -104.42800
 22.11170 -104.39900
 22.07620 -104.40800
 22.00960 -104.44500
 21.96430 -104.44300
 21.92580 -104.43200
 21.90000 -104.41400
 21.89940 -104.37200
 21.91090 -104.34500
 21.93270 -104.31800
 21.93670 -104.29400
 21.91250 -104.26100
 21.89590 -104.23000
 21.89810 -104.17700
 21.91190 -104.10900
 21.95780 -104.04200
 21.96460 -103.99200
 21.96000 -103.95500
 21.94050 -103.91700
 21.91580 -103.90500
 21.88020 -103.90700
 21.84750 -103.93600
 21.82580 -103.95900
 21.80510 -103.97000
 21.78440 -103.95800
 21.75460 -103.92000
 21.71500 -103.92600
 21.70610 -103.84100
 21.73180 -103.80400
 21.79780 -103.74800
 21.87110 -103.66700
 21.93630 -103.59200
 22.02170 -103.59100
 22.06440 -103.55700
 22.07060 -103.55900
 22.11870 -103.57000
 22.15370 -103.59200
 22.17030 -103.63000
 22.18750 -103.66900
 22.27310 -103.75600
 22.30750 -103.76100
 22.37390 -103.75700
 22.39460 -103.74600
 22.38650 -103.66700
 22.37580 -103.63900
 22.37930 -103.61400
 22.40850 -103.55500
 22.45280 -103.55400
 22.48650 -103.55900
 22.51790 -103.57500
 22.56910 -103.55900
 22.58440 -103.52200
 22.58740 -103.53700
 22.64860 -103.58400
 22.69820 -103.56600
 22.77940 -103.61800
 22.78290 -103.65400
 22.65140 -103.79400
 22.60780 -103.82700
 22.57720 -103.86100
 22.53780 -103.90900
 22.50390 -103.96900
 22.52320 -104.00900
 22.55260 -104.01700
 22.57320 -104.01100
 22.68640 -104.03400
 22.74060 -104.06200
 22.79810 -104.11100
 22.82790 -104.25900
 22.77370 -104.25500
 22.73490 -104.26500
 22.68730 -104.35900
 22.64670 -104.37400
 22.54080 -104.42700
 22.28480 -104.53400
 22.24700 -104.55100
 22.25220 -104.58600
 22.25390 -104.58900
3394 82 21.29604 22.44014 -107.36273 -106.13151 'Lang Son (Vietnam)'
 21.29760 -106.99200
 21.29600 -106.97300
 21.36330 -106.96600
 21.39510 -106.97900
 21.43500 -106.96600
 21.59670 -106.83300
 21.61310 -106.78000
 21.62280 -106.73300
 21.60670 -106.59500
 21.59580 -106.55400
 21.57330 -106.53200
 21.51690 -106.51300
 21.49360 -106.49800
 21.47350 -106.48100
 21.45940 -106.46600
 21.43560 -106.43100
 21.41650 -106.39300
 21.40820 -106.36200
 21.41980 -106.32700
 21.50890 -106.18700
 21.52920 -106.17400
 21.58810 -106.17600
 21.60740 -106.20500
 21.63140 -106.22600
 21.71430 -106.26800
 21.74420 -106.24000
 21.78280 -106.19200
 21.81400 -106.15800
 21.87500 -106.14300
 22.02640 -106.13200
 22.06140 -106.13400
 22.11430 -106.17000
 22.13250 -106.18800
 22.14430 -106.20700
 22.16400 -106.23500
 22.36870 -106.20900
 22.40220 -106.17800
 22.40580 -106.17900
 22.43990 -106.23700
 22.44010 -106.28400
 22.37930 -106.35900
 22.35430 -106.38400
 22.34820 -106.41600
 22.34920 -106.44200
 22.35640 -106.46300
 22.41500 -106.55700
 22.34930 -106.56500
 22.33540 -106.58700
 22.32870 -106.61900
 22.32880 -106.64900
 22.21630 -106.69200
 22.20420 -106.67000
 22.17470 -106.66900
 22.03080 -106.69300
 21.99970 -106.73700
 21.97920 -106.86300
 21.97060 -106.90200
 21.93920 -107.02100
 21.92140 -107.04400
 21.88950 -107.04200
 21.84990 -107.01600
 21.82060 -107.02400
 21.71150 -107.21400
 21.71020 -107.25300
 21.72420 -107.26900
 21.72940 -107.29900
 21.68140 -107.34000
 21.66220 -107.34800
 21.60530 -107.36300
 21.60170 -107.36000
 21.58870 -107.34500
 21.54600 -107.18900
 21.55940 -107.16000
 21.51280 -107.08200
 21.47920 -107.09900
 21.44290 -107.10800
 21.40920 -107.10800
 21.37850 -107.10400
 21.35830 -107.09300
 21.31470 -107.03300
 21.30060 -107.00000
 21.29760 -106.99200
3395 102 20.61415 22.06445 -104.99956 -103.18909 'Son La (Vietnam)'
 21.11440 -104.91000
 21.11460 -104.90700
 21.09810 -104.87400
 21.07530 -104.85500
 21.02340 -104.87200
 20.90640 -104.96200
 20.87730 -104.98300
 20.80690 -104.99900
 20.78530 -105.00000
 20.76250 -104.99600
 20.72810 -104.97200
 20.71940 -104.88000
 20.73600 -104.84100
 20.71330 -104.81000
 20.69350 -104.80700
 20.66440 -104.80800
 20.64720 -104.82300
 20.63000 -104.84400
 20.62170 -104.81100
 20.61470 -104.75500
 20.61410 -104.68100
 20.61860 -104.63000
 20.65240 -104.64200
 20.66510 -104.61400
 20.67260 -104.58800
 20.71220 -104.50200
 20.77830 -104.40900
 20.84320 -104.34400
 20.87710 -104.33100
 20.89430 -104.30600
 20.92890 -104.23000
 20.94330 -104.19400
 20.97590 -104.10400
 20.85250 -103.85700
 20.78440 -103.77900
 20.73720 -103.77100
 20.67100 -103.73800
 20.65960 -103.68700
 20.68150 -103.67300
 20.71790 -103.63700
 20.74030 -103.60500
 20.79390 -103.42500
 20.80210 -103.36000
 20.80560 -103.33500
 20.83030 -103.21900
 20.84420 -103.18900
 20.85860 -103.19100
 20.88530 -103.19700
 20.90780 -103.20400
 21.04360 -103.27100
 21.06930 -103.36100
 21.07780 -103.38000
 21.18800 -103.43500
 21.30830 -103.43100
 21.32280 -103.37600
 21.40220 -103.32800
 21.52860 -103.48100
 21.64230 -103.65900
 21.74970 -103.57500
 21.75320 -103.55200
 21.76790 -103.53100
 21.85040 -103.50900
 21.98190 -103.48700
 22.03780 -103.54000
 22.06440 -103.55700
 22.02170 -103.59100
 21.93630 -103.59200
 21.87110 -103.66700
 21.79780 -103.74800
 21.73180 -103.80400
 21.70610 -103.84100
 21.71500 -103.92600
 21.68720 -103.95600
 21.66780 -103.99200
 21.65460 -104.03000
 21.65810 -104.10200
 21.70460 -104.14800
 21.72270 -104.25500
 21.69310 -104.29400
 21.65020 -104.32300
 21.62120 -104.32000
 21.59420 -104.29900
 21.52490 -104.28100
 21.44480 -104.28600
 21.41760 -104.30900
 21.37940 -104.37400
 21.35490 -104.46900
 21.37470 -104.48900
 21.39790 -104.51400
 21.40810 -104.53300
 21.41570 -104.59500
 21.40140 -104.70400
 21.38650 -104.74100
 21.36180 -104.75800
 21.34140 -104.78000
 21.33460 -104.81500
 21.33720 -104.83200
 21.33220 -104.83500
 21.27490 -104.85000
 21.23150 -104.84400
 21.18400 -104.84900
 21.11440 -104.91000
3396 82 19.27423 20.63001 -106.07280 -104.38151 'Thanh Hoa (Vietnam)'
 20.61860 -104.63000
 20.61410 -104.68100
 20.61470 -104.75500
 20.62170 -104.81100
 20.63000 -104.84400
 20.60250 -104.84700
 20.57310 -104.92400
 20.56720 -105.01100
 20.56610 -105.03400
 20.57000 -105.06600
 20.57610 -105.10000
 20.59060 -105.12600
 20.57440 -105.17900
 20.42080 -105.29700
 20.39330 -105.32900
 20.37650 -105.36000
 20.35250 -105.43500
 20.35210 -105.47400
 20.37440 -105.49800
 20.37790 -105.54700
 20.30970 -105.60400
 20.27430 -105.63300
 20.17040 -105.77500
 20.14250 -105.82000
 20.06330 -105.96300
 20.05920 -106.00300
 20.05830 -106.03800
 20.05710 -106.07300
 20.00320 -106.05300
 19.99090 -106.03400
 19.99080 -106.02500
 19.92300 -105.95700
 19.79310 -105.91300
 19.60110 -105.80900
 19.56590 -105.81800
 19.45580 -105.80400
 19.39820 -105.78500
 19.35640 -105.78900
 19.27420 -105.80600
 19.28570 -105.79600
 19.31100 -105.73700
 19.29600 -105.70100
 19.37580 -105.58400
 19.43280 -105.54200
 19.45770 -105.51900
 19.44940 -105.48700
 19.43820 -105.44700
 19.44690 -105.39200
 19.49550 -105.36600
 19.51850 -105.36100
 19.55920 -105.32800
 19.64550 -105.21700
 19.68290 -105.16400
 19.74920 -105.13300
 19.79190 -105.12800
 19.82200 -105.13000
 19.85210 -105.15100
 19.85880 -105.17200
 19.89220 -105.17400
 19.90900 -105.16100
 19.93110 -105.11500
 19.93800 -105.08800
 19.93060 -105.05500
 19.94670 -105.01500
 19.96030 -104.99600
 19.98840 -104.96300
 20.00400 -104.97800
 20.09830 -104.98500
 20.18350 -104.93900
 20.22510 -104.84500
 20.31310 -104.71500
 20.34150 -104.70900
 20.41600 -104.61500
 20.41420 -104.55300
 20.40710 -104.52000
 20.42420 -104.42100
 20.43530 -104.39400
 20.45460 -104.38200
 20.50440 -104.45400
 20.51720 -104.51600
 20.59030 -104.60100
 20.61860 -104.63000
3397 60 21.52083 22.64809 -105.58372 -104.83971 'Tuyen Quang (Vietnam)'
 22.47110 -105.57500
 22.43330 -105.57400
 22.41390 -105.56700
 22.35030 -105.53000
 22.32970 -105.49900
 22.30910 -105.46900
 22.20140 -105.43900
 22.13310 -105.44800
 22.00460 -105.48900
 21.98740 -105.50000
 21.97260 -105.53200
 21.96990 -105.56000
 21.94180 -105.56900
 21.88310 -105.55300
 21.79170 -105.51100
 21.67560 -105.46400
 21.65150 -105.46100
 21.62900 -105.47300
 21.58810 -105.51300
 21.57280 -105.52800
 21.56310 -105.52300
 21.54620 -105.50700
 21.52080 -105.31400
 21.52750 -105.29100
 21.56580 -105.26000
 21.60110 -105.23500
 21.69110 -105.19900
 21.73670 -105.09900
 21.75060 -105.10500
 21.78350 -105.10800
 21.81110 -105.10000
 21.85500 -105.07600
 21.97560 -104.96800
 22.03860 -104.90400
 22.09060 -104.86800
 22.12780 -104.85500
 22.18300 -104.84000
 22.19570 -104.87300
 22.22270 -104.91800
 22.24570 -104.93400
 22.28930 -104.93300
 22.34210 -104.94100
 22.33870 -104.96900
 22.30020 -104.99700
 22.28910 -105.03100
 22.31350 -105.04800
 22.38580 -105.07200
 22.50920 -105.10400
 22.56940 -105.11400
 22.60850 -105.14100
 22.64060 -105.17600
 22.64810 -105.20800
 22.64290 -105.22900
 22.61430 -105.33000
 22.59080 -105.42200
 22.64610 -105.49900
 22.60620 -105.53400
 22.53690 -105.57700
 22.48760 -105.58400
 22.47110 -105.57500
3398 90 21.33465 22.29625 -105.10784 -103.90520 'Yen Bai (Vietnam)'
 21.33720 -104.83200
 21.33460 -104.81500
 21.34140 -104.78000
 21.36180 -104.75800
 21.38650 -104.74100
 21.40140 -104.70400
 21.41570 -104.59500
 21.40810 -104.53300
 21.39790 -104.51400
 21.37470 -104.48900
 21.35490 -104.46900
 21.37940 -104.37400
 21.41760 -104.30900
 21.44480 -104.28600
 21.52490 -104.28100
 21.59420 -104.29900
 21.62120 -104.32000
 21.65020 -104.32300
 21.69310 -104.29400
 21.72270 -104.25500
 21.70460 -104.14800
 21.65810 -104.10200
 21.65460 -104.03000
 21.66780 -103.99200
 21.68720 -103.95600
 21.71500 -103.92600
 21.75460 -103.92000
 21.78440 -103.95800
 21.80510 -103.97000
 21.82580 -103.95900
 21.84750 -103.93600
 21.88020 -103.90700
 21.91580 -103.90500
 21.94050 -103.91700
 21.96000 -103.95500
 21.96460 -103.99200
 21.95780 -104.04200
 21.91190 -104.10900
 21.89810 -104.17700
 21.89590 -104.23000
 21.91250 -104.26100
 21.93670 -104.29400
 21.93270 -104.31800
 21.91090 -104.34500
 21.89940 -104.37200
 21.90000 -104.41400
 21.92580 -104.43200
 21.96430 -104.44300
 22.00960 -104.44500
 22.07620 -104.40800
 22.11170 -104.39900
 22.13870 -104.42800
 22.14330 -104.44700
 22.13130 -104.48900
 22.09460 -104.55400
 22.14600 -104.60500
 22.20420 -104.60900
 22.23350 -104.60600
 22.25390 -104.58900
 22.28140 -104.59100
 22.29620 -104.62300
 22.26780 -104.68300
 22.25420 -104.69800
 22.21170 -104.71700
 22.18930 -104.73400
 22.17720 -104.75300
 22.16930 -104.78800
 22.17190 -104.80800
 22.18300 -104.84000
 22.12780 -104.85500
 22.09060 -104.86800
 22.03860 -104.90400
 21.97560 -104.96800
 21.85500 -105.07600
 21.81110 -105.10000
 21.78350 -105.10800
 21.75060 -105.10500
 21.73670 -105.09900
 21.70390 -105.02500
 21.66000 -104.96000
 21.64020 -104.93600
 21.62050 -104.91400
 21.58100 -104.88400
 21.53370 -104.87800
 21.51250 -104.90000
 21.44960 -104.92400
 21.38640 -104.90400
 21.37880 -104.87800
 21.34810 -104.83800
 21.33720 -104.83200
3399 65 20.30972 21.11458 -105.87280 -104.80665 'Hoa Binh (Vietnam)'
 20.62110 -105.81500
 20.57720 -105.80800
 20.49250 -105.85200
 20.46610 -105.87300
 20.43760 -105.82600
 20.34890 -105.71300
 20.31670 -105.66000
 20.30970 -105.60400
 20.37790 -105.54700
 20.37440 -105.49800
 20.35210 -105.47400
 20.35250 -105.43500
 20.37650 -105.36000
 20.39330 -105.32900
 20.42080 -105.29700
 20.57440 -105.17900
 20.59060 -105.12600
 20.57610 -105.10000
 20.57000 -105.06600
 20.56610 -105.03400
 20.56720 -105.01100
 20.57310 -104.92400
 20.60250 -104.84700
 20.63000 -104.84400
 20.64720 -104.82300
 20.66440 -104.80800
 20.69350 -104.80700
 20.71330 -104.81000
 20.73600 -104.84100
 20.71940 -104.88000
 20.72810 -104.97200
 20.76250 -104.99600
 20.78530 -105.00000
 20.80690 -104.99900
 20.87730 -104.98300
 20.90640 -104.96200
 21.02340 -104.87200
 21.07530 -104.85500
 21.09810 -104.87400
 21.11460 -104.90700
 21.11440 -104.91000
 21.10000 -104.92700
 21.08390 -104.94900
 20.98280 -105.10900
 20.95440 -105.16000
 20.94460 -105.25800
 20.94780 -105.30100
 20.95700 -105.32700
 20.97880 -105.32500
 21.01060 -105.30800
 21.02110 -105.29900
 21.03050 -105.31700
 21.03580 -105.36400
 21.02670 -105.41300
 21.01830 -105.45400
 20.99190 -105.50000
 20.93530 -105.53900
 20.86790 -105.56700
 20.81300 -105.60400
 20.77940 -105.66400
 20.75220 -105.70300
 20.70610 -105.71900
 20.66540 -105.74200
 20.64060 -105.78200
 20.62110 -105.81500
3400 51 20.61333 21.23194 -106.58206 -105.88436 'Hai Hung (Vietnam)'
 20.93280 -105.88800
 20.94490 -105.88400
 20.97120 -105.90400
 20.99680 -105.96800
 21.00220 -105.98800
 21.00220 -106.00800
 20.99920 -106.03000
 20.98060 -106.20200
 21.00060 -106.27100
 21.02350 -106.29500
 21.06590 -106.30600
 21.08470 -106.29700
 21.11890 -106.29400
 21.18390 -106.31500
 21.19550 -106.33700
 21.22500 -106.45900
 21.23190 -106.51200
 21.21870 -106.52800
 21.20180 -106.52300
 21.16580 -106.48100
 21.10190 -106.44600
 21.06600 -106.46300
 21.06650 -106.48400
 21.02110 -106.53100
 20.99420 -106.55400
 20.97280 -106.57400
 20.95120 -106.58200
 20.93050 -106.56500
 20.91120 -106.53700
 20.85910 -106.49000
 20.82540 -106.50200
 20.79560 -106.51800
 20.76360 -106.50900
 20.71830 -106.45400
 20.71870 -106.43000
 20.72140 -106.42600
 20.70830 -106.38200
 20.67640 -106.26300
 20.65330 -106.14400
 20.61690 -106.12000
 20.61330 -106.08600
 20.62090 -106.06100
 20.64370 -106.03900
 20.67010 -106.02700
 20.68670 -106.01500
 20.69550 -106.00300
 20.70930 -105.97800
 20.79470 -105.92500
 20.85330 -105.92000
 20.92190 -105.90400
 20.93280 -105.88800
3401 27 20.90444 21.45775 -106.01041 -105.65980 'Ha Noi (Vietnam)'
 21.00220 -106.00800
 21.00220 -105.98800
 20.99680 -105.96800
 20.97120 -105.90400
 20.94490 -105.88400
 20.93280 -105.88800
 20.90440 -105.81200
 20.91300 -105.78600
 20.93080 -105.76700
 21.02820 -105.69300
 21.06360 -105.67900
 21.10960 -105.66800
 21.15920 -105.66000
 21.23580 -105.68600
 21.30890 -105.69600
 21.41080 -105.71400
 21.45770 -105.72300
 21.44310 -105.73200
 21.39940 -105.76700
 21.38010 -105.80500
 21.37530 -105.84700
 21.33700 -105.88500
 21.29260 -105.92900
 21.20140 -105.94800
 21.10420 -105.98700
 21.03250 -106.01000
 21.00220 -106.00800
3402 44 20.62111 21.30972 -106.00278 -105.28500 'Ha Tay (Vietnam)'
 20.69550 -106.00300
 20.65640 -105.97400
 20.64500 -105.95200
 20.63680 -105.87700
 20.63610 -105.82800
 20.62110 -105.81500
 20.64060 -105.78200
 20.66540 -105.74200
 20.70610 -105.71900
 20.75220 -105.70300
 20.77940 -105.66400
 20.81300 -105.60400
 20.86790 -105.56700
 20.93530 -105.53900
 20.99190 -105.50000
 21.01830 -105.45400
 21.02670 -105.41300
 21.03580 -105.36400
 21.03050 -105.31700
 21.02110 -105.29900
 21.04790 -105.28500
 21.16360 -105.28500
 21.19170 -105.28900
 21.29500 -105.35000
 21.30970 -105.38900
 21.28350 -105.43400
 21.21890 -105.43100
 21.18250 -105.46500
 21.16750 -105.48300
 21.15970 -105.50500
 21.15610 -105.53100
 21.15920 -105.66000
 21.10960 -105.66800
 21.06360 -105.67900
 21.02820 -105.69300
 20.93080 -105.76700
 20.91300 -105.78600
 20.90440 -105.81200
 20.93280 -105.88800
 20.92190 -105.90400
 20.85330 -105.92000
 20.79470 -105.92500
 20.70930 -105.97800
 20.69550 -106.00300
3403 28 19.96173 20.46805 -106.16300 -105.60386 'Ninh Binh (Vietnam)'
 19.99090 -106.03400
 20.00320 -106.05300
 20.05710 -106.07300
 20.05830 -106.03800
 20.05920 -106.00300
 20.06330 -105.96300
 20.14250 -105.82000
 20.17040 -105.77500
 20.27430 -105.63300
 20.30970 -105.60400
 20.31670 -105.66000
 20.34890 -105.71300
 20.43760 -105.82600
 20.46610 -105.87300
 20.46800 -105.88600
 20.41610 -105.90800
 20.37310 -105.91200
 20.32410 -105.93700
 20.25580 -105.98700
 20.21840 -106.05900
 20.24500 -106.09000
 20.21220 -106.14700
 20.14720 -106.16300
 20.06890 -106.13200
 20.02890 -106.11200
 19.96170 -106.07700
 19.98550 -106.03900
 19.99090 -106.03400
3404 45 19.97075 20.69555 -106.55735 -105.80770 'Nam Ha (Vietnam)'
 20.61690 -106.12000
 20.61140 -106.12600
 20.45560 -106.22300
 20.42440 -106.21500
 20.33710 -106.26300
 20.29330 -106.43900
 20.29970 -106.49600
 20.29720 -106.53500
 20.27120 -106.55700
 20.24010 -106.52800
 20.22560 -106.50500
 20.21530 -106.48100
 20.20860 -106.46100
 20.15690 -106.34200
 20.12830 -106.32500
 20.00940 -106.20700
 19.98640 -106.17500
 19.97720 -106.15700
 19.97080 -106.10600
 20.02890 -106.11200
 20.06890 -106.13200
 20.14720 -106.16300
 20.21220 -106.14700
 20.24500 -106.09000
 20.21840 -106.05900
 20.25580 -105.98700
 20.32410 -105.93700
 20.37310 -105.91200
 20.41610 -105.90800
 20.46800 -105.88600
 20.46610 -105.87300
 20.49250 -105.85200
 20.57720 -105.80800
 20.62110 -105.81500
 20.63610 -105.82800
 20.63680 -105.87700
 20.64500 -105.95200
 20.65640 -105.97400
 20.69550 -106.00300
 20.68670 -106.01500
 20.67010 -106.02700
 20.64370 -106.03900
 20.62090 -106.06100
 20.61330 -106.08600
 20.61690 -106.12000
3405 57 20.94458 21.73666 -105.72279 -104.83151 'Vinh Phu (Vietnam)'
 21.11440 -104.91000
 21.18400 -104.84900
 21.23150 -104.84400
 21.27490 -104.85000
 21.33220 -104.83500
 21.33720 -104.83200
 21.34810 -104.83800
 21.37880 -104.87800
 21.38640 -104.90400
 21.44960 -104.92400
 21.51250 -104.90000
 21.53370 -104.87800
 21.58100 -104.88400
 21.62050 -104.91400
 21.64020 -104.93600
 21.66000 -104.96000
 21.70390 -105.02500
 21.73670 -105.09900
 21.69110 -105.19900
 21.60110 -105.23500
 21.56580 -105.26000
 21.52750 -105.29100
 21.52080 -105.31400
 21.54620 -105.50700
 21.56310 -105.52300
 21.57280 -105.52800
 21.56920 -105.54600
 21.53090 -105.60800
 21.49550 -105.64900
 21.46460 -105.69700
 21.45770 -105.72300
 21.41080 -105.71400
 21.30890 -105.69600
 21.23580 -105.68600
 21.15920 -105.66000
 21.15610 -105.53100
 21.15970 -105.50500
 21.16750 -105.48300
 21.18250 -105.46500
 21.21890 -105.43100
 21.28350 -105.43400
 21.30970 -105.38900
 21.29500 -105.35000
 21.19170 -105.28900
 21.16360 -105.28500
 21.04790 -105.28500
 21.02110 -105.29900
 21.01060 -105.30800
 20.97880 -105.32500
 20.95700 -105.32700
 20.94780 -105.30100
 20.94460 -105.25800
 20.95440 -105.16000
 20.98280 -105.10900
 21.08390 -104.94900
 21.10000 -104.92700
 21.11440 -104.91000
3406 65 20.98055 21.62645 -106.99359 -105.88516 'Ha Bac (Vietnam)'
 21.33700 -105.88500
 21.37280 -105.91100
 21.42570 -105.95900
 21.42650 -105.97900
 21.40560 -105.99700
 21.39840 -106.02200
 21.41680 -106.04800
 21.43560 -106.05600
 21.48360 -106.05600
 21.54140 -106.04600
 21.56890 -106.03200
 21.59100 -106.03500
 21.62650 -106.07500
 21.60900 -106.14500
 21.59170 -106.17300
 21.58810 -106.17600
 21.52920 -106.17400
 21.50890 -106.18700
 21.41980 -106.32700
 21.40820 -106.36200
 21.41650 -106.39300
 21.43560 -106.43100
 21.45940 -106.46600
 21.47350 -106.48100
 21.49360 -106.49800
 21.51690 -106.51300
 21.57330 -106.53200
 21.59580 -106.55400
 21.60670 -106.59500
 21.62280 -106.73300
 21.61310 -106.78000
 21.59670 -106.83300
 21.43500 -106.96600
 21.39510 -106.97900
 21.36330 -106.96600
 21.29600 -106.97300
 21.29760 -106.99200
 21.29530 -106.99400
 21.24900 -106.98700
 21.20000 -106.95900
 21.17820 -106.94400
 21.16420 -106.81600
 21.16080 -106.76700
 21.17920 -106.70500
 21.19220 -106.61300
 21.19970 -106.55700
 21.20180 -106.52300
 21.21870 -106.52800
 21.23190 -106.51200
 21.22500 -106.45900
 21.19550 -106.33700
 21.18390 -106.31500
 21.11890 -106.29400
 21.08470 -106.29700
 21.06590 -106.30600
 21.02350 -106.29500
 21.00060 -106.27100
 20.98060 -106.20200
 20.99920 -106.03000
 21.00220 -106.00800
 21.03250 -106.01000
 21.10420 -105.98700
 21.20140 -105.94800
 21.29260 -105.92900
 21.33700 -105.88500
3407 35 20.59833 21.01748 -106.77998 -106.41901 'Hai Phong (Vietnam)'
 20.72140 -106.42600
 20.71870 -106.43000
 20.71830 -106.45400
 20.76360 -106.50900
 20.79560 -106.51800
 20.82540 -106.50200
 20.85910 -106.49000
 20.91120 -106.53700
 20.93050 -106.56500
 20.95120 -106.58200
 20.97280 -106.57400
 20.99420 -106.55400
 21.01420 -106.58800
 21.01750 -106.64400
 21.00760 -106.67100
 20.98220 -106.66700
 20.95410 -106.68000
 20.94420 -106.70800
 20.93390 -106.75900
 20.88650 -106.74200
 20.87670 -106.69600
 20.84030 -106.74300
 20.79970 -106.72500
 20.74060 -106.78000
 20.69920 -106.77700
 20.63850 -106.68100
 20.62600 -106.64800
 20.63260 -106.59700
 20.63330 -106.58900
 20.61560 -106.53400
 20.59830 -106.50300
 20.59900 -106.46100
 20.62750 -106.44600
 20.70370 -106.41900
 20.72140 -106.42600
3408 14 20.70388 20.85750 -107.10152 -106.90796 'Hai Phong (Vietnam)'
 20.83440 -106.91100
 20.83820 -106.91700
 20.85110 -106.96400
 20.85750 -107.01400
 20.85570 -107.03300
 20.81440 -107.08800
 20.79940 -107.10200
 20.72860 -107.06900
 20.70390 -107.04800
 20.73370 -106.99200
 20.74750 -106.97200
 20.79440 -106.92100
 20.82650 -106.90800
 20.83440 -106.91100
3409 23 20.28701 20.72136 -106.62303 -106.11993 'Thai Binh (Vietnam)'
 20.61690 -106.12000
 20.65330 -106.14400
 20.67640 -106.26300
 20.70830 -106.38200
 20.72140 -106.42600
 20.70370 -106.41900
 20.62750 -106.44600
 20.59900 -106.46100
 20.59830 -106.50300
 20.61560 -106.53400
 20.63330 -106.58900
 20.63260 -106.59700
 20.59080 -106.62300
 20.34250 -106.58400
 20.28700 -106.56700
 20.31200 -106.52300
 20.29970 -106.49600
 20.29330 -106.43900
 20.33710 -106.26300
 20.42440 -106.21500
 20.45560 -106.22300
 20.61140 -106.12600
 20.61690 -106.12000
3413 69 17.90319 18.67250 -106.50992 -105.10387 'Ha Tinh (Vietnam)'
 17.98750 -105.62700
 18.04860 -105.58200
 18.16830 -105.50400
 18.15760 -105.40000
 18.16820 -105.35700
 18.18610 -105.33200
 18.19670 -105.32200
 18.24280 -105.32600
 18.25610 -105.30900
 18.25250 -105.26700
 18.33440 -105.18300
 18.43800 -105.10900
 18.47030 -105.10400
 18.51760 -105.11500
 18.59870 -105.15000
 18.61000 -105.19400
 18.60590 -105.25700
 18.61670 -105.31500
 18.62830 -105.36000
 18.63270 -105.38100
 18.61100 -105.43000
 18.60520 -105.45200
 18.62110 -105.50900
 18.61590 -105.53900
 18.57690 -105.60200
 18.57220 -105.63700
 18.56750 -105.67900
 18.58780 -105.69100
 18.61830 -105.69100
 18.64550 -105.71300
 18.66250 -105.75000
 18.67250 -105.77100
 18.67110 -105.79400
 18.62140 -105.81300
 18.59280 -105.82600
 18.56310 -105.84100
 18.51860 -105.87000
 18.49920 -105.88400
 18.47220 -105.90900
 18.31610 -106.05600
 18.29420 -106.08300
 18.27030 -106.11300
 18.26500 -106.14200
 18.26170 -106.16200
 18.21470 -106.25200
 18.19940 -106.27000
 18.03810 -106.44400
 18.00960 -106.46200
 17.97420 -106.49100
 17.95610 -106.51000
 17.95500 -106.45400
 17.97440 -106.42000
 17.98550 -106.38900
 17.98750 -106.35600
 17.95720 -106.31600
 17.93570 -106.30000
 17.90810 -106.29400
 17.90320 -106.26700
 17.91750 -106.16100
 17.93060 -106.08300
 17.95330 -106.05400
 17.98510 -106.07900
 18.01830 -106.05600
 18.05860 -105.99200
 18.08100 -105.93300
 18.08060 -105.89600
 18.02240 -105.80800
 17.98610 -105.70400
 17.98750 -105.62700
3414 105 18.56750 19.98841 -105.80643 -103.87768 'Nghe An (Vietnam)'
 19.11130 -104.22100
 19.14510 -104.22600
 19.19050 -104.17500
 19.23860 -104.06100
 19.23340 -104.00700
 19.30950 -103.87800
 19.39210 -103.97200
 19.41850 -104.04100
 19.47860 -104.10400
 19.52260 -104.10600
 19.55860 -104.10200
 19.56920 -104.07900
 19.59940 -104.05100
 19.62030 -104.03900
 19.66910 -104.02100
 19.69370 -104.03900
 19.68280 -104.05800
 19.66430 -104.08700
 19.66260 -104.14200
 19.68170 -104.15000
 19.68750 -104.15900
 19.70320 -104.22100
 19.70440 -104.24600
 19.66990 -104.42300
 19.64530 -104.45000
 19.60540 -104.52000
 19.60560 -104.56900
 19.61670 -104.64400
 19.64790 -104.65500
 19.68720 -104.66700
 19.70790 -104.67900
 19.74800 -104.71700
 19.75690 -104.77000
 19.78740 -104.83200
 19.84420 -104.84900
 19.86390 -104.82700
 19.86400 -104.79000
 19.89190 -104.79000
 19.93890 -104.84200
 19.97330 -104.89900
 19.98840 -104.96300
 19.96030 -104.99600
 19.94670 -105.01500
 19.93060 -105.05500
 19.93800 -105.08800
 19.93110 -105.11500
 19.90900 -105.16100
 19.89220 -105.17400
 19.85880 -105.17200
 19.85210 -105.15100
 19.82200 -105.13000
 19.79190 -105.12800
 19.74920 -105.13300
 19.68290 -105.16400
 19.64550 -105.21700
 19.55920 -105.32800
 19.51850 -105.36100
 19.49550 -105.36600
 19.44690 -105.39200
 19.43820 -105.44700
 19.44940 -105.48700
 19.45770 -105.51900
 19.43280 -105.54200
 19.37580 -105.58400
 19.29600 -105.70100
 19.31100 -105.73700
 19.28570 -105.79600
 19.27420 -105.80600
 19.22640 -105.74300
 19.06470 -105.64400
 19.00390 -105.61100
 18.97720 -105.61400
 18.89070 -105.63900
 18.85670 -105.69600
 18.78580 -105.74600
 18.76530 -105.75700
 18.68330 -105.75700
 18.66250 -105.75000
 18.64550 -105.71300
 18.61830 -105.69100
 18.58780 -105.69100
 18.56750 -105.67900
 18.57220 -105.63700
 18.57690 -105.60200
 18.61590 -105.53900
 18.62110 -105.50900
 18.60520 -105.45200
 18.61100 -105.43000
 18.63270 -105.38100
 18.62830 -105.36000
 18.61670 -105.31500
 18.60590 -105.25700
 18.61000 -105.19400
 18.63670 -105.19300
 18.67330 -105.14600
 18.69670 -105.10600
 18.72080 -105.03000
 18.74420 -104.93500
 18.79620 -104.74500
 18.83690 -104.67200
 18.90300 -104.57300
 18.94170 -104.54900
 18.97220 -104.53000
 19.11090 -104.27900
 19.11130 -104.22100
3415 61 16.93728 18.08097 -107.07896 -105.62725 'Quang Binh (Vietnam)'
 17.10800 -107.07900
 17.07830 -107.01800
 17.03320 -106.95300
 16.99140 -106.90800
 16.96010 -106.86000
 16.94980 -106.82300
 16.93730 -106.77500
 16.95410 -106.68400
 16.96450 -106.63400
 16.99690 -106.56100
 16.96740 -106.52000
 16.99250 -106.44100
 17.01140 -106.43400
 17.06470 -106.42100
 17.16920 -106.34100
 17.24650 -106.24900
 17.26170 -106.21200
 17.30470 -106.15100
 17.35680 -106.09000
 17.40670 -106.03900
 17.42610 -106.02100
 17.52920 -105.93200
 17.58440 -105.89200
 17.61860 -105.86100
 17.64020 -105.83300
 17.65330 -105.79600
 17.67040 -105.75400
 17.81440 -105.68200
 17.98750 -105.62700
 17.98610 -105.70400
 18.02240 -105.80800
 18.08060 -105.89600
 18.08100 -105.93300
 18.05860 -105.99200
 18.01830 -106.05600
 17.98510 -106.07900
 17.95330 -106.05400
 17.93060 -106.08300
 17.91750 -106.16100
 17.90320 -106.26700
 17.90810 -106.29400
 17.93570 -106.30000
 17.95720 -106.31600
 17.98750 -106.35600
 17.98550 -106.38900
 17.97440 -106.42000
 17.95500 -106.45400
 17.95610 -106.51000
 17.87290 -106.45400
 17.84500 -106.44500
 17.74170 -106.42500
 17.69110 -106.49500
 17.55280 -106.58700
 17.46690 -106.64300
 17.39970 -106.69900
 17.34330 -106.75400
 17.28890 -106.82200
 17.20030 -106.94000
 17.14500 -107.01800
 17.11650 -107.06000
 17.10800 -107.07900
3418 110 11.75264 13.41685 -109.10304 -107.38304 'Dac Lac (Vietnam)'
 13.31130 -107.60600
 13.30740 -107.62400
 13.33170 -107.65600
 13.35360 -107.67100
 13.37470 -107.71100
 13.39270 -107.75000
 13.39750 -107.78800
 13.39510 -107.82000
 13.37820 -107.87500
 13.36370 -107.91000
 13.36120 -107.93900
 13.36610 -107.98100
 13.38780 -108.03100
 13.40960 -108.07400
 13.41680 -108.12700
 13.41440 -108.16600
 13.39270 -108.21000
 13.34670 -108.25200
 13.30560 -108.30400
 13.27420 -108.35000
 13.22580 -108.40100
 13.17260 -108.43500
 13.08800 -108.47100
 13.06380 -108.48300
 13.03000 -108.50600
 13.00090 -108.54800
 12.98720 -108.62300
 12.96300 -108.68800
 12.94900 -108.69600
 12.93510 -108.71300
 12.89280 -108.80200
 12.89310 -108.85000
 12.88690 -108.90100
 12.87140 -108.95000
 12.83250 -109.03700
 12.79780 -109.05700
 12.77960 -109.07200
 12.75890 -109.10300
 12.72530 -109.07900
 12.67970 -108.98900
 12.55780 -108.90000
 12.53440 -108.89000
 12.49690 -108.88200
 12.46630 -108.86400
 12.47330 -108.81900
 12.48710 -108.77000
 12.47840 -108.72700
 12.41470 -108.68800
 12.30720 -108.69600
 12.29780 -108.67300
 12.29400 -108.64900
 12.29320 -108.62300
 12.29920 -108.58800
 12.31720 -108.55600
 12.34030 -108.54300
 12.37670 -108.53000
 12.43220 -108.51900
 12.45390 -108.51100
 12.47390 -108.49900
 12.49810 -108.48200
 12.52000 -108.45400
 12.52530 -108.42600
 12.51470 -108.39300
 12.48690 -108.36300
 12.44590 -108.36800
 12.39770 -108.36400
 12.30420 -108.33200
 12.25530 -108.31000
 12.17000 -108.23500
 12.16580 -108.21100
 12.16750 -108.14400
 12.14350 -108.04100
 12.11180 -107.99600
 12.06260 -107.97800
 11.94570 -108.07000
 11.93130 -108.09000
 11.90900 -108.11600
 11.87790 -108.12300
 11.82530 -108.05700
 11.78020 -107.97400
 11.78420 -107.93700
 11.79990 -107.91100
 11.85770 -107.90200
 11.89030 -107.73200
 11.87140 -107.66100
 11.84420 -107.62300
 11.82780 -107.59500
 11.80090 -107.54400
 11.76430 -107.46800
 11.75260 -107.41800
 11.76890 -107.38300
 11.78470 -107.39300
 11.80390 -107.40200
 11.84220 -107.41600
 12.04670 -107.47400
 12.11770 -107.46700
 12.16510 -107.44100
 12.23710 -107.42300
 12.25350 -107.42300
 12.25450 -107.43900
 12.33860 -107.53400
 12.35930 -107.55000
 12.55440 -107.59500
 12.60390 -107.59300
 12.81080 -107.56300
 12.86420 -107.52000
 12.88420 -107.50900
 12.95250 -107.49200
 13.02060 -107.48300
 13.31130 -107.60600
3419 87 12.96305 14.66222 -108.91852 -107.46419 'Gia Lai (Vietnam)'
 13.93170 -107.47400
 13.94080 -107.47600
 13.96500 -107.49600
 14.00830 -107.53400
 14.02220 -107.55300
 14.09670 -107.66000
 14.16250 -107.67000
 14.21500 -107.69500
 14.23170 -107.83800
 14.25470 -107.98700
 14.26090 -108.02000
 14.31740 -108.12200
 14.34780 -108.17200
 14.36900 -108.21400
 14.36760 -108.25000
 14.34670 -108.26600
 14.28610 -108.30000
 14.26110 -108.33100
 14.26400 -108.35600
 14.35520 -108.44700
 14.40520 -108.47900
 14.47540 -108.47900
 14.55130 -108.50000
 14.59010 -108.51800
 14.66220 -108.59600
 14.62700 -108.67200
 14.60390 -108.68600
 14.56870 -108.68100
 14.56080 -108.67700
 14.55390 -108.67700
 14.13960 -108.67900
 14.10610 -108.68900
 14.08170 -108.71300
 14.06400 -108.73900
 14.03310 -108.77000
 14.00900 -108.77700
 13.94860 -108.76400
 13.85170 -108.81700
 13.82750 -108.83100
 13.80580 -108.83800
 13.65280 -108.86900
 13.56780 -108.88500
 13.49980 -108.91900
 13.44340 -108.86500
 13.36750 -108.88300
 13.30860 -108.90300
 13.22300 -108.90700
 13.21680 -108.88400
 13.20610 -108.86100
 13.18670 -108.83000
 13.15080 -108.78700
 13.12220 -108.76200
 12.98760 -108.68900
 12.96300 -108.68800
 12.98720 -108.62300
 13.00090 -108.54800
 13.03000 -108.50600
 13.06380 -108.48300
 13.08800 -108.47100
 13.17260 -108.43500
 13.22580 -108.40100
 13.27420 -108.35000
 13.30560 -108.30400
 13.34670 -108.25200
 13.39270 -108.21000
 13.41440 -108.16600
 13.41680 -108.12700
 13.40960 -108.07400
 13.38780 -108.03100
 13.36610 -107.98100
 13.36120 -107.93900
 13.36370 -107.91000
 13.37820 -107.87500
 13.39510 -107.82000
 13.39750 -107.78800
 13.39270 -107.75000
 13.37470 -107.71100
 13.35360 -107.67100
 13.33170 -107.65600
 13.30740 -107.62400
 13.31130 -107.60600
 13.38170 -107.63600
 13.53800 -107.62900
 13.59530 -107.58900
 13.79440 -107.46400
 13.84140 -107.47000
 13.93170 -107.47400
3420 75 11.84823 12.86236 -109.41555 -108.68762 'Khanh Hoa (Vietnam)'
 12.15600 -108.74600
 12.17470 -108.73400
 12.23600 -108.72000
 12.25860 -108.72200
 12.29220 -108.71900
 12.30670 -108.70300
 12.30720 -108.69600
 12.41470 -108.68800
 12.47840 -108.72700
 12.48710 -108.77000
 12.47330 -108.81900
 12.46630 -108.86400
 12.49690 -108.88200
 12.53440 -108.89000
 12.55780 -108.90000
 12.67970 -108.98900
 12.72530 -109.07900
 12.75890 -109.10300
 12.76600 -109.18000
 12.78320 -109.23100
 12.81870 -109.29100
 12.85420 -109.35900
 12.86240 -109.40300
 12.86220 -109.41600
 12.82140 -109.37100
 12.68170 -109.22900
 12.63150 -109.19700
 12.57750 -109.19600
 12.54530 -109.20600
 12.50220 -109.25300
 12.46060 -109.29900
 12.39490 -109.34700
 12.37260 -109.33600
 12.34570 -109.30200
 12.36200 -109.27300
 12.39860 -109.24900
 12.43080 -109.22100
 12.45690 -109.17700
 12.43210 -109.14700
 12.40080 -109.17100
 12.32360 -109.21600
 12.27860 -109.21200
 12.09930 -109.20500
 11.89250 -109.27000
 11.93500 -109.22600
 11.98220 -109.22500
 12.11690 -109.18300
 12.04500 -109.18000
 12.01650 -109.20300
 11.97860 -109.20900
 11.94560 -109.20000
 11.92460 -109.18800
 11.90040 -109.16100
 11.89410 -109.14000
 11.86080 -109.12400
 11.84820 -109.12300
 11.85870 -109.11200
 11.87850 -109.08100
 11.88920 -109.05600
 11.90330 -109.01300
 11.91420 -108.98800
 11.92990 -108.96100
 11.93710 -108.94100
 11.94590 -108.92200
 11.94830 -108.89700
 11.96330 -108.87000
 11.99240 -108.87300
 12.03080 -108.86800
 12.06720 -108.86000
 12.08560 -108.83900
 12.10570 -108.83500
 12.13990 -108.82900
 12.15810 -108.80000
 12.14940 -108.76500
 12.15600 -108.74600
3421 108 11.26181 12.52527 -108.74638 -107.27640 'Lam Dong (Vietnam)'
 11.76890 -107.38300
 11.75260 -107.41800
 11.76430 -107.46800
 11.80090 -107.54400
 11.82780 -107.59500
 11.84420 -107.62300
 11.87140 -107.66100
 11.89030 -107.73200
 11.85770 -107.90200
 11.79990 -107.91100
 11.78420 -107.93700
 11.78020 -107.97400
 11.82530 -108.05700
 11.87790 -108.12300
 11.90900 -108.11600
 11.93130 -108.09000
 11.94570 -108.07000
 12.06260 -107.97800
 12.11180 -107.99600
 12.14350 -108.04100
 12.16750 -108.14400
 12.16580 -108.21100
 12.17000 -108.23500
 12.25530 -108.31000
 12.30420 -108.33200
 12.39770 -108.36400
 12.44590 -108.36800
 12.48690 -108.36300
 12.51470 -108.39300
 12.52530 -108.42600
 12.52000 -108.45400
 12.49810 -108.48200
 12.47390 -108.49900
 12.45390 -108.51100
 12.43220 -108.51900
 12.37670 -108.53000
 12.34030 -108.54300
 12.31720 -108.55600
 12.29920 -108.58800
 12.29320 -108.62300
 12.29400 -108.64900
 12.29780 -108.67300
 12.30720 -108.69600
 12.30670 -108.70300
 12.29220 -108.71900
 12.25860 -108.72200
 12.23600 -108.72000
 12.17470 -108.73400
 12.15600 -108.74600
 12.15530 -108.74100
 12.14640 -108.71800
 12.11550 -108.69800
 12.02560 -108.70300
 11.97060 -108.69000
 11.81940 -108.64400
 11.78000 -108.67300
 11.72720 -108.69700
 11.70250 -108.70500
 11.68180 -108.69600
 11.66290 -108.68000
 11.64390 -108.62100
 11.63240 -108.58400
 11.59430 -108.57000
 11.56470 -108.58900
 11.54640 -108.58600
 11.50550 -108.55900
 11.50720 -108.44900
 11.51620 -108.42600
 11.52530 -108.32400
 11.50080 -108.28100
 11.45670 -108.28200
 11.43490 -108.30100
 11.41030 -108.31800
 11.34330 -108.25700
 11.32930 -108.23600
 11.28810 -108.17000
 11.26180 -108.11400
 11.26310 -108.07100
 11.31970 -108.05700
 11.37030 -108.06100
 11.40760 -108.07600
 11.43550 -108.07600
 11.46750 -108.02700
 11.54490 -107.82900
 11.54570 -107.79900
 11.53310 -107.76700
 11.50890 -107.74100
 11.48050 -107.73000
 11.43620 -107.68100
 11.42070 -107.63000
 11.42140 -107.59200
 11.38260 -107.53000
 11.36170 -107.51800
 11.35180 -107.51700
 11.35100 -107.49500
 11.36460 -107.47700
 11.41720 -107.46900
 11.44970 -107.47100
 11.48400 -107.46700
 11.50940 -107.44400
 11.54560 -107.38400
 11.54860 -107.35600
 11.54360 -107.34800
 11.55780 -107.33300
 11.64820 -107.27600
 11.72990 -107.30100
 11.76820 -107.37600
 11.76890 -107.38300
3422 61 11.30833 12.15809 -109.22110 -108.57006 'Ninh Thuan (Vietnam)'
 11.56470 -108.58900
 11.59430 -108.57000
 11.63240 -108.58400
 11.64390 -108.62100
 11.66290 -108.68000
 11.68180 -108.69600
 11.70250 -108.70500
 11.72720 -108.69700
 11.78000 -108.67300
 11.81940 -108.64400
 11.97060 -108.69000
 12.02560 -108.70300
 12.11550 -108.69800
 12.14640 -108.71800
 12.15530 -108.74100
 12.15600 -108.74600
 12.14940 -108.76500
 12.15810 -108.80000
 12.13990 -108.82900
 12.10570 -108.83500
 12.08560 -108.83900
 12.06720 -108.86000
 12.03080 -108.86800
 11.99240 -108.87300
 11.96330 -108.87000
 11.94830 -108.89700
 11.94590 -108.92200
 11.93710 -108.94100
 11.92990 -108.96100
 11.91420 -108.98800
 11.90330 -109.01300
 11.88920 -109.05600
 11.87850 -109.08100
 11.85870 -109.11200
 11.84820 -109.12300
 11.79280 -109.19300
 11.75610 -109.22100
 11.70190 -109.20900
 11.62970 -109.18100
 11.56740 -109.13400
 11.58010 -109.07300
 11.59350 -109.05300
 11.57810 -109.03700
 11.51470 -109.02200
 11.44500 -109.01800
 11.39330 -109.01700
 11.36230 -109.02200
 11.31150 -108.96200
 11.30830 -108.93400
 11.31860 -108.90500
 11.33470 -108.86800
 11.36880 -108.86800
 11.39670 -108.86400
 11.42550 -108.83700
 11.46020 -108.79100
 11.47810 -108.73200
 11.48610 -108.69600
 11.51690 -108.67100
 11.55160 -108.66900
 11.56620 -108.62400
 11.56470 -108.58900
3423 50 12.75889 13.69705 -109.46485 -108.68831 'Phu Yen (Vietnam)'
 12.75890 -109.10300
 12.77960 -109.07200
 12.79780 -109.05700
 12.83250 -109.03700
 12.87140 -108.95000
 12.88690 -108.90100
 12.89310 -108.85000
 12.89280 -108.80200
 12.93510 -108.71300
 12.94900 -108.69600
 12.96300 -108.68800
 12.98760 -108.68900
 13.12220 -108.76200
 13.15080 -108.78700
 13.18670 -108.83000
 13.20610 -108.86100
 13.21680 -108.88400
 13.22300 -108.90700
 13.30860 -108.90300
 13.36750 -108.88300
 13.44340 -108.86500
 13.49980 -108.91900
 13.50290 -108.99200
 13.51000 -109.01800
 13.52330 -109.04800
 13.58060 -109.13000
 13.60940 -109.14700
 13.66610 -109.18600
 13.69700 -109.23500
 13.63830 -109.23700
 13.55530 -109.25700
 13.48620 -109.24300
 13.44190 -109.23000
 13.40860 -109.22900
 13.13810 -109.30100
 13.10850 -109.31400
 13.02030 -109.37400
 12.98500 -109.39900
 12.97080 -109.41300
 12.95500 -109.43200
 12.90060 -109.46500
 12.86100 -109.46200
 12.84320 -109.43200
 12.86220 -109.41600
 12.86240 -109.40300
 12.85420 -109.35900
 12.81870 -109.29100
 12.78320 -109.23100
 12.76600 -109.18000
 12.75890 -109.10300
3424 80 10.87451 12.33180 -107.47387 -106.33136 'Song Be (Vietnam)'
 11.66590 -106.45800
 11.70970 -106.44800
 11.79360 -106.43800
 11.81720 -106.44900
 11.88500 -106.46100
 11.96540 -106.42100
 11.97260 -106.42000
 11.98210 -106.44500
 11.97150 -106.62900
 11.96280 -106.69900
 11.97380 -106.72600
 12.00000 -106.74700
 12.07350 -106.78900
 12.06720 -106.85700
 12.06470 -106.90700
 12.07470 -106.95600
 12.08250 -106.97500
 12.13940 -107.05300
 12.17780 -107.08200
 12.21580 -107.11100
 12.27370 -107.16300
 12.28720 -107.19000
 12.30360 -107.23900
 12.32280 -107.29600
 12.33180 -107.35400
 12.31280 -107.37800
 12.28780 -107.39800
 12.25350 -107.42300
 12.23710 -107.42300
 12.16510 -107.44100
 12.11770 -107.46700
 12.04670 -107.47400
 11.84220 -107.41600
 11.80390 -107.40200
 11.78470 -107.39300
 11.76890 -107.38300
 11.76820 -107.37600
 11.72990 -107.30100
 11.64820 -107.27600
 11.55780 -107.33300
 11.54360 -107.34800
 11.54110 -107.34400
 11.36830 -106.81600
 11.36190 -106.79400
 11.32620 -106.76800
 11.27000 -106.78100
 11.24350 -106.81000
 11.23770 -106.85400
 11.21820 -106.90300
 11.13530 -106.95600
 11.10140 -106.95900
 11.07080 -106.95500
 11.02690 -106.90700
 11.02560 -106.88200
 11.03370 -106.86300
 11.04560 -106.84600
 11.06330 -106.82200
 11.01780 -106.78700
 10.99190 -106.78200
 10.94670 -106.79700
 10.88660 -106.84600
 10.88330 -106.84600
 10.88570 -106.84500
 10.88140 -106.77800
 10.87450 -106.70700
 10.91330 -106.68200
 10.96540 -106.65400
 11.04070 -106.59600
 11.13170 -106.50800
 11.13970 -106.48900
 11.14090 -106.47600
 11.13870 -106.45000
 11.18600 -106.39000
 11.30140 -106.33600
 11.34230 -106.33100
 11.44830 -106.37600
 11.46430 -106.40800
 11.56240 -106.49000
 11.59330 -106.48800
 11.66590 -106.45800
3427 48 13.49981 14.64791 -109.30637 -108.67694 'Binh Dinh (Vietnam)'
 13.49980 -108.91900
 13.56780 -108.88500
 13.65280 -108.86900
 13.80580 -108.83800
 13.82750 -108.83100
 13.85170 -108.81700
 13.94860 -108.76400
 14.00900 -108.77700
 14.03310 -108.77000
 14.06400 -108.73900
 14.08170 -108.71300
 14.10610 -108.68900
 14.13960 -108.67900
 14.55390 -108.67700
 14.56080 -108.67700
 14.57750 -108.72300
 14.59010 -108.77000
 14.61060 -108.81200
 14.64040 -108.84900
 14.62830 -108.90700
 14.62620 -108.96600
 14.64790 -109.03500
 14.64140 -109.08000
 14.54830 -109.07900
 14.40580 -109.12400
 14.33030 -109.15700
 14.29080 -109.18700
 14.23780 -109.20400
 14.12030 -109.21400
 14.02290 -109.25700
 13.86440 -109.30400
 13.82560 -109.30600
 13.75160 -109.30300
 13.75350 -109.26800
 13.81730 -109.26600
 13.88500 -109.25000
 13.81610 -109.21800
 13.76690 -109.24300
 13.73720 -109.22400
 13.71650 -109.22800
 13.69700 -109.23500
 13.66610 -109.18600
 13.60940 -109.14700
 13.58060 -109.13000
 13.52330 -109.04800
 13.51000 -109.01800
 13.50290 -108.99200
 13.49980 -108.91900
3428 75 13.93171 15.22648 -108.59610 -107.34408 'Kon Tum (Vietnam)'
 14.66220 -108.59600
 14.59010 -108.51800
 14.55130 -108.50000
 14.47540 -108.47900
 14.40520 -108.47900
 14.35520 -108.44700
 14.26400 -108.35600
 14.26110 -108.33100
 14.28610 -108.30000
 14.34670 -108.26600
 14.36760 -108.25000
 14.36900 -108.21400
 14.34780 -108.17200
 14.31740 -108.12200
 14.26090 -108.02000
 14.25470 -107.98700
 14.23170 -107.83800
 14.21500 -107.69500
 14.16250 -107.67000
 14.09670 -107.66000
 14.02220 -107.55300
 14.00830 -107.53400
 13.96500 -107.49600
 13.94080 -107.47600
 13.93170 -107.47400
 14.00460 -107.38300
 14.02040 -107.37100
 14.12840 -107.34400
 14.16470 -107.36100
 14.24060 -107.38500
 14.29240 -107.38900
 14.33740 -107.37500
 14.42030 -107.40900
 14.43500 -107.43200
 14.42220 -107.45700
 14.43560 -107.48100
 14.48220 -107.50400
 14.55010 -107.53300
 14.65710 -107.55800
 14.70180 -107.55300
 14.70860 -107.54700
 14.72440 -107.54900
 14.84750 -107.55200
 14.91890 -107.54000
 14.97150 -107.48000
 15.02320 -107.46800
 15.03580 -107.47300
 15.04560 -107.58700
 15.06360 -107.61600
 15.12810 -107.64100
 15.20530 -107.67000
 15.22650 -107.68200
 15.22310 -107.77400
 15.20360 -107.93200
 15.19350 -107.95900
 15.18010 -107.99400
 15.15510 -108.00500
 15.12010 -107.99600
 15.09010 -107.99200
 15.09010 -108.05900
 15.10200 -108.11000
 15.12310 -108.16900
 15.13210 -108.22600
 15.12800 -108.27400
 15.10810 -108.30600
 15.09180 -108.30900
 15.01370 -108.36400
 14.97290 -108.45600
 14.92860 -108.51100
 14.82940 -108.55600
 14.76490 -108.56600
 14.72890 -108.56500
 14.69980 -108.56500
 14.67390 -108.58200
 14.66220 -108.59600
3429 72 15.09007 16.20756 -108.75890 -107.17630 'Quang Nam-Da Nang (Vietnam)'
 15.22650 -107.68200
 15.23470 -107.68500
 15.27080 -107.69500
 15.28860 -107.68500
 15.38390 -107.59600
 15.46830 -107.51700
 15.50330 -107.42000
 15.55640 -107.36100
 15.64780 -107.26300
 15.76540 -107.18300
 15.79030 -107.17600
 15.85900 -107.20400
 15.86640 -107.22900
 15.85850 -107.25600
 15.91850 -107.40200
 16.00390 -107.46400
 16.02250 -107.47600
 16.02730 -107.47500
 16.04000 -107.54900
 16.03060 -107.62100
 15.99160 -107.70100
 16.05780 -107.79600
 16.10600 -107.85000
 16.14690 -107.86600
 16.18170 -107.87400
 16.19960 -107.88500
 16.20760 -107.91300
 16.19170 -108.02200
 16.18420 -108.12200
 16.18430 -108.16500
 16.15560 -108.14300
 16.12780 -108.13800
 16.05520 -108.22100
 15.99940 -108.20100
 16.03210 -108.23700
 16.07430 -108.23400
 16.13390 -108.23200
 16.15440 -108.24700
 16.15040 -108.33100
 16.13210 -108.34100
 16.10750 -108.30600
 16.09760 -108.26300
 16.06120 -108.26400
 16.03470 -108.26800
 15.97510 -108.28800
 15.94830 -108.30600
 15.80610 -108.42300
 15.63780 -108.52600
 15.48220 -108.62500
 15.41110 -108.73300
 15.39600 -108.75900
 15.36640 -108.70800
 15.32860 -108.55100
 15.30460 -108.41200
 15.29320 -108.38300
 15.23330 -108.34500
 15.17730 -108.33000
 15.15680 -108.33100
 15.10810 -108.30600
 15.12800 -108.27400
 15.13210 -108.22600
 15.12310 -108.16900
 15.10200 -108.11000
 15.09010 -108.05900
 15.09010 -107.99200
 15.12010 -107.99600
 15.15510 -108.00500
 15.18010 -107.99400
 15.19350 -107.95900
 15.20360 -107.93200
 15.22310 -107.77400
 15.22650 -107.68200
3430 44 14.56085 15.42722 -109.09179 -108.30637 'Quang Ngai (Vietnam)'
 14.56080 -108.67700
 14.56870 -108.68100
 14.60390 -108.68600
 14.62700 -108.67200
 14.66220 -108.59600
 14.67390 -108.58200
 14.69980 -108.56500
 14.72890 -108.56500
 14.76490 -108.56600
 14.82940 -108.55600
 14.92860 -108.51100
 14.97290 -108.45600
 15.01370 -108.36400
 15.09180 -108.30900
 15.10810 -108.30600
 15.15680 -108.33100
 15.17730 -108.33000
 15.23330 -108.34500
 15.29320 -108.38300
 15.30460 -108.41200
 15.32860 -108.55100
 15.36640 -108.70800
 15.39600 -108.75900
 15.42720 -108.80000
 15.42190 -108.82900
 15.28140 -108.88300
 15.13280 -108.89400
 15.00080 -108.92900
 14.95220 -108.94800
 14.89810 -108.97100
 14.86530 -108.98600
 14.83640 -109.00200
 14.81930 -109.01200
 14.72320 -109.07900
 14.67250 -109.09200
 14.64140 -109.08000
 14.64790 -109.03500
 14.62620 -108.96600
 14.62830 -108.90700
 14.64040 -108.84900
 14.61060 -108.81200
 14.59010 -108.77000
 14.57750 -108.72300
 14.56080 -108.67700
3431 50 16.29972 17.10804 -107.46971 -106.55525 'Quang Tri (Vietnam)'
 16.99690 -106.56100
 16.96450 -106.63400
 16.95410 -106.68400
 16.93730 -106.77500
 16.94980 -106.82300
 16.96010 -106.86000
 16.99140 -106.90800
 17.03320 -106.95300
 17.07830 -107.01800
 17.10800 -107.07900
 17.10640 -107.08300
 17.08180 -107.11600
 17.01190 -107.13000
 16.89670 -107.17900
 16.87470 -107.19200
 16.78920 -107.34300
 16.68920 -107.47000
 16.65530 -107.44900
 16.64450 -107.44400
 16.59610 -107.41500
 16.55700 -107.37500
 16.56220 -107.34500
 16.59020 -107.27700
 16.57840 -107.23500
 16.54760 -107.20700
 16.53080 -107.19200
 16.51130 -107.18600
 16.45480 -107.20700
 16.43270 -107.21400
 16.41210 -107.20600
 16.32760 -107.12400
 16.30080 -107.09400
 16.30640 -107.03100
 16.30740 -107.01100
 16.29970 -106.98700
 16.33720 -106.98400
 16.51780 -106.89500
 16.53690 -106.87500
 16.53240 -106.84300
 16.50670 -106.82900
 16.47300 -106.81400
 16.43250 -106.78200
 16.42030 -106.75700
 16.43970 -106.70200
 16.45930 -106.68500
 16.64220 -106.57500
 16.67740 -106.56100
 16.88870 -106.55500
 16.93800 -106.55500
 16.99690 -106.56100
3432 54 15.99163 16.64448 -108.18858 -107.09389 'Thua Thien Hue (Vietnam)'
 16.02730 -107.47500
 16.08050 -107.46100
 16.06750 -107.38200
 16.06280 -107.36200
 16.05610 -107.33800
 16.16080 -107.19200
 16.18370 -107.16500
 16.20580 -107.15200
 16.23310 -107.14900
 16.26330 -107.14700
 16.30080 -107.09400
 16.32760 -107.12400
 16.41210 -107.20600
 16.43270 -107.21400
 16.45480 -107.20700
 16.51130 -107.18600
 16.53080 -107.19200
 16.54760 -107.20700
 16.57840 -107.23500
 16.59020 -107.27700
 16.56220 -107.34500
 16.55700 -107.37500
 16.59610 -107.41500
 16.64450 -107.44400
 16.63830 -107.44800
 16.60410 -107.50500
 16.59500 -107.54900
 16.58060 -107.59400
 16.51420 -107.70000
 16.38210 -107.81700
 16.37470 -107.79100
 16.31200 -107.81200
 16.29390 -107.83700
 16.27810 -107.88300
 16.28160 -107.90700
 16.30890 -107.93300
 16.33390 -107.97000
 16.32420 -108.02700
 16.31170 -108.04800
 16.24890 -108.08700
 16.19920 -108.18900
 16.18430 -108.16500
 16.18420 -108.12200
 16.19170 -108.02200
 16.20760 -107.91300
 16.19960 -107.88500
 16.18170 -107.87400
 16.14690 -107.86600
 16.10600 -107.85000
 16.05780 -107.79600
 15.99160 -107.70100
 16.03060 -107.62100
 16.04000 -107.54900
 16.02730 -107.47500
3433 6 16.62902 16.68916 -107.54012 -107.44911 'Thua Thien Hue (Vietnam)'
 16.65530 -107.44900
 16.68920 -107.47000
 16.62900 -107.54000
 16.63170 -107.51600
 16.65290 -107.46800
 16.65530 -107.44900
3455 29 10.37613 10.79049 -107.58664 -107.02802 'Ba Ria-Vung Tau (Vietnam)'
 10.60670 -107.02800
 10.62080 -107.05600
 10.65580 -107.10600
 10.69610 -107.13100
 10.72220 -107.14200
 10.73600 -107.18100
 10.73440 -107.21200
 10.74900 -107.27600
 10.77550 -107.38400
 10.79050 -107.42500
 10.77910 -107.47100
 10.76720 -107.51100
 10.74440 -107.50700
 10.66140 -107.54100
 10.57240 -107.58700
 10.52000 -107.53900
 10.50310 -107.51700
 10.47420 -107.46000
 10.46680 -107.44100
 10.44580 -107.32900
 10.40550 -107.28800
 10.37610 -107.26600
 10.39730 -107.22900
 10.43750 -107.21200
 10.47570 -107.17200
 10.46750 -107.13300
 10.49530 -107.05400
 10.53110 -107.03500
 10.60670 -107.02800
3456 92 10.57239 11.56620 -108.86820 -107.41873 'Binh Thuan (Vietnam)'
 10.76720 -107.51100
 10.78030 -107.53400
 10.79690 -107.55400
 10.81370 -107.56800
 10.83280 -107.57500
 10.94610 -107.55100
 10.97940 -107.54300
 11.00010 -107.52400
 11.01250 -107.50200
 11.01170 -107.47200
 11.02360 -107.44900
 11.03470 -107.43200
 11.05010 -107.41900
 11.14360 -107.45200
 11.17880 -107.48600
 11.20610 -107.51100
 11.24740 -107.52300
 11.29310 -107.53000
 11.31440 -107.53100
 11.34420 -107.52400
 11.35180 -107.51700
 11.36170 -107.51800
 11.38260 -107.53000
 11.42140 -107.59200
 11.42070 -107.63000
 11.43620 -107.68100
 11.48050 -107.73000
 11.50890 -107.74100
 11.53310 -107.76700
 11.54570 -107.79900
 11.54490 -107.82900
 11.46750 -108.02700
 11.43550 -108.07600
 11.40760 -108.07600
 11.37030 -108.06100
 11.31970 -108.05700
 11.26310 -108.07100
 11.26180 -108.11400
 11.28810 -108.17000
 11.32930 -108.23600
 11.34330 -108.25700
 11.41030 -108.31800
 11.43490 -108.30100
 11.45670 -108.28200
 11.50080 -108.28100
 11.52530 -108.32400
 11.51620 -108.42600
 11.50720 -108.44900
 11.50550 -108.55900
 11.54640 -108.58600
 11.56470 -108.58900
 11.56620 -108.62400
 11.55160 -108.66900
 11.51690 -108.67100
 11.48610 -108.69600
 11.47810 -108.73200
 11.46020 -108.79100
 11.42550 -108.83700
 11.39670 -108.86400
 11.36880 -108.86800
 11.33470 -108.86800
 11.33250 -108.85400
 11.31720 -108.81000
 11.28250 -108.76500
 11.18860 -108.66500
 11.18170 -108.58400
 11.14940 -108.53200
 11.12640 -108.50900
 11.09570 -108.49000
 10.94900 -108.24500
 10.94720 -108.22000
 10.92580 -108.13600
 10.91600 -108.11300
 10.90080 -108.09200
 10.88390 -108.07700
 10.84470 -108.05500
 10.80750 -108.04300
 10.76970 -108.03300
 10.73640 -108.01700
 10.70420 -108.00000
 10.70570 -107.95600
 10.71400 -107.93800
 10.71850 -107.91000
 10.71650 -107.88400
 10.69480 -107.82500
 10.66970 -107.79900
 10.65680 -107.78300
 10.63920 -107.75600
 10.57240 -107.58700
 10.66140 -107.54100
 10.74440 -107.50700
 10.76720 -107.51100
3457 83 10.53792 11.54861 -107.57456 -106.75879 'Dong Nai (Vietnam)'
 10.55800 -106.98200
 10.58550 -106.94200
 10.59240 -106.94300
 10.63140 -106.90400
 10.64600 -106.87900
 10.66970 -106.79300
 10.68060 -106.76300
 10.68980 -106.75900
 10.72240 -106.76100
 10.75030 -106.79100
 10.76260 -106.82800
 10.84220 -106.85600
 10.88330 -106.84600
 10.88660 -106.84600
 10.94670 -106.79700
 10.99190 -106.78200
 11.01780 -106.78700
 11.06330 -106.82200
 11.04560 -106.84600
 11.03370 -106.86300
 11.02560 -106.88200
 11.02690 -106.90700
 11.07080 -106.95500
 11.10140 -106.95900
 11.13530 -106.95600
 11.21820 -106.90300
 11.23770 -106.85400
 11.24350 -106.81000
 11.27000 -106.78100
 11.32620 -106.76800
 11.36190 -106.79400
 11.36830 -106.81600
 11.54110 -107.34400
 11.54360 -107.34800
 11.54860 -107.35600
 11.54560 -107.38400
 11.50940 -107.44400
 11.48400 -107.46700
 11.44970 -107.47100
 11.41720 -107.46900
 11.36460 -107.47700
 11.35100 -107.49500
 11.35180 -107.51700
 11.34420 -107.52400
 11.31440 -107.53100
 11.29310 -107.53000
 11.24740 -107.52300
 11.20610 -107.51100
 11.17880 -107.48600
 11.14360 -107.45200
 11.05010 -107.41900
 11.03470 -107.43200
 11.02360 -107.44900
 11.01170 -107.47200
 11.01250 -107.50200
 11.00010 -107.52400
 10.97940 -107.54300
 10.94610 -107.55100
 10.83280 -107.57500
 10.81370 -107.56800
 10.79690 -107.55400
 10.78030 -107.53400
 10.76720 -107.51100
 10.77910 -107.47100
 10.79050 -107.42500
 10.77550 -107.38400
 10.74900 -107.27600
 10.73440 -107.21200
 10.73600 -107.18100
 10.72220 -107.14200
 10.69610 -107.13100
 10.65580 -107.10600
 10.62080 -107.05600
 10.60670 -107.02800
 10.63030 -107.02300
 10.65510 -106.99900
 10.62130 -107.01000
 10.59000 -107.02100
 10.53790 -107.01500
 10.57650 -106.99400
 10.61480 -106.99400
 10.56540 -106.98200
 10.55800 -106.98200
3471 48 10.09279 10.95430 -105.56122 -104.71547 'An Giang (Vietnam)'
 10.09280 -105.35700
 10.19420 -105.27800
 10.27780 -105.11400
 10.34190 -104.97400
 10.39120 -104.95600
 10.42470 -104.91100
 10.48370 -104.78700
 10.49580 -104.73500
 10.52850 -104.71500
 10.52500 -104.73300
 10.52190 -104.77100
 10.52000 -104.80100
 10.52140 -104.85100
 10.53040 -104.87800
 10.54420 -104.89400
 10.57690 -104.91800
 10.59360 -104.93000
 10.61190 -104.93900
 10.63120 -104.95400
 10.65350 -104.98300
 10.69350 -105.06000
 10.71320 -105.09400
 10.74650 -105.09400
 10.82360 -105.06100
 10.84390 -105.04900
 10.88170 -105.03900
 10.90690 -105.05000
 10.92030 -105.06100
 10.95430 -105.10100
 10.90610 -105.19200
 10.89670 -105.19600
 10.79760 -105.26400
 10.75220 -105.31400
 10.70190 -105.35500
 10.65160 -105.34700
 10.57940 -105.37200
 10.55360 -105.41100
 10.54360 -105.43400
 10.53560 -105.47800
 10.42610 -105.56100
 10.39720 -105.53700
 10.32220 -105.50100
 10.29780 -105.51800
 10.27110 -105.51200
 10.24250 -105.50300
 10.19360 -105.48600
 10.12170 -105.38200
 10.09280 -105.35700
3472 48 10.14055 10.96576 -105.91921 -105.19175 'Dong Thap (Vietnam)'
 10.53420 -105.91100
 10.51430 -105.89300
 10.45390 -105.84100
 10.40310 -105.82300
 10.34280 -105.82500
 10.31110 -105.83200
 10.29420 -105.84300
 10.27610 -105.90100
 10.20130 -105.91900
 10.14750 -105.88100
 10.14060 -105.83600
 10.15280 -105.78500
 10.18760 -105.76100
 10.21970 -105.68600
 10.17220 -105.64000
 10.17750 -105.63700
 10.21940 -105.60000
 10.26500 -105.55500
 10.29780 -105.51800
 10.32220 -105.50100
 10.39720 -105.53700
 10.42610 -105.56100
 10.53560 -105.47800
 10.54360 -105.43400
 10.55360 -105.41100
 10.57940 -105.37200
 10.65160 -105.34700
 10.70190 -105.35500
 10.75220 -105.31400
 10.79760 -105.26400
 10.89670 -105.19600
 10.90610 -105.19200
 10.89940 -105.20600
 10.88970 -105.23400
 10.87560 -105.30000
 10.88070 -105.36200
 10.90060 -105.37200
 10.96580 -105.43100
 10.94580 -105.52400
 10.91140 -105.55600
 10.83110 -105.63200
 10.74030 -105.73500
 10.72360 -105.75500
 10.70580 -105.77400
 10.64670 -105.83400
 10.63000 -105.84900
 10.57890 -105.88900
 10.53420 -105.91100
3473 33 10.62735 11.14088 -106.85635 -106.36803 'Ho Chi Minh (Vietnam)'
 10.63980 -106.75400
 10.63000 -106.67600
 10.62740 -106.64800
 10.65670 -106.59200
 10.69280 -106.55900
 10.76690 -106.51700
 10.83240 -106.54200
 10.86490 -106.54600
 10.89530 -106.52900
 10.93250 -106.50100
 10.97000 -106.44700
 11.00420 -106.36800
 11.03810 -106.40900
 11.08070 -106.44300
 11.13250 -106.47300
 11.14090 -106.47600
 11.13970 -106.48900
 11.13170 -106.50800
 11.04070 -106.59600
 10.96540 -106.65400
 10.91330 -106.68200
 10.87450 -106.70700
 10.88140 -106.77800
 10.88570 -106.84500
 10.88330 -106.84600
 10.84220 -106.85600
 10.76260 -106.82800
 10.75030 -106.79100
 10.72240 -106.76100
 10.68980 -106.75900
 10.68060 -106.76300
 10.66090 -106.74200
 10.63980 -106.75400
3474 28 10.40222 10.66317 -106.87235 -106.74984 'Ho Chi Minh (Vietnam)'
 10.66320 -106.78200
 10.62060 -106.82700
 10.61260 -106.84500
 10.60390 -106.85600
 10.58390 -106.85800
 10.57320 -106.83800
 10.53410 -106.85200
 10.50290 -106.87200
 10.47040 -106.86500
 10.45610 -106.87000
 10.44030 -106.85900
 10.40670 -106.85700
 10.40220 -106.84200
 10.40470 -106.82600
 10.44060 -106.78700
 10.45310 -106.77600
 10.47110 -106.76100
 10.48140 -106.75600
 10.49440 -106.75300
 10.55860 -106.75000
 10.56790 -106.75700
 10.57460 -106.78500
 10.59260 -106.78400
 10.61040 -106.77900
 10.62420 -106.77800
 10.64500 -106.76500
 10.65900 -106.75200
 10.66320 -106.78200
3475 9 10.47462 10.58555 -106.99398 -106.93392 'Ho Chi Minh (Vietnam)'
 10.58550 -106.94200
 10.55800 -106.98200
 10.52060 -106.99400
 10.49810 -106.98000
 10.47460 -106.96700
 10.50750 -106.96000
 10.53000 -106.94000
 10.57420 -106.93400
 10.58550 -106.94200
3476 67 9.39972 10.53695 -105.57364 -104.44533 'Kien Giang (Vietnam)'
 9.48139 -105.51700
 9.48250 -105.49600
 9.48611 -105.46600
 9.51181 -105.37700
 9.53416 -105.33900
 9.49972 -105.30500
 9.47555 -105.30100
 9.43819 -105.29700
 9.39972 -105.26700
 9.51972 -105.06700
 9.52195 -105.04300
 9.44195 -104.93300
 9.48972 -104.89400
 9.52527 -104.85400
 9.53375 -104.83500
 9.56180 -104.83700
 9.69250 -104.86100
 9.76445 -104.88100
 9.81069 -104.89900
 9.92722 -105.03900
 9.93750 -105.07300
 9.89695 -105.09800
 9.87416 -105.10300
 9.85479 -105.11300
 9.94527 -105.10700
 9.98972 -105.08700
 10.01170 -105.07300
 10.03390 -105.05600
 10.10440 -104.98200
 10.09790 -104.92900
 10.09470 -104.89700
 10.13500 -104.85300
 10.17040 -104.82500
 10.20740 -104.80100
 10.23000 -104.74600
 10.23240 -104.72400
 10.20390 -104.68700
 10.16890 -104.61000
 10.23120 -104.59500
 10.27070 -104.58200
 10.38860 -104.49800
 10.42270 -104.44500
 10.42280 -104.48800
 10.46520 -104.54900
 10.50180 -104.56600
 10.53270 -104.59500
 10.53690 -104.67000
 10.53120 -104.70200
 10.52850 -104.71500
 10.49580 -104.73500
 10.48370 -104.78700
 10.42470 -104.91100
 10.39120 -104.95600
 10.34190 -104.97400
 10.27780 -105.11400
 10.19420 -105.27800
 10.09280 -105.35700
 10.09190 -105.35800
 10.03390 -105.41400
 9.99222 -105.45500
 9.88347 -105.57400
 9.84185 -105.53500
 9.79765 -105.48300
 9.77197 -105.45500
 9.55501 -105.52000
 9.50375 -105.53600
 9.48139 -105.51700
3477 19 10.08027 10.43944 -104.08663 -103.83838 'Kien Giang (Vietnam)'
 10.43940 -104.01200
 10.40170 -104.05500
 10.39110 -104.06500
 10.37750 -104.07500
 10.36490 -104.08300
 10.24740 -104.08700
 10.22170 -104.07800
 10.08030 -104.02600
 10.21310 -103.96300
 10.24390 -103.94900
 10.27570 -103.92900
 10.28500 -103.91800
 10.30060 -103.87700
 10.29960 -103.86600
 10.31080 -103.85900
 10.36770 -103.83800
 10.37360 -103.85300
 10.43360 -103.97700
 10.43940 -104.01200
3478 65 10.39764 11.02097 -106.77053 -105.52429 'Long An (Vietnam)'
 10.94580 -105.52400
 10.94720 -105.52800
 10.95310 -105.55500
 10.95970 -105.58900
 10.97000 -105.63600
 10.99610 -105.69400
 11.01310 -105.72200
 11.01930 -105.74600
 11.02100 -105.78100
 10.91670 -105.85800
 10.88250 -105.96000
 10.80280 -106.08200
 10.77060 -106.20300
 10.87060 -106.17700
 10.91940 -106.14600
 10.96870 -106.15200
 10.97500 -106.18700
 10.97010 -106.20900
 10.96900 -106.21700
 10.98010 -106.27500
 10.99770 -106.30300
 11.01760 -106.33300
 11.01850 -106.35700
 11.00420 -106.36800
 10.97000 -106.44700
 10.93250 -106.50100
 10.89530 -106.52900
 10.86490 -106.54600
 10.83240 -106.54200
 10.76690 -106.51700
 10.69280 -106.55900
 10.65670 -106.59200
 10.62740 -106.64800
 10.63000 -106.67600
 10.63980 -106.75400
 10.63580 -106.75700
 10.58930 -106.77100
 10.57730 -106.75000
 10.55100 -106.73600
 10.51210 -106.73500
 10.49770 -106.68300
 10.49080 -106.66200
 10.46000 -106.63100
 10.42970 -106.59200
 10.41540 -106.59200
 10.39760 -106.46900
 10.40690 -106.43700
 10.48250 -106.37900
 10.52610 -106.35600
 10.54610 -106.36200
 10.51860 -106.18900
 10.51390 -106.16600
 10.51690 -106.08200
 10.52330 -105.97700
 10.53010 -105.92200
 10.53420 -105.91100
 10.57890 -105.88900
 10.63000 -105.84900
 10.64670 -105.83400
 10.70580 -105.77400
 10.72360 -105.75500
 10.74030 -105.73500
 10.83110 -105.63200
 10.91140 -105.55600
 10.94580 -105.52400
3479 40 10.27611 10.54611 -106.79469 -105.82280 'Tien Giang (Vietnam)'
 10.53420 -105.91100
 10.53010 -105.92200
 10.52330 -105.97700
 10.51690 -106.08200
 10.51390 -106.16600
 10.51860 -106.18900
 10.54610 -106.36200
 10.52610 -106.35600
 10.48250 -106.37900
 10.40690 -106.43700
 10.39760 -106.46900
 10.41540 -106.59200
 10.42970 -106.59200
 10.43720 -106.61700
 10.47050 -106.73200
 10.38960 -106.79100
 10.31030 -106.79500
 10.27980 -106.78400
 10.29090 -106.68800
 10.28010 -106.65100
 10.28890 -106.57400
 10.30530 -106.53600
 10.30120 -106.49500
 10.30810 -106.45800
 10.31140 -106.42400
 10.32440 -106.39800
 10.32870 -106.37700
 10.30500 -106.22100
 10.30330 -106.07700
 10.31560 -106.03700
 10.31750 -105.97400
 10.28930 -105.93900
 10.27610 -105.90100
 10.29420 -105.84300
 10.31110 -105.83200
 10.34280 -105.82500
 10.40310 -105.82300
 10.45390 -105.84100
 10.51430 -105.89300
 10.53420 -105.91100
3480 51 9.81086 10.32875 -106.80246 -105.93922 'Ben Tre (Vietnam)'
 10.23410 -106.11500
 10.25280 -106.05200
 10.27650 -105.97600
 10.28930 -105.93900
 10.31750 -105.97400
 10.31560 -106.03700
 10.30330 -106.07700
 10.30500 -106.22100
 10.32870 -106.37700
 10.32440 -106.39800
 10.31140 -106.42400
 10.30440 -106.43200
 10.28250 -106.46600
 10.27390 -106.48600
 10.24360 -106.57900
 10.23560 -106.60400
 10.22030 -106.65400
 10.20870 -106.69600
 10.15700 -106.79300
 10.12420 -106.80200
 10.08240 -106.77800
 9.96979 -106.65000
 9.97409 -106.60400
 10.03710 -106.48500
 10.05560 -106.46600
 10.14970 -106.39700
 10.17670 -106.38200
 10.20870 -106.36500
 10.24250 -106.33200
 10.25500 -106.29700
 10.12190 -106.38700
 10.05250 -106.44700
 10.00350 -106.49700
 9.99208 -106.52200
 9.97472 -106.56700
 9.91027 -106.67300
 9.89389 -106.68800
 9.87222 -106.69300
 9.84222 -106.67400
 9.81086 -106.60700
 9.91765 -106.48700
 9.93926 -106.43900
 9.97555 -106.38500
 10.06500 -106.29400
 10.11170 -106.25500
 10.14390 -106.23100
 10.16190 -106.21300
 10.20720 -106.16600
 10.22170 -106.14800
 10.23800 -106.12100
 10.23410 -106.11500
3481 37 9.55501 10.29778 -105.89892 -105.35736 'Can Tho (Vietnam)'
 9.55501 -105.52000
 9.77197 -105.45500
 9.79765 -105.48300
 9.84185 -105.53500
 9.88347 -105.57400
 9.99222 -105.45500
 10.03390 -105.41400
 10.09190 -105.35800
 10.09280 -105.35700
 10.12170 -105.38200
 10.19360 -105.48600
 10.24250 -105.50300
 10.27110 -105.51200
 10.29780 -105.51800
 10.26500 -105.55500
 10.21940 -105.60000
 10.17750 -105.63700
 10.17220 -105.64000
 10.14860 -105.66700
 10.11380 -105.71900
 10.06660 -105.77400
 10.03680 -105.79800
 10.00420 -105.82400
 10.00060 -105.82100
 9.97472 -105.84300
 9.93583 -105.88400
 9.92405 -105.89900
 9.89105 -105.88200
 9.84921 -105.86100
 9.80910 -105.84600
 9.75193 -105.82600
 9.71590 -105.81200
 9.69478 -105.79700
 9.67768 -105.77300
 9.65281 -105.72500
 9.62114 -105.65400
 9.55501 -105.52000
3482 53 8.55924 9.53416 -105.84337 -104.74275 'Minh Hai (Vietnam)'
 9.53375 -104.83500
 9.52527 -104.85400
 9.48972 -104.89400
 9.44195 -104.93300
 9.52195 -105.04300
 9.51972 -105.06700
 9.39972 -105.26700
 9.43819 -105.29700
 9.47555 -105.30100
 9.49972 -105.30500
 9.53416 -105.33900
 9.51181 -105.37700
 9.48611 -105.46600
 9.48250 -105.49600
 9.48139 -105.51700
 9.33555 -105.64900
 9.32812 -105.70900
 9.34875 -105.73800
 9.37597 -105.79700
 9.36479 -105.82400
 9.33736 -105.83000
 9.31708 -105.82400
 9.27166 -105.83000
 9.24096 -105.84300
 9.23416 -105.82500
 9.15889 -105.61900
 9.14027 -105.56100
 9.12945 -105.53400
 9.11639 -105.51700
 9.04903 -105.45000
 8.99777 -105.40700
 8.94222 -105.39100
 8.84666 -105.35400
 8.81111 -105.33600
 8.77542 -105.30500
 8.62506 -105.12100
 8.59277 -105.02100
 8.55924 -104.86500
 8.58555 -104.76700
 8.60500 -104.74300
 8.66195 -104.83900
 8.69389 -104.89100
 8.74521 -104.92300
 8.80222 -104.91600
 8.79431 -104.89200
 8.77180 -104.84300
 8.76903 -104.82000
 8.79222 -104.79900
 9.01334 -104.80900
 9.26027 -104.82400
 9.31972 -104.82900
 9.44500 -104.83500
 9.53375 -104.83500
3483 36 9.24096 9.92405 -106.21066 -105.51749 'Soc Trang (Vietnam)'
 9.24096 -105.84300
 9.27166 -105.83000
 9.31708 -105.82400
 9.33736 -105.83000
 9.36479 -105.82400
 9.37597 -105.79700
 9.34875 -105.73800
 9.32812 -105.70900
 9.33555 -105.64900
 9.48139 -105.51700
 9.50375 -105.53600
 9.55501 -105.52000
 9.62114 -105.65400
 9.65281 -105.72500
 9.67768 -105.77300
 9.69478 -105.79700
 9.71590 -105.81200
 9.75193 -105.82600
 9.80910 -105.84600
 9.84921 -105.86100
 9.89105 -105.88200
 9.92405 -105.89900
 9.90861 -105.91800
 9.86000 -105.96600
 9.80805 -106.01500
 9.75965 -106.05700
 9.72805 -106.07900
 9.55834 -106.18600
 9.52277 -106.20600
 9.50153 -106.21100
 9.36847 -106.19500
 9.35590 -106.17300
 9.35055 -106.13600
 9.30416 -105.99600
 9.25139 -105.86400
 9.24096 -105.84300
3484 30 9.53139 10.02118 -106.57985 -105.95511 'Tra Vinh (Vietnam)'
 9.92949 -105.95500
 9.94429 -105.99400
 9.94765 -106.03500
 9.96971 -106.09300
 10.00250 -106.13400
 10.01830 -106.15800
 10.02120 -106.20100
 10.01350 -106.24500
 10.01140 -106.28800
 10.01050 -106.30900
 9.99777 -106.32400
 9.87639 -106.45300
 9.81945 -106.50400
 9.74139 -106.57100
 9.72222 -106.57800
 9.66347 -106.58000
 9.63653 -106.57300
 9.58361 -106.54300
 9.56666 -106.52600
 9.55069 -106.50400
 9.53139 -106.41800
 9.53236 -106.39800
 9.62305 -106.25600
 9.63916 -106.23500
 9.78708 -106.07200
 9.82861 -106.03600
 9.84555 -106.02400
 9.87000 -106.00800
 9.91111 -105.97700
 9.92949 -105.95500
3485 34 9.92949 10.28926 -106.30863 -105.63997 'Vinh Long (Vietnam)'
 10.01050 -106.30900
 10.01140 -106.28800
 10.01350 -106.24500
 10.02120 -106.20100
 10.01830 -106.15800
 10.00250 -106.13400
 9.96971 -106.09300
 9.94765 -106.03500
 9.94429 -105.99400
 9.92949 -105.95500
 9.96639 -105.91100
 10.00490 -105.83000
 10.00420 -105.82400
 10.03680 -105.79800
 10.06660 -105.77400
 10.11380 -105.71900
 10.14860 -105.66700
 10.17220 -105.64000
 10.21970 -105.68600
 10.18760 -105.76100
 10.15280 -105.78500
 10.14060 -105.83600
 10.14750 -105.88100
 10.20130 -105.91900
 10.27610 -105.90100
 10.28930 -105.93900
 10.27650 -105.97600
 10.25280 -106.05200
 10.23410 -106.11500
 10.16420 -106.16400
 10.05810 -106.27300
 10.03960 -106.29100
 10.02110 -106.30400
 10.01050 -106.30900
3525 66 22.31097 23.09678 -106.78749 -105.30297 'Cao Bang (Vietnam)'
 22.40220 -106.17800
 22.37310 -106.11100
 22.34280 -106.06000
 22.31100 -105.97800
 22.31330 -105.90800
 22.32140 -105.76200
 22.36640 -105.67300
 22.42170 -105.60800
 22.46470 -105.60400
 22.47110 -105.57500
 22.48760 -105.58400
 22.53690 -105.57700
 22.60620 -105.53400
 22.64610 -105.49900
 22.74510 -105.48000
 22.76080 -105.44200
 22.76970 -105.40400
 22.80360 -105.36100
 22.86100 -105.30300
 22.89150 -105.30800
 22.93690 -105.34100
 22.96690 -105.38200
 23.01670 -105.49000
 23.09380 -105.53100
 23.09680 -105.56600
 23.06330 -105.57400
 23.06290 -105.63900
 23.02010 -105.76900
 23.00470 -105.78900
 22.95640 -105.83600
 22.91250 -105.87700
 22.93820 -105.99100
 22.95280 -106.00600
 22.98250 -106.01500
 22.99080 -106.07700
 22.98860 -106.13500
 22.97390 -106.19600
 22.95560 -106.22400
 22.93860 -106.23700
 22.90420 -106.25200
 22.87210 -106.25600
 22.85710 -106.29400
 22.85330 -106.34100
 22.89060 -106.47400
 22.90570 -106.50000
 22.93270 -106.52200
 22.91360 -106.59200
 22.86690 -106.70300
 22.82190 -106.75700
 22.80310 -106.77800
 22.76390 -106.78700
 22.63060 -106.71700
 22.61510 -106.63100
 22.60490 -106.60700
 22.45680 -106.55200
 22.43140 -106.55300
 22.41500 -106.55700
 22.35640 -106.46300
 22.34920 -106.44200
 22.34820 -106.41600
 22.35430 -106.38400
 22.37930 -106.35900
 22.44010 -106.28400
 22.43990 -106.23700
 22.40580 -106.17900
 22.40220 -106.17800
3526 66 22.16930 23.32416 -105.56569 -104.35899 'Ha Giang (Vietnam)'
 22.25390 -104.58900
 22.25220 -104.58600
 22.24700 -104.55100
 22.28480 -104.53400
 22.54080 -104.42700
 22.64670 -104.37400
 22.68730 -104.35900
 22.68750 -104.37500
 22.74190 -104.46100
 22.77100 -104.49400
 22.80920 -104.53900
 22.83000 -104.57400
 22.82620 -104.65100
 22.81310 -104.67300
 22.81810 -104.73200
 22.96250 -104.85200
 23.09930 -104.82500
 23.18030 -104.90700
 23.30440 -105.25800
 23.32420 -105.35900
 23.28070 -105.39900
 23.18310 -105.52700
 23.16240 -105.55100
 23.13470 -105.56100
 23.11060 -105.56500
 23.09680 -105.56600
 23.09380 -105.53100
 23.01670 -105.49000
 22.96690 -105.38200
 22.93690 -105.34100
 22.89150 -105.30800
 22.86100 -105.30300
 22.80360 -105.36100
 22.76970 -105.40400
 22.76080 -105.44200
 22.74510 -105.48000
 22.64610 -105.49900
 22.59080 -105.42200
 22.61430 -105.33000
 22.64290 -105.22900
 22.64810 -105.20800
 22.64060 -105.17600
 22.60850 -105.14100
 22.56940 -105.11400
 22.50920 -105.10400
 22.38580 -105.07200
 22.31350 -105.04800
 22.28910 -105.03100
 22.30020 -104.99700
 22.33870 -104.96900
 22.34210 -104.94100
 22.28930 -104.93300
 22.24570 -104.93400
 22.22270 -104.91800
 22.19570 -104.87300
 22.18300 -104.84000
 22.17190 -104.80800
 22.16930 -104.78800
 22.17720 -104.75300
 22.18930 -104.73400
 22.21170 -104.71700
 22.25420 -104.69800
 22.26780 -104.68300
 22.29620 -104.62300
 22.28140 -104.59100
 22.25390 -104.58900
