1642 129 -0.57778 1.05805 -10.97583 -9.30222 'Estuaire (Gabon)'
 -0.27111 -9.30536
 -0.24972 -9.30555
 -0.21250 -9.30757
 -0.18361 -9.31680
 -0.15181 -9.32666
 -0.11792 -9.34111
 -0.07445 -9.34472
 -0.04931 -9.33945
 -0.01882 -9.33951
 0.00000 -9.34959
 0.00785 -9.35090
 0.06555 -9.34174
 0.17584 -9.32000
 0.28416 -9.30222
 0.31736 -9.30583
 0.36201 -9.35084
 0.32834 -9.37250
 0.20361 -9.38166
 0.16722 -9.46695
 0.16445 -9.48945
 0.16278 -9.56333
 0.12861 -9.70639
 0.11625 -9.74653
 0.13166 -9.78972
 0.18528 -9.92111
 0.18389 -9.85805
 0.17861 -9.82653
 0.18166 -9.78833
 0.18555 -9.76778
 0.21971 -9.68047
 0.27504 -9.59077
 0.29846 -9.55004
 0.29368 -9.49771
 0.35945 -9.46028
 0.40166 -9.44139
 0.45361 -9.41889
 0.47931 -9.40708
 0.52840 -9.35347
 0.52569 -9.33035
 0.52639 -9.30861
 0.58097 -9.30514
 0.62145 -9.31507
 0.67611 -9.51777
 0.67250 -9.54222
 0.64778 -9.55834
 0.59472 -9.58403
 0.57208 -9.58764
 0.52139 -9.58472
 0.49750 -9.58195
 0.48111 -9.60000
 0.55014 -9.63042
 0.58222 -9.63277
 0.78389 -9.62500
 0.82014 -9.61708
 0.84472 -9.59910
 0.95597 -9.56000
 0.99660 -9.57201
 1.02028 -9.60278
 1.05555 -9.67597
 1.05805 -9.73750
 1.04840 -9.76236
 1.00261 -9.80397
 1.00205 -9.83246
 0.97616 -9.87146
 0.95185 -9.89210
 0.93015 -9.95151
 0.94595 -9.97545
 1.00188 -9.99221
 1.00222 -10.00110
 1.00250 -10.02860
 1.00250 -10.22670
 1.00250 -10.25390
 1.00250 -10.28140
 1.00250 -10.30860
 1.00250 -10.41500
 0.86555 -10.41440
 0.84084 -10.41260
 0.82055 -10.40080
 0.79666 -10.37750
 0.73805 -10.36110
 0.63653 -10.40790
 0.69055 -10.57420
 0.73055 -10.68580
 0.81555 -10.92610
 0.82187 -10.95920
 0.75319 -10.97580
 0.69764 -10.97310
 0.67069 -10.96860
 0.61681 -10.95220
 0.59618 -10.93180
 0.52194 -10.89750
 0.47389 -10.87670
 0.44194 -10.86690
 0.39834 -10.85500
 0.34805 -10.84280
 0.29250 -10.84030
 0.25736 -10.83260
 0.23292 -10.80920
 0.23155 -10.80230
 0.23507 -10.78610
 0.21194 -10.69610
 0.18389 -10.66810
 0.14681 -10.63650
 -0.01389 -10.55080
 -0.04215 -10.55310
 -0.07361 -10.52610
 -0.30666 -10.22280
 -0.35834 -10.14250
 -0.37084 -10.12110
 -0.38695 -10.08810
 -0.41785 -10.00240
 -0.38055 -9.99472
 -0.32639 -9.97486
 -0.31222 -9.95166
 -0.30021 -9.89548
 -0.35722 -9.77833
 -0.36056 -9.73472
 -0.37084 -9.67500
 -0.37722 -9.65500
 -0.41757 -9.56097
 -0.45722 -9.56695
 -0.49666 -9.57250
 -0.56618 -9.57632
 -0.57778 -9.56945
 -0.51042 -9.51819
 -0.48195 -9.44924
 -0.47597 -9.41500
 -0.38729 -9.34611
 -0.27111 -9.30536
1730 112 -0.75361 1.44000 -14.48569 -11.27875 'Ogooue-Ivindo (Gabon)'
 0.04055 -13.28140
 0.03972 -13.25680
 0.05458 -13.18760
 0.09014 -13.11850
 0.16500 -13.09080
 0.19069 -13.09240
 0.22361 -13.05420
 0.24139 -12.95780
 0.23778 -12.93080
 0.21403 -12.90180
 0.21916 -12.80860
 0.23000 -12.79000
 0.26889 -12.71720
 0.28472 -12.60890
 0.25889 -12.60310
 0.13166 -12.57580
 -0.00389 -12.54810
 -0.42722 -12.45170
 -0.43916 -12.42810
 -0.51278 -12.22640
 -0.55056 -12.12420
 -0.57584 -12.05640
 -0.63416 -11.89610
 -0.70666 -11.69640
 -0.75361 -11.56250
 -0.73055 -11.55310
 -0.62028 -11.51830
 -0.59945 -11.51390
 -0.56257 -11.49510
 -0.53528 -11.47310
 -0.51292 -11.44320
 -0.48972 -11.42530
 -0.26028 -11.33920
 -0.07395 -11.27870
 0.01084 -11.31080
 0.05007 -11.35850
 0.06347 -11.39540
 0.08528 -11.44060
 0.14444 -11.55170
 0.16361 -11.57500
 0.18431 -11.58330
 0.23000 -11.58280
 0.25305 -11.56440
 0.29805 -11.51970
 0.34319 -11.47600
 0.39528 -11.53530
 0.49028 -11.67440
 0.53805 -11.74690
 0.62111 -11.87140
 0.82889 -12.18030
 0.85208 -12.21110
 0.89361 -12.22250
 1.05195 -12.26080
 1.17278 -12.33280
 1.21903 -12.35350
 1.24347 -12.36150
 1.23805 -12.58330
 1.23416 -12.72310
 1.23139 -12.82110
 1.22834 -12.90030
 1.22250 -13.13220
 1.22247 -13.18680
 1.22166 -13.20500
 1.22416 -13.26470
 1.23445 -13.30530
 1.27195 -13.36500
 1.29055 -13.46920
 1.30584 -13.57310
 1.39403 -13.78440
 1.43563 -13.80440
 1.44000 -13.89780
 1.41639 -13.97750
 1.37555 -14.07690
 1.38153 -14.09830
 1.39069 -14.11610
 1.39569 -14.15030
 1.39055 -14.19150
 1.36334 -14.23610
 1.33000 -14.27110
 1.25493 -14.29310
 1.19528 -14.29330
 1.10611 -14.32060
 0.96055 -14.42560
 0.93264 -14.46190
 0.91722 -14.48570
 0.83084 -14.47360
 0.62153 -14.34680
 0.54569 -14.26930
 0.53584 -14.19940
 0.54584 -14.17220
 0.55124 -14.14100
 0.54389 -14.09920
 0.52278 -14.07390
 0.34861 -13.96040
 0.21874 -13.88780
 0.19000 -13.88580
 0.11222 -13.91140
 0.03084 -13.94910
 -0.03805 -13.94030
 -0.09644 -13.90010
 -0.08916 -13.85810
 -0.06750 -13.81360
 -0.04611 -13.78420
 -0.03028 -13.76560
 -0.01486 -13.73750
 -0.00486 -13.70820
 0.01139 -13.63780
 0.03764 -13.51110
 0.03278 -13.47580
 0.03195 -13.43610
 0.03708 -13.29740
 0.04055 -13.28140
1731 109 0.22666 2.31790 -13.29611 -10.36111 'Woleu-Ntem (Gabon)'
 0.23155 -10.80230
 0.23292 -10.80920
 0.25736 -10.83260
 0.29250 -10.84030
 0.34805 -10.84280
 0.39834 -10.85500
 0.44194 -10.86690
 0.47389 -10.87670
 0.52194 -10.89750
 0.59618 -10.93180
 0.61681 -10.95220
 0.67069 -10.96860
 0.69764 -10.97310
 0.75319 -10.97580
 0.82187 -10.95920
 0.81555 -10.92610
 0.73055 -10.68580
 0.69055 -10.57420
 0.63653 -10.40790
 0.73805 -10.36110
 0.79666 -10.37750
 0.82055 -10.40080
 0.84084 -10.41260
 0.86555 -10.41440
 1.00250 -10.41500
 1.00222 -10.49310
 1.00222 -10.52030
 1.00250 -10.77310
 1.00278 -10.90970
 1.00359 -10.96980
 1.00222 -11.24440
 1.00195 -11.35390
 1.44861 -11.35000
 1.60555 -11.34860
 1.69416 -11.34780
 1.74070 -11.34670
 1.83055 -11.34580
 1.91916 -11.34500
 1.98722 -11.34440
 2.00778 -11.34500
 2.16445 -11.34360
 2.16861 -11.33980
 2.23639 -11.35060
 2.29887 -11.36730
 2.31528 -11.57970
 2.30785 -11.70000
 2.28236 -11.75640
 2.28368 -12.22920
 2.30166 -12.28890
 2.31790 -12.33570
 2.30014 -12.48180
 2.29264 -12.50180
 2.28334 -12.52360
 2.25889 -12.59580
 2.25139 -12.63110
 2.23305 -12.75190
 2.24028 -12.86420
 2.25611 -13.00000
 2.27521 -13.12170
 2.28292 -13.17140
 2.26611 -13.25460
 2.22597 -13.29440
 2.17111 -13.29610
 2.16361 -13.29390
 2.07236 -13.28970
 2.03701 -13.27030
 1.97778 -13.20690
 1.92916 -13.18420
 1.87229 -13.18220
 1.84111 -13.19140
 1.80805 -13.19260
 1.76445 -13.17170
 1.70687 -13.14320
 1.57771 -13.13510
 1.53834 -13.15870
 1.51055 -13.19030
 1.44834 -13.22470
 1.42722 -13.23580
 1.39555 -13.24640
 1.32972 -13.24910
 1.29472 -13.21690
 1.28382 -13.18360
 1.24736 -13.17060
 1.22247 -13.18680
 1.22250 -13.13220
 1.22834 -12.90030
 1.23139 -12.82110
 1.23416 -12.72310
 1.23805 -12.58330
 1.24347 -12.36150
 1.21903 -12.35350
 1.17278 -12.33280
 1.05195 -12.26080
 0.89361 -12.22250
 0.85208 -12.21110
 0.82889 -12.18030
 0.62111 -11.87140
 0.53805 -11.74690
 0.49028 -11.67440
 0.39528 -11.53530
 0.34319 -11.47600
 0.29805 -11.51970
 0.25305 -11.56440
 0.23000 -11.58280
 0.22834 -11.49330
 0.22778 -11.32610
 0.22666 -10.86190
 0.22861 -10.82170
 0.23155 -10.80230
3873 92 -1.25555 0.23507 -11.58334 -9.56097 'Moyen-Ogooue (Gabon)'
 -0.75361 -11.56250
 -0.75416 -11.51280
 -0.75416 -11.49220
 -0.75028 -11.46220
 -0.73945 -11.42310
 -0.73306 -11.40330
 -0.72528 -11.38390
 -0.71195 -11.35530
 -0.70250 -11.33610
 -0.68778 -11.31170
 -0.62750 -11.23860
 -0.57319 -11.17260
 -0.59111 -10.96750
 -0.61166 -10.82500
 -0.61278 -10.71080
 -0.63084 -10.65250
 -0.68584 -10.65170
 -0.73000 -10.62280
 -0.76458 -10.59600
 -0.77222 -10.57530
 -0.80153 -10.53100
 -0.85916 -10.51490
 -0.89306 -10.51860
 -1.11584 -10.39440
 -1.13834 -10.34420
 -1.13389 -10.21060
 -1.15361 -10.17170
 -1.17042 -10.14720
 -1.20639 -10.11140
 -1.23639 -10.08390
 -1.25555 -10.06640
 -1.24035 -10.00360
 -1.21875 -9.96569
 -1.15535 -9.90743
 -1.10687 -9.93097
 -1.06632 -9.94618
 -0.93972 -9.93000
 -0.90465 -9.87868
 -0.90278 -9.84680
 -0.90208 -9.76264
 -0.89736 -9.74264
 -0.82500 -9.63945
 -0.78666 -9.62805
 -0.66389 -9.59416
 -0.57778 -9.56945
 -0.56618 -9.57632
 -0.49666 -9.57250
 -0.45722 -9.56695
 -0.41757 -9.56097
 -0.37722 -9.65500
 -0.37084 -9.67500
 -0.36056 -9.73472
 -0.35722 -9.77833
 -0.30021 -9.89548
 -0.31222 -9.95166
 -0.32639 -9.97486
 -0.38055 -9.99472
 -0.41785 -10.00240
 -0.38695 -10.08810
 -0.37084 -10.12110
 -0.35834 -10.14250
 -0.30666 -10.22280
 -0.07361 -10.52610
 -0.04215 -10.55310
 -0.01389 -10.55080
 0.14681 -10.63650
 0.18389 -10.66810
 0.21194 -10.69610
 0.23507 -10.78610
 0.23155 -10.80230
 0.22861 -10.82170
 0.22666 -10.86190
 0.22778 -11.32610
 0.22834 -11.49330
 0.23000 -11.58280
 0.18431 -11.58330
 0.16361 -11.57500
 0.14444 -11.55170
 0.08528 -11.44060
 0.06347 -11.39540
 0.05007 -11.35850
 0.01084 -11.31080
 -0.07395 -11.27870
 -0.26028 -11.33920
 -0.48972 -11.42530
 -0.51292 -11.44320
 -0.53528 -11.47310
 -0.56257 -11.49510
 -0.59945 -11.51390
 -0.62028 -11.51830
 -0.73055 -11.55310
 -0.75361 -11.56250
3874 149 -2.81656 -0.57319 -12.50222 -9.86695 'Ngounie (Gabon)'
 -1.87805 -12.45380
 -1.88166 -12.44620
 -1.90111 -12.43690
 -2.02445 -12.44810
 -2.07445 -12.47310
 -2.13389 -12.50220
 -2.22375 -12.49560
 -2.32722 -12.47810
 -2.41695 -12.05250
 -2.40666 -12.03470
 -2.38805 -12.01830
 -2.36611 -11.99970
 -2.34111 -11.97620
 -2.33243 -11.95220
 -2.37222 -11.80170
 -2.40250 -11.76330
 -2.41889 -11.73330
 -2.37916 -11.68250
 -2.35389 -11.65920
 -2.33222 -11.61150
 -2.33639 -11.57350
 -2.45166 -11.60170
 -2.55028 -11.62970
 -2.61465 -11.64630
 -2.66750 -11.63250
 -2.72236 -11.60750
 -2.74334 -11.59000
 -2.76195 -11.57280
 -2.79389 -11.54610
 -2.81656 -11.54430
 -2.77445 -11.51310
 -2.71958 -11.46960
 -2.66139 -11.41580
 -2.63139 -11.38500
 -2.59139 -11.33670
 -2.56916 -11.30560
 -2.47993 -11.22470
 -2.39305 -11.20010
 -2.26666 -11.07170
 -2.25555 -11.05220
 -2.25195 -11.02740
 -2.25972 -10.95440
 -2.28334 -10.77110
 -2.29278 -10.69830
 -2.29861 -10.65640
 -2.31000 -10.60690
 -2.30028 -10.60530
 -2.25084 -10.57830
 -2.23542 -10.56290
 -2.22375 -10.54350
 -2.19611 -10.52310
 -2.17084 -10.50720
 -2.05584 -10.44830
 -2.03181 -10.44600
 -1.99639 -10.45580
 -1.96597 -10.46350
 -1.90597 -10.36110
 -1.91972 -10.34260
 -1.93014 -10.32360
 -1.92875 -10.30150
 -1.91139 -10.22670
 -1.90055 -10.20250
 -1.86278 -10.11920
 -1.84778 -10.09830
 -1.83278 -10.04830
 -1.82903 -10.01310
 -1.82674 -9.97924
 -1.79889 -9.94861
 -1.76805 -9.92389
 -1.68028 -9.86695
 -1.62326 -9.89819
 -1.60722 -9.92847
 -1.60597 -9.95236
 -1.57695 -9.97500
 -1.54000 -9.98264
 -1.51458 -9.98153
 -1.46361 -9.97055
 -1.44334 -9.96695
 -1.41416 -9.96708
 -1.38945 -9.97334
 -1.37445 -9.99139
 -1.35666 -10.01580
 -1.32055 -10.05120
 -1.30097 -10.06260
 -1.26584 -10.06640
 -1.25555 -10.06640
 -1.23639 -10.08390
 -1.20639 -10.11140
 -1.17042 -10.14720
 -1.15361 -10.17170
 -1.13389 -10.21060
 -1.13834 -10.34420
 -1.11584 -10.39440
 -0.89306 -10.51860
 -0.85916 -10.51490
 -0.80153 -10.53100
 -0.77222 -10.57530
 -0.76458 -10.59600
 -0.73000 -10.62280
 -0.68584 -10.65170
 -0.63084 -10.65250
 -0.61278 -10.71080
 -0.61166 -10.82500
 -0.59111 -10.96750
 -0.57319 -11.17260
 -0.62750 -11.23860
 -0.68778 -11.31170
 -0.70250 -11.33610
 -0.71195 -11.35530
 -0.72528 -11.38390
 -0.73306 -11.40330
 -0.73945 -11.42310
 -0.75028 -11.46220
 -0.75416 -11.49220
 -0.75416 -11.51280
 -0.75361 -11.56250
 -0.81361 -11.51350
 -0.83403 -11.50490
 -0.87916 -11.49890
 -0.90431 -11.49690
 -0.94861 -11.50360
 -1.12319 -11.55080
 -1.13347 -11.59080
 -1.11181 -11.66060
 -1.09055 -11.75500
 -1.12347 -11.75570
 -1.15458 -11.76870
 -1.18889 -11.79240
 -1.21028 -11.80870
 -1.22639 -11.82360
 -1.29681 -11.91070
 -1.30819 -11.93390
 -1.31750 -11.95560
 -1.34340 -11.99240
 -1.37000 -12.01220
 -1.39250 -12.02470
 -1.48111 -12.04330
 -1.51834 -12.04690
 -1.54819 -12.04320
 -1.64916 -12.05890
 -1.74472 -12.12830
 -1.76389 -12.14720
 -1.81666 -12.21140
 -1.82889 -12.24000
 -1.85361 -12.31080
 -1.86389 -12.35190
 -1.85695 -12.41220
 -1.86187 -12.44540
 -1.87805 -12.45380
3875 86 -3.92528 -2.25195 -11.97361 -9.99293 'Nyanga (Gabon)'
 -3.70672 -11.83890
 -3.68666 -11.74000
 -3.63819 -11.65370
 -3.59861 -11.62830
 -3.53500 -11.58370
 -3.51486 -11.55610
 -3.50666 -11.52670
 -3.50903 -11.49210
 -3.63334 -11.30220
 -3.69334 -11.22690
 -3.84139 -11.16780
 -3.91861 -11.14190
 -3.92528 -11.14070
 -3.85195 -11.04510
 -3.80542 -11.00930
 -3.74403 -10.98560
 -3.72125 -10.98610
 -3.69653 -10.97650
 -3.67528 -10.96030
 -3.64000 -10.92650
 -3.55278 -10.82750
 -3.53084 -10.80110
 -3.49695 -10.75220
 -3.47195 -10.71420
 -3.34549 -10.64600
 -3.30889 -10.62970
 -3.28584 -10.61170
 -3.16889 -10.50140
 -3.10416 -10.43530
 -2.97861 -10.30190
 -2.90250 -10.19830
 -2.88555 -10.17390
 -2.80445 -10.06860
 -2.78528 -10.04610
 -2.73703 -9.99293
 -2.70639 -10.09330
 -2.66834 -10.22170
 -2.64695 -10.29780
 -2.53584 -10.37190
 -2.46945 -10.39640
 -2.39084 -10.43670
 -2.31000 -10.60690
 -2.29861 -10.65640
 -2.29278 -10.69830
 -2.28334 -10.77110
 -2.25972 -10.95440
 -2.25195 -11.02740
 -2.25555 -11.05220
 -2.26666 -11.07170
 -2.39305 -11.20010
 -2.47993 -11.22470
 -2.56916 -11.30560
 -2.59139 -11.33670
 -2.63139 -11.38500
 -2.66139 -11.41580
 -2.71958 -11.46960
 -2.77445 -11.51310
 -2.81656 -11.54430
 -2.83166 -11.54280
 -2.86233 -11.56030
 -2.84472 -11.58310
 -2.82337 -11.64720
 -2.99250 -11.79080
 -3.01542 -11.80490
 -3.04549 -11.76610
 -3.04347 -11.73430
 -3.05555 -11.71530
 -3.09195 -11.70070
 -3.17778 -11.70640
 -3.19778 -11.76330
 -3.20584 -11.78250
 -3.21472 -11.80110
 -3.29743 -11.96230
 -3.32618 -11.97360
 -3.34764 -11.96620
 -3.37111 -11.93170
 -3.39000 -11.91280
 -3.40778 -11.90310
 -3.56819 -11.84010
 -3.59195 -11.85710
 -3.60000 -11.87640
 -3.62750 -11.92190
 -3.66084 -11.91210
 -3.67945 -11.89920
 -3.70597 -11.87610
 -3.70672 -11.83890
3876 192 -2.73703 -0.27111 -10.60695 -8.70084 'Ogooue-Maritime (Gabon)'
 -0.27111 -9.30536
 -0.38729 -9.34611
 -0.47597 -9.41500
 -0.48195 -9.44924
 -0.51042 -9.51819
 -0.57778 -9.56945
 -0.66389 -9.59416
 -0.78666 -9.62805
 -0.82500 -9.63945
 -0.89736 -9.74264
 -0.90208 -9.76264
 -0.90278 -9.84680
 -0.90465 -9.87868
 -0.93972 -9.93000
 -1.06632 -9.94618
 -1.10687 -9.93097
 -1.15535 -9.90743
 -1.21875 -9.96569
 -1.24035 -10.00360
 -1.25555 -10.06640
 -1.26584 -10.06640
 -1.30097 -10.06260
 -1.32055 -10.05120
 -1.35666 -10.01580
 -1.37445 -9.99139
 -1.38945 -9.97334
 -1.41416 -9.96708
 -1.44334 -9.96695
 -1.46361 -9.97055
 -1.51458 -9.98153
 -1.54000 -9.98264
 -1.57695 -9.97500
 -1.60597 -9.95236
 -1.60722 -9.92847
 -1.62326 -9.89819
 -1.68028 -9.86695
 -1.76805 -9.92389
 -1.79889 -9.94861
 -1.82674 -9.97924
 -1.82903 -10.01310
 -1.83278 -10.04830
 -1.84778 -10.09830
 -1.86278 -10.11920
 -1.90055 -10.20250
 -1.91139 -10.22670
 -1.92875 -10.30150
 -1.93014 -10.32360
 -1.91972 -10.34260
 -1.90597 -10.36110
 -1.96597 -10.46350
 -1.99639 -10.45580
 -2.03181 -10.44600
 -2.05584 -10.44830
 -2.17084 -10.50720
 -2.19611 -10.52310
 -2.22375 -10.54350
 -2.23542 -10.56290
 -2.25084 -10.57830
 -2.30028 -10.60530
 -2.31000 -10.60690
 -2.39084 -10.43670
 -2.46945 -10.39640
 -2.53584 -10.37190
 -2.64695 -10.29780
 -2.66834 -10.22170
 -2.70639 -10.09330
 -2.73703 -9.99293
 -2.71889 -9.96722
 -2.69972 -9.94500
 -2.65097 -9.88986
 -2.49153 -9.73916
 -2.44792 -9.70250
 -2.48022 -9.74086
 -2.49543 -9.76905
 -2.50125 -9.79993
 -2.50084 -9.83027
 -2.58278 -9.97069
 -2.61764 -9.97465
 -2.63972 -10.01610
 -2.57507 -10.15650
 -2.52389 -10.13350
 -2.49334 -10.07610
 -2.53750 -10.00330
 -2.56111 -9.98139
 -2.54528 -9.95861
 -2.47555 -9.91195
 -2.41945 -9.86805
 -2.43035 -9.81424
 -2.45528 -9.79437
 -2.47882 -9.76174
 -2.43950 -9.72342
 -2.42611 -9.66555
 -2.39416 -9.63195
 -2.37069 -9.61097
 -2.33910 -9.58937
 -2.29195 -9.57882
 -2.25500 -9.58055
 -2.21792 -9.57527
 -2.18819 -9.55527
 -2.13334 -9.50375
 -2.11666 -9.48528
 -2.09014 -9.45319
 -2.06097 -9.42416
 -2.00924 -9.37687
 -1.93666 -9.33695
 -1.90750 -9.32250
 -1.91750 -9.44334
 -1.97055 -9.47361
 -2.00722 -9.48834
 -2.06840 -9.53687
 -2.05750 -9.56236
 -2.03472 -9.56639
 -1.92695 -9.51805
 -1.85855 -9.47708
 -1.82334 -9.37319
 -1.85666 -9.34805
 -1.85722 -9.31639
 -1.84945 -9.26277
 -1.78229 -9.24382
 -1.75319 -9.25097
 -1.72195 -9.25347
 -1.62195 -9.23347
 -1.59584 -9.22195
 -1.56111 -9.20222
 -1.53000 -9.18222
 -1.47055 -9.12861
 -1.39278 -9.06945
 -1.37334 -9.05472
 -1.33611 -9.03028
 -1.30444 -9.01125
 -1.24305 -8.98548
 -1.26515 -8.99790
 -1.30691 -9.01639
 -1.32555 -9.04015
 -1.34028 -9.07555
 -1.40722 -9.11639
 -1.53028 -9.23333
 -1.63889 -9.29111
 -1.62916 -9.36195
 -1.65166 -9.39166
 -1.67278 -9.41166
 -1.61416 -9.42278
 -1.61084 -9.45166
 -1.61055 -9.49584
 -1.59666 -9.51389
 -1.54834 -9.48361
 -1.51486 -9.43639
 -1.56334 -9.39195
 -1.57584 -9.34750
 -1.58389 -9.30972
 -1.57042 -9.28833
 -1.49861 -9.25139
 -1.47069 -9.27958
 -1.39972 -9.33695
 -1.36389 -9.34972
 -1.34195 -9.35278
 -1.28559 -9.33344
 -1.30826 -9.32695
 -1.34500 -9.33708
 -1.36972 -9.32777
 -1.38389 -9.30445
 -1.41125 -9.22472
 -1.41229 -9.17653
 -1.31528 -9.04666
 -1.29764 -9.02666
 -1.27000 -9.01695
 -1.23584 -9.02084
 -1.15972 -8.99945
 -1.00805 -8.89695
 -0.85361 -8.80778
 -0.81389 -8.78639
 -0.64111 -8.71000
 -0.60306 -8.70084
 -0.58105 -8.70445
 -0.61416 -8.75111
 -0.64222 -8.77639
 -0.68166 -8.79111
 -0.72195 -8.86416
 -0.75611 -8.95847
 -0.81389 -9.00777
 -0.67916 -9.08729
 -0.63222 -9.08847
 -0.60472 -9.09889
 -0.58569 -9.11416
 -0.56264 -9.13916
 -0.54000 -9.16445
 -0.51472 -9.18695
 -0.40778 -9.27278
 -0.37166 -9.29834
 -0.34285 -9.30951
 -0.29861 -9.31055
 -0.27111 -9.30536
3877 16 -0.76889 -0.59958 -9.04653 -8.94666 'Ogooue-Maritime (Gabon)'
 -0.76889 -9.00222
 -0.76528 -8.99195
 -0.75486 -8.97805
 -0.74055 -8.96861
 -0.73139 -8.96416
 -0.67139 -8.94722
 -0.65834 -8.94666
 -0.64695 -8.94916
 -0.62181 -8.96555
 -0.59958 -9.00389
 -0.65611 -9.04361
 -0.66931 -9.04653
 -0.74514 -9.03708
 -0.76306 -9.01666
 -0.76778 -9.00777
 -0.76889 -9.00222
4049 116 -2.49611 0.04055 -14.51958 -12.74265 'Haut-Ogooue (Gabon)'
 -2.36767 -13.00150
 -2.31555 -13.01250
 -2.27028 -13.01670
 -2.23195 -13.00100
 -2.18334 -12.96020
 -2.19010 -12.93180
 -2.14278 -12.90080
 -1.97889 -12.84850
 -1.95445 -12.84530
 -1.91069 -12.82000
 -1.89972 -12.79330
 -1.88373 -12.74270
 -1.80722 -12.76330
 -1.62750 -12.83860
 -1.57611 -12.87060
 -1.52882 -12.89590
 -1.49305 -12.89790
 -1.40611 -12.94790
 -1.39305 -13.00420
 -1.38931 -13.03320
 -1.26778 -13.16940
 -1.16222 -13.26170
 -1.00972 -13.38940
 -0.95445 -13.43360
 -0.75472 -13.56720
 -0.50361 -13.44330
 -0.29556 -13.33940
 -0.23000 -13.29820
 -0.21299 -13.25470
 -0.11805 -13.23470
 -0.08722 -13.23750
 -0.05722 -13.24970
 -0.02834 -13.26610
 -0.01166 -13.28500
 0.02861 -13.28330
 0.04055 -13.28140
 0.03708 -13.29740
 0.03195 -13.43610
 0.03278 -13.47580
 0.03764 -13.51110
 0.01139 -13.63780
 -0.00486 -13.70820
 -0.01486 -13.73750
 -0.03028 -13.76560
 -0.04611 -13.78420
 -0.06750 -13.81360
 -0.08916 -13.85810
 -0.09644 -13.90010
 -0.14528 -13.86210
 -0.17514 -13.85100
 -0.20264 -13.84900
 -0.26500 -13.90520
 -0.23666 -13.93750
 -0.23764 -13.97850
 -0.25181 -14.07010
 -0.28153 -14.13190
 -0.33278 -14.15170
 -0.37416 -14.16610
 -0.42195 -14.17710
 -0.44472 -14.19250
 -0.43861 -14.23530
 -0.43695 -14.32280
 -0.47681 -14.41330
 -0.51861 -14.45670
 -0.54805 -14.48360
 -0.61334 -14.51960
 -0.67626 -14.50600
 -0.70084 -14.49500
 -0.73597 -14.47290
 -0.92695 -14.42870
 -0.99528 -14.42030
 -1.04695 -14.42640
 -1.12722 -14.45440
 -1.21278 -14.48190
 -1.26000 -14.48250
 -1.43334 -14.47690
 -1.55055 -14.46470
 -1.56889 -14.43810
 -1.59778 -14.40440
 -1.85528 -14.41430
 -1.88458 -14.42810
 -1.90528 -14.41600
 -1.92528 -14.38170
 -1.92862 -14.37140
 -1.92861 -14.35780
 -1.93736 -14.32000
 -1.97368 -14.25890
 -2.01847 -14.25380
 -2.03645 -14.26850
 -2.12639 -14.25360
 -2.29278 -14.22140
 -2.35958 -14.19920
 -2.37166 -14.18110
 -2.39555 -14.15390
 -2.46528 -14.11860
 -2.49305 -14.11080
 -2.49611 -14.08220
 -2.49014 -13.91640
 -2.47090 -13.87060
 -2.42305 -13.86440
 -2.31472 -13.87890
 -2.14445 -13.80940
 -2.09076 -13.76440
 -2.15416 -13.72690
 -2.18416 -13.72720
 -2.22028 -13.69250
 -2.32584 -13.59030
 -2.34972 -13.56000
 -2.39952 -13.50490
 -2.43465 -13.48470
 -2.42875 -13.39060
 -2.40250 -13.33000
 -2.37084 -13.25170
 -2.36055 -13.20310
 -2.33305 -13.03120
 -2.36767 -13.00150
4050 89 -1.92139 0.28472 -13.56722 -11.49695 'Ogooue-Lolo (Gabon)'
 0.04055 -13.28140
 0.02861 -13.28330
 -0.01166 -13.28500
 -0.02834 -13.26610
 -0.05722 -13.24970
 -0.08722 -13.23750
 -0.11805 -13.23470
 -0.21299 -13.25470
 -0.23000 -13.29820
 -0.29556 -13.33940
 -0.50361 -13.44330
 -0.75472 -13.56720
 -0.95445 -13.43360
 -1.00972 -13.38940
 -1.16222 -13.26170
 -1.26778 -13.16940
 -1.38931 -13.03320
 -1.39305 -13.00420
 -1.40611 -12.94790
 -1.49305 -12.89790
 -1.52882 -12.89590
 -1.57611 -12.87060
 -1.62750 -12.83860
 -1.80722 -12.76330
 -1.88373 -12.74270
 -1.85903 -12.72480
 -1.82347 -12.65250
 -1.82549 -12.58850
 -1.89059 -12.52450
 -1.92139 -12.50110
 -1.90055 -12.46360
 -1.87805 -12.45380
 -1.86187 -12.44540
 -1.85695 -12.41220
 -1.86389 -12.35190
 -1.85361 -12.31080
 -1.82889 -12.24000
 -1.81666 -12.21140
 -1.76389 -12.14720
 -1.74472 -12.12830
 -1.64916 -12.05890
 -1.54819 -12.04320
 -1.51834 -12.04690
 -1.48111 -12.04330
 -1.39250 -12.02470
 -1.37000 -12.01220
 -1.34340 -11.99240
 -1.31750 -11.95560
 -1.30819 -11.93390
 -1.29681 -11.91070
 -1.22639 -11.82360
 -1.21028 -11.80870
 -1.18889 -11.79240
 -1.15458 -11.76870
 -1.12347 -11.75570
 -1.09055 -11.75500
 -1.11181 -11.66060
 -1.13347 -11.59080
 -1.12319 -11.55080
 -0.94861 -11.50360
 -0.90431 -11.49690
 -0.87916 -11.49890
 -0.83403 -11.50490
 -0.81361 -11.51350
 -0.75361 -11.56250
 -0.70666 -11.69640
 -0.63416 -11.89610
 -0.57584 -12.05640
 -0.55056 -12.12420
 -0.51278 -12.22640
 -0.43916 -12.42810
 -0.42722 -12.45170
 -0.00389 -12.54810
 0.13166 -12.57580
 0.25889 -12.60310
 0.28472 -12.60890
 0.26889 -12.71720
 0.23000 -12.79000
 0.21916 -12.80860
 0.21403 -12.90180
 0.23778 -12.93080
 0.24139 -12.95780
 0.22361 -13.05420
 0.19069 -13.09240
 0.16500 -13.09080
 0.09014 -13.11850
 0.05458 -13.18760
 0.03972 -13.25680
 0.04055 -13.28140
