2112 79 31.35069 32.54639 -35.57061 -34.88819 'West Bank (West Bank)'
 32.20300 -35.55860
 32.04110 -35.51640
 31.99810 -35.52370
 31.92970 -35.53550
 31.82830 -35.54890
 31.76390 -35.55540
 31.73490 -35.53870
 31.71170 -35.52610
 31.64170 -35.49810
 31.60390 -35.48970
 31.56220 -35.48280
 31.52940 -35.47920
 31.49730 -35.47820
 31.49940 -35.45110
 31.49360 -35.40070
 31.48420 -35.37860
 31.40360 -35.25920
 31.38420 -35.24060
 31.37680 -35.22040
 31.36190 -35.13860
 31.35070 -34.93760
 31.36060 -34.90820
 31.38060 -34.88990
 31.41250 -34.88820
 31.44390 -34.91060
 31.48170 -34.93720
 31.50200 -34.94640
 31.55920 -34.94580
 31.58680 -34.95030
 31.60340 -34.96140
 31.63330 -34.98550
 31.64690 -35.00170
 31.70830 -35.09750
 31.74490 -35.16290
 31.75000 -35.20970
 31.77510 -35.22760
 31.81310 -35.15310
 31.83310 -35.10830
 31.82220 -35.03580
 31.82030 -35.01420
 31.82330 -34.97510
 31.83060 -34.96560
 31.86140 -34.96610
 31.96890 -34.98750
 31.98530 -35.00090
 32.02810 -35.00750
 32.05420 -35.00610
 32.13250 -34.98580
 32.15310 -34.97920
 32.23930 -35.02560
 32.36750 -35.04780
 32.38330 -35.04580
 32.39440 -35.04720
 32.42530 -35.05670
 32.44720 -35.06640
 32.47150 -35.08180
 32.52750 -35.17940
 32.54640 -35.20810
 32.52170 -35.26350
 32.51620 -35.28900
 32.51690 -35.31740
 32.52350 -35.35060
 32.50420 -35.40820
 32.48570 -35.42390
 32.41280 -35.48110
 32.39420 -35.55260
 32.37780 -35.56040
 32.21760 -35.57060
 32.20300 -35.55860
 31.80810 -35.25640
 31.80890 -35.24890
 31.80810 -35.24640
 31.80390 -35.24360
 31.78810 -35.25170
 31.78640 -35.25440
 31.78720 -35.25970
 31.78970 -35.26250
 31.80360 -35.26360
 31.80810 -35.25640
