0 86 -1.00195 1.52166 -33.9818 -32.8396 'Busoga (Uganda)'
 -1.00072 -33.43887
 -0.99195 -33.43777
 -0.96472 -33.43695
 -0.28084 -33.43027
 -0.18555 -33.42945
 -0.07584 -33.42889
 0.02000 -33.42805
 0.24247 -33.42392
 0.32305 -33.39111
 0.41555 -33.29527
 0.40785 -33.19484
 0.44528 -33.18777
 0.52972 -33.10777
 0.55625 -33.08638
 0.60445 -33.05888
 0.65277 -33.04644
 0.68639 -33.05305
 0.71125 -33.05291
 0.76750 -33.04305
 0.79611 -33.03361
 0.82819 -33.02083
 0.86431 -32.99701
 0.89028 -32.97666
 0.90778 -32.96611
 0.93542 -32.95430
 0.95472 -32.94805
 1.01889 -32.93930
 1.08111 -32.93250
 1.10305 -32.94444
 1.13222 -32.96291
 1.15764 -32.96777
 1.18666 -32.96117
 1.24250 -32.92945
 1.26903 -32.90979
 1.29611 -32.89388
 1.37945 -32.84833
 1.41515 -32.83957
 1.51725 -32.84765
 1.51416 -32.88638
 1.51555 -32.90639
 1.52166 -32.93930
 1.51875 -32.96638
 1.51209 -32.98435
 1.47861 -33.06110
 1.46834 -33.08445
 1.45035 -33.10743
 1.41278 -33.13166
 1.39361 -33.14569
 1.38028 -33.16638
 1.37166 -33.19555
 1.36500 -33.24889
 1.36069 -33.28805
 1.33805 -33.36416
 1.30084 -33.43444
 1.18111 -33.59111
 1.16028 -33.61138
 1.14305 -33.62666
 1.11924 -33.63250
 1.01916 -33.70222
 0.96584 -33.75861
 0.81555 -33.78326
 0.78222 -33.79445
 0.75076 -33.80958
 0.60778 -33.90944
 0.53458 -33.93583
 0.51069 -33.92597
 0.34208 -33.90611
 0.30931 -33.91458
 0.28111 -33.92777
 0.23543 -33.95535
 0.21097 -33.97500
 0.20507 -33.98181
 0.10305 -33.90722
 0.08250 -33.91250
 0.04861 -33.92305
 0.00000 -33.93684
 -0.04814 -33.95048
 -0.10084 -33.96638
 -0.13416 -33.97610
 -0.27181 -33.95166
 -0.45278 -33.91861
 -0.95305 -33.92334
 -1.00195 -33.92110
 -1.00111 -33.92027
 -1.00028 -33.46083
 -1.00072 -33.43887
1 69 -0.147855 0.594164 -32.6897 -31.3161 'Central (Uganda)'
 0.21555 -31.31611
 0.24972 -31.31834
 0.26945 -31.33805
 0.28055 -31.35583
 0.28389 -31.39027
 0.28472 -31.42111
 0.29361 -31.46000
 0.30111 -31.48611
 0.33347 -31.53680
 0.35250 -31.56084
 0.36555 -31.58000
 0.37166 -31.60111
 0.33722 -31.65333
 0.30445 -31.70195
 0.27500 -31.74375
 0.23972 -31.94055
 0.23584 -31.98222
 0.24605 -32.02229
 0.27278 -32.05888
 0.30222 -32.11930
 0.29313 -32.16527
 0.27458 -32.19256
 0.29889 -32.26388
 0.32410 -32.28138
 0.41257 -32.27250
 0.43847 -32.25014
 0.45347 -32.23472
 0.48055 -32.22305
 0.50722 -32.21972
 0.54972 -32.22333
 0.58195 -32.23895
 0.58082 -32.53326
 0.59416 -32.59166
 0.58666 -32.63499
 0.56586 -32.68520
 0.38028 -32.68972
 0.27208 -32.65138
 0.24986 -32.63985
 0.22028 -32.63319
 0.15695 -32.63277
 0.07472 -32.63222
 0.00611 -32.63166
 -0.08584 -32.56305
 -0.14195 -32.52055
 -0.14785 -32.51435
 -0.14778 -32.48445
 -0.14722 -32.36111
 -0.14584 -32.05972
 -0.14528 -32.00472
 -0.11334 -31.96305
 -0.08472 -31.93695
 -0.06250 -31.92777
 -0.03229 -31.92479
 0.00153 -31.90000
 0.03528 -31.85833
 0.05166 -31.83416
 0.06666 -31.78875
 0.07139 -31.74722
 0.06931 -31.71777
 0.04889 -31.67195
 0.03923 -31.64815
 0.04555 -31.62195
 0.05542 -31.60125
 0.07889 -31.57333
 0.12834 -31.51277
 0.20042 -31.40430
 0.21250 -31.36555
 0.21611 -31.34208
 0.21555 -31.31611
2 67 2.16285 3.80875 -32.0697 -30.7297 'Nile (Uganda)'
 2.25360 -31.34334
 2.19305 -31.31583
 2.16972 -31.30500
 2.16285 -31.29920
 2.22916 -31.20250
 2.32528 -31.06916
 2.39695 -31.00305
 2.40931 -30.98486
 2.41195 -30.96403
 2.40028 -30.93972
 2.36084 -30.92694
 2.34250 -30.91472
 2.33681 -30.88625
 2.44805 -30.72972
 2.47334 -30.73097
 2.60111 -30.75597
 2.67472 -30.78695
 2.73916 -30.81722
 2.78548 -30.85166
 2.84000 -30.87653
 2.88590 -30.87945
 2.96285 -30.85235
 3.01361 -30.80625
 3.02875 -30.77236
 3.05174 -30.76347
 3.13000 -30.78222
 3.24028 -30.82805
 3.29028 -30.85972
 3.32472 -30.88277
 3.41389 -30.93445
 3.51076 -30.92479
 3.52472 -30.90597
 3.49339 -30.85882
 3.52257 -30.86854
 3.56555 -30.89139
 3.67111 -30.95472
 3.69445 -30.97916
 3.79528 -31.17666
 3.79584 -31.20389
 3.79500 -31.28666
 3.74555 -31.37722
 3.69889 -31.45972
 3.65361 -31.54084
 3.71445 -31.70403
 3.76139 -31.74861
 3.80875 -31.78945
 3.80695 -31.82166
 3.78472 -31.85347
 3.68916 -31.93208
 3.62166 -31.94639
 3.59389 -31.95111
 3.59139 -32.02584
 3.58222 -32.06849
 3.54472 -32.06972
 3.44681 -32.06305
 3.23055 -32.01333
 3.04111 -31.93805
 2.96764 -31.90055
 2.91166 -31.83639
 2.84469 -31.77385
 2.82313 -31.80708
 2.80479 -31.82785
 2.78334 -31.82514
 2.66834 -31.72277
 2.51750 -31.58583
 2.42245 -31.47467
 2.25360 -31.34334
3 153 -1.00072 1.68111 -33.4389 -31.0481 'North Buganda (Uganda)'
 -0.14785 -32.51435
 -0.14195 -32.52055
 -0.08584 -32.56305
 0.00611 -32.63166
 0.07472 -32.63222
 0.15695 -32.63277
 0.22028 -32.63319
 0.24986 -32.63985
 0.27208 -32.65138
 0.38028 -32.68972
 0.56586 -32.68520
 0.58666 -32.63499
 0.59416 -32.59166
 0.58082 -32.53326
 0.58195 -32.23895
 0.54972 -32.22333
 0.50722 -32.21972
 0.48055 -32.22305
 0.45347 -32.23472
 0.43847 -32.25014
 0.41257 -32.27250
 0.32410 -32.28138
 0.29889 -32.26388
 0.27458 -32.19256
 0.29313 -32.16527
 0.30222 -32.11930
 0.27278 -32.05888
 0.24605 -32.02229
 0.23584 -31.98222
 0.23972 -31.94055
 0.27500 -31.74375
 0.30445 -31.70195
 0.33722 -31.65333
 0.37166 -31.60111
 0.36555 -31.58000
 0.35250 -31.56084
 0.33347 -31.53680
 0.30111 -31.48611
 0.29361 -31.46000
 0.28472 -31.42111
 0.28389 -31.39027
 0.28055 -31.35583
 0.26945 -31.33805
 0.24972 -31.31834
 0.21555 -31.31611
 0.16743 -31.25903
 0.17084 -31.23695
 0.19084 -31.20916
 0.21084 -31.18139
 0.22250 -31.10388
 0.20916 -31.04807
 0.26584 -31.10277
 0.28639 -31.11639
 0.36653 -31.15687
 0.39945 -31.14277
 0.42028 -31.14250
 0.49458 -31.16924
 0.51111 -31.19055
 0.52319 -31.21639
 0.59805 -31.26445
 0.65111 -31.27500
 0.71416 -31.30416
 0.72028 -31.32638
 0.71084 -31.35055
 0.70500 -31.39139
 0.72215 -31.41375
 0.86305 -31.46222
 0.99958 -31.52903
 1.01903 -31.53555
 1.15889 -31.38527
 1.21909 -31.30819
 1.24055 -31.34195
 1.32195 -31.49195
 1.34736 -31.55055
 1.34639 -31.58042
 1.33695 -31.60833
 1.33084 -31.63583
 1.31972 -31.69861
 1.31882 -31.75951
 1.33908 -31.83465
 1.35084 -31.85250
 1.46629 -31.98409
 1.55338 -32.04748
 1.61278 -32.09000
 1.64584 -32.10165
 1.65999 -32.12745
 1.66960 -32.14839
 1.67792 -32.17277
 1.68111 -32.19430
 1.67861 -32.21875
 1.67111 -32.24500
 1.59166 -32.40805
 1.55250 -32.48555
 1.51555 -32.53083
 1.46278 -32.60472
 1.45292 -32.62264
 1.45334 -32.65110
 1.46788 -32.70377
 1.48472 -32.73499
 1.49945 -32.75833
 1.51139 -32.79861
 1.51639 -32.82944
 1.51725 -32.84765
 1.41515 -32.83957
 1.37945 -32.84833
 1.29611 -32.89388
 1.26903 -32.90979
 1.24250 -32.92945
 1.18666 -32.96117
 1.15764 -32.96777
 1.13222 -32.96291
 1.10305 -32.94444
 1.08111 -32.93250
 1.01889 -32.93930
 0.95472 -32.94805
 0.93542 -32.95430
 0.90778 -32.96611
 0.89028 -32.97666
 0.86431 -32.99701
 0.82819 -33.02083
 0.79611 -33.03361
 0.76750 -33.04305
 0.71125 -33.05291
 0.68639 -33.05305
 0.65277 -33.04644
 0.60445 -33.05888
 0.55625 -33.08638
 0.52972 -33.10777
 0.44528 -33.18777
 0.40785 -33.19484
 0.41555 -33.29527
 0.32305 -33.39111
 0.24247 -33.42392
 0.02000 -33.42805
 -0.07584 -33.42889
 -0.18555 -33.42945
 -0.28084 -33.43027
 -0.96472 -33.43695
 -0.99195 -33.43777
 -1.00072 -33.43887
 -1.00028 -33.40583
 -1.00000 -33.29610
 -0.99972 -33.18639
 -1.00028 -33.11084
 -1.00000 -33.00111
 -0.99971 -32.89035
 -0.97084 -32.89027
 -0.73861 -32.89027
 -0.34195 -32.89166
 -0.23222 -32.89222
 -0.15660 -32.88993
 -0.14722 -32.55305
 -0.14785 -32.51435
4 142 1.45292 3.88861 -33.7382 -31.3433 'Northern (Uganda)'
 1.51209 -32.98435
 1.51875 -32.96638
 1.52166 -32.93930
 1.51555 -32.90639
 1.51416 -32.88638
 1.51725 -32.84765
 1.51639 -32.82944
 1.51139 -32.79861
 1.49945 -32.75833
 1.48472 -32.73499
 1.46788 -32.70377
 1.45334 -32.65110
 1.45292 -32.62264
 1.46278 -32.60472
 1.51555 -32.53083
 1.55250 -32.48555
 1.59166 -32.40805
 1.67111 -32.24500
 1.67861 -32.21875
 1.68111 -32.19430
 1.67792 -32.17277
 1.66960 -32.14839
 1.65999 -32.12745
 1.64584 -32.10165
 1.65361 -32.09972
 1.72764 -32.11312
 1.75916 -32.14638
 1.77687 -32.17506
 1.78361 -32.21139
 1.79028 -32.23499
 1.80805 -32.26888
 1.86271 -32.33722
 1.93445 -32.34861
 2.04722 -32.34875
 2.19486 -32.31027
 2.24410 -32.27854
 2.25698 -32.25041
 2.25569 -32.22096
 2.23486 -32.20097
 2.22389 -32.16201
 2.29472 -32.01555
 2.31778 -31.97750
 2.33222 -31.95805
 2.35105 -31.93437
 2.36028 -31.88611
 2.35805 -31.84805
 2.35187 -31.81965
 2.33486 -31.79208
 2.30750 -31.76326
 2.27111 -31.68555
 2.26278 -31.64555
 2.23256 -31.43427
 2.24584 -31.36166
 2.25360 -31.34334
 2.42245 -31.47467
 2.51750 -31.58583
 2.66834 -31.72277
 2.78334 -31.82514
 2.80479 -31.82785
 2.82313 -31.80708
 2.84469 -31.77385
 2.91166 -31.83639
 2.96764 -31.90055
 3.04111 -31.93805
 3.23055 -32.01333
 3.44681 -32.06305
 3.54472 -32.06972
 3.58222 -32.06849
 3.55903 -32.07708
 3.53611 -32.09041
 3.52666 -32.11125
 3.52111 -32.13583
 3.51275 -32.19453
 3.57504 -32.20083
 3.60973 -32.19977
 3.74361 -32.40445
 3.74584 -32.47916
 3.75195 -32.63527
 3.75334 -32.66916
 3.75584 -32.71945
 3.78055 -32.80028
 3.80389 -32.87472
 3.81195 -32.89805
 3.83722 -32.93833
 3.86334 -32.97861
 3.88861 -33.01666
 3.80834 -33.12722
 3.76611 -33.18388
 3.76416 -33.24500
 3.75805 -33.38777
 3.75270 -33.51124
 3.73361 -33.52472
 3.69334 -33.55000
 3.40500 -33.72625
 3.37903 -33.73819
 3.28250 -33.73250
 3.25479 -33.71888
 3.23916 -33.68555
 3.24042 -33.66555
 3.25278 -33.64360
 3.26445 -33.61791
 3.26264 -33.58653
 3.25181 -33.56903
 3.07000 -33.57472
 2.86028 -33.58555
 2.84153 -33.60638
 2.81958 -33.60916
 2.79555 -33.60597
 2.73271 -33.56465
 2.69847 -33.53916
 2.60665 -33.54392
 2.54250 -33.58083
 2.51695 -33.60500
 2.50653 -33.62485
 2.49111 -33.64277
 2.43639 -33.65361
 2.40278 -33.65972
 2.37711 -33.63766
 2.35278 -33.59888
 2.23555 -33.50638
 2.20750 -33.48638
 2.13278 -33.44944
 2.12250 -33.41861
 2.10139 -33.38361
 2.04764 -33.31777
 2.02125 -33.30305
 1.97666 -33.28833
 1.95750 -33.28083
 1.90695 -33.25264
 1.89055 -33.22388
 1.88084 -33.20611
 1.83125 -33.13819
 1.76361 -33.11777
 1.72639 -33.10777
 1.70118 -33.07472
 1.70278 -33.03069
 1.69805 -33.00611
 1.64195 -32.99083
 1.60611 -32.99083
 1.56778 -32.99361
 1.54250 -32.99166
 1.51209 -32.98435
5 126 -0.202782 2.36028 -32.3487 -29.6878 'Western (Uganda)'
 0.20916 -31.04807
 0.20945 -31.02834
 0.20695 -30.96389
 0.20639 -30.82638
 0.21278 -30.67250
 0.10889 -30.48472
 0.00695 -30.40514
 -0.07937 -30.41451
 -0.10611 -30.43278
 -0.12361 -30.45625
 -0.14799 -30.46368
 -0.16757 -30.43458
 -0.15361 -30.37222
 -0.11916 -30.29916
 -0.07764 -30.22834
 -0.08455 -30.12712
 -0.12945 -30.05111
 -0.20028 -29.87430
 -0.20278 -29.68776
 -0.07445 -29.70900
 -0.00316 -29.73333
 0.04285 -29.71819
 0.07708 -29.71861
 0.10472 -29.73195
 0.17347 -29.78048
 0.16278 -29.80695
 0.27750 -29.83945
 0.36666 -29.85833
 0.42905 -29.91245
 0.48375 -29.95986
 0.55166 -29.95583
 0.62458 -29.93875
 0.78778 -29.94750
 0.81834 -29.95750
 0.83591 -29.96711
 0.84671 -29.98673
 0.85055 -29.99084
 0.86666 -30.01583
 0.87472 -30.03611
 0.89334 -30.08639
 0.89521 -30.13118
 0.90910 -30.15555
 0.99445 -30.21736
 1.04361 -30.21931
 1.06500 -30.21375
 1.13084 -30.23437
 1.16708 -30.27458
 1.19834 -30.37083
 1.20215 -30.43764
 1.21278 -30.45611
 1.24125 -30.48389
 1.32166 -30.54888
 1.47334 -30.67139
 1.50000 -30.69548
 1.61889 -30.84833
 1.76555 -31.03666
 1.98750 -31.20972
 2.12139 -31.30277
 2.16285 -31.29920
 2.16972 -31.30500
 2.19305 -31.31583
 2.25360 -31.34334
 2.24584 -31.36166
 2.23256 -31.43427
 2.26278 -31.64555
 2.27111 -31.68555
 2.30750 -31.76326
 2.33486 -31.79208
 2.35187 -31.81965
 2.35805 -31.84805
 2.36028 -31.88611
 2.35105 -31.93437
 2.33222 -31.95805
 2.31778 -31.97750
 2.29472 -32.01555
 2.22389 -32.16201
 2.23486 -32.20097
 2.25569 -32.22096
 2.25698 -32.25041
 2.24410 -32.27854
 2.19486 -32.31027
 2.04722 -32.34875
 1.93445 -32.34861
 1.86271 -32.33722
 1.80805 -32.26888
 1.79028 -32.23499
 1.78361 -32.21139
 1.77687 -32.17506
 1.75916 -32.14638
 1.72764 -32.11312
 1.65361 -32.09972
 1.64584 -32.10165
 1.61278 -32.09000
 1.55338 -32.04748
 1.46629 -31.98409
 1.35084 -31.85250
 1.33908 -31.83465
 1.31882 -31.75951
 1.31972 -31.69861
 1.33084 -31.63583
 1.33695 -31.60833
 1.34639 -31.58042
 1.34736 -31.55055
 1.32195 -31.49195
 1.24055 -31.34195
 1.21909 -31.30819
 1.15889 -31.38527
 1.01903 -31.53555
 0.99958 -31.52903
 0.86305 -31.46222
 0.72215 -31.41375
 0.70500 -31.39139
 0.71084 -31.35055
 0.72028 -31.32638
 0.71416 -31.30416
 0.65111 -31.27500
 0.59805 -31.26445
 0.52319 -31.21639
 0.51111 -31.19055
 0.49458 -31.16924
 0.42028 -31.14250
 0.39945 -31.14277
 0.36653 -31.15687
 0.28639 -31.11639
 0.26584 -31.10277
 0.20916 -31.04807
6 107 0.205073 2.43139 -34.8297 -32.9843 'Eastern (Uganda)'
 1.09268 -34.57555
 1.10584 -34.52000
 1.08084 -34.50430
 1.04319 -34.48777
 1.01166 -34.48312
 0.98403 -34.48555
 0.95916 -34.48014
 0.87195 -34.44222
 0.82195 -34.41083
 0.64847 -34.26916
 0.63945 -34.24860
 0.63292 -34.21346
 0.60847 -34.16360
 0.38778 -34.10638
 0.30166 -34.05360
 0.20507 -33.98181
 0.21097 -33.97500
 0.23543 -33.95535
 0.28111 -33.92777
 0.30931 -33.91458
 0.34208 -33.90611
 0.51069 -33.92597
 0.53458 -33.93583
 0.60778 -33.90944
 0.75076 -33.80958
 0.78222 -33.79445
 0.81555 -33.78326
 0.96584 -33.75861
 1.01916 -33.70222
 1.11924 -33.63250
 1.14305 -33.62666
 1.16028 -33.61138
 1.18111 -33.59111
 1.30084 -33.43444
 1.33805 -33.36416
 1.36069 -33.28805
 1.36500 -33.24889
 1.37166 -33.19555
 1.38028 -33.16638
 1.39361 -33.14569
 1.41278 -33.13166
 1.45035 -33.10743
 1.46834 -33.08445
 1.47861 -33.06110
 1.51209 -32.98435
 1.54250 -32.99166
 1.56778 -32.99361
 1.60611 -32.99083
 1.64195 -32.99083
 1.69805 -33.00611
 1.70278 -33.03069
 1.70118 -33.07472
 1.72639 -33.10777
 1.76361 -33.11777
 1.83125 -33.13819
 1.88084 -33.20611
 1.89055 -33.22388
 1.90695 -33.25264
 1.95750 -33.28083
 1.97666 -33.28833
 2.02125 -33.30305
 2.04764 -33.31777
 2.10139 -33.38361
 2.12250 -33.41861
 2.13278 -33.44944
 2.20750 -33.48638
 2.23555 -33.50638
 2.35278 -33.59888
 2.37711 -33.63766
 2.37528 -33.64194
 2.36826 -33.68006
 2.39528 -33.71388
 2.43139 -33.75916
 2.25472 -33.99889
 2.20278 -34.06888
 2.10000 -34.20666
 1.96305 -34.21083
 1.75695 -34.21695
 1.67472 -34.21889
 1.62805 -34.21750
 1.58014 -34.21792
 1.54666 -34.22166
 1.55028 -34.29222
 1.55222 -34.31805
 1.56708 -34.43333
 1.59125 -34.49875
 1.59389 -34.53334
 1.58528 -34.57166
 1.56014 -34.62749
 1.51986 -34.67264
 1.49042 -34.68777
 1.45972 -34.69666
 1.42805 -34.74166
 1.40555 -34.78027
 1.39855 -34.79568
 1.39361 -34.79222
 1.33500 -34.80375
 1.31569 -34.82208
 1.29500 -34.82888
 1.26916 -34.82972
 1.23597 -34.82035
 1.22195 -34.80166
 1.21695 -34.76472
 1.21416 -34.73972
 1.20813 -34.69166
 1.15048 -34.59715
 1.09268 -34.57555
7 104 1.39855 4.22278 -35.0097 -33.5112 'Karamoja (Uganda)'
 4.22278 -33.99666
 4.20805 -34.02625
 4.19055 -34.04945
 4.17361 -34.06305
 4.09722 -34.08805
 3.95181 -34.12833
 3.84000 -34.18472
 3.77916 -34.22222
 3.73805 -34.36111
 3.73166 -34.38166
 3.66465 -34.46361
 3.61445 -34.46500
 3.52111 -34.45347
 3.50007 -34.43548
 3.48416 -34.40340
 3.38528 -34.40375
 3.24555 -34.45389
 3.14528 -34.50875
 3.12750 -34.54500
 3.10681 -34.56166
 3.08292 -34.57235
 3.00722 -34.58250
 2.93674 -34.59340
 2.86097 -34.66548
 2.86389 -34.68562
 2.87805 -34.71222
 2.84993 -34.75555
 2.78958 -34.78166
 2.70069 -34.78930
 2.68042 -34.79250
 2.59778 -34.84346
 2.52111 -34.90944
 2.40340 -34.88020
 2.37834 -34.88110
 2.35722 -34.88777
 2.27778 -34.91916
 2.22389 -34.94194
 2.08500 -34.99444
 1.89528 -35.00972
 1.67028 -34.99972
 1.58722 -34.95916
 1.56889 -34.94346
 1.56292 -34.91819
 1.55305 -34.90041
 1.53084 -34.88527
 1.50611 -34.87430
 1.45945 -34.86388
 1.42805 -34.85319
 1.39855 -34.79568
 1.40555 -34.78027
 1.42805 -34.74166
 1.45972 -34.69666
 1.49042 -34.68777
 1.51986 -34.67264
 1.56014 -34.62749
 1.58528 -34.57166
 1.59389 -34.53334
 1.59125 -34.49875
 1.56708 -34.43333
 1.55222 -34.31805
 1.55028 -34.29222
 1.54666 -34.22166
 1.58014 -34.21792
 1.62805 -34.21750
 1.67472 -34.21889
 1.75695 -34.21695
 1.96305 -34.21083
 2.10000 -34.20666
 2.20278 -34.06888
 2.25472 -33.99889
 2.43139 -33.75916
 2.39528 -33.71388
 2.36826 -33.68006
 2.37528 -33.64194
 2.37711 -33.63766
 2.40278 -33.65972
 2.43639 -33.65361
 2.49111 -33.64277
 2.50653 -33.62485
 2.51695 -33.60500
 2.54250 -33.58083
 2.60665 -33.54392
 2.69847 -33.53916
 2.73271 -33.56465
 2.79555 -33.60597
 2.81958 -33.60916
 2.84153 -33.60638
 2.86028 -33.58555
 3.07000 -33.57472
 3.25181 -33.56903
 3.26264 -33.58653
 3.26445 -33.61791
 3.25278 -33.64360
 3.24042 -33.66555
 3.23916 -33.68555
 3.25479 -33.71888
 3.28250 -33.73250
 3.37903 -33.73819
 3.40500 -33.72625
 3.69334 -33.55000
 3.73361 -33.52472
 3.75270 -33.51124
 3.75847 -33.52361
 4.22278 -33.99666
8 74 -1.00028 0.2225 -32.8922 -31.0283 'South Buganda (Uganda)'
 -0.14785 -32.51435
 -0.14722 -32.55305
 -0.15660 -32.88993
 -0.23222 -32.89222
 -0.34195 -32.89166
 -0.73861 -32.89027
 -0.97084 -32.89027
 -0.99971 -32.89035
 -0.99972 -32.74242
 -1.00000 -32.68416
 -1.00028 -32.61555
 -1.00028 -32.48527
 -0.99972 -31.67722
 -0.99945 -31.54695
 -0.99889 -31.29305
 -0.99834 -31.27250
 -0.93069 -31.26375
 -0.90708 -31.24250
 -0.88389 -31.22445
 -0.85222 -31.21097
 -0.77555 -31.20166
 -0.70569 -31.18458
 -0.68847 -31.17403
 -0.66347 -31.14118
 -0.64264 -31.10916
 -0.61160 -31.09840
 -0.53778 -31.12305
 -0.51916 -31.13111
 -0.49097 -31.14555
 -0.45834 -31.14958
 -0.43555 -31.14416
 -0.41250 -31.13333
 -0.37055 -31.11278
 -0.31889 -31.09097
 -0.25472 -31.08111
 -0.20611 -31.08208
 -0.16528 -31.09139
 -0.14069 -31.10111
 -0.11805 -31.10500
 -0.04007 -31.09840
 -0.02055 -31.09222
 0.15445 -31.04333
 0.20945 -31.02834
 0.20916 -31.04807
 0.22250 -31.10388
 0.21084 -31.18139
 0.19084 -31.20916
 0.17084 -31.23695
 0.16743 -31.25903
 0.21555 -31.31611
 0.21611 -31.34208
 0.21250 -31.36555
 0.20042 -31.40430
 0.12834 -31.51277
 0.07889 -31.57333
 0.05542 -31.60125
 0.04555 -31.62195
 0.03923 -31.64815
 0.04889 -31.67195
 0.06931 -31.71777
 0.07139 -31.74722
 0.06666 -31.78875
 0.05166 -31.83416
 0.03528 -31.85833
 0.00153 -31.90000
 -0.03229 -31.92479
 -0.06250 -31.92777
 -0.08472 -31.93695
 -0.11334 -31.96305
 -0.14528 -32.00472
 -0.14584 -32.05972
 -0.14722 -32.36111
 -0.14778 -32.48445
 -0.14785 -32.51435
9 89 -1.47611 0.212782 -31.2725 -29.5743 'Southern (Uganda)'
 -0.20278 -29.68776
 -0.20028 -29.87430
 -0.12945 -30.05111
 -0.08455 -30.12712
 -0.07764 -30.22834
 -0.11916 -30.29916
 -0.15361 -30.37222
 -0.16757 -30.43458
 -0.14799 -30.46368
 -0.12361 -30.45625
 -0.10611 -30.43278
 -0.07937 -30.41451
 0.00695 -30.40514
 0.10889 -30.48472
 0.21278 -30.67250
 0.20639 -30.82638
 0.20695 -30.96389
 0.20945 -31.02834
 0.15445 -31.04333
 -0.02055 -31.09222
 -0.04007 -31.09840
 -0.11805 -31.10500
 -0.14069 -31.10111
 -0.16528 -31.09139
 -0.20611 -31.08208
 -0.25472 -31.08111
 -0.31889 -31.09097
 -0.37055 -31.11278
 -0.41250 -31.13333
 -0.43555 -31.14416
 -0.45834 -31.14958
 -0.49097 -31.14555
 -0.51916 -31.13111
 -0.53778 -31.12305
 -0.61160 -31.09840
 -0.64264 -31.10916
 -0.66347 -31.14118
 -0.68847 -31.17403
 -0.70569 -31.18458
 -0.77555 -31.20166
 -0.85222 -31.21097
 -0.88389 -31.22445
 -0.90708 -31.24250
 -0.93069 -31.26375
 -0.99834 -31.27250
 -0.99750 -31.06000
 -0.99722 -30.88861
 -0.99775 -30.75638
 -1.01458 -30.69695
 -1.06555 -30.59333
 -1.06334 -30.48222
 -1.05933 -30.47675
 -1.05445 -30.45195
 -1.06097 -30.36083
 -1.14376 -30.31535
 -1.18472 -30.29777
 -1.20965 -30.28347
 -1.26666 -30.22916
 -1.31500 -30.17166
 -1.36750 -30.10916
 -1.46222 -29.97972
 -1.47584 -29.93666
 -1.47611 -29.92972
 -1.46507 -29.91000
 -1.43278 -29.89055
 -1.40181 -29.88451
 -1.37042 -29.88416
 -1.32695 -29.85527
 -1.31972 -29.83528
 -1.34750 -29.71722
 -1.36750 -29.69777
 -1.38166 -29.67750
 -1.38666 -29.64083
 -1.38708 -29.61736
 -1.38584 -29.59695
 -1.32069 -29.60611
 -1.21437 -29.59903
 -1.18750 -29.57430
 -0.91639 -29.57514
 -0.89569 -29.58445
 -0.89160 -29.61889
 -0.78778 -29.63305
 -0.74347 -29.61930
 -0.64139 -29.63472
 -0.58055 -29.66666
 -0.47666 -29.65277
 -0.43972 -29.64861
 -0.30472 -29.67083
 -0.20278 -29.68776
