4180 31 -29.34735 -28.99814 -28.28030 -27.49201 'Berea (Lesotho)'
 -29.15410 -28.27530
 -29.17560 -28.25500
 -29.20290 -28.23960
 -29.23020 -28.25380
 -29.24520 -28.27720
 -29.26530 -28.28030
 -29.28640 -28.26100
 -29.30020 -28.23430
 -29.28510 -28.18590
 -29.31090 -28.12360
 -29.34730 -28.06990
 -29.33000 -27.89920
 -29.34070 -27.75580
 -29.33990 -27.72400
 -29.33390 -27.56190
 -29.32200 -27.53610
 -29.30670 -27.52000
 -29.27680 -27.49200
 -29.20640 -27.54080
 -29.10670 -27.62920
 -29.09110 -27.64310
 -29.10640 -27.68850
 -29.09750 -27.71590
 -29.07790 -27.75860
 -29.06910 -27.83230
 -29.07870 -27.85910
 -29.08440 -27.89310
 -28.99810 -27.98340
 -29.02610 -28.03050
 -29.12330 -28.20340
 -29.15410 -28.27530
4181 38 -29.91092 -29.27675 -28.25348 -27.30055 'Maseru (Lesotho)'
 -29.30020 -28.23430
 -29.34410 -28.19060
 -29.41530 -28.09610
 -29.44600 -28.07480
 -29.64230 -28.16460
 -29.73220 -28.18370
 -29.77450 -28.20090
 -29.88980 -28.25350
 -29.89270 -28.20200
 -29.89560 -28.15250
 -29.91090 -28.10240
 -29.83140 -27.81630
 -29.80940 -27.83500
 -29.77670 -27.86280
 -29.73560 -27.73460
 -29.71870 -27.66230
 -29.71760 -27.60140
 -29.71690 -27.56230
 -29.70040 -27.44470
 -29.69400 -27.42060
 -29.67290 -27.41900
 -29.63760 -27.42590
 -29.53970 -27.34880
 -29.52580 -27.30060
 -29.49940 -27.31250
 -29.44940 -27.35920
 -29.30000 -27.45140
 -29.27680 -27.49200
 -29.30670 -27.52000
 -29.32200 -27.53610
 -29.33390 -27.56190
 -29.33990 -27.72400
 -29.34070 -27.75580
 -29.33000 -27.89920
 -29.34730 -28.06990
 -29.31090 -28.12360
 -29.28510 -28.18590
 -29.30020 -28.23430
4182 40 -29.96958 -29.52584 -27.86278 -27.01397 'Mafeteng (Lesotho)'
 -29.92370 -27.19140
 -29.85610 -27.16000
 -29.73560 -27.10030
 -29.69220 -27.06600
 -29.67600 -27.03540
 -29.62710 -27.01400
 -29.56680 -27.15720
 -29.55440 -27.21500
 -29.54610 -27.25190
 -29.53280 -27.29280
 -29.52580 -27.30060
 -29.53970 -27.34880
 -29.63760 -27.42590
 -29.67290 -27.41900
 -29.69400 -27.42060
 -29.70040 -27.44470
 -29.71690 -27.56230
 -29.71760 -27.60140
 -29.71870 -27.66230
 -29.73560 -27.73460
 -29.77670 -27.86280
 -29.80940 -27.83500
 -29.83140 -27.81630
 -29.85440 -27.79140
 -29.87360 -27.77310
 -29.89960 -27.75500
 -29.92070 -27.75300
 -29.94240 -27.74680
 -29.95840 -27.72850
 -29.96860 -27.70210
 -29.96960 -27.67770
 -29.94940 -27.61250
 -29.93720 -27.58410
 -29.96940 -27.51610
 -29.96290 -27.43470
 -29.93460 -27.42770
 -29.91240 -27.41510
 -29.89590 -27.39380
 -29.89270 -27.37390
 -29.92370 -27.19140
4183 56 -30.40491 -29.79263 -28.52327 -27.19144 'Mohale's Hoek (Lesotho)'
 -30.31730 -27.37890
 -30.22610 -27.36250
 -30.04670 -27.29690
 -29.99440 -27.22510
 -29.95170 -27.20440
 -29.92370 -27.19140
 -29.89270 -27.37390
 -29.89590 -27.39380
 -29.91240 -27.41510
 -29.93460 -27.42770
 -29.96290 -27.43470
 -29.96940 -27.51610
 -29.93720 -27.58410
 -29.94940 -27.61250
 -29.96960 -27.67770
 -29.96860 -27.70210
 -29.95840 -27.72850
 -29.94240 -27.74680
 -29.92070 -27.75300
 -29.89960 -27.75500
 -29.87360 -27.77310
 -29.85440 -27.79140
 -29.83140 -27.81630
 -29.91090 -28.10240
 -29.89560 -28.15250
 -29.89270 -28.20200
 -29.88980 -28.25350
 -29.92010 -28.27200
 -29.85530 -28.40680
 -29.79260 -28.50780
 -29.81210 -28.51720
 -29.88440 -28.52330
 -29.91340 -28.51930
 -29.96830 -28.50520
 -29.99470 -28.49070
 -30.05210 -28.42290
 -30.06010 -28.39470
 -30.02500 -28.35220
 -29.99390 -28.30080
 -30.00530 -28.26560
 -30.05110 -28.12500
 -30.07420 -28.07890
 -30.07750 -28.02890
 -30.07150 -27.97400
 -30.10450 -27.91610
 -30.13140 -27.88360
 -30.17830 -27.88530
 -30.19420 -27.90500
 -30.23810 -27.86030
 -30.26280 -27.83300
 -30.34720 -27.65150
 -30.35970 -27.56690
 -30.40490 -27.56460
 -30.32140 -27.46470
 -30.31830 -27.41690
 -30.31730 -27.37890
4184 33 -30.65053 -29.99389 -28.37778 -27.56462 'Quthing (Lesotho)'
 -30.16030 -28.37780
 -30.20790 -28.35010
 -30.24690 -28.31030
 -30.32670 -28.25750
 -30.49830 -28.16000
 -30.55190 -28.14810
 -30.65050 -28.07990
 -30.64920 -28.02170
 -30.64420 -27.97280
 -30.63760 -27.93330
 -30.59660 -27.73740
 -30.48460 -27.61240
 -30.42810 -27.57350
 -30.40490 -27.56460
 -30.35970 -27.56690
 -30.34720 -27.65150
 -30.26280 -27.83300
 -30.23810 -27.86030
 -30.19420 -27.90500
 -30.17830 -27.88530
 -30.13140 -27.88360
 -30.10450 -27.91610
 -30.07150 -27.97400
 -30.07750 -28.02890
 -30.07420 -28.07890
 -30.05110 -28.12500
 -30.00530 -28.26560
 -29.99390 -28.30080
 -30.05940 -28.29700
 -30.08060 -28.27000
 -30.12500 -28.24980
 -30.14730 -28.27850
 -30.16030 -28.37780
4197 36 -29.06511 -28.57069 -28.81206 -28.20083 'Butha-Buthe (Lesotho)'
 -28.87490 -28.81210
 -28.89040 -28.79220
 -28.93150 -28.75630
 -28.95840 -28.74560
 -28.98970 -28.74120
 -29.02420 -28.73640
 -29.04570 -28.72040
 -29.06510 -28.66620
 -29.06140 -28.50420
 -29.02250 -28.49790
 -28.95550 -28.49610
 -28.89920 -28.48520
 -28.85620 -28.47630
 -28.84700 -28.45360
 -28.82530 -28.36350
 -28.81380 -28.29600
 -28.81160 -28.26580
 -28.80000 -28.22640
 -28.76390 -28.20590
 -28.71190 -28.20080
 -28.71030 -28.28740
 -28.69280 -28.35620
 -28.66440 -28.36830
 -28.62780 -28.39970
 -28.61360 -28.45970
 -28.61000 -28.48820
 -28.61140 -28.51390
 -28.60680 -28.57800
 -28.58720 -28.61110
 -28.57070 -28.64780
 -28.59610 -28.68640
 -28.70690 -28.79250
 -28.75750 -28.80690
 -28.78670 -28.80970
 -28.82800 -28.81180
 -28.87490 -28.81210
4198 53 -29.33510 -28.69826 -28.81447 -27.63347 'Leribe (Lesotho)'
 -28.87490 -28.81210
 -28.90600 -28.81450
 -29.06850 -28.79960
 -29.09440 -28.79040
 -29.20460 -28.71990
 -29.27990 -28.65320
 -29.33510 -28.65840
 -29.31420 -28.51980
 -29.30020 -28.48250
 -29.28260 -28.44300
 -29.25230 -28.41820
 -29.15460 -28.36380
 -29.13430 -28.32290
 -29.13940 -28.29750
 -29.15410 -28.27530
 -29.12330 -28.20340
 -29.02610 -28.03050
 -28.99810 -27.98340
 -29.08440 -27.89310
 -29.07870 -27.85910
 -29.06910 -27.83230
 -29.07790 -27.75860
 -29.09750 -27.71590
 -29.10640 -27.68850
 -29.09110 -27.64310
 -29.07600 -27.63350
 -29.04040 -27.63680
 -28.91810 -27.79750
 -28.90250 -27.89220
 -28.86220 -28.01670
 -28.81000 -28.06690
 -28.74030 -28.11860
 -28.69830 -28.18280
 -28.71190 -28.20080
 -28.76390 -28.20590
 -28.80000 -28.22640
 -28.81160 -28.26580
 -28.81380 -28.29600
 -28.82530 -28.36350
 -28.84700 -28.45360
 -28.85620 -28.47630
 -28.89920 -28.48520
 -28.95550 -28.49610
 -29.02250 -28.49790
 -29.06140 -28.50420
 -29.06510 -28.66620
 -29.04570 -28.72040
 -29.02420 -28.73640
 -28.98970 -28.74120
 -28.95840 -28.74560
 -28.93150 -28.75630
 -28.89040 -28.79220
 -28.87490 -28.81210
4199 47 -29.60980 -28.75750 -29.45555 -28.65325 'Mokhotlong (Lesotho)'
 -28.76160 -28.86570
 -28.76440 -28.87110
 -28.79530 -28.90310
 -28.84190 -28.93330
 -28.87690 -28.95100
 -28.90940 -28.99830
 -29.03360 -29.20060
 -29.07190 -29.28580
 -29.08750 -29.32690
 -29.27860 -29.43080
 -29.34910 -29.45560
 -29.42800 -29.42190
 -29.43830 -29.39970
 -29.44410 -29.37410
 -29.45560 -29.34720
 -29.47560 -29.31010
 -29.50520 -29.29390
 -29.58190 -29.29530
 -29.58850 -29.23690
 -29.60980 -29.15930
 -29.60920 -29.09680
 -29.58530 -29.00560
 -29.56600 -28.95980
 -29.54790 -28.94210
 -29.52890 -28.85680
 -29.53230 -28.82610
 -29.54120 -28.79460
 -29.55300 -28.77570
 -29.55910 -28.73600
 -29.50320 -28.73310
 -29.42810 -28.78310
 -29.35450 -28.79890
 -29.23980 -28.79850
 -29.21510 -28.76970
 -29.23420 -28.75670
 -29.27250 -28.71290
 -29.28200 -28.68300
 -29.27990 -28.65320
 -29.20460 -28.71990
 -29.09440 -28.79040
 -29.06850 -28.79960
 -28.90600 -28.81450
 -28.87490 -28.81210
 -28.82800 -28.81180
 -28.78670 -28.80970
 -28.75750 -28.80690
 -28.76160 -28.86570
4200 49 -30.16028 -29.77162 -29.16653 -28.24977 'Qacha's Nek (Lesotho)'
 -29.98980 -29.02250
 -30.05530 -28.90640
 -30.06500 -28.88530
 -30.10140 -28.79060
 -30.13530 -28.67440
 -30.12990 -28.61890
 -30.12890 -28.52140
 -30.14380 -28.40460
 -30.16030 -28.37780
 -30.14730 -28.27850
 -30.12500 -28.24980
 -30.08060 -28.27000
 -30.05940 -28.29700
 -29.99390 -28.30080
 -30.02500 -28.35220
 -30.06010 -28.39470
 -30.05210 -28.42290
 -29.99470 -28.49070
 -29.96830 -28.50520
 -29.91340 -28.51930
 -29.88440 -28.52330
 -29.81210 -28.51720
 -29.79260 -28.50780
 -29.78230 -28.54010
 -29.78220 -28.56900
 -29.79930 -28.60230
 -29.83970 -28.65180
 -29.86670 -28.65540
 -29.89580 -28.65440
 -29.89500 -28.67830
 -29.88420 -28.72000
 -29.86190 -28.75000
 -29.84610 -28.79610
 -29.84120 -28.82910
 -29.85400 -28.89400
 -29.85120 -28.93820
 -29.84280 -28.96620
 -29.81380 -28.97370
 -29.78630 -29.01370
 -29.77160 -29.03620
 -29.78030 -29.07810
 -29.77940 -29.13670
 -29.80920 -29.12420
 -29.83490 -29.12940
 -29.84940 -29.15420
 -29.91540 -29.16650
 -29.95330 -29.10140
 -29.98000 -29.04390
 -29.98980 -29.02250
4201 74 -29.92011 -29.13431 -29.29527 -28.07479 'Thaba Tseka (Lesotho)'
 -29.30020 -28.23430
 -29.28640 -28.26100
 -29.26530 -28.28030
 -29.24520 -28.27720
 -29.23020 -28.25380
 -29.20290 -28.23960
 -29.17560 -28.25500
 -29.15410 -28.27530
 -29.13940 -28.29750
 -29.13430 -28.32290
 -29.15460 -28.36380
 -29.25230 -28.41820
 -29.28260 -28.44300
 -29.30020 -28.48250
 -29.31420 -28.51980
 -29.33510 -28.65840
 -29.27990 -28.65320
 -29.28200 -28.68300
 -29.27250 -28.71290
 -29.23420 -28.75670
 -29.21510 -28.76970
 -29.23980 -28.79850
 -29.35450 -28.79890
 -29.42810 -28.78310
 -29.50320 -28.73310
 -29.55910 -28.73600
 -29.55300 -28.77570
 -29.54120 -28.79460
 -29.53230 -28.82610
 -29.52890 -28.85680
 -29.54790 -28.94210
 -29.56600 -28.95980
 -29.58530 -29.00560
 -29.60920 -29.09680
 -29.60980 -29.15930
 -29.58850 -29.23690
 -29.58190 -29.29530
 -29.61830 -29.29330
 -29.63060 -29.27110
 -29.63240 -29.24080
 -29.63970 -29.21690
 -29.66390 -29.17290
 -29.71690 -29.14560
 -29.75510 -29.13290
 -29.77940 -29.13670
 -29.78030 -29.07810
 -29.77160 -29.03620
 -29.78630 -29.01370
 -29.81380 -28.97370
 -29.84280 -28.96620
 -29.85120 -28.93820
 -29.85400 -28.89400
 -29.84120 -28.82910
 -29.84610 -28.79610
 -29.86190 -28.75000
 -29.88420 -28.72000
 -29.89500 -28.67830
 -29.89580 -28.65440
 -29.86670 -28.65540
 -29.83970 -28.65180
 -29.79930 -28.60230
 -29.78220 -28.56900
 -29.78230 -28.54010
 -29.79260 -28.50780
 -29.85530 -28.40680
 -29.92010 -28.27200
 -29.88980 -28.25350
 -29.77450 -28.20090
 -29.73220 -28.18370
 -29.64230 -28.16460
 -29.44600 -28.07480
 -29.41530 -28.09610
 -29.34410 -28.19060
 -29.30020 -28.23430
