0 192 -12.4594 -8.37376 -30.456 -28.3574 'Luapula (Zambia)'
 -12.45750 -29.47055
 -12.43389 -29.40000
 -12.36542 -29.26104
 -12.36903 -29.17680
 -12.37625 -29.14888
 -12.39111 -29.10388
 -12.38723 -29.05708
 -12.37695 -29.02708
 -12.35576 -29.02500
 -12.30528 -29.00083
 -12.20056 -28.93542
 -12.18153 -28.91972
 -12.09695 -28.83555
 -11.98819 -28.69764
 -11.98111 -28.67694
 -11.95639 -28.63222
 -11.87055 -28.50027
 -11.77639 -28.44861
 -11.72416 -28.44486
 -11.66250 -28.42583
 -11.61889 -28.40695
 -11.59500 -28.39527
 -11.57666 -28.37916
 -11.55555 -28.36541
 -11.52445 -28.35743
 -11.47584 -28.35805
 -11.43436 -28.36670
 -11.36945 -28.41055
 -11.24458 -28.46500
 -11.22305 -28.47111
 -11.16250 -28.48555
 -10.95584 -28.53028
 -10.85555 -28.54903
 -10.83278 -28.55361
 -10.79028 -28.57638
 -10.71500 -28.62541
 -10.71076 -28.66139
 -10.65187 -28.69875
 -10.55695 -28.66333
 -10.51924 -28.63347
 -10.24611 -28.59500
 -10.14750 -28.62305
 -9.98639 -28.62222
 -9.94778 -28.62583
 -9.92584 -28.63111
 -9.85250 -28.66083
 -9.79576 -28.69555
 -9.74861 -28.66972
 -9.47084 -28.53777
 -9.35903 -28.51895
 -9.33695 -28.48735
 -9.32292 -28.42889
 -9.30278 -28.39027
 -9.27917 -28.37222
 -9.25042 -28.37715
 -9.22750 -28.39764
 -9.21764 -28.41569
 -9.20555 -28.44277
 -9.19153 -28.47389
 -9.16834 -28.51695
 -9.10861 -28.60388
 -9.09389 -28.62250
 -9.01708 -28.70514
 -8.99195 -28.72861
 -8.90278 -28.80527
 -8.85750 -28.84361
 -8.82695 -28.86833
 -8.74195 -28.92583
 -8.68667 -28.95277
 -8.66472 -28.96195
 -8.63555 -28.96055
 -8.59695 -28.95361
 -8.52945 -28.93069
 -8.48041 -28.89975
 -8.47861 -28.90166
 -8.47473 -28.92250
 -8.46417 -28.99195
 -8.43305 -29.20055
 -8.42778 -29.23527
 -8.40334 -29.39500
 -8.37666 -29.56861
 -8.37376 -29.57515
 -8.37666 -29.57611
 -8.41000 -29.56055
 -8.44764 -29.54083
 -8.47361 -29.52271
 -8.49500 -29.49777
 -8.49945 -29.47666
 -8.51097 -29.43916
 -8.52195 -29.41666
 -8.54639 -29.39569
 -8.64875 -29.33458
 -8.66861 -29.32555
 -8.69417 -29.31500
 -8.72097 -29.30527
 -8.75153 -29.29861
 -8.79826 -29.28930
 -8.85639 -29.27055
 -8.88639 -29.25722
 -8.90834 -29.24666
 -8.92916 -29.22597
 -8.95055 -29.17597
 -9.04611 -29.11805
 -9.09584 -29.10555
 -9.15611 -29.19680
 -9.15695 -29.21792
 -9.18000 -29.26334
 -9.22084 -29.32930
 -9.25305 -29.34722
 -9.33917 -29.34777
 -9.39278 -29.32819
 -9.42236 -29.32361
 -9.45028 -29.32666
 -9.52819 -29.35195
 -9.64916 -29.53445
 -9.66055 -29.58542
 -9.71090 -29.80264
 -9.84278 -29.92222
 -9.88868 -29.94169
 -10.04695 -29.92555
 -10.09334 -29.91333
 -10.20528 -29.87750
 -10.22416 -29.86139
 -10.23625 -29.83653
 -10.23555 -29.80750
 -10.22319 -29.77985
 -10.21805 -29.73486
 -10.22181 -29.70000
 -10.23389 -29.67388
 -10.32889 -29.50638
 -10.38223 -29.43930
 -10.49166 -29.39326
 -10.51889 -29.40945
 -10.56389 -29.39027
 -10.60166 -29.36389
 -10.65361 -29.30389
 -10.74653 -29.16222
 -10.77125 -29.16389
 -10.83250 -29.16472
 -10.87181 -29.16062
 -10.90042 -29.13500
 -10.91723 -29.11389
 -10.94445 -29.09139
 -10.96250 -29.08055
 -10.97722 -29.12389
 -10.99334 -29.17472
 -11.07931 -29.26042
 -11.09250 -29.27889
 -11.11750 -29.38256
 -11.03986 -29.39750
 -11.02195 -29.38055
 -10.99889 -29.36555
 -10.90584 -29.32445
 -10.78417 -29.55305
 -10.73785 -29.65409
 -10.78584 -29.75250
 -10.80111 -29.78028
 -10.90555 -29.86195
 -10.94222 -29.88305
 -10.96292 -29.88833
 -11.00611 -29.89250
 -11.03805 -29.89195
 -11.09695 -29.88805
 -11.15945 -29.87805
 -11.31973 -29.84695
 -11.40399 -29.83178
 -11.23958 -30.00805
 -11.24195 -30.12222
 -11.48813 -30.45604
 -11.58584 -30.45333
 -11.82334 -30.26305
 -11.83084 -30.22777
 -11.85445 -30.09735
 -11.86528 -29.98416
 -11.89555 -29.80389
 -11.91433 -29.77859
 -11.95445 -29.77138
 -12.01166 -29.77680
 -12.05757 -29.79006
 -12.10097 -29.82340
 -12.14528 -29.81222
 -12.15525 -29.80505
 -12.15416 -29.77027
 -12.19084 -29.56888
 -12.24910 -29.47354
 -12.33875 -29.44695
 -12.39355 -29.48958
 -12.39566 -29.52368
 -12.42528 -29.52764
 -12.44250 -29.51708
 -12.45945 -29.48166
 -12.45750 -29.47055
1 327 -13.4348 -8.19166 -33.7023 -29.0806 'Northern (Zambia)'
 -8.37376 -29.57515
 -8.37361 -29.58945
 -8.32223 -29.92277
 -8.29750 -30.08250
 -8.27055 -30.25611
 -8.24195 -30.43666
 -8.23111 -30.50611
 -8.19555 -30.73527
 -8.19166 -30.76305
 -8.19225 -30.77124
 -8.19834 -30.77084
 -8.26555 -30.79416
 -8.35292 -30.83584
 -8.38167 -30.85277
 -8.46778 -30.90750
 -8.53222 -30.96097
 -8.54750 -30.97695
 -8.58500 -31.03264
 -8.59973 -31.05945
 -8.60750 -31.07889
 -8.61389 -31.11042
 -8.61285 -31.14229
 -8.59528 -31.17027
 -8.57889 -31.20277
 -8.57972 -31.22680
 -8.62000 -31.29555
 -8.63361 -31.41472
 -8.66639 -31.48555
 -8.75139 -31.56389
 -8.81778 -31.57395
 -8.83973 -31.59278
 -8.90889 -31.68361
 -8.91708 -31.70639
 -8.91275 -31.74125
 -8.88768 -31.78738
 -8.89778 -31.83500
 -8.91416 -31.89778
 -8.93625 -31.95208
 -8.95305 -31.93833
 -8.97389 -31.93180
 -9.00973 -31.93278
 -9.03125 -31.93930
 -9.07063 -31.98166
 -9.06834 -32.00264
 -9.04632 -32.02993
 -9.04153 -32.05875
 -9.05195 -32.08639
 -9.05872 -32.09494
 -9.06445 -32.16035
 -9.09973 -32.19972
 -9.12028 -32.22138
 -9.13334 -32.25861
 -9.13473 -32.30166
 -9.13250 -32.36555
 -9.12903 -32.42125
 -9.17674 -32.49069
 -9.21729 -32.50548
 -9.26118 -32.54006
 -9.27417 -32.62833
 -9.28222 -32.70277
 -9.33250 -32.76777
 -9.37389 -32.84416
 -9.37723 -32.87472
 -9.39028 -32.91527
 -9.40508 -32.94040
 -9.41584 -32.93944
 -9.45584 -32.94360
 -9.47736 -32.94708
 -9.62185 -33.00013
 -9.63133 -33.01880
 -9.63167 -33.07222
 -9.62500 -33.10916
 -9.59805 -33.13499
 -9.60250 -33.20694
 -9.63416 -33.22916
 -9.65555 -33.23416
 -9.67764 -33.22888
 -9.70528 -33.22458
 -9.73139 -33.23861
 -9.79889 -33.30250
 -9.81111 -33.32249
 -9.93305 -33.35945
 -9.99361 -33.33083
 -10.06403 -33.32597
 -10.16528 -33.46166
 -10.20611 -33.53388
 -10.22375 -33.55708
 -10.24486 -33.56027
 -10.27111 -33.55055
 -10.29639 -33.54583
 -10.33187 -33.54485
 -10.39250 -33.56750
 -10.50075 -33.64656
 -10.54861 -33.68749
 -10.56185 -33.70228
 -10.58250 -33.60889
 -10.68993 -33.52085
 -10.74166 -33.46583
 -10.76736 -33.35076
 -10.75202 -33.22569
 -10.71195 -33.22084
 -10.67625 -33.22583
 -10.62236 -33.23485
 -10.59611 -33.23611
 -10.56305 -33.23430
 -10.42916 -33.20361
 -10.42778 -33.14222
 -10.42166 -33.07014
 -10.38334 -33.05750
 -10.32195 -32.97639
 -10.31000 -32.81305
 -10.38945 -32.68416
 -10.47834 -32.54527
 -10.48945 -32.52666
 -10.54250 -32.41888
 -10.57000 -32.36084
 -10.59000 -32.33596
 -10.61334 -32.32027
 -10.67084 -32.29805
 -10.72424 -32.29285
 -10.76361 -32.34042
 -10.82917 -32.39139
 -10.84973 -32.38694
 -10.87334 -32.37472
 -10.91166 -32.34888
 -10.94653 -32.32708
 -10.96805 -32.33361
 -10.99111 -32.35166
 -11.02160 -32.36840
 -11.06014 -32.32985
 -11.10875 -32.28277
 -11.13584 -32.26388
 -11.25223 -32.23625
 -11.40611 -32.21889
 -11.46750 -32.22472
 -11.47452 -32.25375
 -11.46559 -32.32100
 -11.48834 -32.38110
 -11.51278 -32.43666
 -11.54334 -32.47291
 -11.69993 -32.59861
 -11.78555 -32.54250
 -11.82084 -32.51583
 -11.85514 -32.48666
 -11.87126 -32.46485
 -11.88181 -32.44166
 -12.13535 -32.28305
 -12.18472 -32.28708
 -12.20868 -32.29340
 -12.26903 -32.27611
 -12.29236 -32.25708
 -12.31313 -32.22604
 -12.34389 -32.19735
 -12.41035 -32.15285
 -12.46382 -32.14035
 -12.53389 -32.13375
 -12.74861 -32.08222
 -12.78458 -32.06736
 -12.89445 -31.98139
 -13.04695 -31.88250
 -13.06305 -31.84472
 -13.10389 -31.76639
 -13.20292 -31.68597
 -13.24347 -31.66750
 -13.27028 -31.67083
 -13.30722 -31.66472
 -13.34389 -31.65027
 -13.36389 -31.63472
 -13.42597 -31.54903
 -13.43334 -31.52611
 -13.43483 -31.43282
 -13.39834 -31.42666
 -13.27882 -31.38680
 -13.24479 -31.36840
 -13.21750 -31.36333
 -13.16195 -31.36195
 -13.13055 -31.36195
 -13.05945 -31.35666
 -13.00195 -31.35000
 -12.98278 -31.34195
 -12.96750 -31.32305
 -12.95208 -31.29097
 -12.94666 -31.26972
 -12.94736 -31.22208
 -12.96653 -31.18722
 -12.99334 -31.18069
 -13.03781 -31.14916
 -13.03847 -31.11166
 -13.01764 -31.08236
 -12.99305 -31.06195
 -12.97542 -31.05250
 -12.95340 -31.02868
 -12.92743 -30.90479
 -12.93486 -30.86159
 -12.91611 -30.81611
 -12.90334 -30.79277
 -12.86757 -30.74264
 -12.75750 -30.72653
 -12.72473 -30.74111
 -12.69479 -30.76298
 -12.66792 -30.76535
 -12.62639 -30.70861
 -12.61181 -30.65888
 -12.62455 -30.61697
 -12.58076 -30.56785
 -12.47889 -30.51722
 -12.39167 -30.51055
 -12.33458 -30.51334
 -12.31069 -30.50389
 -12.27236 -30.41042
 -12.26000 -30.34083
 -12.24416 -30.28166
 -12.20334 -30.15888
 -12.16250 -30.10111
 -12.14834 -30.08334
 -12.10305 -30.05445
 -12.06931 -30.04972
 -12.03417 -30.03500
 -12.00063 -29.99695
 -12.00416 -29.96334
 -12.00945 -29.94222
 -12.02916 -29.89153
 -12.05055 -29.85798
 -12.08250 -29.84889
 -12.12271 -29.84368
 -12.15555 -29.82153
 -12.15525 -29.80505
 -12.14528 -29.81222
 -12.10097 -29.82340
 -12.05757 -29.79006
 -12.01166 -29.77680
 -11.95445 -29.77138
 -11.91433 -29.77859
 -11.89555 -29.80389
 -11.86528 -29.98416
 -11.85445 -30.09735
 -11.83084 -30.22777
 -11.82334 -30.26305
 -11.58584 -30.45333
 -11.48813 -30.45604
 -11.24195 -30.12222
 -11.23958 -30.00805
 -11.40399 -29.83178
 -11.31973 -29.84695
 -11.15945 -29.87805
 -11.09695 -29.88805
 -11.03805 -29.89195
 -11.00611 -29.89250
 -10.96292 -29.88833
 -10.94222 -29.88305
 -10.90555 -29.86195
 -10.80111 -29.78028
 -10.78584 -29.75250
 -10.73785 -29.65409
 -10.78417 -29.55305
 -10.90584 -29.32445
 -10.99889 -29.36555
 -11.02195 -29.38055
 -11.03986 -29.39750
 -11.11750 -29.38256
 -11.09250 -29.27889
 -11.07931 -29.26042
 -10.99334 -29.17472
 -10.97722 -29.12389
 -10.96250 -29.08055
 -10.94445 -29.09139
 -10.91723 -29.11389
 -10.90042 -29.13500
 -10.87181 -29.16062
 -10.83250 -29.16472
 -10.77125 -29.16389
 -10.74653 -29.16222
 -10.65361 -29.30389
 -10.60166 -29.36389
 -10.56389 -29.39027
 -10.51889 -29.40945
 -10.49166 -29.39326
 -10.38223 -29.43930
 -10.32889 -29.50638
 -10.23389 -29.67388
 -10.22181 -29.70000
 -10.21805 -29.73486
 -10.22319 -29.77985
 -10.23555 -29.80750
 -10.23625 -29.83653
 -10.22416 -29.86139
 -10.20528 -29.87750
 -10.09334 -29.91333
 -10.04695 -29.92555
 -9.88868 -29.94169
 -9.84278 -29.92222
 -9.71090 -29.80264
 -9.66055 -29.58542
 -9.64916 -29.53445
 -9.52819 -29.35195
 -9.45028 -29.32666
 -9.42236 -29.32361
 -9.39278 -29.32819
 -9.33917 -29.34777
 -9.25305 -29.34722
 -9.22084 -29.32930
 -9.18000 -29.26334
 -9.15695 -29.21792
 -9.15611 -29.19680
 -9.09584 -29.10555
 -9.04611 -29.11805
 -8.95055 -29.17597
 -8.92916 -29.22597
 -8.90834 -29.24666
 -8.88639 -29.25722
 -8.85639 -29.27055
 -8.79826 -29.28930
 -8.75153 -29.29861
 -8.72097 -29.30527
 -8.69417 -29.31500
 -8.66861 -29.32555
 -8.64875 -29.33458
 -8.54639 -29.39569
 -8.52195 -29.41666
 -8.51097 -29.43916
 -8.49945 -29.47666
 -8.49500 -29.49777
 -8.47361 -29.52271
 -8.44764 -29.54083
 -8.41000 -29.56055
 -8.37666 -29.57611
 -8.37376 -29.57515
2 236 -15.7399 -12.0006 -31.4328 -25.3247 'Central (Zambia)'
 -15.29897 -25.32474
 -15.21666 -25.32722
 -15.13416 -25.38416
 -15.11389 -25.41527
 -15.02569 -25.45500
 -14.96722 -25.45493
 -14.89584 -25.42055
 -14.87417 -25.42083
 -14.68861 -25.47625
 -14.63403 -25.50305
 -14.60695 -25.51972
 -14.58826 -25.53833
 -14.58521 -25.54834
 -14.55167 -25.58528
 -14.58500 -25.94028
 -14.59167 -26.00819
 -14.60695 -26.10500
 -14.61555 -26.15777
 -14.62365 -26.17755
 -14.71826 -26.32416
 -14.69340 -26.37354
 -14.65757 -26.37555
 -14.60805 -26.40639
 -14.57195 -26.43472
 -14.46736 -26.53472
 -14.44952 -26.56819
 -14.43000 -26.77278
 -14.40943 -26.95520
 -14.19778 -26.98222
 -14.17431 -26.98055
 -14.14181 -26.96555
 -14.11000 -26.94222
 -14.08139 -26.91861
 -14.02028 -26.89722
 -13.90945 -26.91166
 -13.88834 -26.92027
 -13.86723 -26.93527
 -13.83931 -26.95111
 -13.81861 -26.95486
 -13.72618 -26.86861
 -13.71662 -26.85236
 -13.71805 -26.87472
 -13.72361 -27.08861
 -13.73722 -27.34597
 -13.86855 -27.38632
 -13.90666 -27.39778
 -13.91964 -27.42248
 -13.88916 -27.47222
 -13.81958 -27.55027
 -13.75778 -27.57722
 -13.70584 -27.60027
 -13.65754 -27.62878
 -13.64805 -27.64861
 -13.67889 -27.81528
 -13.91555 -27.91666
 -13.92097 -27.95235
 -13.89473 -28.03695
 -13.86445 -28.17611
 -13.87334 -28.32389
 -13.88972 -28.41611
 -13.88334 -28.51222
 -13.85187 -28.67430
 -13.78695 -28.66916
 -13.73410 -28.66868
 -13.57305 -28.85639
 -13.52334 -28.95028
 -13.39611 -29.06250
 -13.38744 -29.06585
 -13.38916 -29.09805
 -13.43382 -29.19739
 -13.37305 -29.30833
 -13.30334 -29.46430
 -13.28972 -29.48555
 -13.26028 -29.51861
 -13.23473 -29.54514
 -13.22278 -29.57042
 -13.22347 -29.59472
 -13.26687 -29.68347
 -13.30021 -29.68195
 -13.31639 -29.65097
 -13.38223 -29.62111
 -13.41555 -29.63403
 -13.43472 -29.65458
 -13.45805 -29.72666
 -13.44973 -29.80166
 -13.41778 -29.80222
 -13.17139 -29.80305
 -12.78084 -29.80445
 -12.54111 -29.80555
 -12.47250 -29.80583
 -12.22555 -29.80666
 -12.16389 -29.80639
 -12.15525 -29.80505
 -12.15555 -29.82153
 -12.12271 -29.84368
 -12.08250 -29.84889
 -12.05055 -29.85798
 -12.02916 -29.89153
 -12.00945 -29.94222
 -12.00416 -29.96334
 -12.00063 -29.99695
 -12.03417 -30.03500
 -12.06931 -30.04972
 -12.10305 -30.05445
 -12.14834 -30.08334
 -12.16250 -30.10111
 -12.20334 -30.15888
 -12.24416 -30.28166
 -12.26000 -30.34083
 -12.27236 -30.41042
 -12.31069 -30.50389
 -12.33458 -30.51334
 -12.39167 -30.51055
 -12.47889 -30.51722
 -12.58076 -30.56785
 -12.62455 -30.61697
 -12.61181 -30.65888
 -12.62639 -30.70861
 -12.66792 -30.76535
 -12.69479 -30.76298
 -12.72473 -30.74111
 -12.75750 -30.72653
 -12.86757 -30.74264
 -12.90334 -30.79277
 -12.91611 -30.81611
 -12.93486 -30.86159
 -12.92743 -30.90479
 -12.95340 -31.02868
 -12.97542 -31.05250
 -12.99305 -31.06195
 -13.01764 -31.08236
 -13.03847 -31.11166
 -13.03781 -31.14916
 -12.99334 -31.18069
 -12.96653 -31.18722
 -12.94736 -31.22208
 -12.94666 -31.26972
 -12.95208 -31.29097
 -12.96750 -31.32305
 -12.98278 -31.34195
 -13.00195 -31.35000
 -13.05945 -31.35666
 -13.13055 -31.36195
 -13.16195 -31.36195
 -13.21750 -31.36333
 -13.24479 -31.36840
 -13.27882 -31.38680
 -13.39834 -31.42666
 -13.43483 -31.43282
 -13.46055 -31.37083
 -13.59028 -31.16625
 -13.63347 -31.11903
 -13.67469 -31.10986
 -13.71403 -31.10340
 -13.77945 -31.03555
 -13.82778 -30.95888
 -13.92759 -30.89095
 -13.93153 -30.86639
 -13.93139 -30.09014
 -14.04778 -30.18236
 -14.06375 -30.22486
 -14.07278 -30.25750
 -14.08000 -30.27653
 -14.09916 -30.30389
 -14.12084 -30.31666
 -14.15493 -30.31882
 -14.21049 -30.29187
 -14.37695 -30.08334
 -14.45236 -30.02639
 -14.50723 -30.00916
 -14.56584 -29.99861
 -14.61055 -29.99319
 -14.65889 -30.03250
 -14.64889 -29.96805
 -14.69500 -29.81305
 -14.72222 -29.73722
 -14.76945 -29.64861
 -14.85498 -29.49765
 -14.93754 -29.47925
 -14.99676 -29.42516
 -14.99422 -29.34156
 -14.93418 -29.28218
 -14.85389 -29.25417
 -14.87806 -29.18861
 -14.93297 -29.11695
 -14.97481 -29.05300
 -14.98180 -28.95740
 -15.04289 -28.89533
 -15.09258 -28.85324
 -15.13069 -28.80523
 -15.11982 -28.63409
 -15.14845 -28.60406
 -15.14411 -28.53639
 -15.11295 -28.48282
 -15.10658 -28.40123
 -15.10230 -28.34153
 -15.16162 -28.30137
 -15.25001 -28.29091
 -15.30563 -28.27068
 -15.31294 -28.21887
 -15.26341 -28.02008
 -15.22938 -27.83712
 -15.24636 -27.79123
 -15.35023 -27.79461
 -15.34300 -27.85836
 -15.37613 -27.91789
 -15.43989 -27.95933
 -15.51297 -27.95891
 -15.53371 -27.90305
 -15.54251 -27.79151
 -15.64361 -27.76778
 -15.66236 -27.74055
 -15.66611 -27.69861
 -15.65000 -27.68027
 -15.62264 -27.65111
 -15.58625 -27.65889
 -15.55666 -27.66111
 -15.52055 -27.63084
 -15.47569 -27.56305
 -15.47806 -27.54235
 -15.58611 -27.40166
 -15.73986 -27.30742
 -15.72473 -27.28028
 -15.47750 -27.22305
 -15.47389 -27.07389
 -15.43805 -26.99555
 -15.33305 -26.81027
 -15.33334 -26.75083
 -15.33250 -26.55250
 -15.33055 -26.38305
 -15.29500 -26.06305
 -15.28889 -26.00972
 -15.29389 -25.72222
 -15.29916 -25.41445
 -15.30028 -25.34222
 -15.29897 -25.32474
3 108 -13.921 -12.2334 -29.0658 -26.7889 'Copperbelt (Zambia)'
 -13.71662 -26.85236
 -13.70445 -26.83222
 -13.69305 -26.81416
 -13.67208 -26.79625
 -13.64958 -26.78930
 -13.61916 -26.78889
 -13.57000 -26.79500
 -13.54500 -26.80361
 -13.43736 -26.86215
 -13.40695 -26.91555
 -13.35375 -26.96708
 -13.33445 -26.97722
 -13.29160 -26.97812
 -13.24861 -26.95945
 -13.22778 -26.95930
 -13.20215 -26.97055
 -13.18305 -26.99389
 -13.16458 -27.02680
 -13.15195 -27.04527
 -13.12702 -27.06340
 -13.00493 -27.09368
 -12.97750 -27.03305
 -12.94945 -26.97389
 -12.92723 -26.92972
 -12.88847 -26.87819
 -12.73931 -26.84250
 -12.67166 -26.86277
 -12.64389 -26.88027
 -12.53160 -27.01979
 -12.50139 -27.06777
 -12.41611 -27.06888
 -12.38695 -27.06695
 -12.35945 -27.05847
 -12.33805 -27.05597
 -12.33334 -27.15375
 -12.33528 -27.19000
 -12.34028 -27.22042
 -12.34500 -27.25055
 -12.34500 -27.28222
 -12.27028 -27.45195
 -12.30549 -27.49756
 -12.24695 -27.58625
 -12.23336 -27.60006
 -12.24528 -27.62333
 -12.26264 -27.64069
 -12.29028 -27.65542
 -12.30223 -27.67701
 -12.29778 -27.79743
 -12.28334 -27.82195
 -12.25979 -27.83819
 -12.25472 -27.86028
 -12.26472 -27.88555
 -12.27750 -27.91445
 -12.29084 -27.93584
 -12.31160 -27.96395
 -12.36778 -28.04916
 -12.42945 -28.16361
 -12.42445 -28.22945
 -12.43305 -28.31945
 -12.44042 -28.34653
 -12.52584 -28.44625
 -12.65681 -28.53055
 -12.68916 -28.53055
 -12.70715 -28.51569
 -12.72819 -28.49507
 -12.75500 -28.49792
 -12.89181 -28.57271
 -12.89202 -28.59743
 -12.86361 -28.61750
 -12.84000 -28.63715
 -12.84063 -28.67354
 -12.90868 -28.74298
 -13.02667 -28.82500
 -13.15424 -28.92021
 -13.25084 -28.95055
 -13.27473 -28.95445
 -13.33111 -28.95798
 -13.36014 -28.97042
 -13.39847 -29.01875
 -13.39653 -29.04028
 -13.38744 -29.06585
 -13.39611 -29.06250
 -13.52334 -28.95028
 -13.57305 -28.85639
 -13.73410 -28.66868
 -13.78695 -28.66916
 -13.85187 -28.67430
 -13.88334 -28.51222
 -13.88972 -28.41611
 -13.87334 -28.32389
 -13.86445 -28.17611
 -13.89473 -28.03695
 -13.92097 -27.95235
 -13.91555 -27.91666
 -13.67889 -27.81528
 -13.64805 -27.64861
 -13.65754 -27.62878
 -13.70584 -27.60027
 -13.75778 -27.57722
 -13.81958 -27.55027
 -13.88916 -27.47222
 -13.91964 -27.42248
 -13.90666 -27.39778
 -13.86855 -27.38632
 -13.73722 -27.34597
 -13.72361 -27.08861
 -13.71805 -26.87472
 -13.71662 -26.85236
4 212 -14.9817 -10.31 -33.7023 -29.9932 'Eastern (Zambia)'
 -14.65889 -30.03250
 -14.61055 -29.99319
 -14.56584 -29.99861
 -14.50723 -30.00916
 -14.45236 -30.02639
 -14.37695 -30.08334
 -14.21049 -30.29187
 -14.15493 -30.31882
 -14.12084 -30.31666
 -14.09916 -30.30389
 -14.08000 -30.27653
 -14.07278 -30.25750
 -14.06375 -30.22486
 -14.04778 -30.18236
 -13.93139 -30.09014
 -13.93153 -30.86639
 -13.92759 -30.89095
 -13.82778 -30.95888
 -13.77945 -31.03555
 -13.71403 -31.10340
 -13.67469 -31.10986
 -13.63347 -31.11903
 -13.59028 -31.16625
 -13.46055 -31.37083
 -13.43483 -31.43282
 -13.43334 -31.52611
 -13.42597 -31.54903
 -13.36389 -31.63472
 -13.34389 -31.65027
 -13.30722 -31.66472
 -13.27028 -31.67083
 -13.24347 -31.66750
 -13.20292 -31.68597
 -13.10389 -31.76639
 -13.06305 -31.84472
 -13.04695 -31.88250
 -12.89445 -31.98139
 -12.78458 -32.06736
 -12.74861 -32.08222
 -12.53389 -32.13375
 -12.46382 -32.14035
 -12.41035 -32.15285
 -12.34389 -32.19735
 -12.31313 -32.22604
 -12.29236 -32.25708
 -12.26903 -32.27611
 -12.20868 -32.29340
 -12.18472 -32.28708
 -12.13535 -32.28305
 -11.88181 -32.44166
 -11.87126 -32.46485
 -11.85514 -32.48666
 -11.82084 -32.51583
 -11.78555 -32.54250
 -11.69993 -32.59861
 -11.54334 -32.47291
 -11.51278 -32.43666
 -11.48834 -32.38110
 -11.46559 -32.32100
 -11.47452 -32.25375
 -11.46750 -32.22472
 -11.40611 -32.21889
 -11.25223 -32.23625
 -11.13584 -32.26388
 -11.10875 -32.28277
 -11.06014 -32.32985
 -11.02160 -32.36840
 -10.99111 -32.35166
 -10.96805 -32.33361
 -10.94653 -32.32708
 -10.91166 -32.34888
 -10.87334 -32.37472
 -10.84973 -32.38694
 -10.82917 -32.39139
 -10.76361 -32.34042
 -10.72424 -32.29285
 -10.67084 -32.29805
 -10.61334 -32.32027
 -10.59000 -32.33596
 -10.57000 -32.36084
 -10.54250 -32.41888
 -10.48945 -32.52666
 -10.47834 -32.54527
 -10.38945 -32.68416
 -10.31000 -32.81305
 -10.32195 -32.97639
 -10.38334 -33.05750
 -10.42166 -33.07014
 -10.42778 -33.14222
 -10.42916 -33.20361
 -10.56305 -33.23430
 -10.59611 -33.23611
 -10.62236 -33.23485
 -10.67625 -33.22583
 -10.71195 -33.22084
 -10.75202 -33.22569
 -10.76736 -33.35076
 -10.74166 -33.46583
 -10.68993 -33.52085
 -10.58250 -33.60889
 -10.56185 -33.70228
 -10.57666 -33.69597
 -10.59625 -33.68041
 -10.62111 -33.63777
 -10.64778 -33.60472
 -10.71292 -33.54701
 -10.74361 -33.54180
 -10.77555 -33.51083
 -10.80361 -33.46090
 -10.80305 -33.41777
 -10.79861 -33.39695
 -10.81389 -33.34416
 -10.86368 -33.26256
 -10.89208 -33.25041
 -11.08000 -33.34978
 -11.11305 -33.38444
 -11.16319 -33.41041
 -11.19389 -33.40084
 -11.21555 -33.39111
 -11.30028 -33.33944
 -11.36805 -33.29305
 -11.41105 -33.24951
 -11.52028 -33.25416
 -11.57076 -33.27041
 -11.58250 -33.30875
 -11.61306 -33.32458
 -11.74472 -33.33083
 -11.89723 -33.33222
 -12.00014 -33.31243
 -12.05723 -33.27999
 -12.12993 -33.27138
 -12.30972 -33.35527
 -12.32625 -33.36888
 -12.34014 -33.38958
 -12.34195 -33.41027
 -12.33639 -33.43666
 -12.31445 -33.47972
 -12.33576 -33.54583
 -12.36417 -33.54180
 -12.37781 -33.52866
 -12.38611 -33.50527
 -12.41278 -33.47639
 -12.43958 -33.47958
 -12.54042 -33.36402
 -12.58584 -33.23805
 -12.58931 -33.16430
 -12.58125 -33.14375
 -12.58528 -33.06903
 -12.60389 -33.04639
 -12.75799 -32.96201
 -12.85313 -32.97235
 -12.88576 -33.02674
 -12.91375 -33.03485
 -12.94111 -33.02888
 -12.96278 -33.02055
 -12.98111 -33.01027
 -13.00223 -33.00278
 -13.03695 -32.99277
 -13.09639 -32.98638
 -13.14055 -32.98625
 -13.22917 -32.97749
 -13.38931 -32.91875
 -13.43028 -32.89638
 -13.52861 -32.83166
 -13.54126 -32.81375
 -13.56389 -32.75333
 -13.56605 -32.69548
 -13.61285 -32.68187
 -13.63139 -32.71000
 -13.64195 -32.75416
 -13.63875 -32.78096
 -13.70416 -32.83083
 -13.82000 -32.89916
 -13.93472 -32.99000
 -13.98111 -33.07889
 -13.92695 -33.16673
 -13.97361 -33.18999
 -13.99715 -33.20451
 -14.01256 -33.22223
 -14.09667 -32.98389
 -14.30834 -32.37277
 -14.31722 -32.34333
 -14.34139 -32.23027
 -14.37723 -32.09472
 -14.42361 -31.95084
 -14.45778 -31.87500
 -14.46555 -31.85555
 -14.47278 -31.83555
 -14.48055 -31.80972
 -14.48695 -31.78250
 -14.49500 -31.73083
 -14.50208 -31.70084
 -14.58875 -31.53493
 -14.61153 -31.50375
 -14.61972 -31.48472
 -14.62528 -31.46334
 -14.66555 -31.30472
 -14.70834 -31.11639
 -14.71167 -31.09445
 -14.71639 -31.04583
 -14.75055 -30.91222
 -14.77805 -30.80805
 -14.84973 -30.60250
 -14.87584 -30.52777
 -14.88473 -30.50472
 -14.96778 -30.34361
 -14.98172 -30.21302
 -14.90131 -30.21636
 -14.84139 -30.21277
 -14.79972 -30.18166
 -14.66597 -30.04750
 -14.65889 -30.03250
5 86 -15.9637 -14.6489 -30.4158 -27.7678 'Lusaka (Zambia)'
 -15.65036 -30.29368
 -15.64014 -30.26125
 -15.63153 -30.15985
 -15.61653 -29.83500
 -15.62445 -29.79945
 -15.64805 -29.72805
 -15.67084 -29.65611
 -15.67125 -29.62722
 -15.66278 -29.60139
 -15.66090 -29.57847
 -15.73666 -29.34514
 -15.77736 -29.24569
 -15.88972 -29.07972
 -15.95195 -28.98889
 -15.96373 -28.94322
 -15.93889 -28.92340
 -15.93458 -28.88403
 -15.95674 -28.80576
 -15.95473 -28.75680
 -15.89611 -28.61166
 -15.84750 -28.50861
 -15.80375 -28.43722
 -15.78458 -28.36333
 -15.78931 -28.29055
 -15.80555 -28.26500
 -15.75723 -28.11916
 -15.69465 -28.01924
 -15.66723 -27.96764
 -15.65111 -27.81250
 -15.64361 -27.76778
 -15.54251 -27.79151
 -15.53371 -27.90305
 -15.51297 -27.95891
 -15.43989 -27.95933
 -15.37613 -27.91789
 -15.34300 -27.85836
 -15.35023 -27.79461
 -15.24636 -27.79123
 -15.22938 -27.83712
 -15.26341 -28.02008
 -15.31294 -28.21887
 -15.30563 -28.27068
 -15.25001 -28.29091
 -15.16162 -28.30137
 -15.10230 -28.34153
 -15.10658 -28.40123
 -15.11295 -28.48282
 -15.14411 -28.53639
 -15.14845 -28.60406
 -15.11982 -28.63409
 -15.13069 -28.80523
 -15.09258 -28.85324
 -15.04289 -28.89533
 -14.98180 -28.95740
 -14.97481 -29.05300
 -14.93297 -29.11695
 -14.87806 -29.18861
 -14.85389 -29.25417
 -14.93418 -29.28218
 -14.99422 -29.34156
 -14.99676 -29.42516
 -14.93754 -29.47925
 -14.85498 -29.49765
 -14.76945 -29.64861
 -14.72222 -29.73722
 -14.69500 -29.81305
 -14.64889 -29.96805
 -14.65889 -30.03250
 -14.66597 -30.04750
 -14.79972 -30.18166
 -14.84139 -30.21277
 -14.90131 -30.21636
 -14.98172 -30.21302
 -15.09611 -30.21916
 -15.13945 -30.22777
 -15.21611 -30.25250
 -15.25778 -30.27153
 -15.29139 -30.30334
 -15.31250 -30.33277
 -15.33743 -30.36111
 -15.47889 -30.38805
 -15.59361 -30.39666
 -15.63187 -30.41575
 -15.64723 -30.38486
 -15.65896 -30.35430
 -15.65036 -30.29368
6 258 -14.7183 -10.8692 -27.6001 -21.9964 'North-Western (Zambia)'
 -14.58521 -25.54834
 -14.58278 -25.51972
 -14.57653 -25.31764
 -14.60195 -25.23305
 -14.61805 -25.19972
 -14.62875 -25.16236
 -14.63649 -25.04027
 -14.63043 -25.02125
 -14.60935 -24.99335
 -14.57889 -24.96833
 -14.55708 -24.96055
 -14.47826 -24.96632
 -14.46528 -24.98305
 -14.45668 -25.00639
 -14.44139 -25.03438
 -14.42486 -25.05040
 -14.29347 -25.08680
 -14.25945 -25.08916
 -14.23208 -25.08458
 -14.21264 -25.05819
 -14.19861 -24.96000
 -14.12681 -24.75445
 -14.11375 -24.73833
 -14.08319 -24.72542
 -14.04611 -24.72666
 -14.00695 -24.70930
 -13.95875 -24.66168
 -13.95916 -24.59305
 -13.96028 -24.42777
 -13.95916 -24.38111
 -13.93958 -24.33430
 -13.91195 -24.28889
 -13.90445 -24.22576
 -13.96445 -24.05250
 -13.99514 -24.01625
 -14.00361 -23.98819
 -14.00223 -23.90888
 -13.99125 -23.83951
 -13.98805 -23.77750
 -13.99361 -23.68916
 -14.07472 -23.48972
 -14.13958 -23.36014
 -14.16945 -23.26833
 -14.17416 -23.22903
 -14.15997 -23.18235
 -14.13292 -23.18833
 -14.06973 -23.15888
 -13.97750 -23.05916
 -13.87819 -22.87527
 -13.86584 -22.84403
 -13.90584 -22.74486
 -13.93139 -22.73944
 -13.97921 -22.72864
 -13.98945 -22.69930
 -13.96805 -22.64111
 -13.90945 -22.54084
 -13.89416 -22.51583
 -13.81973 -22.42250
 -13.79473 -22.39195
 -13.75000 -22.33861
 -13.70834 -22.28972
 -13.69195 -22.26416
 -13.68195 -22.23889
 -13.68584 -22.21695
 -13.70723 -22.20361
 -13.75084 -22.15416
 -13.76389 -22.12014
 -13.76320 -22.09875
 -13.75055 -22.07277
 -13.73000 -22.05138
 -13.70778 -22.02500
 -13.69778 -22.00666
 -13.69778 -21.99825
 -13.45278 -21.99666
 -13.31555 -21.99639
 -13.00458 -22.00153
 -13.00499 -22.50000
 -13.00472 -22.99583
 -13.00528 -23.28250
 -13.00556 -23.42305
 -13.00639 -23.58472
 -13.00695 -23.88000
 -12.99945 -24.01945
 -12.95305 -24.00625
 -12.93347 -23.99458
 -12.89639 -23.96166
 -12.88028 -23.94639
 -12.85236 -23.91195
 -12.82542 -23.89195
 -12.76361 -23.88701
 -12.51250 -23.97138
 -12.49195 -23.98527
 -12.39243 -24.05069
 -12.29750 -24.04277
 -12.27708 -24.03916
 -12.25764 -24.03111
 -12.22931 -24.00389
 -12.21181 -23.98479
 -11.88223 -23.98416
 -11.82416 -24.01235
 -11.71569 -23.99847
 -11.69695 -23.98972
 -11.66215 -23.96736
 -11.45250 -24.03195
 -11.42639 -24.05625
 -11.40278 -24.08445
 -11.25000 -24.02700
 -11.12274 -24.00778
 -10.92000 -23.98805
 -10.87046 -23.98621
 -10.86916 -23.99472
 -10.87861 -24.05847
 -10.89361 -24.09222
 -10.91666 -24.13195
 -10.97945 -24.14222
 -11.02958 -24.18555
 -11.05132 -24.31847
 -11.08861 -24.37680
 -11.11181 -24.39861
 -11.21660 -24.41653
 -11.28007 -24.41000
 -11.34986 -24.36597
 -11.40473 -24.37527
 -11.46264 -24.44916
 -11.46139 -24.52639
 -11.43778 -24.58416
 -11.40479 -24.60292
 -11.34000 -24.69277
 -11.31708 -24.73972
 -11.26500 -24.98027
 -11.26195 -25.02945
 -11.26111 -25.06639
 -11.26236 -25.12695
 -11.25236 -25.18930
 -11.22715 -25.25527
 -11.20750 -25.28445
 -11.19445 -25.32021
 -11.20528 -25.34445
 -11.27805 -25.34500
 -11.32722 -25.32250
 -11.36563 -25.29160
 -11.51611 -25.31611
 -11.55445 -25.32611
 -11.64299 -25.36361
 -11.71000 -25.49834
 -11.76750 -25.69222
 -11.80223 -25.84250
 -11.89569 -25.98347
 -11.90250 -26.00472
 -11.90500 -26.04389
 -11.90473 -26.07195
 -11.90223 -26.19805
 -11.91042 -26.43666
 -11.91555 -26.45764
 -11.92723 -26.47750
 -11.97139 -26.59861
 -11.98917 -26.67805
 -11.98445 -26.75083
 -11.97174 -26.87395
 -11.96111 -26.90222
 -11.91458 -26.95986
 -11.89584 -26.97583
 -11.87723 -26.98472
 -11.83569 -26.99445
 -11.75973 -26.99680
 -11.59695 -27.03312
 -11.57649 -27.20897
 -11.60500 -27.21889
 -11.68222 -27.22833
 -11.71702 -27.22916
 -11.74361 -27.22861
 -11.77584 -27.23111
 -11.79736 -27.24472
 -11.81334 -27.26388
 -11.87139 -27.35277
 -11.88416 -27.37472
 -11.90945 -27.41889
 -11.93695 -27.45389
 -11.97153 -27.48084
 -12.00028 -27.48666
 -12.02084 -27.48695
 -12.05889 -27.49403
 -12.16139 -27.53027
 -12.17334 -27.53583
 -12.18166 -27.54138
 -12.21347 -27.56847
 -12.22639 -27.58694
 -12.23336 -27.60006
 -12.24695 -27.58625
 -12.30549 -27.49756
 -12.27028 -27.45195
 -12.34500 -27.28222
 -12.34500 -27.25055
 -12.34028 -27.22042
 -12.33528 -27.19000
 -12.33334 -27.15375
 -12.33805 -27.05597
 -12.35945 -27.05847
 -12.38695 -27.06695
 -12.41611 -27.06888
 -12.50139 -27.06777
 -12.53160 -27.01979
 -12.64389 -26.88027
 -12.67166 -26.86277
 -12.73931 -26.84250
 -12.88847 -26.87819
 -12.92723 -26.92972
 -12.94945 -26.97389
 -12.97750 -27.03305
 -13.00493 -27.09368
 -13.12702 -27.06340
 -13.15195 -27.04527
 -13.16458 -27.02680
 -13.18305 -26.99389
 -13.20215 -26.97055
 -13.22778 -26.95930
 -13.24861 -26.95945
 -13.29160 -26.97812
 -13.33445 -26.97722
 -13.35375 -26.96708
 -13.40695 -26.91555
 -13.43736 -26.86215
 -13.54500 -26.80361
 -13.57000 -26.79500
 -13.61916 -26.78889
 -13.64958 -26.78930
 -13.67208 -26.79625
 -13.69305 -26.81416
 -13.70445 -26.83222
 -13.71662 -26.85236
 -13.72618 -26.86861
 -13.81861 -26.95486
 -13.83931 -26.95111
 -13.86723 -26.93527
 -13.88834 -26.92027
 -13.90945 -26.91166
 -14.02028 -26.89722
 -14.08139 -26.91861
 -14.11000 -26.94222
 -14.14181 -26.96555
 -14.17431 -26.98055
 -14.19778 -26.98222
 -14.40943 -26.95520
 -14.43000 -26.77278
 -14.44952 -26.56819
 -14.46736 -26.53472
 -14.57195 -26.43472
 -14.60805 -26.40639
 -14.65757 -26.37555
 -14.69340 -26.37354
 -14.71826 -26.32416
 -14.62365 -26.17755
 -14.61555 -26.15777
 -14.60695 -26.10500
 -14.59167 -26.00819
 -14.58500 -25.94028
 -14.55167 -25.58528
 -14.58521 -25.54834
7 140 -18.0749 -15.2889 -28.9432 -24.97 'Southern (Zambia)'
 -15.29897 -25.32474
 -15.30028 -25.34222
 -15.29916 -25.41445
 -15.29389 -25.72222
 -15.28889 -26.00972
 -15.29500 -26.06305
 -15.33055 -26.38305
 -15.33250 -26.55250
 -15.33334 -26.75083
 -15.33305 -26.81027
 -15.43805 -26.99555
 -15.47389 -27.07389
 -15.47750 -27.22305
 -15.72473 -27.28028
 -15.73986 -27.30742
 -15.58611 -27.40166
 -15.47806 -27.54235
 -15.47569 -27.56305
 -15.52055 -27.63084
 -15.55666 -27.66111
 -15.58625 -27.65889
 -15.62264 -27.65111
 -15.65000 -27.68027
 -15.66611 -27.69861
 -15.66236 -27.74055
 -15.64361 -27.76778
 -15.65111 -27.81250
 -15.66723 -27.96764
 -15.69465 -28.01924
 -15.75723 -28.11916
 -15.80555 -28.26500
 -15.78931 -28.29055
 -15.78458 -28.36333
 -15.80375 -28.43722
 -15.84750 -28.50861
 -15.89611 -28.61166
 -15.95473 -28.75680
 -15.95674 -28.80576
 -15.93458 -28.88403
 -15.93889 -28.92340
 -15.96373 -28.94322
 -15.97236 -28.92771
 -16.03653 -28.86611
 -16.05597 -28.85945
 -16.16000 -28.84777
 -16.30417 -28.83750
 -16.34000 -28.84361
 -16.36223 -28.85354
 -16.39403 -28.85236
 -16.47576 -28.82069
 -16.55590 -28.75264
 -16.59028 -28.58555
 -16.72416 -28.26000
 -16.82361 -28.13861
 -16.87309 -28.02584
 -16.95916 -27.82527
 -16.98334 -27.80750
 -17.12805 -27.70583
 -17.22473 -27.63888
 -17.34125 -27.61416
 -17.42394 -27.51970
 -17.57528 -27.34777
 -17.80653 -27.14611
 -17.85417 -27.15021
 -17.96126 -27.02940
 -17.96695 -26.99611
 -17.97445 -26.94388
 -17.98584 -26.88805
 -18.00055 -26.84139
 -18.03375 -26.74500
 -18.04973 -26.72555
 -18.07492 -26.69858
 -18.04275 -26.60548
 -17.99736 -26.56834
 -17.95000 -26.42945
 -17.93112 -26.36166
 -17.90278 -26.23000
 -17.90195 -26.19055
 -17.93139 -26.12361
 -17.96723 -26.09278
 -18.00452 -25.96750
 -17.98889 -25.90445
 -17.97500 -25.86166
 -17.94042 -25.84166
 -17.92195 -25.85434
 -17.86473 -25.78250
 -17.80764 -25.68583
 -17.81403 -25.65708
 -17.83639 -25.61847
 -17.86305 -25.51388
 -17.85695 -25.43278
 -17.85417 -25.41111
 -17.84375 -25.33903
 -17.83625 -25.31958
 -17.80225 -25.26443
 -17.78305 -25.25195
 -17.62473 -25.06528
 -17.61000 -25.03000
 -17.58389 -24.98430
 -17.55972 -24.97000
 -17.53945 -24.97166
 -17.51250 -24.97472
 -17.48000 -24.98111
 -17.29389 -25.05250
 -17.21708 -25.09972
 -17.18639 -25.08159
 -17.15945 -25.07972
 -17.07445 -25.16000
 -16.95903 -25.26292
 -16.91708 -25.28000
 -16.70493 -25.25021
 -16.68667 -25.21875
 -16.67973 -25.17694
 -16.65469 -25.08886
 -16.56471 -25.00221
 -16.53618 -24.99445
 -16.37695 -25.14569
 -16.34427 -25.19823
 -16.28473 -25.30514
 -16.13500 -25.37722
 -16.07208 -25.38250
 -16.03556 -25.34229
 -16.00334 -25.33361
 -15.92611 -25.35035
 -15.91292 -25.37527
 -15.87084 -25.38583
 -15.75639 -25.39708
 -15.73000 -25.37847
 -15.72305 -25.35764
 -15.74181 -25.34055
 -15.75924 -25.31930
 -15.75695 -25.28819
 -15.73555 -25.26695
 -15.70931 -25.25250
 -15.59542 -25.22208
 -15.56222 -25.25569
 -15.54584 -25.26805
 -15.42416 -25.32027
 -15.34125 -25.34506
 -15.29897 -25.32474
8 171 -17.6258 -13.6819 -25.5483 -21.9978 'Western (Zambia)'
 -15.29897 -25.32474
 -15.34125 -25.34506
 -15.42416 -25.32027
 -15.54584 -25.26805
 -15.56222 -25.25569
 -15.59542 -25.22208
 -15.70931 -25.25250
 -15.73555 -25.26695
 -15.75695 -25.28819
 -15.75924 -25.31930
 -15.74181 -25.34055
 -15.72305 -25.35764
 -15.73000 -25.37847
 -15.75639 -25.39708
 -15.87084 -25.38583
 -15.91292 -25.37527
 -15.92611 -25.35035
 -16.00334 -25.33361
 -16.03556 -25.34229
 -16.07208 -25.38250
 -16.13500 -25.37722
 -16.28473 -25.30514
 -16.34427 -25.19823
 -16.37695 -25.14569
 -16.53618 -24.99445
 -16.56471 -25.00221
 -16.65469 -25.08886
 -16.67973 -25.17694
 -16.68667 -25.21875
 -16.70493 -25.25021
 -16.91708 -25.28000
 -16.95903 -25.26292
 -17.07445 -25.16000
 -17.15945 -25.07972
 -17.18639 -25.08159
 -17.21708 -25.09972
 -17.29389 -25.05250
 -17.48000 -24.98111
 -17.51250 -24.97472
 -17.53945 -24.97166
 -17.55972 -24.97000
 -17.54084 -24.91250
 -17.51555 -24.81777
 -17.49834 -24.70861
 -17.49362 -24.66389
 -17.49667 -24.63819
 -17.50584 -24.61916
 -17.53389 -24.59027
 -17.53347 -24.56542
 -17.52500 -24.54222
 -17.50805 -24.50250
 -17.48236 -24.44014
 -17.47347 -24.38125
 -17.47843 -24.23909
 -17.51958 -24.02903
 -17.56028 -23.82083
 -17.62584 -23.47611
 -17.61584 -23.45445
 -17.47973 -23.20166
 -17.33195 -23.06500
 -17.07000 -22.76250
 -17.04139 -22.73055
 -16.78089 -22.49389
 -16.61223 -22.29333
 -16.56167 -22.21777
 -16.54112 -22.18833
 -16.48590 -22.13506
 -16.38208 -22.13153
 -16.34875 -22.12389
 -16.32250 -22.11195
 -16.23410 -22.06722
 -16.18334 -22.01445
 -16.17166 -22.00015
 -16.12278 -21.99972
 -16.00000 -21.99916
 -15.60555 -22.00000
 -15.45111 -22.00000
 -14.95000 -21.99916
 -14.89861 -21.99916
 -14.84723 -21.99916
 -14.74416 -21.99916
 -14.45250 -21.99972
 -14.00667 -21.99945
 -13.96750 -21.99945
 -13.91611 -21.99861
 -13.72722 -21.99777
 -13.69778 -21.99825
 -13.69778 -22.00666
 -13.70778 -22.02500
 -13.73000 -22.05138
 -13.75055 -22.07277
 -13.76320 -22.09875
 -13.76389 -22.12014
 -13.75084 -22.15416
 -13.70723 -22.20361
 -13.68584 -22.21695
 -13.68195 -22.23889
 -13.69195 -22.26416
 -13.70834 -22.28972
 -13.75000 -22.33861
 -13.79473 -22.39195
 -13.81973 -22.42250
 -13.89416 -22.51583
 -13.90945 -22.54084
 -13.96805 -22.64111
 -13.98945 -22.69930
 -13.97921 -22.72864
 -13.93139 -22.73944
 -13.90584 -22.74486
 -13.86584 -22.84403
 -13.87819 -22.87527
 -13.97750 -23.05916
 -14.06973 -23.15888
 -14.13292 -23.18833
 -14.15997 -23.18235
 -14.17416 -23.22903
 -14.16945 -23.26833
 -14.13958 -23.36014
 -14.07472 -23.48972
 -13.99361 -23.68916
 -13.98805 -23.77750
 -13.99125 -23.83951
 -14.00223 -23.90888
 -14.00361 -23.98819
 -13.99514 -24.01625
 -13.96445 -24.05250
 -13.90445 -24.22576
 -13.91195 -24.28889
 -13.93958 -24.33430
 -13.95916 -24.38111
 -13.96028 -24.42777
 -13.95916 -24.59305
 -13.95875 -24.66168
 -14.00695 -24.70930
 -14.04611 -24.72666
 -14.08319 -24.72542
 -14.11375 -24.73833
 -14.12681 -24.75445
 -14.19861 -24.96000
 -14.21264 -25.05819
 -14.23208 -25.08458
 -14.25945 -25.08916
 -14.29347 -25.08680
 -14.42486 -25.05040
 -14.44139 -25.03438
 -14.45668 -25.00639
 -14.46528 -24.98305
 -14.47826 -24.96632
 -14.55708 -24.96055
 -14.57889 -24.96833
 -14.60935 -24.99335
 -14.63043 -25.02125
 -14.63649 -25.04027
 -14.62875 -25.16236
 -14.61805 -25.19972
 -14.60195 -25.23305
 -14.57653 -25.31764
 -14.58278 -25.51972
 -14.58521 -25.54834
 -14.58826 -25.53833
 -14.60695 -25.51972
 -14.63403 -25.50305
 -14.68861 -25.47625
 -14.87417 -25.42083
 -14.89584 -25.42055
 -14.96722 -25.45493
 -15.02569 -25.45500
 -15.11389 -25.41527
 -15.13416 -25.38416
 -15.21666 -25.32722
 -15.29897 -25.32474
