3113 348 36.67185 39.61797 -75.18748 -68.07124 'Dushanbe (Tajikistan)'
 37.23730 -74.91570
 37.31970 -74.83940
 37.33180 -74.82300
 37.39210 -74.66960
 37.38630 -74.63940
 37.38170 -74.54680
 37.39400 -74.43220
 37.40120 -74.39500
 37.40680 -74.32250
 37.40940 -74.25420
 37.39680 -74.23120
 37.33620 -74.14610
 37.31140 -74.04030
 37.26720 -73.87190
 37.25050 -73.84220
 37.22820 -73.81710
 37.22160 -73.73860
 37.24290 -73.63130
 37.26350 -73.62060
 37.30010 -73.64670
 37.30880 -73.71870
 37.34350 -73.76990
 37.43290 -73.77630
 37.43860 -73.74720
 37.43780 -73.71170
 37.43540 -73.66970
 37.43710 -73.61300
 37.44830 -73.57140
 37.46100 -73.54120
 37.47270 -73.50510
 37.47610 -73.45640
 37.47580 -73.43550
 37.46040 -73.29930
 37.45300 -73.27690
 37.40300 -73.15780
 37.36270 -73.10780
 37.30410 -73.00140
 37.25000 -72.89250
 37.23510 -72.83420
 37.22920 -72.79980
 37.21040 -72.77800
 37.18070 -72.75890
 37.13540 -72.73390
 37.11230 -72.72220
 37.09070 -72.70800
 37.02530 -72.66250
 37.00170 -72.51800
 37.00280 -72.43140
 37.00260 -72.41020
 36.98950 -72.34660
 36.97810 -72.30640
 36.96700 -72.28000
 36.94270 -72.22390
 36.83040 -72.04770
 36.75040 -71.93140
 36.69210 -71.84280
 36.68460 -71.82030
 36.67820 -71.78170
 36.67490 -71.75920
 36.67180 -71.69530
 36.67600 -71.67720
 36.69780 -71.61530
 36.73100 -71.57660
 36.76360 -71.55290
 36.92670 -71.46640
 36.94470 -71.45690
 37.06690 -71.43080
 37.16610 -71.43750
 37.20960 -71.44780
 37.23060 -71.46350
 37.25900 -71.48280
 37.27850 -71.48930
 37.30930 -71.49190
 37.37030 -71.49330
 37.41810 -71.48720
 37.56330 -71.49620
 37.60940 -71.50440
 37.72670 -71.54190
 37.79760 -71.57600
 37.81570 -71.58860
 37.83680 -71.59110
 37.87430 -71.59360
 37.91170 -71.58490
 37.94410 -71.54030
 37.94750 -71.50720
 37.92540 -71.43580
 37.90700 -71.38970
 37.89010 -71.32900
 37.92790 -71.25210
 37.98230 -71.26610
 38.08510 -71.31530
 38.13130 -71.33940
 38.15510 -71.35580
 38.19530 -71.36580
 38.24790 -71.36190
 38.29710 -71.30600
 38.30240 -71.27150
 38.30420 -71.24820
 38.31970 -71.21250
 38.34790 -71.17780
 38.38100 -71.15130
 38.46670 -70.98820
 38.47200 -70.96010
 38.44150 -70.77940
 38.40990 -70.71140
 38.35430 -70.64750
 38.31100 -70.59920
 38.25280 -70.54260
 38.16190 -70.49030
 38.01870 -70.34190
 38.00030 -70.31120
 37.99860 -70.29720
 38.03530 -70.27370
 38.07650 -70.29710
 38.10760 -70.32180
 38.15230 -70.34280
 38.18690 -70.34760
 38.23010 -70.34170
 38.28040 -70.33800
 38.38480 -70.33360
 38.43100 -70.34260
 38.46350 -70.38470
 38.48500 -70.42110
 38.50650 -70.43860
 38.55550 -70.42430
 38.60490 -70.36140
 38.60600 -70.24580
 38.59180 -70.21680
 38.61010 -70.16860
 38.65590 -70.10690
 38.68110 -70.08570
 38.72440 -70.03330
 38.73330 -70.01180
 38.73290 -69.98120
 38.71420 -69.92390
 38.61720 -69.73410
 38.49430 -69.60860
 38.45940 -69.56300
 38.33440 -69.39280
 38.32250 -69.37370
 38.32680 -69.32360
 38.35240 -69.31670
 38.38070 -69.33130
 38.38830 -69.25580
 38.38610 -69.23350
 38.39580 -69.23500
 38.41800 -69.22170
 38.43450 -69.19570
 38.40830 -68.96780
 38.40220 -68.94360
 38.39060 -68.91570
 38.37540 -68.89860
 38.33870 -68.87570
 38.32560 -68.82110
 38.31420 -68.71030
 38.32030 -68.67640
 38.33100 -68.63010
 38.30960 -68.58460
 38.28810 -68.56940
 38.26550 -68.57830
 38.23240 -68.58640
 38.19400 -68.58220
 38.09190 -68.52030
 37.99610 -68.50220
 37.90830 -68.46370
 37.90080 -68.42920
 37.90420 -68.29380
 37.94210 -68.23840
 37.95230 -68.26850
 38.04620 -68.33780
 38.08550 -68.35500
 38.16050 -68.38000
 38.19490 -68.38300
 38.23750 -68.36430
 38.26760 -68.33710
 38.30370 -68.27750
 38.33010 -68.21980
 38.42760 -68.12490
 38.54390 -68.07120
 38.66470 -68.07420
 38.79800 -68.12000
 38.80620 -68.14970
 38.82070 -68.17430
 38.85170 -68.19360
 38.89850 -68.18510
 38.90470 -68.18030
 38.90360 -68.20150
 38.90850 -68.24540
 38.92080 -68.27180
 38.93220 -68.31000
 38.93610 -68.41190
 38.93470 -68.45780
 38.94900 -68.50830
 38.99350 -68.56190
 39.01240 -68.57170
 39.04650 -68.58000
 39.07500 -68.78050
 39.06110 -68.91220
 39.05610 -68.94640
 39.04780 -68.98470
 39.06470 -69.12360
 39.08100 -69.15040
 39.10030 -69.21870
 39.10190 -69.28360
 39.09750 -69.34650
 39.13830 -69.35960
 39.17250 -69.37060
 39.18660 -69.49550
 39.14870 -69.54400
 39.12750 -69.55100
 39.10320 -69.54800
 39.09030 -69.57970
 39.11920 -69.64920
 39.16180 -69.68080
 39.18470 -69.69110
 39.23050 -69.69480
 39.29920 -69.75390
 39.31860 -69.93640
 39.33590 -70.10900
 39.32580 -70.15910
 39.37730 -70.38050
 39.43560 -70.58070
 39.50700 -70.67270
 39.48930 -70.69470
 39.42540 -70.72110
 39.41090 -70.84860
 39.40090 -70.99410
 39.41090 -71.02800
 39.42540 -71.04360
 39.45350 -71.05580
 39.48960 -71.07390
 39.51270 -71.10260
 39.53320 -71.19610
 39.56960 -71.32640
 39.60630 -71.40640
 39.61800 -71.48460
 39.60440 -71.51470
 39.57220 -71.54870
 39.54760 -71.54880
 39.50890 -71.51850
 39.48870 -71.51750
 39.46440 -71.53790
 39.45430 -71.56390
 39.44920 -71.59710
 39.45020 -71.65440
 39.45320 -71.68110
 39.46140 -71.71460
 39.45580 -71.75780
 39.41710 -71.77530
 39.39140 -71.77320
 39.36090 -71.74390
 39.33380 -71.73280
 39.30880 -71.74280
 39.27760 -71.77850
 39.28840 -71.86130
 39.30660 -71.89940
 39.32690 -71.93390
 39.34800 -71.97140
 39.37140 -72.07760
 39.34830 -72.09830
 39.27460 -72.13970
 39.19550 -72.25890
 39.25710 -72.30640
 39.28660 -72.31410
 39.31690 -72.32500
 39.33840 -72.34780
 39.35870 -72.42450
 39.35270 -72.45330
 39.34970 -72.48440
 39.36590 -72.59860
 39.39080 -72.63320
 39.40130 -72.65730
 39.39770 -72.68890
 39.37800 -72.77750
 39.37130 -72.80500
 39.36200 -72.86240
 39.35450 -73.16360
 39.35830 -73.18550
 39.40400 -73.35760
 39.43780 -73.36780
 39.46990 -73.49140
 39.47330 -73.52470
 39.46080 -73.65420
 39.45480 -73.65570
 39.36550 -73.66890
 39.34160 -73.66900
 39.29300 -73.64550
 39.26100 -73.62820
 39.23570 -73.62000
 39.07630 -73.72840
 39.04970 -73.77610
 38.99610 -73.84190
 38.97260 -73.85230
 38.94740 -73.84570
 38.93730 -73.81920
 38.93660 -73.78110
 38.92940 -73.74980
 38.91240 -73.72330
 38.88650 -73.70820
 38.85840 -73.70860
 38.83830 -73.72350
 38.76160 -73.76300
 38.64980 -73.80220
 38.63410 -73.80410
 38.61270 -73.81400
 38.59100 -73.84220
 38.53990 -73.93940
 38.53410 -73.96730
 38.54510 -74.07870
 38.56710 -74.07590
 38.59420 -74.06210
 38.66690 -74.12280
 38.67680 -74.14520
 38.67440 -74.35470
 38.65990 -74.39500
 38.56380 -74.67780
 38.52370 -74.79320
 38.47260 -74.85440
 38.42090 -74.86820
 38.38530 -74.86220
 38.36190 -74.84120
 38.34330 -74.81920
 38.32490 -74.80290
 38.30060 -74.79430
 38.19520 -74.79250
 38.07400 -74.81770
 38.05160 -74.84440
 38.04400 -74.86390
 38.02590 -74.90490
 38.00790 -74.91600
 37.91520 -74.91000
 37.84180 -74.90620
 37.82050 -74.92710
 37.80660 -74.95990
 37.78660 -74.98650
 37.68630 -74.93940
 37.67030 -74.91440
 37.65240 -74.90360
 37.60410 -74.92110
 37.57880 -74.93550
 37.55960 -74.95430
 37.52210 -75.03820
 37.50580 -75.06940
 37.40660 -75.18750
 37.32190 -75.09660
 37.31270 -75.07890
 37.24740 -74.94530
 37.23730 -74.91570
3114 92 37.19641 38.73331 -70.43858 -68.97405 'Kulyab (Tajikistan)'
 37.54130 -70.06250
 37.54180 -70.03550
 37.54550 -70.01390
 37.57280 -69.95120
 37.60260 -69.93300
 37.61320 -69.91190
 37.61400 -69.89170
 37.60830 -69.86750
 37.60000 -69.84610
 37.58280 -69.79300
 37.57440 -69.67190
 37.57860 -69.58110
 37.58240 -69.52220
 37.45350 -69.38150
 37.41970 -69.37660
 37.38800 -69.37440
 37.34420 -69.38140
 37.32440 -69.39000
 37.27690 -69.40580
 37.20720 -69.42610
 37.19640 -69.42120
 37.19960 -69.40960
 37.27870 -69.27610
 37.37110 -69.24250
 37.46000 -69.23940
 37.49780 -69.19250
 37.48210 -69.16860
 37.48210 -69.11810
 37.50820 -69.11030
 37.61690 -69.13080
 37.88220 -69.12330
 37.92390 -69.04660
 37.92930 -68.97410
 37.94960 -68.98690
 37.97080 -69.00290
 38.04470 -69.07550
 38.14970 -69.09300
 38.27760 -69.12090
 38.30280 -69.13390
 38.31890 -69.14920
 38.35860 -69.18910
 38.37860 -69.21580
 38.38610 -69.23350
 38.38830 -69.25580
 38.38070 -69.33130
 38.35240 -69.31670
 38.32680 -69.32360
 38.32250 -69.37370
 38.33440 -69.39280
 38.45940 -69.56300
 38.49430 -69.60860
 38.61720 -69.73410
 38.71420 -69.92390
 38.73290 -69.98120
 38.73330 -70.01180
 38.72440 -70.03330
 38.68110 -70.08570
 38.65590 -70.10690
 38.61010 -70.16860
 38.59180 -70.21680
 38.60600 -70.24580
 38.60490 -70.36140
 38.55550 -70.42430
 38.50650 -70.43860
 38.48500 -70.42110
 38.46350 -70.38470
 38.43100 -70.34260
 38.38480 -70.33360
 38.28040 -70.33800
 38.23010 -70.34170
 38.18690 -70.34760
 38.15230 -70.34280
 38.10760 -70.32180
 38.07650 -70.29710
 38.03530 -70.27370
 37.99860 -70.29720
 37.97640 -70.28000
 37.94330 -70.24460
 37.92890 -70.20940
 37.92900 -70.16250
 37.87170 -70.16550
 37.85200 -70.17780
 37.83410 -70.20480
 37.82220 -70.23570
 37.77130 -70.26920
 37.72900 -70.28220
 37.69970 -70.28610
 37.61570 -70.25360
 37.53620 -70.15580
 37.52890 -70.12790
 37.53290 -70.08710
 37.54130 -70.06250
3115 96 36.93253 38.43450 -69.42125 -67.77423 'Kurgan Tyube (Tajikistan)'
 37.19640 -69.42120
 37.17530 -69.41000
 37.15860 -69.38860
 37.11940 -69.32240
 37.10420 -69.28670
 37.09570 -69.25440
 37.11640 -69.20500
 37.15080 -69.15100
 37.16420 -69.12440
 37.25360 -69.03150
 37.30070 -69.00580
 37.32290 -68.96920
 37.33850 -68.89110
 37.32250 -68.80940
 37.27290 -68.66220
 37.24390 -68.63940
 37.20610 -68.62730
 37.12000 -68.41500
 37.10890 -68.33440
 37.03050 -68.28410
 37.01760 -68.18250
 36.93250 -68.05800
 36.93610 -68.00140
 37.09220 -67.78690
 37.11550 -67.77420
 37.18580 -67.77990
 37.19080 -67.78740
 37.21870 -67.81400
 37.25900 -67.83710
 37.28170 -67.84140
 37.32150 -67.84370
 37.35250 -67.84080
 37.39070 -67.82960
 37.41640 -67.81750
 37.44610 -67.81750
 37.48210 -67.82640
 37.50580 -67.83830
 37.54300 -67.86100
 37.59970 -67.90300
 37.61720 -67.91720
 37.63610 -67.93720
 37.67330 -67.98120
 37.68750 -68.00180
 37.73890 -68.05190
 37.76530 -68.07300
 37.80240 -68.09540
 37.85890 -68.12300
 37.88440 -68.13000
 37.91630 -68.14260
 37.93400 -68.17110
 37.94210 -68.23840
 37.90420 -68.29380
 37.90080 -68.42920
 37.90830 -68.46370
 37.99610 -68.50220
 38.09190 -68.52030
 38.19400 -68.58220
 38.23240 -68.58640
 38.26550 -68.57830
 38.28810 -68.56940
 38.30960 -68.58460
 38.33100 -68.63010
 38.32030 -68.67640
 38.31420 -68.71030
 38.32560 -68.82110
 38.33870 -68.87570
 38.37540 -68.89860
 38.39060 -68.91570
 38.40220 -68.94360
 38.40830 -68.96780
 38.43450 -69.19570
 38.41800 -69.22170
 38.39580 -69.23500
 38.38610 -69.23350
 38.37860 -69.21580
 38.35860 -69.18910
 38.31890 -69.14920
 38.30280 -69.13390
 38.27760 -69.12090
 38.14970 -69.09300
 38.04470 -69.07550
 37.97080 -69.00290
 37.94960 -68.98690
 37.92930 -68.97410
 37.92390 -69.04660
 37.88220 -69.12330
 37.61690 -69.13080
 37.50820 -69.11030
 37.48210 -69.11810
 37.48210 -69.16860
 37.49780 -69.19250
 37.46000 -69.23940
 37.37110 -69.24250
 37.27870 -69.27610
 37.19960 -69.40960
 37.19640 -69.42120
3126 253 38.90360 41.04925 -70.99498 -67.36470 'Khudzhand (Tajikistan)'
 39.28880 -67.36600
 39.29690 -67.40910
 39.36790 -67.43150
 39.43720 -67.44000
 39.46250 -67.44250
 39.48360 -67.44200
 39.52890 -67.50440
 39.61530 -67.68190
 39.62580 -67.70970
 39.62920 -67.72970
 39.63050 -67.75920
 39.61950 -67.83800
 39.61140 -67.86300
 39.60050 -67.90780
 39.56720 -68.08250
 39.55670 -68.14890
 39.55360 -68.17530
 39.53670 -68.35330
 39.53560 -68.38470
 39.53750 -68.47330
 39.54780 -68.52030
 39.55470 -68.54030
 39.63030 -68.61180
 39.65050 -68.62760
 39.77110 -68.62860
 39.83940 -68.63720
 39.85820 -68.64270
 39.86250 -68.65610
 39.86860 -68.72300
 39.84930 -68.73550
 39.82960 -68.75760
 39.89230 -68.90470
 39.95490 -68.85670
 39.97780 -68.82940
 40.00080 -68.81160
 40.06790 -68.78460
 40.07870 -68.82300
 40.07530 -68.93280
 40.07060 -68.99500
 40.10370 -69.00870
 40.14080 -68.99110
 40.14760 -68.87620
 40.12880 -68.79540
 40.12220 -68.76220
 40.11640 -68.71390
 40.11770 -68.70240
 40.12190 -68.68140
 40.14000 -68.63670
 40.16580 -68.60570
 40.18410 -68.64200
 40.19610 -68.69550
 40.20250 -68.72790
 40.20800 -68.76830
 40.23870 -69.03580
 40.23470 -69.06160
 40.23020 -69.07890
 40.20870 -69.13410
 40.19550 -69.19420
 40.19050 -69.22690
 40.19110 -69.24910
 40.19900 -69.30250
 40.20970 -69.31940
 40.33350 -69.33870
 40.37470 -69.32830
 40.50280 -69.25970
 40.59550 -69.27000
 40.76400 -69.34890
 40.77940 -69.36530
 40.79990 -69.40060
 40.81110 -69.45150
 40.78080 -69.53720
 40.75120 -69.57150
 40.72500 -69.58830
 40.65530 -69.66900
 40.64260 -69.68970
 40.63880 -69.72680
 40.65190 -69.75960
 40.67970 -69.78600
 40.71250 -69.81810
 40.72250 -69.84720
 40.73390 -69.90030
 40.74030 -69.94000
 40.74610 -69.97260
 40.75410 -70.00000
 40.77000 -70.05030
 40.85820 -70.25290
 40.89920 -70.32350
 40.93490 -70.36080
 40.96180 -70.37440
 41.00920 -70.37570
 41.03660 -70.39120
 41.04770 -70.41760
 41.04930 -70.43900
 41.04330 -70.46080
 41.03870 -70.46510
 41.03450 -70.47510
 40.97740 -70.54860
 40.87020 -70.65800
 40.82740 -70.66720
 40.77040 -70.71250
 40.76150 -70.75970
 40.74920 -70.78420
 40.72560 -70.79680
 40.70630 -70.77750
 40.67510 -70.73400
 40.55940 -70.53500
 40.49110 -70.41530
 40.47130 -70.37000
 40.44580 -70.34310
 40.37640 -70.37550
 40.35040 -70.46100
 40.25520 -70.58940
 40.23310 -70.60290
 40.21190 -70.62360
 40.20590 -70.64500
 40.20400 -70.70850
 40.20910 -70.74890
 40.21910 -70.79300
 40.22830 -70.82250
 40.24120 -70.86070
 40.24490 -70.95780
 40.24480 -70.98200
 40.22860 -70.99500
 40.18990 -70.98570
 40.17480 -70.95740
 40.16900 -70.92170
 40.17130 -70.88610
 40.10070 -70.66340
 40.04480 -70.66030
 40.00750 -70.65430
 39.98500 -70.63970
 39.97050 -70.62250
 39.95820 -70.60300
 39.90810 -70.49430
 39.92790 -70.46800
 39.96920 -70.48860
 39.98840 -70.51770
 40.00300 -70.54650
 40.02810 -70.55820
 40.04600 -70.54220
 40.05670 -70.51240
 40.07020 -70.42670
 40.08210 -70.35150
 40.09070 -70.32960
 40.11570 -70.30960
 40.13260 -70.28570
 40.20780 -70.05250
 40.21800 -70.01190
 40.17030 -69.81780
 40.13280 -69.69250
 40.11890 -69.63690
 40.11190 -69.60580
 40.10930 -69.56970
 40.12890 -69.54070
 40.07290 -69.49930
 40.03780 -69.48550
 39.96260 -69.50550
 39.93450 -69.52400
 39.92080 -69.49830
 39.90510 -69.42480
 39.93800 -69.40750
 39.99260 -69.33480
 39.88720 -69.28500
 39.83830 -69.26780
 39.79860 -69.25720
 39.75760 -69.24950
 39.73350 -69.26250
 39.70430 -69.29870
 39.68680 -69.31000
 39.65970 -69.31410
 39.63030 -69.31410
 39.59930 -69.30970
 39.56040 -69.30150
 39.53490 -69.30860
 39.51880 -69.33330
 39.53860 -69.51640
 39.55010 -69.55120
 39.57350 -69.58120
 39.58220 -69.60910
 39.58640 -69.67220
 39.58780 -69.70800
 39.58190 -69.75030
 39.57250 -69.78190
 39.56220 -69.80110
 39.54530 -69.82440
 39.53720 -69.84660
 39.55440 -69.96610
 39.58440 -70.18140
 39.57740 -70.23750
 39.55150 -70.30190
 39.58200 -70.35610
 39.60660 -70.48210
 39.60710 -70.50750
 39.57980 -70.63280
 39.54940 -70.66140
 39.51820 -70.67160
 39.50700 -70.67270
 39.43560 -70.58070
 39.37730 -70.38050
 39.32580 -70.15910
 39.33590 -70.10900
 39.31860 -69.93640
 39.29920 -69.75390
 39.23050 -69.69480
 39.18470 -69.69110
 39.16180 -69.68080
 39.11920 -69.64920
 39.09030 -69.57970
 39.10320 -69.54800
 39.12750 -69.55100
 39.14870 -69.54400
 39.18660 -69.49550
 39.17250 -69.37060
 39.13830 -69.35960
 39.09750 -69.34650
 39.10190 -69.28360
 39.10030 -69.21870
 39.08100 -69.15040
 39.06470 -69.12360
 39.04780 -68.98470
 39.05610 -68.94640
 39.06110 -68.91220
 39.07500 -68.78050
 39.04650 -68.58000
 39.01240 -68.57170
 38.99350 -68.56190
 38.94900 -68.50830
 38.93470 -68.45780
 38.93610 -68.41190
 38.93220 -68.31000
 38.92080 -68.27180
 38.90850 -68.24540
 38.90360 -68.20150
 38.90470 -68.18030
 38.93140 -68.15390
 38.95030 -68.14010
 38.98100 -68.12640
 38.99890 -68.11050
 39.00800 -67.98440
 38.99690 -67.93470
 38.97760 -67.86080
 38.99030 -67.75080
 38.99510 -67.71730
 39.00620 -67.70000
 39.01600 -67.69530
 39.12850 -67.69690
 39.16850 -67.62600
 39.17320 -67.59550
 39.17170 -67.56670
 39.16770 -67.52190
 39.21670 -67.37590
 39.27170 -67.36470
 39.28880 -67.36600
