794 23 13.66398 14.06645 89.69747 90.10806 'Ahuachapan (El Salvador)'
 13.66400 89.95450
 13.69800 90.00000
 13.74580 90.09640
 13.78900 90.10810
 13.82330 90.10390
 13.86850 90.08650
 13.93860 90.02060
 14.04420 89.88900
 14.05940 89.85440
 14.06650 89.81820
 14.04140 89.73970
 14.02780 89.71860
 13.99210 89.69750
 13.90900 89.71890
 13.89270 89.77400
 13.80260 89.79170
 13.77320 89.78370
 13.67350 89.82920
 13.67790 89.86570
 13.70190 89.89330
 13.70560 89.92060
 13.68000 89.94760
 13.66400 89.95450
795 26 13.74245 14.01483 88.48889 88.97452 'Cabanas (El Salvador)'
 13.75060 88.85030
 13.75790 88.88450
 13.79360 88.91720
 13.88710 88.97450
 13.94470 88.93720
 13.94030 88.88360
 13.94500 88.86390
 13.97110 88.79280
 14.00110 88.70950
 14.01410 88.66150
 14.01480 88.63000
 13.98240 88.50670
 13.97030 88.49500
 13.91580 88.49950
 13.86580 88.48890
 13.85150 88.49450
 13.80160 88.50740
 13.76770 88.52480
 13.74240 88.52920
 13.74580 88.55170
 13.75440 88.58600
 13.78080 88.62330
 13.79740 88.64740
 13.81280 88.73990
 13.78220 88.84870
 13.75060 88.85030
796 26 13.64334 14.07792 88.85028 89.15719 'Cuscatlan (El Salvador)'
 13.66250 88.89610
 13.65890 88.90060
 13.64330 88.94040
 13.66490 89.00920
 13.67430 89.01840
 13.69000 89.01710
 13.78150 89.04960
 13.81310 89.08080
 13.81570 89.10650
 13.85030 89.12580
 13.87310 89.13690
 13.97090 89.15720
 13.98930 89.14930
 14.06690 89.14130
 14.07790 89.12260
 14.04330 89.05540
 13.99770 89.01900
 13.97140 89.00990
 13.95720 88.97640
 13.94540 88.94350
 13.94470 88.93720
 13.88710 88.97450
 13.79360 88.91720
 13.75790 88.88450
 13.75060 88.85030
 13.66250 88.89610
797 29 13.41006 14.06611 89.13362 89.60867 'La Libertad (El Salvador)'
 14.04810 89.26770
 13.99490 89.27710
 13.95610 89.25330
 13.83580 89.23830
 13.73830 89.26500
 13.68030 89.23580
 13.58830 89.20920
 13.53250 89.21260
 13.48850 89.18780
 13.48920 89.14450
 13.46830 89.13860
 13.42360 89.13360
 13.41010 89.13720
 13.41890 89.15220
 13.43780 89.18530
 13.45530 89.22000
 13.48270 89.29720
 13.49250 89.38080
 13.49970 89.46670
 13.51510 89.60870
 13.56750 89.56860
 13.76590 89.43970
 13.77500 89.45680
 13.84310 89.43500
 13.94390 89.38570
 14.03250 89.37230
 14.04940 89.36350
 14.06610 89.31830
 14.04810 89.26770
798 22 13.25836 13.67425 88.78112 89.14459 'La Paz (El Salvador)'
 13.66250 88.89610
 13.60810 88.84470
 13.40710 88.78110
 13.34440 88.79640
 13.25840 88.83230
 13.28250 88.86170
 13.29390 88.88170
 13.34140 88.98390
 13.40110 89.11420
 13.41010 89.13720
 13.42360 89.13360
 13.46830 89.13860
 13.48920 89.14450
 13.49540 89.14460
 13.60060 89.10610
 13.65350 89.04820
 13.67070 89.02420
 13.67430 89.01840
 13.66490 89.00920
 13.64330 88.94040
 13.65890 88.90060
 13.66250 88.89610
799 26 13.51506 13.90899 89.43969 89.95445 'Sonsonate (El Salvador)'
 13.51510 89.60870
 13.52810 89.65080
 13.53100 89.68430
 13.53080 89.75890
 13.53580 89.81850
 13.57610 89.82890
 13.60580 89.84630
 13.62820 89.87560
 13.65060 89.91670
 13.66400 89.95450
 13.68000 89.94760
 13.70560 89.92060
 13.70190 89.89330
 13.67790 89.86570
 13.67350 89.82920
 13.77320 89.78370
 13.80260 89.79170
 13.89270 89.77400
 13.90900 89.71890
 13.90400 89.66960
 13.84250 89.58030
 13.78550 89.51250
 13.77500 89.45680
 13.76590 89.43970
 13.56750 89.56860
 13.51510 89.60870
800 27 13.48847 14.06692 89.01711 89.27709 'San Salvador (El Salvador)'
 13.48920 89.14450
 13.48850 89.18780
 13.53250 89.21260
 13.58830 89.20920
 13.68030 89.23580
 13.73830 89.26500
 13.83580 89.23830
 13.95610 89.25330
 13.99490 89.27710
 14.04810 89.26770
 14.05870 89.24200
 14.06580 89.18780
 14.06690 89.14130
 13.98930 89.14930
 13.97090 89.15720
 13.87310 89.13690
 13.85030 89.12580
 13.81570 89.10650
 13.81310 89.08080
 13.78150 89.04960
 13.69000 89.01710
 13.67430 89.01840
 13.67070 89.02420
 13.65350 89.04820
 13.60060 89.10610
 13.49540 89.14460
 13.48920 89.14450
802 46 13.15639 13.89909 87.69467 88.09187 'La Union (El Salvador)'
 13.47110 87.71330
 13.44310 87.75030
 13.40540 87.81560
 13.43630 87.83700
 13.38270 87.87010
 13.36030 87.86560
 13.34110 87.84610
 13.33210 87.82390
 13.29490 87.78580
 13.26210 87.79800
 13.23610 87.83140
 13.15640 87.93780
 13.16330 87.98500
 13.16560 88.04140
 13.16670 88.09190
 13.26870 88.08360
 13.25790 88.06530
 13.25370 88.04110
 13.29940 88.02470
 13.38670 88.01430
 13.42090 88.02960
 13.46010 88.03210
 13.54330 88.01560
 13.55150 88.00850
 13.56310 87.99150
 13.58530 87.97350
 13.67080 87.94560
 13.70860 87.93780
 13.74030 87.93610
 13.85170 87.94450
 13.89610 87.95330
 13.89500 87.94060
 13.89580 87.90830
 13.89910 87.89750
 13.89690 87.80080
 13.86420 87.75030
 13.83460 87.72570
 13.82250 87.70760
 13.81900 87.69470
 13.73330 87.72500
 13.57240 87.77690
 13.52420 87.78340
 13.51460 87.75490
 13.50480 87.71530
 13.48170 87.71110
 13.47110 87.71330
803 24 13.53903 13.99055 87.93611 88.26098 'Morazan (El Salvador)'
 13.55150 88.00850
 13.53900 88.08500
 13.60170 88.19060
 13.68140 88.25860
 13.71490 88.26100
 13.73000 88.24220
 13.75230 88.20850
 13.85330 88.24580
 13.90530 88.25960
 13.94030 88.23500
 13.98760 88.19690
 13.97690 88.16170
 13.99060 88.12190
 13.96390 88.06000
 13.93120 88.04040
 13.87500 88.00590
 13.89610 87.95330
 13.85170 87.94450
 13.74030 87.93610
 13.70860 87.93780
 13.67080 87.94560
 13.58530 87.97350
 13.56310 87.99150
 13.55150 88.00850
804 47 13.16673 13.90528 88.00855 88.52916 'San Miguel (El Salvador)'
 13.68400 88.49010
 13.69150 88.48880
 13.71930 88.50030
 13.74240 88.52920
 13.76770 88.52480
 13.80160 88.50740
 13.85150 88.49450
 13.86580 88.48890
 13.85470 88.46790
 13.87010 88.43170
 13.88400 88.40330
 13.88250 88.37600
 13.86780 88.35220
 13.87490 88.34520
 13.88870 88.31930
 13.90530 88.25960
 13.85330 88.24580
 13.75230 88.20850
 13.73000 88.24220
 13.71490 88.26100
 13.68140 88.25860
 13.60170 88.19060
 13.53900 88.08500
 13.55150 88.00850
 13.54330 88.01560
 13.46010 88.03210
 13.42090 88.02960
 13.38670 88.01430
 13.29940 88.02470
 13.25370 88.04110
 13.25790 88.06530
 13.26870 88.08360
 13.16670 88.09190
 13.16680 88.10880
 13.22170 88.15060
 13.23690 88.16670
 13.27110 88.20450
 13.30350 88.26070
 13.34100 88.33710
 13.37310 88.36240
 13.42390 88.38330
 13.44420 88.38740
 13.47620 88.38250
 13.50390 88.36210
 13.65420 88.36660
 13.69530 88.44180
 13.68400 88.49010
805 24 13.25155 13.81277 88.48875 88.89612 'San Vicente (El Salvador)'
 13.66250 88.89610
 13.75060 88.85030
 13.78220 88.84870
 13.81280 88.73990
 13.79740 88.64740
 13.78080 88.62330
 13.75440 88.58600
 13.74580 88.55170
 13.74240 88.52920
 13.71930 88.50030
 13.69150 88.48880
 13.68400 88.49010
 13.59550 88.58100
 13.58850 88.62350
 13.54810 88.66170
 13.42830 88.69860
 13.34420 88.71810
 13.28420 88.79670
 13.25160 88.81380
 13.25840 88.83230
 13.34440 88.79640
 13.40710 88.78110
 13.60810 88.84470
 13.66250 88.89610
806 39 13.15805 13.69527 88.10876 88.81380 'Usulutan (El Salvador)'
 13.16680 88.10880
 13.16390 88.12610
 13.15940 88.19640
 13.15810 88.22000
 13.18760 88.41110
 13.23850 88.47530
 13.27400 88.55040
 13.28400 88.61210
 13.26090 88.70820
 13.24940 88.64190
 13.25970 88.62170
 13.26330 88.58530
 13.19570 88.50590
 13.19910 88.53510
 13.21110 88.61530
 13.22110 88.66560
 13.22860 88.70670
 13.23560 88.75890
 13.25160 88.81380
 13.28420 88.79670
 13.34420 88.71810
 13.42830 88.69860
 13.54810 88.66170
 13.58850 88.62350
 13.59550 88.58100
 13.68400 88.49010
 13.69530 88.44180
 13.65420 88.36660
 13.50390 88.36210
 13.47620 88.38250
 13.44420 88.38740
 13.42390 88.38330
 13.37310 88.36240
 13.34100 88.33710
 13.30350 88.26070
 13.27110 88.20450
 13.23690 88.16670
 13.22170 88.15060
 13.16680 88.10880
822 51 13.94027 14.40409 88.66148 89.42806 'Chalatenango (El Salvador)'
 14.11420 88.83110
 14.10010 88.82760
 14.09620 88.80630
 14.13350 88.77240
 14.13440 88.75220
 14.11560 88.73420
 14.09240 88.71930
 14.04420 88.70570
 14.01410 88.66150
 14.00110 88.70950
 13.97110 88.79280
 13.94500 88.86390
 13.94030 88.88360
 13.94470 88.93720
 13.94540 88.94350
 13.95720 88.97640
 13.97140 89.00990
 13.99770 89.01900
 14.04330 89.05540
 14.07790 89.12260
 14.06690 89.14130
 14.06580 89.18780
 14.05870 89.24200
 14.04810 89.26770
 14.06610 89.31830
 14.04940 89.36350
 14.03250 89.37230
 14.04110 89.41830
 14.07710 89.42810
 14.13780 89.38540
 14.17570 89.33100
 14.25900 89.26400
 14.32820 89.24430
 14.39670 89.30750
 14.40410 89.31560
 14.40110 89.29780
 14.37580 89.21330
 14.35470 89.17450
 14.32440 89.11970
 14.33470 89.03720
 14.32760 89.02470
 14.25390 88.97780
 14.22190 88.96060
 14.21700 88.95950
 14.19390 88.95600
 14.20600 88.92020
 14.20360 88.89780
 14.18760 88.87510
 14.17110 88.86030
 14.13850 88.83940
 14.11420 88.83110
823 39 13.77500 14.43198 89.24432 89.74667 'Santa Ana (El Salvador)'
 13.90900 89.71890
 13.99210 89.69750
 14.02780 89.71860
 14.04140 89.73970
 14.06960 89.74670
 14.11790 89.72680
 14.14500 89.71010
 14.17000 89.68640
 14.19560 89.65210
 14.20930 89.62700
 14.20820 89.60510
 14.20750 89.57950
 14.23390 89.51820
 14.30420 89.54330
 14.31650 89.56550
 14.32120 89.58920
 14.38580 89.58330
 14.41470 89.57100
 14.42080 89.54850
 14.42140 89.49500
 14.41490 89.43560
 14.43200 89.34830
 14.41050 89.33220
 14.40410 89.31560
 14.39670 89.30750
 14.32820 89.24430
 14.25900 89.26400
 14.17570 89.33100
 14.13780 89.38540
 14.07710 89.42810
 14.04110 89.41830
 14.03250 89.37230
 13.94390 89.38570
 13.84310 89.43500
 13.77500 89.45680
 13.78550 89.51250
 13.84250 89.58030
 13.90400 89.66960
 13.90900 89.71890
