2982 24 25.80972 26.19813 -50.57333 -50.45465 'Al Mintaqah al Gharbiyah (Bahrain)'
 26.14150 -50.51410
 26.14150 -50.50200
 26.08570 -50.51030
 26.06860 -50.52210
 26.07160 -50.52700
 25.80970 -50.57330
 25.81190 -50.55530
 25.94500 -50.46890
 25.95420 -50.46390
 25.96530 -50.46170
 25.97830 -50.46250
 25.98920 -50.46610
 26.00810 -50.47670
 26.02810 -50.48550
 26.03830 -50.49000
 26.05140 -50.49170
 26.07310 -50.48610
 26.08280 -50.48190
 26.11170 -50.46940
 26.19810 -50.45460
 26.16900 -50.48710
 26.15470 -50.49960
 26.14980 -50.51030
 26.14150 -50.51410
2983 8 26.19195 26.23888 -50.60930 -50.54700 'Al Manamah (Bahrain)'
 26.22690 -50.54730
 26.23890 -50.58100
 26.23620 -50.59080
 26.20670 -50.60930
 26.19190 -50.59890
 26.19410 -50.55520
 26.19690 -50.54700
 26.22690 -50.54730
2984 11 26.16900 26.23978 -50.50329 -50.45333 'Al Mintaqah ash Shamaliyah (Bahrain)'
 26.19810 -50.45460
 26.21150 -50.45330
 26.22440 -50.45890
 26.23560 -50.47120
 26.23980 -50.50000
 26.23450 -50.49350
 26.21720 -50.49710
 26.19540 -50.50330
 26.18680 -50.49170
 26.16900 -50.48710
 26.19810 -50.45460
2985 22 26.13446 26.20049 -50.59305 -50.48708 'Al Mintaqah al Wusta (Bahrain)'
 26.15080 -50.59300
 26.13450 -50.58420
 26.14070 -50.57910
 26.15460 -50.57810
 26.16730 -50.56820
 26.17710 -50.55880
 26.19030 -50.53960
 26.15690 -50.53810
 26.14780 -50.54270
 26.15600 -50.51390
 26.14980 -50.51030
 26.15470 -50.49960
 26.16900 -50.48710
 26.18680 -50.49170
 26.19540 -50.50330
 26.19980 -50.51430
 26.20050 -50.52910
 26.19690 -50.54700
 26.19410 -50.55520
 26.19140 -50.55420
 26.17060 -50.56890
 26.15080 -50.59300
2986 21 25.80972 26.15598 -50.61972 -50.51030 'Ar Rifa wa al Mintaqah al Janubiyah (Bahrain)'
 26.07160 -50.52700
 26.14150 -50.51410
 26.14980 -50.51030
 26.15600 -50.51390
 26.14780 -50.54270
 26.14070 -50.57910
 26.13450 -50.58420
 26.12770 -50.58400
 26.11470 -50.58800
 26.09680 -50.59660
 26.09160 -50.60600
 26.09060 -50.61490
 26.05640 -50.61830
 25.98080 -50.61970
 25.96690 -50.61860
 25.86280 -50.60750
 25.84580 -50.60250
 25.83670 -50.59720
 25.82860 -50.59080
 25.80970 -50.57330
 26.07160 -50.52700
2987 11 26.19544 26.24000 -50.54733 -50.49345 'Jidd Hafs (Bahrain)'
 26.23980 -50.50000
 26.24000 -50.51080
 26.23440 -50.53220
 26.22690 -50.54730
 26.19690 -50.54700
 26.20050 -50.52910
 26.19980 -50.51430
 26.19540 -50.50330
 26.21720 -50.49710
 26.23450 -50.49350
 26.23980 -50.50000
2988 6 26.06859 26.14154 -50.52700 -50.50205 'Madinat Hamad (Bahrain)'
 26.14150 -50.51410
 26.07160 -50.52700
 26.06860 -50.52210
 26.08570 -50.51030
 26.14150 -50.50200
 26.14150 -50.51410
2989 8 26.14068 26.19035 -50.57912 -50.53811 'Madinat Isa (Bahrain)'
 26.14780 -50.54270
 26.15690 -50.53810
 26.19030 -50.53960
 26.17710 -50.55880
 26.16730 -50.56820
 26.15460 -50.57810
 26.14070 -50.57910
 26.14780 -50.54270
2990 12 26.09062 26.15083 -50.61695 -50.58403 'Sitrah (Bahrain)'
 26.15080 -50.59300
 26.14110 -50.60560
 26.12780 -50.61310
 26.11720 -50.61610
 26.10470 -50.61690
 26.09060 -50.61490
 26.09160 -50.60600
 26.09680 -50.59660
 26.11470 -50.58800
 26.12770 -50.58400
 26.13450 -50.58420
 26.15080 -50.59300
3009 9 26.24472 26.28889 -50.65431 -50.60395 'Al Muharraq (Bahrain)'
 26.24470 -50.65060
 26.24690 -50.61300
 26.26320 -50.60400
 26.27920 -50.61120
 26.28890 -50.62720
 26.28190 -50.64050
 26.27060 -50.65400
 26.25060 -50.65430
 26.24470 -50.65060
3010 16 25.57195 25.72736 -50.79639 -50.74166 'Juzur Hawar (Bahrain)'
 25.57190 -50.77190
 25.58190 -50.75190
 25.58940 -50.74470
 25.60060 -50.74250
 25.67000 -50.74170
 25.68310 -50.74170
 25.69510 -50.74780
 25.71140 -50.76420
 25.71640 -50.77360
 25.72740 -50.79470
 25.71390 -50.79640
 25.68720 -50.79080
 25.68180 -50.77180
 25.65500 -50.76360
 25.59810 -50.76140
 25.57190 -50.77190
