0 70 13.3359 13.8264 14.4464 15.4841 'MacCarthy Island (The Gambia)'
 13.49427 15.30025
 13.50916 15.32639
 13.52528 15.35208
 13.54847 15.36750
 13.57375 15.37375
 13.61639 15.36945
 13.63863 15.36473
 13.63639 15.40223
 13.63250 15.43278
 13.63305 15.45445
 13.64079 15.48408
 13.66903 15.47431
 13.70833 15.45555
 13.73027 15.43555
 13.74333 15.42028
 13.78139 15.36445
 13.79292 15.33667
 13.79042 15.30049
 13.77055 15.27153
 13.74472 15.25139
 13.76389 15.21666
 13.79500 15.16445
 13.82639 15.07028
 13.80236 14.91166
 13.79305 14.88305
 13.78084 14.86028
 13.77861 14.85634
 13.75666 14.82889
 13.74111 14.81611
 13.70931 14.80208
 13.67861 14.79361
 13.65333 14.79195
 13.61334 14.71653
 13.63236 14.69708
 13.65333 14.66834
 13.66305 14.64611
 13.66792 14.62570
 13.67027 14.59889
 13.66208 14.56236
 13.65069 14.53570
 13.62805 14.50458
 13.59375 14.48334
 13.57084 14.47778
 13.53445 14.47278
 13.52639 14.44639
 13.52250 14.45903
 13.50222 14.48445
 13.45346 14.51463
 13.41666 14.50361
 13.35542 14.53403
 13.33594 14.54778
 13.34389 14.64778
 13.35048 14.68681
 13.36055 14.71473
 13.37555 14.73542
 13.40445 14.75528
 13.42445 14.77042
 13.43527 14.83334
 13.46055 14.92528
 13.47195 14.95473
 13.48250 14.97250
 13.49305 14.98973
 13.52805 15.04528
 13.56139 15.08208
 13.59584 15.11166
 13.58625 15.14792
 13.55280 15.17505
 13.56027 15.18264
 13.50584 15.29945
 13.49427 15.30025
1 40 13.2306 13.5828 13.7986 14.5478 'Upper River (The Gambia)'
 13.50804 13.86850
 13.49708 13.84555
 13.48055 13.82750
 13.44319 13.80375
 13.41305 13.79861
 13.38445 13.80347
 13.35611 13.82403
 13.33305 13.85000
 13.32777 13.85834
 13.32084 13.87305
 13.30250 13.99278
 13.29445 14.04889
 13.28500 14.09555
 13.26055 14.13000
 13.24639 14.15167
 13.23305 14.18834
 13.23055 14.21473
 13.23778 14.35111
 13.24875 14.38875
 13.31389 14.52111
 13.33594 14.54778
 13.35542 14.53403
 13.41666 14.50361
 13.45346 14.51463
 13.50222 14.48445
 13.52250 14.45903
 13.52639 14.44639
 13.50472 14.42958
 13.48333 14.39834
 13.46681 14.36986
 13.45403 14.33486
 13.48153 14.23708
 13.49847 14.22292
 13.51625 14.19834
 13.52611 14.17611
 13.56055 14.08236
 13.58277 13.98042
 13.56819 13.91916
 13.54437 13.88702
 13.50804 13.86850
2 7 13.4362 13.472 16.5843 16.613 'Banjul (The Gambia)'
 13.44084 16.61139
 13.45473 16.61300
 13.47200 16.60974
 13.46125 16.59015
 13.45462 16.58435
 13.43618 16.58715
 13.44084 16.61139
3 14 13.3856 13.4894 16.6097 16.7317 'Kombo Saint Mary (The Gambia)'
 13.47200 16.60974
 13.45473 16.61300
 13.44084 16.61139
 13.43145 16.62105
 13.42695 16.61055
 13.39785 16.62840
 13.38557 16.65456
 13.39119 16.67497
 13.40799 16.70176
 13.44972 16.73167
 13.47174 16.70994
 13.48945 16.68431
 13.47555 16.62084
 13.47200 16.60974
4 41 13.2453 13.5603 15.1751 16.2242 'Lower River (The Gambia)'
 13.28174 16.15660
 13.26368 16.19393
 13.32611 16.22417
 13.34805 16.22361
 13.37792 16.20958
 13.42486 16.15590
 13.41583 16.12375
 13.40861 16.08653
 13.40542 16.04875
 13.43305 15.77334
 13.45277 15.63666
 13.50604 15.54861
 13.48500 15.49000
 13.44736 15.40181
 13.43875 15.35889
 13.43861 15.32834
 13.45153 15.30576
 13.48597 15.29458
 13.49105 15.29717
 13.49427 15.30025
 13.50584 15.29945
 13.56027 15.18264
 13.55280 15.17505
 13.52514 15.20153
 13.48777 15.20417
 13.46195 15.20473
 13.43416 15.21084
 13.41319 15.22431
 13.39389 15.24722
 13.38305 15.26445
 13.37277 15.29042
 13.36584 15.33416
 13.36639 15.36028
 13.37527 15.41805
 13.33945 15.80653
 13.24528 15.80945
 13.24889 15.81973
 13.26241 15.89556
 13.27278 15.95528
 13.29097 16.14347
 13.28174 16.15660
5 42 13.3321 13.6408 15.2972 16.5657 'North Bank (The Gambia)'
 13.49105 15.29717
 13.47445 15.30320
 13.45416 15.32875
 13.45027 15.35903
 13.46361 15.39750
 13.50139 15.48438
 13.52868 15.54723
 13.50416 15.65834
 13.47611 15.72278
 13.45639 15.81195
 13.43181 16.09723
 13.44111 16.11570
 13.45354 16.14049
 13.43139 16.19250
 13.39972 16.23105
 13.36042 16.26861
 13.33834 16.33195
 13.33208 16.40355
 13.35584 16.47945
 13.36861 16.51334
 13.38708 16.50458
 13.40958 16.50097
 13.56584 16.55389
 13.59000 16.56567
 13.59250 16.17084
 13.59222 16.08860
 13.59278 15.92973
 13.59111 15.64584
 13.59055 15.57472
 13.59084 15.48820
 13.64079 15.48408
 13.63305 15.45445
 13.63250 15.43278
 13.63639 15.40223
 13.63863 15.36473
 13.61639 15.36945
 13.57375 15.37375
 13.54847 15.36750
 13.52528 15.35208
 13.50916 15.32639
 13.49427 15.30025
 13.49105 15.29717
6 38 13.06 13.4497 15.8094 16.8217 'Western (The Gambia)'
 13.16055 15.89556
 13.16305 15.99889
 13.16500 16.61834
 13.15722 16.70035
 13.05997 16.75087
 13.14084 16.78445
 13.27834 16.82000
 13.32333 16.82166
 13.37065 16.81712
 13.38757 16.78611
 13.41847 16.74473
 13.44972 16.73167
 13.40799 16.70176
 13.39119 16.67497
 13.38557 16.65456
 13.39785 16.62840
 13.42695 16.61055
 13.40222 16.60667
 13.38055 16.59973
 13.32445 16.57666
 13.29507 16.55473
 13.25695 16.42167
 13.27555 16.37945
 13.31854 16.24958
 13.29764 16.22375
 13.25757 16.22437
 13.25264 16.19473
 13.26166 16.17139
 13.27931 16.15486
 13.28174 16.15660
 13.29097 16.14347
 13.27278 15.95528
 13.26241 15.89556
 13.24889 15.81973
 13.24528 15.80945
 13.15972 15.80972
 13.15972 15.86250
 13.16055 15.89556
