0 150 43.754 45.1323 -12.7536 -9.19945 'Emilia-Romagna (Italy)'
 43.92334 -12.49639
 43.94125 -12.51111
 43.98687 -12.50465
 43.98326 -12.45965
 43.95795 -12.41580
 43.96680 -12.38180
 43.95833 -12.31986
 43.89861 -12.16305
 43.79250 -12.11084
 43.76166 -12.10083
 43.75883 -12.10212
 43.75395 -12.07681
 43.76861 -11.98222
 43.82153 -11.81875
 43.87250 -11.72542
 43.88462 -11.70895
 43.88666 -11.70722
 43.91694 -11.71007
 43.96083 -11.68916
 44.02638 -11.68527
 44.04277 -11.70111
 44.07833 -11.72750
 44.12993 -11.74219
 44.12903 -11.68264
 44.11694 -11.65548
 44.12472 -11.59166
 44.16486 -11.49458
 44.20708 -11.44528
 44.21416 -11.37861
 44.18666 -11.31361
 44.16277 -11.26445
 44.12472 -11.24277
 44.10222 -11.21361
 44.09167 -11.04131
 44.06528 -10.92335
 44.07805 -10.88945
 44.11749 -10.80111
 44.12639 -10.78195
 44.13666 -10.76416
 44.16090 -10.72986
 44.16083 -10.68250
 44.15458 -10.63986
 44.12749 -10.61170
 44.12201 -10.58187
 44.15027 -10.52805
 44.24069 -10.39389
 44.27367 -10.36125
 44.28292 -10.29264
 44.29500 -10.21527
 44.35000 -10.07597
 44.41222 -9.98666
 44.43506 -10.00174
 44.46985 -9.93638
 44.47860 -9.90222
 44.48332 -9.86361
 44.47679 -9.83770
 44.37666 -9.69889
 44.35741 -9.68961
 44.40145 -9.65771
 44.42916 -9.59695
 44.49764 -9.49014
 44.52235 -9.49500
 44.55579 -9.48780
 44.57722 -9.42805
 44.61111 -9.29195
 44.61756 -9.21489
 44.61354 -9.20315
 44.62708 -9.20028
 44.66833 -9.19945
 44.68180 -9.20145
 44.67514 -9.23042
 44.70104 -9.31660
 44.82222 -9.35445
 44.86437 -9.35275
 44.88666 -9.31042
 44.90770 -9.30014
 44.93027 -9.30972
 45.02499 -9.36875
 45.04500 -9.38277
 45.09110 -9.41631
 45.10055 -9.49222
 45.10638 -9.57250
 45.10527 -9.60027
 45.09021 -9.63666
 45.06006 -9.71319
 45.08550 -9.90035
 45.10875 -9.89069
 45.13234 -9.88735
 45.12367 -9.99267
 45.10305 -10.02375
 45.06680 -10.04222
 45.04183 -10.05668
 45.02770 -10.08548
 45.02875 -10.12430
 45.03923 -10.15090
 45.04014 -10.17736
 45.03111 -10.22416
 45.02514 -10.24861
 44.99444 -10.31139
 44.93708 -10.43597
 44.91472 -10.51639
 44.91041 -10.54695
 44.91222 -10.58139
 44.94305 -10.76389
 44.91382 -10.90221
 44.93083 -10.94472
 44.95555 -11.00472
 44.96325 -11.09250
 44.94388 -11.14847
 44.95944 -11.30195
 44.96111 -11.34472
 44.95888 -11.38792
 44.94972 -11.42145
 44.93764 -11.53375
 44.91097 -11.58660
 44.88983 -11.60727
 44.89166 -11.63430
 44.94305 -11.74166
 44.97500 -11.83639
 44.98722 -11.97527
 44.97761 -12.05105
 44.96972 -12.09805
 44.90652 -12.28375
 44.87166 -12.29069
 44.81125 -12.35958
 44.79138 -12.39695
 44.80389 -12.35611
 44.83826 -12.29014
 44.77625 -12.26153
 44.72388 -12.24764
 44.69388 -12.24542
 44.47611 -12.28000
 44.45166 -12.28889
 44.27833 -12.35347
 44.24666 -12.36833
 44.18931 -12.42236
 44.16777 -12.44639
 44.10999 -12.51861
 44.08861 -12.54583
 43.98750 -12.68972
 43.97695 -12.72055
 43.97222 -12.74055
 43.97100 -12.75357
 43.90139 -12.74208
 43.88180 -12.73084
 43.84292 -12.67625
 43.84465 -12.62084
 43.86735 -12.60930
 43.89771 -12.58660
 43.92334 -12.49639
1 85 43.7796 44.6847 -10.0571 -7.49622 'Liguria (Italy)'
 43.78205 -7.53194
 43.82111 -7.51250
 43.87451 -7.49622
 43.96472 -7.59834
 44.00680 -7.65861
 44.07583 -7.70625
 44.09131 -7.70905
 44.12792 -7.73514
 44.14222 -7.75319
 44.14472 -7.77834
 44.12860 -7.80750
 44.12083 -7.86139
 44.11520 -7.99639
 44.16333 -8.05778
 44.17945 -8.07277
 44.20385 -8.08212
 44.26083 -8.06972
 44.29972 -8.07555
 44.46194 -8.19639
 44.51916 -8.26666
 44.50472 -8.38639
 44.52091 -8.57607
 44.54975 -8.59972
 44.58291 -8.60771
 44.58985 -8.63097
 44.58319 -8.71611
 44.53999 -8.75445
 44.51166 -8.76389
 44.55778 -8.88861
 44.63562 -8.87535
 44.68243 -8.92000
 44.68472 -8.95750
 44.66305 -9.00111
 44.64527 -9.02111
 44.63166 -9.04055
 44.59041 -9.11375
 44.58180 -9.14111
 44.58569 -9.17625
 44.59902 -9.19986
 44.61354 -9.20315
 44.61756 -9.21489
 44.61111 -9.29195
 44.57722 -9.42805
 44.55579 -9.48780
 44.52235 -9.49500
 44.49764 -9.49014
 44.42916 -9.59695
 44.40145 -9.65771
 44.35741 -9.68961
 44.32735 -9.71653
 44.29834 -9.76195
 44.20611 -9.86055
 44.16514 -9.89972
 44.16361 -9.92527
 44.16423 -9.96020
 44.11666 -10.03750
 44.09416 -10.05708
 44.04417 -10.02734
 44.05388 -9.98361
 44.11472 -9.71500
 44.14083 -9.66111
 44.28527 -9.37277
 44.30972 -9.33653
 44.34694 -9.23111
 44.42555 -8.81555
 44.42805 -8.74722
 44.38833 -8.64000
 44.32263 -8.49527
 44.26791 -8.44392
 44.17979 -8.39924
 44.15861 -8.33222
 44.15347 -8.30139
 44.14083 -8.27403
 44.10042 -8.23430
 43.98277 -8.15632
 43.95875 -8.16465
 43.89305 -8.06778
 43.84638 -7.94889
 43.84000 -7.91389
 43.81527 -7.77278
 43.79625 -7.73889
 43.77957 -7.66548
 43.78889 -7.61389
 43.79125 -7.58021
 43.78205 -7.53194
2 133 38.8779 41.2547 -9.82416 -8.14819 'Sardegna (Italy)'
 39.04500 -9.04334
 38.98805 -9.00695
 38.90264 -8.90208
 38.87791 -8.85118
 38.92180 -8.71166
 38.89027 -8.64639
 38.91861 -8.61584
 39.00999 -8.56639
 39.05000 -8.55139
 39.06103 -8.50538
 39.03655 -8.47448
 39.00000 -8.44988
 38.96472 -8.43653
 38.95854 -8.40833
 39.03027 -8.36000
 39.07375 -8.34583
 39.10575 -8.35680
 39.10708 -8.42584
 39.08971 -8.45383
 39.11750 -8.45916
 39.16305 -8.43208
 39.20055 -8.39695
 39.22611 -8.36611
 39.26888 -8.42416
 39.29062 -8.43236
 39.33944 -8.41861
 39.34346 -8.39813
 39.37291 -8.37153
 39.44722 -8.39195
 39.49361 -8.41305
 39.63271 -8.44819
 39.68194 -8.44334
 39.75899 -8.45205
 39.72375 -8.49722
 39.75222 -8.52361
 39.77945 -8.54195
 39.81666 -8.55166
 39.84499 -8.55722
 39.86770 -8.55395
 39.90229 -8.52042
 39.91014 -8.45660
 39.89458 -8.43000
 39.90131 -8.39597
 39.94611 -8.39861
 40.00680 -8.40889
 40.14333 -8.46445
 40.22666 -8.46166
 40.32139 -8.45722
 40.49277 -8.36722
 40.58749 -8.30180
 40.61597 -8.19597
 40.58741 -8.16401
 40.62083 -8.14819
 40.63638 -8.17834
 40.69222 -8.17222
 40.72138 -8.14972
 40.74416 -8.14889
 40.91361 -8.19250
 40.93840 -8.22805
 40.90972 -8.23222
 40.86000 -8.28445
 40.84735 -8.30708
 40.83611 -8.35639
 40.82194 -8.45750
 40.82027 -8.48000
 40.82361 -8.50528
 40.83138 -8.54305
 40.84000 -8.57972
 40.84861 -8.60430
 40.86846 -8.62055
 40.89048 -8.63868
 40.91235 -8.70139
 40.91458 -8.74972
 40.91847 -8.78264
 40.93444 -8.81027
 40.96659 -8.85000
 40.99945 -8.87347
 41.12194 -9.01264
 41.13027 -9.04695
 41.19166 -9.16083
 41.23923 -9.16451
 41.25472 -9.23305
 41.14666 -9.51334
 41.11777 -9.56250
 40.98916 -9.63389
 40.92037 -9.51045
 40.91305 -9.56639
 40.92111 -9.61278
 40.85249 -9.65916
 40.66625 -9.75027
 40.63861 -9.74250
 40.63000 -9.74277
 40.59750 -9.75027
 40.54055 -9.80493
 40.52722 -9.82416
 40.46833 -9.80945
 40.44250 -9.80028
 40.38562 -9.76132
 40.37291 -9.73486
 40.35402 -9.70555
 40.30833 -9.65722
 40.28222 -9.63695
 40.25187 -9.62334
 40.19319 -9.62666
 40.13916 -9.65681
 40.10222 -9.69834
 40.04055 -9.71361
 39.93527 -9.69500
 39.80888 -9.67472
 39.77945 -9.67055
 39.75305 -9.67097
 39.73083 -9.67535
 39.54916 -9.65166
 39.48638 -9.64222
 39.43027 -9.63084
 39.33277 -9.60027
 39.22847 -9.56764
 39.19090 -9.56941
 39.14562 -9.56507
 39.11833 -9.52166
 39.12442 -9.44264
 39.14083 -9.41055
 39.15805 -9.39084
 39.17750 -9.36611
 39.19416 -9.34250
 39.20583 -9.32166
 39.21388 -9.29527
 39.18468 -9.15434
 39.26319 -9.01354
 39.12639 -9.01334
 39.10166 -9.01611
 39.07972 -9.02250
 39.04500 -9.04334
3 143 42.3651 44.4833 -12.3624 -9.68961 'Toscana (Italy)'
 43.61665 -12.20475
 43.54084 -12.14972
 43.44035 -12.04632
 43.41854 -12.03548
 43.37222 -12.07847
 43.34916 -12.14000
 43.31027 -12.21451
 43.28867 -12.20972
 43.26249 -12.15861
 43.24389 -12.09278
 43.20638 -12.01611
 43.17249 -11.95055
 43.14985 -11.92736
 43.12819 -11.91777
 43.06364 -11.93695
 42.99972 -11.95750
 42.88164 -11.94273
 42.85777 -11.90584
 42.85038 -11.88883
 42.82305 -11.78111
 42.78340 -11.77256
 42.74472 -11.80819
 42.65445 -11.79195
 42.61111 -11.72889
 42.48472 -11.61055
 42.43333 -11.49416
 42.37417 -11.45132
 42.40465 -11.37277
 42.41861 -11.26222
 42.41750 -11.23166
 42.41180 -11.20597
 42.39083 -11.20180
 42.36513 -11.17972
 42.39652 -11.09743
 42.43027 -11.08458
 42.44243 -11.10993
 42.43944 -11.13305
 42.44562 -11.16465
 42.48486 -11.18389
 42.51250 -11.18715
 42.55499 -11.15805
 42.63222 -11.08027
 42.72445 -10.96569
 42.74583 -10.92555
 42.75889 -10.88945
 42.76694 -10.86250
 42.83916 -10.76895
 42.89903 -10.77514
 42.92867 -10.73264
 42.94652 -10.68069
 42.95750 -10.58889
 43.05277 -10.53333
 43.12333 -10.54084
 43.15014 -10.54264
 43.18083 -10.53833
 43.22361 -10.53028
 43.25750 -10.51834
 43.39805 -10.42278
 43.44583 -10.37764
 43.45861 -10.35750
 43.47513 -10.32451
 43.54256 -10.29514
 43.59130 -10.28761
 43.69375 -10.27666
 43.71444 -10.27695
 43.74333 -10.27416
 43.79611 -10.26750
 43.84333 -10.25222
 43.87903 -10.23625
 43.90499 -10.21569
 43.94472 -10.17945
 44.00375 -10.11180
 44.01861 -10.09083
 44.03305 -10.05972
 44.04417 -10.02734
 44.09416 -10.05708
 44.11666 -10.03750
 44.16423 -9.96020
 44.16361 -9.92527
 44.16514 -9.89972
 44.20611 -9.86055
 44.29834 -9.76195
 44.32735 -9.71653
 44.35741 -9.68961
 44.37666 -9.69889
 44.47679 -9.83770
 44.48332 -9.86361
 44.47860 -9.90222
 44.46985 -9.93638
 44.43506 -10.00174
 44.41222 -9.98666
 44.35000 -10.07597
 44.29500 -10.21527
 44.28292 -10.29264
 44.27367 -10.36125
 44.24069 -10.39389
 44.15027 -10.52805
 44.12201 -10.58187
 44.12749 -10.61170
 44.15458 -10.63986
 44.16083 -10.68250
 44.16090 -10.72986
 44.13666 -10.76416
 44.12639 -10.78195
 44.11749 -10.80111
 44.07805 -10.88945
 44.06528 -10.92335
 44.09167 -11.04131
 44.10222 -11.21361
 44.12472 -11.24277
 44.16277 -11.26445
 44.18666 -11.31361
 44.21416 -11.37861
 44.20708 -11.44528
 44.16486 -11.49458
 44.12472 -11.59166
 44.11694 -11.65548
 44.12903 -11.68264
 44.12993 -11.74219
 44.07833 -11.72750
 44.04277 -11.70111
 44.02638 -11.68527
 43.96083 -11.68916
 43.91694 -11.71007
 43.88666 -11.70722
 43.88462 -11.70895
 43.87250 -11.72542
 43.82153 -11.81875
 43.76861 -11.98222
 43.75395 -12.07681
 43.75883 -12.10212
 43.76375 -12.11986
 43.74260 -12.18345
 43.76417 -12.21532
 43.77104 -12.27434
 43.75638 -12.30916
 43.74110 -12.33250
 43.71569 -12.36243
 43.68451 -12.31945
 43.71638 -12.31084
 43.71861 -12.28889
 43.64680 -12.19055
 43.61665 -12.20475
4 27 42.3651 44.4833 -12.3624 -9.68961 'Toscana (Italy)'
 42.70861 -10.41861
 42.76125 -10.35139
 42.76527 -10.34084
 42.75972 -10.29972
 42.74638 -10.23472
 42.73527 -10.20916
 42.72944 -10.16027
 42.72972 -10.14916
 42.73166 -10.13916
 42.73958 -10.12458
 42.74750 -10.11695
 42.76889 -10.10305
 42.78485 -10.10097
 42.79945 -10.11139
 42.80639 -10.12666
 42.81083 -10.14500
 42.81361 -10.18278
 42.80916 -10.20861
 42.79985 -10.22097
 42.79277 -10.23347
 42.80527 -10.35569
 42.82735 -10.37805
 42.85611 -10.39305
 42.87006 -10.41305
 42.85187 -10.43916
 42.71367 -10.42764
 42.70861 -10.41861
5 6 42.3651 44.4833 -12.3624 -9.68961 'Toscana (Italy)'
 43.76472 -12.19139
 43.76722 -12.18083
 43.81060 -12.17452
 43.80694 -12.22722
 43.78194 -12.23555
 43.76472 -12.19139
6 72 39.9065 41.1365 -16.8638 -15.3542 'Basilicata (Italy)'
 40.39035 -16.86380
 40.31138 -16.79153
 40.24485 -16.74972
 40.21653 -16.74132
 40.14708 -16.68805
 40.11830 -16.64135
 40.12250 -16.62195
 40.12694 -16.57500
 40.13555 -16.43584
 40.02750 -16.38583
 39.96777 -16.36166
 39.94805 -16.35583
 39.92111 -16.33111
 39.92444 -16.20834
 39.90645 -16.07218
 39.95083 -16.01250
 40.00555 -15.95153
 40.00937 -15.85014
 39.96014 -15.76861
 39.92722 -15.74834
 39.95694 -15.72889
 39.97972 -15.71222
 40.03305 -15.66375
 40.04293 -15.64225
 40.06666 -15.66555
 40.25913 -15.78739
 40.37944 -15.70125
 40.42514 -15.61889
 40.44388 -15.58166
 40.49295 -15.53777
 40.56153 -15.51958
 40.68111 -15.43195
 40.72521 -15.37986
 40.86361 -15.35416
 40.88334 -15.36364
 40.87707 -15.41617
 40.86857 -15.46111
 40.91555 -15.52584
 40.96833 -15.56139
 41.01388 -15.55778
 41.06112 -15.54084
 41.07055 -15.54292
 41.09575 -15.57354
 41.09972 -15.61805
 41.09277 -15.71972
 41.11285 -15.80486
 41.13207 -15.83305
 41.13646 -15.86119
 41.09694 -15.94139
 41.08194 -15.96445
 41.02361 -16.02777
 40.98541 -16.01930
 40.91833 -16.13666
 40.85052 -16.23208
 40.81083 -16.26916
 40.79416 -16.28750
 40.74444 -16.34972
 40.70305 -16.41465
 40.71250 -16.44000
 40.72555 -16.45611
 40.74305 -16.47583
 40.76096 -16.50542
 40.76638 -16.58097
 40.75945 -16.62069
 40.73458 -16.69250
 40.71457 -16.71479
 40.67166 -16.72195
 40.61749 -16.71555
 40.56625 -16.71006
 40.47132 -16.73722
 40.41499 -16.83945
 40.39035 -16.86380
7 134 37.9169 40.1356 -17.1692 -15.6296 'Calabria (Italy)'
 37.91694 -15.78111
 37.91694 -15.77584
 37.92083 -15.75611
 37.93111 -15.72027
 37.95785 -15.66785
 38.00458 -15.63514
 38.06305 -15.64528
 38.19284 -15.63000
 38.22930 -15.62958
 38.24027 -15.65445
 38.25583 -15.71527
 38.25750 -15.73736
 38.26611 -15.76027
 38.28152 -15.79472
 38.30249 -15.81528
 38.45195 -15.89555
 38.47277 -15.90611
 38.52526 -15.92240
 38.54596 -15.92264
 38.57611 -15.89472
 38.59333 -15.87695
 38.61277 -15.84555
 38.62798 -15.82903
 38.65729 -15.84979
 38.72166 -15.98445
 38.72388 -16.02361
 38.72361 -16.04527
 38.72084 -16.06750
 38.71264 -16.09889
 38.71555 -16.12916
 38.74521 -16.17819
 38.76916 -16.19500
 38.79777 -16.20805
 38.83638 -16.21875
 38.86861 -16.22111
 38.92138 -16.21979
 38.93194 -16.19416
 38.94819 -16.15708
 39.02277 -16.09972
 39.12916 -16.06416
 39.18625 -16.05722
 39.22500 -16.05611
 39.25638 -16.05334
 39.34436 -16.03382
 39.44965 -15.98090
 39.51653 -15.92666
 39.53388 -15.90389
 39.60999 -15.85305
 39.67930 -15.80792
 39.70750 -15.79986
 39.79250 -15.78750
 39.86285 -15.78187
 39.91888 -15.75500
 39.92722 -15.74834
 39.96014 -15.76861
 40.00937 -15.85014
 40.00555 -15.95153
 39.95083 -16.01250
 39.90645 -16.07218
 39.92444 -16.20834
 39.92111 -16.33111
 39.94805 -16.35583
 39.96777 -16.36166
 40.02750 -16.38583
 40.13555 -16.43584
 40.12694 -16.57500
 40.12250 -16.62195
 40.11830 -16.64135
 40.10985 -16.63000
 40.08617 -16.60861
 40.04361 -16.59945
 39.99625 -16.60972
 39.89805 -16.56333
 39.87194 -16.53666
 39.82235 -16.49916
 39.80000 -16.49014
 39.77375 -16.48666
 39.74916 -16.49055
 39.66292 -16.53000
 39.64458 -16.55569
 39.62972 -16.59695
 39.62277 -16.62639
 39.61722 -16.74139
 39.56860 -16.82361
 39.49277 -16.96305
 39.46611 -17.03416
 39.39638 -17.14555
 39.36555 -17.13597
 39.31458 -17.11597
 39.26305 -17.10889
 39.09875 -17.11666
 39.05375 -17.14180
 39.03903 -17.15819
 38.99777 -17.16916
 38.96334 -17.16916
 38.91945 -17.12695
 38.90785 -17.09785
 38.93902 -16.97583
 38.93875 -16.95292
 38.93583 -16.92945
 38.91708 -16.83488
 38.87555 -16.73083
 38.81764 -16.61500
 38.80083 -16.59500
 38.77972 -16.57361
 38.74249 -16.55000
 38.70944 -16.53451
 38.64861 -16.54888
 38.60277 -16.56166
 38.55416 -16.57000
 38.52027 -16.57500
 38.44856 -16.57639
 38.42834 -16.56916
 38.39166 -16.53277
 38.37694 -16.51555
 38.35805 -16.49055
 38.34638 -16.47055
 38.33694 -16.44889
 38.32444 -16.41416
 38.30916 -16.35847
 38.29791 -16.33041
 38.12825 -16.16000
 38.06916 -16.14333
 38.04152 -16.13888
 38.02083 -16.13555
 37.97527 -16.11347
 37.94611 -16.08777
 37.92424 -16.05729
 37.91888 -15.99611
 37.92249 -15.94722
 37.92777 -15.92278
 37.92611 -15.86666
 37.91916 -15.79472
 37.91694 -15.78111
8 98 39.9915 41.4967 -15.7874 -13.7377 'Campania (Italy)'
 40.04293 -15.64225
 40.06458 -15.61875
 40.07444 -15.58305
 40.07611 -15.56069
 40.07006 -15.50979
 40.02861 -15.45861
 39.99145 -15.41639
 40.00090 -15.35486
 40.03139 -15.31305
 40.07180 -15.26431
 40.16069 -15.13736
 40.17235 -15.10445
 40.19555 -15.01250
 40.23416 -14.94195
 40.27111 -14.92722
 40.34138 -14.96416
 40.36395 -14.99063
 40.39569 -14.99166
 40.44583 -14.96445
 40.55875 -14.89833
 40.63152 -14.83076
 40.67305 -14.77486
 40.67597 -14.75347
 40.64764 -14.62514
 40.61972 -14.50472
 40.60000 -14.40195
 40.62735 -14.36298
 40.63805 -14.39097
 40.71020 -14.47455
 40.74792 -14.45277
 40.82625 -14.31195
 40.84020 -14.26889
 40.81819 -14.21604
 40.80694 -14.16695
 40.82194 -14.07389
 40.86222 -14.04681
 40.90125 -14.02875
 40.91972 -14.01777
 40.96333 -13.98916
 41.07805 -13.90000
 41.15250 -13.83722
 41.19333 -13.79805
 41.21111 -13.77584
 41.23475 -13.73765
 41.25610 -13.81277
 41.30166 -13.86430
 41.33944 -13.87304
 41.38485 -13.87764
 41.40635 -13.86835
 41.43278 -13.88861
 41.46944 -13.94861
 41.47068 -13.96161
 41.41659 -14.00764
 41.39444 -14.03916
 41.38847 -14.08250
 41.39068 -14.10834
 41.42180 -14.10514
 41.44325 -14.08403
 41.49096 -14.11958
 41.49666 -14.20958
 41.48583 -14.26486
 41.42528 -14.43334
 41.39982 -14.48375
 41.36979 -14.59021
 41.42528 -14.84278
 41.45264 -14.93389
 41.48195 -14.99528
 41.45611 -15.05334
 41.42805 -15.09695
 41.39000 -15.09756
 41.35569 -15.06542
 41.32514 -15.07777
 41.28937 -15.18174
 41.26381 -15.24764
 41.24638 -15.26542
 41.20375 -15.24930
 41.18527 -15.22416
 41.15996 -15.20267
 41.09916 -15.28430
 41.06777 -15.49055
 41.06112 -15.54084
 41.01388 -15.55778
 40.96833 -15.56139
 40.91555 -15.52584
 40.86857 -15.46111
 40.87707 -15.41617
 40.88334 -15.36364
 40.86361 -15.35416
 40.72521 -15.37986
 40.68111 -15.43195
 40.56153 -15.51958
 40.49295 -15.53777
 40.44388 -15.58166
 40.42514 -15.61889
 40.37944 -15.70125
 40.25913 -15.78739
 40.06666 -15.66555
 40.04293 -15.64225
9 56 41.3698 42.0748 -15.1419 -13.9456 'Molise (Italy)'
 41.48195 -14.99528
 41.45264 -14.93389
 41.42528 -14.84278
 41.36979 -14.59021
 41.39982 -14.48375
 41.42528 -14.43334
 41.48583 -14.26486
 41.49666 -14.20958
 41.49096 -14.11958
 41.44325 -14.08403
 41.42180 -14.10514
 41.39068 -14.10834
 41.38847 -14.08250
 41.39444 -14.03916
 41.41659 -14.00764
 41.47068 -13.96161
 41.48541 -13.98389
 41.51875 -14.01027
 41.55694 -14.01000
 41.62500 -13.99389
 41.66472 -13.97021
 41.68794 -13.94559
 41.68333 -13.99834
 41.75444 -14.14639
 41.82472 -14.13757
 41.84000 -14.15166
 41.89388 -14.25861
 41.90277 -14.28472
 41.87666 -14.37500
 41.83985 -14.43084
 41.78639 -14.45264
 41.80722 -14.52722
 41.91722 -14.64778
 42.01375 -14.74639
 42.06361 -14.76389
 42.07478 -14.76218
 42.04277 -14.83125
 42.02055 -14.89403
 42.01583 -14.93972
 42.00444 -14.99639
 41.98486 -15.02597
 41.95277 -15.06277
 41.93722 -15.09916
 41.92803 -15.14192
 41.91861 -15.13695
 41.82958 -15.10416
 41.76792 -15.09819
 41.72166 -15.11201
 41.68583 -15.11195
 41.62639 -15.04222
 41.61937 -15.01048
 41.63305 -14.95708
 41.61756 -14.93382
 41.51951 -14.93930
 41.49583 -14.96750
 41.48195 -14.99528
10 155 39.7919 41.9467 -18.5144 -14.9338 'Puglia (Italy)'
 41.92803 -15.14192
 41.92445 -15.16236
 41.90555 -15.37305
 41.90388 -15.40472
 41.90639 -15.45555
 41.90916 -15.49722
 41.92361 -15.60000
 41.91583 -15.67910
 41.91695 -15.76527
 41.92528 -15.85695
 41.93527 -15.91361
 41.94666 -16.02292
 41.94388 -16.05389
 41.93610 -16.08250
 41.91117 -16.14555
 41.82944 -16.19368
 41.78999 -16.19277
 41.75777 -16.16500
 41.74055 -16.13888
 41.67694 -16.03055
 41.65319 -15.98028
 41.64055 -15.93777
 41.63138 -15.91986
 41.61333 -15.89764
 41.58846 -15.89097
 41.56527 -15.89042
 41.53027 -15.89833
 41.48583 -15.92625
 41.43972 -15.98500
 41.41888 -16.03305
 41.40472 -16.08528
 41.36555 -16.19222
 41.25222 -16.49195
 41.19138 -16.65777
 41.15472 -16.78889
 41.08194 -17.04972
 41.02958 -17.18375
 40.98944 -17.25500
 40.96479 -17.29485
 40.94277 -17.32195
 40.82888 -17.47361
 40.81972 -17.49639
 40.73083 -17.76111
 40.67860 -17.93722
 40.64305 -18.01264
 40.61222 -18.02611
 40.57777 -18.03583
 40.55527 -18.03916
 40.52499 -18.08166
 40.49444 -18.12750
 40.41083 -18.27472
 40.28846 -18.42486
 40.26500 -18.44083
 40.23111 -18.45972
 40.13472 -18.51250
 40.10291 -18.51445
 40.03923 -18.47243
 40.02805 -18.44389
 39.99402 -18.41875
 39.93610 -18.39944
 39.89961 -18.39934
 39.81625 -18.39111
 39.79819 -18.37527
 39.79194 -18.34945
 39.80611 -18.32972
 39.82000 -18.30500
 39.83236 -18.25722
 39.83333 -18.22695
 39.83749 -18.19945
 39.84694 -18.17722
 39.85666 -18.15583
 39.90292 -18.08208
 39.93771 -18.04076
 39.99881 -17.99660
 40.01117 -18.01941
 40.10132 -18.01222
 40.25500 -17.90639
 40.28444 -17.85722
 40.29445 -17.78500
 40.29666 -17.76277
 40.30403 -17.67347
 40.30333 -17.63639
 40.29972 -17.55000
 40.29750 -17.50680
 40.33055 -17.39277
 40.41249 -17.20382
 40.45499 -17.24583
 40.47333 -17.26805
 40.46972 -17.29000
 40.48829 -17.31701
 40.52048 -17.07660
 40.51527 -17.04695
 40.50638 -17.01777
 40.49888 -16.99834
 40.46778 -16.94222
 40.45055 -16.91930
 40.40527 -16.87416
 40.39035 -16.86380
 40.41499 -16.83945
 40.47132 -16.73722
 40.56625 -16.71006
 40.61749 -16.71555
 40.67166 -16.72195
 40.71457 -16.71479
 40.73458 -16.69250
 40.75945 -16.62069
 40.76638 -16.58097
 40.76096 -16.50542
 40.74305 -16.47583
 40.72555 -16.45611
 40.71250 -16.44000
 40.70305 -16.41465
 40.74444 -16.34972
 40.79416 -16.28750
 40.81083 -16.26916
 40.85052 -16.23208
 40.91833 -16.13666
 40.98541 -16.01930
 41.02361 -16.02777
 41.08194 -15.96445
 41.09694 -15.94139
 41.13646 -15.86119
 41.13207 -15.83305
 41.11285 -15.80486
 41.09277 -15.71972
 41.09972 -15.61805
 41.09575 -15.57354
 41.07055 -15.54292
 41.06112 -15.54084
 41.06777 -15.49055
 41.09916 -15.28430
 41.15996 -15.20267
 41.18527 -15.22416
 41.20375 -15.24930
 41.24638 -15.26542
 41.26381 -15.24764
 41.28937 -15.18174
 41.32514 -15.07777
 41.35569 -15.06542
 41.39000 -15.09756
 41.42805 -15.09695
 41.45611 -15.05334
 41.48195 -14.99528
 41.49583 -14.96750
 41.51951 -14.93930
 41.61756 -14.93382
 41.63305 -14.95708
 41.61937 -15.01048
 41.62639 -15.04222
 41.68583 -15.11195
 41.72166 -15.11201
 41.76792 -15.09819
 41.82958 -15.10416
 41.91861 -15.13695
 41.92803 -15.14192
11 124 36.6492 38.2969 -15.6479 -12.4308 'Sicilia (Italy)'
 36.64916 -15.08139
 36.68695 -15.04375
 36.69861 -15.02361
 36.72583 -14.89584
 36.72805 -14.86319
 36.71500 -14.81389
 36.70444 -14.77916
 36.71861 -14.72139
 36.78027 -14.55361
 36.83416 -14.45916
 36.87333 -14.44111
 36.91402 -14.41416
 36.94250 -14.39389
 36.96638 -14.37361
 36.98929 -14.34712
 37.04250 -14.27639
 37.06222 -14.24584
 37.09902 -14.14500
 37.10986 -14.10180
 37.11027 -13.99805
 37.10035 -13.95575
 37.09472 -13.93236
 37.09944 -13.88764
 37.15777 -13.73834
 37.19680 -13.66506
 37.21611 -13.64764
 37.27583 -13.56680
 37.28334 -13.54334
 37.28722 -13.50528
 37.32416 -13.41277
 37.36111 -13.33000
 37.39854 -13.27243
 37.42195 -13.25666
 37.45527 -13.21834
 37.49125 -13.15597
 37.49305 -13.08584
 37.54152 -12.98500
 37.55735 -12.96222
 37.57305 -12.92292
 37.57902 -12.79278
 37.57305 -12.75611
 37.56611 -12.72875
 37.55514 -12.68139
 37.55978 -12.65611
 37.65888 -12.51416
 37.69916 -12.46834
 37.80325 -12.43080
 37.80611 -12.44166
 37.81798 -12.45847
 37.87277 -12.47785
 37.91611 -12.46639
 38.01514 -12.51014
 38.06055 -12.55819
 38.13972 -12.73361
 38.06888 -12.82166
 38.02527 -12.89285
 38.02486 -12.92361
 38.03277 -12.95555
 38.05888 -13.01916
 38.09016 -13.06948
 38.13378 -13.05611
 38.18451 -13.10035
 38.21749 -13.31861
 38.18695 -13.35792
 38.15277 -13.37201
 38.12075 -13.36715
 38.10750 -13.38250
 37.97666 -13.71139
 37.97096 -13.76069
 37.97222 -13.79111
 37.97874 -13.82098
 37.99805 -13.88666
 38.01035 -13.91653
 38.02958 -13.94430
 38.03583 -14.01389
 38.02277 -14.13277
 38.01222 -14.24277
 38.01222 -14.31195
 38.01833 -14.36792
 38.04277 -14.51945
 38.07728 -14.64347
 38.15445 -14.78472
 38.17055 -14.87445
 38.15722 -14.96945
 38.12250 -15.08875
 38.14555 -15.15084
 38.20722 -15.30166
 38.29291 -15.51542
 38.29694 -15.54583
 38.26457 -15.64794
 38.25069 -15.60819
 38.23674 -15.57625
 38.21027 -15.56000
 38.13694 -15.52889
 38.07861 -15.50361
 38.00083 -15.42777
 37.94388 -15.36903
 37.78527 -15.23528
 37.76445 -15.21972
 37.70916 -15.21777
 37.65138 -15.20084
 37.56194 -15.16805
 37.54277 -15.15000
 37.51944 -15.11861
 37.49027 -15.09250
 37.46305 -15.08584
 37.34833 -15.09271
 37.18388 -15.18695
 37.15749 -15.20389
 37.12485 -15.23069
 37.10979 -15.26000
 37.10312 -15.29993
 37.04305 -15.31611
 37.00889 -15.31666
 36.98166 -15.26222
 36.95527 -15.21416
 36.93527 -15.18027
 36.91333 -15.15069
 36.84000 -15.11028
 36.78569 -15.09576
 36.74354 -15.11416
 36.67409 -15.13395
 36.65180 -15.09153
 36.64916 -15.08139
12 79 41.6833 42.9014 -14.7639 -13.0115 'Abruzzi (Italy)'
 41.68794 -13.94559
 41.72347 -13.89715
 41.73972 -13.82639
 41.74583 -13.77972
 41.79535 -13.71757
 41.80846 -13.64195
 41.78277 -13.60708
 41.76792 -13.56945
 41.76951 -13.53256
 41.83250 -13.40000
 41.91107 -13.36548
 41.94333 -13.31528
 42.02333 -13.10014
 42.01416 -13.07368
 42.03048 -13.03042
 42.05292 -13.01708
 42.10291 -13.01153
 42.17430 -13.09111
 42.15305 -13.17334
 42.14416 -13.19361
 42.12846 -13.22611
 42.12972 -13.28750
 42.14325 -13.30660
 42.17472 -13.31500
 42.19611 -13.31584
 42.23083 -13.26958
 42.27166 -13.22722
 42.35750 -13.15305
 42.43916 -13.12611
 42.53999 -13.13277
 42.58583 -13.18924
 42.58069 -13.22500
 42.57166 -13.28861
 42.57444 -13.33819
 42.58922 -13.37094
 42.63722 -13.38910
 42.68738 -13.33758
 42.69138 -13.38945
 42.69583 -13.42334
 42.73833 -13.48555
 42.80138 -13.56445
 42.86359 -13.71523
 42.88972 -13.82666
 42.89695 -13.86472
 42.89972 -13.88500
 42.90138 -13.90555
 42.84472 -13.92361
 42.80360 -13.93972
 42.71111 -13.98722
 42.67000 -14.01666
 42.61972 -14.05834
 42.60027 -14.07500
 42.54111 -14.13055
 42.48250 -14.20000
 42.26138 -14.50416
 42.21889 -14.56584
 42.20499 -14.60472
 42.19888 -14.62889
 42.18916 -14.66139
 42.16805 -14.71625
 42.14194 -14.71500
 42.10403 -14.72166
 42.08791 -14.73653
 42.07777 -14.75472
 42.07478 -14.76218
 42.06361 -14.76389
 42.01375 -14.74639
 41.91722 -14.64778
 41.80722 -14.52722
 41.78639 -14.45264
 41.83985 -14.43084
 41.87666 -14.37500
 41.90277 -14.28472
 41.89388 -14.25861
 41.84000 -14.15166
 41.82472 -14.13757
 41.75444 -14.14639
 41.68333 -13.99834
 41.68794 -13.94559
13 124 41.2347 42.8504 -14.0103 -11.4513 'Lazio (Italy)'
 41.47068 -13.96161
 41.46944 -13.94861
 41.43278 -13.88861
 41.40635 -13.86835
 41.38485 -13.87764
 41.33944 -13.87304
 41.30166 -13.86430
 41.25610 -13.81277
 41.23475 -13.73765
 41.25111 -13.71222
 41.25972 -13.64416
 41.25597 -13.61445
 41.23805 -13.56680
 41.29514 -13.27611
 41.28249 -13.21111
 41.26888 -13.17000
 41.25916 -13.14695
 41.24333 -13.11681
 41.26014 -13.02958
 41.29791 -13.00542
 41.32638 -12.98000
 41.35305 -12.95195
 41.37028 -12.93222
 41.38361 -12.91305
 41.39555 -12.89222
 41.41000 -12.85500
 41.45784 -12.65611
 41.50722 -12.57611
 41.56777 -12.51777
 41.60722 -12.47195
 41.62764 -12.44708
 41.69445 -12.35139
 41.78805 -12.21584
 41.81694 -12.20708
 41.86805 -12.17778
 41.89208 -12.15847
 41.92305 -12.12334
 41.98584 -12.02111
 42.03597 -11.91250
 42.03777 -11.88527
 42.03111 -11.86222
 42.03027 -11.83076
 42.05749 -11.80500
 42.14955 -11.73935
 42.18222 -11.72555
 42.22445 -11.70389
 42.29826 -11.62771
 42.34277 -11.53416
 42.35750 -11.49750
 42.37417 -11.45132
 42.43333 -11.49416
 42.48472 -11.61055
 42.61111 -11.72889
 42.65445 -11.79195
 42.74472 -11.80819
 42.78340 -11.77256
 42.82305 -11.78111
 42.85038 -11.88883
 42.81945 -11.91722
 42.71437 -11.92851
 42.68653 -11.95319
 42.64514 -12.02945
 42.66083 -12.09305
 42.67638 -12.15416
 42.65194 -12.21277
 42.55749 -12.27389
 42.48389 -12.34805
 42.40722 -12.44389
 42.38805 -12.47000
 42.36638 -12.53042
 42.44861 -12.71583
 42.56965 -12.88153
 42.59611 -12.87833
 42.60896 -12.89746
 42.60999 -12.94389
 42.60916 -13.00055
 42.64659 -13.15486
 42.69180 -13.18916
 42.73455 -13.19445
 42.74445 -13.27445
 42.72096 -13.30972
 42.68738 -13.33758
 42.63722 -13.38910
 42.58922 -13.37094
 42.57444 -13.33819
 42.57166 -13.28861
 42.58069 -13.22500
 42.58583 -13.18924
 42.53999 -13.13277
 42.43916 -13.12611
 42.35750 -13.15305
 42.27166 -13.22722
 42.23083 -13.26958
 42.19611 -13.31584
 42.17472 -13.31500
 42.14325 -13.30660
 42.12972 -13.28750
 42.12846 -13.22611
 42.14416 -13.19361
 42.15305 -13.17334
 42.17430 -13.09111
 42.10291 -13.01153
 42.05292 -13.01708
 42.03048 -13.03042
 42.01416 -13.07368
 42.02333 -13.10014
 41.94333 -13.31528
 41.91107 -13.36548
 41.83250 -13.40000
 41.76951 -13.53256
 41.76792 -13.56945
 41.78277 -13.60708
 41.80846 -13.64195
 41.79535 -13.71757
 41.74583 -13.77972
 41.73972 -13.82639
 41.72347 -13.89715
 41.68794 -13.94559
 41.66472 -13.97021
 41.62500 -13.99389
 41.55694 -14.01000
 41.51875 -14.01027
 41.48541 -13.98389
 41.47068 -13.96161
14 8 41.2347 42.8504 -14.0103 -11.4513 'Lazio (Italy)'
 41.90636 -12.44875
 41.90445 -12.44486
 41.90272 -12.44447
 41.90089 -12.45014
 41.90139 -12.45669
 41.90400 -12.45772
 41.90839 -12.45189
 41.90636 -12.44875
15 90 42.6874 43.971 -13.9056 -12.1008 'Marche (Italy)'
 42.68738 -13.33758
 42.72096 -13.30972
 42.74445 -13.27445
 42.73455 -13.19445
 42.76333 -13.24472
 42.80014 -13.25653
 42.81972 -13.25027
 42.84593 -13.22624
 42.88916 -12.99111
 42.89944 -12.96945
 42.97305 -12.90639
 43.00666 -12.89500
 43.04625 -12.89111
 43.09166 -12.89500
 43.19166 -12.85639
 43.21889 -12.84445
 43.28555 -12.79389
 43.38104 -12.74701
 43.41555 -12.75445
 43.45895 -12.75965
 43.46569 -12.74028
 43.44334 -12.63555
 43.47138 -12.56166
 43.53083 -12.37778
 43.54084 -12.33278
 43.55166 -12.30861
 43.60903 -12.20722
 43.61665 -12.20475
 43.64680 -12.19055
 43.71861 -12.28889
 43.71638 -12.31084
 43.68451 -12.31945
 43.71569 -12.36243
 43.74110 -12.33250
 43.75638 -12.30916
 43.77104 -12.27434
 43.76417 -12.21532
 43.74260 -12.18345
 43.76375 -12.11986
 43.75883 -12.10212
 43.76166 -12.10083
 43.79250 -12.11084
 43.89861 -12.16305
 43.95833 -12.31986
 43.96680 -12.38180
 43.95795 -12.41580
 43.95166 -12.40695
 43.91278 -12.41008
 43.89868 -12.47153
 43.91472 -12.49500
 43.92334 -12.49639
 43.89771 -12.58660
 43.86735 -12.60930
 43.84465 -12.62084
 43.84292 -12.67625
 43.88180 -12.73084
 43.90139 -12.74208
 43.97100 -12.75357
 43.97027 -12.76472
 43.96319 -12.81861
 43.92472 -12.90305
 43.83583 -13.05597
 43.78666 -13.12555
 43.75405 -13.17118
 43.73584 -13.19334
 43.67542 -13.29528
 43.64916 -13.35666
 43.62277 -13.42611
 43.61096 -13.48042
 43.63066 -13.50640
 43.60166 -13.55208
 43.57000 -13.59945
 43.53705 -13.62153
 43.48903 -13.62958
 43.35055 -13.71166
 43.07833 -13.84805
 43.00638 -13.86250
 42.96444 -13.87361
 42.94222 -13.88250
 42.91333 -13.89750
 42.90138 -13.90555
 42.89972 -13.88500
 42.89695 -13.86472
 42.88972 -13.82666
 42.86359 -13.71523
 42.80138 -13.56445
 42.73833 -13.48555
 42.69583 -13.42334
 42.69138 -13.38945
 42.68738 -13.33758
16 6 42.6874 43.971 -13.9056 -12.1008 'Marche (Italy)'
 43.76472 -12.19139
 43.78194 -12.23555
 43.80694 -12.22722
 43.81060 -12.17452
 43.76722 -12.18083
 43.76472 -12.19139
17 64 42.3664 43.6167 -13.2565 -11.8888 'Umbria (Italy)'
 42.85038 -11.88883
 42.85777 -11.90584
 42.88164 -11.94273
 42.99972 -11.95750
 43.06364 -11.93695
 43.12819 -11.91777
 43.14985 -11.92736
 43.17249 -11.95055
 43.20638 -12.01611
 43.24389 -12.09278
 43.26249 -12.15861
 43.28867 -12.20972
 43.31027 -12.21451
 43.34916 -12.14000
 43.37222 -12.07847
 43.41854 -12.03548
 43.44035 -12.04632
 43.54084 -12.14972
 43.61665 -12.20475
 43.60903 -12.20722
 43.55166 -12.30861
 43.54084 -12.33278
 43.53083 -12.37778
 43.47138 -12.56166
 43.44334 -12.63555
 43.46569 -12.74028
 43.45895 -12.75965
 43.41555 -12.75445
 43.38104 -12.74701
 43.28555 -12.79389
 43.21889 -12.84445
 43.19166 -12.85639
 43.09166 -12.89500
 43.04625 -12.89111
 43.00666 -12.89500
 42.97305 -12.90639
 42.89944 -12.96945
 42.88916 -12.99111
 42.84593 -13.22624
 42.81972 -13.25027
 42.80014 -13.25653
 42.76333 -13.24472
 42.73455 -13.19445
 42.69180 -13.18916
 42.64659 -13.15486
 42.60916 -13.00055
 42.60999 -12.94389
 42.60896 -12.89746
 42.59611 -12.87833
 42.56965 -12.88153
 42.44861 -12.71583
 42.36638 -12.53042
 42.38805 -12.47000
 42.40722 -12.44389
 42.48389 -12.34805
 42.55749 -12.27389
 42.65194 -12.21277
 42.67638 -12.15416
 42.66083 -12.09305
 42.64514 -12.02945
 42.68653 -11.95319
 42.71437 -11.92851
 42.81945 -11.91722
 42.85038 -11.88883
18 144 44.0913 46.4621 -9.20819 -6.62396 'Piemonte (Italy)'
 44.61354 -9.20315
 44.59902 -9.19986
 44.58569 -9.17625
 44.58180 -9.14111
 44.59041 -9.11375
 44.63166 -9.04055
 44.64527 -9.02111
 44.66305 -9.00111
 44.68472 -8.95750
 44.68243 -8.92000
 44.63562 -8.87535
 44.55778 -8.88861
 44.51166 -8.76389
 44.53999 -8.75445
 44.58319 -8.71611
 44.58985 -8.63097
 44.58291 -8.60771
 44.54975 -8.59972
 44.52091 -8.57607
 44.50472 -8.38639
 44.51916 -8.26666
 44.46194 -8.19639
 44.29972 -8.07555
 44.26083 -8.06972
 44.20385 -8.08212
 44.17945 -8.07277
 44.16333 -8.05778
 44.11520 -7.99639
 44.12083 -7.86139
 44.12860 -7.80750
 44.14472 -7.77834
 44.14222 -7.75319
 44.12792 -7.73514
 44.09131 -7.70905
 44.13395 -7.66166
 44.17083 -7.66222
 44.18027 -7.61472
 44.15611 -7.52028
 44.13861 -7.46639
 44.12611 -7.42097
 44.13152 -7.35084
 44.24694 -7.03139
 44.28416 -6.97639
 44.37514 -6.87792
 44.51777 -6.85361
 44.54084 -6.85278
 44.66472 -6.95084
 44.68819 -6.97542
 44.74472 -7.02834
 44.83138 -7.03166
 44.85069 -7.00639
 44.86430 -6.96916
 44.87069 -6.94236
 44.86041 -6.90166
 44.87041 -6.84931
 44.90555 -6.77528
 44.91833 -6.74903
 45.03999 -6.66166
 45.11572 -6.62396
 45.12400 -6.63412
 45.12611 -6.63778
 45.14805 -6.68993
 45.16819 -6.76639
 45.15305 -6.82166
 45.17945 -6.93945
 45.22305 -7.06472
 45.25930 -7.12778
 45.37749 -7.15861
 45.43055 -7.14695
 45.47686 -7.08916
 45.49277 -7.14334
 45.50249 -7.25361
 45.52346 -7.38340
 45.54834 -7.43000
 45.57430 -7.46278
 45.58972 -7.54278
 45.58749 -7.56889
 45.57020 -7.65298
 45.56305 -7.67250
 45.56076 -7.73542
 45.60096 -7.87764
 45.63680 -7.91632
 45.73743 -7.91563
 45.75701 -7.87910
 45.80499 -7.86055
 45.89111 -7.84805
 45.91743 -7.84735
 45.91905 -7.85575
 45.94833 -7.86639
 45.97514 -7.87930
 45.99264 -7.90681
 45.99416 -7.95000
 45.99694 -7.97305
 46.00930 -8.00903
 46.15125 -8.14958
 46.18382 -8.15875
 46.22291 -8.14195
 46.42291 -8.30375
 46.45000 -8.35722
 46.45361 -8.36527
 46.46208 -8.44145
 46.44833 -8.46084
 46.37264 -8.46597
 46.32298 -8.44813
 46.29319 -8.43458
 46.24722 -8.44500
 46.23333 -8.46055
 46.12125 -8.61584
 46.10111 -8.69653
 46.10402 -8.71930
 46.10859 -8.72885
 46.03416 -8.73500
 46.01542 -8.72395
 45.98000 -8.67584
 45.94138 -8.62416
 45.91444 -8.59048
 45.78465 -8.56521
 45.73993 -8.59924
 45.48416 -8.78527
 45.40969 -8.83098
 45.39875 -8.81208
 45.33514 -8.64708
 45.35500 -8.62958
 45.36250 -8.60083
 45.36695 -8.56764
 45.36034 -8.54208
 45.29312 -8.49757
 45.16499 -8.55583
 45.03277 -8.64965
 45.01388 -8.73111
 45.01861 -8.77834
 45.03027 -8.80695
 45.05277 -8.88389
 44.98888 -8.90639
 44.94445 -8.96916
 44.86084 -9.04834
 44.81777 -9.08166
 44.81860 -9.11195
 44.80791 -9.15410
 44.72319 -9.20819
 44.68180 -9.20145
 44.66833 -9.19945
 44.62708 -9.20028
 44.61354 -9.20315
19 45 45.4769 45.9817 -7.91632 -6.79935 'Valle d'Aosta (Italy)'
 45.47686 -7.08916
 45.52527 -6.99542
 45.59694 -6.96945
 45.72965 -6.80986
 45.78866 -6.79935
 45.83424 -6.81334
 45.85597 -6.87236
 45.84985 -6.90208
 45.85222 -6.92222
 45.85833 -6.94389
 45.87590 -6.98451
 45.93194 -7.03805
 45.90305 -7.07028
 45.88354 -7.10326
 45.88069 -7.19139
 45.89805 -7.23028
 45.92319 -7.29681
 45.92055 -7.33889
 45.91541 -7.38611
 45.92945 -7.42972
 45.94111 -7.45805
 45.98166 -7.53666
 45.98055 -7.65028
 45.94333 -7.70916
 45.93222 -7.74334
 45.92361 -7.78389
 45.91905 -7.85575
 45.91743 -7.84735
 45.89111 -7.84805
 45.80499 -7.86055
 45.75701 -7.87910
 45.73743 -7.91563
 45.63680 -7.91632
 45.60096 -7.87764
 45.56076 -7.73542
 45.56305 -7.67250
 45.57020 -7.65298
 45.58749 -7.56889
 45.58972 -7.54278
 45.57430 -7.46278
 45.54834 -7.43000
 45.52346 -7.38340
 45.50249 -7.25361
 45.49277 -7.14334
 45.47686 -7.08916
20 170 44.6751 46.6344 -11.4214 -8.49757 'Lombardia (Italy)'
 44.81777 -9.08166
 44.86084 -9.04834
 44.94445 -8.96916
 44.98888 -8.90639
 45.05277 -8.88389
 45.03027 -8.80695
 45.01861 -8.77834
 45.01388 -8.73111
 45.03277 -8.64965
 45.16499 -8.55583
 45.29312 -8.49757
 45.36034 -8.54208
 45.36695 -8.56764
 45.36250 -8.60083
 45.35500 -8.62958
 45.33514 -8.64708
 45.39875 -8.81208
 45.40969 -8.83098
 45.48416 -8.78527
 45.73993 -8.59924
 45.78465 -8.56521
 45.91444 -8.59048
 45.94138 -8.62416
 45.98000 -8.67584
 46.01542 -8.72395
 46.03416 -8.73500
 46.10859 -8.72885
 46.12111 -8.74722
 46.09861 -8.82222
 46.08075 -8.84416
 46.05674 -8.85145
 46.03388 -8.82028
 45.98638 -8.81986
 45.95277 -8.89778
 45.90084 -8.92666
 45.87187 -8.93632
 45.84527 -8.95111
 45.82944 -8.99834
 45.83777 -9.03666
 45.90229 -9.08410
 45.92000 -9.07305
 45.93895 -9.02298
 45.97514 -8.99736
 46.02250 -9.01666
 46.05722 -9.03583
 46.12111 -9.08334
 46.16027 -9.13222
 46.16805 -9.14444
 46.17860 -9.17645
 46.23363 -9.24101
 46.29250 -9.27666
 46.32485 -9.29264
 46.35096 -9.29722
 46.42576 -9.27313
 46.44243 -9.25063
 46.50083 -9.29378
 46.50805 -9.36680
 46.47250 -9.45500
 46.42666 -9.45028
 46.38625 -9.45764
 46.31972 -9.52139
 46.30625 -9.54486
 46.29695 -9.58195
 46.29194 -9.62472
 46.30027 -9.70882
 46.34221 -9.77055
 46.35833 -9.81305
 46.36972 -9.85278
 46.38319 -9.90805
 46.37958 -9.94695
 46.35520 -9.99042
 46.33305 -9.98222
 46.29166 -9.99500
 46.22180 -10.07177
 46.23069 -10.13639
 46.26312 -10.17395
 46.39027 -10.15389
 46.42375 -10.09069
 46.44559 -10.04968
 46.50264 -10.04445
 46.54152 -10.05139
 46.61138 -10.11916
 46.63222 -10.18111
 46.63445 -10.24180
 46.61596 -10.25361
 46.59041 -10.24632
 46.55486 -10.30361
 46.54944 -10.33722
 46.53916 -10.44972
 46.54250 -10.45753
 46.49930 -10.48580
 46.48527 -10.56625
 46.45840 -10.62076
 46.39652 -10.63743
 46.37499 -10.61916
 46.30542 -10.58027
 46.24055 -10.59334
 46.10798 -10.55298
 46.07674 -10.50764
 45.99104 -10.45958
 45.83916 -10.52334
 45.80292 -10.55458
 45.79465 -10.58069
 45.81416 -10.66792
 45.84055 -10.68174
 45.84972 -10.73389
 45.84100 -10.82618
 45.83392 -10.84466
 45.71611 -10.74389
 45.59611 -10.63166
 45.46305 -10.65500
 45.31333 -10.70639
 45.29916 -10.75083
 45.30555 -10.77861
 45.18451 -11.00145
 45.14972 -11.01305
 45.09875 -11.07979
 45.10750 -11.13916
 45.06195 -11.20916
 45.03166 -11.26334
 45.00194 -11.32084
 44.95888 -11.42125
 44.94972 -11.42145
 44.95888 -11.38792
 44.96111 -11.34472
 44.95944 -11.30195
 44.94388 -11.14847
 44.96325 -11.09250
 44.95555 -11.00472
 44.93083 -10.94472
 44.91382 -10.90221
 44.94305 -10.76389
 44.91222 -10.58139
 44.91041 -10.54695
 44.91472 -10.51639
 44.93708 -10.43597
 44.99444 -10.31139
 45.02514 -10.24861
 45.03111 -10.22416
 45.04014 -10.17736
 45.03923 -10.15090
 45.02875 -10.12430
 45.02770 -10.08548
 45.04183 -10.05668
 45.06680 -10.04222
 45.10305 -10.02375
 45.12367 -9.99267
 45.13234 -9.88735
 45.10875 -9.89069
 45.08550 -9.90035
 45.06006 -9.71319
 45.09021 -9.63666
 45.10527 -9.60027
 45.10638 -9.57250
 45.10055 -9.49222
 45.09110 -9.41631
 45.04500 -9.38277
 45.02499 -9.36875
 44.93027 -9.30972
 44.90770 -9.30014
 44.88666 -9.31042
 44.86437 -9.35275
 44.82222 -9.35445
 44.70104 -9.31660
 44.67514 -9.23042
 44.68180 -9.20145
 44.72319 -9.20819
 44.80791 -9.15410
 44.81860 -9.11195
 44.81777 -9.08166
21 96 45.5844 46.6497 -13.9183 -12.3399 'Friuli-Venezia Giulia (Italy)'
 46.52661 -13.71865
 46.51846 -13.71916
 46.49277 -13.71111
 46.45166 -13.69201
 46.44972 -13.65777
 46.38472 -13.51139
 46.34638 -13.44084
 46.29514 -13.38347
 46.21305 -13.41889
 46.22319 -13.45895
 46.23195 -13.48847
 46.21805 -13.55055
 46.17531 -13.66604
 46.14555 -13.64819
 46.10527 -13.59361
 46.08728 -13.55736
 46.07944 -13.53889
 46.06333 -13.52195
 46.01222 -13.47972
 45.98625 -13.50986
 45.96833 -13.54028
 45.97937 -13.56895
 45.99305 -13.59334
 45.98201 -13.63510
 45.94791 -13.63472
 45.90514 -13.61410
 45.88812 -13.59069
 45.85027 -13.57833
 45.80888 -13.60375
 45.78416 -13.69750
 45.75277 -13.79153
 45.71777 -13.83528
 45.63639 -13.91834
 45.58722 -13.85722
 45.58445 -13.82777
 45.58639 -13.80222
 45.59611 -13.71695
 45.60749 -13.79805
 45.69430 -13.73569
 45.75361 -13.65611
 45.77000 -13.63000
 45.78196 -13.57947
 45.78333 -13.54264
 45.76097 -13.52507
 45.73514 -13.52645
 45.70945 -13.49945
 45.67722 -13.42889
 45.67829 -13.38743
 45.69562 -13.42215
 45.72055 -13.41506
 45.73745 -13.36795
 45.77694 -13.21695
 45.77805 -13.19334
 45.76785 -13.12090
 45.70965 -13.07125
 45.65166 -13.09611
 45.75916 -13.02889
 45.79888 -12.99500
 45.82000 -12.95222
 45.85653 -12.78861
 45.82805 -12.72889
 45.81333 -12.71111
 45.79840 -12.68424
 45.83923 -12.56687
 45.95055 -12.47277
 45.99166 -12.44166
 46.04546 -12.41846
 46.08361 -12.44590
 46.09660 -12.48535
 46.11493 -12.50243
 46.14861 -12.50195
 46.21042 -12.45584
 46.22666 -12.41792
 46.22805 -12.38708
 46.24249 -12.36139
 46.26677 -12.33986
 46.30944 -12.37125
 46.31916 -12.40305
 46.33083 -12.43486
 46.35305 -12.46583
 46.39222 -12.49409
 46.42597 -12.50958
 46.44514 -12.52264
 46.52423 -12.68069
 46.53535 -12.76035
 46.57027 -12.76416
 46.63861 -12.75139
 46.64449 -12.74793
 46.64972 -12.75777
 46.64792 -12.77834
 46.63125 -12.82555
 46.56195 -13.25750
 46.56305 -13.42889
 46.55625 -13.55500
 46.54805 -13.61111
 46.52661 -13.71865
22 103 45.6818 47.0946 -12.4862 -10.4475 'Trentino-Alto Adige (Italy)'
 46.54250 -10.45753
 46.55576 -10.47187
 46.59264 -10.48569
 46.61735 -10.48653
 46.63583 -10.47084
 46.76305 -10.44750
 46.87135 -10.47124
 46.86569 -10.47611
 46.85527 -10.49777
 46.84888 -10.56361
 46.85777 -10.59972
 46.87042 -10.64695
 46.87382 -10.68014
 46.83055 -10.76326
 46.80138 -10.79166
 46.78695 -10.83416
 46.77111 -10.88778
 46.77333 -11.01680
 46.82346 -11.07139
 46.89159 -11.09708
 46.91541 -11.10055
 46.92999 -11.11805
 46.96735 -11.17715
 47.01416 -11.48389
 47.01277 -11.62195
 46.99638 -11.71014
 46.97888 -11.73111
 46.97819 -11.76125
 47.05944 -12.07528
 47.08481 -12.14013
 47.09458 -12.18611
 47.08416 -12.22750
 47.07222 -12.23084
 47.06305 -12.22389
 47.03298 -12.19458
 47.01256 -12.13302
 46.96695 -12.13611
 46.92805 -12.16027
 46.90792 -12.18555
 46.88888 -12.23222
 46.84111 -12.30166
 46.72111 -12.38375
 46.70555 -12.40430
 46.69083 -12.44055
 46.68236 -12.48617
 46.67027 -12.44695
 46.62527 -12.39445
 46.61235 -12.30069
 46.60805 -12.20153
 46.63694 -12.17445
 46.66694 -12.09010
 46.63000 -12.07764
 46.60305 -12.06639
 46.54722 -12.03028
 46.53361 -12.01319
 46.51639 -11.93250
 46.51500 -11.90916
 46.47888 -11.83722
 46.35555 -11.79792
 46.29611 -11.85055
 46.27152 -11.89584
 46.25166 -11.92666
 46.17750 -11.94472
 46.13090 -11.89743
 46.10750 -11.81666
 46.10500 -11.79416
 46.10611 -11.75514
 46.09576 -11.70145
 46.03750 -11.68500
 46.00638 -11.57916
 46.01527 -11.55584
 46.01472 -11.51139
 46.00972 -11.48597
 45.98389 -11.42611
 45.93638 -11.32639
 45.89166 -11.26416
 45.80888 -11.19722
 45.77006 -11.18222
 45.70345 -11.14051
 45.68181 -10.93208
 45.72055 -10.86847
 45.75937 -10.87819
 45.78403 -10.90048
 45.81833 -10.88743
 45.83392 -10.84466
 45.84100 -10.82618
 45.84972 -10.73389
 45.84055 -10.68174
 45.81416 -10.66792
 45.79465 -10.58069
 45.80292 -10.55458
 45.83916 -10.52334
 45.99104 -10.45958
 46.07674 -10.50764
 46.10798 -10.55298
 46.24055 -10.59334
 46.30542 -10.58027
 46.37499 -10.61916
 46.39652 -10.63743
 46.45840 -10.62076
 46.48527 -10.56625
 46.49930 -10.48580
 46.54250 -10.45753
23 138 44.7914 46.6824 -13.0961 -10.6317 'Veneto (Italy)'
 44.94972 -11.42145
 44.95888 -11.42125
 45.00194 -11.32084
 45.03166 -11.26334
 45.06195 -11.20916
 45.10750 -11.13916
 45.09875 -11.07979
 45.14972 -11.01305
 45.18451 -11.00145
 45.30555 -10.77861
 45.29916 -10.75083
 45.31333 -10.70639
 45.46305 -10.65500
 45.59611 -10.63166
 45.71611 -10.74389
 45.83392 -10.84466
 45.81833 -10.88743
 45.78403 -10.90048
 45.75937 -10.87819
 45.72055 -10.86847
 45.68181 -10.93208
 45.70345 -11.14051
 45.77006 -11.18222
 45.80888 -11.19722
 45.89166 -11.26416
 45.93638 -11.32639
 45.98389 -11.42611
 46.00972 -11.48597
 46.01472 -11.51139
 46.01527 -11.55584
 46.00638 -11.57916
 46.03750 -11.68500
 46.09576 -11.70145
 46.10611 -11.75514
 46.10500 -11.79416
 46.10750 -11.81666
 46.13090 -11.89743
 46.17750 -11.94472
 46.25166 -11.92666
 46.27152 -11.89584
 46.29611 -11.85055
 46.35555 -11.79792
 46.47888 -11.83722
 46.51500 -11.90916
 46.51639 -11.93250
 46.53361 -12.01319
 46.54722 -12.03028
 46.60305 -12.06639
 46.63000 -12.07764
 46.66694 -12.09010
 46.63694 -12.17445
 46.60805 -12.20153
 46.61235 -12.30069
 46.62527 -12.39445
 46.67027 -12.44695
 46.68236 -12.48617
 46.66166 -12.55445
 46.65888 -12.59027
 46.65972 -12.69250
 46.64132 -12.73563
 46.64449 -12.74793
 46.63861 -12.75139
 46.57027 -12.76416
 46.53535 -12.76035
 46.52423 -12.68069
 46.44514 -12.52264
 46.42597 -12.50958
 46.39222 -12.49409
 46.35305 -12.46583
 46.33083 -12.43486
 46.31916 -12.40305
 46.30944 -12.37125
 46.26677 -12.33986
 46.24249 -12.36139
 46.22805 -12.38708
 46.22666 -12.41792
 46.21042 -12.45584
 46.14861 -12.50195
 46.11493 -12.50243
 46.09660 -12.48535
 46.08361 -12.44590
 46.04546 -12.41846
 45.99166 -12.44166
 45.95055 -12.47277
 45.83923 -12.56687
 45.79840 -12.68424
 45.81333 -12.71111
 45.82805 -12.72889
 45.85653 -12.78861
 45.82000 -12.95222
 45.79888 -12.99500
 45.75916 -13.02889
 45.65166 -13.09611
 45.63653 -13.08778
 45.63389 -13.06361
 45.63000 -13.00083
 45.61833 -12.92250
 45.59555 -12.86389
 45.56888 -12.79889
 45.53111 -12.70695
 45.50222 -12.63805
 45.49444 -12.61722
 45.48389 -12.58750
 45.44117 -12.41826
 45.48325 -12.44847
 45.49126 -12.50399
 45.54382 -12.58069
 45.56749 -12.48965
 45.53305 -12.39445
 45.47333 -12.28708
 45.30196 -12.15423
 45.26388 -12.16111
 45.19749 -12.23333
 45.05611 -12.36195
 45.00824 -12.44370
 44.98701 -12.49527
 44.98264 -12.52014
 44.96062 -12.53805
 44.85277 -12.48000
 44.81775 -12.44878
 44.85361 -12.42680
 44.88174 -12.43937
 44.90013 -12.42264
 44.86840 -12.38986
 44.79138 -12.39695
 44.81125 -12.35958
 44.87166 -12.29069
 44.90652 -12.28375
 44.96972 -12.09805
 44.97761 -12.05105
 44.98722 -11.97527
 44.97500 -11.83639
 44.94305 -11.74166
 44.89166 -11.63430
 44.88983 -11.60727
 44.91097 -11.58660
 44.93764 -11.53375
 44.94972 -11.42145
24 6 44.7914 46.6824 -13.0961 -10.6317 'Veneto (Italy)'
 45.34133 -12.31433
 45.42582 -12.36916
 45.43033 -12.39115
 45.41495 -12.42690
 45.41999 -12.37923
 45.34133 -12.31433
