2790 293 55.67484 58.08325 -28.23596 -20.96861 'Latvia (Latvia)'
 57.87180 -24.31500
 57.87030 -24.32440
 57.86890 -24.37310
 57.87250 -24.41140
 57.88260 -24.43080
 57.90280 -24.44400
 57.95340 -24.54990
 57.96500 -24.72390
 58.03940 -25.01580
 58.05030 -25.03830
 58.06320 -25.06540
 58.07170 -25.09170
 58.07640 -25.13180
 58.07510 -25.16650
 58.06490 -25.18610
 58.04460 -25.20180
 58.02030 -25.20900
 58.00150 -25.21940
 57.99260 -25.23990
 58.01090 -25.29520
 58.03840 -25.29520
 58.07230 -25.26750
 58.08330 -25.29780
 58.03190 -25.42990
 58.00510 -25.45220
 57.91740 -25.62040
 57.86580 -25.80140
 57.86050 -25.83640
 57.85580 -25.88310
 57.85390 -25.94690
 57.82330 -26.03500
 57.69500 -26.20440
 57.62430 -26.28080
 57.60820 -26.30620
 57.52610 -26.51140
 57.52260 -26.53120
 57.52700 -26.60680
 57.54620 -26.62420
 57.57560 -26.69780
 57.63210 -26.87850
 57.63350 -26.90220
 57.62330 -26.97000
 57.61830 -26.99610
 57.60800 -27.02530
 57.59400 -27.04560
 57.56520 -27.07710
 57.53140 -27.31030
 57.53560 -27.37210
 57.53190 -27.42500
 57.53110 -27.44940
 57.53140 -27.47170
 57.53640 -27.54720
 57.49360 -27.54280
 57.44430 -27.52780
 57.41820 -27.57140
 57.41050 -27.60640
 57.38000 -27.68720
 57.32390 -27.82530
 57.30600 -27.85530
 57.26250 -27.86390
 57.17990 -27.84940
 57.05720 -27.77470
 56.91470 -27.70170
 56.86920 -27.73110
 56.87360 -27.76250
 56.87820 -27.80250
 56.87550 -27.83780
 56.86890 -27.86060
 56.82240 -27.93880
 56.79400 -27.92670
 56.72280 -27.94360
 56.64830 -28.00940
 56.51750 -28.11420
 56.47140 -28.14780
 56.40640 -28.18280
 56.27640 -28.23600
 56.18120 -28.19710
 56.16190 -28.18350
 56.15020 -28.16800
 56.16100 -28.14960
 56.16750 -28.12170
 56.10510 -27.92250
 56.07030 -27.89780
 56.00110 -27.79610
 55.95610 -27.71250
 55.91960 -27.64640
 55.84600 -27.63200
 55.81830 -27.62000
 55.79250 -27.60020
 55.78920 -27.55970
 55.78890 -27.53110
 55.80750 -27.31080
 55.82580 -27.21170
 55.84650 -27.15280
 55.83240 -26.98580
 55.77550 -26.90500
 55.74050 -26.88330
 55.71390 -26.85670
 55.68750 -26.76580
 55.68780 -26.73850
 55.70170 -26.69210
 55.70580 -26.66530
 55.69870 -26.64220
 55.68790 -26.62490
 55.67480 -26.61320
 55.67550 -26.58330
 55.68080 -26.53140
 55.68510 -26.50460
 55.71650 -26.36690
 55.72640 -26.33860
 55.73970 -26.31330
 55.77340 -26.26610
 55.81690 -26.23970
 55.84580 -26.21640
 55.86370 -26.19620
 55.93800 -26.05830
 55.95740 -26.00530
 55.97870 -25.93720
 55.99940 -25.89110
 56.09700 -25.70860
 56.15140 -25.58280
 56.16640 -25.42970
 56.16920 -25.32750
 56.18080 -25.26250
 56.18330 -25.18310
 56.18440 -25.16030
 56.18750 -25.13990
 56.19920 -25.10150
 56.21490 -25.07680
 56.30030 -24.99650
 56.32920 -24.98190
 56.35360 -24.97060
 56.38250 -24.95670
 56.40690 -24.94220
 56.44260 -24.91890
 56.44990 -24.89420
 56.36580 -24.65330
 56.32920 -24.60280
 56.31250 -24.58250
 56.28940 -24.56060
 56.26940 -24.47670
 56.26970 -24.44940
 56.27590 -24.42030
 56.29860 -24.37180
 56.30970 -24.33440
 56.28940 -24.26500
 56.26220 -24.16930
 56.26280 -24.14180
 56.28360 -24.06990
 56.32040 -23.99990
 56.33220 -23.94890
 56.34280 -23.87360
 56.36070 -23.73370
 56.36150 -23.59970
 56.34530 -23.57350
 56.33600 -23.55350
 56.33420 -23.52530
 56.34420 -23.44810
 56.36710 -23.36310
 56.37900 -23.32610
 56.38080 -23.29610
 56.35490 -23.17490
 56.31820 -23.13860
 56.30620 -23.10530
 56.31650 -23.06100
 56.33140 -23.03440
 56.35250 -23.01560
 56.37470 -23.00370
 56.39580 -22.98970
 56.42010 -22.95120
 56.42300 -22.93010
 56.41030 -22.88640
 56.39220 -22.85320
 56.38080 -22.83240
 56.35670 -22.69140
 56.36050 -22.66620
 56.37120 -22.64860
 56.38550 -22.62480
 56.39470 -22.58690
 56.39970 -22.55360
 56.40440 -22.51920
 56.40640 -22.48930
 56.40390 -22.30940
 56.42390 -22.14690
 56.41940 -22.06720
 56.41440 -22.04370
 56.36920 -21.90530
 56.32330 -21.73550
 56.29530 -21.56670
 56.24890 -21.44780
 56.24100 -21.42130
 56.24030 -21.38820
 56.23940 -21.35950
 56.17860 -21.25890
 56.16530 -21.24180
 56.13210 -21.23430
 56.10170 -21.22610
 56.08570 -21.20740
 56.08800 -21.14670
 56.08750 -21.12390
 56.08540 -21.09900
 56.07940 -21.05810
 56.07730 -21.05170
 56.11830 -21.04280
 56.15610 -21.02580
 56.17140 -21.01260
 56.18460 -20.99560
 56.23790 -20.97360
 56.36360 -20.96860
 56.50940 -20.99760
 56.50820 -21.02490
 56.45830 -21.04440
 56.43550 -21.06860
 56.51060 -21.05780
 56.61420 -21.02670
 56.64420 -21.03970
 56.67190 -21.04940
 56.69140 -21.05610
 56.74740 -21.06500
 56.78190 -21.06350
 56.81750 -21.05220
 56.84190 -21.06230
 56.87280 -21.14500
 56.90670 -21.22440
 56.92280 -21.26140
 56.98740 -21.35790
 57.02670 -21.39570
 57.04940 -21.40940
 57.06940 -21.41560
 57.09360 -21.41540
 57.12440 -21.41140
 57.23900 -21.41250
 57.28190 -21.41730
 57.30290 -21.43420
 57.31690 -21.45860
 57.33390 -21.48250
 57.44330 -21.59610
 57.48890 -21.64000
 57.51670 -21.66560
 57.53390 -21.67690
 57.55970 -21.70580
 57.57470 -21.72900
 57.58330 -21.75500
 57.59580 -21.85620
 57.59360 -21.90110
 57.59100 -21.92280
 57.59550 -21.99150
 57.60310 -22.01970
 57.61670 -22.04920
 57.63390 -22.09830
 57.68470 -22.28140
 57.73960 -22.48010
 57.75530 -22.58280
 57.74910 -22.60690
 57.68900 -22.58400
 57.63760 -22.59460
 57.58530 -22.64330
 57.57110 -22.67220
 57.53530 -22.75110
 57.45470 -22.90530
 57.43070 -22.94120
 57.39860 -23.01420
 57.38530 -23.04920
 57.37580 -23.08360
 57.37250 -23.10360
 57.36440 -23.13570
 57.31280 -23.16750
 57.16870 -23.24110
 57.11470 -23.24920
 57.10100 -23.25610
 57.07330 -23.30580
 57.06220 -23.32750
 57.05420 -23.34670
 56.97670 -23.58610
 56.96590 -23.65530
 56.96830 -23.76530
 56.97030 -23.78580
 56.98390 -23.85030
 56.98890 -23.87360
 57.01140 -23.95530
 57.02220 -23.98500
 57.09750 -24.15530
 57.12890 -24.22330
 57.21900 -24.37320
 57.25120 -24.40420
 57.27720 -24.41320
 57.35430 -24.40920
 57.58080 -24.36220
 57.69940 -24.33080
 57.73170 -24.30410
 57.79250 -24.28970
 57.83350 -24.28900
 57.87180 -24.31500
