2937 10 20.74175 23.40425 -58.52516 -56.58528 'Ad Dakhiliyah (Oman)'
 23.13130 -58.52520
 22.92310 -58.38510
 22.54300 -57.97390
 20.74180 -58.21630
 21.42470 -56.58530
 22.42780 -56.75630
 23.24300 -57.19670
 22.98770 -57.62910
 23.40430 -58.04910
 23.13130 -58.52520
2938 74 17.96166 21.42471 -58.31960 -55.00000 'Al Wusta (Oman)'
 18.13670 -56.56170
 18.12990 -56.55680
 18.10170 -56.51770
 18.09190 -56.48400
 18.07460 -56.45650
 18.01220 -56.40610
 17.96170 -56.35080
 20.00000 -55.00000
 21.26750 -55.42220
 21.42470 -56.58530
 20.74180 -58.21630
 20.69630 -58.31960
 20.38170 -58.30220
 20.37870 -58.26810
 20.39720 -58.21150
 20.41870 -58.19940
 20.45920 -58.21430
 20.48470 -58.23060
 20.57140 -58.26640
 20.59280 -58.26350
 20.61040 -58.24060
 20.61280 -58.21370
 20.57920 -58.12080
 20.55720 -58.08490
 20.49920 -58.06780
 20.46470 -58.04720
 20.38580 -57.95280
 20.25720 -57.85400
 20.21620 -57.82820
 20.19540 -57.82250
 20.17460 -57.82320
 20.14430 -57.84040
 20.09460 -57.83970
 19.97320 -57.81280
 19.85670 -57.77290
 19.80330 -57.73440
 19.74270 -57.69100
 19.70830 -57.68760
 19.68470 -57.69250
 19.47280 -57.74530
 19.42240 -57.76810
 19.39060 -57.77390
 19.36170 -57.77050
 19.33150 -57.76030
 19.29450 -57.74290
 19.25080 -57.75190
 19.12440 -57.80170
 19.02830 -57.83970
 18.97100 -57.80570
 18.94100 -57.71420
 18.93810 -57.66330
 18.94330 -57.59860
 18.95250 -57.52430
 18.95030 -57.49080
 18.93000 -57.33970
 18.92360 -57.29310
 18.89530 -57.16560
 18.88890 -57.13890
 18.85830 -57.04060
 18.81250 -56.92940
 18.79940 -56.90140
 18.74440 -56.81040
 18.73080 -56.79500
 18.66940 -56.73330
 18.64440 -56.70810
 18.59620 -56.65580
 18.57920 -56.64390
 18.53760 -56.63780
 18.43720 -56.63440
 18.33360 -56.61000
 18.26540 -56.58510
 18.22420 -56.56190
 18.19370 -56.55230
 18.13670 -56.56170
2939 56 20.35527 23.13130 -59.84708 -57.97385 'Ash Sharqiyah (Oman)'
 21.87890 -59.58470
 21.80970 -59.54060
 21.78420 -59.51470
 21.76740 -59.49970
 21.74570 -59.48820
 21.68220 -59.47440
 21.62940 -59.45780
 21.44200 -59.34430
 21.42110 -59.30500
 21.41030 -59.27440
 21.37640 -59.20470
 21.36030 -59.17400
 21.29690 -59.08780
 21.13680 -58.91620
 21.05940 -58.85330
 21.03940 -58.83720
 20.99220 -58.80420
 20.84720 -58.71080
 20.78560 -58.72280
 20.76030 -58.72760
 20.74160 -58.70800
 20.70080 -58.65610
 20.65460 -58.59850
 20.61710 -58.58180
 20.55530 -58.56610
 20.41950 -58.52070
 20.35850 -58.45200
 20.35530 -58.41750
 20.36970 -58.27700
 20.38170 -58.30220
 20.69630 -58.31960
 20.74180 -58.21630
 22.54300 -57.97390
 22.92310 -58.38510
 23.13130 -58.52520
 23.01060 -58.99740
 22.94690 -59.22490
 22.82290 -59.28120
 22.80240 -59.29150
 22.77780 -59.31080
 22.68060 -59.39780
 22.63970 -59.44420
 22.60940 -59.48640
 22.57640 -59.53390
 22.56860 -59.57420
 22.56720 -59.65030
 22.53690 -59.80170
 22.48890 -59.83250
 22.43000 -59.84710
 22.31220 -59.83170
 22.29170 -59.82860
 22.22330 -59.80920
 22.16680 -59.77210
 22.10070 -59.71760
 21.93310 -59.65100
 21.87890 -59.58470
2940 35 20.16833 20.69235 -58.95111 -58.63333 'Ash Sharqiyah (Oman)'
 20.16830 -58.65500
 20.17140 -58.64750
 20.23500 -58.63470
 20.24560 -58.63420
 20.27420 -58.63330
 20.34030 -58.63830
 20.35000 -58.64110
 20.37040 -58.65150
 20.42530 -58.70170
 20.43360 -58.71110
 20.42890 -58.72280
 20.42790 -58.74120
 20.43280 -58.75530
 20.44140 -58.76530
 20.47110 -58.78670
 20.57220 -58.82720
 20.68110 -58.88330
 20.69240 -58.89600
 20.68230 -58.91950
 20.51110 -58.95110
 20.49810 -58.94140
 20.47860 -58.91360
 20.47000 -58.89800
 20.46080 -58.87250
 20.45610 -58.86190
 20.44320 -58.84510
 20.41330 -58.82420
 20.37080 -58.80610
 20.36140 -58.80220
 20.32860 -58.79330
 20.29360 -58.78460
 20.27930 -58.78510
 20.21070 -58.72170
 20.17560 -58.67170
 20.16830 -58.65500
2945 65 16.64278 20.00000 -56.35232 -51.99929 'Zufar (Oman)'
 16.64280 -53.11440
 17.28550 -52.81230
 17.34970 -52.78220
 18.99930 -51.99930
 20.00000 -55.00000
 17.96170 -56.35080
 17.94120 -56.35230
 17.94100 -56.30390
 17.94780 -56.26690
 17.95110 -56.23250
 17.95360 -56.19210
 17.93750 -56.02670
 17.92500 -55.97940
 17.90330 -55.85310
 17.90530 -55.80000
 17.89110 -55.64390
 17.86320 -55.52220
 17.84560 -55.46860
 17.82610 -55.43600
 17.79940 -55.41860
 17.76530 -55.40470
 17.71140 -55.38080
 17.68510 -55.36560
 17.66330 -55.33580
 17.65310 -55.31510
 17.61370 -55.26610
 17.55000 -55.23060
 17.49480 -55.22490
 17.46870 -55.23670
 17.45110 -55.27360
 17.42150 -55.29830
 17.39920 -55.30500
 17.36790 -55.29970
 17.26690 -55.25050
 17.19310 -55.21220
 17.05750 -55.09170
 17.04240 -55.07500
 17.01470 -55.03190
 16.98750 -54.96050
 16.96640 -54.89890
 16.94490 -54.80370
 16.95710 -54.73620
 16.97970 -54.69350
 17.01190 -54.68210
 17.02500 -54.65110
 17.03170 -54.60690
 17.03390 -54.58550
 17.03810 -54.50420
 17.03580 -54.42000
 17.03500 -54.38860
 17.01430 -54.09260
 16.97670 -54.01030
 16.90860 -53.92940
 16.88670 -53.82670
 16.85920 -53.74260
 16.81720 -53.69140
 16.79510 -53.67710
 16.74500 -53.59640
 16.74390 -53.57610
 16.74690 -53.54800
 16.74690 -53.45360
 16.73000 -53.35310
 16.68250 -53.18580
 16.66070 -53.12570
 16.64280 -53.11440
3030 63 21.26751 24.98250 -57.19668 -55.19916 'Az Zahirah (Oman)'
 23.24300 -57.19670
 22.42780 -56.75630
 21.42470 -56.58530
 21.26750 -55.42220
 21.99970 -55.66610
 22.69970 -55.19920
 22.80060 -55.21780
 22.82060 -55.21860
 22.85170 -55.21720
 22.89420 -55.21330
 22.91830 -55.21220
 23.01400 -55.21420
 23.11680 -55.24210
 23.15780 -55.26750
 23.20140 -55.29640
 23.24390 -55.32360
 23.28180 -55.34390
 23.32610 -55.36140
 23.50720 -55.42190
 23.64170 -55.48580
 23.76850 -55.56260
 23.88580 -55.55640
 23.90500 -55.53820
 23.97280 -55.51030
 24.02790 -55.63790
 24.03110 -55.68030
 24.02000 -55.80140
 24.03500 -55.87530
 24.06860 -56.00710
 24.08320 -56.02370
 24.23260 -55.94860
 24.23670 -55.91860
 24.22740 -55.89210
 24.21400 -55.86250
 24.24360 -55.77900
 24.31690 -55.81360
 24.41670 -55.82000
 24.47690 -55.79780
 24.56540 -55.78140
 24.59610 -55.81250
 24.64970 -55.84360
 24.70170 -55.82000
 24.72970 -55.81390
 24.86010 -55.80380
 24.88580 -55.81400
 24.92030 -55.84560
 24.94220 -55.86640
 24.95960 -55.88870
 24.97650 -55.92220
 24.98250 -55.94530
 24.98200 -55.97660
 24.97710 -56.00010
 24.96580 -56.02280
 24.94640 -56.03470
 24.86610 -56.05080
 24.88120 -56.02860
 24.89030 -55.99870
 24.87170 -55.98110
 24.74420 -56.06440
 24.73810 -56.07690
 24.73470 -56.10420
 23.73860 -56.49080
 23.24300 -57.19670
3072 46 22.98773 24.97938 -58.04905 -56.10416 'Al Batinah (Oman)'
 24.73470 -56.10420
 24.74110 -56.14370
 24.78170 -56.17970
 24.82500 -56.18880
 24.83360 -56.22610
 24.84950 -56.26940
 24.85730 -56.28050
 24.87010 -56.28710
 24.88250 -56.30330
 24.89510 -56.33210
 24.91400 -56.34010
 24.92610 -56.33920
 24.96180 -56.33460
 24.96940 -56.33900
 24.97650 -56.35210
 24.97940 -56.37350
 24.96440 -56.37580
 24.86830 -56.41390
 24.68280 -56.49960
 24.63060 -56.52580
 24.59580 -56.54610
 24.50170 -56.60360
 24.47760 -56.61980
 24.44860 -56.65360
 24.43170 -56.67830
 24.40110 -56.71470
 24.30890 -56.79720
 24.28610 -56.81400
 24.24260 -56.82980
 24.18930 -56.86720
 24.14060 -56.90750
 24.07080 -56.98970
 24.01530 -57.05830
 23.97360 -57.11310
 23.93440 -57.17130
 23.82440 -57.53530
 23.73810 -57.83580
 23.72440 -57.86830
 23.71710 -57.89420
 23.71250 -57.93030
 23.71280 -57.94330
 23.40430 -58.04910
 22.98770 -57.62910
 23.24300 -57.19670
 23.73860 -56.49080
 24.73470 -56.10420
3073 46 25.62611 26.36871 -56.48131 -56.07994 'Musandam (Oman)'
 26.36870 -56.40420
 26.28500 -56.40190
 26.24750 -56.45830
 26.24010 -56.48130
 26.14220 -56.47140
 26.17220 -56.37720
 26.19770 -56.37720
 26.16690 -56.32070
 26.11220 -56.33290
 26.09500 -56.37400
 26.05440 -56.43110
 25.95030 -56.42390
 25.89420 -56.40170
 25.87390 -56.39220
 25.82190 -56.36360
 25.75690 -56.32560
 25.74690 -56.30260
 25.71790 -56.27440
 25.65940 -56.26430
 25.63600 -56.26970
 25.62610 -56.23800
 25.65500 -56.18330
 25.66250 -56.15900
 25.66610 -56.14720
 25.73500 -56.14080
 25.83250 -56.13920
 25.90810 -56.16580
 26.01470 -56.18560
 26.08390 -56.15320
 26.06560 -56.07990
 26.08780 -56.08710
 26.12860 -56.10970
 26.23040 -56.17180
 26.26090 -56.20190
 26.21810 -56.23440
 26.20110 -56.30390
 26.19860 -56.32650
 26.21600 -56.35750
 26.21980 -56.40150
 26.23990 -56.38460
 26.23850 -56.35010
 26.22320 -56.33420
 26.22270 -56.31100
 26.26890 -56.31830
 26.32140 -56.35470
 26.36870 -56.40420
3074 34 22.94685 23.72445 -59.22487 -57.94333 'Masqat (Oman)'
 23.13130 -58.52520
 23.40430 -58.04910
 23.71280 -57.94330
 23.72060 -57.99110
 23.72440 -58.02220
 23.72030 -58.07860
 23.71720 -58.10030
 23.70360 -58.14970
 23.69610 -58.17330
 23.68280 -58.20690
 23.65680 -58.24760
 23.63640 -58.26610
 23.62360 -58.29600
 23.61600 -58.34140
 23.61640 -58.40460
 23.61920 -58.43940
 23.63190 -58.48030
 23.65150 -58.49530
 23.64500 -58.57720
 23.63280 -58.60930
 23.47390 -58.79250
 23.36190 -58.86830
 23.31910 -58.92740
 23.20010 -59.00080
 23.16040 -59.00920
 23.14210 -59.01760
 23.11860 -59.03280
 23.04120 -59.09070
 23.01650 -59.11890
 22.99210 -59.16820
 22.97830 -59.18750
 22.94690 -59.22490
 23.01060 -58.99740
 23.13130 -58.52520
