0 11 1.53055 1.70125 -7.46347 -7.32792 'Principe (Sao Tome & Principe)'
 1.53055 -7.39916
 1.56500 -7.34778
 1.57722 -7.33805
 1.61000 -7.32792
 1.68750 -7.37305
 1.70125 -7.40458
 1.69305 -7.45111
 1.67618 -7.46347
 1.63472 -7.46278
 1.55611 -7.42305
 1.53055 -7.39916
1 19 0.018336 0.408745 -6.76625 -6.46514 'Sao Tome (Sao Tome & Principe)'
 0.01834 -6.52389
 0.01972 -6.51653
 0.04166 -6.50750
 0.19584 -6.46514
 0.25972 -6.46722
 0.30695 -6.49181
 0.34389 -6.53361
 0.40361 -6.61777
 0.40875 -6.66250
 0.40222 -6.68778
 0.37750 -6.71666
 0.33028 -6.75139
 0.28750 -6.76625
 0.23972 -6.75555
 0.22681 -6.75153
 0.20889 -6.73861
 0.10236 -6.65945
 0.02722 -6.56166
 0.01834 -6.52389
