0 225 46.5066 49.9964 -92.019 -87.7611 'Bayan-Olgiy (Mongolia)'
 49.17295 -87.84070
 49.16722 -87.85748
 49.16249 -87.88805
 49.17985 -87.99228
 49.26888 -88.15665
 49.28722 -88.17338
 49.31055 -88.15887
 49.36936 -88.13353
 49.43415 -88.17943
 49.45276 -88.20206
 49.46166 -88.22083
 49.48221 -88.34637
 49.48388 -88.40776
 49.47582 -88.56888
 49.45083 -88.73082
 49.44165 -88.85165
 49.44999 -88.90283
 49.47825 -88.87747
 49.53972 -88.88645
 49.54659 -88.92456
 49.51861 -88.95013
 49.46888 -88.98741
 49.46305 -89.00819
 49.49833 -89.15055
 49.50958 -89.18859
 49.52069 -89.20860
 49.54596 -89.23645
 49.57020 -89.23338
 49.60138 -89.20103
 49.62249 -89.20415
 49.63694 -89.22332
 49.64298 -89.25297
 49.63249 -89.28554
 49.60972 -89.31985
 49.58207 -89.37311
 49.59165 -89.40305
 49.62749 -89.44220
 49.64846 -89.45694
 49.67818 -89.56499
 49.68083 -89.58998
 49.68430 -89.62693
 49.72242 -89.72200
 49.74575 -89.73546
 49.76430 -89.72165
 49.77555 -89.69345
 49.78818 -89.65901
 49.85833 -89.63722
 49.90483 -89.64270
 49.91194 -89.65082
 49.92471 -89.67304
 49.93499 -89.70138
 49.94055 -89.72638
 49.94665 -89.76277
 49.95125 -89.80748
 49.94972 -89.83805
 49.94665 -89.87109
 49.94805 -89.90027
 49.97110 -89.98137
 49.98091 -90.00569
 49.99638 -90.02110
 49.97800 -90.06899
 49.95700 -90.10000
 49.91400 -90.12400
 49.68700 -90.24599
 49.64800 -90.26500
 49.62200 -90.27100
 49.56950 -90.30650
 49.50055 -90.41665
 49.45396 -90.42635
 49.43055 -90.43995
 49.41055 -90.53194
 49.39805 -90.61470
 49.38860 -90.63665
 49.36700 -90.65200
 49.33100 -90.67500
 49.31200 -90.70300
 49.31400 -90.74200
 49.31200 -90.79500
 49.30300 -90.88499
 49.29700 -90.90600
 49.25100 -90.91299
 49.11300 -91.00899
 49.06700 -91.03600
 49.03200 -91.05099
 48.98950 -91.08350
 48.96900 -91.11900
 48.95700 -91.17799
 48.94000 -91.22300
 48.89200 -91.27599
 48.86800 -91.30199
 48.83900 -91.31599
 48.75200 -91.35799
 48.71400 -91.34299
 48.65500 -91.34901
 48.63400 -91.36200
 48.61791 -91.26642
 48.60357 -91.18864
 48.57550 -91.11810
 48.53615 -91.04153
 48.50600 -90.98754
 48.38102 -90.91166
 48.32278 -90.89768
 48.19548 -90.88247
 48.10923 -90.90820
 48.05709 -90.93929
 48.01659 -90.96376
 47.88020 -91.09718
 47.82640 -91.16251
 47.75253 -91.21799
 47.70678 -91.23428
 47.63379 -91.23367
 47.59125 -91.24281
 47.55917 -91.25201
 47.54148 -91.27559
 47.51931 -91.32814
 47.49519 -91.35040
 47.41245 -91.40155
 47.32507 -91.40169
 47.26122 -91.43807
 47.19530 -91.49023
 47.13939 -91.53944
 47.09156 -91.57105
 47.03146 -91.57248
 46.96859 -91.56859
 46.90010 -91.56930
 46.86309 -91.60381
 46.82550 -91.66574
 46.78595 -91.77655
 46.71996 -91.92451
 46.64906 -92.01896
 46.60744 -92.01794
 46.58892 -91.98668
 46.58004 -91.90159
 46.58275 -91.81037
 46.58691 -91.73080
 46.57888 -91.66962
 46.56511 -91.62813
 46.53344 -91.56139
 46.51879 -91.52925
 46.50658 -91.48438
 46.52605 -91.41265
 46.56865 -91.35852
 46.61246 -91.28281
 46.63383 -91.17999
 46.62869 -91.09676
 46.61148 -91.04724
 46.60011 -91.02025
 46.67111 -91.03637
 46.72485 -91.04331
 46.75194 -91.02916
 46.88999 -90.95027
 46.95222 -90.91360
 46.97055 -90.89027
 46.98860 -90.85721
 46.99485 -90.83568
 46.99415 -90.81082
 46.99749 -90.76902
 47.04194 -90.71138
 47.19610 -90.58166
 47.24444 -90.54415
 47.31707 -90.49331
 47.50027 -90.46582
 47.52777 -90.42499
 47.55665 -90.39943
 47.62797 -90.35120
 47.69707 -90.26833
 47.73221 -90.14311
 47.76860 -90.10026
 47.78958 -90.08707
 47.83083 -90.08110
 47.86298 -90.09040
 47.88791 -90.07096
 47.89368 -89.99180
 47.87794 -89.96880
 47.84821 -89.96263
 47.83528 -89.93124
 47.82926 -89.78554
 47.91143 -89.67026
 47.98257 -89.60137
 48.00777 -89.60265
 48.02728 -89.59276
 48.04208 -89.54873
 48.04674 -89.38992
 48.00117 -89.29335
 47.98082 -89.22485
 47.99374 -89.08514
 48.00583 -89.06332
 48.03055 -89.03915
 48.05069 -89.01901
 48.10277 -88.95637
 48.11416 -88.93734
 48.11638 -88.86137
 48.17999 -88.65985
 48.21194 -88.61178
 48.23026 -88.59845
 48.28722 -88.58305
 48.31673 -88.59214
 48.34833 -88.59109
 48.40582 -88.51679
 48.47999 -88.32026
 48.50555 -88.24178
 48.50166 -88.21263
 48.50069 -88.19123
 48.54472 -88.04721
 48.55638 -88.01361
 48.56541 -87.99194
 48.58777 -87.96748
 48.61076 -87.97436
 48.64695 -88.03248
 48.69655 -88.08648
 48.73499 -88.05942
 48.74722 -88.03915
 48.76575 -87.99158
 48.76638 -87.95749
 48.76180 -87.93387
 48.79465 -87.84248
 48.88104 -87.76110
 48.91957 -87.77485
 48.93999 -87.81219
 48.94526 -87.84221
 48.95492 -87.87304
 48.98305 -87.89291
 49.00555 -87.89888
 49.11361 -87.86805
 49.17295 -87.84070
1 195 42.4 47.091 -112.086 -107.765 'Dornogovi (Mongolia)'
 46.50530 -107.89070
 46.62088 -107.91640
 46.66747 -107.92850
 46.71308 -107.97330
 46.75554 -108.05380
 46.79396 -108.13100
 46.79100 -108.22320
 46.77240 -108.41250
 46.77560 -108.49620
 46.79815 -108.55170
 46.81776 -108.57420
 46.88155 -108.61830
 46.96977 -108.66460
 47.04031 -108.69160
 47.09100 -108.69900
 47.03490 -108.72710
 46.97832 -108.76410
 46.91743 -108.80670
 46.87632 -108.86580
 46.83710 -108.92800
 46.76993 -108.97260
 46.69497 -109.00750
 46.61415 -109.03570
 46.51717 -109.05940
 46.37460 -109.09950
 46.31951 -109.14760
 46.27622 -109.20550
 46.24599 -109.29110
 46.22087 -109.39780
 46.21827 -109.58920
 46.22797 -109.81440
 46.24265 -109.93110
 46.26453 -109.98370
 46.29495 -110.02850
 46.34508 -110.08730
 46.42749 -110.11440
 46.49318 -110.14870
 46.52934 -110.20030
 46.55172 -110.24160
 46.55985 -110.28120
 46.55905 -110.33460
 46.52897 -110.39930
 46.44667 -110.51990
 46.34564 -110.64370
 46.25649 -110.77150
 46.18864 -110.91640
 46.13366 -111.04780
 46.11521 -111.18100
 46.10822 -111.25960
 46.11390 -111.33120
 46.12801 -111.39800
 46.15779 -111.44350
 46.22387 -111.49720
 46.19207 -111.63740
 46.17928 -111.73600
 46.14936 -111.81430
 46.11473 -111.87110
 46.03814 -111.91270
 45.90931 -111.91100
 45.79572 -111.89690
 45.68498 -111.87170
 45.61576 -111.86720
 45.56435 -111.87130
 45.50972 -111.89230
 45.44313 -111.93780
 45.37510 -112.00320
 45.30708 -112.03950
 45.22513 -112.07060
 45.15252 -112.08570
 45.09096 -112.08400
 45.09110 -112.08388
 45.10055 -112.05109
 45.09166 -111.98082
 45.04944 -111.87303
 45.00055 -111.78499
 44.97305 -111.76526
 44.77416 -111.63081
 44.67708 -111.56790
 44.64861 -111.57055
 44.62055 -111.57166
 44.59694 -111.56860
 44.57027 -111.55555
 44.52138 -111.51583
 44.49888 -111.49609
 44.47638 -111.47554
 44.45860 -111.45860
 44.43915 -111.43886
 44.41902 -111.42901
 44.37527 -111.42137
 44.33284 -111.42942
 44.24333 -111.52499
 44.17471 -111.55693
 44.05014 -111.67665
 44.03388 -111.71748
 43.99638 -111.80803
 43.93888 -111.87944
 43.83526 -111.95972
 43.76957 -111.97679
 43.71221 -111.96443
 43.69222 -111.95833
 43.67416 -111.89722
 43.67249 -111.78386
 43.64972 -111.75722
 43.54333 -111.63860
 43.49444 -111.50277
 43.43221 -111.32666
 43.40526 -111.22581
 43.35916 -111.07693
 43.31694 -110.98970
 43.20222 -110.87137
 43.09415 -110.74275
 43.05360 -110.68997
 43.00333 -110.67360
 42.95665 -110.63997
 42.93999 -110.62303
 42.89666 -110.56470
 42.87055 -110.51555
 42.84610 -110.47192
 42.79777 -110.44886
 42.77777 -110.44054
 42.75031 -110.36119
 42.67381 -110.13339
 42.64576 -110.10637
 42.64246 -110.00000
 42.64111 -109.93497
 42.57583 -109.74387
 42.55583 -109.68970
 42.47387 -109.54471
 42.45652 -109.51401
 42.45055 -109.39360
 42.44777 -109.32083
 42.42999 -109.31067
 42.44944 -109.09804
 42.45833 -109.00000
 42.39999 -108.84707
 42.42222 -108.67998
 42.44222 -108.52777
 42.43707 -108.30665
 42.46235 -108.24945
 42.57634 -108.17320
 42.71378 -108.17170
 42.79415 -108.18560
 42.91536 -108.18850
 43.06554 -108.17410
 43.19981 -108.15300
 43.30430 -108.11580
 43.42911 -108.07710
 43.54824 -108.02660
 43.62175 -108.00920
 43.73957 -108.00030
 43.88208 -107.98180
 44.00721 -107.93670
 44.11027 -107.88430
 44.24692 -107.79410
 44.32896 -107.76530
 44.40993 -107.77330
 44.50874 -107.79660
 44.55651 -107.89650
 44.60779 -108.01110
 44.65017 -108.14520
 44.69394 -108.23400
 44.74391 -108.31770
 44.78246 -108.37780
 44.82685 -108.44420
 44.88380 -108.50020
 44.95908 -108.55490
 45.03157 -108.57510
 45.09927 -108.56040
 45.17625 -108.51460
 45.26155 -108.46360
 45.31528 -108.44180
 45.37275 -108.42890
 45.41071 -108.44920
 45.50579 -108.52350
 45.60352 -108.58070
 45.71600 -108.62490
 45.79757 -108.67830
 45.83216 -108.73380
 45.85238 -108.79110
 45.87223 -108.85720
 45.89308 -108.89710
 45.92907 -108.91490
 45.96398 -108.90920
 45.98930 -108.88800
 46.00166 -108.83330
 46.01500 -108.75230
 46.05585 -108.69700
 46.11081 -108.64580
 46.17142 -108.60670
 46.31475 -108.47980
 46.42562 -108.40290
 46.46041 -108.34050
 46.49169 -108.26000
 46.49657 -108.10930
 46.50530 -107.89070
2 171 41.5867 44.9935 -108.249 -99.2404 'Omnogovi (Mongolia)'
 44.50874 -107.79660
 44.40993 -107.77330
 44.32896 -107.76530
 44.24692 -107.79410
 44.11027 -107.88430
 44.00721 -107.93670
 43.88208 -107.98180
 43.73957 -108.00030
 43.62175 -108.00920
 43.54824 -108.02660
 43.42911 -108.07710
 43.30430 -108.11580
 43.19981 -108.15300
 43.06554 -108.17410
 42.91536 -108.18850
 42.79415 -108.18560
 42.71378 -108.17170
 42.57634 -108.17320
 42.46235 -108.24945
 42.45888 -108.22443
 42.40833 -107.90776
 42.41569 -107.56305
 42.43083 -107.54485
 42.44971 -107.52276
 42.46305 -107.49651
 42.46625 -107.47582
 42.41055 -107.27721
 42.35999 -107.26250
 42.31583 -107.01776
 42.31082 -106.98610
 42.30027 -106.85471
 42.29555 -106.78194
 42.20166 -106.49637
 42.07749 -106.12248
 41.98750 -105.85526
 41.89138 -105.58832
 41.83430 -105.47498
 41.78527 -105.35081
 41.74680 -105.22249
 41.58665 -105.00651
 41.65193 -104.93055
 41.64972 -104.84764
 41.64583 -104.68442
 41.67068 -104.52374
 41.76138 -104.52527
 41.87721 -104.52665
 41.80429 -104.06943
 41.80249 -103.84943
 41.88722 -103.41638
 41.91249 -103.35220
 41.99415 -103.14388
 42.09638 -102.88275
 42.16137 -102.71249
 42.16666 -102.55026
 42.16166 -102.51526
 42.15471 -102.47136
 42.15110 -102.44246
 42.23333 -102.07721
 42.27610 -102.03554
 42.32277 -101.99220
 42.50972 -101.81470
 42.53055 -101.59555
 42.56750 -101.41137
 42.60472 -101.21971
 42.65249 -100.97276
 42.67707 -100.84248
 42.68166 -100.69693
 42.68957 -100.31276
 42.64111 -100.25499
 42.64444 -100.13333
 42.64903 -100.03152
 42.65360 -99.98637
 42.57195 -99.51013
 42.58360 -99.30220
 42.58679 -99.24037
 42.69889 -99.26997
 42.81825 -99.30177
 42.90445 -99.32054
 43.00783 -99.32099
 43.09481 -99.31760
 43.15979 -99.31924
 43.23906 -99.32220
 43.43251 -99.29945
 43.52468 -99.27871
 43.60695 -99.26172
 43.65401 -99.26800
 43.70643 -99.29617
 43.75182 -99.30828
 43.81757 -99.32111
 43.87647 -99.32062
 44.00884 -99.28989
 44.07286 -99.27187
 44.12606 -99.27757
 44.15137 -99.32866
 44.17218 -99.40857
 44.18345 -99.50084
 44.18465 -99.59697
 44.16105 -99.68700
 44.12463 -99.76687
 44.07342 -99.83669
 44.01292 -99.92415
 43.96970 -99.99297
 43.94142 -100.07720
 43.93045 -100.14290
 43.95124 -100.27910
 43.96813 -100.37900
 43.98454 -100.51570
 43.97906 -100.62030
 43.96965 -100.73090
 43.94175 -100.88780
 43.93576 -100.98950
 43.95066 -101.10950
 43.96222 -101.19870
 44.01085 -101.30530
 44.06878 -101.44820
 44.14281 -101.59330
 44.16940 -101.72160
 44.20040 -101.86680
 44.22123 -102.01840
 44.22108 -102.22760
 44.20900 -102.38360
 44.21719 -102.55000
 44.21946 -102.64610
 44.23924 -102.71310
 44.26726 -102.78850
 44.30460 -102.82680
 44.37334 -102.91230
 44.44111 -102.95260
 44.51487 -102.98710
 44.58226 -103.00780
 44.65377 -103.03110
 44.73160 -103.06580
 44.79552 -103.11820
 44.86621 -103.21060
 44.92063 -103.30650
 44.95015 -103.37460
 44.96535 -103.44020
 44.99355 -103.56580
 44.92730 -103.79640
 44.87275 -104.03200
 44.84182 -104.23540
 44.79423 -104.43870
 44.74836 -104.68440
 44.73028 -104.81560
 44.73229 -104.98980
 44.72573 -105.21520
 44.68855 -105.37160
 44.64548 -105.45350
 44.56983 -105.54330
 44.46350 -105.65480
 44.36509 -105.77750
 44.27492 -105.87440
 44.23554 -105.95530
 44.19769 -106.07290
 44.17791 -106.19380
 44.17050 -106.28950
 44.16912 -106.38270
 44.19373 -106.49370
 44.22675 -106.57980
 44.31095 -106.74730
 44.36573 -106.85170
 44.41068 -106.93600
 44.44358 -107.01140
 44.47408 -107.10100
 44.49842 -107.19030
 44.51387 -107.30770
 44.51130 -107.41000
 44.49091 -107.49130
 44.46608 -107.58360
 44.46963 -107.67480
 44.50874 -107.79660
3 181 46.1082 49.5414 -112.736 -108.397 'Hentiy (Mongolia)'
 47.09100 -108.69900
 47.10900 -108.68200
 47.19300 -108.63900
 47.24600 -108.61000
 47.34900 -108.54400
 47.37500 -108.51200
 47.41700 -108.46300
 47.49900 -108.39700
 47.62400 -108.41100
 47.65200 -108.45000
 47.72200 -108.49000
 47.75450 -108.49149
 47.79100 -108.47500
 47.85100 -108.46700
 47.99150 -108.49650
 48.02875 -108.54325
 48.04200 -108.59800
 48.07242 -108.72360
 48.15179 -108.95460
 48.17762 -109.02770
 48.21904 -109.06850
 48.25709 -109.09060
 48.32217 -109.10300
 48.37815 -109.08680
 48.45097 -109.05990
 48.52631 -109.02070
 48.60597 -108.97560
 48.68306 -108.88980
 48.73476 -108.82310
 48.79290 -108.74750
 48.86347 -108.66670
 48.94162 -108.60180
 49.05860 -108.54000
 49.10349 -108.54700
 49.13104 -108.58070
 49.15655 -108.61430
 49.19818 -108.65560
 49.27181 -108.66210
 49.33174 -108.65105
 49.33805 -108.71193
 49.35652 -108.95930
 49.35194 -108.98415
 49.33833 -109.02679
 49.33444 -109.07500
 49.34902 -109.15345
 49.35985 -109.19763
 49.34638 -109.31331
 49.33915 -109.34485
 49.26041 -109.49645
 49.24222 -109.51707
 49.23152 -109.55345
 49.22999 -109.58138
 49.22972 -109.61110
 49.21915 -109.80194
 49.18833 -110.08832
 49.17249 -110.17025
 49.16915 -110.20804
 49.17055 -110.24526
 49.17500 -110.26834
 49.18499 -110.29415
 49.19832 -110.32458
 49.21361 -110.35220
 49.20000 -110.48194
 49.15249 -110.63025
 49.14583 -110.66249
 49.14222 -110.70027
 49.14361 -110.73749
 49.14944 -110.78859
 49.18221 -110.92886
 49.19110 -110.95555
 49.20083 -110.98109
 49.21430 -111.00875
 49.23214 -111.03355
 49.25333 -111.06775
 49.28750 -111.12845
 49.30471 -111.17303
 49.34249 -111.32693
 49.35444 -111.45221
 49.35000 -111.47748
 49.35013 -111.50637
 49.35819 -111.54415
 49.36749 -111.57055
 49.37915 -111.59332
 49.39833 -111.64526
 49.40694 -111.69151
 49.40526 -111.74220
 49.39999 -111.79943
 49.39805 -111.84082
 49.39888 -111.86859
 49.40222 -111.92192
 49.40694 -111.96388
 49.43694 -112.13137
 49.44749 -112.17054
 49.51833 -112.41609
 49.54138 -112.49170
 49.49270 -112.48900
 49.38159 -112.45710
 49.28209 -112.46530
 49.20467 -112.42360
 49.11525 -112.37690
 48.99595 -112.40370
 48.89095 -112.46110
 48.76720 -112.54930
 48.62623 -112.59050
 48.56455 -112.58920
 48.48119 -112.57480
 48.38338 -112.56110
 48.30997 -112.55170
 48.16006 -112.57550
 48.09055 -112.62520
 47.98671 -112.69340
 47.91153 -112.73570
 47.80400 -112.72800
 47.81000 -112.68900
 47.80100 -112.61500
 47.78800 -112.58400
 47.78200 -112.53600
 47.78200 -112.42200
 47.79000 -112.30900
 47.78600 -112.28600
 47.76200 -112.23200
 47.67358 -112.16370
 47.62084 -112.12480
 47.56115 -112.09710
 47.49797 -112.09010
 47.41881 -112.04720
 47.36932 -111.99100
 47.33668 -111.89810
 47.30211 -111.77180
 47.26744 -111.67600
 47.22589 -111.62150
 47.18479 -111.59130
 47.12037 -111.57280
 47.01939 -111.54900
 46.93505 -111.52180
 46.83913 -111.48400
 46.72417 -111.45560
 46.63492 -111.41010
 46.54453 -111.38240
 46.45377 -111.36070
 46.37923 -111.37400
 46.29025 -111.42080
 46.22387 -111.49720
 46.15779 -111.44350
 46.12801 -111.39800
 46.11390 -111.33120
 46.10822 -111.25960
 46.11521 -111.18100
 46.13366 -111.04780
 46.18864 -110.91640
 46.25649 -110.77150
 46.34564 -110.64370
 46.44667 -110.51990
 46.52897 -110.39930
 46.55905 -110.33460
 46.55985 -110.28120
 46.55172 -110.24160
 46.52934 -110.20030
 46.49318 -110.14870
 46.42749 -110.11440
 46.34508 -110.08730
 46.29495 -110.02850
 46.26453 -109.98370
 46.24265 -109.93110
 46.22797 -109.81440
 46.21827 -109.58920
 46.22087 -109.39780
 46.24599 -109.29110
 46.27622 -109.20550
 46.31951 -109.14760
 46.37460 -109.09950
 46.51717 -109.05940
 46.61415 -109.03570
 46.69497 -109.00750
 46.76993 -108.97260
 46.83710 -108.92800
 46.87632 -108.86580
 46.91743 -108.80670
 46.97832 -108.76410
 47.03490 -108.72710
 47.09100 -108.69900
4 191 46.8262 49.1933 -103.656 -98.0482 'Arhangay (Mongolia)'
 46.82621 -101.16630
 46.84589 -101.09030
 46.86358 -101.01740
 46.87284 -100.93910
 46.86406 -100.87110
 46.85091 -100.79750
 46.83784 -100.72690
 46.83657 -100.64640
 46.84513 -100.60690
 46.88336 -100.54400
 46.93111 -100.51310
 46.99337 -100.48680
 47.05330 -100.40670
 47.14660 -100.29640
 47.16957 -100.26130
 47.17379 -100.21880
 47.16058 -100.15390
 47.13581 -100.10520
 47.11432 -100.08320
 47.09444 -100.05200
 47.07616 -100.01170
 47.06601 -99.97070
 47.06632 -99.93467
 47.08626 -99.88171
 47.12742 -99.84460
 47.17586 -99.83075
 47.27075 -99.84541
 47.35706 -99.85191
 47.40597 -99.84704
 47.43945 -99.81950
 47.53844 -99.70955
 47.57682 -99.61761
 47.59270 -99.52795
 47.58889 -99.41607
 47.55146 -99.32919
 47.53736 -99.25798
 47.54087 -99.17268
 47.57656 -99.07755
 47.59792 -98.98396
 47.62140 -98.89306
 47.66127 -98.80310
 47.69453 -98.74120
 47.72537 -98.67343
 47.73561 -98.60509
 47.73137 -98.53555
 47.68166 -98.39581
 47.65769 -98.34114
 47.69505 -98.25091
 47.74921 -98.16740
 47.88491 -98.07548
 47.94886 -98.04824
 47.99504 -98.06326
 48.03551 -98.08525
 48.05885 -98.12806
 48.07345 -98.22739
 48.12660 -98.38615
 48.15947 -98.45251
 48.19525 -98.50014
 48.21695 -98.55273
 48.22987 -98.63113
 48.26157 -98.75033
 48.27222 -98.86301
 48.30470 -99.00084
 48.33105 -99.10564
 48.30847 -99.25624
 48.29811 -99.48849
 48.29857 -99.57776
 48.30150 -99.63599
 48.32027 -99.68330
 48.34220 -99.71184
 48.40759 -99.74821
 48.44249 -99.79092
 48.46661 -99.86572
 48.47506 -99.95759
 48.44315 -100.06580
 48.43504 -100.11290
 48.44488 -100.14900
 48.48669 -100.16660
 48.52497 -100.19700
 48.56597 -100.24270
 48.63900 -100.34400
 48.67900 -100.32800
 48.70200 -100.33100
 48.79450 -100.35500
 48.87200 -100.40950
 48.88400 -100.45900
 48.90900 -100.51400
 48.92566 -100.49900
 48.95925 -100.46790
 48.98275 -100.44080
 49.01416 -100.40670
 49.04710 -100.38495
 49.07167 -100.40780
 49.07706 -100.43860
 49.07196 -100.46410
 49.06686 -100.48960
 49.05613 -100.52810
 49.04526 -100.56340
 49.03451 -100.60190
 49.03817 -100.64220
 49.06718 -100.64910
 49.12010 -100.63830
 49.15450 -100.62600
 49.18363 -100.63600
 49.19330 -100.67280
 49.18094 -100.72400
 49.10329 -100.89340
 48.96648 -101.19460
 48.94125 -101.29620
 48.93281 -101.41220
 48.93463 -101.46820
 48.93837 -101.52090
 48.94958 -101.55140
 48.96478 -101.57850
 49.03288 -101.59280
 49.03387 -101.69270
 49.01945 -101.75920
 48.99502 -101.83560
 48.96761 -101.88090
 48.87900 -101.96900
 48.84950 -101.96750
 48.81200 -101.96600
 48.75688 -102.04220
 48.71344 -102.10350
 48.65627 -102.19020
 48.53268 -102.32640
 48.48273 -102.37820
 48.44708 -102.42920
 48.42621 -102.50110
 48.39915 -102.57310
 48.37787 -102.62950
 48.34045 -102.69870
 48.26889 -102.80300
 48.23280 -102.84120
 48.19221 -102.85800
 48.13700 -102.86000
 48.02612 -102.83970
 47.98283 -102.82300
 47.94839 -102.83950
 47.90793 -102.86240
 47.87792 -102.89700
 47.83814 -102.95620
 47.80301 -103.04870
 47.73811 -103.19960
 47.70429 -103.25820
 47.66209 -103.30490
 47.58536 -103.36750
 47.52682 -103.41740
 47.46450 -103.49140
 47.39300 -103.58100
 47.36300 -103.62700
 47.34900 -103.65600
 47.30269 -103.61540
 47.27554 -103.56790
 47.21620 -103.41000
 47.20311 -103.35320
 47.19175 -103.27850
 47.18880 -103.22150
 47.19577 -103.14930
 47.21510 -103.08560
 47.24233 -103.00960
 47.28226 -102.96020
 47.33432 -102.90420
 47.36238 -102.87610
 47.37818 -102.84840
 47.39181 -102.81470
 47.39645 -102.74220
 47.39186 -102.71820
 47.38095 -102.68550
 47.35126 -102.63550
 47.31188 -102.61000
 47.24805 -102.58860
 47.19262 -102.57590
 47.14766 -102.57480
 47.09195 -102.55020
 47.01528 -102.50260
 46.97990 -102.47420
 46.95807 -102.41540
 46.94408 -102.34430
 46.95753 -102.31080
 46.97747 -102.29190
 46.98433 -102.24080
 46.97226 -102.16960
 46.95065 -102.05120
 46.92926 -101.94480
 46.91414 -101.84700
 46.91441 -101.72160
 46.89545 -101.45100
 46.87945 -101.34160
 46.86289 -101.27710
 46.82621 -101.16630
5 184 42.5868 47.7356 -101.593 -97.5499 'Bayanhongor (Mongolia)'
 46.56517 -97.55562
 46.71736 -97.63025
 46.78793 -97.67088
 46.97908 -97.79337
 47.07199 -97.86136
 47.11651 -97.91229
 47.16588 -97.97469
 47.20118 -98.04218
 47.24825 -98.10210
 47.32676 -98.17301
 47.40670 -98.23488
 47.54511 -98.31347
 47.65769 -98.34114
 47.68166 -98.39581
 47.73137 -98.53555
 47.73561 -98.60509
 47.72537 -98.67343
 47.69453 -98.74120
 47.66127 -98.80310
 47.62140 -98.89306
 47.59792 -98.98396
 47.57656 -99.07755
 47.54087 -99.17268
 47.53736 -99.25798
 47.55146 -99.32919
 47.58889 -99.41607
 47.59270 -99.52795
 47.57682 -99.61761
 47.53844 -99.70955
 47.43945 -99.81950
 47.40597 -99.84704
 47.35706 -99.85191
 47.27075 -99.84541
 47.17586 -99.83075
 47.12742 -99.84460
 47.08626 -99.88171
 47.06632 -99.93467
 47.06601 -99.97070
 47.07616 -100.01170
 47.09444 -100.05200
 47.11432 -100.08320
 47.13581 -100.10520
 47.16058 -100.15390
 47.17379 -100.21880
 47.16957 -100.26130
 47.14660 -100.29640
 47.05330 -100.40670
 46.99337 -100.48680
 46.93111 -100.51310
 46.88336 -100.54400
 46.84513 -100.60690
 46.83657 -100.64640
 46.83784 -100.72690
 46.85091 -100.79750
 46.86406 -100.87110
 46.87284 -100.93910
 46.86358 -101.01740
 46.84589 -101.09030
 46.82621 -101.16630
 46.75911 -101.34680
 46.71592 -101.39730
 46.66833 -101.43900
 46.61208 -101.46650
 46.54018 -101.45330
 46.48398 -101.42140
 46.38908 -101.39220
 46.30305 -101.38310
 46.22377 -101.39120
 46.17278 -101.39160
 46.09788 -101.34950
 46.01207 -101.28780
 45.93245 -101.22880
 45.83867 -101.17380
 45.74329 -101.13090
 45.66890 -101.10410
 45.59441 -101.07440
 45.51146 -101.03680
 45.43946 -101.01880
 45.37830 -101.01740
 45.31715 -101.01610
 45.21438 -101.04370
 45.15651 -101.07370
 45.10944 -101.12030
 45.06194 -101.20990
 45.01962 -101.27600
 44.96893 -101.33680
 44.90330 -101.37830
 44.83553 -101.41710
 44.76858 -101.42130
 44.69587 -101.43450
 44.63582 -101.46110
 44.55832 -101.51150
 44.45947 -101.53170
 44.36837 -101.54010
 44.30748 -101.54100
 44.23647 -101.54240
 44.14281 -101.59330
 44.06878 -101.44820
 44.01085 -101.30530
 43.96222 -101.19870
 43.95066 -101.10950
 43.93576 -100.98950
 43.94175 -100.88780
 43.96965 -100.73090
 43.97906 -100.62030
 43.98454 -100.51570
 43.96813 -100.37900
 43.95124 -100.27910
 43.93045 -100.14290
 43.94142 -100.07720
 43.96970 -99.99297
 44.01292 -99.92415
 44.07342 -99.83669
 44.12463 -99.76687
 44.16105 -99.68700
 44.18465 -99.59697
 44.18345 -99.50084
 44.17218 -99.40857
 44.15137 -99.32866
 44.12606 -99.27757
 44.07286 -99.27187
 44.00884 -99.28989
 43.87647 -99.32062
 43.81757 -99.32111
 43.75182 -99.30828
 43.70643 -99.29617
 43.65401 -99.26800
 43.60695 -99.26172
 43.52468 -99.27871
 43.43251 -99.29945
 43.23906 -99.32220
 43.15979 -99.31924
 43.09481 -99.31760
 43.00783 -99.32099
 42.90445 -99.32054
 42.81825 -99.30177
 42.69889 -99.26997
 42.58679 -99.24037
 42.59415 -99.11971
 42.61555 -98.76915
 42.63166 -98.48831
 42.63860 -98.36193
 42.64083 -98.31972
 42.64583 -98.22137
 42.64833 -98.19915
 42.66694 -98.07415
 42.70399 -97.82652
 42.87395 -97.76501
 43.09112 -97.73557
 43.28092 -97.74590
 43.41661 -97.73854
 43.51729 -97.72474
 43.58514 -97.70699
 43.64252 -97.68503
 43.70400 -97.69056
 43.77015 -97.70394
 43.96935 -97.80917
 44.05208 -97.85447
 44.12555 -97.91251
 44.23451 -97.95461
 44.28738 -97.98163
 44.35820 -98.03194
 44.41851 -98.07808
 44.60311 -98.18233
 44.67252 -98.21336
 44.75225 -98.24602
 45.22610 -98.43602
 45.32462 -98.44379
 45.40235 -98.44554
 45.56059 -98.42828
 45.68862 -98.38554
 45.84208 -98.32463
 45.90795 -98.26902
 45.94359 -98.22021
 45.97168 -98.18118
 46.01836 -98.05419
 46.04156 -97.97442
 46.08274 -97.88909
 46.11679 -97.84889
 46.15852 -97.80165
 46.22395 -97.74203
 46.36850 -97.61435
 46.50324 -97.54991
 46.56517 -97.55562
6 241 46.5652 50.0251 -99.2212 -93.2215 'Dzavhan (Mongolia)'
 48.39400 -93.46999
 48.44217 -93.51957
 48.48848 -93.58340
 48.55055 -93.65924
 48.60228 -93.69698
 48.64655 -93.74285
 48.68304 -93.79379
 48.70544 -93.82927
 48.73040 -93.88935
 48.76160 -93.96999
 48.77901 -94.03823
 48.79561 -94.11925
 48.80764 -94.21708
 48.80053 -94.43552
 48.76792 -94.60915
 48.75517 -94.71234
 48.74372 -94.78693
 48.72989 -94.83694
 48.72008 -94.88602
 48.72618 -94.95053
 48.74965 -95.00198
 48.78032 -95.04255
 48.80433 -95.07833
 48.82890 -95.12027
 48.85801 -95.30265
 48.86008 -95.37127
 48.86488 -95.40172
 48.88739 -95.42229
 48.92762 -95.43301
 48.98188 -95.41575
 49.02332 -95.41681
 49.07750 -95.42159
 49.12152 -95.42844
 49.16803 -95.46325
 49.20382 -95.49395
 49.25219 -95.50316
 49.35617 -95.46312
 49.44381 -95.44848
 49.51733 -95.41438
 49.60535 -95.38036
 49.64571 -95.36885
 49.69419 -95.35564
 49.75942 -95.36774
 49.82890 -95.40466
 49.86732 -95.44165
 49.89100 -95.46799
 49.90770 -95.49157
 49.89534 -95.52415
 49.96055 -95.74755
 49.97776 -95.76735
 50.00208 -95.78555
 50.01653 -95.80443
 50.02346 -95.82596
 50.02513 -95.86401
 50.02110 -95.88750
 50.00999 -95.91152
 49.97957 -95.92485
 49.96180 -95.93512
 49.94499 -95.95652
 49.95180 -95.98659
 49.97694 -96.01583
 49.99138 -96.03471
 50.00576 -96.06811
 50.00194 -96.10665
 49.97193 -96.21165
 49.95361 -96.27470
 49.94471 -96.29679
 49.92916 -96.30998
 49.91083 -96.33443
 49.89999 -96.35860
 49.89319 -96.38346
 49.89514 -96.40679
 49.90860 -96.44526
 49.92625 -96.48748
 49.93031 -96.51831
 49.92665 -96.54373
 49.91208 -96.56804
 49.88972 -96.57694
 49.86680 -96.59026
 49.86361 -96.61401
 49.88221 -96.65416
 49.91318 -96.69735
 49.92055 -96.71790
 49.92083 -96.74136
 49.91499 -96.80165
 49.88923 -97.00748
 49.79694 -97.14860
 49.76199 -97.16903
 49.71161 -97.16007
 49.64275 -97.12044
 49.60560 -97.09158
 49.57338 -97.01748
 49.55089 -96.96405
 49.51917 -96.95351
 49.47888 -96.96661
 49.44675 -96.97832
 49.40308 -97.00143
 49.37100 -97.07001
 49.26891 -97.37075
 49.20113 -97.61126
 49.17555 -97.65922
 49.13590 -97.71235
 49.07991 -97.76784
 49.03085 -97.83469
 49.01986 -97.91783
 49.03573 -98.00330
 49.05297 -98.07925
 49.07074 -98.16457
 49.08019 -98.28249
 49.06701 -98.36897
 49.04447 -98.43785
 49.01113 -98.53312
 49.00055 -98.59711
 49.01495 -98.66726
 49.03322 -98.73384
 49.09750 -98.85110
 49.13386 -98.91248
 49.14346 -98.97408
 49.13755 -99.05325
 49.11695 -99.09025
 49.09006 -99.12481
 49.03848 -99.15912
 48.88155 -99.22124
 48.83001 -99.21788
 48.79023 -99.20380
 48.73566 -99.18216
 48.69028 -99.14084
 48.63044 -99.09820
 48.56549 -99.07486
 48.47759 -99.04506
 48.40398 -99.05071
 48.35995 -99.07138
 48.33105 -99.10564
 48.30470 -99.00084
 48.27222 -98.86301
 48.26157 -98.75033
 48.22987 -98.63113
 48.21695 -98.55273
 48.19525 -98.50014
 48.15947 -98.45251
 48.12660 -98.38615
 48.07345 -98.22739
 48.05885 -98.12806
 48.03551 -98.08525
 47.99504 -98.06326
 47.94886 -98.04824
 47.88491 -98.07548
 47.74921 -98.16740
 47.69505 -98.25091
 47.65769 -98.34114
 47.54511 -98.31347
 47.40670 -98.23488
 47.32676 -98.17301
 47.24825 -98.10210
 47.20118 -98.04218
 47.16588 -97.97469
 47.11651 -97.91229
 47.07199 -97.86136
 46.97908 -97.79337
 46.78793 -97.67088
 46.71736 -97.63025
 46.56517 -97.55562
 46.56995 -97.48038
 46.58800 -97.25500
 46.60400 -97.14600
 46.60500 -96.98100
 46.62800 -96.91699
 46.68600 -96.79100
 46.70000 -96.69600
 46.75385 -96.69521
 46.84459 -96.67402
 46.92078 -96.62514
 46.93898 -96.57094
 46.94880 -96.51511
 46.93734 -96.45089
 46.91678 -96.35218
 46.90300 -96.24400
 46.97450 -96.19450
 47.01100 -96.18400
 47.04200 -96.16699
 47.14300 -96.10899
 47.24700 -96.03201
 47.28400 -95.98700
 47.31800 -95.91700
 47.35125 -95.89325
 47.38150 -95.91350
 47.42500 -95.91400
 47.45600 -95.90700
 47.52700 -95.85600
 47.54350 -95.82999
 47.55600 -95.77200
 47.54900 -95.72900
 47.53300 -95.70100
 47.52300 -95.64200
 47.53200 -95.57899
 47.54600 -95.52000
 47.57800 -95.45800
 47.58000 -95.43199
 47.58800 -95.26400
 47.58600 -95.22500
 47.57900 -95.19700
 47.56100 -95.15400
 47.55900 -95.11150
 47.58400 -95.07700
 47.64000 -95.03600
 47.65900 -95.01300
 47.67200 -94.98199
 47.69400 -94.88900
 47.69500 -94.82100
 47.68300 -94.77599
 47.68000 -94.74999
 47.67800 -94.68700
 47.67800 -94.64301
 47.68200 -94.53699
 47.69000 -94.48399
 47.72000 -94.32500
 47.72600 -94.30500
 47.75100 -94.26199
 47.71832 -94.17142
 47.70143 -94.04932
 47.70139 -93.95103
 47.69264 -93.83017
 47.67671 -93.70176
 47.64066 -93.47301
 47.67487 -93.45590
 47.71863 -93.41840
 47.77847 -93.36649
 47.79527 -93.33289
 47.83559 -93.28922
 47.85799 -93.27185
 47.88711 -93.27465
 47.93863 -93.27354
 47.96438 -93.25562
 47.99798 -93.23434
 48.04992 -93.22150
 48.21400 -93.40500
 48.23100 -93.42899
 48.26500 -93.46700
 48.29600 -93.48900
 48.36700 -93.50300
 48.39400 -93.46999
7 222 42.704 47.751 -98.4455 -93.1674 'Govi-Altay (Mongolia)'
 45.01639 -93.17943
 45.11740 -93.23144
 45.21273 -93.27055
 45.26657 -93.27263
 45.38531 -93.26543
 45.43715 -93.23277
 45.57027 -93.18969
 45.64054 -93.17309
 45.70180 -93.16743
 45.76009 -93.18908
 45.90117 -93.31860
 45.95609 -93.38285
 45.99488 -93.45095
 46.02998 -93.50517
 46.11567 -93.55077
 46.25662 -93.61065
 46.33464 -93.64348
 46.44520 -93.67193
 46.49886 -93.67159
 46.54622 -93.65170
 46.59787 -93.65179
 46.64681 -93.66455
 46.68061 -93.68985
 46.71095 -93.74006
 46.72853 -93.78723
 46.74175 -93.83241
 46.75483 -93.89570
 46.81453 -94.10531
 46.84545 -94.18287
 46.88767 -94.23093
 46.92274 -94.25040
 46.97660 -94.27185
 47.08096 -94.24286
 47.17306 -94.19524
 47.26575 -94.11382
 47.31227 -94.04552
 47.34760 -93.98878
 47.37757 -93.92096
 47.42852 -93.81768
 47.59100 -93.55199
 47.64066 -93.47301
 47.67671 -93.70176
 47.69264 -93.83017
 47.70139 -93.95103
 47.70143 -94.04932
 47.71832 -94.17142
 47.75100 -94.26199
 47.72600 -94.30500
 47.72000 -94.32500
 47.69000 -94.48399
 47.68200 -94.53699
 47.67800 -94.64301
 47.67800 -94.68700
 47.68000 -94.74999
 47.68300 -94.77599
 47.69500 -94.82100
 47.69400 -94.88900
 47.67200 -94.98199
 47.65900 -95.01300
 47.64000 -95.03600
 47.58400 -95.07700
 47.55900 -95.11150
 47.56100 -95.15400
 47.57900 -95.19700
 47.58600 -95.22500
 47.58800 -95.26400
 47.58000 -95.43199
 47.57800 -95.45800
 47.54600 -95.52000
 47.53200 -95.57899
 47.52300 -95.64200
 47.53300 -95.70100
 47.54900 -95.72900
 47.55600 -95.77200
 47.54350 -95.82999
 47.52700 -95.85600
 47.45600 -95.90700
 47.42500 -95.91400
 47.38150 -95.91350
 47.35125 -95.89325
 47.31800 -95.91700
 47.28400 -95.98700
 47.24700 -96.03201
 47.14300 -96.10899
 47.04200 -96.16699
 47.01100 -96.18400
 46.97450 -96.19450
 46.90300 -96.24400
 46.91678 -96.35218
 46.93734 -96.45089
 46.94880 -96.51511
 46.93898 -96.57094
 46.92078 -96.62514
 46.84459 -96.67402
 46.75385 -96.69521
 46.70000 -96.69600
 46.68600 -96.79100
 46.62800 -96.91699
 46.60500 -96.98100
 46.60400 -97.14600
 46.58800 -97.25500
 46.56995 -97.48038
 46.56517 -97.55562
 46.50324 -97.54991
 46.36850 -97.61435
 46.22395 -97.74203
 46.15852 -97.80165
 46.11679 -97.84889
 46.08274 -97.88909
 46.04156 -97.97442
 46.01836 -98.05419
 45.97168 -98.18118
 45.94359 -98.22021
 45.90795 -98.26902
 45.84208 -98.32463
 45.68862 -98.38554
 45.56059 -98.42828
 45.40235 -98.44554
 45.32462 -98.44379
 45.22610 -98.43602
 44.75225 -98.24602
 44.67252 -98.21336
 44.60311 -98.18233
 44.41851 -98.07808
 44.35820 -98.03194
 44.28738 -97.98163
 44.23451 -97.95461
 44.12555 -97.91251
 44.05208 -97.85447
 43.96935 -97.80917
 43.77015 -97.70394
 43.70400 -97.69056
 43.64252 -97.68503
 43.58514 -97.70699
 43.51729 -97.72474
 43.41661 -97.73854
 43.28092 -97.74590
 43.09112 -97.73557
 42.87395 -97.76501
 42.70399 -97.82652
 42.71444 -97.75526
 42.73665 -97.60276
 42.74610 -97.53305
 42.75194 -97.49136
 42.75777 -97.44971
 42.76735 -97.38615
 42.79583 -97.16540
 42.76138 -96.99860
 42.75999 -96.95972
 42.75861 -96.84637
 42.75610 -96.76111
 42.75444 -96.72582
 42.74415 -96.56860
 42.73175 -96.39846
 42.73499 -96.38206
 42.90694 -96.35694
 43.08166 -96.12303
 43.21666 -95.94026
 43.23402 -95.91721
 43.28388 -95.87901
 43.31944 -95.86998
 43.35472 -95.86943
 43.41083 -95.86540
 43.43513 -95.85095
 43.45402 -95.83430
 43.48860 -95.80748
 43.53388 -95.77859
 43.58499 -95.74637
 43.63222 -95.72013
 43.71944 -95.67470
 43.73860 -95.66526
 43.75916 -95.65637
 43.78472 -95.64583
 43.80583 -95.63888
 43.85903 -95.62706
 43.99312 -95.53339
 43.99361 -95.47776
 43.99888 -95.42665
 44.00555 -95.38415
 44.00972 -95.35887
 44.01936 -95.34109
 44.15805 -95.34610
 44.17777 -95.35026
 44.22624 -95.37582
 44.24819 -95.39735
 44.27575 -95.41998
 44.29416 -95.41061
 44.28777 -95.28581
 44.27555 -95.20277
 44.27276 -95.17915
 44.25708 -95.02874
 44.35499 -94.71735
 44.37235 -94.70290
 44.39249 -94.68470
 44.41555 -94.65637
 44.45180 -94.60318
 44.47999 -94.52998
 44.51555 -94.44193
 44.55721 -94.34305
 44.57500 -94.33027
 44.59041 -94.31346
 44.63221 -94.24609
 44.70999 -94.11081
 44.72263 -94.08540
 44.77749 -93.97026
 44.79777 -93.91971
 44.81833 -93.86081
 44.82861 -93.83554
 44.86250 -93.75555
 44.87583 -93.73526
 44.89666 -93.71609
 44.91583 -93.67499
 44.92305 -93.65525
 44.95083 -93.57444
 44.95722 -93.55470
 44.96221 -93.53082
 44.99083 -93.37025
 44.98499 -93.31749
 44.98360 -93.29207
 44.98999 -93.26055
 44.99805 -93.23305
 45.01639 -93.17943
8 192 45.0033 48.8974 -94.2719 -90.6819 'Hovd (Mongolia)'
 45.01639 -93.17943
 45.01388 -93.17221
 45.01083 -93.14861
 45.00999 -93.08665
 45.00972 -92.99026
 45.02569 -92.92865
 45.04583 -92.88275
 45.04764 -92.78811
 45.04138 -92.75695
 45.03388 -92.72054
 45.02207 -92.65345
 45.00333 -92.49276
 45.02638 -92.31025
 45.07944 -92.09248
 45.08305 -92.06749
 45.08416 -92.03859
 45.08222 -92.01305
 45.07472 -91.86775
 45.07728 -91.56088
 45.09694 -91.53027
 45.12444 -91.50194
 45.15243 -91.47116
 45.15312 -91.44359
 45.12610 -91.40193
 45.11902 -91.37915
 45.13402 -91.28595
 45.14361 -91.25055
 45.15110 -91.23055
 45.17096 -91.19066
 45.20083 -91.16429
 45.21346 -91.13791
 45.22415 -91.03887
 45.22360 -91.01138
 45.25305 -90.89695
 45.37110 -90.80775
 45.43638 -90.77721
 45.45026 -90.75345
 45.46998 -90.71832
 45.49207 -90.68387
 45.57972 -90.68193
 45.73555 -90.71944
 45.88722 -90.85694
 45.90305 -90.87415
 45.95860 -90.94553
 45.97305 -90.96500
 45.99590 -91.00339
 46.01735 -91.02651
 46.10805 -91.02665
 46.13423 -91.01673
 46.15582 -90.98901
 46.17333 -90.97526
 46.19777 -90.96193
 46.29694 -90.92151
 46.32526 -90.93123
 46.35111 -90.96054
 46.52361 -91.05359
 46.54277 -91.06109
 46.57735 -91.07026
 46.60011 -91.02025
 46.61148 -91.04724
 46.62869 -91.09676
 46.63383 -91.17999
 46.61246 -91.28281
 46.56865 -91.35852
 46.52605 -91.41265
 46.50658 -91.48438
 46.51879 -91.52925
 46.53344 -91.56139
 46.56511 -91.62813
 46.57888 -91.66962
 46.58691 -91.73080
 46.58275 -91.81037
 46.58004 -91.90159
 46.58892 -91.98668
 46.60744 -92.01794
 46.64906 -92.01896
 46.71996 -91.92451
 46.78595 -91.77655
 46.82550 -91.66574
 46.86309 -91.60381
 46.90010 -91.56930
 46.96859 -91.56859
 47.03146 -91.57248
 47.09156 -91.57105
 47.13939 -91.53944
 47.19530 -91.49023
 47.26122 -91.43807
 47.32507 -91.40169
 47.41245 -91.40155
 47.49519 -91.35040
 47.51931 -91.32814
 47.54148 -91.27559
 47.55917 -91.25201
 47.59125 -91.24281
 47.63379 -91.23367
 47.70678 -91.23428
 47.75253 -91.21799
 47.82640 -91.16251
 47.88020 -91.09718
 48.01659 -90.96376
 48.05709 -90.93929
 48.10923 -90.90820
 48.19548 -90.88247
 48.32278 -90.89768
 48.38102 -90.91166
 48.50600 -90.98754
 48.53615 -91.04153
 48.57550 -91.11810
 48.60357 -91.18864
 48.61791 -91.26642
 48.63400 -91.36200
 48.73021 -91.47366
 48.77225 -91.50895
 48.81940 -91.56814
 48.85955 -91.65479
 48.88237 -91.73697
 48.89316 -91.80677
 48.89737 -91.89111
 48.87101 -92.01559
 48.80796 -92.09624
 48.72747 -92.18773
 48.68427 -92.24361
 48.65754 -92.29807
 48.63313 -92.38958
 48.59989 -92.61841
 48.58752 -92.74411
 48.57896 -92.84987
 48.58483 -92.97387
 48.60100 -93.21400
 48.58000 -93.22501
 48.55400 -93.22800
 48.52300 -93.23700
 48.50000 -93.25600
 48.43000 -93.36500
 48.39400 -93.46999
 48.36700 -93.50300
 48.29600 -93.48900
 48.26500 -93.46700
 48.23100 -93.42899
 48.21400 -93.40500
 48.04992 -93.22150
 47.99798 -93.23434
 47.96438 -93.25562
 47.93863 -93.27354
 47.88711 -93.27465
 47.85799 -93.27185
 47.83559 -93.28922
 47.79527 -93.33289
 47.77847 -93.36649
 47.71863 -93.41840
 47.67487 -93.45590
 47.64066 -93.47301
 47.59100 -93.55199
 47.42852 -93.81768
 47.37757 -93.92096
 47.34760 -93.98878
 47.31227 -94.04552
 47.26575 -94.11382
 47.17306 -94.19524
 47.08096 -94.24286
 46.97660 -94.27185
 46.92274 -94.25040
 46.88767 -94.23093
 46.84545 -94.18287
 46.81453 -94.10531
 46.75483 -93.89570
 46.74175 -93.83241
 46.72853 -93.78723
 46.71095 -93.74006
 46.68061 -93.68985
 46.64681 -93.66455
 46.59787 -93.65179
 46.54622 -93.65170
 46.49886 -93.67159
 46.44520 -93.67193
 46.33464 -93.64348
 46.25662 -93.61065
 46.11567 -93.55077
 46.02998 -93.50517
 45.99488 -93.45095
 45.95609 -93.38285
 45.90117 -93.31860
 45.76009 -93.18908
 45.70180 -93.16743
 45.64054 -93.17309
 45.57027 -93.18969
 45.43715 -93.23277
 45.38531 -93.26543
 45.26657 -93.27263
 45.21273 -93.27055
 45.11740 -93.23144
 45.01639 -93.17943
9 289 48.2981 52.1428 -102.775 -96.9535 'Hovsgol (Mongolia)'
 49.76199 -97.16903
 49.76042 -97.17262
 49.75166 -97.20471
 49.73361 -97.27748
 49.73096 -97.30790
 49.73652 -97.34845
 49.78750 -97.48415
 49.83027 -97.56541
 49.85520 -97.59665
 49.87652 -97.60651
 49.95166 -97.71915
 49.95860 -97.74026
 49.96721 -97.76957
 49.96832 -97.78985
 49.95944 -97.81219
 49.95555 -97.89083
 50.03166 -98.07638
 50.04569 -98.10179
 50.06082 -98.11943
 50.07777 -98.13472
 50.16180 -98.19901
 50.30284 -98.29325
 50.47117 -98.32835
 50.50750 -98.32596
 50.52707 -98.31832
 50.54222 -98.30470
 50.55583 -98.28290
 50.56499 -98.25110
 50.56638 -98.22331
 50.56596 -98.19290
 50.56972 -98.16603
 50.62860 -98.06554
 50.64333 -98.05137
 50.77305 -97.96707
 50.79944 -97.96812
 50.85329 -98.00944
 50.90568 -97.94831
 50.91999 -97.89860
 50.93776 -97.86880
 50.99930 -97.83055
 51.02930 -97.85068
 51.06222 -97.87894
 51.11944 -97.90887
 51.21832 -97.95652
 51.25263 -97.95471
 51.37360 -97.99775
 51.46275 -98.05808
 51.47421 -98.08594
 51.47952 -98.11035
 51.47952 -98.13793
 51.46749 -98.17276
 51.46096 -98.20332
 51.46550 -98.23561
 51.50777 -98.25763
 51.52833 -98.25985
 51.55583 -98.24860
 51.57847 -98.24720
 51.69944 -98.31248
 51.71957 -98.33832
 51.73082 -98.36943
 51.73694 -98.39360
 51.76111 -98.50915
 51.77499 -98.59915
 51.78249 -98.63124
 51.79985 -98.66818
 51.81333 -98.68887
 51.82805 -98.70804
 51.84332 -98.72609
 51.88444 -98.76527
 51.94165 -98.80609
 52.04402 -98.87109
 52.06472 -98.87374
 52.09026 -98.87303
 52.11166 -98.87970
 52.13222 -98.89957
 52.14277 -98.92595
 52.14068 -98.94189
 52.06527 -99.02019
 52.02722 -99.14083
 51.96972 -99.29332
 51.95103 -99.31714
 51.94222 -99.34498
 51.90055 -99.57083
 51.89596 -99.61526
 51.89735 -99.69748
 51.89055 -99.72859
 51.87555 -99.75749
 51.83388 -99.81025
 51.80055 -99.85443
 51.77735 -99.88776
 51.76055 -99.91971
 51.75139 -99.94693
 51.74471 -99.97818
 51.73957 -100.02194
 51.73165 -100.25278
 51.73055 -100.33333
 51.73221 -100.42637
 51.73721 -100.49359
 51.73805 -100.52582
 51.73499 -100.55748
 51.69887 -100.69414
 51.66221 -100.78415
 51.62360 -100.89221
 51.61666 -100.91304
 51.57610 -101.03804
 51.55083 -101.12387
 51.53416 -101.20971
 51.52916 -101.24471
 51.51333 -101.28784
 51.49041 -101.31540
 51.46375 -101.34763
 51.45194 -101.38554
 51.45208 -101.40860
 51.46499 -101.44790
 51.48165 -101.50833
 51.48611 -101.53386
 51.48777 -101.57527
 51.48416 -101.60109
 51.45916 -101.74081
 51.44860 -101.77665
 51.41945 -101.86720
 51.39555 -101.99275
 51.39165 -102.02346
 51.39111 -102.04860
 51.38888 -102.08207
 51.32659 -102.22359
 51.30638 -102.22499
 51.27846 -102.19582
 51.24770 -102.15763
 51.12043 -102.16825
 51.07695 -102.18665
 51.03096 -102.21526
 51.01555 -102.22805
 50.98700 -102.25485
 50.88860 -102.26208
 50.85110 -102.23220
 50.82055 -102.23554
 50.78111 -102.27652
 50.75069 -102.33971
 50.72027 -102.35519
 50.69485 -102.34263
 50.66361 -102.30776
 50.64541 -102.29485
 50.62415 -102.29650
 50.59361 -102.31219
 50.56583 -102.33221
 50.55277 -102.35359
 50.54555 -102.37387
 50.54366 -102.38116
 50.49705 -102.40430
 50.42755 -102.41740
 50.36317 -102.38510
 50.31519 -102.35210
 50.27329 -102.31570
 50.22909 -102.26980
 50.18897 -102.22380
 50.16074 -102.16130
 50.13690 -102.11140
 50.10467 -102.05560
 50.07171 -102.05110
 50.04089 -102.04960
 49.90891 -102.10480
 49.88300 -102.13480
 49.87159 -102.17040
 49.87466 -102.21160
 49.88852 -102.27450
 49.89033 -102.35080
 49.88346 -102.40840
 49.84900 -102.56400
 49.78700 -102.70700
 49.74000 -102.76950
 49.67700 -102.77500
 49.66080 -102.73880
 49.64146 -102.69530
 49.63075 -102.57550
 49.63313 -102.49630
 49.62210 -102.46200
 49.59906 -102.44100
 49.57222 -102.43280
 49.53915 -102.42170
 49.50564 -102.39170
 49.48420 -102.35180
 49.46205 -102.28350
 49.43026 -102.15910
 49.39371 -102.01620
 49.35812 -101.91440
 49.31638 -101.81630
 49.27716 -101.73700
 49.23873 -101.68600
 49.19442 -101.64490
 49.15030 -101.61020
 49.09455 -101.59810
 49.03288 -101.59280
 48.96478 -101.57850
 48.94958 -101.55140
 48.93837 -101.52090
 48.93463 -101.46820
 48.93281 -101.41220
 48.94125 -101.29620
 48.96648 -101.19460
 49.10329 -100.89340
 49.18094 -100.72400
 49.19330 -100.67280
 49.18363 -100.63600
 49.15450 -100.62600
 49.12010 -100.63830
 49.06718 -100.64910
 49.03817 -100.64220
 49.03451 -100.60190
 49.04526 -100.56340
 49.05613 -100.52810
 49.06686 -100.48960
 49.07196 -100.46410
 49.07706 -100.43860
 49.07167 -100.40780
 49.04710 -100.38495
 49.01416 -100.40670
 48.98275 -100.44080
 48.95925 -100.46790
 48.92566 -100.49900
 48.90900 -100.51400
 48.88400 -100.45900
 48.87200 -100.40950
 48.79450 -100.35500
 48.70200 -100.33100
 48.67900 -100.32800
 48.63900 -100.34400
 48.56597 -100.24270
 48.52497 -100.19700
 48.48669 -100.16660
 48.44488 -100.14900
 48.43504 -100.11290
 48.44315 -100.06580
 48.47506 -99.95759
 48.46661 -99.86572
 48.44249 -99.79092
 48.40759 -99.74821
 48.34220 -99.71184
 48.32027 -99.68330
 48.30150 -99.63599
 48.29857 -99.57776
 48.29811 -99.48849
 48.30847 -99.25624
 48.33105 -99.10564
 48.35995 -99.07138
 48.40398 -99.05071
 48.47759 -99.04506
 48.56549 -99.07486
 48.63044 -99.09820
 48.69028 -99.14084
 48.73566 -99.18216
 48.79023 -99.20380
 48.83001 -99.21788
 48.88155 -99.22124
 49.03848 -99.15912
 49.09006 -99.12481
 49.11695 -99.09025
 49.13755 -99.05325
 49.14346 -98.97408
 49.13386 -98.91248
 49.09750 -98.85110
 49.03322 -98.73384
 49.01495 -98.66726
 49.00055 -98.59711
 49.01113 -98.53312
 49.04447 -98.43785
 49.06701 -98.36897
 49.08019 -98.28249
 49.07074 -98.16457
 49.05297 -98.07925
 49.03573 -98.00330
 49.01986 -97.91783
 49.03085 -97.83469
 49.07991 -97.76784
 49.13590 -97.71235
 49.17555 -97.65922
 49.20113 -97.61126
 49.26891 -97.37075
 49.37100 -97.07001
 49.40308 -97.00143
 49.44675 -96.97832
 49.47888 -96.96661
 49.51917 -96.95351
 49.55089 -96.96405
 49.57338 -97.01748
 49.60560 -97.09158
 49.64275 -97.12044
 49.71161 -97.16007
 49.76199 -97.16903
10 221 48.394 50.815 -95.5032 -90.0211 'Uvs (Mongolia)'
 49.90770 -95.49157
 49.89100 -95.46799
 49.86732 -95.44165
 49.82890 -95.40466
 49.75942 -95.36774
 49.69419 -95.35564
 49.64571 -95.36885
 49.60535 -95.38036
 49.51733 -95.41438
 49.44381 -95.44848
 49.35617 -95.46312
 49.25219 -95.50316
 49.20382 -95.49395
 49.16803 -95.46325
 49.12152 -95.42844
 49.07750 -95.42159
 49.02332 -95.41681
 48.98188 -95.41575
 48.92762 -95.43301
 48.88739 -95.42229
 48.86488 -95.40172
 48.86008 -95.37127
 48.85801 -95.30265
 48.82890 -95.12027
 48.80433 -95.07833
 48.78032 -95.04255
 48.74965 -95.00198
 48.72618 -94.95053
 48.72008 -94.88602
 48.72989 -94.83694
 48.74372 -94.78693
 48.75517 -94.71234
 48.76792 -94.60915
 48.80053 -94.43552
 48.80764 -94.21708
 48.79561 -94.11925
 48.77901 -94.03823
 48.76160 -93.96999
 48.73040 -93.88935
 48.70544 -93.82927
 48.68304 -93.79379
 48.64655 -93.74285
 48.60228 -93.69698
 48.55055 -93.65924
 48.48848 -93.58340
 48.44217 -93.51957
 48.39400 -93.46999
 48.43000 -93.36500
 48.50000 -93.25600
 48.52300 -93.23700
 48.55400 -93.22800
 48.58000 -93.22501
 48.60100 -93.21400
 48.58483 -92.97387
 48.57896 -92.84987
 48.58752 -92.74411
 48.59989 -92.61841
 48.63313 -92.38958
 48.65754 -92.29807
 48.68427 -92.24361
 48.72747 -92.18773
 48.80796 -92.09624
 48.87101 -92.01559
 48.89737 -91.89111
 48.89316 -91.80677
 48.88237 -91.73697
 48.85955 -91.65479
 48.81940 -91.56814
 48.77225 -91.50895
 48.73021 -91.47366
 48.63400 -91.36200
 48.65500 -91.34901
 48.71400 -91.34299
 48.75200 -91.35799
 48.83900 -91.31599
 48.86800 -91.30199
 48.89200 -91.27599
 48.94000 -91.22300
 48.95700 -91.17799
 48.96900 -91.11900
 48.98950 -91.08350
 49.03200 -91.05099
 49.06700 -91.03600
 49.11300 -91.00899
 49.25100 -90.91299
 49.29700 -90.90600
 49.30300 -90.88499
 49.31200 -90.79500
 49.31400 -90.74200
 49.31200 -90.70300
 49.33100 -90.67500
 49.36700 -90.65200
 49.38860 -90.63665
 49.39805 -90.61470
 49.41055 -90.53194
 49.43055 -90.43995
 49.45396 -90.42635
 49.50055 -90.41665
 49.56950 -90.30650
 49.62200 -90.27100
 49.64800 -90.26500
 49.68700 -90.24599
 49.91400 -90.12400
 49.95700 -90.10000
 49.97800 -90.06899
 49.99638 -90.02110
 50.04611 -90.02263
 50.06819 -90.03193
 50.08096 -90.04860
 50.09055 -90.07193
 50.09887 -90.10359
 50.11055 -90.17915
 50.11472 -90.21915
 50.12027 -90.24443
 50.13416 -90.27721
 50.15055 -90.30455
 50.16985 -90.33846
 50.18582 -90.37858
 50.22444 -90.50972
 50.22638 -90.53055
 50.22610 -90.55775
 50.21569 -90.61290
 50.21194 -90.64333
 50.21388 -90.67331
 50.21944 -90.69859
 50.23110 -90.72360
 50.33915 -90.89305
 50.36749 -90.92609
 50.39610 -90.95915
 50.40999 -90.97971
 50.42249 -91.00249
 50.43415 -91.03956
 50.43166 -91.10109
 50.43111 -91.12858
 50.43387 -91.15971
 50.47610 -91.35109
 50.50777 -91.45804
 50.57777 -91.61554
 50.59555 -91.63415
 50.63110 -91.65318
 50.64415 -91.66887
 50.66055 -91.69763
 50.67222 -91.72387
 50.69235 -91.77985
 50.70333 -91.81972
 50.71305 -91.88472
 50.71472 -91.90555
 50.71444 -91.95221
 50.70527 -92.00722
 50.69791 -92.03832
 50.69165 -92.08526
 50.69055 -92.11193
 50.69305 -92.16220
 50.69721 -92.19026
 50.70555 -92.22137
 50.72707 -92.26416
 50.75499 -92.29539
 50.79069 -92.31721
 50.81499 -92.32277
 50.81082 -92.44775
 50.78708 -92.47026
 50.68833 -92.64055
 50.68138 -92.66998
 50.68305 -92.69886
 50.69735 -92.73651
 50.71430 -92.76249
 50.74062 -92.77915
 50.78062 -92.78936
 50.79458 -92.81263
 50.79958 -92.93317
 50.79305 -92.96776
 50.77249 -92.99435
 50.74861 -92.99859
 50.69207 -92.97332
 50.67088 -92.97078
 50.61083 -93.02652
 50.59972 -93.08888
 50.59610 -93.11276
 50.59694 -93.14221
 50.60475 -93.34151
 50.61416 -93.38415
 50.61971 -93.40915
 50.62207 -93.45081
 50.61721 -93.48055
 50.59027 -93.57805
 50.57930 -93.73595
 50.58416 -93.89526
 50.58526 -93.98305
 50.57777 -94.21887
 50.57555 -94.24443
 50.56485 -94.28374
 50.54875 -94.30165
 50.41499 -94.35220
 50.38249 -94.35637
 50.34665 -94.35443
 50.31138 -94.35735
 50.24638 -94.37331
 50.21957 -94.38694
 50.20361 -94.39999
 50.18665 -94.43095
 50.16701 -94.50485
 50.14764 -94.52721
 50.08860 -94.57388
 50.02722 -94.62901
 50.02596 -94.66470
 50.03542 -94.71665
 50.05652 -94.78110
 50.05999 -94.81985
 50.05207 -94.98026
 50.03750 -94.99971
 50.02304 -95.01235
 49.96436 -95.06449
 49.95652 -95.09735
 49.95722 -95.15582
 49.95805 -95.20471
 49.95944 -95.22554
 49.95972 -95.26416
 49.95860 -95.34915
 49.95694 -95.41402
 49.94985 -95.43858
 49.90770 -95.49157
11 190 47.349 50.5437 -104.853 -101.593 'Bulgan (Mongolia)'
 48.58700 -104.54900
 48.55900 -104.56150
 48.45150 -104.55000
 48.40600 -104.53700
 48.36800 -104.51200
 48.34950 -104.49300
 48.28800 -104.40800
 48.20300 -104.30100
 48.14950 -104.29649
 48.11500 -104.30050
 48.02200 -104.37800
 48.00700 -104.40600
 48.00300 -104.43100
 48.00700 -104.46700
 48.01600 -104.51300
 47.94139 -104.53230
 47.86787 -104.55370
 47.76176 -104.61760
 47.73331 -104.68430
 47.70676 -104.69340
 47.69038 -104.68120
 47.67387 -104.61450
 47.65703 -104.46900
 47.62575 -104.33880
 47.56927 -104.13040
 47.53385 -104.04300
 47.49875 -103.99810
 47.45555 -103.96550
 47.42474 -103.94780
 47.41627 -103.91470
 47.40144 -103.86060
 47.38659 -103.80660
 47.37130 -103.71650
 47.36409 -103.66563
 47.34900 -103.65600
 47.36300 -103.62700
 47.39300 -103.58100
 47.46450 -103.49140
 47.52682 -103.41740
 47.58536 -103.36750
 47.66209 -103.30490
 47.70429 -103.25820
 47.73811 -103.19960
 47.80301 -103.04870
 47.83814 -102.95620
 47.87792 -102.89700
 47.90793 -102.86240
 47.94839 -102.83950
 47.98283 -102.82300
 48.02612 -102.83970
 48.13700 -102.86000
 48.19221 -102.85800
 48.23280 -102.84120
 48.26889 -102.80300
 48.34045 -102.69870
 48.37787 -102.62950
 48.39915 -102.57310
 48.42621 -102.50110
 48.44708 -102.42920
 48.48273 -102.37820
 48.53268 -102.32640
 48.65627 -102.19020
 48.71344 -102.10350
 48.75688 -102.04220
 48.81200 -101.96600
 48.84950 -101.96750
 48.87900 -101.96900
 48.96761 -101.88090
 48.99502 -101.83560
 49.01945 -101.75920
 49.03387 -101.69270
 49.03288 -101.59280
 49.09455 -101.59810
 49.15030 -101.61020
 49.19442 -101.64490
 49.23873 -101.68600
 49.27716 -101.73700
 49.31638 -101.81630
 49.35812 -101.91440
 49.39371 -102.01620
 49.43026 -102.15910
 49.46205 -102.28350
 49.48420 -102.35180
 49.50564 -102.39170
 49.53915 -102.42170
 49.57222 -102.43280
 49.59906 -102.44100
 49.62210 -102.46200
 49.63313 -102.49630
 49.63075 -102.57550
 49.64146 -102.69530
 49.66080 -102.73880
 49.67700 -102.77500
 49.74000 -102.76950
 49.78700 -102.70700
 49.84900 -102.56400
 49.88346 -102.40840
 49.89033 -102.35080
 49.88852 -102.27450
 49.87466 -102.21160
 49.87159 -102.17040
 49.88300 -102.13480
 49.90891 -102.10480
 50.04089 -102.04960
 50.07171 -102.05110
 50.10467 -102.05560
 50.13690 -102.11140
 50.16074 -102.16130
 50.18897 -102.22380
 50.22909 -102.26980
 50.27329 -102.31570
 50.31519 -102.35210
 50.36317 -102.38510
 50.42755 -102.41740
 50.49705 -102.40430
 50.54366 -102.38116
 50.53666 -102.45305
 50.53166 -102.48678
 50.50903 -102.54095
 50.45277 -102.59525
 50.42415 -102.60603
 50.40915 -102.62679
 50.40499 -102.67221
 50.39444 -102.74887
 50.38722 -102.77971
 50.37138 -102.81831
 50.35111 -102.84935
 50.32430 -102.89124
 50.31527 -102.91859
 50.30999 -102.94194
 50.30638 -102.96693
 50.30277 -103.00278
 50.30360 -103.04359
 50.30665 -103.09166
 50.31276 -103.15749
 50.31249 -103.19832
 50.30860 -103.22360
 50.29305 -103.25423
 50.25805 -103.26541
 50.22200 -103.28019
 50.19944 -103.31665
 50.19638 -103.33748
 50.17555 -103.53137
 50.14750 -103.60735
 50.13735 -103.64888
 50.13753 -103.70622
 50.14676 -103.73485
 50.16615 -103.75345
 50.18485 -103.77152
 50.19846 -103.80332
 50.20125 -103.82568
 50.19776 -103.85609
 50.18004 -103.91055
 50.17164 -103.93581
 50.14925 -104.03054
 50.14709 -104.06331
 50.14866 -104.09304
 50.15350 -104.11775
 50.18872 -104.25463
 50.20837 -104.27152
 50.23821 -104.29338
 50.29862 -104.39221
 50.30917 -104.41817
 50.31604 -104.45025
 50.32044 -104.49660
 50.28458 -104.52930
 50.21085 -104.56460
 50.14325 -104.59350
 50.08995 -104.60620
 50.02228 -104.60940
 49.94648 -104.64120
 49.84001 -104.72050
 49.78678 -104.77430
 49.73763 -104.83430
 49.69048 -104.85310
 49.64333 -104.84330
 49.58387 -104.81140
 49.51619 -104.76690
 49.45258 -104.71630
 49.37257 -104.66570
 49.28232 -104.62480
 49.19620 -104.59650
 49.12447 -104.58400
 49.02826 -104.60580
 48.93000 -104.62450
 48.83786 -104.62750
 48.72100 -104.62100
 48.64800 -104.60100
 48.62350 -104.59100
 48.58700 -104.54900
12 131 44.1691 46.6642 -108.915 -103.566 'Dundgovi (Mongolia)'
 46.50530 -107.89070
 46.49657 -108.10930
 46.49169 -108.26000
 46.46041 -108.34050
 46.42562 -108.40290
 46.31475 -108.47980
 46.17142 -108.60670
 46.11081 -108.64580
 46.05585 -108.69700
 46.01500 -108.75230
 46.00166 -108.83330
 45.98930 -108.88800
 45.96398 -108.90920
 45.92907 -108.91490
 45.89308 -108.89710
 45.87223 -108.85720
 45.85238 -108.79110
 45.83216 -108.73380
 45.79757 -108.67830
 45.71600 -108.62490
 45.60352 -108.58070
 45.50579 -108.52350
 45.41071 -108.44920
 45.37275 -108.42890
 45.31528 -108.44180
 45.26155 -108.46360
 45.17625 -108.51460
 45.09927 -108.56040
 45.03157 -108.57510
 44.95908 -108.55490
 44.88380 -108.50020
 44.82685 -108.44420
 44.78246 -108.37780
 44.74391 -108.31770
 44.69394 -108.23400
 44.65017 -108.14520
 44.60779 -108.01110
 44.55651 -107.89650
 44.50874 -107.79660
 44.46963 -107.67480
 44.46608 -107.58360
 44.49091 -107.49130
 44.51130 -107.41000
 44.51387 -107.30770
 44.49842 -107.19030
 44.47408 -107.10100
 44.44358 -107.01140
 44.41068 -106.93600
 44.36573 -106.85170
 44.31095 -106.74730
 44.22675 -106.57980
 44.19373 -106.49370
 44.16912 -106.38270
 44.17050 -106.28950
 44.17791 -106.19380
 44.19769 -106.07290
 44.23554 -105.95530
 44.27492 -105.87440
 44.36509 -105.77750
 44.46350 -105.65480
 44.56983 -105.54330
 44.64548 -105.45350
 44.68855 -105.37160
 44.72573 -105.21520
 44.73229 -104.98980
 44.73028 -104.81560
 44.74836 -104.68440
 44.79423 -104.43870
 44.84182 -104.23540
 44.87275 -104.03200
 44.92730 -103.79640
 44.99355 -103.56580
 45.07789 -103.64450
 45.13140 -103.69820
 45.19072 -103.72880
 45.24357 -103.72790
 45.30426 -103.70090
 45.36900 -103.67370
 45.42973 -103.64940
 45.49681 -103.64520
 45.54773 -103.65000
 45.60488 -103.66350
 45.65414 -103.69740
 45.68340 -103.76380
 45.71488 -103.85060
 45.75478 -103.97530
 45.77168 -104.04510
 45.78629 -104.08870
 45.82520 -104.11750
 45.89275 -104.16650
 46.01788 -104.30310
 46.06719 -104.38200
 46.18598 -104.52550
 46.23095 -104.56660
 46.32896 -104.63440
 46.40451 -104.69060
 46.43721 -104.74090
 46.46788 -104.82080
 46.49849 -104.91270
 46.51880 -105.01640
 46.51658 -105.12290
 46.51190 -105.31230
 46.52373 -105.40130
 46.55585 -105.49370
 46.58995 -105.58320
 46.65042 -105.68240
 46.66419 -105.74510
 46.65772 -105.78650
 46.64718 -105.82480
 46.62632 -105.87470
 46.59943 -105.91260
 46.54615 -105.93780
 46.48697 -105.94200
 46.47622 -105.99500
 46.48388 -106.03960
 46.49546 -106.09610
 46.55024 -106.27850
 46.57493 -106.40690
 46.57286 -106.54020
 46.56827 -106.69120
 46.51697 -106.81920
 46.44232 -106.98430
 46.38067 -107.10240
 46.36051 -107.18400
 46.35616 -107.28410
 46.36465 -107.35550
 46.38749 -107.42180
 46.47277 -107.59540
 46.50915 -107.68360
 46.51508 -107.76400
 46.50530 -107.89070
13 15 49.8286 49.9799 -106.313 -106.052 'Darhan (Mongolia)'
 49.82860 -106.18610
 49.83095 -106.12080
 49.84502 -106.07520
 49.87905 -106.05310
 49.91542 -106.05180
 49.94358 -106.06910
 49.96587 -106.10110
 49.97995 -106.15160
 49.97995 -106.20340
 49.96705 -106.26250
 49.94124 -106.30080
 49.90605 -106.31300
 49.86497 -106.29450
 49.84150 -106.24900
 49.82860 -106.18610
14 146 44.1428 47.4247 -104.634 -101.016 'Ovorhangay (Mongolia)'
 46.32896 -104.63440
 46.23095 -104.56660
 46.18598 -104.52550
 46.06719 -104.38200
 46.01788 -104.30310
 45.89275 -104.16650
 45.82520 -104.11750
 45.78629 -104.08870
 45.77168 -104.04510
 45.75478 -103.97530
 45.71488 -103.85060
 45.68340 -103.76380
 45.65414 -103.69740
 45.60488 -103.66350
 45.54773 -103.65000
 45.49681 -103.64520
 45.42973 -103.64940
 45.36900 -103.67370
 45.30426 -103.70090
 45.24357 -103.72790
 45.19072 -103.72880
 45.13140 -103.69820
 45.07789 -103.64450
 44.99355 -103.56580
 44.96535 -103.44020
 44.95015 -103.37460
 44.92063 -103.30650
 44.86621 -103.21060
 44.79552 -103.11820
 44.73160 -103.06580
 44.65377 -103.03110
 44.58226 -103.00780
 44.51487 -102.98710
 44.44111 -102.95260
 44.37334 -102.91230
 44.30460 -102.82680
 44.26726 -102.78850
 44.23924 -102.71310
 44.21946 -102.64610
 44.21719 -102.55000
 44.20900 -102.38360
 44.22108 -102.22760
 44.22123 -102.01840
 44.20040 -101.86680
 44.16940 -101.72160
 44.14281 -101.59330
 44.23647 -101.54240
 44.30748 -101.54100
 44.36837 -101.54010
 44.45947 -101.53170
 44.55832 -101.51150
 44.63582 -101.46110
 44.69587 -101.43450
 44.76858 -101.42130
 44.83553 -101.41710
 44.90330 -101.37830
 44.96893 -101.33680
 45.01962 -101.27600
 45.06194 -101.20990
 45.10944 -101.12030
 45.15651 -101.07370
 45.21438 -101.04370
 45.31715 -101.01610
 45.37830 -101.01740
 45.43946 -101.01880
 45.51146 -101.03680
 45.59441 -101.07440
 45.66890 -101.10410
 45.74329 -101.13090
 45.83867 -101.17380
 45.93245 -101.22880
 46.01207 -101.28780
 46.09788 -101.34950
 46.17278 -101.39160
 46.22377 -101.39120
 46.30305 -101.38310
 46.38908 -101.39220
 46.48398 -101.42140
 46.54018 -101.45330
 46.61208 -101.46650
 46.66833 -101.43900
 46.71592 -101.39730
 46.75911 -101.34680
 46.82621 -101.16630
 46.86289 -101.27710
 46.87945 -101.34160
 46.89545 -101.45100
 46.91441 -101.72160
 46.91414 -101.84700
 46.92926 -101.94480
 46.95065 -102.05120
 46.97226 -102.16960
 46.98433 -102.24080
 46.97747 -102.29190
 46.95753 -102.31080
 46.94408 -102.34430
 46.95807 -102.41540
 46.97990 -102.47420
 47.01528 -102.50260
 47.09195 -102.55020
 47.14766 -102.57480
 47.19262 -102.57590
 47.24805 -102.58860
 47.31188 -102.61000
 47.35126 -102.63550
 47.38095 -102.68550
 47.39186 -102.71820
 47.39645 -102.74220
 47.39181 -102.81470
 47.37818 -102.84840
 47.36238 -102.87610
 47.33432 -102.90420
 47.28226 -102.96020
 47.24233 -103.00960
 47.21510 -103.08560
 47.19577 -103.14930
 47.18880 -103.22150
 47.19175 -103.27850
 47.20311 -103.35320
 47.21620 -103.41000
 47.27554 -103.56790
 47.30269 -103.61540
 47.34900 -103.65600
 47.36409 -103.66563
 47.37130 -103.71650
 47.38659 -103.80660
 47.40144 -103.86060
 47.41627 -103.91470
 47.42474 -103.94780
 47.36965 -103.95450
 47.31065 -103.97940
 47.27002 -104.00400
 47.23551 -104.02840
 47.18687 -104.07400
 47.13228 -104.14350
 47.08781 -104.20680
 46.96157 -104.25560
 46.84948 -104.27730
 46.77588 -104.25400
 46.70247 -104.25740
 46.56626 -104.33240
 46.50940 -104.37710
 46.43616 -104.40700
 46.39965 -104.44850
 46.36327 -104.52530
 46.32896 -104.63440
15 145 48.523 50.4836 -108.662 -104.497 'Selenge (Mongolia)'
 49.13104 -108.58070
 49.12630 -108.53960
 49.11965 -108.36990
 49.11701 -108.26010
 49.10973 -108.09670
 49.10140 -107.96150
 49.08672 -107.90090
 49.05555 -107.84240
 49.02367 -107.80890
 48.99579 -107.77890
 48.94695 -107.76620
 48.89605 -107.75330
 48.84679 -107.75620
 48.81502 -107.79440
 48.78254 -107.78290
 48.76514 -107.74440
 48.75640 -107.68790
 48.74480 -107.58150
 48.74780 -107.46060
 48.73408 -107.34800
 48.71635 -107.22600
 48.69189 -107.12540
 48.65282 -107.03340
 48.60712 -106.96290
 48.54461 -106.91340
 48.52298 -106.86600
 48.52816 -106.80750
 48.55563 -106.75940
 48.59143 -106.70230
 48.64761 -106.64910
 48.70800 -106.58670
 48.77227 -106.53660
 48.81433 -106.46380
 48.85647 -106.38150
 48.88042 -106.27660
 48.88363 -106.18340
 48.88097 -106.05880
 48.86855 -105.86870
 48.86579 -105.70990
 48.86063 -105.56990
 48.82862 -105.43870
 48.79031 -105.30750
 48.72927 -105.19180
 48.67211 -105.12920
 48.62524 -105.00170
 48.59665 -104.89330
 48.58218 -104.72930
 48.58700 -104.54900
 48.62350 -104.59100
 48.64800 -104.60100
 48.72100 -104.62100
 48.83786 -104.62750
 48.93000 -104.62450
 49.02826 -104.60580
 49.12447 -104.58400
 49.19620 -104.59650
 49.28232 -104.62480
 49.37257 -104.66570
 49.45258 -104.71630
 49.51619 -104.76690
 49.58387 -104.81140
 49.64333 -104.84330
 49.69048 -104.85310
 49.73763 -104.83430
 49.78678 -104.77430
 49.84001 -104.72050
 49.94648 -104.64120
 50.02228 -104.60940
 50.08995 -104.60620
 50.14325 -104.59350
 50.21085 -104.56460
 50.28458 -104.52930
 50.32044 -104.49660
 50.31766 -104.56470
 50.31798 -104.62080
 50.32857 -104.65179
 50.34661 -104.67637
 50.35912 -104.70943
 50.40484 -104.96666
 50.40785 -104.99875
 50.39666 -105.02415
 50.39208 -105.05929
 50.39222 -105.09972
 50.39833 -105.13220
 50.40416 -105.15443
 50.41471 -105.18055
 50.42999 -105.20915
 50.45194 -105.24818
 50.47305 -105.28305
 50.48152 -105.31249
 50.48361 -105.33554
 50.48305 -105.36136
 50.45444 -105.52222
 50.43083 -105.72832
 50.43596 -105.80747
 50.41055 -105.98915
 50.40055 -106.02595
 50.38694 -106.05193
 50.37526 -106.06943
 50.34582 -106.07429
 50.30000 -106.24499
 50.29881 -106.27456
 50.30638 -106.29860
 50.31610 -106.33554
 50.33166 -106.43553
 50.33833 -106.48693
 50.34610 -106.54695
 50.34555 -106.59943
 50.34305 -106.62747
 50.33860 -106.66304
 50.32555 -106.73776
 50.31999 -106.76082
 50.31055 -106.78818
 50.29415 -106.82582
 50.19915 -107.00748
 50.13138 -107.05194
 50.10861 -107.06360
 50.08319 -107.08083
 50.02694 -107.17609
 50.00319 -107.25485
 49.98235 -107.46277
 49.98276 -107.55137
 49.98027 -107.73776
 49.97955 -107.75359
 49.94888 -107.81651
 49.94471 -107.90582
 49.92894 -107.98443
 49.78889 -107.97581
 49.68221 -107.94858
 49.61083 -108.04193
 49.58999 -108.07193
 49.56945 -108.11331
 49.55805 -108.13750
 49.55138 -108.16944
 49.49333 -108.29860
 49.44180 -108.36373
 49.34575 -108.52776
 49.33485 -108.56346
 49.33166 -108.60109
 49.33166 -108.65055
 49.33174 -108.65105
 49.27181 -108.66210
 49.19818 -108.65560
 49.15655 -108.61430
 49.13104 -108.58070
16 15 48.523 50.4836 -108.662 -104.497 'Selenge (Mongolia)'
 49.82860 -106.18610
 49.84150 -106.24900
 49.86497 -106.29450
 49.90605 -106.31300
 49.94124 -106.30080
 49.96705 -106.26250
 49.97995 -106.20340
 49.97995 -106.15160
 49.96587 -106.10110
 49.94358 -106.06910
 49.91542 -106.05180
 49.87905 -106.05310
 49.84502 -106.07520
 49.83095 -106.12080
 49.82860 -106.18610
17 177 46.329 49.131 -109.103 -103.948 'Tov (Mongolia)'
 47.09100 -108.69900
 47.04031 -108.69160
 46.96977 -108.66460
 46.88155 -108.61830
 46.81776 -108.57420
 46.79815 -108.55170
 46.77560 -108.49620
 46.77240 -108.41250
 46.79100 -108.22320
 46.79396 -108.13100
 46.75554 -108.05380
 46.71308 -107.97330
 46.66747 -107.92850
 46.62088 -107.91640
 46.50530 -107.89070
 46.51508 -107.76400
 46.50915 -107.68360
 46.47277 -107.59540
 46.38749 -107.42180
 46.36465 -107.35550
 46.35616 -107.28410
 46.36051 -107.18400
 46.38067 -107.10240
 46.44232 -106.98430
 46.51697 -106.81920
 46.56827 -106.69120
 46.57286 -106.54020
 46.57493 -106.40690
 46.55024 -106.27850
 46.49546 -106.09610
 46.48388 -106.03960
 46.47622 -105.99500
 46.48697 -105.94200
 46.54615 -105.93780
 46.59943 -105.91260
 46.62632 -105.87470
 46.64718 -105.82480
 46.65772 -105.78650
 46.66419 -105.74510
 46.65042 -105.68240
 46.58995 -105.58320
 46.55585 -105.49370
 46.52373 -105.40130
 46.51190 -105.31230
 46.51658 -105.12290
 46.51880 -105.01640
 46.49849 -104.91270
 46.46788 -104.82080
 46.43721 -104.74090
 46.40451 -104.69060
 46.32896 -104.63440
 46.36327 -104.52530
 46.39965 -104.44850
 46.43616 -104.40700
 46.50940 -104.37710
 46.56626 -104.33240
 46.70247 -104.25740
 46.77588 -104.25400
 46.84948 -104.27730
 46.96157 -104.25560
 47.08781 -104.20680
 47.13228 -104.14350
 47.18687 -104.07400
 47.23551 -104.02840
 47.27002 -104.00400
 47.31065 -103.97940
 47.36965 -103.95450
 47.42474 -103.94780
 47.45555 -103.96550
 47.49875 -103.99810
 47.53385 -104.04300
 47.56927 -104.13040
 47.62575 -104.33880
 47.65703 -104.46900
 47.67387 -104.61450
 47.69038 -104.68120
 47.70676 -104.69340
 47.73331 -104.68430
 47.76176 -104.61760
 47.86787 -104.55370
 47.94139 -104.53230
 48.01600 -104.51300
 48.00700 -104.46700
 48.00300 -104.43100
 48.00700 -104.40600
 48.02200 -104.37800
 48.11500 -104.30050
 48.14950 -104.29649
 48.20300 -104.30100
 48.28800 -104.40800
 48.34950 -104.49300
 48.36800 -104.51200
 48.40600 -104.53700
 48.45150 -104.55000
 48.55900 -104.56150
 48.58700 -104.54900
 48.58218 -104.72930
 48.59665 -104.89330
 48.62524 -105.00170
 48.67211 -105.12920
 48.72927 -105.19180
 48.79031 -105.30750
 48.82862 -105.43870
 48.86063 -105.56990
 48.86579 -105.70990
 48.86855 -105.86870
 48.88097 -106.05880
 48.88363 -106.18340
 48.88042 -106.27660
 48.85647 -106.38150
 48.81433 -106.46380
 48.77227 -106.53660
 48.70800 -106.58670
 48.64761 -106.64910
 48.59143 -106.70230
 48.55563 -106.75940
 48.52816 -106.80750
 48.52298 -106.86600
 48.54461 -106.91340
 48.60712 -106.96290
 48.65282 -107.03340
 48.69189 -107.12540
 48.71635 -107.22600
 48.73408 -107.34800
 48.74780 -107.46060
 48.74480 -107.58150
 48.75640 -107.68790
 48.76514 -107.74440
 48.78254 -107.78290
 48.81502 -107.79440
 48.84679 -107.75620
 48.89605 -107.75330
 48.94695 -107.76620
 48.99579 -107.77890
 49.02367 -107.80890
 49.05555 -107.84240
 49.08672 -107.90090
 49.10140 -107.96150
 49.10973 -108.09670
 49.11701 -108.26010
 49.11965 -108.36990
 49.12630 -108.53960
 49.13104 -108.58070
 49.10349 -108.54700
 49.05860 -108.54000
 48.94162 -108.60180
 48.86347 -108.66670
 48.79290 -108.74750
 48.73476 -108.82310
 48.68306 -108.88980
 48.60597 -108.97560
 48.52631 -109.02070
 48.45097 -109.05990
 48.37815 -109.08680
 48.32217 -109.10300
 48.25709 -109.09060
 48.21904 -109.06850
 48.17762 -109.02770
 48.15179 -108.95460
 48.07242 -108.72360
 48.04200 -108.59800
 48.02875 -108.54325
 47.99150 -108.49650
 47.85100 -108.46700
 47.79100 -108.47500
 47.75450 -108.49149
 47.72200 -108.49000
 47.65200 -108.45000
 47.62400 -108.41100
 47.49900 -108.39700
 47.41700 -108.46300
 47.37500 -108.51200
 47.34900 -108.54400
 47.24600 -108.61000
 47.19300 -108.63900
 47.10900 -108.68200
 47.09100 -108.69900
18 16 46.329 49.131 -109.103 -103.948 'Tov (Mongolia)'
 47.80809 -106.90760
 47.81897 -106.97810
 47.85803 -107.06840
 47.89806 -107.11020
 47.93075 -107.11190
 47.96428 -107.07400
 48.06778 -106.91120
 48.06548 -106.81630
 48.05034 -106.74830
 48.00853 -106.68230
 47.96046 -106.62210
 47.87038 -106.62740
 47.83907 -106.66560
 47.82162 -106.72870
 47.81577 -106.82580
 47.80809 -106.90760
19 16 47.8081 48.0678 -107.112 -106.622 'Ulaanbaatar (Mongolia)'
 47.80809 -106.90760
 47.81577 -106.82580
 47.82162 -106.72870
 47.83907 -106.66560
 47.87038 -106.62740
 47.96046 -106.62210
 48.00853 -106.68230
 48.05034 -106.74830
 48.06548 -106.81630
 48.06778 -106.91120
 47.96428 -107.07400
 47.93075 -107.11190
 47.89806 -107.11020
 47.85803 -107.06840
 47.81897 -106.97810
 47.80809 -106.90760
20 261 46.3272 50.2843 -119.932 -112.377 'Dornod (Mongolia)'
 46.32724 -116.67180
 46.42279 -116.59450
 46.52369 -116.52670
 46.59641 -116.43350
 46.64025 -116.35710
 46.68000 -116.26140
 46.70856 -116.15390
 46.73219 -116.01500
 46.73275 -115.85850
 46.71820 -115.78280
 46.70140 -115.72770
 46.68398 -115.63950
 46.68493 -115.55250
 46.69338 -115.45220
 46.69770 -115.35100
 46.69527 -115.25420
 46.68439 -115.15870
 46.66666 -115.10970
 46.65959 -115.05710
 46.65776 -114.95170
 46.66647 -114.88460
 46.70165 -114.82000
 46.74834 -114.76390
 46.84067 -114.59690
 46.89457 -114.48460
 46.92905 -114.44650
 46.96709 -114.43630
 47.00980 -114.44210
 47.07328 -114.44620
 47.21729 -114.44870
 47.27897 -114.42820
 47.32531 -114.39520
 47.36318 -114.34220
 47.40539 -114.24130
 47.45316 -114.12310
 47.50397 -113.96880
 47.56705 -113.76460
 47.61887 -113.56700
 47.65923 -113.40360
 47.68480 -113.21580
 47.69489 -113.03730
 47.70217 -112.86450
 47.72621 -112.79230
 47.80400 -112.72800
 47.91153 -112.73570
 47.98671 -112.69340
 48.09055 -112.62520
 48.16006 -112.57550
 48.30997 -112.55170
 48.38338 -112.56110
 48.48119 -112.57480
 48.56455 -112.58920
 48.62623 -112.59050
 48.76720 -112.54930
 48.89095 -112.46110
 48.99595 -112.40370
 49.11525 -112.37690
 49.20467 -112.42360
 49.28209 -112.46530
 49.38159 -112.45710
 49.49270 -112.48900
 49.54138 -112.49170
 49.53638 -112.53665
 49.52888 -112.59082
 49.51805 -112.65471
 49.50485 -112.68748
 49.49888 -112.71054
 49.49791 -112.73581
 49.50235 -112.77430
 49.50972 -112.80304
 49.51833 -112.83138
 49.60367 -113.09616
 49.67020 -113.09811
 49.79430 -113.18677
 49.81568 -113.21152
 49.83138 -113.23915
 49.88860 -113.35748
 49.93589 -113.46025
 49.96360 -113.48422
 50.00194 -113.55693
 50.01639 -113.58611
 50.06166 -113.70972
 50.08680 -113.78505
 50.08625 -113.82957
 50.08707 -113.87206
 50.09972 -113.89638
 50.12388 -113.93248
 50.14735 -113.96525
 50.16194 -113.98944
 50.17416 -114.01194
 50.24833 -114.17637
 50.25583 -114.19525
 50.26805 -114.23720
 50.28430 -114.32248
 50.28125 -114.34943
 50.27138 -114.37747
 50.26277 -114.39610
 50.25194 -114.42165
 50.24527 -114.44386
 50.24138 -114.49945
 50.24610 -114.55525
 50.25000 -114.57916
 50.26083 -114.62275
 50.26444 -114.66595
 50.25277 -114.74860
 50.22833 -114.85415
 50.21776 -114.88081
 50.15749 -115.01083
 50.14514 -115.03415
 50.12985 -115.05206
 50.08111 -115.09499
 49.99333 -115.21331
 49.96610 -115.26054
 49.90388 -115.38999
 49.89833 -115.41470
 49.89527 -115.52200
 49.90430 -115.55540
 49.90721 -115.57944
 49.90444 -115.60942
 49.89916 -115.63472
 49.88888 -115.67386
 49.88082 -115.72998
 49.88638 -115.76179
 49.89555 -115.78804
 49.90888 -115.81860
 49.93694 -115.88721
 49.99610 -116.04943
 50.00277 -116.06972
 50.01041 -116.09776
 50.02110 -116.15055
 50.02833 -116.21666
 50.02749 -116.24609
 50.01388 -116.29082
 49.99110 -116.35276
 49.96749 -116.42499
 49.95985 -116.45206
 49.95083 -116.49942
 49.92902 -116.61685
 49.84430 -116.70083
 49.83046 -116.71138
 49.73805 -116.64665
 49.62665 -116.57026
 49.52471 -116.50055
 49.42249 -116.43109
 49.30165 -116.34915
 49.19915 -116.27998
 48.97555 -116.12996
 48.86805 -116.05901
 48.81583 -116.08415
 48.69055 -115.96805
 48.66388 -115.94220
 48.52055 -115.81110
 48.40305 -115.82222
 48.33833 -115.82887
 48.30610 -115.83167
 48.27388 -115.83443
 48.25249 -115.83582
 48.17305 -115.62137
 48.14353 -115.54907
 47.91749 -115.59441
 47.69186 -115.92312
 47.69013 -115.96608
 47.75222 -116.03996
 47.80444 -116.09721
 47.82194 -116.11554
 47.87818 -116.26236
 47.85889 -116.36859
 47.84527 -116.50776
 47.85722 -116.59221
 47.87610 -116.72693
 47.88194 -116.79276
 47.88805 -116.87469
 47.80658 -117.11344
 47.66915 -117.32775
 47.65741 -117.35246
 47.65742 -117.38267
 47.84998 -117.61648
 47.87415 -117.64135
 47.89401 -117.66218
 48.01125 -117.80455
 48.01527 -117.83832
 48.01837 -117.87955
 48.01305 -118.05555
 48.02999 -118.23027
 48.00388 -118.39415
 47.99475 -118.53934
 47.94085 -118.60802
 47.87889 -118.66721
 47.77277 -118.76729
 47.75638 -118.81976
 47.71055 -118.97221
 47.68582 -119.05580
 47.66498 -119.12497
 47.63415 -119.13135
 47.53388 -119.14943
 47.50944 -119.24109
 47.46221 -119.34082
 47.41972 -119.33832
 47.37057 -119.40670
 47.35695 -119.43915
 47.32138 -119.49803
 47.24138 -119.62553
 47.21944 -119.65610
 47.16652 -119.72748
 47.10999 -119.77527
 47.08305 -119.78905
 47.01903 -119.78999
 46.99805 -119.79874
 46.92180 -119.87137
 46.90222 -119.92249
 46.71513 -119.93151
 46.67695 -119.89804
 46.65665 -119.85471
 46.61361 -119.75139
 46.59895 -119.70679
 46.60416 -119.67928
 46.62305 -119.65263
 46.63472 -119.53581
 46.63916 -119.46277
 46.63653 -119.44108
 46.62694 -119.41720
 46.61777 -119.39555
 46.61444 -119.36304
 46.62096 -119.30054
 46.66666 -119.09166
 46.67266 -119.07060
 46.69318 -119.03852
 46.71721 -119.01971
 46.74222 -118.97192
 46.76972 -118.88694
 46.77201 -118.86650
 46.76325 -118.84172
 46.71673 -118.78755
 46.68665 -118.77464
 46.69429 -118.45624
 46.69929 -118.43665
 46.71957 -118.40957
 46.73638 -118.31471
 46.73110 -118.29082
 46.67805 -118.11748
 46.61944 -117.93359
 46.60514 -117.90845
 46.58166 -117.87608
 46.56409 -117.86297
 46.53645 -117.84555
 46.51388 -117.71666
 46.55110 -117.63275
 46.60583 -117.60193
 46.57069 -117.42498
 46.52777 -117.44386
 46.45750 -117.39276
 46.41888 -117.37553
 46.39902 -117.38221
 46.36444 -117.37082
 46.36194 -117.07860
 46.38388 -116.90221
 46.39361 -116.84166
 46.38305 -116.81903
 46.35111 -116.77706
 46.33111 -116.75861
 46.32724 -116.67180
21 153 44.7453 47.81 -116.672 -111.361 'Suhbaatar (Mongolia)'
 45.09096 -112.08400
 45.15252 -112.08570
 45.22513 -112.07060
 45.30708 -112.03950
 45.37510 -112.00320
 45.44313 -111.93780
 45.50972 -111.89230
 45.56435 -111.87130
 45.61576 -111.86720
 45.68498 -111.87170
 45.79572 -111.89690
 45.90931 -111.91100
 46.03814 -111.91270
 46.11473 -111.87110
 46.14936 -111.81430
 46.17928 -111.73600
 46.19207 -111.63740
 46.22387 -111.49720
 46.29025 -111.42080
 46.37923 -111.37400
 46.45377 -111.36070
 46.54453 -111.38240
 46.63492 -111.41010
 46.72417 -111.45560
 46.83913 -111.48400
 46.93505 -111.52180
 47.01939 -111.54900
 47.12037 -111.57280
 47.18479 -111.59130
 47.22589 -111.62150
 47.26744 -111.67600
 47.30211 -111.77180
 47.33668 -111.89810
 47.36932 -111.99100
 47.41881 -112.04720
 47.49797 -112.09010
 47.56115 -112.09710
 47.62084 -112.12480
 47.67358 -112.16370
 47.76200 -112.23200
 47.78600 -112.28600
 47.79000 -112.30900
 47.78200 -112.42200
 47.78200 -112.53600
 47.78800 -112.58400
 47.80100 -112.61500
 47.81000 -112.68900
 47.80400 -112.72800
 47.72621 -112.79230
 47.70217 -112.86450
 47.69489 -113.03730
 47.68480 -113.21580
 47.65923 -113.40360
 47.61887 -113.56700
 47.56705 -113.76460
 47.50397 -113.96880
 47.45316 -114.12310
 47.40539 -114.24130
 47.36318 -114.34220
 47.32531 -114.39520
 47.27897 -114.42820
 47.21729 -114.44870
 47.07328 -114.44620
 47.00980 -114.44210
 46.96709 -114.43630
 46.92905 -114.44650
 46.89457 -114.48460
 46.84067 -114.59690
 46.74834 -114.76390
 46.70165 -114.82000
 46.66647 -114.88460
 46.65776 -114.95170
 46.65959 -115.05710
 46.66666 -115.10970
 46.68439 -115.15870
 46.69527 -115.25420
 46.69770 -115.35100
 46.69338 -115.45220
 46.68493 -115.55250
 46.68398 -115.63950
 46.70140 -115.72770
 46.71820 -115.78280
 46.73275 -115.85850
 46.73219 -116.01500
 46.70856 -116.15390
 46.68000 -116.26140
 46.64025 -116.35710
 46.59641 -116.43350
 46.52369 -116.52670
 46.42279 -116.59450
 46.32724 -116.67180
 46.29583 -116.58554
 46.25256 -116.56999
 46.22526 -116.54082
 46.16805 -116.45943
 46.14138 -116.41928
 46.11250 -116.38416
 46.08375 -116.35915
 45.99611 -116.29401
 45.95068 -116.26499
 45.90096 -116.23609
 45.87631 -116.23929
 45.84318 -116.26846
 45.80895 -116.28006
 45.72193 -116.21040
 45.70875 -116.18956
 45.69332 -116.14999
 45.68111 -116.11220
 45.68318 -116.08860
 45.68555 -116.03137
 45.63583 -115.93719
 45.54555 -115.80081
 45.45860 -115.70193
 45.41415 -115.47470
 45.39888 -115.39221
 45.40055 -115.29471
 45.40388 -115.17443
 45.38499 -114.96944
 45.38276 -114.93803
 45.41027 -114.84499
 45.44055 -114.74305
 45.38944 -114.54525
 45.34888 -114.54332
 45.32277 -114.54109
 45.20611 -114.45401
 45.14305 -114.35860
 45.12944 -114.33720
 45.07083 -114.24305
 44.99610 -114.14554
 44.98027 -114.13110
 44.93915 -114.07555
 44.92944 -114.02277
 44.92500 -113.99081
 44.92402 -113.96998
 44.92276 -113.91693
 44.86166 -113.81721
 44.81027 -113.74471
 44.79305 -113.72221
 44.74527 -113.63805
 44.75249 -113.55194
 44.77722 -113.51111
 44.78861 -113.24248
 44.79513 -113.14305
 44.84610 -112.85305
 44.92638 -112.60748
 44.95110 -112.59248
 44.99375 -112.55650
 45.03361 -112.50026
 45.08055 -112.42720
 45.06777 -112.36470
 45.07138 -112.23082
 45.07527 -112.09721
 45.09096 -112.08400
