4161 35 -11.93611 -11.36695 -43.49777 -43.21403 'Comoros (Comoros)'
 -11.93610 -43.45360
 -11.92280 -43.42750
 -11.84640 -43.29310
 -11.83350 -43.27260
 -11.81560 -43.25750
 -11.76350 -43.22010
 -11.74560 -43.21500
 -11.73060 -43.21400
 -11.71420 -43.21970
 -11.69280 -43.23220
 -11.68110 -43.23970
 -11.66920 -43.24460
 -11.55110 -43.25000
 -11.47640 -43.25280
 -11.43960 -43.25050
 -11.41140 -43.26030
 -11.39720 -43.26580
 -11.38280 -43.27760
 -11.37830 -43.28690
 -11.36830 -43.33080
 -11.36690 -43.34300
 -11.37250 -43.37260
 -11.38110 -43.38080
 -11.40610 -43.39530
 -11.41750 -43.39720
 -11.44170 -43.39670
 -11.58060 -43.37940
 -11.61530 -43.37480
 -11.64440 -43.38360
 -11.71280 -43.42750
 -11.72890 -43.43830
 -11.88610 -43.49780
 -11.91640 -43.48710
 -11.93440 -43.46210
 -11.93610 -43.45360
4162 32 -12.38028 -12.07014 -44.53042 -44.21222 'Comoros (Comoros)'
 -12.38030 -44.51360
 -12.37970 -44.50800
 -12.36960 -44.48790
 -12.30940 -44.42720
 -12.26990 -44.39100
 -12.23560 -44.32250
 -12.23170 -44.31280
 -12.19830 -44.24780
 -12.18890 -44.23060
 -12.18080 -44.21890
 -12.16350 -44.21220
 -12.16770 -44.23250
 -12.17530 -44.24170
 -12.18710 -44.29750
 -12.18750 -44.32580
 -12.18080 -44.36360
 -12.17810 -44.37390
 -12.17330 -44.38280
 -12.15150 -44.40990
 -12.12190 -44.42030
 -12.11030 -44.41970
 -12.09330 -44.41320
 -12.07890 -44.43420
 -12.07080 -44.45330
 -12.07010 -44.46740
 -12.08130 -44.47970
 -12.09310 -44.48750
 -12.21360 -44.51830
 -12.34780 -44.53040
 -12.36610 -44.52670
 -12.37780 -44.51780
 -12.38030 -44.51360
4163 20 -12.38305 -12.24215 -43.86361 -43.62138 'Comoros (Comoros)'
 -12.38310 -43.85440
 -12.36360 -43.77500
 -12.35940 -43.74000
 -12.36500 -43.73170
 -12.36360 -43.71190
 -12.35750 -43.66860
 -12.35030 -43.65690
 -12.30000 -43.63030
 -12.28580 -43.62470
 -12.27250 -43.62140
 -12.25440 -43.62550
 -12.24220 -43.64540
 -12.26780 -43.72500
 -12.27440 -43.73720
 -12.32670 -43.82420
 -12.33420 -43.83580
 -12.35280 -43.85710
 -12.36320 -43.86360
 -12.37360 -43.86150
 -12.38310 -43.85440
