0 102 -58.4986 -53.9897 26.2414 38.0238 'South Georgia & the South Sandwich Is. (South Georgia & the South Sandwich Is.)'
 -54.35056 36.99139
 -54.34862 36.99973
 -54.33000 37.05945
 -54.31882 37.08375
 -54.29389 37.08223
 -54.26139 37.14612
 -54.24736 37.24181
 -54.25875 37.26625
 -54.27194 37.36584
 -54.26494 37.40834
 -54.18501 37.40347
 -54.17556 37.36723
 -54.17362 37.33555
 -54.15229 37.25208
 -54.12944 37.48986
 -54.14607 37.56118
 -54.16251 37.52945
 -54.17056 37.56223
 -54.17528 37.58945
 -54.18167 37.65042
 -54.17528 37.68528
 -54.14056 37.71917
 -54.09416 37.71757
 -54.07472 37.67639
 -54.07215 37.65383
 -54.04612 37.61979
 -54.03500 37.69222
 -54.04723 37.89778
 -54.05473 38.02257
 -54.00744 38.02375
 -53.99223 37.93362
 -53.98973 37.91028
 -53.99500 37.74722
 -54.01056 37.49500
 -54.03612 37.46140
 -54.04805 37.37389
 -54.05028 37.27028
 -54.03139 37.16278
 -54.05612 37.02778
 -54.08834 36.80945
 -54.10778 36.65639
 -54.12070 36.62375
 -54.20889 36.58416
 -54.24410 36.66757
 -54.27515 36.66265
 -54.28362 36.62667
 -54.26612 36.60403
 -54.24556 36.55681
 -54.23445 36.51708
 -54.23889 36.47889
 -54.26514 36.47264
 -54.32751 36.45612
 -54.35500 36.37000
 -54.35229 36.33667
 -54.29305 36.36209
 -54.27826 36.38368
 -54.24917 36.39480
 -54.26584 36.29021
 -54.28666 36.25723
 -54.33778 36.22917
 -54.36847 36.25611
 -54.44473 36.16000
 -54.54959 36.09681
 -54.57154 36.06389
 -54.57889 35.97973
 -54.62306 35.93472
 -54.70056 35.93389
 -54.71515 35.91736
 -54.74305 35.85667
 -54.75084 35.82805
 -54.76021 35.79396
 -54.79278 35.82778
 -54.81347 35.91417
 -54.81111 35.95945
 -54.80917 35.97973
 -54.80084 36.00070
 -54.78778 36.02528
 -54.77889 36.04584
 -54.76805 36.07472
 -54.76994 36.09531
 -54.81722 36.02112
 -54.83055 35.98973
 -54.83167 35.96431
 -54.85042 35.92362
 -54.86944 35.96140
 -54.89028 36.07639
 -54.88924 36.10473
 -54.86889 36.13146
 -54.80917 36.19917
 -54.73334 36.29750
 -54.71305 36.30251
 -54.68695 36.31722
 -54.52889 36.46861
 -54.49708 36.52591
 -54.49986 36.58223
 -54.49111 36.65555
 -54.47028 36.73695
 -54.44542 36.80980
 -54.41118 36.80111
 -54.34653 36.86494
 -54.33792 36.92528
 -54.35056 36.99139
1 19 -58.4986 -53.9897 26.2414 38.0238 'South Georgia & the South Sandwich Is. (South Georgia & the South Sandwich Is.)'
 -58.49861 26.24889
 -58.48806 26.26416
 -58.47862 26.29097
 -58.46306 26.37167
 -58.45973 26.38973
 -58.45944 26.40653
 -58.45667 26.42000
 -58.43070 26.45820
 -58.38916 26.43361
 -58.38361 26.41666
 -58.38251 26.40389
 -58.38278 26.39305
 -58.38639 26.31778
 -58.38806 26.29153
 -58.39417 26.26570
 -58.40444 26.24667
 -58.47167 26.24139
 -58.49473 26.24362
 -58.49861 26.24889
