0 31 17.6972 18.196 77.126 77.4918 'Clarendon (Jamaica)'
 18.19605 77.49123
 18.18945 77.47084
 18.18666 77.45862
 18.18389 77.43529
 18.18195 77.24278
 18.18608 77.21078
 18.10472 77.17612
 18.04305 77.17223
 17.98416 77.16640
 17.89666 77.14140
 17.88722 77.13779
 17.87889 77.13195
 17.86222 77.14890
 17.77972 77.19389
 17.76035 77.14383
 17.72882 77.12597
 17.71416 77.13001
 17.70833 77.13834
 17.70138 77.15251
 17.69722 77.16570
 17.69805 77.18251
 17.71361 77.21751
 17.71889 77.22696
 17.72834 77.23862
 17.82166 77.34916
 17.85188 77.39591
 17.85958 77.36959
 17.89722 77.35910
 17.97500 77.37973
 18.18500 77.49181
 18.19605 77.49123
1 16 18.2886 18.4519 77.9215 78.3456 'Hanover (Jamaica)'
 18.44138 78.00002
 18.38583 77.98113
 18.32472 77.93584
 18.30945 77.92723
 18.29596 77.92146
 18.30083 78.02085
 18.33847 78.08445
 18.33834 78.22945
 18.28861 78.27223
 18.29555 78.32584
 18.29861 78.34251
 18.33528 78.34556
 18.36069 78.33980
 18.45139 78.21098
 18.45195 78.01945
 18.44138 78.00002
2 19 17.8367 18.2371 77.3591 77.6414 'Manchester (Jamaica)'
 18.19605 77.49123
 18.18500 77.49181
 17.97500 77.37973
 17.89722 77.35910
 17.85958 77.36959
 17.85188 77.39591
 17.85972 77.41223
 17.85584 77.45320
 17.83847 77.48646
 17.83666 77.50724
 17.84000 77.51862
 17.85947 77.56639
 18.14222 77.63779
 18.21611 77.64140
 18.22084 77.64029
 18.23708 77.59875
 18.23166 77.54334
 18.22750 77.52917
 18.19605 77.49123
3 25 17.8472 18.2344 77.5664 77.9613 'Saint Elizabeth (Jamaica)'
 18.22084 77.64029
 18.21611 77.64140
 18.14222 77.63779
 17.85947 77.56639
 17.85445 77.60973
 17.84722 77.71973
 17.85000 77.73556
 17.88785 77.79245
 17.93777 77.82001
 17.98778 77.83501
 18.00250 77.84084
 18.01195 77.84904
 18.02264 77.87445
 18.02111 77.90417
 18.02611 77.93640
 18.03014 77.95071
 18.05475 77.96132
 18.12334 77.93140
 18.13875 77.93765
 18.15805 77.93404
 18.18569 77.91528
 18.19305 77.90363
 18.19555 77.89569
 18.23445 77.78140
 18.22084 77.64029
4 17 18.1956 18.5225 77.7358 78 'Saint James (Jamaica)'
 18.19555 77.89569
 18.22243 77.88404
 18.25638 77.89389
 18.29596 77.92146
 18.30945 77.92723
 18.32472 77.93584
 18.38583 77.98113
 18.44138 78.00002
 18.49611 77.93611
 18.50916 77.92084
 18.51972 77.88251
 18.52250 77.86445
 18.52166 77.84973
 18.50502 77.73584
 18.30334 77.77112
 18.23445 77.78140
 18.19555 77.89569
5 19 18.196 18.505 77.4492 77.7814 'Trelawny (Jamaica)'
 18.19605 77.49123
 18.22750 77.52917
 18.23166 77.54334
 18.23708 77.59875
 18.22084 77.64029
 18.23445 77.78140
 18.30334 77.77112
 18.50502 77.73584
 18.48944 77.70001
 18.48638 77.68861
 18.47916 77.64002
 18.48361 77.61376
 18.48875 77.59876
 18.48930 77.56125
 18.47805 77.48140
 18.46922 77.46676
 18.43305 77.45612
 18.38611 77.44917
 18.19605 77.49123
6 34 18.0547 18.3385 77.884 78.3739 'Westmoreland (Jamaica)'
 18.19555 77.89569
 18.19305 77.90363
 18.18569 77.91528
 18.15805 77.93404
 18.13875 77.93765
 18.12334 77.93140
 18.05475 77.96132
 18.06527 77.96654
 18.08639 77.98001
 18.18486 78.04334
 18.19639 78.05724
 18.20138 78.07417
 18.20250 78.10196
 18.20305 78.12862
 18.19972 78.19445
 18.19722 78.20639
 18.18979 78.23133
 18.19445 78.25418
 18.21903 78.33890
 18.23472 78.36223
 18.24195 78.36945
 18.25458 78.37390
 18.26472 78.37195
 18.27472 78.36501
 18.29861 78.34251
 18.29555 78.32584
 18.28861 78.27223
 18.33834 78.22945
 18.33847 78.08445
 18.30083 78.02085
 18.29596 77.92146
 18.25638 77.89389
 18.22243 77.88404
 18.19555 77.89569
7 11 17.9489 17.9828 76.7218 76.8006 'Kingston (Jamaica)'
 17.96669 76.80061
 17.97797 76.79041
 17.98284 76.77482
 17.97980 76.74778
 17.97568 76.73055
 17.96398 76.72182
 17.94889 76.72473
 17.95305 76.72751
 17.95916 76.73584
 17.96305 76.74640
 17.96669 76.80061
8 38 17.9861 18.2665 76.2581 76.7514 'Portland (Jamaica)'
 17.99575 76.25810
 17.98764 76.27723
 17.98611 76.28946
 17.99153 76.33820
 17.99722 76.34890
 18.01334 76.36195
 18.02695 76.39945
 18.04215 76.45618
 18.03527 76.47501
 18.02083 76.51584
 18.02111 76.52640
 18.03833 76.57918
 18.04361 76.59140
 18.05139 76.60167
 18.07355 76.62767
 18.08222 76.63695
 18.08611 76.65140
 18.09375 76.68355
 18.07584 76.69654
 18.07597 76.70945
 18.08292 76.72959
 18.09055 76.73612
 18.11014 76.74293
 18.12611 76.74695
 18.13866 76.75140
 18.26648 76.70340
 18.23584 76.65918
 18.22305 76.64029
 18.19722 76.55139
 18.19277 76.53334
 18.18055 76.45862
 18.16695 76.38335
 18.15972 76.36501
 18.14972 76.34167
 18.07805 76.29251
 18.05055 76.27890
 18.04138 76.27445
 17.99575 76.25810
9 30 18.1819 18.4692 76.9965 77.4912 'Saint Ann (Jamaica)'
 18.18608 77.21078
 18.18195 77.24278
 18.18389 77.43529
 18.18666 77.45862
 18.18945 77.47084
 18.19605 77.49123
 18.38611 77.44917
 18.43305 77.45612
 18.46922 77.46676
 18.46611 77.46085
 18.45666 77.40779
 18.45264 77.34154
 18.45847 77.32015
 18.45222 77.24723
 18.43416 77.18167
 18.42805 77.16612
 18.42222 77.15779
 18.40722 77.13667
 18.40693 77.06794
 18.40277 77.06473
 18.38055 77.05640
 18.35000 77.04889
 18.31777 77.04792
 18.26611 77.02070
 18.24375 77.00112
 18.24200 76.99649
 18.22916 77.01723
 18.21611 77.03946
 18.20430 77.06278
 18.18608 77.21078
10 30 17.8293 18.2472 76.8478 77.2108 'Saint Catherine (Jamaica)'
 18.18608 77.21078
 18.20430 77.06278
 18.21611 77.03946
 18.22916 77.01723
 18.24200 76.99649
 18.24722 76.97835
 18.24361 76.95215
 18.21069 76.92501
 18.18389 76.92029
 18.15695 76.89834
 18.14833 76.87286
 18.01000 76.85278
 17.98259 76.84778
 17.88861 76.89445
 17.85195 76.91446
 17.84174 76.92382
 17.82930 76.95153
 17.84472 77.00528
 17.88834 77.03626
 17.89458 77.05181
 17.89944 77.08029
 17.89555 77.10167
 17.89194 77.11195
 17.87889 77.13195
 17.88722 77.13779
 17.89666 77.14140
 17.98416 77.16640
 18.04305 77.17223
 18.10472 77.17612
 18.18608 77.21078
11 29 18.1387 18.4119 76.7034 77.0679 'Saint Mary (Jamaica)'
 18.13866 76.75140
 18.16638 76.80736
 18.16945 76.81723
 18.16555 76.84223
 18.14833 76.87286
 18.15695 76.89834
 18.18389 76.92029
 18.21069 76.92501
 18.24361 76.95215
 18.24722 76.97835
 18.24200 76.99649
 18.24375 77.00112
 18.26611 77.02070
 18.31777 77.04792
 18.35000 77.04889
 18.38055 77.05640
 18.40277 77.06473
 18.40693 77.06794
 18.41083 77.05612
 18.41195 77.04043
 18.39445 76.94528
 18.40084 76.91122
 18.37472 76.89612
 18.34500 76.85445
 18.30277 76.80555
 18.27333 76.78771
 18.26361 76.72154
 18.26648 76.70340
 18.13866 76.75140
12 35 17.9293 18.1694 76.6175 76.8729 'Saint Andrew (Jamaica)'
 18.07355 76.62767
 18.07035 76.63542
 18.06055 76.64002
 18.03000 76.64182
 18.00250 76.62918
 17.97639 76.61751
 17.92925 76.65770
 17.93750 76.69362
 17.94889 76.72473
 17.96398 76.72182
 17.97568 76.73055
 17.97980 76.74778
 17.98284 76.77482
 17.97797 76.79041
 17.96669 76.80061
 17.97666 76.81140
 17.98333 76.81917
 17.98708 76.83293
 17.98259 76.84778
 18.01000 76.85278
 18.14833 76.87286
 18.16555 76.84223
 18.16945 76.81723
 18.16638 76.80736
 18.13866 76.75140
 18.12611 76.74695
 18.11014 76.74293
 18.09055 76.73612
 18.08292 76.72959
 18.07597 76.70945
 18.07584 76.69654
 18.09375 76.68355
 18.08611 76.65140
 18.08222 76.63695
 18.07355 76.62767
13 30 17.8556 18.0735 76.2211 76.6577 'Saint Thomas (Jamaica)'
 17.92925 76.65770
 17.97639 76.61751
 18.00250 76.62918
 18.03000 76.64182
 18.06055 76.64002
 18.07035 76.63542
 18.07355 76.62767
 18.05139 76.60167
 18.04361 76.59140
 18.03833 76.57918
 18.02111 76.52640
 18.02083 76.51584
 18.03527 76.47501
 18.04215 76.45618
 18.02695 76.39945
 18.01334 76.36195
 17.99722 76.34890
 17.99153 76.33820
 17.98611 76.28946
 17.98764 76.27723
 17.99575 76.25810
 17.94139 76.23417
 17.90416 76.22112
 17.87972 76.26529
 17.86555 76.30667
 17.85555 76.35057
 17.85695 76.53418
 17.86125 76.59432
 17.87000 76.61070
 17.92925 76.65770
