0 54 0.0241153 0.410793 -6.76092 -6.46168 'São Tomé (Sao Tome and Principe)'
 0.40713 -6.68141
 0.39183 -6.70387
 0.36693 -6.72706
 0.33808 -6.74610
 0.31086 -6.75652
 0.28417 -6.76092
 0.26830 -6.76051
 0.25007 -6.75652
 0.23070 -6.74855
 0.21857 -6.74008
 0.19546 -6.71559
 0.18041 -6.70314
 0.13337 -6.67457
 0.13101 -6.66847
 0.12885 -6.65919
 0.12458 -6.65333
 0.10733 -6.66000
 0.10322 -6.65260
 0.10102 -6.64145
 0.09858 -6.63364
 0.08120 -6.61817
 0.07811 -6.61622
 0.07734 -6.58286
 0.07811 -6.57838
 0.04214 -6.56772
 0.02827 -6.55730
 0.04393 -6.54420
 0.02643 -6.53696
 0.02412 -6.52662
 0.03364 -6.51637
 0.05142 -6.51010
 0.05272 -6.51173
 0.06997 -6.51661
 0.07811 -6.51694
 0.08828 -6.51368
 0.09268 -6.50961
 0.09488 -6.50571
 0.09858 -6.50270
 0.21247 -6.46730
 0.22215 -6.46168
 0.23102 -6.46632
 0.23981 -6.46811
 0.25996 -6.46852
 0.26789 -6.47088
 0.29096 -6.49024
 0.29999 -6.49431
 0.30638 -6.49537
 0.31269 -6.49781
 0.34813 -6.53305
 0.35187 -6.54078
 0.36457 -6.57830
 0.39037 -6.60955
 0.41079 -6.64186
 0.40713 -6.68141
1 42 1.5312 1.69977 -7.46274 -7.32936 'Príncipe (Sao Tome and Principe)'
 1.67455 -7.46274
 1.66999 -7.45737
 1.66547 -7.44614
 1.65888 -7.43483
 1.64785 -7.42872
 1.64545 -7.44353
 1.63833 -7.45672
 1.63080 -7.46176
 1.62735 -7.45265
 1.62393 -7.43824
 1.61522 -7.43442
 1.59260 -7.43556
 1.57274 -7.43051
 1.56273 -7.42555
 1.55850 -7.41822
 1.55646 -7.40577
 1.55073 -7.40211
 1.54206 -7.40252
 1.53120 -7.40138
 1.53498 -7.39877
 1.54239 -7.39568
 1.54540 -7.39405
 1.54247 -7.38738
 1.53799 -7.38103
 1.55414 -7.37224
 1.55891 -7.35841
 1.55988 -7.34376
 1.56533 -7.33253
 1.59626 -7.32936
 1.61465 -7.33009
 1.61310 -7.33937
 1.62002 -7.35597
 1.62938 -7.36402
 1.64179 -7.36647
 1.65811 -7.36655
 1.67719 -7.37184
 1.69233 -7.38526
 1.69977 -7.40301
 1.69571 -7.42123
 1.69318 -7.44874
 1.68830 -7.45973
 1.67455 -7.46274
