0 184 47.5822 48.4182 -22.8776 -21.1137 'Szabolcs-Szatmár-Bereg (Hungary)'
 47.94674 -22.87760
 47.93382 -22.86117
 47.90245 -22.83605
 47.89232 -22.81972
 47.88230 -22.77962
 47.87475 -22.76360
 47.86124 -22.75285
 47.85269 -22.75327
 47.84623 -22.75833
 47.83892 -22.76030
 47.82768 -22.75182
 47.82499 -22.74583
 47.82349 -22.72422
 47.81719 -22.70386
 47.81070 -22.69167
 47.78879 -22.66697
 47.77156 -22.63772
 47.76094 -22.60123
 47.75722 -22.56299
 47.76104 -22.52847
 47.78739 -22.45437
 47.78256 -22.42367
 47.74308 -22.40735
 47.73569 -22.39587
 47.73202 -22.38264
 47.73117 -22.36828
 47.73587 -22.32208
 47.73505 -22.30937
 47.73071 -22.29159
 47.72375 -22.27309
 47.71585 -22.26172
 47.69347 -22.23981
 47.68825 -22.23216
 47.67993 -22.21521
 47.67373 -22.20787
 47.66629 -22.20415
 47.64795 -22.20074
 47.63932 -22.19764
 47.61539 -22.17284
 47.60877 -22.16984
 47.60138 -22.16912
 47.59486 -22.16761
 47.59379 -22.16736
 47.58624 -22.16209
 47.58221 -22.15418
 47.58252 -22.15382
 47.60113 -22.13243
 47.65890 -22.11248
 47.67634 -22.09512
 47.64151 -22.04871
 47.65890 -22.02256
 47.68505 -22.02835
 47.71985 -21.99941
 47.74618 -21.92986
 47.74494 -21.89565
 47.71667 -21.87146
 47.69585 -21.85947
 47.68314 -21.84087
 47.69143 -21.81968
 47.70642 -21.80190
 47.71236 -21.78154
 47.71244 -21.76036
 47.72282 -21.71819
 47.73538 -21.69866
 47.74241 -21.64977
 47.75771 -21.63334
 47.80747 -21.53970
 47.86364 -21.54383
 47.91689 -21.55613
 47.93806 -21.54611
 47.94550 -21.51458
 47.92997 -21.47614
 47.92167 -21.31418
 47.90971 -21.26943
 47.95402 -21.18675
 47.96054 -21.11368
 47.98674 -21.11998
 47.99896 -21.12670
 48.00676 -21.13776
 48.02627 -21.18127
 48.02715 -21.18820
 48.02627 -21.21269
 48.02895 -21.22261
 48.03510 -21.22664
 48.04198 -21.22964
 48.04676 -21.23656
 48.04753 -21.25289
 48.04167 -21.26333
 48.03322 -21.27232
 48.02627 -21.28431
 48.02399 -21.29858
 48.02627 -21.34643
 48.02627 -21.33899
 48.02704 -21.37330
 48.03371 -21.40689
 48.05056 -21.43242
 48.08182 -21.44265
 48.09546 -21.43903
 48.10327 -21.43169
 48.11239 -21.42632
 48.12993 -21.42839
 48.14352 -21.43531
 48.15789 -21.44689
 48.17008 -21.46125
 48.17711 -21.47614
 48.17913 -21.49464
 48.17711 -21.55872
 48.18068 -21.59582
 48.18032 -21.61277
 48.16776 -21.65215
 48.16548 -21.67116
 48.16745 -21.69018
 48.19944 -21.76625
 48.20161 -21.77844
 48.20197 -21.79446
 48.21210 -21.81307
 48.22465 -21.83136
 48.23235 -21.84604
 48.23504 -21.90919
 48.23979 -21.92862
 48.24780 -21.94319
 48.26977 -21.97151
 48.30315 -22.00530
 48.30744 -22.01119
 48.30832 -22.02277
 48.30132 -22.04220
 48.30000 -22.05150
 48.31152 -22.07920
 48.33447 -22.09997
 48.38692 -22.13718
 48.40222 -22.15826
 48.40232 -22.15930
 48.40953 -22.16922
 48.41816 -22.20198
 48.41529 -22.23609
 48.40345 -22.27185
 48.37322 -22.25697
 48.35728 -22.25676
 48.35839 -22.28436
 48.35757 -22.29128
 48.34914 -22.29872
 48.33932 -22.29872
 48.32780 -22.29645
 48.31400 -22.29738
 48.29369 -22.30813
 48.24310 -22.35712
 48.23871 -22.36363
 48.23739 -22.37086
 48.23887 -22.37861
 48.24305 -22.38647
 48.24434 -22.39050
 48.24476 -22.39453
 48.24434 -22.39877
 48.23897 -22.41840
 48.23675 -22.43422
 48.23768 -22.44972
 48.24414 -22.46905
 48.24450 -22.47328
 48.24393 -22.47742
 48.24259 -22.48145
 48.17716 -22.55576
 48.15652 -22.56889
 48.12482 -22.58304
 48.10112 -22.60010
 48.09704 -22.60547
 48.09683 -22.60806
 48.10177 -22.62118
 48.10177 -22.69322
 48.10582 -22.71162
 48.11314 -22.72857
 48.11629 -22.74572
 48.10926 -22.76205
 48.10453 -22.76557
 48.09097 -22.80143
 48.07244 -22.83099
 48.06105 -22.84432
 48.04730 -22.85476
 48.02839 -22.86158
 48.01803 -22.85796
 48.00880 -22.85135
 47.99314 -22.84949
 47.97893 -22.83244
 47.96679 -22.84081
 47.94674 -22.87760
1 22 47.5822 48.4182 -22.8776 -21.1137 'Szabolcs-Szatmár-Bereg (Hungary)'
 47.99032 -21.85003
 47.99285 -21.79691
 48.02320 -21.79691
 48.03679 -21.76814
 48.01909 -21.73020
 48.03174 -21.71250
 48.02921 -21.66191
 48.00644 -21.64420
 47.98526 -21.63504
 47.93467 -21.62745
 47.87397 -21.61986
 47.86132 -21.68056
 47.84868 -21.74886
 47.83350 -21.78174
 47.84109 -21.83738
 47.87397 -21.86015
 47.90938 -21.86268
 47.91444 -21.89556
 47.95238 -21.89809
 47.98779 -21.89556
 48.00297 -21.87532
 47.99032 -21.85003
2 163 46.2313 47.236 -21.6714 -20.4079 'Békés (Hungary)'
 46.65823 -21.42354
 46.64522 -21.41681
 46.62635 -21.39604
 46.61845 -21.37444
 46.62041 -21.33764
 46.61664 -21.31625
 46.60393 -21.30095
 46.58504 -21.29527
 46.54672 -21.29134
 46.52840 -21.27894
 46.51334 -21.26168
 46.49747 -21.24762
 46.47688 -21.24514
 46.43836 -21.27439
 46.41639 -21.28070
 46.40417 -21.25754
 46.40291 -21.21517
 46.39810 -21.19564
 46.38446 -21.17879
 46.36275 -21.16866
 46.31826 -21.16453
 46.29893 -21.15595
 46.28374 -21.14448
 46.27852 -21.13486
 46.27868 -21.10562
 46.27635 -21.09921
 46.23609 -21.05146
 46.23134 -21.03348
 46.24307 -21.01394
 46.24886 -21.00702
 46.25160 -20.99916
 46.25160 -20.99058
 46.24886 -20.98149
 46.24834 -20.96175
 46.25955 -20.92444
 46.26219 -20.90656
 46.26069 -20.89974
 46.25501 -20.88506
 46.25439 -20.87514
 46.25713 -20.86697
 46.26777 -20.84899
 46.27108 -20.83969
 46.27170 -20.81964
 46.26762 -20.79866
 46.26339 -20.78737
 46.26369 -20.78708
 46.27594 -20.77530
 46.28604 -20.75659
 46.30154 -20.74915
 46.32583 -20.75742
 46.34952 -20.75907
 46.36885 -20.74740
 46.38358 -20.73076
 46.38216 -20.71112
 46.39376 -20.70202
 46.38428 -20.64942
 46.38451 -20.59929
 46.41205 -20.61696
 46.40621 -20.58492
 46.44807 -20.58565
 46.46096 -20.59578
 46.48104 -20.58916
 46.50649 -20.61097
 46.53881 -20.62420
 46.54775 -20.59495
 46.56786 -20.57924
 46.64230 -20.57573
 46.68989 -20.58937
 46.75368 -20.58648
 46.77402 -20.55454
 46.78319 -20.50462
 46.80335 -20.42318
 46.83642 -20.40788
 46.86538 -20.41873
 46.88900 -20.45790
 46.89135 -20.49325
 46.88556 -20.52694
 46.91290 -20.55526
 46.90737 -20.58420
 46.92122 -20.60735
 46.91404 -20.62265
 46.90215 -20.63526
 46.90535 -20.65479
 46.91460 -20.67401
 46.91667 -20.69014
 46.92367 -20.70574
 46.95352 -20.71629
 46.98628 -20.71112
 46.99884 -20.70151
 47.01434 -20.70047
 47.04560 -20.73882
 47.05894 -20.73799
 47.06483 -20.73427
 47.07801 -20.74471
 47.08583 -20.76093
 47.13676 -20.82140
 47.14167 -20.84103
 47.13754 -20.86139
 47.14348 -20.87504
 47.15624 -20.88392
 47.15976 -20.89839
 47.17219 -20.90945
 47.18539 -20.91741
 47.19175 -20.94191
 47.20208 -20.95296
 47.21567 -20.96051
 47.22929 -20.97519
 47.23598 -20.99451
 47.18100 -21.11812
 47.17064 -21.16081
 47.16730 -21.20587
 47.14539 -21.27108
 47.11638 -21.29144
 47.04423 -21.29051
 47.01584 -21.28834
 46.99977 -21.30126
 46.99522 -21.32493
 46.98266 -21.34395
 46.95827 -21.33496
 46.94564 -21.35366
 46.94075 -21.38684
 46.95419 -21.45640
 46.95367 -21.49867
 47.00121 -21.56678
 47.01532 -21.60967
 47.01935 -21.63385
 47.01942 -21.63427
 47.01408 -21.63664
 47.01124 -21.64522
 47.00995 -21.65483
 47.00607 -21.66176
 46.99439 -21.67075
 46.99336 -21.67137
 46.99238 -21.66755
 46.94298 -21.64853
 46.93569 -21.64005
 46.91001 -21.59437
 46.90887 -21.58993
 46.90618 -21.58869
 46.89440 -21.58714
 46.88220 -21.58807
 46.87153 -21.59148
 46.86071 -21.59179
 46.84794 -21.58342
 46.84177 -21.57308
 46.83502 -21.53660
 46.82159 -21.51572
 46.80531 -21.50290
 46.76498 -21.48151
 46.76022 -21.47707
 46.75487 -21.47366
 46.74903 -21.47138
 46.74301 -21.47045
 46.74020 -21.47262
 46.73785 -21.47521
 46.73593 -21.47820
 46.72325 -21.50518
 46.70351 -21.50177
 46.68485 -21.48358
 46.67705 -21.46353
 46.67374 -21.43624
 46.66201 -21.42549
 46.65823 -21.42354
3 13 46.2313 47.236 -21.6714 -20.4079 'Békés (Hungary)'
 46.67012 -21.16772
 46.70350 -21.20698
 46.73687 -21.18931
 46.77614 -21.20109
 46.82129 -21.15594
 46.85219 -21.05972
 46.80114 -21.01850
 46.76973 -20.97530
 46.71868 -20.99101
 46.66567 -21.00279
 46.66619 -21.05777
 46.67208 -21.10489
 46.67012 -21.16772
4 115 46.9408 47.9605 -22.1542 -20.8192 'Hajdú-Bihar (Hungary)'
 47.58221 -22.15418
 47.57934 -22.14855
 47.57095 -22.09956
 47.53932 -22.03745
 47.51741 -22.00789
 47.49294 -21.98887
 47.46181 -21.99145
 47.42718 -22.00024
 47.39383 -22.00158
 47.36610 -21.98153
 47.35716 -21.93699
 47.34967 -21.91900
 47.33574 -21.90081
 47.29742 -21.86216
 47.28575 -21.85606
 47.24993 -21.84459
 47.24084 -21.83932
 47.22601 -21.82774
 47.21492 -21.82361
 47.20332 -21.82330
 47.19428 -21.82568
 47.18505 -21.82599
 47.17273 -21.81989
 47.16469 -21.81152
 47.15030 -21.78940
 47.14074 -21.77989
 47.13167 -21.77545
 47.11402 -21.77048
 47.10521 -21.76377
 47.09160 -21.74351
 47.06917 -21.69421
 47.05473 -21.67189
 47.02269 -21.63282
 47.01942 -21.63427
 47.01935 -21.63385
 47.01532 -21.60967
 47.00121 -21.56678
 46.95367 -21.49867
 46.95419 -21.45640
 46.94075 -21.38684
 46.94564 -21.35366
 46.95827 -21.33496
 46.98266 -21.34395
 46.99522 -21.32493
 46.99977 -21.30126
 47.01584 -21.28834
 47.04423 -21.29051
 47.11638 -21.29144
 47.14539 -21.27108
 47.16730 -21.20587
 47.17064 -21.16081
 47.18100 -21.11812
 47.23598 -20.99451
 47.28603 -21.02293
 47.34951 -21.02790
 47.39680 -21.01870
 47.44413 -21.00175
 47.52883 -20.98986
 47.56893 -20.97663
 47.58888 -20.94573
 47.59172 -20.91328
 47.60169 -20.88113
 47.62857 -20.84258
 47.67936 -20.81923
 47.68427 -20.89209
 47.71859 -20.94222
 47.72835 -20.94852
 47.73362 -20.95472
 47.76546 -20.97860
 47.77303 -20.97901
 47.77982 -21.03389
 47.78592 -21.03410
 47.81628 -21.02852
 47.83134 -21.04939
 47.83920 -21.05528
 47.85496 -21.05838
 47.87351 -21.05807
 47.88297 -21.05570
 47.89051 -21.05642
 47.90338 -21.06521
 47.92958 -21.09807
 47.93811 -21.10624
 47.95196 -21.11161
 47.96054 -21.11368
 47.95402 -21.18675
 47.90971 -21.26943
 47.92167 -21.31418
 47.92997 -21.47614
 47.94550 -21.51458
 47.93806 -21.54611
 47.91689 -21.55613
 47.86364 -21.54383
 47.80747 -21.53970
 47.75771 -21.63334
 47.74241 -21.64977
 47.73538 -21.69866
 47.72282 -21.71819
 47.71244 -21.76036
 47.71236 -21.78154
 47.70642 -21.80190
 47.69143 -21.81968
 47.68314 -21.84087
 47.69585 -21.85947
 47.71667 -21.87146
 47.74494 -21.89565
 47.74618 -21.92986
 47.71985 -21.99941
 47.68505 -22.02835
 47.65890 -22.02256
 47.64151 -22.04871
 47.67634 -22.09512
 47.65890 -22.11248
 47.60113 -22.13243
 47.58252 -22.15382
 47.58221 -22.15418
5 30 46.9408 47.9605 -22.1542 -20.8192 'Hajdú-Bihar (Hungary)'
 47.67154 -21.54637
 47.67913 -21.53119
 47.73228 -21.54384
 47.72216 -21.52359
 47.69179 -21.48056
 47.60986 -21.43889
 47.55164 -21.41611
 47.50102 -21.41864
 47.50102 -21.48698
 47.45293 -21.50723
 47.44373 -21.53878
 47.43108 -21.56409
 47.39058 -21.57675
 47.39058 -21.63749
 47.43867 -21.69318
 47.44373 -21.73114
 47.41589 -21.77164
 47.46905 -21.83998
 47.50701 -21.86023
 47.57029 -21.86276
 47.61079 -21.82986
 47.64369 -21.79189
 47.63610 -21.75646
 47.60826 -21.72355
 47.59054 -21.67799
 47.61585 -21.65015
 47.66141 -21.62737
 47.70697 -21.60965
 47.70191 -21.55903
 47.67154 -21.54637
6 68 46.1081 46.8033 -20.7874 -19.6531 'Csongrád (Hungary)'
 46.26339 -20.78737
 46.26007 -20.77850
 46.23749 -20.73933
 46.23191 -20.73499
 46.22250 -20.73551
 46.20028 -20.74481
 46.19227 -20.74471
 46.18669 -20.73665
 46.18772 -20.72714
 46.19000 -20.71784
 46.18809 -20.71029
 46.18064 -20.70533
 46.16853 -20.70437
 46.16633 -20.70419
 46.15646 -20.69882
 46.14468 -20.68352
 46.13775 -20.66399
 46.12949 -20.60756
 46.12964 -20.60012
 46.13284 -20.58802
 46.13755 -20.57810
 46.15615 -20.54896
 46.16767 -20.50937
 46.17413 -20.46855
 46.14690 -20.44416
 46.14380 -20.28324
 46.10809 -20.24283
 46.14039 -20.18846
 46.14550 -20.17048
 46.13708 -20.14536
 46.13646 -20.13803
 46.13936 -20.13038
 46.14923 -20.12015
 46.15222 -20.11477
 46.18820 -20.12760
 46.19998 -20.14135
 46.19802 -20.16491
 46.17838 -20.18847
 46.15286 -20.20614
 46.15679 -20.22970
 46.17838 -20.23166
 46.19016 -20.21203
 46.20783 -20.19828
 46.22354 -20.19632
 46.23884 -20.20851
 46.23399 -20.24317
 46.23532 -20.27093
 46.25888 -20.26896
 46.26555 -20.32664
 46.26555 -20.36983
 46.24984 -20.41303
 46.24592 -20.47193
 46.27144 -20.51905
 46.32641 -20.54653
 46.35586 -20.58187
 46.38451 -20.59929
 46.38428 -20.64942
 46.39376 -20.70202
 46.38216 -20.71112
 46.38358 -20.73076
 46.36885 -20.74740
 46.34952 -20.75907
 46.32583 -20.75742
 46.30154 -20.74915
 46.28604 -20.75659
 46.27594 -20.77530
 46.26369 -20.78708
 46.26339 -20.78737
7 86 46.1081 46.8033 -20.7874 -19.6531 'Csongrád (Hungary)'
 46.12907 -19.79045
 46.13155 -19.77298
 46.15871 -19.71189
 46.18829 -19.69681
 46.22041 -19.67201
 46.25495 -19.65310
 46.28333 -19.65609
 46.30456 -19.67129
 46.32710 -19.67222
 46.35066 -19.66974
 46.36120 -19.68979
 46.36298 -19.71294
 46.35681 -19.74022
 46.35888 -19.76937
 46.37304 -19.79727
 46.38017 -19.82828
 46.37929 -19.84967
 46.39926 -19.86280
 46.44466 -19.87964
 46.49117 -19.86828
 46.51411 -19.82094
 46.55514 -19.81949
 46.57349 -19.85711
 46.56408 -19.94393
 46.59049 -19.97897
 46.69973 -19.99736
 46.71777 -19.98910
 46.72860 -19.96853
 46.77032 -20.01163
 46.80066 -20.06134
 46.76826 -20.13472
 46.79446 -20.24996
 46.77146 -20.28582
 46.76436 -20.32251
 46.78205 -20.35476
 46.78944 -20.38990
 46.80335 -20.42318
 46.78319 -20.50462
 46.77402 -20.55454
 46.75368 -20.58648
 46.68989 -20.58937
 46.64230 -20.57573
 46.56786 -20.57924
 46.54775 -20.59495
 46.53881 -20.62420
 46.50649 -20.61097
 46.48104 -20.58916
 46.46096 -20.59578
 46.44807 -20.58565
 46.46384 -20.56617
 46.48937 -20.53083
 46.51685 -20.49745
 46.53256 -20.46211
 46.50900 -20.37572
 46.51882 -20.33253
 46.52078 -20.29719
 46.49722 -20.28148
 46.43832 -20.26185
 46.41476 -20.23829
 46.45599 -20.22062
 46.46731 -20.19825
 46.43366 -20.18824
 46.41002 -20.18898
 46.38898 -20.19508
 46.36599 -20.19850
 46.35554 -20.20354
 46.34797 -20.21559
 46.33165 -20.21095
 46.31684 -20.21673
 46.31582 -20.18650
 46.34134 -20.16687
 46.35508 -20.14724
 46.32760 -20.11190
 46.33545 -20.05300
 46.31778 -20.01373
 46.26477 -20.00980
 46.25299 -20.06870
 46.22747 -20.07852
 46.21569 -20.06870
 46.14530 -20.06341
 46.14297 -20.03498
 46.15941 -19.99313
 46.16354 -19.92915
 46.15739 -19.88895
 46.15299 -19.87365
 46.12907 -19.79045
8 147 47.3984 48.0203 -17.9291 -16.5578 'Gyor-Moson-Sopron (Hungary)'
 47.68203 -16.90267
 47.69544 -16.98194
 47.70202 -17.05480
 47.70848 -17.07537
 47.71329 -17.06400
 47.72091 -17.05553
 47.73099 -17.05057
 47.76365 -17.04871
 47.78391 -17.04199
 47.80111 -17.04064
 47.81235 -17.05563
 47.81868 -17.04912
 47.83737 -17.03951
 47.84134 -17.03165
 47.84788 -17.01067
 47.85238 -17.00437
 47.86328 -17.00406
 47.86770 -17.01656
 47.87289 -17.05119
 47.88163 -17.06762
 47.89173 -17.07754
 47.90483 -17.08333
 47.92263 -17.08746
 47.92462 -17.08540
 47.92576 -17.08012
 47.92777 -17.07516
 47.93211 -17.07413
 47.93496 -17.07682
 47.93922 -17.08612
 47.94090 -17.08808
 47.94948 -17.09087
 47.95573 -17.09573
 47.96193 -17.09614
 47.97015 -17.08560
 48.00544 -17.14834
 48.02027 -17.18482
 48.01505 -17.22089
 48.00728 -17.26232
 48.00534 -17.27267
 47.99873 -17.33789
 47.98121 -17.36941
 47.88881 -17.47204
 47.88271 -17.48186
 47.87982 -17.49219
 47.87625 -17.51731
 47.87212 -17.52661
 47.83799 -17.56041
 47.82954 -17.57260
 47.82979 -17.58294
 47.83310 -17.59296
 47.83424 -17.60423
 47.82923 -17.61911
 47.81920 -17.63988
 47.80732 -17.65838
 47.79703 -17.66624
 47.78918 -17.67668
 47.77367 -17.71924
 47.76538 -17.74200
 47.75001 -17.82571
 47.75252 -17.88353
 47.73921 -17.88617
 47.71799 -17.89486
 47.69613 -17.89599
 47.67843 -17.89176
 47.66076 -17.89940
 47.63032 -17.89765
 47.61280 -17.92710
 47.57255 -17.90550
 47.54997 -17.92907
 47.53255 -17.91780
 47.53793 -17.89558
 47.53188 -17.88669
 47.50382 -17.89785
 47.47504 -17.88245
 47.45478 -17.88245
 47.47752 -17.85145
 47.49317 -17.81641
 47.47436 -17.81548
 47.47987 -17.79739
 47.48155 -17.77858
 47.47075 -17.76122
 47.48232 -17.72587
 47.47178 -17.67978
 47.44946 -17.63740
 47.46157 -17.59741
 47.44943 -17.56867
 47.45452 -17.51710
 47.43364 -17.49695
 47.42884 -17.47431
 47.42855 -17.45209
 47.41987 -17.43773
 47.42021 -17.41974
 47.42439 -17.40321
 47.44093 -17.36941
 47.43868 -17.33210
 47.43067 -17.29500
 47.43318 -17.27691
 47.42271 -17.26823
 47.40806 -17.24084
 47.39840 -17.20188
 47.42408 -17.17883
 47.43716 -17.15258
 47.40279 -17.05770
 47.42884 -17.06607
 47.44930 -17.07641
 47.45421 -17.05139
 47.41199 -16.94422
 47.42150 -16.86298
 47.43545 -16.83849
 47.40333 -16.76325
 47.39956 -16.73431
 47.41819 -16.70702
 47.42602 -16.65535
 47.43338 -16.64160
 47.44377 -16.62940
 47.44555 -16.62697
 47.45292 -16.64088
 47.49320 -16.63684
 47.50155 -16.64821
 47.50987 -16.67736
 47.52263 -16.68800
 47.53803 -16.68914
 47.55056 -16.68139
 47.56010 -16.66754
 47.56656 -16.65059
 47.58593 -16.65617
 47.60614 -16.64770
 47.62200 -16.63023
 47.62877 -16.60842
 47.62495 -16.57545
 47.62984 -16.55775
 47.64719 -16.59080
 47.64782 -16.62840
 47.63842 -16.68417
 47.64719 -16.69169
 47.67100 -16.68793
 47.69702 -16.71678
 47.69373 -16.71922
 47.68590 -16.73038
 47.68146 -16.74113
 47.67546 -16.79745
 47.67688 -16.80624
 47.68425 -16.81730
 47.70536 -16.83694
 47.71293 -16.85016
 47.68673 -16.86474
 47.68203 -16.90267
9 16 47.3984 48.0203 -17.9291 -16.5578 'Gyor-Moson-Sopron (Hungary)'
 47.73001 -17.72652
 47.73706 -17.67927
 47.71449 -17.58195
 47.66513 -17.56291
 47.63494 -17.50483
 47.60025 -17.53752
 47.60307 -17.55233
 47.58685 -17.58759
 47.60660 -17.62708
 47.60660 -17.69126
 47.62141 -17.73357
 47.64750 -17.79633
 47.66583 -17.80409
 47.69898 -17.79280
 47.73283 -17.77165
 47.73001 -17.72652
10 31 47.6298 47.7542 -16.7168 -16.4078 'Sopron (Hungary)'
 47.75419 -16.56780
 47.75063 -16.60977
 47.72957 -16.68986
 47.72360 -16.70247
 47.71461 -16.70785
 47.70407 -16.71157
 47.69702 -16.71678
 47.67100 -16.68793
 47.64719 -16.69169
 47.63842 -16.68417
 47.64782 -16.62840
 47.64719 -16.59080
 47.62984 -16.55775
 47.64314 -16.50962
 47.63895 -16.48192
 47.65428 -16.42590
 47.66133 -16.40781
 47.66882 -16.41660
 47.68546 -16.43179
 47.69048 -16.43913
 47.68554 -16.44492
 47.68241 -16.44988
 47.68177 -16.45453
 47.68453 -16.46114
 47.69177 -16.47303
 47.70600 -16.51292
 47.71153 -16.52140
 47.72014 -16.52688
 47.73331 -16.52512
 47.74298 -16.53111
 47.75419 -16.56780
11 164 46.6965 47.4542 -17.3023 -16.094 'Vas (Hungary)'
 47.39230 -16.48192
 47.42563 -16.58941
 47.44555 -16.62697
 47.44377 -16.62940
 47.43338 -16.64160
 47.42602 -16.65535
 47.41819 -16.70702
 47.39956 -16.73431
 47.40333 -16.76325
 47.43545 -16.83849
 47.42150 -16.86298
 47.41199 -16.94422
 47.45421 -17.05139
 47.44930 -17.07641
 47.42884 -17.06607
 47.40279 -17.05770
 47.43716 -17.15258
 47.42408 -17.17883
 47.39840 -17.20188
 47.36068 -17.24673
 47.33422 -17.30233
 47.31386 -17.23578
 47.30797 -17.22740
 47.29303 -17.22751
 47.28161 -17.22017
 47.27303 -17.20766
 47.24828 -17.19588
 47.21996 -17.20374
 47.17182 -17.19981
 47.06710 -17.22038
 47.04684 -17.09801
 47.02039 -17.07020
 47.02235 -17.05904
 47.02106 -17.04778
 47.02633 -17.04085
 47.03439 -17.03775
 47.03473 -17.01398
 47.02044 -17.00034
 47.00819 -17.00457
 46.99739 -16.99631
 46.98041 -16.95476
 46.97336 -16.90866
 46.97589 -16.88427
 46.96897 -16.83818
 46.95042 -16.82681
 46.94980 -16.80800
 46.95504 -16.78609
 46.93801 -16.75074
 46.93360 -16.65080
 46.92122 -16.61328
 46.90282 -16.59654
 46.87921 -16.58465
 46.86081 -16.56688
 46.83184 -16.52119
 46.80562 -16.50083
 46.78645 -16.45877
 46.78629 -16.41143
 46.75157 -16.42011
 46.70056 -16.37185
 46.69647 -16.36622
 46.69671 -16.36538
 46.69901 -16.35759
 46.71583 -16.35728
 46.71418 -16.34343
 46.72175 -16.33412
 46.73327 -16.32555
 46.74332 -16.31418
 46.77208 -16.30043
 46.77580 -16.29816
 46.77951 -16.29949
 46.78702 -16.30219
 46.79752 -16.31110
 46.80200 -16.31490
 46.81327 -16.32182
 46.82546 -16.32751
 46.83440 -16.32978
 46.83944 -16.32534
 46.84001 -16.31066
 46.84321 -16.30188
 46.84703 -16.29739
 46.85993 -16.28224
 46.86396 -16.27201
 46.85847 -16.17949
 46.85585 -16.13538
 46.85671 -16.13025
 46.86277 -16.09404
 46.86792 -16.11005
 46.87636 -16.12287
 46.91032 -16.15915
 46.91853 -16.17072
 46.93130 -16.19615
 46.93739 -16.21703
 46.94106 -16.22395
 46.94835 -16.23067
 46.95442 -16.23118
 46.95998 -16.23036
 46.96607 -16.23294
 46.97202 -16.24307
 46.97352 -16.25299
 46.97809 -16.26105
 46.99326 -16.26539
 47.00432 -16.27490
 47.00558 -16.28855
 47.00044 -16.32586
 47.00382 -16.36658
 47.00204 -16.38776
 46.99315 -16.40502
 46.99041 -16.41040
 46.98943 -16.41557
 46.99026 -16.42042
 46.99300 -16.42476
 46.99310 -16.42476
 46.99522 -16.44140
 46.99543 -16.46745
 46.99855 -16.48636
 47.00938 -16.48192
 47.01842 -16.46755
 47.02168 -16.45329
 47.02408 -16.42466
 47.03178 -16.43717
 47.04421 -16.48192
 47.04914 -16.49318
 47.05462 -16.49721
 47.05982 -16.49370
 47.06390 -16.48192
 47.06850 -16.46176
 47.08170 -16.45432
 47.09630 -16.46083
 47.10524 -16.48192
 47.12583 -16.50476
 47.13754 -16.50951
 47.14968 -16.49732
 47.15077 -16.48089
 47.13971 -16.44709
 47.14575 -16.43365
 47.15128 -16.43396
 47.16834 -16.44213
 47.17712 -16.44182
 47.18358 -16.43510
 47.18412 -16.42673
 47.18366 -16.41877
 47.18717 -16.41278
 47.20368 -16.40926
 47.22559 -16.42466
 47.24303 -16.42135
 47.24314 -16.42135
 47.25458 -16.45246
 47.26342 -16.46662
 47.27681 -16.47324
 47.29324 -16.46921
 47.33657 -16.43882
 47.33856 -16.43613
 47.33972 -16.43169
 47.34138 -16.42714
 47.34520 -16.42435
 47.35112 -16.42497
 47.35380 -16.42931
 47.35556 -16.43427
 47.35851 -16.43644
 47.39685 -16.43396
 47.40951 -16.44409
 47.41184 -16.45660
 47.40553 -16.46993
 47.39230 -16.48192
12 18 46.6965 47.4542 -17.3023 -16.094 'Vas (Hungary)'
 47.28662 -16.65908
 47.29090 -16.63343
 47.27512 -16.56902
 47.28153 -16.55726
 47.28153 -16.53160
 47.26977 -16.52733
 47.24493 -16.53828
 47.20965 -16.55004
 47.16475 -16.57142
 47.14765 -16.60136
 47.16582 -16.62915
 47.16368 -16.65267
 47.15941 -16.68047
 47.19041 -16.68260
 47.21286 -16.69009
 47.23959 -16.69650
 47.28769 -16.67512
 47.28662 -16.65908
13 229 45.9056 47.1516 -20.154 -18.7858 'Bács-Kiskun (Hungary)'
 46.15871 -19.71189
 46.16840 -19.69009
 46.17310 -19.66932
 46.17388 -19.64782
 46.16597 -19.58974
 46.16643 -19.56845
 46.16416 -19.54995
 46.15641 -19.52525
 46.14561 -19.50199
 46.13424 -19.48752
 46.12602 -19.48928
 46.11688 -19.49672
 46.10861 -19.49931
 46.09869 -19.47295
 46.09197 -19.46592
 46.08447 -19.46086
 46.07755 -19.45373
 46.06799 -19.43688
 46.06551 -19.42830
 46.06432 -19.41724
 46.06024 -19.40474
 46.05156 -19.39657
 46.04153 -19.38913
 46.03368 -19.37890
 46.02965 -19.36216
 46.02949 -19.32516
 46.02665 -19.30697
 46.02212 -19.29831
 46.01616 -19.28692
 46.00381 -19.27947
 45.99161 -19.27482
 45.98143 -19.26345
 45.97771 -19.23565
 45.98407 -19.14801
 45.99311 -19.12579
 45.99327 -19.12579
 46.01295 -19.11101
 46.01885 -19.08848
 46.01202 -19.06543
 45.99311 -19.04972
 45.96345 -19.04858
 45.96004 -19.03091
 45.96257 -19.00559
 45.95079 -18.98182
 45.94717 -18.97872
 45.94350 -18.97768
 45.93978 -18.97882
 45.93125 -18.98647
 45.92702 -18.98874
 45.92381 -18.98750
 45.92185 -18.98182
 45.92795 -18.96270
 45.93120 -18.90131
 45.93043 -18.88653
 45.92242 -18.87660
 45.91808 -18.86544
 45.91394 -18.84539
 45.90573 -18.82834
 45.90558 -18.82245
 45.90573 -18.82224
 45.91999 -18.80147
 45.94019 -18.82410
 45.97073 -18.83134
 45.98991 -18.84488
 46.01120 -18.85242
 46.02590 -18.84550
 46.04985 -18.84467
 46.07419 -18.82834
 46.08814 -18.82865
 46.09892 -18.82203
 46.10096 -18.80415
 46.09967 -18.78576
 46.10814 -18.80891
 46.12290 -18.82917
 46.13140 -18.80715
 46.15119 -18.79506
 46.16139 -18.80260
 46.15566 -18.81780
 46.16178 -18.83351
 46.19323 -18.85387
 46.20555 -18.84705
 46.20261 -18.83495
 46.20633 -18.82328
 46.21219 -18.82048
 46.21710 -18.82410
 46.22565 -18.84167
 46.23403 -18.89841
 46.24570 -18.91443
 46.33056 -18.91330
 46.34291 -18.91009
 46.36286 -18.89552
 46.37836 -18.89221
 46.41430 -18.89893
 46.46861 -18.92270
 46.49876 -18.92012
 46.53173 -18.90761
 46.59116 -18.87723
 46.61483 -18.85811
 46.63524 -18.88529
 46.65612 -18.95288
 46.67627 -18.98161
 46.69488 -18.99639
 46.70847 -19.00177
 46.72314 -18.99887
 46.74516 -18.98905
 46.75389 -18.98750
 46.76549 -18.98688
 46.77559 -18.98471
 46.77994 -18.97851
 46.78397 -18.97541
 46.80081 -18.95836
 46.80350 -18.95433
 46.80707 -18.95061
 46.82050 -18.93314
 46.82712 -18.92756
 46.83523 -18.92601
 46.84841 -18.92673
 46.86494 -18.92756
 46.87714 -18.93087
 46.89171 -18.93893
 46.90391 -18.94885
 46.90902 -18.95805
 46.91724 -18.96652
 46.93584 -18.96694
 46.97744 -18.96053
 46.99470 -18.95515
 47.00524 -18.95433
 47.01168 -18.95691
 47.01718 -18.96208
 47.02369 -18.96673
 47.03315 -18.96797
 47.06664 -18.98936
 47.06850 -19.03670
 47.07801 -19.08321
 47.11883 -19.15752
 47.15164 -19.26532
 47.14526 -19.30139
 47.12436 -19.33022
 47.09542 -19.33436
 47.06901 -19.31058
 47.04108 -19.30283
 47.01956 -19.32299
 47.02656 -19.35255
 47.05578 -19.37435
 47.06857 -19.40277
 47.07682 -19.43326
 47.09098 -19.44546
 47.11097 -19.44753
 47.12348 -19.46231
 47.11619 -19.53062
 47.09051 -19.56835
 47.02788 -19.62364
 47.01207 -19.64671
 46.99709 -19.62695
 47.01476 -19.57591
 46.99709 -19.56217
 46.97353 -19.55628
 46.94212 -19.57394
 46.90482 -19.59358
 46.86359 -19.62695
 46.80665 -19.65051
 46.78505 -19.68978
 46.82628 -19.72119
 46.87144 -19.72119
 46.90285 -19.75064
 46.90285 -19.78598
 46.91856 -19.81740
 46.94551 -19.81908
 46.94651 -19.83872
 46.96248 -19.85598
 46.98060 -19.88430
 46.98571 -19.91592
 46.97036 -19.94548
 46.96290 -19.97711
 46.99765 -20.01855
 47.01139 -20.04697
 47.02039 -20.07633
 47.00669 -20.10940
 46.97930 -20.14640
 46.96168 -20.11188
 46.95372 -20.10568
 46.94556 -20.11198
 46.94225 -20.12645
 46.94044 -20.14268
 46.93695 -20.15405
 46.93075 -20.15405
 46.91218 -20.13617
 46.91331 -20.12697
 46.92427 -20.10878
 46.92582 -20.08635
 46.90964 -20.08666
 46.90112 -20.10630
 46.88236 -20.09193
 46.88360 -20.06165
 46.87476 -20.02754
 46.85293 -20.00584
 46.85071 -20.01183
 46.82492 -19.99798
 46.81141 -20.00191
 46.80342 -20.01586
 46.80686 -20.03509
 46.80066 -20.06134
 46.77032 -20.01163
 46.72860 -19.96853
 46.71777 -19.98910
 46.69973 -19.99736
 46.59049 -19.97897
 46.56408 -19.94393
 46.57349 -19.85711
 46.55514 -19.81949
 46.51411 -19.82094
 46.49117 -19.86828
 46.44466 -19.87964
 46.39926 -19.86280
 46.37929 -19.84967
 46.38017 -19.82828
 46.37304 -19.79727
 46.35888 -19.76937
 46.35681 -19.74022
 46.36298 -19.71294
 46.36120 -19.68979
 46.35066 -19.66974
 46.32710 -19.67222
 46.30456 -19.67129
 46.28333 -19.65609
 46.25495 -19.65310
 46.22041 -19.67201
 46.18829 -19.69681
 46.15871 -19.71189
14 34 46.1453 46.3551 -20.2709 -20.0098 'Szeged (Hungary)'
 46.15222 -20.11477
 46.15496 -20.09844
 46.15413 -20.08862
 46.14530 -20.06341
 46.21569 -20.06870
 46.22747 -20.07852
 46.25299 -20.06870
 46.26477 -20.00980
 46.31778 -20.01373
 46.33545 -20.05300
 46.32760 -20.11190
 46.35508 -20.14724
 46.34134 -20.16687
 46.31582 -20.18650
 46.31684 -20.21673
 46.30305 -20.22527
 46.28990 -20.22975
 46.27566 -20.22185
 46.26281 -20.24737
 46.25888 -20.26896
 46.23532 -20.27093
 46.23399 -20.24317
 46.23884 -20.20851
 46.22354 -20.19632
 46.20783 -20.19828
 46.19016 -20.21203
 46.17838 -20.23166
 46.15679 -20.22970
 46.15286 -20.20614
 46.17838 -20.18847
 46.19802 -20.16491
 46.19998 -20.14135
 46.18820 -20.12760
 46.15222 -20.11477
15 115 46.3018 47.0468 -17.2266 -16.3662 'Zala (Hungary)'
 46.47065 -16.57762
 46.47993 -16.56429
 46.49853 -16.52109
 46.50171 -16.51530
 46.54481 -16.50083
 46.56470 -16.46714
 46.60439 -16.43024
 46.61902 -16.39459
 46.62909 -16.37640
 46.63634 -16.37225
 46.64299 -16.36844
 46.65286 -16.37764
 46.65914 -16.39665
 46.66311 -16.40261
 46.66837 -16.41050
 46.68725 -16.40502
 46.69415 -16.39004
 46.69493 -16.37143
 46.69647 -16.36622
 46.70056 -16.37185
 46.75157 -16.42011
 46.78629 -16.41143
 46.78645 -16.45877
 46.80562 -16.50083
 46.83184 -16.52119
 46.86081 -16.56688
 46.87921 -16.58465
 46.90282 -16.59654
 46.92122 -16.61328
 46.93360 -16.65080
 46.93801 -16.75074
 46.95504 -16.78609
 46.94980 -16.80800
 46.95042 -16.82681
 46.96897 -16.83818
 46.97589 -16.88427
 46.97336 -16.90866
 46.98041 -16.95476
 46.99739 -16.99631
 47.00819 -17.00457
 47.02044 -17.00034
 47.03473 -17.01398
 47.03439 -17.03775
 47.02633 -17.04085
 47.02106 -17.04778
 47.02235 -17.05904
 47.02039 -17.07020
 47.04684 -17.09801
 47.03612 -17.10855
 47.02716 -17.12064
 47.01940 -17.14679
 47.00969 -17.15309
 46.99868 -17.14793
 46.98866 -17.13966
 46.97607 -17.13573
 46.75053 -17.14865
 46.68103 -17.13583
 46.64925 -17.16663
 46.66459 -17.22038
 46.53290 -17.22658
 46.49706 -17.21076
 46.47486 -17.19371
 46.44223 -17.18131
 46.42321 -17.06856
 46.46337 -17.04013
 46.50012 -17.03178
 46.51849 -17.00505
 46.56158 -16.99496
 46.55991 -16.95320
 46.51982 -16.94652
 46.51648 -16.91812
 46.48675 -16.91819
 46.44833 -16.91986
 46.40156 -16.92320
 46.38152 -16.96329
 46.37651 -17.01508
 46.38962 -17.05387
 46.36360 -17.07103
 46.34118 -17.06576
 46.32498 -17.04726
 46.32100 -17.02959
 46.32004 -17.01264
 46.30177 -16.94256
 46.32219 -16.91755
 46.31206 -16.87931
 46.32720 -16.87177
 46.34286 -16.87507
 46.35914 -16.86546
 46.36476 -16.85941
 46.37306 -16.85047
 46.38187 -16.83766
 46.38192 -16.83239
 46.37735 -16.83022
 46.37402 -16.82753
 46.37810 -16.82092
 46.38198 -16.81658
 46.38503 -16.81234
 46.38735 -16.80789
 46.38869 -16.80345
 46.39288 -16.77647
 46.39611 -16.76934
 46.38187 -16.76190
 46.38187 -16.75508
 46.39962 -16.74288
 46.41267 -16.71240
 46.42962 -16.69359
 46.44869 -16.67746
 46.46419 -16.65927
 46.47448 -16.63767
 46.47807 -16.61111
 46.48205 -16.60212
 46.48298 -16.59426
 46.47957 -16.58806
 46.47065 -16.58372
 46.47065 -16.57762
16 9 46.3018 47.0468 -17.2266 -16.3662 'Zala (Hungary)'
 46.78130 -16.81035
 46.78966 -16.87508
 46.80010 -16.91266
 46.87735 -16.89596
 46.90867 -16.84584
 46.89993 -16.77078
 46.83768 -16.77485
 46.82098 -16.81035
 46.78130 -16.81035
17 123 45.8506 46.972 -18.2192 -16.8793 'Somogy (Hungary)'
 45.97203 -17.32714
 45.97378 -17.31660
 45.97991 -17.30661
 45.98102 -17.30481
 45.98464 -17.29014
 45.99146 -17.29014
 45.99265 -17.29696
 45.99663 -17.30936
 45.99766 -17.31680
 46.00639 -17.30781
 46.00794 -17.29148
 46.01202 -17.27588
 46.02872 -17.26895
 46.03879 -17.26657
 46.07083 -17.25407
 46.08024 -17.24859
 46.11657 -17.20859
 46.12117 -17.19733
 46.12313 -17.11620
 46.12819 -17.10121
 46.15346 -17.05294
 46.16220 -17.04126
 46.17300 -17.03630
 46.18049 -17.02804
 46.21057 -16.97481
 46.21945 -16.96530
 46.25149 -16.94070
 46.28193 -16.90329
 46.28627 -16.89605
 46.29216 -16.88923
 46.31206 -16.87931
 46.32219 -16.91755
 46.30177 -16.94256
 46.32004 -17.01264
 46.32100 -17.02959
 46.32498 -17.04726
 46.34118 -17.06576
 46.36360 -17.07103
 46.38962 -17.05387
 46.41923 -17.04499
 46.42321 -17.06856
 46.44223 -17.18131
 46.47486 -17.19371
 46.49706 -17.21076
 46.53290 -17.22658
 46.66459 -17.22038
 46.71015 -17.25862
 46.73338 -17.29923
 46.73046 -17.36600
 46.74498 -17.40662
 46.74958 -17.45829
 46.80882 -17.66190
 46.88251 -17.84204
 46.89122 -17.88690
 46.91990 -17.92628
 46.93031 -17.94984
 46.93496 -17.97630
 46.97197 -18.07262
 46.96881 -18.12678
 46.95310 -18.17711
 46.91424 -18.19902
 46.88864 -18.21918
 46.88194 -18.21670
 46.87580 -18.21215
 46.81874 -18.21132
 46.79068 -18.21804
 46.77689 -18.17205
 46.77554 -18.16047
 46.76996 -18.15148
 46.75343 -18.14022
 46.73958 -18.12616
 46.72568 -18.11944
 46.70873 -18.11727
 46.67844 -18.09763
 46.64108 -18.08937
 46.60207 -18.08689
 46.56212 -18.05702
 46.51566 -18.03790
 46.47463 -18.04741
 46.46616 -18.06901
 46.37118 -18.09763
 46.35965 -18.07872
 46.33790 -18.07180
 46.32265 -18.05237
 46.31288 -17.93816
 46.22886 -17.84597
 46.21219 -17.81507
 46.21113 -17.76629
 46.19953 -17.71988
 46.17633 -17.69094
 46.11486 -17.69353
 46.08349 -17.67637
 46.06225 -17.61704
 46.00102 -17.64598
 45.98099 -17.63048
 45.95063 -17.64226
 45.92673 -17.66345
 45.90872 -17.69208
 45.88826 -17.70841
 45.85916 -17.70510
 45.85059 -17.68185
 45.85211 -17.65467
 45.85736 -17.65322
 45.86883 -17.65208
 45.88371 -17.64691
 45.89183 -17.64578
 45.90133 -17.63844
 45.93622 -17.59110
 45.94779 -17.55431
 45.95394 -17.51193
 45.95673 -17.42667
 45.95301 -17.41819
 45.94970 -17.41540
 45.94660 -17.41158
 45.94366 -17.40620
 45.95993 -17.39969
 45.96309 -17.38915
 45.95673 -17.36528
 45.95570 -17.34533
 45.95864 -17.34212
 45.96753 -17.34367
 45.98464 -17.33789
 45.97203 -17.32714
18 17 45.8506 46.972 -18.2192 -16.8793 'Somogy (Hungary)'
 46.43910 -17.77641
 46.45406 -17.74947
 46.43610 -17.73750
 46.40917 -17.73689
 46.38223 -17.73090
 46.36129 -17.70696
 46.30742 -17.73390
 46.24757 -17.74287
 46.26851 -17.78178
 46.25355 -17.81470
 46.27749 -17.82667
 46.31041 -17.84761
 46.32837 -17.88053
 46.38223 -17.87156
 46.43909 -17.84163
 46.44508 -17.84163
 46.43910 -17.77641
19 115 45.7413 46.4116 -18.8524 -17.617 'Baranya (Hungary)'
 45.77173 -17.85806
 45.77586 -17.85796
 45.79963 -17.83822
 45.81441 -17.80918
 45.84061 -17.68732
 45.84165 -17.66469
 45.84542 -17.65652
 45.85211 -17.65467
 45.85059 -17.68185
 45.85916 -17.70510
 45.88826 -17.70841
 45.90872 -17.69208
 45.92673 -17.66345
 45.95063 -17.64226
 45.98099 -17.63048
 46.00102 -17.64598
 46.06225 -17.61704
 46.08349 -17.67637
 46.11486 -17.69353
 46.17633 -17.69094
 46.19953 -17.71988
 46.21113 -17.76629
 46.21219 -17.81507
 46.22886 -17.84597
 46.31288 -17.93816
 46.32265 -18.05237
 46.33790 -18.07180
 46.35965 -18.07872
 46.37118 -18.09763
 46.36570 -18.12337
 46.36459 -18.14910
 46.38247 -18.16853
 46.40409 -18.18548
 46.41161 -18.30341
 46.40787 -18.33380
 46.39500 -18.33814
 46.37882 -18.33524
 46.34833 -18.37348
 46.31281 -18.39260
 46.22720 -18.40790
 46.24663 -18.44707
 46.26033 -18.46433
 46.26343 -18.48872
 46.23005 -18.53874
 46.22989 -18.55838
 46.23873 -18.57843
 46.22599 -18.59487
 46.18788 -18.62050
 46.15550 -18.65088
 46.12990 -18.68303
 46.11078 -18.73274
 46.09967 -18.78576
 46.10096 -18.80415
 46.09892 -18.82203
 46.08814 -18.82865
 46.07419 -18.82834
 46.04985 -18.84467
 46.02590 -18.84550
 46.01120 -18.85242
 45.98991 -18.84488
 45.97073 -18.83134
 45.94019 -18.82410
 45.91999 -18.80147
 45.90573 -18.82224
 45.90558 -18.82245
 45.90547 -18.81780
 45.91363 -18.80488
 45.90304 -18.79485
 45.89389 -18.79041
 45.88692 -18.78596
 45.88283 -18.77553
 45.88397 -18.76333
 45.89844 -18.72385
 45.91038 -18.67434
 45.90759 -18.65564
 45.89193 -18.63300
 45.88686 -18.62928
 45.87482 -18.62628
 45.86867 -18.62360
 45.86842 -18.62215
 45.85669 -18.60737
 45.82692 -18.58546
 45.81669 -18.57347
 45.79085 -18.53027
 45.78403 -18.50422
 45.79142 -18.48180
 45.78372 -18.46547
 45.75364 -18.43074
 45.74320 -18.41172
 45.74181 -18.40439
 45.74134 -18.39756
 45.74181 -18.39074
 45.74310 -18.38413
 45.74320 -18.38382
 45.75819 -18.36718
 45.75840 -18.35116
 45.75199 -18.33493
 45.74729 -18.31767
 45.75183 -18.30052
 45.76491 -18.28326
 45.76511 -18.26052
 45.78124 -18.22982
 45.78537 -18.21122
 45.78537 -18.12895
 45.78341 -18.12016
 45.77462 -18.10290
 45.77173 -18.09205
 45.77173 -18.08048
 45.79214 -17.97537
 45.79214 -17.90623
 45.79214 -17.88979
 45.78852 -17.88049
 45.78067 -17.87574
 45.77349 -17.87005
 45.77173 -17.85806
20 21 45.7413 46.4116 -18.8524 -17.617 'Baranya (Hungary)'
 46.05661 -18.36151
 46.06858 -18.37049
 46.10748 -18.35553
 46.17033 -18.31961
 46.15237 -18.27772
 46.15836 -18.23882
 46.16135 -18.19692
 46.14144 -18.15644
 46.12349 -18.13549
 46.08354 -18.12510
 46.06259 -18.14305
 46.03865 -18.12809
 46.02369 -18.16101
 45.99676 -18.19991
 45.98479 -18.23582
 45.99676 -18.26276
 46.01770 -18.28071
 46.04164 -18.29268
 46.06259 -18.31064
 46.06259 -18.32859
 46.05661 -18.36151
21 226 47.6723 48.5692 -22.1583 -20.0383 'Borsod-Abaúj-Zemplén (Hungary)'
 48.56923 -20.80031
 48.56381 -20.81581
 48.54582 -20.84548
 48.54332 -20.85995
 48.54110 -20.89137
 48.51898 -20.94583
 48.51686 -20.98149
 48.51815 -21.00650
 48.51464 -21.03596
 48.50624 -21.06386
 48.49301 -21.08401
 48.48911 -21.10934
 48.51371 -21.18675
 48.51872 -21.21992
 48.51345 -21.23801
 48.50650 -21.25041
 48.50319 -21.26178
 48.50872 -21.27656
 48.51993 -21.28824
 48.53058 -21.29392
 48.53991 -21.30230
 48.54758 -21.32183
 48.54985 -21.33857
 48.55035 -21.37268
 48.56127 -21.42456
 48.55833 -21.43914
 48.54500 -21.47273
 48.54027 -21.49081
 48.53507 -21.49939
 48.52650 -21.50600
 48.50712 -21.51510
 48.50009 -21.52182
 48.49523 -21.53773
 48.49557 -21.57463
 48.49301 -21.59168
 48.48164 -21.60037
 48.44035 -21.61339
 48.42965 -21.62155
 48.37235 -21.67757
 48.35395 -21.70124
 48.34090 -21.72770
 48.33377 -21.75901
 48.33553 -21.78940
 48.35317 -21.84118
 48.35746 -21.88428
 48.36909 -21.91477
 48.37291 -21.92934
 48.37472 -21.98153
 48.37896 -21.99993
 48.37974 -22.01801
 48.37581 -22.07786
 48.37943 -22.09646
 48.38865 -22.11393
 48.40480 -22.13284
 48.40206 -22.15651
 48.40222 -22.15826
 48.38692 -22.13718
 48.33447 -22.09997
 48.31152 -22.07920
 48.30000 -22.05150
 48.30132 -22.04220
 48.30832 -22.02277
 48.30744 -22.01119
 48.30315 -22.00530
 48.26977 -21.97151
 48.24780 -21.94319
 48.23979 -21.92862
 48.23504 -21.90919
 48.23235 -21.84604
 48.22465 -21.83136
 48.21210 -21.81307
 48.20197 -21.79446
 48.20161 -21.77844
 48.19944 -21.76625
 48.16745 -21.69018
 48.16548 -21.67116
 48.16776 -21.65215
 48.18032 -21.61277
 48.18068 -21.59582
 48.17711 -21.55872
 48.17913 -21.49464
 48.17711 -21.47614
 48.17008 -21.46125
 48.15789 -21.44689
 48.14352 -21.43531
 48.12993 -21.42839
 48.11239 -21.42632
 48.10327 -21.43169
 48.09546 -21.43903
 48.08182 -21.44265
 48.05056 -21.43242
 48.03371 -21.40689
 48.02704 -21.37330
 48.02627 -21.33899
 48.02627 -21.34643
 48.02399 -21.29858
 48.02627 -21.28431
 48.03322 -21.27232
 48.04167 -21.26333
 48.04753 -21.25289
 48.04676 -21.23656
 48.04198 -21.22964
 48.03510 -21.22664
 48.02895 -21.22261
 48.02627 -21.21269
 48.02715 -21.18820
 48.02627 -21.18127
 48.00676 -21.13776
 47.99896 -21.12670
 47.98674 -21.11998
 47.96054 -21.11368
 47.95196 -21.11161
 47.93811 -21.10624
 47.92958 -21.09807
 47.90338 -21.06521
 47.89051 -21.05642
 47.88297 -21.05570
 47.87351 -21.05807
 47.85496 -21.05838
 47.83920 -21.05528
 47.83134 -21.04939
 47.81628 -21.02852
 47.78592 -21.03410
 47.77982 -21.03389
 47.77303 -20.97901
 47.76546 -20.97860
 47.73362 -20.95472
 47.72835 -20.94852
 47.71859 -20.94222
 47.68427 -20.89209
 47.67936 -20.81923
 47.67745 -20.79153
 47.67234 -20.77406
 47.67595 -20.74150
 47.68603 -20.71856
 47.70107 -20.60890
 47.72443 -20.58813
 47.75533 -20.57480
 47.79192 -20.52849
 47.86824 -20.46452
 47.87196 -20.45677
 47.88064 -20.44840
 47.88997 -20.45821
 47.89925 -20.46504
 47.91883 -20.46090
 47.93434 -20.44747
 47.94860 -20.42886
 47.96911 -20.42204
 47.98376 -20.43434
 48.01495 -20.47878
 48.05495 -20.49180
 48.07103 -20.52898
 48.07862 -20.57957
 48.08115 -20.64027
 48.05079 -20.67315
 48.02550 -20.72627
 48.00274 -20.77938
 48.00527 -20.81985
 48.01538 -20.87044
 48.04068 -20.90332
 48.06344 -20.89826
 48.09126 -20.87550
 48.12162 -20.87550
 48.15956 -20.85526
 48.18738 -20.82744
 48.20255 -20.78950
 48.20255 -20.75409
 48.22279 -20.71109
 48.20002 -20.66557
 48.16985 -20.60667
 48.14203 -20.55862
 48.13950 -20.50550
 48.11340 -20.47281
 48.15140 -20.41842
 48.09505 -20.35476
 48.11159 -20.32075
 48.11001 -20.28468
 48.09283 -20.25606
 48.09288 -20.22092
 48.10192 -20.20448
 48.11618 -20.19146
 48.11960 -20.17720
 48.11823 -20.16107
 48.13422 -20.14206
 48.14786 -20.11818
 48.14114 -20.09586
 48.15443 -20.07664
 48.16786 -20.04863
 48.17723 -20.03830
 48.19355 -20.07808
 48.19843 -20.09700
 48.20280 -20.10526
 48.21174 -20.11260
 48.22972 -20.11808
 48.23675 -20.12201
 48.24667 -20.13451
 48.24781 -20.14309
 48.24527 -20.15332
 48.24403 -20.17089
 48.24899 -20.18764
 48.26760 -20.21781
 48.27090 -20.22908
 48.26419 -20.24903
 48.25589 -20.26029
 48.25246 -20.27238
 48.26041 -20.29523
 48.27995 -20.32427
 48.30548 -20.34928
 48.33434 -20.37016
 48.41371 -20.40902
 48.42924 -20.42059
 48.44239 -20.43558
 48.46379 -20.46597
 48.46539 -20.46824
 48.47875 -20.48167
 48.48226 -20.48250
 48.48583 -20.48291
 48.48937 -20.48281
 48.49288 -20.48219
 48.51022 -20.48023
 48.51854 -20.48054
 48.52608 -20.48167
 48.53378 -20.51051
 48.53657 -20.57252
 48.56905 -20.78408
 48.56923 -20.80031
22 89 47.706 48.227 -20.0959 -18.9336 'Nógrád (Hungary)'
 48.12430 -19.90507
 48.13009 -19.92863
 48.15838 -19.97390
 48.16791 -19.99695
 48.17587 -20.03498
 48.17723 -20.03830
 48.16786 -20.04863
 48.15443 -20.07664
 48.14114 -20.09586
 48.13696 -20.08552
 48.12965 -20.07757
 48.12071 -20.04956
 48.10544 -20.02744
 48.10037 -19.99860
 48.09435 -19.98506
 48.08094 -19.97979
 48.07521 -19.98693
 48.07128 -19.99922
 48.04448 -20.02062
 48.01151 -20.02785
 48.00903 -19.99767
 47.99441 -19.97339
 47.96927 -19.96005
 47.94627 -19.95685
 47.92850 -19.93101
 47.91669 -19.90342
 47.92594 -19.88998
 47.92547 -19.87293
 47.91015 -19.85897
 47.89243 -19.84843
 47.88020 -19.82332
 47.89256 -19.79086
 47.87935 -19.76296
 47.82106 -19.71242
 47.81279 -19.67490
 47.73724 -19.58075
 47.72939 -19.51894
 47.70603 -19.45859
 47.77166 -19.44897
 47.82220 -19.41600
 47.83419 -19.37725
 47.86147 -19.16372
 47.86013 -19.08290
 47.91940 -18.95887
 47.95475 -18.93531
 47.97562 -18.97014
 48.02226 -18.96725
 48.05435 -18.93360
 48.06162 -18.98182
 48.06621 -18.99649
 48.06550 -19.01902
 48.06487 -19.03866
 48.07074 -19.09850
 48.06058 -19.22253
 48.06208 -19.23348
 48.08776 -19.29322
 48.08585 -19.42820
 48.11133 -19.48174
 48.11650 -19.48329
 48.12177 -19.48380
 48.12719 -19.48329
 48.13267 -19.48174
 48.13334 -19.48143
 48.13396 -19.48122
 48.13443 -19.48143
 48.13489 -19.48174
 48.15071 -19.49362
 48.18941 -19.50303
 48.20396 -19.51398
 48.21065 -19.53124
 48.22701 -19.62323
 48.22677 -19.63387
 48.22481 -19.64390
 48.21835 -19.65526
 48.20039 -19.67697
 48.19690 -19.68699
 48.20290 -19.73309
 48.20031 -19.75655
 48.18590 -19.77433
 48.17608 -19.77484
 48.16745 -19.76916
 48.15900 -19.76668
 48.13114 -19.73332
 48.09068 -19.72574
 48.05021 -19.71056
 48.04009 -19.78897
 48.07297 -19.81679
 48.09573 -19.86485
 48.12430 -19.90507
23 14 48.0401 48.159 -19.9051 -19.7106 'Salgótarján (Hungary)'
 48.15900 -19.76668
 48.14952 -19.77608
 48.14869 -19.78559
 48.15791 -19.82166
 48.15267 -19.84626
 48.12962 -19.88429
 48.12430 -19.90507
 48.09573 -19.86485
 48.07297 -19.81679
 48.04009 -19.78897
 48.05021 -19.71056
 48.09068 -19.72574
 48.13114 -19.73332
 48.15900 -19.76668
24 86 47.3424 47.8322 -18.9347 -17.879 'Komárom-Esztergom (Hungary)'
 47.77590 -18.66370
 47.77796 -18.69284
 47.78812 -18.71723
 47.81362 -18.75031
 47.82230 -18.76767
 47.82633 -18.79030
 47.83219 -18.81492
 47.83186 -18.81728
 47.81706 -18.84818
 47.81217 -18.88332
 47.78825 -18.90575
 47.77122 -18.91567
 47.74132 -18.92146
 47.73241 -18.93469
 47.72169 -18.91650
 47.72678 -18.89376
 47.71709 -18.85304
 47.66608 -18.86369
 47.67022 -18.81129
 47.66484 -18.75909
 47.65249 -18.76891
 47.63807 -18.77501
 47.62430 -18.74762
 47.60500 -18.72592
 47.57870 -18.71041
 47.56185 -18.68499
 47.55529 -18.51601
 47.57561 -18.52405
 47.60898 -18.49067
 47.61683 -18.43962
 47.62076 -18.40036
 47.60113 -18.37287
 47.57561 -18.38465
 47.55597 -18.37483
 47.52652 -18.41017
 47.50537 -18.46195
 47.49413 -18.44655
 47.48899 -18.42723
 47.46925 -18.39870
 47.45209 -18.34827
 47.43752 -18.33359
 47.42847 -18.34641
 47.41612 -18.35602
 47.40672 -18.30279
 47.41442 -18.28543
 47.42925 -18.27178
 47.46346 -18.21349
 47.46392 -18.19251
 47.44548 -18.17577
 47.44095 -18.15179
 47.44021 -18.12823
 47.41669 -18.11841
 47.38713 -18.12068
 47.37540 -18.10973
 47.35918 -18.10322
 47.34243 -17.98922
 47.34569 -17.96638
 47.36388 -17.95511
 47.38501 -17.94932
 47.38848 -17.91708
 47.39881 -17.87904
 47.42646 -17.88545
 47.45478 -17.88245
 47.47504 -17.88245
 47.50382 -17.89785
 47.53188 -17.88669
 47.53793 -17.89558
 47.53255 -17.91780
 47.54997 -17.92907
 47.57255 -17.90550
 47.61280 -17.92710
 47.63032 -17.89765
 47.66076 -17.89940
 47.67843 -17.89176
 47.69613 -17.89599
 47.71799 -17.89486
 47.73921 -17.88617
 47.75252 -17.88353
 47.76249 -18.11262
 47.75388 -18.23592
 47.75626 -18.27302
 47.77677 -18.34785
 47.79285 -18.55259
 47.79065 -18.59745
 47.77982 -18.63383
 47.77590 -18.66370
25 167 46.9455 48.0543 -20.2021 -18.685 'Pest (Hungary)'
 47.83219 -18.81492
 47.83256 -18.81645
 47.85145 -18.77801
 47.87072 -18.74876
 47.88946 -18.74225
 47.91051 -18.74473
 47.95180 -18.75475
 47.96335 -18.75144
 47.96736 -18.74452
 47.97105 -18.74318
 47.98183 -18.75620
 47.98539 -18.76529
 47.98761 -18.78472
 47.99314 -18.79423
 48.03045 -18.82100
 48.04001 -18.83847
 48.05435 -18.93360
 48.02226 -18.96725
 47.97562 -18.97014
 47.95475 -18.93531
 47.91940 -18.95887
 47.86013 -19.08290
 47.86147 -19.16372
 47.83419 -19.37725
 47.82220 -19.41600
 47.77166 -19.44897
 47.70603 -19.45859
 47.72939 -19.51894
 47.73724 -19.58075
 47.72169 -19.59532
 47.71773 -19.60731
 47.71559 -19.61992
 47.70244 -19.61392
 47.68939 -19.60194
 47.67079 -19.61258
 47.65642 -19.63160
 47.62510 -19.65919
 47.60828 -19.66043
 47.59585 -19.67480
 47.56635 -19.66457
 47.53870 -19.68369
 47.52462 -19.71542
 47.52707 -19.75293
 47.50857 -19.75810
 47.49224 -19.75800
 47.46741 -19.79965
 47.45002 -19.81856
 47.32895 -19.99860
 47.31489 -20.00667
 47.29685 -20.00667
 47.28166 -20.00253
 47.26766 -20.00481
 47.24913 -20.02238
 47.23717 -20.04749
 47.19746 -20.08294
 47.15195 -20.05638
 47.10364 -20.05111
 47.05814 -20.08346
 47.02447 -20.13906
 47.00762 -20.20211
 46.97930 -20.14640
 47.00669 -20.10940
 47.02039 -20.07633
 47.01139 -20.04697
 46.99765 -20.01855
 46.96290 -19.97711
 46.97036 -19.94548
 46.98571 -19.91592
 46.98060 -19.88430
 46.96248 -19.85598
 46.94651 -19.83872
 46.94551 -19.81908
 46.94918 -19.80151
 46.94825 -19.76916
 46.98057 -19.69268
 47.01207 -19.64671
 47.02788 -19.62364
 47.09051 -19.56835
 47.11619 -19.53062
 47.12348 -19.46231
 47.11097 -19.44753
 47.09098 -19.44546
 47.07682 -19.43326
 47.06857 -19.40277
 47.05578 -19.37435
 47.02656 -19.35255
 47.01956 -19.32299
 47.04108 -19.30283
 47.06901 -19.31058
 47.09542 -19.33436
 47.12436 -19.33022
 47.14526 -19.30139
 47.15164 -19.26532
 47.11883 -19.15752
 47.07801 -19.08321
 47.06850 -19.03670
 47.06664 -18.98936
 47.03315 -18.96797
 47.07403 -18.91877
 47.08157 -18.90306
 47.09025 -18.89686
 47.11035 -18.88921
 47.14924 -18.87919
 47.16896 -18.87888
 47.18957 -18.88136
 47.20813 -18.88694
 47.23743 -18.90761
 47.28711 -18.91877
 47.30375 -18.90275
 47.31851 -18.92861
 47.34403 -18.94235
 47.36925 -18.94895
 47.38377 -19.06274
 47.36269 -19.11308
 47.36016 -19.14264
 47.40620 -19.23772
 47.42284 -19.25694
 47.44760 -19.30418
 47.48609 -19.32671
 47.49702 -19.31286
 47.50227 -19.29332
 47.54206 -19.21736
 47.53942 -19.19524
 47.55149 -19.19193
 47.56880 -19.15462
 47.58828 -19.13230
 47.60681 -19.08858
 47.60464 -19.04094
 47.58878 -19.01768
 47.57994 -18.99029
 47.57374 -18.92963
 47.51503 -18.93862
 47.44687 -18.97386
 47.43416 -18.97469
 47.40450 -18.95546
 47.42845 -18.92468
 47.44220 -18.89130
 47.46183 -18.86382
 47.45398 -18.83829
 47.42060 -18.84418
 47.38722 -18.86185
 47.35628 -18.81939
 47.36649 -18.80705
 47.41049 -18.78038
 47.43897 -18.78700
 47.46452 -18.77563
 47.50762 -18.72457
 47.56185 -18.68499
 47.57870 -18.71041
 47.60500 -18.72592
 47.62430 -18.74762
 47.63807 -18.77501
 47.65249 -18.76891
 47.66484 -18.75909
 47.67022 -18.81129
 47.66608 -18.86369
 47.71709 -18.85304
 47.72678 -18.89376
 47.72169 -18.91650
 47.73241 -18.93469
 47.74132 -18.92146
 47.77122 -18.91567
 47.78825 -18.90575
 47.81217 -18.88332
 47.81706 -18.84818
 47.83186 -18.81728
 47.83219 -18.81492
26 163 46.7644 47.6794 -21.0279 -19.6646 'Jász-Nagykun-Szolnok (Hungary)'
 47.67234 -20.77406
 47.67745 -20.79153
 47.67936 -20.81923
 47.62857 -20.84258
 47.60169 -20.88113
 47.59172 -20.91328
 47.58888 -20.94573
 47.56893 -20.97663
 47.52883 -20.98986
 47.44413 -21.00175
 47.39680 -21.01870
 47.34951 -21.02790
 47.28603 -21.02293
 47.23598 -20.99451
 47.22929 -20.97519
 47.21567 -20.96051
 47.20208 -20.95296
 47.19175 -20.94191
 47.18539 -20.91741
 47.17219 -20.90945
 47.15976 -20.89839
 47.15624 -20.88392
 47.14348 -20.87504
 47.13754 -20.86139
 47.14167 -20.84103
 47.13676 -20.82140
 47.08583 -20.76093
 47.07801 -20.74471
 47.06483 -20.73427
 47.05894 -20.73799
 47.04560 -20.73882
 47.01434 -20.70047
 46.99884 -20.70151
 46.98628 -20.71112
 46.95352 -20.71629
 46.92367 -20.70574
 46.91667 -20.69014
 46.91460 -20.67401
 46.90535 -20.65479
 46.90215 -20.63526
 46.91404 -20.62265
 46.92122 -20.60735
 46.90737 -20.58420
 46.91290 -20.55526
 46.88556 -20.52694
 46.89135 -20.49325
 46.88900 -20.45790
 46.86538 -20.41873
 46.83642 -20.40788
 46.80335 -20.42318
 46.78944 -20.38990
 46.78205 -20.35476
 46.76436 -20.32251
 46.77146 -20.28582
 46.79446 -20.24996
 46.76826 -20.13472
 46.80066 -20.06134
 46.80686 -20.03509
 46.80342 -20.01586
 46.81141 -20.00191
 46.82492 -19.99798
 46.85071 -20.01183
 46.85293 -20.00584
 46.87476 -20.02754
 46.88360 -20.06165
 46.88236 -20.09193
 46.90112 -20.10630
 46.90964 -20.08666
 46.92582 -20.08635
 46.92427 -20.10878
 46.91331 -20.12697
 46.91218 -20.13617
 46.93075 -20.15405
 46.93695 -20.15405
 46.94044 -20.14268
 46.94225 -20.12645
 46.94556 -20.11198
 46.95372 -20.10568
 46.96168 -20.11188
 46.97930 -20.14640
 47.00762 -20.20211
 47.02447 -20.13906
 47.05814 -20.08346
 47.10364 -20.05111
 47.15195 -20.05638
 47.14401 -20.11454
 47.11835 -20.16448
 47.11518 -20.17799
 47.10932 -20.19353
 47.09845 -20.22085
 47.10351 -20.27147
 47.11869 -20.30185
 47.15160 -20.30438
 47.16172 -20.26894
 47.19054 -20.24871
 47.20637 -20.27971
 47.21902 -20.28736
 47.25284 -20.26135
 47.29081 -20.19301
 47.34143 -20.13226
 47.28575 -20.06139
 47.24913 -20.02238
 47.26766 -20.00481
 47.28166 -20.00253
 47.29685 -20.00667
 47.31489 -20.00667
 47.32895 -19.99860
 47.45002 -19.81856
 47.46741 -19.79965
 47.49224 -19.75800
 47.50857 -19.75810
 47.52707 -19.75293
 47.52462 -19.71542
 47.53870 -19.68369
 47.56635 -19.66457
 47.59585 -19.67480
 47.61275 -19.72875
 47.61647 -19.78322
 47.60448 -19.80564
 47.60278 -19.81794
 47.65347 -19.87272
 47.66427 -19.88977
 47.66006 -19.91251
 47.67037 -19.96067
 47.66159 -19.99984
 47.62092 -20.00718
 47.58294 -20.02393
 47.55834 -20.07715
 47.56733 -20.12645
 47.57493 -20.11085
 47.58906 -20.10134
 47.60676 -20.19590
 47.59963 -20.20975
 47.57363 -20.22040
 47.55612 -20.23942
 47.54224 -20.27755
 47.51064 -20.29440
 47.48852 -20.28820
 47.47088 -20.29936
 47.45555 -20.31693
 47.42966 -20.37439
 47.42522 -20.39651
 47.43041 -20.42101
 47.43561 -20.43041
 47.44703 -20.44292
 47.45090 -20.44829
 47.45917 -20.48457
 47.46780 -20.49811
 47.48876 -20.50348
 47.49682 -20.51237
 47.57787 -20.68931
 47.59549 -20.69531
 47.60172 -20.69531
 47.60293 -20.70430
 47.60544 -20.70926
 47.60960 -20.71236
 47.61601 -20.71577
 47.62789 -20.70978
 47.63435 -20.72001
 47.64267 -20.74998
 47.65533 -20.76331
 47.66505 -20.76807
 47.67234 -20.77406
27 91 46.7021 47.5619 -18.968 -18.0948 'Fejér (Hungary)'
 46.95310 -18.17711
 46.99357 -18.21525
 47.04250 -18.22962
 47.06793 -18.21918
 47.13392 -18.22745
 47.15841 -18.21329
 47.16978 -18.18548
 47.22590 -18.14921
 47.25425 -18.10652
 47.28104 -18.09484
 47.30825 -18.10084
 47.31505 -18.13650
 47.35918 -18.10322
 47.37540 -18.10973
 47.38713 -18.12068
 47.41669 -18.11841
 47.44021 -18.12823
 47.44095 -18.15179
 47.44548 -18.17577
 47.46392 -18.19251
 47.46346 -18.21349
 47.42925 -18.27178
 47.41442 -18.28543
 47.40672 -18.30279
 47.41612 -18.35602
 47.42847 -18.34641
 47.43752 -18.33359
 47.45209 -18.34827
 47.46925 -18.39870
 47.48899 -18.42723
 47.49413 -18.44655
 47.50537 -18.46195
 47.53880 -18.48252
 47.55529 -18.51601
 47.56185 -18.68499
 47.50762 -18.72457
 47.46452 -18.77563
 47.43897 -18.78700
 47.41049 -18.78038
 47.36649 -18.80705
 47.35628 -18.81939
 47.33238 -18.84829
 47.31794 -18.85614
 47.30709 -18.86834
 47.30375 -18.90275
 47.28711 -18.91877
 47.23743 -18.90761
 47.20813 -18.88694
 47.18957 -18.88136
 47.16896 -18.87888
 47.14924 -18.87919
 47.11035 -18.88921
 47.09025 -18.89686
 47.08157 -18.90306
 47.07403 -18.91877
 47.03315 -18.96797
 47.02369 -18.96673
 47.01718 -18.96208
 47.01168 -18.95691
 47.00524 -18.95433
 46.99470 -18.95515
 47.01586 -18.89714
 46.97659 -18.84217
 46.92162 -18.82842
 46.88824 -18.84413
 46.84841 -18.92673
 46.83838 -18.88074
 46.81792 -18.83723
 46.73265 -18.73956
 46.71351 -18.69698
 46.70919 -18.67827
 46.70206 -18.66018
 46.70743 -18.63032
 46.78446 -18.55973
 46.78304 -18.53988
 46.77265 -18.51921
 46.75694 -18.50691
 46.74660 -18.49492
 46.74516 -18.48190
 46.75043 -18.44025
 46.76386 -18.39860
 46.80309 -18.32946
 46.80040 -18.32098
 46.80066 -18.26992
 46.79068 -18.21804
 46.81874 -18.21132
 46.87580 -18.21215
 46.88194 -18.21670
 46.88864 -18.21918
 46.91424 -18.19902
 46.95310 -18.17711
28 20 46.7021 47.5619 -18.968 -18.0948 'Fejér (Hungary)'
 47.27574 -18.49790
 47.30323 -18.47827
 47.30716 -18.45863
 47.27967 -18.43311
 47.24237 -18.37814
 47.20406 -18.32894
 47.16776 -18.37617
 47.13242 -18.40562
 47.09512 -18.41740
 47.06567 -18.42918
 47.09119 -18.49005
 47.07941 -18.52342
 47.11868 -18.55876
 47.14617 -18.57643
 47.17365 -18.57643
 47.19525 -18.55287
 47.22077 -18.55287
 47.25611 -18.56269
 47.27574 -18.52539
 47.27574 -18.49790
29 83 46.6492 47.4932 -18.2296 -17.098 'Veszprém (Hungary)'
 47.35918 -18.10322
 47.31505 -18.13650
 47.30825 -18.10084
 47.28104 -18.09484
 47.25425 -18.10652
 47.22590 -18.14921
 47.16978 -18.18548
 47.15841 -18.21329
 47.13392 -18.22745
 47.06793 -18.21918
 47.04250 -18.22962
 46.99357 -18.21525
 46.95310 -18.17711
 46.96881 -18.12678
 46.97197 -18.07262
 46.93496 -17.97630
 46.93031 -17.94984
 46.91990 -17.92628
 46.89122 -17.88690
 46.88251 -17.84204
 46.80882 -17.66190
 46.74958 -17.45829
 46.74498 -17.40662
 46.73046 -17.36600
 46.73338 -17.29923
 46.71015 -17.25862
 46.66459 -17.22038
 46.64925 -17.16663
 46.68103 -17.13583
 46.75053 -17.14865
 46.97607 -17.13573
 46.98866 -17.13966
 46.99868 -17.14793
 47.00969 -17.15309
 47.01940 -17.14679
 47.02716 -17.12064
 47.03612 -17.10855
 47.04684 -17.09801
 47.06710 -17.22038
 47.17182 -17.19981
 47.21996 -17.20374
 47.24828 -17.19588
 47.27303 -17.20766
 47.28161 -17.22017
 47.29303 -17.22751
 47.30797 -17.22740
 47.31386 -17.23578
 47.33422 -17.30233
 47.36068 -17.24673
 47.39840 -17.20188
 47.40806 -17.24084
 47.42271 -17.26823
 47.43318 -17.27691
 47.43067 -17.29500
 47.43868 -17.33210
 47.44093 -17.36941
 47.42439 -17.40321
 47.42021 -17.41974
 47.41987 -17.43773
 47.42855 -17.45209
 47.42884 -17.47431
 47.43364 -17.49695
 47.45452 -17.51710
 47.44943 -17.56867
 47.46157 -17.59741
 47.44946 -17.63740
 47.47178 -17.67978
 47.48232 -17.72587
 47.47075 -17.76122
 47.48155 -17.77858
 47.47987 -17.79739
 47.47436 -17.81548
 47.49317 -17.81641
 47.47752 -17.85145
 47.45478 -17.88245
 47.42646 -17.88545
 47.39881 -17.87904
 47.38848 -17.91708
 47.38501 -17.94932
 47.36388 -17.95511
 47.34569 -17.96638
 47.34243 -17.98922
 47.35918 -18.10322
30 18 46.6492 47.4932 -18.2296 -17.098 'Veszprém (Hungary)'
 47.05810 -18.00654
 47.12035 -18.00415
 47.16344 -17.99218
 47.20653 -17.96105
 47.22808 -17.93232
 47.22090 -17.89881
 47.18977 -17.88684
 47.18738 -17.82938
 47.17062 -17.82699
 47.15386 -17.84614
 47.12753 -17.84374
 47.09640 -17.82459
 47.05810 -17.85093
 47.01740 -17.87965
 47.01022 -17.92514
 47.02458 -17.94669
 47.06768 -17.96584
 47.05810 -18.00654
31 103 46.0997 46.8484 -19.0018 -18.0379 'Tolna (Hungary)'
 46.70206 -18.66018
 46.70919 -18.67827
 46.71351 -18.69698
 46.73265 -18.73956
 46.81792 -18.83723
 46.83838 -18.88074
 46.84841 -18.92673
 46.83523 -18.92601
 46.82712 -18.92756
 46.82050 -18.93314
 46.80707 -18.95061
 46.80350 -18.95433
 46.80081 -18.95836
 46.78397 -18.97541
 46.77994 -18.97851
 46.77559 -18.98471
 46.76549 -18.98688
 46.75389 -18.98750
 46.74516 -18.98905
 46.72314 -18.99887
 46.70847 -19.00177
 46.69488 -18.99639
 46.67627 -18.98161
 46.65612 -18.95288
 46.63524 -18.88529
 46.61483 -18.85811
 46.59116 -18.87723
 46.53173 -18.90761
 46.49876 -18.92012
 46.46861 -18.92270
 46.41430 -18.89893
 46.37836 -18.89221
 46.36286 -18.89552
 46.34291 -18.91009
 46.33056 -18.91330
 46.24570 -18.91443
 46.23403 -18.89841
 46.22565 -18.84167
 46.21710 -18.82410
 46.21219 -18.82048
 46.20633 -18.82328
 46.20261 -18.83495
 46.20555 -18.84705
 46.19323 -18.85387
 46.16178 -18.83351
 46.15566 -18.81780
 46.16139 -18.80260
 46.15119 -18.79506
 46.13140 -18.80715
 46.12290 -18.82917
 46.10814 -18.80891
 46.09967 -18.78576
 46.11078 -18.73274
 46.12990 -18.68303
 46.15550 -18.65088
 46.18788 -18.62050
 46.22599 -18.59487
 46.23873 -18.57843
 46.22989 -18.55838
 46.23005 -18.53874
 46.26343 -18.48872
 46.26033 -18.46433
 46.24663 -18.44707
 46.22720 -18.40790
 46.31281 -18.39260
 46.34833 -18.37348
 46.37882 -18.33524
 46.39500 -18.33814
 46.40787 -18.33380
 46.41161 -18.30341
 46.40409 -18.18548
 46.38247 -18.16853
 46.36459 -18.14910
 46.36570 -18.12337
 46.37118 -18.09763
 46.46616 -18.06901
 46.47463 -18.04741
 46.51566 -18.03790
 46.56212 -18.05702
 46.60207 -18.08689
 46.64108 -18.08937
 46.67844 -18.09763
 46.70873 -18.11727
 46.72568 -18.11944
 46.73958 -18.12616
 46.75343 -18.14022
 46.76996 -18.15148
 46.77554 -18.16047
 46.77689 -18.17205
 46.79068 -18.21804
 46.80066 -18.26992
 46.80040 -18.32098
 46.80309 -18.32946
 46.76386 -18.39860
 46.75043 -18.44025
 46.74516 -18.48190
 46.74660 -18.49492
 46.75694 -18.50691
 46.77265 -18.51921
 46.78304 -18.53988
 46.78446 -18.55973
 46.70743 -18.63032
 46.70206 -18.66018
32 47 46.0997 46.8484 -19.0018 -18.0379 'Tolna (Hungary)'
 46.36103 -18.76930
 46.38054 -18.76228
 46.39636 -18.75797
 46.41649 -18.73927
 46.41361 -18.71626
 46.39492 -18.70763
 46.39204 -18.68175
 46.39643 -18.66350
 46.38198 -18.64867
 46.36903 -18.62710
 46.35465 -18.61703
 46.34113 -18.61460
 46.33040 -18.62023
 46.32171 -18.62994
 46.33091 -18.65191
 46.33909 -18.65651
 46.33909 -18.66162
 46.32580 -18.66417
 46.31098 -18.66826
 46.30332 -18.68104
 46.29872 -18.70045
 46.31558 -18.71732
 46.33193 -18.72652
 46.34215 -18.73622
 46.33551 -18.75871
 46.32989 -18.78324
 46.32785 -18.80572
 46.32325 -18.83178
 46.31865 -18.85478
 46.31916 -18.87828
 46.33091 -18.88748
 46.34062 -18.88595
 46.34772 -18.87794
 46.34577 -18.86451
 46.34113 -18.85198
 46.35114 -18.85100
 46.35631 -18.84710
 46.35895 -18.84051
 46.36103 -18.83147
 46.35493 -18.82244
 46.35045 -18.81764
 46.34797 -18.81764
 46.35045 -18.81292
 46.35493 -18.80738
 46.35924 -18.80348
 46.36103 -18.80348
 46.36103 -18.76930
33 21 47.0984 47.3414 -20.3044 -20.0224 'Szolnok (Hungary)'
 47.15195 -20.05638
 47.19746 -20.08294
 47.23717 -20.04749
 47.24913 -20.02238
 47.28575 -20.06139
 47.34143 -20.13226
 47.29081 -20.19301
 47.25284 -20.26135
 47.21902 -20.28736
 47.20637 -20.27971
 47.19054 -20.24871
 47.16172 -20.26894
 47.15160 -20.30438
 47.11869 -20.30185
 47.10351 -20.27147
 47.09845 -20.22085
 47.10932 -20.19353
 47.11518 -20.17799
 47.11835 -20.16448
 47.14401 -20.11454
 47.15195 -20.05638
34 25 47.3602 47.6068 -19.3267 -18.9296 'Budapest (Hungary)'
 47.60681 -19.08858
 47.58828 -19.13230
 47.56880 -19.15462
 47.55149 -19.19193
 47.53942 -19.19524
 47.54206 -19.21736
 47.50227 -19.29332
 47.49702 -19.31286
 47.48609 -19.32671
 47.44760 -19.30418
 47.42284 -19.25694
 47.40620 -19.23772
 47.36016 -19.14264
 47.36269 -19.11308
 47.38377 -19.06274
 47.36925 -18.94895
 47.40450 -18.95546
 47.43416 -18.97469
 47.44687 -18.97386
 47.51503 -18.93862
 47.57374 -18.92963
 47.57994 -18.99029
 47.58878 -19.01768
 47.60464 -19.04094
 47.60681 -19.08858
35 16 47.3038 47.4618 -18.9555 -18.8194 'Érd (Hungary)'
 47.40450 -18.95546
 47.36925 -18.94895
 47.34403 -18.94235
 47.31851 -18.92861
 47.30375 -18.90275
 47.30709 -18.86834
 47.31794 -18.85614
 47.33238 -18.84829
 47.35628 -18.81939
 47.38722 -18.86185
 47.42060 -18.84418
 47.45398 -18.83829
 47.46183 -18.86382
 47.44220 -18.89130
 47.42845 -18.92468
 47.40450 -18.95546
36 129 47.4252 48.1514 -20.7741 -19.5807 'Heves (Hungary)'
 47.67234 -20.77406
 47.66505 -20.76807
 47.65533 -20.76331
 47.64267 -20.74998
 47.63435 -20.72001
 47.62789 -20.70978
 47.61601 -20.71577
 47.60960 -20.71236
 47.60544 -20.70926
 47.60293 -20.70430
 47.60172 -20.69531
 47.59549 -20.69531
 47.57787 -20.68931
 47.49682 -20.51237
 47.48876 -20.50348
 47.46780 -20.49811
 47.45917 -20.48457
 47.45090 -20.44829
 47.44703 -20.44292
 47.43561 -20.43041
 47.43041 -20.42101
 47.42522 -20.39651
 47.42966 -20.37439
 47.45555 -20.31693
 47.47088 -20.29936
 47.48852 -20.28820
 47.51064 -20.29440
 47.54224 -20.27755
 47.55612 -20.23942
 47.57363 -20.22040
 47.59963 -20.20975
 47.60676 -20.19590
 47.58906 -20.10134
 47.57493 -20.11085
 47.56733 -20.12645
 47.55834 -20.07715
 47.58294 -20.02393
 47.62092 -20.00718
 47.66159 -19.99984
 47.67037 -19.96067
 47.66006 -19.91251
 47.66427 -19.88977
 47.65347 -19.87272
 47.60278 -19.81794
 47.60448 -19.80564
 47.61647 -19.78322
 47.61275 -19.72875
 47.59585 -19.67480
 47.60828 -19.66043
 47.62510 -19.65919
 47.65642 -19.63160
 47.67079 -19.61258
 47.68939 -19.60194
 47.70244 -19.61392
 47.71559 -19.61992
 47.71773 -19.60731
 47.72169 -19.59532
 47.73724 -19.58075
 47.81279 -19.67490
 47.82106 -19.71242
 47.87935 -19.76296
 47.89256 -19.79086
 47.88020 -19.82332
 47.89243 -19.84843
 47.91015 -19.85897
 47.92547 -19.87293
 47.92594 -19.88998
 47.91669 -19.90342
 47.92850 -19.93101
 47.94627 -19.95685
 47.96927 -19.96005
 47.99441 -19.97339
 48.00903 -19.99767
 48.01151 -20.02785
 48.04448 -20.02062
 48.07128 -19.99922
 48.07521 -19.98693
 48.08094 -19.97979
 48.09435 -19.98506
 48.10037 -19.99860
 48.10544 -20.02744
 48.12071 -20.04956
 48.12965 -20.07757
 48.13696 -20.08552
 48.14114 -20.09586
 48.14786 -20.11818
 48.13422 -20.14206
 48.11823 -20.16107
 48.11960 -20.17720
 48.11618 -20.19146
 48.10192 -20.20448
 48.09288 -20.22092
 48.09283 -20.25606
 48.11001 -20.28468
 48.11159 -20.32075
 48.09505 -20.35476
 48.15140 -20.41842
 48.11340 -20.47281
 48.10135 -20.49005
 48.07794 -20.49511
 48.05495 -20.49180
 48.01495 -20.47878
 47.98376 -20.43434
 47.96911 -20.42204
 47.99173 -20.39468
 48.02020 -20.39468
 48.03919 -20.38519
 48.04552 -20.33773
 48.01071 -20.32191
 48.00122 -20.29660
 47.96958 -20.30293
 47.93161 -20.31558
 47.89048 -20.30293
 47.84935 -20.30293
 47.81139 -20.32507
 47.81139 -20.36937
 47.83037 -20.39152
 47.85884 -20.39152
 47.87466 -20.41366
 47.88064 -20.44840
 47.87196 -20.45677
 47.86824 -20.46452
 47.79192 -20.52849
 47.75533 -20.57480
 47.72443 -20.58813
 47.70107 -20.60890
 47.68603 -20.71856
 47.67595 -20.74150
 47.67234 -20.77406
37 23 47.8114 48.0455 -20.465 -20.2966 'Eger (Hungary)'
 47.96911 -20.42204
 47.94860 -20.42886
 47.93434 -20.44747
 47.91883 -20.46090
 47.89925 -20.46504
 47.88997 -20.45821
 47.88064 -20.44840
 47.87466 -20.41366
 47.85884 -20.39152
 47.83037 -20.39152
 47.81139 -20.36937
 47.81139 -20.32507
 47.84935 -20.30293
 47.89048 -20.30293
 47.93161 -20.31558
 47.96958 -20.30293
 48.00122 -20.29660
 48.01071 -20.32191
 48.04552 -20.33773
 48.03919 -20.38519
 48.02020 -20.39468
 47.99173 -20.39468
 47.96911 -20.42204
38 26 48.0027 48.2228 -20.9033 -20.4728 'Miskolc (Hungary)'
 48.05495 -20.49180
 48.07794 -20.49511
 48.10135 -20.49005
 48.11340 -20.47281
 48.13950 -20.50550
 48.14203 -20.55862
 48.16985 -20.60667
 48.20002 -20.66557
 48.22279 -20.71109
 48.20255 -20.75409
 48.20255 -20.78950
 48.18738 -20.82744
 48.15956 -20.85526
 48.12162 -20.87550
 48.09126 -20.87550
 48.06344 -20.89826
 48.04068 -20.90332
 48.01538 -20.87044
 48.00527 -20.81985
 48.00274 -20.77938
 48.02550 -20.72627
 48.05079 -20.67315
 48.08115 -20.64027
 48.07862 -20.57957
 48.07103 -20.52898
 48.05495 -20.49180
39 37 46.2459 46.5326 -20.617 -20.1882 'Hódmezôvásárhely (Hungary)'
 46.44807 -20.58565
 46.40621 -20.58492
 46.41205 -20.61696
 46.38451 -20.59929
 46.35586 -20.58187
 46.32641 -20.54653
 46.27144 -20.51905
 46.24592 -20.47193
 46.24984 -20.41303
 46.26555 -20.36983
 46.26555 -20.32664
 46.25888 -20.26896
 46.26281 -20.24737
 46.27566 -20.22185
 46.28990 -20.22975
 46.30305 -20.22527
 46.31684 -20.21673
 46.33165 -20.21095
 46.34797 -20.21559
 46.35554 -20.20354
 46.36599 -20.19850
 46.38898 -20.19508
 46.41002 -20.18898
 46.43366 -20.18824
 46.46731 -20.19825
 46.45599 -20.22062
 46.41476 -20.23829
 46.43832 -20.26185
 46.49722 -20.28148
 46.52078 -20.29719
 46.51882 -20.33253
 46.50900 -20.37572
 46.53256 -20.46211
 46.51685 -20.49745
 46.48937 -20.53083
 46.46384 -20.56617
 46.44807 -20.58565
40 15 46.8484 47.0159 -18.9669 -18.8284 'Dunaújváros (Hungary)'
 46.99470 -18.95515
 46.97744 -18.96053
 46.93584 -18.96694
 46.91724 -18.96652
 46.90902 -18.95805
 46.90391 -18.94885
 46.89171 -18.93893
 46.87714 -18.93087
 46.86494 -18.92756
 46.84841 -18.92673
 46.88824 -18.84413
 46.92162 -18.82842
 46.97659 -18.84217
 47.01586 -18.89714
 46.99470 -18.95515
41 20 46.7851 47.0148 -19.8191 -19.5563 'Kecskemét (Hungary)'
 47.01207 -19.64671
 46.98057 -19.69268
 46.94825 -19.76916
 46.94918 -19.80151
 46.94551 -19.81908
 46.91856 -19.81740
 46.90285 -19.78598
 46.90285 -19.75064
 46.87144 -19.72119
 46.82628 -19.72119
 46.78505 -19.68978
 46.80665 -19.65051
 46.86359 -19.62695
 46.90482 -19.59358
 46.94212 -19.57394
 46.97353 -19.55628
 46.99709 -19.56217
 47.01476 -19.57591
 46.99709 -19.62695
 47.01207 -19.64671
42 12 47.5054 47.6208 -18.524 -18.3729 'Tatabánya (Hungary)'
 47.55529 -18.51601
 47.53880 -18.48252
 47.50537 -18.46195
 47.52652 -18.41017
 47.55597 -18.37483
 47.57561 -18.38465
 47.60113 -18.37287
 47.62076 -18.40036
 47.61683 -18.43962
 47.60898 -18.49067
 47.57561 -18.52405
 47.55529 -18.51601
43 16 47.5869 47.7371 -17.8041 -17.5048 'Gyôr (Hungary)'
 47.73706 -17.67927
 47.73001 -17.72652
 47.73283 -17.77165
 47.69898 -17.79280
 47.66583 -17.80409
 47.64750 -17.79633
 47.62141 -17.73357
 47.60660 -17.69126
 47.60660 -17.62708
 47.58685 -17.58759
 47.60307 -17.55233
 47.60025 -17.53752
 47.63494 -17.50483
 47.66513 -17.56291
 47.71449 -17.58195
 47.73706 -17.67927
44 18 47.1476 47.2909 -16.6965 -16.5273 'Szombathely (Hungary)'
 47.29090 -16.63343
 47.28662 -16.65908
 47.28769 -16.67512
 47.23959 -16.69650
 47.21286 -16.69009
 47.19041 -16.68260
 47.15941 -16.68047
 47.16368 -16.65267
 47.16582 -16.62915
 47.14765 -16.60136
 47.16475 -16.57142
 47.20965 -16.55004
 47.24493 -16.53828
 47.26977 -16.52733
 47.28153 -16.53160
 47.28153 -16.55726
 47.27512 -16.56902
 47.29090 -16.63343
45 9 46.7813 46.9087 -16.9127 -16.7708 'Zalaegerszeg (Hungary)'
 46.90867 -16.84584
 46.87735 -16.89596
 46.80010 -16.91266
 46.78966 -16.87508
 46.78130 -16.81035
 46.82098 -16.81035
 46.83768 -16.77485
 46.89993 -16.77078
 46.90867 -16.84584
46 16 46.3765 46.5616 -17.0686 -16.9181 'Nagykanizsa (Hungary)'
 46.56158 -16.99496
 46.51849 -17.00505
 46.50012 -17.03178
 46.46337 -17.04013
 46.42321 -17.06856
 46.41923 -17.04499
 46.38962 -17.05387
 46.37651 -17.01508
 46.38152 -16.96329
 46.40156 -16.92320
 46.44833 -16.91986
 46.48675 -16.91819
 46.51648 -16.91812
 46.51982 -16.94652
 46.55991 -16.95320
 46.56158 -16.99496
47 18 47.0102 47.2281 -18.0065 -17.8246 'Veszprém (Hungary)'
 47.22808 -17.93232
 47.20653 -17.96105
 47.16344 -17.99218
 47.12035 -18.00415
 47.05810 -18.00654
 47.06768 -17.96584
 47.02458 -17.94669
 47.01022 -17.92514
 47.01740 -17.87965
 47.05810 -17.85093
 47.09640 -17.82459
 47.12753 -17.84374
 47.15386 -17.84614
 47.17062 -17.82699
 47.18738 -17.82938
 47.18977 -17.88684
 47.22090 -17.89881
 47.22808 -17.93232
48 17 46.2476 46.4541 -17.8805 -17.707 'Kaposvár (Hungary)'
 46.45406 -17.74947
 46.43910 -17.77641
 46.44508 -17.84163
 46.43909 -17.84163
 46.38223 -17.87156
 46.32837 -17.88053
 46.31041 -17.84761
 46.27749 -17.82667
 46.25355 -17.81470
 46.26851 -17.78178
 46.24757 -17.74287
 46.30742 -17.73390
 46.36129 -17.70696
 46.38223 -17.73090
 46.40917 -17.73689
 46.43610 -17.73750
 46.45406 -17.74947
49 21 45.9848 46.1703 -18.3705 -18.1251 'Pécs (Hungary)'
 46.17033 -18.31961
 46.10748 -18.35553
 46.06858 -18.37049
 46.05661 -18.36151
 46.06259 -18.32859
 46.06259 -18.31064
 46.04164 -18.29268
 46.01770 -18.28071
 45.99676 -18.26276
 45.98479 -18.23582
 45.99676 -18.19991
 46.02369 -18.16101
 46.03865 -18.12809
 46.06259 -18.14305
 46.08354 -18.12510
 46.12349 -18.13549
 46.14144 -18.15644
 46.16135 -18.19692
 46.15836 -18.23882
 46.15237 -18.27772
 46.17033 -18.31961
50 47 46.2987 46.4165 -18.8875 -18.6146 'Szekszárd (Hungary)'
 46.41649 -18.73927
 46.39636 -18.75797
 46.38054 -18.76228
 46.36103 -18.76930
 46.36103 -18.80348
 46.35924 -18.80348
 46.35493 -18.80738
 46.35045 -18.81292
 46.34797 -18.81764
 46.35045 -18.81764
 46.35493 -18.82244
 46.36103 -18.83147
 46.35895 -18.84051
 46.35631 -18.84710
 46.35114 -18.85100
 46.34113 -18.85198
 46.34577 -18.86451
 46.34772 -18.87794
 46.34062 -18.88595
 46.33091 -18.88748
 46.31916 -18.87828
 46.31865 -18.85478
 46.32325 -18.83178
 46.32785 -18.80572
 46.32989 -18.78324
 46.33551 -18.75871
 46.34215 -18.73622
 46.33193 -18.72652
 46.31558 -18.71732
 46.29872 -18.70045
 46.30332 -18.68104
 46.31098 -18.66826
 46.32580 -18.66417
 46.33909 -18.66162
 46.33909 -18.65651
 46.33091 -18.65191
 46.32171 -18.62994
 46.33040 -18.62023
 46.34113 -18.61460
 46.35465 -18.61703
 46.36903 -18.62710
 46.38198 -18.64867
 46.39643 -18.66350
 46.39204 -18.68175
 46.39492 -18.70763
 46.41361 -18.71626
 46.41649 -18.73927
51 20 47.0657 47.3072 -18.5764 -18.3289 'Székesfehérvár (Hungary)'
 47.30716 -18.45863
 47.30323 -18.47827
 47.27574 -18.49790
 47.27574 -18.52539
 47.25611 -18.56269
 47.22077 -18.55287
 47.19525 -18.55287
 47.17365 -18.57643
 47.14617 -18.57643
 47.11868 -18.55876
 47.07941 -18.52342
 47.09119 -18.49005
 47.06567 -18.42918
 47.09512 -18.41740
 47.13242 -18.40562
 47.16776 -18.37617
 47.20406 -18.32894
 47.24237 -18.37814
 47.27967 -18.43311
 47.30716 -18.45863
52 13 46.6657 46.8522 -21.207 -20.9753 'Békéscsaba (Hungary)'
 46.85219 -21.05972
 46.82129 -21.15594
 46.77614 -21.20109
 46.73687 -21.18931
 46.70350 -21.20698
 46.67012 -21.16772
 46.67208 -21.10489
 46.66619 -21.05777
 46.66567 -21.00279
 46.71868 -20.99101
 46.76973 -20.97530
 46.80114 -21.01850
 46.85219 -21.05972
53 30 47.3906 47.7323 -21.8628 -21.4161 'Debrecen (Hungary)'
 47.73228 -21.54384
 47.67913 -21.53119
 47.67154 -21.54637
 47.70191 -21.55903
 47.70697 -21.60965
 47.66141 -21.62737
 47.61585 -21.65015
 47.59054 -21.67799
 47.60826 -21.72355
 47.63610 -21.75646
 47.64369 -21.79189
 47.61079 -21.82986
 47.57029 -21.86276
 47.50701 -21.86023
 47.46905 -21.83998
 47.41589 -21.77164
 47.44373 -21.73114
 47.43867 -21.69318
 47.39058 -21.63749
 47.39058 -21.57675
 47.43108 -21.56409
 47.44373 -21.53878
 47.45293 -21.50723
 47.50102 -21.48698
 47.50102 -21.41864
 47.55164 -21.41611
 47.60986 -21.43889
 47.69179 -21.48056
 47.72216 -21.52359
 47.73228 -21.54384
54 22 47.8335 48.0368 -21.8981 -21.6199 'Nyíregyháza (Hungary)'
 48.03679 -21.76814
 48.02320 -21.79691
 47.99285 -21.79691
 47.99032 -21.85003
 48.00297 -21.87532
 47.98779 -21.89556
 47.95238 -21.89809
 47.91444 -21.89556
 47.90938 -21.86268
 47.87397 -21.86015
 47.84109 -21.83738
 47.83350 -21.78174
 47.84868 -21.74886
 47.86132 -21.68056
 47.87397 -21.61986
 47.93467 -21.62745
 47.98526 -21.63504
 48.00644 -21.64420
 48.02921 -21.66191
 48.03174 -21.71250
 48.01909 -21.73020
 48.03679 -21.76814
