0 23 14.1107 14.2028 -145.291 -145.119 'Rota (Northern Mariana Islands)'
 14.18138 -145.20574
 14.20038 -145.25245
 14.20279 -145.27996
 14.18138 -145.29054
 14.16958 -145.28736
 14.16104 -145.28207
 14.15583 -145.27361
 14.15412 -145.26043
 14.15005 -145.24985
 14.14037 -145.24285
 14.12910 -145.23683
 14.11994 -145.22901
 14.11066 -145.20997
 14.11392 -145.19947
 14.12177 -145.18963
 14.12617 -145.17164
 14.12271 -145.14226
 14.12324 -145.12623
 14.12958 -145.11931
 14.14692 -145.13071
 14.16376 -145.15724
 14.17642 -145.18637
 14.18138 -145.20574
1 22 14.9153 15.0821 -145.668 -145.577 'Tinian (Northern Mariana Islands)'
 15.07209 -145.64731
 15.05927 -145.65260
 15.04658 -145.65122
 15.03295 -145.64796
 15.01748 -145.64731
 15.00873 -145.65138
 14.99299 -145.66505
 14.98273 -145.66782
 14.95698 -145.66139
 14.92975 -145.64576
 14.91527 -145.62582
 14.92813 -145.60646
 14.94111 -145.60182
 14.96865 -145.59791
 14.98273 -145.59213
 14.99860 -145.57984
 15.00585 -145.57716
 15.01748 -145.57846
 15.04043 -145.59010
 15.06680 -145.61109
 15.08210 -145.63307
 15.07209 -145.64731
2 39 15.096 15.2722 -145.824 -145.682 'Saipan (Northern Mariana Islands)'
 15.26728 -145.78785
 15.27216 -145.80112
 15.27017 -145.81658
 15.26240 -145.82374
 15.25023 -145.81186
 15.24323 -145.80047
 15.23225 -145.79274
 15.18952 -145.77589
 15.18085 -145.77654
 15.16828 -145.78452
 15.15917 -145.77980
 15.15461 -145.77361
 15.15502 -145.76612
 15.16083 -145.75717
 15.14985 -145.74497
 15.13666 -145.73878
 15.12271 -145.73943
 15.10932 -145.74692
 15.09601 -145.75261
 15.09642 -145.73854
 15.10236 -145.72104
 15.10562 -145.71632
 15.10049 -145.69410
 15.10248 -145.68556
 15.11652 -145.68214
 15.13129 -145.68385
 15.16828 -145.69581
 15.18256 -145.69695
 15.19367 -145.69646
 15.20319 -145.69825
 15.21235 -145.70582
 15.21552 -145.71111
 15.22289 -145.72999
 15.22769 -145.73341
 15.23924 -145.73406
 15.24339 -145.73609
 15.24934 -145.74838
 15.25739 -145.77442
 15.26728 -145.78785
3 15 16.3392 20.5554 -145.869 -144.902 'Northern Islands (Northern Mariana Islands)'
 16.36750 -145.70948
 16.35261 -145.71762
 16.34496 -145.71119
 16.34178 -145.69703
 16.33918 -145.66912
 16.34028 -145.65602
 16.34463 -145.64381
 16.35322 -145.63380
 16.36408 -145.62818
 16.37368 -145.62941
 16.37995 -145.63771
 16.38117 -145.65414
 16.37743 -145.66717
 16.37372 -145.69793
 16.36750 -145.70948
4 17 16.3392 20.5554 -145.869 -144.902 'Northern Islands (Northern Mariana Islands)'
 18.17521 -145.77112
 18.17390 -145.81170
 18.16771 -145.82496
 18.15795 -145.83522
 18.14509 -145.83912
 18.12832 -145.83562
 18.11933 -145.82643
 18.11302 -145.81430
 18.10419 -145.80201
 18.06118 -145.75815
 18.05329 -145.74366
 18.05419 -145.71949
 18.07747 -145.71307
 18.09097 -145.73951
 18.11373 -145.75077
 18.16175 -145.75670
 18.17521 -145.77112
5 13 16.3392 20.5554 -145.869 -144.902 'Northern Islands (Northern Mariana Islands)'
 18.72427 -145.66163
 18.74722 -145.63552
 18.78691 -145.63256
 18.80890 -145.65037
 18.80736 -145.68832
 18.79165 -145.70191
 18.77969 -145.70802
 18.76683 -145.70965
 18.74844 -145.70948
 18.73713 -145.70509
 18.72773 -145.69361
 18.72260 -145.67823
 18.72427 -145.66163
6 5 16.3392 20.5554 -145.869 -144.902 'Northern Islands (Northern Mariana Islands)'
 16.67548 -145.78924
 16.69477 -145.76905
 16.70010 -145.78590
 16.69306 -145.80454
 16.67548 -145.78924
7 5 16.3392 20.5554 -145.869 -144.902 'Northern Islands (Northern Mariana Islands)'
 17.28579 -145.85499
 17.30516 -145.83595
 17.30939 -145.85125
 17.30174 -145.86817
 17.28579 -145.85499
8 9 16.3392 20.5554 -145.869 -144.902 'Northern Islands (Northern Mariana Islands)'
 17.56688 -145.85426
 17.57746 -145.83220
 17.59321 -145.82691
 17.60578 -145.83424
 17.60688 -145.85060
 17.59854 -145.86297
 17.58674 -145.86891
 17.57502 -145.86695
 17.56688 -145.85426
9 9 16.3392 20.5554 -145.869 -144.902 'Northern Islands (Northern Mariana Islands)'
 19.65278 -145.40561
 19.66055 -145.39177
 19.67280 -145.38209
 19.68415 -145.38209
 19.68891 -145.39723
 19.68448 -145.40992
 19.67438 -145.41538
 19.66242 -145.41375
 19.65278 -145.40561
10 17 16.3392 20.5554 -145.869 -144.902 'Northern Islands (Northern Mariana Islands)'
 20.00971 -145.25074
 20.01325 -145.24000
 20.02021 -145.23113
 20.02977 -145.22674
 20.04096 -145.22926
 20.05044 -145.23878
 20.04556 -145.24342
 20.03579 -145.24537
 20.03042 -145.24586
 20.03144 -145.25245
 20.03461 -145.26149
 20.03620 -145.26938
 20.03238 -145.27280
 20.02416 -145.27076
 20.01756 -145.26580
 20.01264 -145.25864
 20.00971 -145.25074
11 9 16.3392 20.5554 -145.869 -144.902 'Northern Islands (Northern Mariana Islands)'
 20.51716 -144.91570
 20.52660 -144.90512
 20.54003 -144.90211
 20.55150 -144.90675
 20.55541 -144.91969
 20.54922 -144.93181
 20.53750 -144.93247
 20.52534 -144.92579
 20.51716 -144.91570
