0 41 -11.8458 -6.60552 -166.932 -155.671 'Solomon Is. (Solomon Is.)'
 -9.82945 -160.82025
 -9.86660 -160.82524
 -9.88916 -160.78691
 -9.93000 -160.65027
 -9.92334 -160.59885
 -9.89139 -160.48996
 -9.82611 -160.34525
 -9.81958 -160.31747
 -9.81250 -160.23551
 -9.81743 -160.19504
 -9.82472 -160.14664
 -9.82889 -160.07178
 -9.82431 -160.00638
 -9.79916 -159.83434
 -9.71195 -159.73273
 -9.53750 -159.61691
 -9.42889 -159.60245
 -9.32055 -159.60184
 -9.29416 -159.62635
 -9.28139 -159.64776
 -9.27195 -159.66553
 -9.25736 -159.69802
 -9.25500 -159.72301
 -9.28208 -159.77580
 -9.30778 -159.80887
 -9.34111 -159.84677
 -9.36861 -159.87385
 -9.38889 -159.88415
 -9.41584 -159.90649
 -9.43153 -159.93345
 -9.43750 -159.99856
 -9.43139 -160.13100
 -9.41645 -160.15804
 -9.41528 -160.35690
 -9.42666 -160.38638
 -9.54972 -160.58304
 -9.60153 -160.64249
 -9.62945 -160.65720
 -9.69945 -160.71705
 -9.73195 -160.78012
 -9.82945 -160.82025
1 55 -11.8458 -6.60552 -166.932 -155.671 'Solomon Is. (Solomon Is.)'
 -9.11777 -161.22663
 -9.13507 -161.20822
 -9.21111 -161.24219
 -9.35722 -161.28888
 -9.48277 -161.36691
 -9.50792 -161.37732
 -9.55305 -161.38694
 -9.59840 -161.39073
 -9.63187 -161.37900
 -9.56805 -161.29358
 -9.51611 -161.25747
 -9.49208 -161.24399
 -9.45778 -161.23413
 -9.42805 -161.21968
 -9.39639 -161.19373
 -9.19007 -160.92261
 -9.18431 -160.88553
 -9.06264 -160.80816
 -9.00611 -160.78665
 -8.94778 -160.76471
 -8.89639 -160.75638
 -8.80555 -160.72218
 -8.77528 -160.70441
 -8.75555 -160.69004
 -8.62695 -160.65860
 -8.60695 -160.65727
 -8.58889 -160.68192
 -8.56493 -160.71753
 -8.52305 -160.70996
 -8.43445 -160.64206
 -8.41757 -160.61614
 -8.38500 -160.58915
 -8.33500 -160.58025
 -8.30611 -160.71524
 -8.31500 -160.75513
 -8.37014 -160.81290
 -8.41181 -160.82372
 -8.46882 -160.85892
 -8.52639 -160.91470
 -8.57472 -160.96885
 -8.59055 -160.98356
 -8.63555 -161.00998
 -8.65611 -161.00609
 -8.68305 -160.97162
 -8.71028 -160.94971
 -8.76361 -160.93055
 -8.79611 -160.93747
 -8.81653 -160.94429
 -8.84955 -160.98833
 -8.84153 -161.02095
 -8.92250 -161.11787
 -8.95222 -161.14956
 -8.96972 -161.16316
 -9.09666 -161.22162
 -9.11777 -161.22663
2 37 -11.8458 -6.60552 -166.932 -155.671 'Solomon Is. (Solomon Is.)'
 -8.51972 -159.86414
 -8.52111 -159.87662
 -8.55757 -159.89002
 -8.54750 -159.84442
 -8.52723 -159.81079
 -8.52166 -159.80246
 -8.41139 -159.69913
 -8.36055 -159.62246
 -8.35361 -159.59329
 -8.35375 -159.56137
 -8.33945 -159.52499
 -8.18472 -159.20218
 -8.08722 -159.01388
 -7.97145 -158.84218
 -7.94653 -158.84405
 -7.92305 -158.82330
 -7.80611 -158.67595
 -7.76979 -158.60599
 -7.72143 -158.57988
 -7.69006 -158.58881
 -7.66241 -158.57458
 -7.64576 -158.54801
 -7.62455 -158.52251
 -7.55416 -158.48745
 -7.56792 -158.64581
 -7.62500 -158.76165
 -7.75584 -158.92191
 -7.84972 -159.02222
 -7.90431 -159.07858
 -7.91805 -159.11996
 -7.94722 -159.24274
 -7.99416 -159.38803
 -8.07750 -159.50247
 -8.10695 -159.53333
 -8.33195 -159.85121
 -8.48861 -159.86551
 -8.51972 -159.86414
3 39 -11.8458 -6.60552 -166.932 -155.671 'Solomon Is. (Solomon Is.)'
 -10.72945 -162.29275
 -10.78555 -162.26331
 -10.82028 -162.33996
 -10.82946 -162.38294
 -10.84195 -162.30582
 -10.82778 -162.11746
 -10.76861 -161.88217
 -10.72084 -161.77832
 -10.62527 -161.63638
 -10.53264 -161.53804
 -10.50889 -161.54136
 -10.36777 -161.49856
 -10.35084 -161.46637
 -10.33334 -161.40055
 -10.33000 -161.37010
 -10.34611 -161.34684
 -10.33375 -161.28513
 -10.30334 -161.27969
 -10.21187 -161.29698
 -10.20334 -161.34579
 -10.20805 -161.38333
 -10.21139 -161.40610
 -10.22153 -161.44373
 -10.25445 -161.50610
 -10.27666 -161.54525
 -10.36236 -161.69261
 -10.38139 -161.71109
 -10.40271 -161.72350
 -10.44805 -161.83915
 -10.48000 -162.00560
 -10.47906 -162.05493
 -10.44743 -162.07600
 -10.44930 -162.10649
 -10.47361 -162.13245
 -10.54236 -162.17984
 -10.67361 -162.26471
 -10.68445 -162.28665
 -10.70535 -162.29282
 -10.72945 -162.29275
4 45 -11.8458 -6.60552 -166.932 -155.671 'Solomon Is. (Solomon Is.)'
 -7.43389 -157.44385
 -7.41840 -157.44184
 -7.40069 -157.38428
 -7.39666 -157.35885
 -7.36861 -157.26111
 -7.33055 -157.14636
 -7.21639 -156.93206
 -7.17569 -156.89054
 -7.13278 -156.86135
 -7.06555 -156.81275
 -6.90166 -156.68365
 -6.87584 -156.64636
 -6.86834 -156.61780
 -6.82805 -156.55859
 -6.78334 -156.50775
 -6.73695 -156.46524
 -6.66111 -156.43900
 -6.63986 -156.44164
 -6.60552 -156.48645
 -6.60931 -156.53484
 -6.65889 -156.65151
 -6.68389 -156.67441
 -6.70278 -156.68942
 -6.73153 -156.70996
 -6.76416 -156.75665
 -6.77847 -156.77985
 -6.81445 -156.86359
 -6.86681 -156.98413
 -6.90166 -157.04248
 -6.97431 -157.11635
 -6.99653 -157.12635
 -7.02945 -157.12329
 -7.05965 -157.12545
 -7.12500 -157.14623
 -7.17834 -157.18829
 -7.28375 -157.31927
 -7.32465 -157.43345
 -7.31542 -157.45594
 -7.30160 -157.49926
 -7.31666 -157.53227
 -7.35916 -157.53511
 -7.37792 -157.52651
 -7.38010 -157.50247
 -7.40000 -157.46442
 -7.43389 -157.44385
5 58 -11.8458 -6.60552 -166.932 -155.671 'Solomon Is. (Solomon Is.)'
 -8.62084 -157.81192
 -8.58945 -157.80081
 -8.55445 -157.77414
 -8.53000 -157.75305
 -8.51382 -157.72983
 -8.51695 -157.70025
 -8.51639 -157.68719
 -8.51361 -157.67636
 -8.50555 -157.65692
 -8.48389 -157.61733
 -8.44250 -157.58025
 -8.43111 -157.57467
 -8.39986 -157.56178
 -8.33945 -157.55915
 -8.32750 -157.56191
 -8.34361 -157.57275
 -8.35445 -157.57553
 -8.38875 -157.58011
 -8.41416 -157.61989
 -8.40319 -157.62815
 -8.38750 -157.62830
 -8.29875 -157.57885
 -8.26889 -157.55555
 -8.25528 -157.53234
 -8.27445 -157.36245
 -8.30834 -157.33496
 -8.31750 -157.33038
 -8.34000 -157.29359
 -8.33389 -157.26111
 -8.31222 -157.23635
 -8.29416 -157.22745
 -8.25611 -157.21496
 -8.23834 -157.21469
 -8.22361 -157.21856
 -8.19757 -157.23572
 -8.12722 -157.32745
 -8.07277 -157.35467
 -8.03278 -157.38303
 -7.99208 -157.42484
 -7.98666 -157.43637
 -7.96778 -157.48578
 -7.96597 -157.50054
 -8.01111 -157.58359
 -8.02611 -157.59747
 -8.06028 -157.61150
 -8.14084 -157.61441
 -8.15834 -157.61191
 -8.23847 -157.63303
 -8.23695 -157.67276
 -8.22479 -157.69983
 -8.22084 -157.72497
 -8.22472 -157.73441
 -8.24826 -157.77769
 -8.40584 -157.87079
 -8.48313 -157.90615
 -8.56639 -157.87635
 -8.59555 -157.82221
 -8.62084 -157.81192
6 24 -11.8458 -6.60552 -166.932 -155.671 'Solomon Is. (Solomon Is.)'
 -7.95084 -156.70304
 -7.75805 -156.56525
 -7.75195 -156.54554
 -7.71181 -156.50720
 -7.69834 -156.50027
 -7.68722 -156.49746
 -7.65278 -156.49606
 -7.63431 -156.49815
 -7.60313 -156.51817
 -7.57861 -156.55441
 -7.57055 -156.58385
 -7.58889 -156.62370
 -7.70305 -156.77915
 -7.72875 -156.80830
 -7.75931 -156.80789
 -7.76945 -156.80386
 -7.79055 -156.79080
 -7.81292 -156.77234
 -7.82445 -156.74969
 -7.84236 -156.72676
 -7.86528 -156.71552
 -7.88555 -156.70859
 -7.89722 -156.70664
 -7.95084 -156.70304
7 24 -11.8458 -6.60552 -166.932 -155.671 'Solomon Is. (Solomon Is.)'
 -8.15166 -157.15055
 -8.15084 -157.14444
 -8.12639 -157.04358
 -8.11861 -157.02901
 -8.07695 -156.99164
 -8.04639 -156.96775
 -8.00778 -156.95191
 -7.97778 -156.94497
 -7.96639 -156.94721
 -7.92222 -156.96415
 -7.89639 -156.98135
 -7.86535 -157.02768
 -7.85195 -157.08025
 -7.85305 -157.09385
 -7.85916 -157.12189
 -7.89305 -157.15555
 -7.91945 -157.17691
 -7.93166 -157.18359
 -7.98166 -157.19692
 -8.05945 -157.20413
 -8.08445 -157.19913
 -8.11958 -157.18358
 -8.14722 -157.15984
 -8.15166 -157.15055
8 27 -11.8458 -6.60552 -166.932 -155.671 'Solomon Is. (Solomon Is.)'
 -11.84584 -160.49746
 -11.84166 -160.47238
 -11.81084 -160.41721
 -11.79945 -160.40136
 -11.78166 -160.38193
 -11.75973 -160.38025
 -11.74680 -160.37648
 -11.71834 -160.36051
 -11.64111 -160.27818
 -11.63305 -160.26305
 -11.62945 -160.23745
 -11.63819 -160.22238
 -11.65722 -160.20828
 -11.65160 -160.15358
 -11.60750 -160.02859
 -11.60222 -160.01972
 -11.59222 -160.00943
 -11.56722 -159.98691
 -11.52639 -159.96219
 -11.50445 -159.96733
 -11.46986 -159.99997
 -11.49805 -160.08081
 -11.65722 -160.39609
 -11.68000 -160.43705
 -11.75055 -160.51804
 -11.80805 -160.52746
 -11.84584 -160.49746
9 18 -11.8458 -6.60552 -166.932 -155.671 'Solomon Is. (Solomon Is.)'
 -8.77305 -157.99134
 -8.75666 -157.95155
 -8.72222 -157.91275
 -8.68166 -157.87482
 -8.61000 -157.87552
 -8.56916 -157.89609
 -8.53000 -157.95108
 -8.52056 -157.96885
 -8.50847 -157.99593
 -8.50778 -158.00747
 -8.52458 -158.09497
 -8.54000 -158.12390
 -8.57014 -158.14054
 -8.69855 -158.10467
 -8.73055 -158.07303
 -8.76166 -158.03679
 -8.77111 -158.00305
 -8.77305 -157.99134
10 20 -11.8458 -6.60552 -166.932 -155.671 'Solomon Is. (Solomon Is.)'
 -10.87361 -165.88303
 -10.84805 -165.83081
 -10.85104 -165.80414
 -10.81500 -165.78082
 -10.80500 -165.77746
 -10.76361 -165.77971
 -10.73500 -165.80887
 -10.68250 -165.88694
 -10.67368 -165.90581
 -10.66500 -166.04748
 -10.67805 -166.15735
 -10.69916 -166.16580
 -10.75799 -166.14186
 -10.77528 -166.11245
 -10.79542 -166.06110
 -10.78819 -166.00693
 -10.77166 -165.97128
 -10.78000 -165.95554
 -10.85334 -165.89664
 -10.87361 -165.88303
11 23 -11.8458 -6.60552 -166.932 -155.671 'Solomon Is. (Solomon Is.)'
 -9.79916 -161.55609
 -9.73222 -161.50055
 -9.73042 -161.45302
 -9.73222 -161.43956
 -9.66945 -161.39722
 -9.66000 -161.39304
 -9.55510 -161.39880
 -9.52099 -161.38744
 -9.49005 -161.39334
 -9.47232 -161.40516
 -9.43956 -161.39106
 -9.41945 -161.37189
 -9.35777 -161.34997
 -9.34160 -161.35190
 -9.39292 -161.41498
 -9.45111 -161.45191
 -9.59584 -161.53775
 -9.63222 -161.55414
 -9.64305 -161.55692
 -9.72416 -161.56912
 -9.77417 -161.57190
 -9.79361 -161.56442
 -9.79916 -161.55609
12 22 -11.8458 -6.60552 -166.932 -155.671 'Solomon Is. (Solomon Is.)'
 -8.73445 -157.38443
 -8.71972 -157.34302
 -8.69445 -157.30746
 -8.58347 -157.20275
 -8.56889 -157.19885
 -8.55500 -157.20191
 -8.53847 -157.21260
 -8.51361 -157.23551
 -8.44695 -157.30095
 -8.41389 -157.34302
 -8.41084 -157.35989
 -8.42819 -157.38636
 -8.45611 -157.40277
 -8.49674 -157.40901
 -8.58111 -157.37093
 -8.58278 -157.36023
 -8.57472 -157.35135
 -8.57535 -157.33760
 -8.64416 -157.32705
 -8.66889 -157.33274
 -8.68584 -157.33967
 -8.73445 -157.38443
13 15 -11.8458 -6.60552 -166.932 -155.671 'Solomon Is. (Solomon Is.)'
 -7.12945 -155.76914
 -7.12334 -155.72663
 -7.09153 -155.67130
 -7.02945 -155.69107
 -6.99611 -155.70941
 -6.96750 -155.72995
 -6.96861 -155.74274
 -7.03361 -155.84940
 -7.04361 -155.85968
 -7.06271 -155.86897
 -7.10493 -155.85336
 -7.10166 -155.83009
 -7.10916 -155.80332
 -7.11916 -155.78637
 -7.12945 -155.76914
14 15 -11.8458 -6.60552 -166.932 -155.671 'Solomon Is. (Solomon Is.)'
 -8.54834 -159.67776
 -8.54208 -159.64776
 -8.53750 -159.63525
 -8.48055 -159.54901
 -8.46834 -159.53747
 -8.45334 -159.53110
 -8.41264 -159.53317
 -8.40389 -159.53943
 -8.37889 -159.56885
 -8.37750 -159.60523
 -8.38611 -159.63053
 -8.39639 -159.64429
 -8.51500 -159.70122
 -8.54528 -159.68498
 -8.54834 -159.67776
15 17 -11.8458 -6.60552 -166.932 -155.671 'Solomon Is. (Solomon Is.)'
 -9.13195 -160.26444
 -9.10139 -160.22704
 -9.08847 -160.19386
 -9.09028 -160.14693
 -9.09736 -160.13359
 -9.09611 -160.12052
 -9.09028 -160.10927
 -9.04431 -160.07705
 -9.00667 -160.16303
 -8.99695 -160.19011
 -9.00458 -160.24315
 -9.03972 -160.29053
 -9.04805 -160.29608
 -9.05805 -160.29941
 -9.10889 -160.28915
 -9.12166 -160.28151
 -9.13195 -160.26444
16 18 -11.8458 -6.60552 -166.932 -155.671 'Solomon Is. (Solomon Is.)'
 -11.69750 -166.84442
 -11.69473 -166.83331
 -11.68125 -166.79775
 -11.67389 -166.78943
 -11.60653 -166.74217
 -11.58111 -166.75971
 -11.57563 -166.77234
 -11.57528 -166.78747
 -11.57334 -166.80609
 -11.57334 -166.82663
 -11.57528 -166.83801
 -11.58666 -166.86427
 -11.64778 -166.92108
 -11.67111 -166.93184
 -11.68542 -166.91345
 -11.69278 -166.87939
 -11.69695 -166.85053
 -11.69750 -166.84442
17 16 -11.8458 -6.60552 -166.932 -155.671 'Solomon Is. (Solomon Is.)'
 -8.20528 -156.59412
 -8.20181 -156.58455
 -8.09431 -156.53290
 -8.07889 -156.53110
 -7.95445 -156.52665
 -7.94431 -156.54554
 -7.94666 -156.55719
 -7.97111 -156.57358
 -7.99278 -156.58609
 -8.00695 -156.59079
 -8.04834 -156.60385
 -8.07084 -156.60858
 -8.11028 -156.61468
 -8.16257 -156.61801
 -8.19993 -156.60078
 -8.20528 -156.59412
18 11 -11.8458 -6.60552 -166.932 -155.671 'Solomon Is. (Solomon Is.)'
 -9.11972 -159.09940
 -9.10139 -159.06580
 -9.07695 -159.03305
 -9.06292 -159.03178
 -8.99750 -159.09495
 -8.99375 -159.13512
 -9.02868 -159.18995
 -9.07639 -159.16803
 -9.08528 -159.16330
 -9.10889 -159.14749
 -9.11972 -159.09940
19 16 -11.8458 -6.60552 -166.932 -155.671 'Solomon Is. (Solomon Is.)'
 -8.80084 -157.61996
 -8.78834 -157.60870
 -8.77528 -157.57745
 -8.76625 -157.55150
 -8.76695 -157.52555
 -8.75834 -157.49328
 -8.73861 -157.45969
 -8.72201 -157.44592
 -8.71139 -157.44748
 -8.69319 -157.55901
 -8.71361 -157.59677
 -8.74805 -157.63388
 -8.77417 -157.65123
 -8.79416 -157.64401
 -8.80028 -157.62606
 -8.80084 -157.61996
20 25 -11.8458 -6.60552 -166.932 -155.671 'Solomon Is. (Solomon Is.)'
 -9.19611 -160.24384
 -9.19416 -160.22872
 -9.17292 -160.21344
 -9.16379 -160.22205
 -9.16353 -160.23549
 -9.16353 -160.25515
 -9.15422 -160.27143
 -9.13535 -160.28461
 -9.11881 -160.29857
 -9.09786 -160.30452
 -9.08287 -160.30245
 -9.06666 -160.30928
 -9.06028 -160.32205
 -9.09244 -160.34743
 -9.11777 -160.35881
 -9.12062 -160.38181
 -9.13292 -160.40804
 -9.17278 -160.38742
 -9.19014 -160.35114
 -9.18139 -160.33026
 -9.16043 -160.30426
 -9.16584 -160.28580
 -9.18525 -160.28486
 -9.18705 -160.26419
 -9.19611 -160.24384
21 13 -11.8458 -6.60552 -166.932 -155.671 'Solomon Is. (Solomon Is.)'
 -7.65889 -158.52442
 -7.65139 -158.47995
 -7.64584 -158.41831
 -7.64473 -158.39636
 -7.64055 -158.35941
 -7.59361 -158.32025
 -7.57945 -158.31414
 -7.56861 -158.36078
 -7.56722 -158.37745
 -7.59834 -158.45801
 -7.61334 -158.48621
 -7.65042 -158.52769
 -7.65889 -158.52442
