0 19 16.9892 17.0643 61.7262 61.815 'Saint Paul (Antigua and Barbuda)'
 17.03848 61.72623
 17.03486 61.73400
 17.02578 61.73436
 17.00117 61.72964
 16.98924 61.73713
 16.99681 61.75353
 17.01097 61.76976
 17.01854 61.77684
 17.01691 61.78360
 17.00731 61.80407
 17.02347 61.81095
 17.03469 61.80788
 17.04796 61.81503
 17.05612 61.80686
 17.06224 61.78441
 17.06020 61.77421
 17.06020 61.74870
 17.06428 61.73339
 17.03848 61.72623
1 21 17.0278 17.1005 61.6676 61.7334 'Saint Philip (Antigua and Barbuda)'
 17.09309 61.71483
 17.09345 61.70165
 17.10053 61.68810
 17.10053 61.68065
 17.09561 61.67553
 17.09064 61.67211
 17.07941 61.66759
 17.07990 61.67439
 17.07892 61.68814
 17.07941 61.69494
 17.06826 61.68566
 17.06293 61.67707
 17.05756 61.67219
 17.04588 61.67443
 17.02855 61.68570
 17.02782 61.69701
 17.03417 61.70995
 17.03848 61.72623
 17.06428 61.73339
 17.08367 61.72829
 17.09309 61.71483
2 24 17.0602 17.1415 61.7086 61.7742 'Saint Peter (Antigua and Barbuda)'
 17.11416 61.75642
 17.12303 61.75544
 17.12889 61.75276
 17.14151 61.74332
 17.13296 61.73762
 17.12800 61.72985
 17.12637 61.72008
 17.12783 61.70861
 17.12254 61.71349
 17.11880 61.71630
 17.11612 61.72053
 17.11416 61.72964
 17.09984 61.72509
 17.09309 61.71483
 17.08367 61.72829
 17.06428 61.73339
 17.06020 61.74870
 17.06020 61.77421
 17.07143 61.77421
 17.08571 61.76707
 17.08980 61.75584
 17.10000 61.75686
 17.10816 61.76196
 17.11416 61.75642
3 17 17.0714 17.1649 61.7558 61.8058 'Saint George (Antigua and Barbuda)'
 17.16494 61.79337
 17.14716 61.78067
 17.12653 61.77302
 17.11416 61.75642
 17.10816 61.76196
 17.10000 61.75686
 17.08980 61.75584
 17.08571 61.76707
 17.07143 61.77421
 17.07449 61.78135
 17.08367 61.79564
 17.09490 61.79360
 17.11633 61.79666
 17.12347 61.80482
 17.14388 61.80584
 17.14490 61.79156
 17.16494 61.79337
4 31 17.0429 17.1688 61.7742 61.8942 'Saint John (Antigua and Barbuda)'
 17.08686 61.86620
 17.08954 61.87336
 17.10053 61.89415
 17.11050 61.88313
 17.11782 61.86539
 17.12442 61.84236
 17.13764 61.85045
 17.14948 61.84878
 17.15986 61.83967
 17.16877 61.82527
 17.16494 61.79337
 17.14490 61.79156
 17.14388 61.80584
 17.12347 61.80482
 17.11633 61.79666
 17.09490 61.79360
 17.08367 61.79564
 17.07449 61.78135
 17.07143 61.77421
 17.06020 61.77421
 17.06224 61.78441
 17.05612 61.80686
 17.04796 61.81503
 17.05918 61.82013
 17.04286 61.83544
 17.06837 61.83135
 17.07959 61.82625
 17.08265 61.82727
 17.08673 61.84462
 17.09490 61.85380
 17.08686 61.86620
5 22 17.0048 17.0949 61.8041 61.8904 'Saint Mary (Antigua and Barbuda)'
 17.00731 61.80407
 17.00495 61.81786
 17.00483 61.83869
 17.00764 61.85171
 17.02627 61.88366
 17.03539 61.89037
 17.04902 61.88362
 17.06045 61.87922
 17.07022 61.88280
 17.07880 61.88244
 17.08686 61.86620
 17.09490 61.85380
 17.08673 61.84462
 17.08265 61.82727
 17.07959 61.82625
 17.06837 61.83135
 17.04286 61.83544
 17.05918 61.82013
 17.04796 61.81503
 17.03469 61.80788
 17.02347 61.81095
 17.00731 61.80407
6 45 17.5456 17.7277 61.7278 61.8739 'Barbuda (Antigua and Barbuda)'
 17.59333 61.83894
 17.58657 61.85180
 17.60098 61.85729
 17.64179 61.85936
 17.66014 61.86392
 17.67548 61.86974
 17.69115 61.87385
 17.71064 61.87304
 17.70734 61.86937
 17.70409 61.86783
 17.69636 61.86620
 17.68423 61.86010
 17.66596 61.84423
 17.65542 61.83894
 17.64142 61.83922
 17.62958 61.84317
 17.62018 61.84317
 17.61384 61.83145
 17.63247 61.82649
 17.65795 61.82502
 17.68049 61.83121
 17.69013 61.84919
 17.70108 61.85643
 17.72028 61.85167
 17.72769 61.83780
 17.70319 61.81786
 17.69937 61.82457
 17.69636 61.83145
 17.69184 61.81823
 17.69880 61.79727
 17.69636 61.78429
 17.68464 61.76818
 17.66877 61.75426
 17.65135 61.74328
 17.63491 61.73591
 17.60497 61.72875
 17.58845 61.72777
 17.57282 61.72964
 17.55402 61.73640
 17.55060 61.74328
 17.55150 61.75357
 17.54556 61.77066
 17.56342 61.77697
 17.57612 61.79475
 17.59333 61.83894
7 10 16.932 16.9409 62.3429 62.3483 'Redonda (Antigua and Barbuda)'
 16.93914 62.34559
 16.94040 62.34461
 16.94090 62.34306
 16.93837 62.34292
 16.93506 62.34306
 16.93253 62.34446
 16.93197 62.34707
 16.93366 62.34826
 16.93738 62.34728
 16.93914 62.34559
