0 124 28.529 32.4179 -11.963 -9.28654 'Ghadamis (Libya)'
 31.95702 -10.68356
 31.96218 -10.70310
 31.98539 -10.73658
 32.00451 -10.77286
 32.03236 -10.80562
 32.11179 -10.84593
 32.13670 -10.87322
 32.26222 -11.18234
 32.36849 -11.44403
 32.40800 -11.51390
 32.41786 -11.52609
 32.41384 -11.53380
 32.36893 -11.59312
 32.32245 -11.64314
 32.30573 -11.70071
 32.30756 -11.86267
 32.18860 -11.86267
 32.08807 -11.84003
 31.96177 -11.82277
 31.85490 -11.83972
 31.78132 -11.85554
 31.68075 -11.83735
 31.56205 -11.83290
 31.46232 -11.84520
 31.33594 -11.83672
 31.24737 -11.85295
 31.16699 -11.89502
 31.08681 -11.94566
 31.08089 -11.96302
 30.93103 -11.86732
 30.76016 -11.73296
 30.64635 -11.65079
 30.59834 -11.59860
 30.54243 -11.58992
 30.41334 -11.61627
 30.23686 -11.61214
 30.03274 -11.61968
 29.81061 -11.64945
 29.57933 -11.69007
 29.36648 -11.72986
 29.08701 -11.72934
 28.96831 -11.80830
 28.85919 -11.89739
 28.77600 -11.92158
 28.59505 -11.95186
 28.59216 -11.95010
 28.56947 -11.93181
 28.52901 -11.89791
 28.55169 -11.78877
 28.61030 -11.72479
 28.59154 -11.62330
 28.59009 -11.58733
 28.60332 -11.49235
 28.58461 -11.45463
 28.54513 -11.38755
 28.54490 -11.32389
 28.59298 -11.19098
 28.62278 -11.14488
 28.64156 -11.01631
 28.71458 -10.95378
 28.78724 -10.93828
 28.84465 -10.90986
 28.82739 -10.85260
 28.78494 -10.78025
 28.77184 -10.76155
 28.73013 -10.70584
 28.69417 -10.61654
 28.66055 -10.52714
 28.62458 -10.44074
 28.61404 -10.37490
 28.68525 -10.23155
 28.71727 -10.13791
 28.70512 -10.09151
 28.68094 -10.00159
 28.65730 -9.92284
 28.63298 -9.87013
 28.61865 -9.82728
 28.78600 -9.85126
 28.97573 -9.84827
 29.12853 -9.82615
 29.36843 -9.74693
 29.60832 -9.66771
 29.80232 -9.54968
 29.96871 -9.42173
 30.02279 -9.36949
 30.08437 -9.31000
 30.11713 -9.28654
 30.22891 -9.51971
 30.33133 -9.74347
 30.33810 -9.77292
 30.34228 -9.84579
 30.35515 -9.87131
 30.49452 -9.99565
 30.64170 -10.10117
 30.73125 -10.19222
 30.84179 -10.25393
 30.88215 -10.26974
 30.91563 -10.27015
 30.98571 -10.24504
 31.02116 -10.24059
 31.05955 -10.24618
 31.07816 -10.24483
 31.13536 -10.21321
 31.24078 -10.18272
 31.41183 -10.10810
 31.42919 -10.10624
 31.49441 -10.11688
 31.51756 -10.13259
 31.57859 -10.19646
 31.68050 -10.26395
 31.71584 -10.31542
 31.71460 -10.42777
 31.73310 -10.48254
 31.74432 -10.49887
 31.75703 -10.51355
 31.77207 -10.52554
 31.80664 -10.54238
 31.84028 -10.58455
 31.87351 -10.59757
 31.95361 -10.60595
 31.97412 -10.62848
 31.97195 -10.64729
 31.96322 -10.66527
 31.95702 -10.68356
1 50 32.3057 33.1812 -12.5732 -11.4492 'An Nuqat al Khams (Libya)'
 32.41786 -11.52609
 32.43427 -11.54635
 32.46549 -11.56413
 32.50758 -11.56062
 32.54352 -11.53736
 32.59928 -11.47039
 32.63796 -11.44993
 32.69302 -11.44920
 32.79846 -11.46378
 32.90210 -11.45654
 32.96987 -11.47442
 33.02584 -11.47494
 33.04121 -11.47742
 33.13638 -11.50605
 33.18123 -11.50511
 33.17695 -11.52589
 33.16592 -11.56023
 33.15795 -11.57496
 33.13231 -11.58766
 33.12149 -11.60304
 33.10871 -11.63575
 33.09252 -11.75660
 33.08076 -11.79347
 33.09935 -11.77296
 33.11717 -11.70777
 33.13597 -11.69109
 33.11298 -11.73927
 33.08283 -11.84702
 32.95783 -12.08074
 32.92133 -12.12241
 32.91169 -12.16066
 32.87592 -12.22486
 32.84309 -12.30388
 32.83267 -12.34832
 32.81257 -12.57322
 32.81249 -12.57311
 32.79932 -12.55492
 32.65708 -12.50139
 32.60080 -12.46211
 32.53099 -12.33716
 32.47419 -12.28641
 32.44249 -12.20849
 32.40683 -12.12208
 32.35441 -12.09759
 32.30756 -11.86267
 32.30573 -11.70071
 32.32245 -11.64314
 32.36893 -11.59312
 32.41384 -11.53380
 32.41786 -11.52609
2 128 19.4961 27.0492 -24.9812 -19.1681 'Al Kufrah (Libya)'
 19.49612 -23.98131
 19.55718 -23.85780
 19.61813 -23.73429
 19.67911 -23.61079
 19.74017 -23.48728
 19.80117 -23.36377
 19.86210 -23.24016
 19.92315 -23.11676
 19.98410 -22.99315
 20.04511 -22.86964
 20.10606 -22.74614
 20.16709 -22.62263
 20.22809 -22.49912
 20.28912 -22.37562
 20.35008 -22.25211
 20.41105 -22.12860
 20.47203 -22.00510
 20.53306 -21.88149
 20.59399 -21.75808
 20.65497 -21.63447
 20.71605 -21.51097
 20.77703 -21.38746
 20.83801 -21.26395
 20.89904 -21.14034
 20.95996 -21.01694
 21.02094 -20.89333
 21.08197 -20.76993
 21.14290 -20.64642
 21.20393 -20.52281
 21.26501 -20.39941
 21.32593 -20.27580
 21.38691 -20.15229
 21.44794 -20.02878
 21.50887 -19.90528
 21.56990 -19.78167
 21.63088 -19.65826
 21.69186 -19.53465
 21.75289 -19.41115
 21.81392 -19.28764
 21.86418 -19.18584
 21.94249 -19.18584
 21.95303 -19.18584
 21.96354 -19.18584
 21.97406 -19.18573
 21.98460 -19.18573
 21.99512 -19.18573
 22.00563 -19.18563
 22.01618 -19.18563
 22.02669 -19.18563
 22.52385 -19.18346
 23.02097 -19.18119
 23.51810 -19.17902
 24.01523 -19.17685
 24.51235 -19.17467
 25.00948 -19.17250
 25.50661 -19.17033
 26.00376 -19.16806
 26.50830 -19.16899
 27.01287 -19.16982
 27.01411 -19.50954
 27.01535 -19.84926
 27.01858 -20.28613
 27.02181 -20.72311
 27.01473 -21.32297
 27.00763 -21.92283
 27.01117 -22.50729
 27.01468 -23.09185
 27.02388 -23.67683
 27.03305 -24.26181
 27.04135 -24.63088
 27.04923 -24.98073
 27.04924 -24.98124
 26.85996 -24.98124
 26.66452 -24.98124
 26.37271 -24.98124
 26.08084 -24.98124
 25.78897 -24.98124
 25.49726 -24.98124
 25.20544 -24.98124
 24.91357 -24.98124
 24.62173 -24.98124
 24.32996 -24.98124
 24.03815 -24.98124
 23.74628 -24.98124
 23.45444 -24.98124
 23.16267 -24.98124
 22.87080 -24.98124
 22.57898 -24.98124
 22.28717 -24.98124
 21.99535 -24.98124
 21.87081 -24.98124
 21.74617 -24.98114
 21.62158 -24.98114
 21.49704 -24.98114
 21.37244 -24.98114
 21.24785 -24.98104
 21.12331 -24.98093
 20.99872 -24.98093
 20.87413 -24.98093
 20.74954 -24.98083
 20.62494 -24.98083
 20.50035 -24.98083
 20.40532 -24.98073
 20.31023 -24.98062
 20.21510 -24.98062
 20.12001 -24.98052
 20.00839 -24.98052
 20.00206 -24.98052
 20.00051 -24.97959
 19.99901 -24.97866
 19.99746 -24.97773
 19.99596 -24.97680
 19.99565 -24.97453
 19.99542 -24.97236
 19.99519 -24.97019
 19.99496 -24.96802
 19.99496 -24.86725
 19.99503 -24.72131
 19.99506 -24.59915
 19.99519 -24.47461
 19.99529 -24.34087
 19.99532 -24.22791
 19.99542 -24.14243
 19.99542 -23.98131
 19.87060 -23.98131
 19.74582 -23.98131
 19.62103 -23.98131
 19.49612 -23.98131
3 180 21.8642 27.0752 -19.1858 -11.3326 'Murzuq (Libya)'
 21.86418 -19.18584
 21.87489 -19.16413
 21.93587 -19.04073
 21.99685 -18.91712
 22.05788 -18.79361
 22.11881 -18.67011
 22.17984 -18.54660
 22.24087 -18.42299
 22.30184 -18.29959
 22.36282 -18.17598
 22.42385 -18.05247
 22.48478 -17.92896
 22.54576 -17.80546
 22.60679 -17.68195
 22.66776 -17.55844
 22.72879 -17.43483
 22.78980 -17.31143
 22.85075 -17.18792
 22.91176 -17.06431
 22.97273 -16.94091
 23.03366 -16.81730
 23.09466 -16.69379
 23.15572 -16.57029
 23.21672 -16.44678
 23.27773 -16.32317
 23.33871 -16.19977
 23.39963 -16.07616
 23.44472 -15.98510
 23.44221 -15.96464
 23.42203 -15.92020
 23.39594 -15.86252
 23.36979 -15.80485
 23.34364 -15.74718
 23.31752 -15.68962
 23.29134 -15.63194
 23.26520 -15.57427
 23.23905 -15.51650
 23.21290 -15.45883
 23.18675 -15.40116
 23.16058 -15.34349
 23.13445 -15.28582
 23.10836 -15.22814
 23.08226 -15.17037
 23.05611 -15.11291
 23.02996 -15.05524
 23.00382 -14.99746
 22.99566 -14.97991
 22.99537 -14.97927
 22.99532 -14.97917
 22.90889 -14.80802
 22.82254 -14.63707
 22.73618 -14.46602
 22.64983 -14.29487
 22.61795 -14.23172
 22.61630 -14.21622
 22.62322 -14.20164
 22.66074 -14.15617
 22.76370 -14.03101
 22.86662 -13.90606
 22.96963 -13.78089
 23.07262 -13.65579
 23.11903 -13.59956
 23.17967 -13.48226
 23.20238 -13.38066
 23.22210 -13.29240
 23.24171 -13.20413
 23.26145 -13.11587
 23.28114 -13.02761
 23.30083 -12.93945
 23.32049 -12.85118
 23.34018 -12.76302
 23.35989 -12.67466
 23.37958 -12.58650
 23.39924 -12.49834
 23.41888 -12.40997
 23.43862 -12.32181
 23.45829 -12.23365
 23.47795 -12.14528
 23.49761 -12.05702
 23.51735 -11.96886
 23.66006 -11.89238
 23.79064 -11.82231
 24.00014 -11.71014
 24.00298 -11.70862
 24.13765 -11.63648
 24.26684 -11.56713
 24.29751 -11.54139
 24.31381 -11.50863
 24.32634 -11.46724
 24.46300 -11.48098
 24.59390 -11.45546
 24.79678 -11.33402
 24.98509 -11.33732
 25.19211 -11.34001
 25.38933 -11.33257
 25.55144 -11.39954
 25.65197 -11.59405
 25.57327 -11.77420
 25.54779 -11.85843
 25.56304 -12.04560
 25.57591 -12.15991
 25.65412 -12.26171
 25.73225 -12.36362
 25.70797 -12.50004
 25.72086 -12.62489
 25.77943 -12.70675
 25.81010 -12.79987
 25.86139 -12.96554
 25.87677 -13.20543
 25.94498 -13.30826
 26.06001 -13.41007
 26.11799 -13.48190
 26.15970 -13.66927
 26.24687 -13.93437
 26.24501 -13.93448
 26.26770 -14.13302
 26.30739 -14.24743
 26.37627 -14.42437
 26.48138 -14.53796
 26.58623 -14.64120
 26.68163 -14.74466
 26.75790 -14.82755
 26.80694 -14.97400
 26.83686 -15.09978
 26.87671 -15.27796
 26.89779 -15.46710
 26.92807 -15.65603
 26.94792 -15.76103
 27.07517 -16.27966
 27.00267 -16.27087
 26.92926 -16.26912
 26.84622 -16.27842
 26.79281 -16.32265
 26.77366 -16.37195
 26.73279 -16.45960
 26.70147 -16.51995
 26.63093 -16.57514
 26.52815 -16.56801
 26.42578 -16.62072
 26.32620 -16.72759
 26.28504 -16.80397
 26.23408 -16.88303
 26.16342 -16.94050
 26.13468 -17.09253
 26.10094 -17.26337
 26.05229 -17.40982
 26.08417 -17.49364
 26.12580 -17.56661
 26.13554 -17.69663
 26.15747 -17.77796
 26.24284 -17.90809
 26.29411 -17.95418
 26.34516 -18.06280
 26.37645 -18.20409
 26.32943 -18.32057
 26.23354 -18.41245
 26.14977 -18.51497
 26.13931 -18.61512
 26.11401 -18.72881
 26.08580 -18.88560
 26.05515 -19.02078
 26.02229 -19.12600
 26.00376 -19.16806
 25.50661 -19.17033
 25.00948 -19.17250
 24.51235 -19.17467
 24.01523 -19.17685
 23.51810 -19.17902
 23.02097 -19.18119
 22.52385 -19.18346
 22.02669 -19.18563
 22.01618 -19.18563
 22.00563 -19.18563
 21.99512 -19.18573
 21.98460 -19.18573
 21.97406 -19.18573
 21.96354 -19.18584
 21.95303 -19.18584
 21.94249 -19.18584
 21.86418 -19.18584
4 134 28.0967 32.2242 -25.1563 -22.9556 'Al Butnan (Libya)'
 31.65648 -25.15089
 31.61352 -25.08842
 31.57937 -25.06041
 31.49441 -25.02372
 31.38036 -24.86125
 31.34863 -24.84895
 31.31204 -24.84864
 31.22791 -24.85856
 31.14596 -24.85950
 31.03909 -24.88265
 31.01883 -24.88957
 30.95677 -24.92461
 30.90576 -24.93763
 30.82541 -24.98124
 30.78510 -24.99489
 30.75058 -24.98858
 30.71627 -24.97360
 30.67627 -24.96119
 30.62123 -24.95065
 30.55235 -24.92037
 30.53245 -24.91706
 30.49866 -24.90766
 30.46434 -24.88812
 30.38755 -24.82973
 30.36084 -24.79945
 30.33102 -24.77237
 30.31707 -24.76286
 30.28275 -24.74612
 30.21790 -24.70467
 30.18276 -24.68865
 30.14416 -24.68834
 30.12261 -24.69733
 30.07837 -24.72555
 29.89089 -24.81164
 29.86841 -24.81619
 29.84857 -24.81495
 29.79643 -24.79821
 29.75480 -24.80492
 29.67948 -24.85619
 29.63835 -24.87066
 29.61401 -24.87055
 29.54156 -24.86156
 29.50290 -24.86384
 29.46833 -24.87376
 29.29268 -24.95665
 29.23894 -24.97432
 29.18137 -24.98124
 29.05792 -24.98124
 28.89018 -24.98124
 28.49154 -24.98124
 28.09670 -24.98124
 28.09679 -24.98073
 28.09684 -24.98042
 28.09865 -24.97070
 28.10048 -24.96089
 28.11017 -24.48619
 28.11989 -24.01149
 28.12958 -23.53679
 28.13926 -23.06209
 28.79695 -23.06085
 29.45461 -23.05961
 30.11227 -23.05837
 30.76996 -23.05702
 30.77740 -23.03625
 30.78487 -23.01537
 30.79233 -22.99460
 30.79977 -22.97372
 30.79967 -22.97258
 30.79957 -22.97134
 30.79946 -22.97010
 30.79936 -22.96886
 31.00625 -22.96876
 31.08066 -22.95563
 31.23334 -22.95656
 31.40364 -22.98540
 31.51219 -23.07139
 31.66830 -23.10529
 31.84800 -23.11841
 32.00347 -23.16875
 32.12199 -23.21763
 32.21008 -23.24988
 32.21673 -23.25136
 32.21377 -23.25733
 32.20970 -23.27320
 32.20376 -23.28541
 32.19233 -23.29322
 32.17072 -23.30250
 32.16275 -23.31219
 32.17927 -23.31039
 32.22419 -23.29908
 32.21784 -23.31837
 32.21711 -23.36199
 32.21402 -23.37086
 32.19404 -23.39894
 32.19066 -23.40528
 32.18138 -23.53110
 32.18325 -23.66969
 32.14912 -23.84034
 32.09390 -23.99871
 32.07420 -23.97527
 32.06660 -23.97071
 32.06224 -23.97877
 32.05292 -24.00489
 32.01118 -24.06788
 32.00576 -24.09067
 32.00755 -24.28094
 31.99144 -24.54607
 32.01488 -24.63624
 32.02863 -24.65854
 32.03242 -24.67026
 32.02558 -24.71062
 32.02753 -24.71860
 32.03132 -24.72633
 32.03315 -24.73373
 32.02900 -24.74187
 32.02619 -24.74586
 32.01996 -24.75807
 32.01675 -24.77198
 32.00776 -24.79176
 32.00300 -24.82439
 31.98933 -24.86541
 31.96792 -24.98170
 31.94904 -25.01791
 31.91633 -25.03338
 31.87661 -25.02442
 31.85468 -25.02223
 31.83690 -25.02955
 31.80410 -25.06373
 31.73798 -25.11687
 31.72085 -25.12208
 31.69257 -25.13673
 31.66307 -25.15626
 31.65982 -25.15252
 31.65648 -25.15089
5 106 27.0076 31.2628 -24.9812 -18.4993 'Ajdabiya (Libya)'
 28.09670 -24.98124
 28.01855 -24.98124
 27.66650 -24.98124
 27.62782 -24.98124
 27.47546 -24.98124
 27.13803 -24.98124
 27.04924 -24.98124
 27.04923 -24.98073
 27.04135 -24.63088
 27.03305 -24.26181
 27.02388 -23.67683
 27.01468 -23.09185
 27.01117 -22.50729
 27.00763 -21.92283
 27.01473 -21.32297
 27.02181 -20.72311
 27.01858 -20.28613
 27.01535 -19.84926
 27.01411 -19.50954
 27.01287 -19.16982
 28.34742 -19.17219
 28.35824 -19.00425
 28.36018 -19.00445
 28.43664 -18.71858
 28.50208 -18.49926
 28.87599 -18.49988
 29.16471 -18.51363
 29.36916 -18.57988
 29.51742 -18.69925
 29.66602 -18.73315
 29.83342 -18.71372
 30.00057 -18.72643
 30.19534 -18.76106
 30.37592 -18.78053
 30.29336 -18.92595
 30.27774 -18.96803
 30.26618 -19.05681
 30.26472 -19.14601
 30.27399 -19.23976
 30.28705 -19.29168
 30.29881 -19.33855
 30.33324 -19.41896
 30.39680 -19.53053
 30.40493 -19.55104
 30.41201 -19.59604
 30.42137 -19.61638
 30.51093 -19.74887
 30.68293 -19.91432
 30.74970 -19.95818
 30.77863 -19.98219
 30.80378 -20.01873
 30.81908 -20.03647
 30.93500 -20.09986
 31.04556 -20.14666
 31.08820 -20.15235
 31.21678 -20.14666
 31.22386 -20.14165
 31.22843 -20.15343
 31.23719 -20.15043
 31.24171 -20.14764
 31.25174 -20.13575
 31.26070 -20.13286
 31.26282 -20.18919
 31.23169 -20.29905
 31.17489 -20.34308
 31.08831 -20.41749
 31.02539 -20.52353
 31.00700 -20.59371
 31.01379 -20.73809
 31.04614 -20.93405
 31.03506 -21.31904
 31.03278 -21.39748
 31.04314 -21.65525
 31.06562 -21.71716
 31.09301 -21.79281
 31.10743 -21.97161
 31.11988 -22.11248
 31.14515 -22.25893
 31.08673 -22.33593
 30.99276 -22.45654
 30.89349 -22.51184
 30.82902 -22.61922
 30.81693 -22.68929
 30.79156 -22.78985
 30.79300 -22.88876
 30.79936 -22.96886
 30.79946 -22.97010
 30.79957 -22.97134
 30.79967 -22.97258
 30.79977 -22.97372
 30.79233 -22.99460
 30.78487 -23.01537
 30.77740 -23.03625
 30.76996 -23.05702
 30.11227 -23.05837
 29.45461 -23.05961
 28.79695 -23.06085
 28.13926 -23.06209
 28.12958 -23.53679
 28.11989 -24.01149
 28.11017 -24.48619
 28.10048 -24.96089
 28.09865 -24.97070
 28.09684 -24.98042
 28.09679 -24.98073
 28.09670 -24.98124
6 137 26.2175 29.5675 -15.894 -9.77695 'Ash Shati' (Libya)'
 27.81864 -9.93127
 27.82740 -9.93426
 27.86672 -9.93591
 28.20944 -9.78987
 28.26758 -9.77695
 28.61865 -9.82728
 28.63298 -9.87013
 28.65730 -9.92284
 28.68094 -10.00159
 28.70512 -10.09151
 28.71727 -10.13791
 28.68525 -10.23155
 28.61404 -10.37490
 28.62458 -10.44074
 28.66055 -10.52714
 28.69417 -10.61654
 28.73013 -10.70584
 28.77184 -10.76155
 28.78494 -10.78025
 28.82739 -10.85260
 28.84465 -10.90986
 28.78724 -10.93828
 28.71458 -10.95378
 28.64156 -11.01631
 28.62278 -11.14488
 28.59298 -11.19098
 28.54490 -11.32389
 28.54513 -11.38755
 28.58461 -11.45463
 28.60332 -11.49235
 28.59009 -11.58733
 28.59154 -11.62330
 28.61030 -11.72479
 28.55169 -11.78877
 28.52901 -11.89791
 28.56947 -11.93181
 28.59216 -11.95010
 28.59505 -11.95186
 28.64724 -11.98328
 28.61531 -12.10958
 28.60973 -12.15691
 28.56523 -12.27825
 28.55805 -12.35060
 28.55355 -12.43100
 28.54345 -12.49240
 28.46555 -12.50159
 28.42697 -12.58903
 28.43031 -12.68846
 28.49371 -12.75760
 28.56324 -12.79047
 28.60916 -12.84948
 28.64029 -12.90622
 28.68701 -12.99293
 28.73931 -13.10445
 28.84263 -13.20842
 28.95529 -13.30103
 29.03513 -13.35901
 29.10771 -13.42019
 29.17995 -13.47022
 29.26674 -13.51704
 29.35681 -13.59724
 29.42195 -13.65904
 29.46487 -13.71320
 29.54587 -13.82472
 29.56755 -13.91050
 29.55246 -13.99205
 29.52213 -14.05168
 29.46657 -14.18180
 29.40061 -14.28701
 29.32188 -14.37032
 29.26436 -14.42220
 29.20910 -14.41982
 29.11039 -14.41559
 28.98810 -14.40814
 28.87850 -14.42251
 28.79889 -14.46923
 28.71949 -14.52700
 28.67427 -14.58643
 28.62200 -14.65991
 28.52040 -14.83975
 28.40772 -14.95870
 28.29590 -14.99188
 28.21774 -14.99384
 28.14485 -15.01762
 28.12952 -15.12273
 28.14138 -15.24933
 28.20696 -15.38028
 28.21859 -15.50689
 28.21484 -15.58967
 28.17502 -15.72011
 28.15637 -15.79214
 28.07919 -15.87886
 27.99628 -15.89405
 27.91535 -15.87069
 27.81954 -15.83100
 27.74335 -15.79659
 27.72120 -15.79586
 27.74115 -15.56415
 27.69268 -15.41656
 27.66384 -15.35351
 27.64281 -15.17399
 27.63201 -15.06847
 27.57380 -14.92129
 27.46047 -14.84905
 27.39303 -14.72337
 27.33518 -14.61878
 27.27746 -14.52483
 27.22061 -14.48359
 27.17271 -14.42117
 27.16147 -14.31606
 27.12891 -13.98316
 27.18981 -13.62525
 27.26784 -13.34940
 27.29218 -13.19054
 27.25035 -13.01236
 27.11310 -12.77372
 26.97667 -12.57766
 26.79105 -12.30987
 26.60401 -12.01118
 26.43616 -11.74412
 26.29705 -11.50796
 26.21747 -11.37474
 26.35767 -11.35892
 26.48782 -11.32265
 26.74826 -11.26012
 26.95314 -11.22074
 27.09277 -11.19418
 27.32588 -11.16400
 27.43623 -11.10685
 27.48933 -11.02024
 27.53150 -10.89177
 27.56961 -10.65757
 27.61842 -10.46523
 27.66705 -10.27258
 27.74347 -10.07859
 27.81717 -9.93503
 27.81864 -9.93127
7 89 24.3263 27.8186 -11.481 -9.3778 'Ghat (Libya)'
 24.47329 -10.41051
 24.47998 -10.39180
 24.57664 -10.26033
 24.59511 -10.24225
 24.62994 -10.22974
 24.72286 -10.21217
 24.74994 -10.19336
 24.82962 -10.04453
 24.85634 -10.03203
 24.99506 -10.02996
 25.13640 -10.02552
 25.26802 -10.02138
 25.33143 -10.00795
 25.39540 -9.96950
 25.58847 -9.81674
 25.74349 -9.69396
 25.93635 -9.54131
 26.11339 -9.40116
 26.16895 -9.37780
 26.21618 -9.40251
 26.23225 -9.41646
 26.27199 -9.43475
 26.30103 -9.46886
 26.31555 -9.47764
 26.33261 -9.48136
 26.35255 -9.48260
 26.50422 -9.83576
 26.52438 -9.85457
 26.65279 -9.89633
 26.67398 -9.89405
 26.70178 -9.88258
 26.73661 -9.88547
 26.84312 -9.91059
 26.85748 -9.90666
 26.86958 -9.89085
 26.89195 -9.84610
 26.90099 -9.83514
 26.92058 -9.82553
 27.02512 -9.80610
 27.29188 -9.72135
 27.30846 -9.72187
 27.32469 -9.72652
 27.36412 -9.74305
 27.42303 -9.75628
 27.44422 -9.77055
 27.48649 -9.81364
 27.50569 -9.82160
 27.52654 -9.81168
 27.54891 -9.79711
 27.56974 -9.79390
 27.58573 -9.81850
 27.59930 -9.84661
 27.61925 -9.86336
 27.81864 -9.93127
 27.81717 -9.93503
 27.74347 -10.07859
 27.66705 -10.27258
 27.61842 -10.46523
 27.56961 -10.65757
 27.53150 -10.89177
 27.48933 -11.02024
 27.43623 -11.10685
 27.32588 -11.16400
 27.09277 -11.19418
 26.95314 -11.22074
 26.74826 -11.26012
 26.48782 -11.32265
 26.35767 -11.35892
 26.21747 -11.37474
 26.08996 -11.35323
 25.94127 -11.31606
 25.74922 -11.30367
 25.63770 -11.33464
 25.55144 -11.39954
 25.38933 -11.33257
 25.19211 -11.34001
 24.98509 -11.33732
 24.79678 -11.33402
 24.59390 -11.45546
 24.46300 -11.48098
 24.32634 -11.46724
 24.42233 -11.15000
 24.49450 -10.91135
 24.55230 -10.72067
 24.55612 -10.69907
 24.55385 -10.67736
 24.51646 -10.56678
 24.47693 -10.45019
 24.47329 -10.41051
8 78 28.4846 31.2612 -18.7805 -16.1146 'Surt (Libya)'
 31.26124 -16.13738
 31.22712 -16.35865
 31.22382 -16.72804
 31.18329 -16.94191
 31.11880 -17.16033
 31.08649 -17.33058
 31.08662 -17.36590
 31.08308 -17.37501
 31.07876 -17.38201
 31.06216 -17.41863
 31.03872 -17.44728
 31.03335 -17.45777
 31.02997 -17.46681
 30.99250 -17.61394
 30.95966 -17.69174
 30.93521 -17.77605
 30.92365 -17.84864
 30.91364 -17.86166
 30.87792 -17.88917
 30.86351 -17.90748
 30.85517 -17.92677
 30.83788 -18.01686
 30.78608 -18.17530
 30.76923 -18.20834
 30.74681 -18.23569
 30.65689 -18.32423
 30.50007 -18.56837
 30.44575 -18.62330
 30.42231 -18.65317
 30.39151 -18.71925
 30.38422 -18.76100
 30.37592 -18.78053
 30.19534 -18.76106
 30.00057 -18.72643
 29.83342 -18.71372
 29.66602 -18.73315
 29.51742 -18.69925
 29.36916 -18.57988
 29.16471 -18.51363
 28.87599 -18.49988
 28.50208 -18.49926
 28.48462 -18.49926
 28.51748 -18.38465
 28.55534 -18.22548
 28.63962 -18.08782
 28.73305 -17.98209
 28.87294 -17.94033
 28.98479 -17.89847
 29.07802 -17.81362
 29.16189 -17.72866
 29.25498 -17.68639
 29.32942 -17.66541
 29.39456 -17.58015
 29.39449 -17.50522
 29.35717 -17.43029
 29.28261 -17.33386
 29.31030 -17.23774
 29.34715 -17.08808
 29.43050 -16.98122
 29.43929 -16.85285
 29.40159 -16.74588
 29.39123 -16.55334
 29.41841 -16.43562
 29.40880 -16.41856
 29.53052 -16.51013
 29.63295 -16.53122
 29.76289 -16.49866
 29.92065 -16.46590
 30.12436 -16.37919
 30.30944 -16.30302
 30.49470 -16.26984
 30.68901 -16.22571
 30.90152 -16.15977
 31.04927 -16.11564
 31.21577 -16.11460
 31.25119 -16.13207
 31.26117 -16.13734
 31.26124 -16.13738
9 109 29.3768 32.4497 -16.5312 -13.3977 'Misratah (Libya)'
 32.44968 -14.75583
 32.44392 -14.91114
 32.41279 -15.11476
 32.39867 -15.16000
 32.39549 -15.18198
 32.38980 -15.19597
 32.34711 -15.23325
 32.32884 -15.26970
 32.31729 -15.28305
 32.28091 -15.29217
 32.26081 -15.30079
 32.22419 -15.32260
 32.17471 -15.36451
 32.15908 -15.37045
 32.13801 -15.36866
 32.10212 -15.35963
 32.06167 -15.35686
 32.03852 -15.35524
 31.96532 -15.36109
 31.92939 -15.37045
 31.66486 -15.49041
 31.62836 -15.51441
 31.49726 -15.62281
 31.43781 -15.68751
 31.38813 -15.76149
 31.27554 -16.04461
 31.26124 -16.13738
 31.26117 -16.13734
 31.25119 -16.13207
 31.21577 -16.11460
 31.04927 -16.11564
 30.90152 -16.15977
 30.68901 -16.22571
 30.49470 -16.26984
 30.30944 -16.30302
 30.12436 -16.37919
 29.92065 -16.46590
 29.76289 -16.49866
 29.63295 -16.53122
 29.53052 -16.51013
 29.40880 -16.41856
 29.43660 -16.37133
 29.46383 -16.27501
 29.49996 -16.13558
 29.47122 -16.03947
 29.42386 -15.94355
 29.37676 -15.87968
 29.39399 -15.74057
 29.46763 -15.66502
 29.55995 -15.59991
 29.58750 -15.56745
 29.61468 -15.50296
 29.61328 -15.38514
 29.64013 -15.29915
 29.65747 -15.20251
 29.70196 -15.05193
 29.77526 -14.97586
 29.83921 -14.89990
 29.86195 -14.85422
 29.88092 -14.86558
 29.94065 -14.93121
 30.01711 -14.97969
 30.13180 -14.98237
 30.25841 -14.97080
 30.40920 -14.95013
 30.46243 -14.86455
 30.46607 -14.85866
 30.49878 -14.78176
 30.55054 -14.56069
 30.61901 -14.45166
 30.65358 -14.35760
 30.72105 -14.21167
 30.83677 -14.15720
 31.03201 -14.06594
 31.24321 -13.93417
 31.25982 -13.91660
 31.29013 -13.86161
 31.32264 -13.79816
 31.43917 -13.68891
 31.50828 -13.63238
 31.61453 -13.59992
 31.70577 -13.55373
 31.81356 -13.48985
 31.96092 -13.45265
 32.05078 -13.39766
 32.05210 -13.45885
 32.04807 -13.61636
 32.05670 -13.67734
 32.08094 -13.77728
 32.10055 -13.83371
 32.10181 -13.89923
 32.07711 -13.96104
 32.07401 -13.99163
 32.08647 -14.06574
 32.14256 -14.12206
 32.04605 -14.28505
 31.97714 -14.36505
 31.94560 -14.47047
 31.95882 -14.60121
 31.96776 -14.66673
 32.05623 -14.68265
 32.13809 -14.71624
 32.17935 -14.75500
 32.23852 -14.75841
 32.29353 -14.73133
 32.34511 -14.72172
 32.41559 -14.74249
 32.43898 -14.75520
 32.44968 -14.75583
10 59 31.9456 32.7582 -14.7584 -13.2364 'Al Marqab (Libya)'
 32.75824 -13.95444
 32.74457 -13.99122
 32.71768 -14.17555
 32.71450 -14.18531
 32.70034 -14.20338
 32.69721 -14.20932
 32.69090 -14.22633
 32.66031 -14.26246
 32.63044 -14.31715
 32.56684 -14.40406
 32.52538 -14.44939
 32.51903 -14.46949
 32.49567 -14.63160
 32.48827 -14.64763
 32.47675 -14.66293
 32.45628 -14.70672
 32.45075 -14.72682
 32.44968 -14.75583
 32.43898 -14.75520
 32.41559 -14.74249
 32.34511 -14.72172
 32.29353 -14.73133
 32.23852 -14.75841
 32.17935 -14.75500
 32.13809 -14.71624
 32.05623 -14.68265
 31.96776 -14.66673
 31.95882 -14.60121
 31.94560 -14.47047
 31.97714 -14.36505
 32.04605 -14.28505
 32.14256 -14.12206
 32.08647 -14.06574
 32.07401 -13.99163
 32.07711 -13.96104
 32.10181 -13.89923
 32.10055 -13.83371
 32.08094 -13.77728
 32.05670 -13.67734
 32.04807 -13.61636
 32.05210 -13.45885
 32.05078 -13.39766
 32.10982 -13.39177
 32.20163 -13.36325
 32.27043 -13.30020
 32.31738 -13.25080
 32.33374 -13.23643
 32.36392 -13.35033
 32.38317 -13.38485
 32.43523 -13.40107
 32.52861 -13.45130
 32.54819 -13.52572
 32.56075 -13.57336
 32.61139 -13.70379
 32.61279 -13.71930
 32.62085 -13.80890
 32.63940 -13.81283
 32.71100 -13.89024
 32.75824 -13.95444
11 37 32.3337 32.9186 -13.9544 -13.0763 'Tajura' wa an Nawahi al Arba (Libya)'
 32.87742 -13.10320
 32.88215 -13.11549
 32.90400 -13.14772
 32.91275 -13.16472
 32.91625 -13.18775
 32.91865 -13.25709
 32.90424 -13.35174
 32.89956 -13.36313
 32.89204 -13.37355
 32.80280 -13.57146
 32.79340 -13.61695
 32.79963 -13.78712
 32.79409 -13.83033
 32.77277 -13.91529
 32.75824 -13.95444
 32.71100 -13.89024
 32.63940 -13.81283
 32.62085 -13.80890
 32.61279 -13.71930
 32.61139 -13.70379
 32.56075 -13.57336
 32.54819 -13.52572
 32.52861 -13.45130
 32.43523 -13.40107
 32.38317 -13.38485
 32.36392 -13.35033
 32.33374 -13.23643
 32.38981 -13.18755
 32.46003 -13.19003
 32.56675 -13.17390
 32.64922 -13.16316
 32.72121 -13.07634
 32.78296 -13.11096
 32.86394 -13.10435
 32.87066 -13.10383
 32.87735 -13.10321
 32.87742 -13.10320
12 36 32.2326 32.8774 -13.111 -11.8627 'Az Zawiyah (Libya)'
 32.81257 -12.57322
 32.79857 -12.72983
 32.80435 -12.82439
 32.86636 -13.07447
 32.87742 -13.10320
 32.87735 -13.10321
 32.87066 -13.10383
 32.86394 -13.10435
 32.78296 -13.11096
 32.72121 -13.07634
 32.71570 -13.07324
 32.66896 -12.96927
 32.60251 -12.92555
 32.56021 -12.89775
 32.40699 -12.82333
 32.33694 -12.82974
 32.26020 -12.81961
 32.25007 -12.73600
 32.24033 -12.68846
 32.23261 -12.64898
 32.25284 -12.57394
 32.27281 -12.49012
 32.30371 -12.40155
 32.29705 -12.29230
 32.30028 -12.14327
 32.30756 -11.86267
 32.35441 -12.09759
 32.40683 -12.12208
 32.44249 -12.20849
 32.47419 -12.28641
 32.53099 -12.33716
 32.60080 -12.46211
 32.65708 -12.50139
 32.79932 -12.55492
 32.81249 -12.57311
 32.81257 -12.57322
13 100 30.7916 32.9479 -23.2514 -21.9178 'Al Qubbah (Libya)'
 32.91309 -21.98618
 32.92308 -22.09620
 32.92642 -22.10133
 32.94090 -22.11183
 32.94416 -22.11671
 32.94758 -22.13885
 32.94794 -22.14959
 32.94416 -22.16139
 32.93822 -22.16944
 32.93293 -22.17107
 32.92626 -22.17107
 32.91625 -22.17506
 32.88813 -22.20680
 32.88085 -22.24733
 32.88215 -22.33961
 32.87035 -22.37916
 32.80707 -22.47731
 32.79731 -22.49676
 32.79096 -22.51385
 32.78754 -22.53224
 32.78461 -22.57887
 32.72451 -22.81251
 32.69416 -22.86671
 32.68976 -22.88453
 32.68818 -22.89584
 32.67670 -22.92921
 32.67503 -22.94264
 32.67670 -22.97690
 32.67056 -22.99969
 32.65253 -23.04135
 32.64647 -23.08644
 32.63984 -23.10613
 32.62934 -23.11866
 32.61522 -23.12094
 32.60493 -23.11524
 32.58666 -23.09791
 32.57738 -23.09441
 32.51634 -23.10385
 32.50080 -23.11329
 32.48847 -23.12867
 32.47809 -23.14894
 32.45856 -23.14096
 32.39549 -23.12843
 32.40233 -23.10865
 32.41193 -23.11215
 32.42031 -23.10987
 32.42817 -23.10336
 32.43647 -23.09441
 32.35444 -23.07911
 32.33405 -23.08058
 32.32355 -23.09555
 32.30353 -23.15650
 32.29995 -23.17897
 32.29165 -23.19508
 32.27241 -23.21453
 32.25064 -23.23080
 32.22061 -23.24350
 32.21673 -23.25136
 32.21008 -23.24988
 32.12199 -23.21763
 32.00347 -23.16875
 31.84800 -23.11841
 31.66830 -23.10529
 31.51219 -23.07139
 31.40364 -22.98540
 31.23334 -22.95656
 31.08066 -22.95563
 31.00625 -22.96876
 30.79936 -22.96886
 30.79300 -22.88876
 30.79156 -22.78985
 30.81693 -22.68929
 30.82902 -22.61922
 30.89349 -22.51184
 30.99276 -22.45654
 31.08673 -22.33593
 31.14515 -22.25893
 31.11988 -22.11248
 31.28202 -21.91776
 31.38767 -21.94846
 31.46121 -21.96737
 31.62288 -21.96758
 31.67776 -21.99125
 31.78834 -22.00055
 31.88991 -21.99869
 32.05122 -22.00437
 32.14393 -21.98040
 32.23152 -21.97812
 32.31947 -21.95931
 32.35131 -21.97688
 32.42469 -21.99042
 32.49768 -22.02029
 32.55261 -22.03321
 32.62641 -22.02494
 32.68227 -21.99404
 32.75640 -21.96934
 32.83893 -21.97771
 32.90114 -21.97998
 32.90120 -21.98091
 32.91309 -21.98618
14 63 31.0656 32.9504 -22.1125 -21.3319 'Al Jabal al Akhdar (Libya)'
 32.78034 -21.35704
 32.79340 -21.41481
 32.81257 -21.45460
 32.93073 -21.60865
 32.93675 -21.62322
 32.93989 -21.67172
 32.95038 -21.71632
 32.93085 -21.74366
 32.91596 -21.78745
 32.90656 -21.83611
 32.90323 -21.87745
 32.91309 -21.98618
 32.90120 -21.98091
 32.90114 -21.97998
 32.83893 -21.97771
 32.75640 -21.96934
 32.68227 -21.99404
 32.62641 -22.02494
 32.55261 -22.03321
 32.49768 -22.02029
 32.42469 -21.99042
 32.35131 -21.97688
 32.31947 -21.95931
 32.23152 -21.97812
 32.14393 -21.98040
 32.05122 -22.00437
 31.88991 -21.99869
 31.78834 -22.00055
 31.67776 -21.99125
 31.62288 -21.96758
 31.46121 -21.96737
 31.38767 -21.94846
 31.28202 -21.91776
 31.11988 -22.11248
 31.10743 -21.97161
 31.09301 -21.79281
 31.06562 -21.71716
 31.28179 -21.71178
 31.30556 -21.68005
 31.35232 -21.65442
 31.47330 -21.61494
 31.58872 -21.61876
 31.67561 -21.65959
 31.77238 -21.66827
 31.90632 -21.66176
 31.99916 -21.63210
 32.07045 -21.52544
 32.13163 -21.46198
 32.22904 -21.42684
 32.32697 -21.36441
 32.42882 -21.33485
 32.51171 -21.33186
 32.57047 -21.38839
 32.63346 -21.46156
 32.69790 -21.45805
 32.76808 -21.39459
 32.78056 -21.38736
 32.77981 -21.38570
 32.77906 -21.37619
 32.77513 -21.36772
 32.77578 -21.35924
 32.78027 -21.35707
 32.78034 -21.35704
15 61 31.0328 32.7811 -21.7172 -20.3093 'Al Marj (Libya)'
 32.56271 -20.57603
 32.64301 -20.79656
 32.72260 -20.93409
 32.77228 -21.05095
 32.78107 -21.09669
 32.77114 -21.28679
 32.77464 -21.33188
 32.78034 -21.35704
 32.78027 -21.35707
 32.77578 -21.35924
 32.77513 -21.36772
 32.77906 -21.37619
 32.77981 -21.38570
 32.78056 -21.38736
 32.76808 -21.39459
 32.69790 -21.45805
 32.63346 -21.46156
 32.57047 -21.38839
 32.51171 -21.33186
 32.42882 -21.33485
 32.32697 -21.36441
 32.22904 -21.42684
 32.13163 -21.46198
 32.07045 -21.52544
 31.99916 -21.63210
 31.90632 -21.66176
 31.77238 -21.66827
 31.67561 -21.65959
 31.58872 -21.61876
 31.47330 -21.61494
 31.35232 -21.65442
 31.30556 -21.68005
 31.28179 -21.71178
 31.06562 -21.71716
 31.04314 -21.65525
 31.03278 -21.39748
 31.03506 -21.31904
 31.27626 -21.28886
 31.35571 -21.24235
 31.45774 -21.22375
 31.54105 -21.21538
 31.59771 -21.14644
 31.58484 -21.09177
 31.57766 -20.97208
 31.59368 -20.84217
 31.59027 -20.76600
 31.55924 -20.68373
 31.57973 -20.54854
 31.63117 -20.50627
 31.73793 -20.46545
 31.81713 -20.41305
 31.92870 -20.35042
 32.03531 -20.30928
 32.10905 -20.31104
 32.21899 -20.35724
 32.30550 -20.43031
 32.37327 -20.51930
 32.43706 -20.56467
 32.54729 -20.57841
 32.54786 -20.57841
 32.56271 -20.57603
16 70 31.007 32.5627 -21.319 -19.9172 'Benghazi (Libya)'
 31.22386 -20.14165
 31.24299 -20.12810
 31.30874 -20.10328
 31.33662 -20.08220
 31.37588 -20.03834
 31.39680 -20.02223
 31.55948 -19.95484
 31.60102 -19.94890
 31.64509 -19.94801
 31.66144 -19.94435
 31.69916 -19.92693
 31.71772 -19.92066
 31.75922 -19.91725
 31.80467 -19.91969
 31.88841 -19.93434
 31.92597 -19.94801
 31.93598 -19.94581
 31.94693 -19.94174
 31.95775 -19.94011
 31.96752 -19.94459
 31.98273 -19.95720
 32.14606 -20.04802
 32.17642 -20.07154
 32.33954 -20.26173
 32.36083 -20.27719
 32.40982 -20.32545
 32.41991 -20.34571
 32.43464 -20.38551
 32.44733 -20.40333
 32.45946 -20.41676
 32.55785 -20.56267
 32.56271 -20.57603
 32.54786 -20.57841
 32.54729 -20.57841
 32.43706 -20.56467
 32.37327 -20.51930
 32.30550 -20.43031
 32.21899 -20.35724
 32.10905 -20.31104
 32.03531 -20.30928
 31.92870 -20.35042
 31.81713 -20.41305
 31.73793 -20.46545
 31.63117 -20.50627
 31.57973 -20.54854
 31.55924 -20.68373
 31.59027 -20.76600
 31.59368 -20.84217
 31.57766 -20.97208
 31.58484 -21.09177
 31.59771 -21.14644
 31.54105 -21.21538
 31.45774 -21.22375
 31.35571 -21.24235
 31.27626 -21.28886
 31.03506 -21.31904
 31.04614 -20.93405
 31.01379 -20.73809
 31.00700 -20.59371
 31.02539 -20.52353
 31.08831 -20.41749
 31.17489 -20.34308
 31.23169 -20.29905
 31.26282 -20.18919
 31.26070 -20.13286
 31.25174 -20.13575
 31.24171 -20.14764
 31.23719 -20.15043
 31.22843 -20.15343
 31.22386 -20.14165
17 19 32.2602 32.7212 -13.2508 -12.8196 'Al Jifarah (Libya)'
 32.31738 -13.25080
 32.31229 -13.18961
 32.29302 -13.15509
 32.27948 -13.05040
 32.27738 -12.96286
 32.26020 -12.81961
 32.33694 -12.82974
 32.40699 -12.82333
 32.56021 -12.89775
 32.60251 -12.92555
 32.66896 -12.96927
 32.71570 -13.07324
 32.72121 -13.07634
 32.64922 -13.16316
 32.56675 -13.17390
 32.46003 -13.19003
 32.38981 -13.18755
 32.33374 -13.23643
 32.31738 -13.25080
18 119 28.427 32.3174 -14.9824 -11.5899 'Mizdah (Libya)'
 32.26020 -12.81961
 32.27738 -12.96286
 32.27948 -13.05040
 32.29302 -13.15509
 32.31229 -13.18961
 32.31738 -13.25080
 32.27043 -13.30020
 32.20163 -13.36325
 32.10982 -13.39177
 32.05078 -13.39766
 31.96092 -13.45265
 31.81356 -13.48985
 31.70577 -13.55373
 31.61453 -13.59992
 31.50828 -13.63238
 31.43917 -13.68891
 31.32264 -13.79816
 31.29013 -13.86161
 31.25982 -13.91660
 31.24321 -13.93417
 31.03201 -14.06594
 30.83677 -14.15720
 30.72105 -14.21167
 30.65358 -14.35760
 30.61901 -14.45166
 30.55054 -14.56069
 30.49878 -14.78176
 30.46607 -14.85866
 30.46243 -14.86455
 30.40920 -14.95013
 30.25841 -14.97080
 30.13180 -14.98237
 30.01711 -14.97969
 29.94065 -14.93121
 29.88092 -14.86558
 29.86195 -14.85422
 29.80937 -14.82269
 29.73749 -14.76306
 29.68330 -14.73660
 29.60768 -14.73856
 29.53724 -14.75727
 29.45673 -14.75944
 29.40534 -14.75241
 29.35573 -14.71200
 29.31268 -14.63242
 29.23196 -14.50664
 29.20910 -14.41982
 29.26436 -14.42220
 29.32188 -14.37032
 29.40061 -14.28701
 29.46657 -14.18180
 29.52213 -14.05168
 29.55246 -13.99205
 29.56755 -13.91050
 29.54587 -13.82472
 29.46487 -13.71320
 29.42195 -13.65904
 29.35681 -13.59724
 29.26674 -13.51704
 29.17995 -13.47022
 29.10771 -13.42019
 29.03513 -13.35901
 28.95529 -13.30103
 28.84263 -13.20842
 28.73931 -13.10445
 28.68701 -12.99293
 28.64029 -12.90622
 28.60916 -12.84948
 28.56324 -12.79047
 28.49371 -12.75760
 28.43031 -12.68846
 28.42697 -12.58903
 28.46555 -12.50159
 28.54345 -12.49240
 28.55355 -12.43100
 28.55805 -12.35060
 28.56523 -12.27825
 28.60973 -12.15691
 28.61531 -12.10958
 28.64724 -11.98328
 28.59505 -11.95186
 28.77600 -11.92158
 28.85919 -11.89739
 28.96831 -11.80830
 29.08701 -11.72934
 29.36648 -11.72986
 29.57933 -11.69007
 29.81061 -11.64945
 30.03274 -11.61968
 30.23686 -11.61214
 30.41334 -11.61627
 30.54243 -11.58992
 30.59834 -11.59860
 30.64635 -11.65079
 30.76016 -11.73296
 30.93103 -11.86732
 31.08089 -11.96302
 31.08681 -11.94566
 31.16699 -11.89502
 31.24737 -11.85295
 31.33594 -11.83672
 31.46232 -11.84520
 31.56205 -11.83290
 31.68075 -11.83735
 31.78132 -11.85554
 31.85490 -11.83972
 31.96177 -11.82277
 32.08807 -11.84003
 32.18860 -11.86267
 32.30756 -11.86267
 32.30028 -12.14327
 32.29705 -12.29230
 32.30371 -12.40155
 32.27281 -12.49012
 32.25284 -12.57394
 32.23261 -12.64898
 32.24033 -12.68846
 32.25007 -12.73600
 32.26020 -12.81961
19 130 26.0038 29.862 -19.1722 -14.4081 'Al Jufrah (Libya)'
 29.20910 -14.41982
 29.23196 -14.50664
 29.31268 -14.63242
 29.35573 -14.71200
 29.40534 -14.75241
 29.45673 -14.75944
 29.53724 -14.75727
 29.60768 -14.73856
 29.68330 -14.73660
 29.73749 -14.76306
 29.80937 -14.82269
 29.86195 -14.85422
 29.83921 -14.89990
 29.77526 -14.97586
 29.70196 -15.05193
 29.65747 -15.20251
 29.64013 -15.29915
 29.61328 -15.38514
 29.61468 -15.50296
 29.58750 -15.56745
 29.55995 -15.59991
 29.46763 -15.66502
 29.39399 -15.74057
 29.37676 -15.87968
 29.42386 -15.94355
 29.47122 -16.03947
 29.49996 -16.13558
 29.46383 -16.27501
 29.43660 -16.37133
 29.40880 -16.41856
 29.41841 -16.43562
 29.39123 -16.55334
 29.40159 -16.74588
 29.43929 -16.85285
 29.43050 -16.98122
 29.34715 -17.08808
 29.31030 -17.23774
 29.28261 -17.33386
 29.35717 -17.43029
 29.39449 -17.50522
 29.39456 -17.58015
 29.32942 -17.66541
 29.25498 -17.68639
 29.16189 -17.72866
 29.07802 -17.81362
 28.98479 -17.89847
 28.87294 -17.94033
 28.73305 -17.98209
 28.63962 -18.08782
 28.55534 -18.22548
 28.51748 -18.38465
 28.48462 -18.49926
 28.50208 -18.49926
 28.43664 -18.71858
 28.36018 -19.00445
 28.35824 -19.00425
 28.34742 -19.17219
 27.01287 -19.16982
 26.50830 -19.16899
 26.00376 -19.16806
 26.02229 -19.12600
 26.05515 -19.02078
 26.08580 -18.88560
 26.11401 -18.72881
 26.13931 -18.61512
 26.14977 -18.51497
 26.23354 -18.41245
 26.32943 -18.32057
 26.37645 -18.20409
 26.34516 -18.06280
 26.29411 -17.95418
 26.24284 -17.90809
 26.15747 -17.77796
 26.13554 -17.69663
 26.12580 -17.56661
 26.08417 -17.49364
 26.05229 -17.40982
 26.10094 -17.26337
 26.13468 -17.09253
 26.16342 -16.94050
 26.23408 -16.88303
 26.28504 -16.80397
 26.32620 -16.72759
 26.42578 -16.62072
 26.52815 -16.56801
 26.63093 -16.57514
 26.70147 -16.51995
 26.73279 -16.45960
 26.77366 -16.37195
 26.79281 -16.32265
 26.84622 -16.27842
 26.92926 -16.26912
 27.00267 -16.27087
 27.07517 -16.27966
 27.08346 -16.28069
 27.15173 -16.25795
 27.18532 -16.19191
 27.23849 -16.12825
 27.27206 -16.06210
 27.30588 -16.02324
 27.38378 -15.99192
 27.46659 -15.96319
 27.59506 -15.86780
 27.69198 -15.79483
 27.72120 -15.79586
 27.74335 -15.79659
 27.81954 -15.83100
 27.91535 -15.87069
 27.99628 -15.89405
 28.07919 -15.87886
 28.15637 -15.79214
 28.17502 -15.72011
 28.21484 -15.58967
 28.21859 -15.50689
 28.20696 -15.38028
 28.14138 -15.24933
 28.12952 -15.12273
 28.14485 -15.01762
 28.21774 -14.99384
 28.29590 -14.99188
 28.40772 -14.95870
 28.52040 -14.83975
 28.62200 -14.65991
 28.67427 -14.58643
 28.71949 -14.52700
 28.79889 -14.46923
 28.87850 -14.42251
 28.98810 -14.40814
 29.11039 -14.41559
 29.20910 -14.41982
20 51 26.245 27.7411 -16.2807 -13.9323 'Sabha (Libya)'
 27.72120 -15.79586
 27.69198 -15.79483
 27.59506 -15.86780
 27.46659 -15.96319
 27.38378 -15.99192
 27.30588 -16.02324
 27.27206 -16.06210
 27.23849 -16.12825
 27.18532 -16.19191
 27.15173 -16.25795
 27.08346 -16.28069
 27.07517 -16.27966
 26.94792 -15.76103
 26.92807 -15.65603
 26.89779 -15.46710
 26.87671 -15.27796
 26.83686 -15.09978
 26.80694 -14.97400
 26.75790 -14.82755
 26.68163 -14.74466
 26.58623 -14.64120
 26.48138 -14.53796
 26.37627 -14.42437
 26.30739 -14.24743
 26.26770 -14.13302
 26.24501 -13.93448
 26.24687 -13.93437
 26.34816 -13.93231
 26.46151 -13.97200
 26.55753 -14.08548
 26.67119 -14.14625
 26.72721 -14.13467
 26.78240 -14.08114
 26.85650 -14.03762
 26.98781 -14.04548
 27.09039 -14.02243
 27.12891 -13.98316
 27.16147 -14.31606
 27.17271 -14.42117
 27.22061 -14.48359
 27.27746 -14.52483
 27.33518 -14.61878
 27.39303 -14.72337
 27.46047 -14.84905
 27.57380 -14.92129
 27.63201 -15.06847
 27.64281 -15.17399
 27.66384 -15.35351
 27.69268 -15.41656
 27.74115 -15.56415
 27.72120 -15.79586
21 45 25.5478 27.2922 -14.1462 -11.3037 'Wadi al Hayaa (Libya)'
 27.12891 -13.98316
 27.09039 -14.02243
 26.98781 -14.04548
 26.85650 -14.03762
 26.78240 -14.08114
 26.72721 -14.13467
 26.67119 -14.14625
 26.55753 -14.08548
 26.46151 -13.97200
 26.34816 -13.93231
 26.24687 -13.93437
 26.15970 -13.66927
 26.11799 -13.48190
 26.06001 -13.41007
 25.94498 -13.30826
 25.87677 -13.20543
 25.86139 -12.96554
 25.81010 -12.79987
 25.77943 -12.70675
 25.72086 -12.62489
 25.70797 -12.50004
 25.73225 -12.36362
 25.65412 -12.26171
 25.57591 -12.15991
 25.56304 -12.04560
 25.54779 -11.85843
 25.57327 -11.77420
 25.65197 -11.59405
 25.55144 -11.39954
 25.63770 -11.33464
 25.74922 -11.30367
 25.94127 -11.31606
 26.08996 -11.35323
 26.21747 -11.37474
 26.29705 -11.50796
 26.43616 -11.74412
 26.60401 -12.01118
 26.79105 -12.30987
 26.97667 -12.57766
 27.11310 -12.77372
 27.25035 -13.01236
 27.29218 -13.19054
 27.26784 -13.34940
 27.18981 -13.62525
 27.12891 -13.98316
