0 97 34.9379 35.119 -33.9215 -33.6741 'Dhekelia (Dhekelia Sovereign Base Area)'
 34.98469 -33.77792
 34.98867 -33.77399
 34.99027 -33.76613
 34.99027 -33.76148
 34.98867 -33.75921
 34.98557 -33.76541
 34.98396 -33.76934
 34.98009 -33.77089
 34.98009 -33.77554
 34.97931 -33.78019
 34.97635 -33.78094
 34.97968 -33.76043
 34.97777 -33.71730
 34.97289 -33.70151
 34.98794 -33.70293
 34.98557 -33.71146
 34.99730 -33.71544
 35.00272 -33.69973
 35.00898 -33.69663
 35.01523 -33.70531
 35.02226 -33.70221
 35.02928 -33.68500
 35.03390 -33.67943
 35.03704 -33.67565
 35.04644 -33.67410
 35.05579 -33.67885
 35.05817 -33.69446
 35.06675 -33.70531
 35.06675 -33.71472
 35.06277 -33.71937
 35.04096 -33.71146
 35.02928 -33.70759
 35.03238 -33.71849
 35.04722 -33.73968
 35.03161 -33.76613
 35.04019 -33.77554
 35.03853 -33.78650
 35.04019 -33.79435
 35.05264 -33.79828
 35.06675 -33.82401
 35.06360 -33.83486
 35.05662 -33.84272
 35.05817 -33.85357
 35.06675 -33.86690
 35.07305 -33.87155
 35.07683 -33.87693
 35.08546 -33.87155
 35.10024 -33.87155
 35.11899 -33.87621
 35.11899 -33.88943
 35.11047 -33.89181
 35.10881 -33.89884
 35.09951 -33.90359
 35.09636 -33.90587
 35.09088 -33.90587
 35.09088 -33.91362
 35.08070 -33.92147
 35.07305 -33.91445
 35.07073 -33.90825
 35.06910 -33.90651
 35.06127 -33.89812
 35.07305 -33.88013
 35.06752 -33.87466
 35.06050 -33.86763
 35.05342 -33.85512
 35.05109 -33.84117
 35.05662 -33.83486
 35.06127 -33.82711
 35.05579 -33.81378
 35.04954 -33.80438
 35.03853 -33.79900
 35.03006 -33.82236
 35.02303 -33.83021
 35.00117 -33.82939
 34.99337 -33.84034
 34.99182 -33.85905
 34.97466 -33.85905
 34.97301 -33.85047
 34.96371 -33.83807
 34.95973 -33.84582
 34.96298 -33.86442
 34.95814 -33.89184
 34.94912 -33.88380
 34.94123 -33.87452
 34.93789 -33.86232
 34.94245 -33.84742
 34.96475 -33.81967
 34.97260 -33.80421
 34.97622 -33.78183
 34.97621 -33.78495
 34.97699 -33.78805
 34.97776 -33.79280
 34.97776 -33.79435
 34.98241 -33.79115
 34.98469 -33.78650
 34.98469 -33.78257
 34.98469 -33.77792
1 10 34.9379 35.119 -33.9215 -33.6741 'Dhekelia (Dhekelia Sovereign Base Area)'
 35.00123 -33.74279
 35.00271 -33.74669
 35.00432 -33.75206
 35.01440 -33.75206
 35.01521 -33.74615
 35.01373 -33.74131
 35.01010 -33.74024
 35.00526 -33.73876
 35.00258 -33.73970
 35.00123 -33.74279
