0 551 1.45378 6.33951 56.4818 58.5022 'Mahaica-Berbice (Guyana)'
 3.39491 57.30841
 3.34380 57.28355
 3.32977 57.28045
 3.29505 57.28278
 3.28879 57.28422
 3.27629 57.29249
 3.26797 57.29027
 3.25975 57.28402
 3.24781 57.28045
 3.23593 57.28174
 3.21536 57.28712
 3.20311 57.28795
 3.19211 57.28567
 3.16901 57.27492
 3.15691 57.27771
 3.14896 57.28417
 3.14239 57.28603
 3.13428 57.27492
 3.13263 57.26490
 3.13583 57.25498
 3.14162 57.24624
 3.14787 57.23947
 3.14487 57.23761
 3.14400 57.23741
 3.14348 57.23673
 3.14167 57.23332
 3.11237 57.24857
 3.09413 57.23947
 3.07826 57.22221
 3.05604 57.21286
 3.04834 57.21177
 3.03568 57.20702
 3.02814 57.20599
 3.02405 57.20924
 3.02478 57.22325
 3.02126 57.22645
 3.00917 57.22469
 3.00044 57.22180
 2.99258 57.22118
 2.98338 57.22645
 2.97036 57.23462
 2.96302 57.22185
 2.95951 57.18862
 2.94468 57.18382
 2.93062 57.19472
 2.91822 57.21033
 2.90830 57.21963
 2.85657 57.20635
 2.84624 57.20227
 2.84200 57.19426
 2.83259 57.19105
 2.82324 57.18661
 2.81895 57.17462
 2.82107 57.16527
 2.83042 57.14522
 2.83259 57.13338
 2.82603 57.12640
 2.79001 57.14366
 2.77115 57.13705
 2.77342 57.13374
 2.77859 57.09953
 2.77389 57.08987
 2.76304 57.09214
 2.75038 57.09902
 2.74045 57.10294
 2.72738 57.09772
 2.70009 57.07189
 2.68175 57.06196
 2.64237 57.05597
 2.63648 57.04801
 2.64821 57.02724
 2.63545 57.02047
 2.62367 57.02316
 2.61059 57.02791
 2.59359 57.02724
 2.58455 57.02238
 2.55514 56.99711
 2.54786 56.99530
 2.51416 57.00057
 2.50486 56.99411
 2.50972 56.98001
 2.52470 56.95959
 2.51545 56.95127
 2.50455 56.95262
 2.49349 56.95753
 2.48378 56.95959
 2.47003 56.95636
 2.46125 56.95164
 2.44590 56.93507
 2.43618 56.93024
 2.42580 56.93202
 2.41143 56.93846
 2.39329 56.93084
 2.36208 56.89505
 2.33975 56.88389
 2.30374 56.88443
 2.29480 56.88014
 2.29015 56.87087
 2.28586 56.84779
 2.28110 56.83888
 2.26167 56.82619
 2.21759 56.81635
 2.19578 56.80875
 2.16597 56.80146
 2.02964 56.70519
 2.01841 56.67780
 2.01680 56.57977
 1.99717 56.54207
 1.98864 56.53649
 1.98179 56.52939
 1.97673 56.52096
 1.96998 56.49998
 1.96290 56.49120
 1.95322 56.48510
 1.94161 56.48182
 1.92402 56.52851
 1.90665 56.55892
 1.90547 56.57486
 1.91299 56.59011
 1.92459 56.60442
 1.93456 56.62023
 1.93686 56.63956
 1.93006 56.65641
 1.91986 56.66966
 1.91211 56.68395
 1.91283 56.70411
 1.91614 56.72416
 1.91299 56.73764
 1.87906 56.78064
 1.87353 56.79273
 1.87358 56.80648
 1.88565 56.87763
 1.89020 56.89071
 1.90324 56.90683
 1.91283 56.91345
 1.91810 56.92192
 1.91826 56.94352
 1.91459 56.97685
 1.91485 56.99323
 1.91857 57.01117
 1.93239 57.03747
 1.94807 57.05597
 1.96869 57.06780
 1.99717 57.07406
 2.02145 57.10449
 2.00220 57.15291
 1.94854 57.23844
 1.95223 57.25864
 1.97484 57.29482
 1.97714 57.31942
 1.96885 57.34148
 1.95528 57.35616
 1.93965 57.36877
 1.92521 57.38453
 1.91428 57.40556
 1.90919 57.41951
 1.90030 57.42949
 1.83382 57.45429
 1.81573 57.46478
 1.73155 57.53129
 1.70897 57.56116
 1.69711 57.60787
 1.69618 57.63857
 1.71165 57.72311
 1.71346 57.75882
 1.70494 57.79076
 1.66925 57.87148
 1.64856 57.90538
 1.64248 57.92222
 1.64331 57.93902
 1.65548 57.96914
 1.65770 57.98501
 1.65042 57.99100
 1.63460 57.98976
 1.60412 57.98392
 1.58683 57.98697
 1.56848 57.99359
 1.53619 58.01116
 1.51686 58.02723
 1.50900 58.06914
 1.51055 58.11642
 1.51908 58.14862
 1.52738 58.15554
 1.54918 58.16288
 1.55882 58.17063
 1.56761 58.18727
 1.56590 58.19776
 1.55996 58.20696
 1.55606 58.21967
 1.55670 58.23859
 1.56032 58.26055
 1.56657 58.28199
 1.57518 58.29920
 1.58277 58.30633
 1.59890 58.31615
 1.60122 58.32049
 1.59339 58.33191
 1.58019 58.33873
 1.56549 58.34426
 1.55332 58.35139
 1.54737 58.36028
 1.53722 58.38312
 1.53076 58.39026
 1.52084 58.39170
 1.49973 58.38591
 1.49019 58.38638
 1.47203 58.41346
 1.46981 58.42643
 1.45738 58.49888
 1.45378 58.50175
 1.45441 58.50200
 1.45480 58.50216
 1.51376 58.49350
 1.53657 58.48529
 1.58701 58.45015
 1.63075 58.40692
 1.64682 58.39568
 1.76537 58.34519
 1.82774 58.30354
 1.89712 58.26711
 2.34161 58.10800
 2.47450 58.03932
 2.50879 58.02679
 2.52773 58.02242
 2.54837 58.02028
 2.57793 58.01999
 2.70655 58.03087
 2.72131 58.03048
 2.73534 58.02849
 2.74296 58.02640
 2.77283 58.01069
 2.87827 57.93240
 2.88572 57.92891
 2.90504 57.93217
 3.05369 57.99506
 3.20443 58.10045
 3.23500 58.11120
 3.26386 58.11694
 3.29109 58.11947
 3.33680 58.11446
 3.35543 58.11461
 3.48901 58.14903
 3.51206 58.14880
 3.53441 58.15159
 3.54909 58.15699
 3.61448 58.18905
 3.75259 58.28217
 3.76863 58.29005
 3.79005 58.29783
 3.91870 58.32922
 3.93614 58.33119
 3.94927 58.33129
 3.97782 58.32413
 3.99162 58.32328
 3.99986 58.32390
 4.13882 58.36442
 4.22269 58.42516
 4.25124 58.43994
 4.27256 58.43617
 4.38141 58.39609
 4.44745 58.37837
 4.59664 58.29305
 4.63427 58.28217
 4.63791 58.11469
 4.64414 58.08397
 4.65398 58.06604
 4.76718 58.02648
 4.82955 58.01154
 4.87068 57.99550
 4.90544 57.97023
 5.01476 57.87243
 5.14361 57.82316
 5.18033 57.80259
 5.22322 57.77009
 5.28609 57.74608
 5.31384 57.73029
 5.34730 57.69841
 5.36226 57.69236
 5.38399 57.68792
 5.47972 57.67994
 5.70270 57.62632
 5.74849 57.60780
 5.75624 57.60601
 5.76510 57.60637
 5.77378 57.60759
 5.78836 57.62299
 5.79138 57.63642
 5.80877 57.65232
 5.87504 57.68296
 5.90879 57.67978
 5.95656 57.68412
 5.98046 57.68942
 6.00801 57.70647
 6.01981 57.69433
 6.02532 57.68193
 6.02780 57.67309
 6.02733 57.66606
 6.02508 57.66128
 6.02222 57.65733
 6.01478 57.64947
 6.01118 57.64363
 6.01087 57.63823
 6.01250 57.63294
 6.01607 57.62849
 6.02144 57.62345
 6.05836 57.60265
 6.07444 57.59785
 6.08009 57.59738
 6.08506 57.59852
 6.08924 57.60110
 6.09591 57.60834
 6.09865 57.61252
 6.10190 57.61630
 6.10617 57.61865
 6.13836 57.62648
 6.15316 57.62764
 6.16590 57.62537
 6.17257 57.62144
 6.17869 57.61586
 6.18164 57.61077
 6.18381 57.60555
 6.18593 57.59436
 6.18639 57.58831
 6.19228 57.55418
 6.19647 57.53966
 6.20252 57.52930
 6.20802 57.52447
 6.21448 57.52245
 6.22037 57.52279
 6.24132 57.52842
 6.25954 57.52439
 6.27096 57.51909
 6.27799 57.52043
 6.28713 57.51869
 6.29822 57.51704
 6.31508 57.51704
 6.32904 57.50419
 6.33482 57.49426
 6.33892 57.49063
 6.33951 57.48607
 6.33791 57.46637
 6.33037 57.44559
 6.32275 57.42894
 6.31276 57.40880
 6.29434 57.37743
 6.28748 57.36504
 6.26439 57.33047
 6.23474 57.28982
 6.15138 57.20749
 6.12119 57.18666
 6.08511 57.16731
 6.04438 57.15844
 6.01967 57.15536
 6.00780 57.15189
 5.99759 57.14675
 5.98902 57.14444
 5.97798 57.14361
 5.99893 57.15831
 6.00568 57.16576
 5.96992 57.14793
 5.95574 57.14196
 5.93418 57.14168
 5.91791 57.14000
 5.88209 57.13726
 5.84711 57.15368
 5.82860 57.15819
 5.81135 57.16544
 5.79962 57.17002
 5.77904 57.17061
 5.75493 57.18068
 5.73141 57.18305
 5.69291 57.15957
 5.63891 57.16152
 5.60747 57.17333
 5.58735 57.18566
 5.56476 57.19693
 5.49185 57.24767
 5.48493 57.24767
 5.46409 57.25694
 5.44820 57.26009
 5.42675 57.26123
 5.40337 57.26521
 5.38740 57.27549
 5.33859 57.32412
 5.32787 57.33228
 5.31689 57.33569
 5.30761 57.33172
 5.30761 57.32283
 5.31348 57.30841
 5.31102 57.29833
 5.31133 57.29203
 5.30854 57.28882
 5.23870 57.28727
 5.23082 57.28547
 5.22534 57.28045
 5.22286 57.27167
 5.22400 57.26304
 5.22829 57.25642
 5.23493 57.25379
 5.24705 57.26402
 5.25671 57.26919
 5.26629 57.26743
 5.27120 57.25901
 5.27177 57.24764
 5.26872 57.23761
 5.26257 57.23332
 5.26057 57.23252
 5.24361 57.22573
 5.20317 57.19240
 5.18315 57.18490
 5.16922 57.18981
 5.15762 57.20201
 5.14855 57.21777
 5.14212 57.23332
 5.16201 57.23875
 5.17237 57.24728
 5.17630 57.25994
 5.17692 57.27771
 5.17103 57.28898
 5.15721 57.29554
 5.12847 57.30221
 5.09475 57.31709
 5.08341 57.32019
 5.07016 57.32143
 5.05897 57.31694
 5.02610 57.28045
 5.02029 57.29048
 5.02112 57.29869
 5.02445 57.30650
 5.02610 57.31523
 5.02409 57.32944
 5.02075 57.33807
 5.01662 57.34551
 5.01243 57.35621
 5.00574 57.38138
 4.99763 57.46049
 4.99249 57.47734
 4.99135 57.49026
 4.99466 57.49687
 5.00915 57.51222
 5.01243 57.51760
 5.01109 57.54328
 5.00709 57.56622
 4.99135 57.61010
 5.00843 57.64937
 5.00626 57.68694
 4.98980 57.72048
 4.96401 57.74730
 4.93554 57.76234
 4.92644 57.77396
 4.92306 57.79846
 4.92554 57.81096
 4.93029 57.82057
 4.93306 57.83024
 4.92988 57.84280
 4.92280 57.85034
 4.88893 57.87070
 4.87226 57.88419
 4.85273 57.90243
 4.82976 57.91850
 4.79614 57.92537
 4.78237 57.91783
 4.77392 57.90114
 4.76286 57.88455
 4.72173 57.87117
 4.68752 57.84435
 4.66985 57.83603
 4.65088 57.83742
 4.63352 57.84543
 4.60773 57.86331
 4.55683 57.87912
 4.52851 57.89607
 4.48407 57.91447
 4.45094 57.92186
 4.43784 57.93132
 4.42511 57.94279
 4.40973 57.95266
 4.39144 57.95664
 4.37570 57.95349
 4.36048 57.94806
 4.34392 57.94527
 4.31876 57.94739
 4.29902 57.95385
 4.28204 57.96496
 4.19310 58.05203
 4.17184 58.06593
 4.15114 58.06769
 4.10807 58.05508
 4.02304 58.04201
 3.98772 58.03214
 3.95728 58.00790
 3.90545 57.94212
 3.88640 57.92584
 3.81220 57.87514
 3.76667 57.85385
 3.74747 57.84962
 3.70210 57.84693
 3.68099 57.84099
 3.66244 57.82977
 3.65185 57.81313
 3.63159 57.76425
 3.60720 57.72611
 3.59996 57.72249
 3.58244 57.71748
 3.56769 57.70952
 3.56412 57.70864
 3.56066 57.70735
 3.55568 57.70286
 3.55361 57.69800
 3.55216 57.68725
 3.54916 57.68513
 3.54730 57.68125
 3.53519 57.66043
 3.51666 57.64405
 3.49899 57.64549
 3.46951 57.66069
 3.46299 57.66053
 3.45062 57.65836
 3.44390 57.65893
 3.42584 57.66399
 3.41754 57.66462
 3.40708 57.66255
 3.39522 57.65821
 3.39013 57.65485
 3.38594 57.64994
 3.38243 57.64146
 3.37664 57.61325
 3.36724 57.59640
 3.36712 57.59619
 3.34982 57.56514
 3.34675 57.55423
 3.34814 57.54504
 3.36778 57.53527
 3.36525 57.52240
 3.35768 57.50964
 3.35334 57.50390
 3.35297 57.49584
 3.35153 57.48798
 3.34856 57.48204
 3.34339 57.47972
 3.33894 57.47625
 3.34318 57.46876
 3.34998 57.46168
 3.35334 57.45920
 3.36062 57.43093
 3.36938 57.42396
 3.38749 57.42504
 3.37383 57.39347
 3.36561 57.36675
 3.37016 57.34004
 3.39491 57.30841
1 390 5.15539 7.19315 58.5702 61.3967 'Pomeroon-Supenaam (Guyana)'
 5.22715 60.17655
 5.23994 60.19095
 5.26345 60.20030
 5.26722 60.21343
 5.25645 60.25521
 5.24736 60.27373
 5.20692 60.31407
 5.19377 60.33308
 5.19317 60.35499
 5.20831 60.39894
 5.20723 60.41980
 5.20077 60.42742
 5.18139 60.43912
 5.17423 60.44897
 5.17470 60.45636
 5.18002 60.46313
 5.18687 60.47003
 5.19193 60.47749
 5.19594 60.49741
 5.18806 60.55384
 5.18971 60.56829
 5.19485 60.57940
 5.20121 60.58971
 5.20658 60.60177
 5.20893 60.61356
 5.21302 60.67296
 5.21193 60.69518
 5.20214 60.73985
 5.28508 60.81690
 5.36856 60.89266
 5.45207 60.96850
 5.53561 61.04425
 5.61912 61.12001
 5.70268 61.19582
 5.78611 61.27160
 5.86967 61.34736
 5.90530 61.37961
 5.94558 61.39671
 5.95659 61.38627
 5.97519 61.35276
 5.98679 61.33809
 6.06116 61.29119
 6.09304 61.27855
 6.10723 61.26938
 6.11438 61.25610
 6.12053 61.22292
 6.12578 61.20652
 6.13286 61.19448
 6.14601 61.18474
 6.17164 61.17399
 6.18288 61.16112
 6.18505 61.14735
 6.18355 61.13270
 6.18665 61.12156
 6.20257 61.11836
 6.21624 61.11805
 6.25414 61.11285
 6.26401 61.11479
 6.26724 61.11794
 6.26946 61.12135
 6.27623 61.12415
 6.28331 61.12908
 6.29422 61.14670
 6.30336 61.15197
 6.33127 61.15949
 6.34235 61.16091
 6.39057 61.15482
 6.40444 61.14993
 6.41646 61.14110
 6.42480 61.13898
 6.43307 61.13856
 6.44126 61.13975
 6.44943 61.14259
 6.46436 61.15347
 6.49428 61.16303
 6.50924 61.17086
 6.52332 61.18613
 6.53110 61.20008
 6.54097 61.20967
 6.56144 61.21197
 6.59583 61.20479
 6.63288 61.19019
 6.66851 61.17065
 6.70445 61.13931
 6.71584 61.12983
 6.71951 61.11097
 6.71750 61.08906
 6.71187 61.07040
 6.73008 61.06123
 6.72698 61.04007
 6.72044 61.01867
 6.73437 61.00025
 6.72874 60.95460
 6.73173 60.93382
 6.73587 60.92837
 6.76442 60.90124
 6.76855 60.89948
 6.77677 60.89907
 6.78602 60.90129
 6.80003 60.91116
 6.81121 60.91338
 6.81524 60.90757
 6.81416 60.89457
 6.80811 60.87240
 6.80331 60.86571
 6.79646 60.85853
 6.78995 60.84961
 6.78636 60.83763
 6.78713 60.82830
 6.79248 60.80525
 6.79382 60.79352
 6.78842 60.77306
 6.76478 60.73647
 6.75969 60.72153
 6.76708 60.70035
 6.78403 60.68415
 6.82457 60.65580
 6.83772 60.63955
 6.84589 60.62069
 6.86310 60.54873
 6.94221 60.42096
 6.94847 60.39419
 6.93854 60.37734
 6.98810 60.36809
 7.00490 60.35970
 7.01761 60.34458
 7.02856 60.32755
 7.04024 60.31342
 7.05414 60.30358
 7.07073 60.29580
 7.08830 60.29159
 7.10525 60.29234
 7.12101 60.29993
 7.13259 60.31283
 7.15192 60.34758
 7.15268 60.34827
 7.15535 60.33660
 7.15605 60.31947
 7.15155 60.30270
 7.13814 60.26688
 7.11982 60.23554
 7.09763 60.21257
 7.09275 60.20451
 7.09127 60.19697
 7.09616 60.18330
 7.09546 60.17211
 7.09174 60.15433
 7.07722 60.12294
 7.06807 60.08767
 7.06954 60.08049
 7.07210 60.07454
 7.07691 60.06749
 7.08313 60.06049
 7.08996 60.05403
 7.09670 60.04884
 7.10251 60.04524
 7.10809 60.03964
 7.11324 60.03111
 7.11548 60.01563
 7.10119 59.97589
 7.10026 59.96605
 7.10181 59.95770
 7.10665 59.95057
 7.11300 59.94422
 7.12696 59.93481
 7.13362 59.92902
 7.14636 59.91559
 7.15365 59.91078
 7.16615 59.90649
 7.17181 59.90520
 7.17801 59.89789
 7.18406 59.88580
 7.19160 59.85593
 7.19315 59.84172
 7.19238 59.83167
 7.11378 59.68664
 7.08879 59.58251
 7.08569 59.57607
 7.08055 59.56915
 6.99528 59.48665
 6.99141 59.48089
 6.98769 59.47272
 6.98970 59.44440
 6.98800 59.43727
 6.98474 59.43063
 6.97304 59.41637
 6.95309 59.35635
 6.95061 59.34177
 6.95100 59.33074
 6.96831 59.30986
 6.97653 59.29754
 6.98118 59.29444
 6.99957 59.29072
 7.00484 59.28880
 7.00918 59.28519
 7.01384 59.27984
 7.01841 59.26860
 7.01918 59.26103
 7.01856 59.25330
 7.00818 59.20819
 6.98428 59.15439
 6.96379 59.15486
 6.90025 59.17450
 6.88356 59.17646
 6.87178 59.17326
 6.86759 59.16607
 6.86542 59.15925
 6.86007 59.13452
 6.85736 59.12907
 6.85005 59.11770
 6.84757 59.11254
 6.83416 59.07634
 6.83214 59.06417
 6.83144 59.05096
 6.83183 59.04471
 6.83284 59.03895
 6.83454 59.03326
 6.83772 59.02774
 6.85679 59.00911
 6.86170 59.00306
 6.86286 58.99154
 6.85385 58.96495
 6.83834 58.95539
 6.83292 58.95407
 6.79248 58.95045
 6.77938 58.94433
 6.77090 58.93668
 6.76618 58.92792
 6.76083 58.90991
 6.75982 58.89477
 6.76060 58.88880
 6.76191 58.88322
 6.76594 58.87100
 6.76788 58.86278
 6.76765 58.85436
 6.75881 58.84955
 6.75091 58.84909
 6.71396 58.83356
 6.68510 58.81697
 6.66928 58.81403
 6.61280 58.81976
 6.59099 58.82410
 6.55601 58.82713
 6.54498 58.82317
 6.53846 58.81860
 6.53668 58.81286
 6.53459 58.80051
 6.53219 58.75049
 6.52940 58.73907
 6.52544 58.72889
 6.49410 58.66941
 6.49097 58.66016
 6.49051 58.65220
 6.49340 58.64745
 6.49565 58.63990
 6.49565 58.63471
 6.48950 58.61913
 6.48815 58.61701
 6.47687 58.61994
 6.38247 58.68643
 6.37983 58.68224
 6.37621 58.67960
 6.40420 58.64883
 6.41035 58.63866
 6.41437 58.63561
 6.42007 58.63292
 6.42333 58.62890
 6.41739 58.61539
 6.41633 58.60680
 6.41659 58.60201
 6.40550 58.59988
 6.36103 58.59975
 6.34155 58.59755
 6.29372 58.57360
 6.27639 58.57024
 6.26727 58.57076
 6.25804 58.57236
 6.24954 58.57551
 6.24257 58.58048
 6.23510 58.58285
 6.22696 58.57890
 6.21804 58.57314
 6.20841 58.57024
 6.07490 58.58451
 6.05418 58.58389
 6.02989 58.57309
 6.01943 58.57024
 5.93749 58.57032
 5.91370 58.57324
 5.89504 58.58637
 5.84189 58.61122
 5.81944 58.61528
 5.75624 58.61122
 5.69231 58.61812
 5.62343 58.61714
 5.58113 58.62272
 5.54049 58.63468
 5.49928 58.65280
 5.45543 58.67561
 5.43760 58.69298
 5.43039 58.71703
 5.41672 58.80361
 5.41502 58.84475
 5.45584 58.86997
 5.46228 58.87524
 5.46693 58.88136
 5.47018 58.88849
 5.47243 58.89648
 5.47429 58.90686
 5.47716 58.95167
 5.47917 58.95934
 5.48328 58.96663
 5.48905 58.97389
 5.52341 59.00022
 5.52783 59.00479
 5.53015 59.01275
 5.52969 59.02280
 5.51357 59.05936
 5.51093 59.06789
 5.51031 59.07734
 5.51341 59.09099
 5.51884 59.09871
 5.52558 59.10292
 5.53256 59.10370
 5.57059 59.10158
 5.57772 59.10342
 5.58400 59.10827
 5.59604 59.12163
 5.60294 59.12804
 5.61015 59.13328
 5.63862 59.14773
 5.64498 59.15240
 5.66369 59.17145
 5.69193 59.19276
 5.69875 59.19956
 5.70482 59.20679
 5.70815 59.21434
 5.70908 59.22212
 5.70761 59.23196
 5.70487 59.23989
 5.68480 59.27620
 5.67601 59.28622
 5.66415 59.29743
 5.64033 59.31624
 5.61635 59.32963
 5.60837 59.33508
 5.60061 59.34381
 5.59121 59.36092
 5.58726 59.37164
 5.58540 59.38094
 5.58509 59.38782
 5.58578 59.40252
 5.58834 59.41779
 5.61116 59.49244
 5.61100 59.49848
 5.61007 59.50282
 5.60736 59.50858
 5.57850 59.55111
 5.55235 59.57964
 5.54553 59.58507
 5.53630 59.58814
 5.52512 59.58824
 5.48804 59.58057
 5.40517 59.57321
 5.38616 59.58383
 5.38065 59.64129
 5.38120 59.65700
 5.39944 59.74800
 5.39910 59.76356
 5.39368 59.79518
 5.39642 59.83900
 5.39595 59.84595
 5.39476 59.85285
 5.37422 59.91822
 5.36877 59.92905
 5.36016 59.93879
 5.34776 59.94783
 5.32487 59.95956
 5.29477 59.96889
 5.25653 59.98693
 5.24286 59.99140
 5.23278 59.99972
 5.21981 60.01362
 5.18335 60.06075
 5.16201 60.08033
 5.15539 60.08870
 5.15824 60.09124
 5.23185 60.12302
 5.24340 60.13173
 5.22715 60.17655
2 278 3.99955 5.70908 58.2822 60.1649 'Potaro-Siparuni (Guyana)'
 4.50216 60.11201
 4.50236 60.12093
 4.50487 60.13286
 4.51301 60.14878
 4.52779 60.15999
 4.54621 60.16485
 4.56520 60.16154
 4.59355 60.13483
 4.59499 60.12622
 4.59535 60.10615
 4.59856 60.09708
 4.60752 60.08770
 4.61693 60.08429
 4.62708 60.08320
 4.63832 60.08067
 4.65029 60.07563
 4.69176 60.04705
 4.70801 60.03848
 4.72542 60.03245
 4.74436 60.03008
 4.78780 60.03452
 4.83229 60.02047
 4.89223 60.01796
 4.92172 60.01101
 4.93983 60.00359
 4.95833 60.00021
 4.99688 59.99928
 5.05742 59.98150
 5.08594 59.98310
 5.10003 60.01101
 5.12509 60.05512
 5.14082 60.07573
 5.15539 60.08870
 5.16201 60.08033
 5.18335 60.06075
 5.21981 60.01362
 5.23278 59.99972
 5.24286 59.99140
 5.25653 59.98693
 5.29477 59.96889
 5.32487 59.95956
 5.34776 59.94783
 5.36016 59.93879
 5.36877 59.92905
 5.37422 59.91822
 5.39476 59.85285
 5.39595 59.84595
 5.39642 59.83900
 5.39368 59.79518
 5.39910 59.76356
 5.39944 59.74800
 5.38120 59.65700
 5.38065 59.64129
 5.38616 59.58383
 5.40517 59.57321
 5.48804 59.58057
 5.52512 59.58824
 5.53630 59.58814
 5.54553 59.58507
 5.55235 59.57964
 5.57850 59.55111
 5.60736 59.50858
 5.61007 59.50282
 5.61100 59.49848
 5.61116 59.49244
 5.58834 59.41779
 5.58578 59.40252
 5.58509 59.38782
 5.58540 59.38094
 5.58726 59.37164
 5.59121 59.36092
 5.60061 59.34381
 5.60837 59.33508
 5.61635 59.32963
 5.64033 59.31624
 5.66415 59.29743
 5.67601 59.28622
 5.68480 59.27620
 5.70487 59.23989
 5.70761 59.23196
 5.70908 59.22212
 5.70815 59.21434
 5.70482 59.20679
 5.69875 59.19956
 5.69193 59.19276
 5.66369 59.17145
 5.64498 59.15240
 5.63862 59.14773
 5.61015 59.13328
 5.60294 59.12804
 5.59604 59.12163
 5.58400 59.10827
 5.57772 59.10342
 5.57059 59.10158
 5.53256 59.10370
 5.52558 59.10292
 5.51884 59.09871
 5.51341 59.09099
 5.51031 59.07734
 5.51093 59.06789
 5.51357 59.05936
 5.52969 59.02280
 5.53015 59.01275
 5.52783 59.00479
 5.52341 59.00022
 5.48905 58.97389
 5.48328 58.96663
 5.47917 58.95934
 5.47716 58.95167
 5.47429 58.90686
 5.47243 58.89648
 5.47018 58.88849
 5.46693 58.88136
 5.46228 58.87524
 5.45584 58.86997
 5.41502 58.84475
 5.40866 58.85899
 5.38825 58.86627
 5.37182 58.87526
 5.36210 58.87873
 5.35109 58.87989
 5.34179 58.87966
 5.33386 58.88051
 5.32673 58.88493
 5.25611 58.83824
 5.24480 58.82689
 5.22914 58.82056
 5.15713 58.82175
 5.01282 58.84594
 4.97169 58.84397
 4.90807 58.81963
 4.76586 58.79426
 4.74886 58.78070
 4.76222 58.73512
 4.74669 58.72057
 4.70418 58.70618
 4.67093 58.68212
 4.66326 58.66772
 4.66088 58.66326
 4.64708 58.62014
 4.64173 58.60957
 4.63667 58.60264
 4.62830 58.58833
 4.62124 58.56776
 4.61378 58.52097
 4.61504 58.37039
 4.63202 58.29688
 4.63427 58.28217
 4.59664 58.29305
 4.44745 58.37837
 4.38141 58.39609
 4.27256 58.43617
 4.25124 58.43994
 4.27092 58.48653
 4.28367 58.51671
 4.28762 58.53236
 4.28847 58.54045
 4.28847 58.54851
 4.28646 58.56428
 4.28413 58.57272
 4.27294 58.59786
 4.25992 58.61851
 4.24822 58.63285
 4.23067 58.64822
 4.19670 58.66822
 4.18962 58.67378
 4.07076 58.80754
 4.04709 58.82625
 4.01862 58.85374
 4.00637 58.86935
 4.00257 58.87609
 4.00063 58.88059
 3.99955 58.89146
 3.99986 58.92492
 4.00397 58.93890
 4.00901 58.94598
 4.01660 58.95485
 4.10450 59.02311
 4.11538 59.02885
 4.12569 59.03244
 4.15099 59.03773
 4.17419 59.04724
 4.17830 59.05042
 4.18287 59.05530
 4.18535 59.06311
 4.18636 59.06853
 4.18597 59.07510
 4.18458 59.08169
 4.18233 59.08882
 4.16006 59.13367
 4.15750 59.14070
 4.15579 59.14804
 4.15572 59.15478
 4.15897 59.17620
 4.15967 59.19005
 4.15006 59.24917
 4.15455 59.38472
 4.15804 59.39908
 4.16342 59.41381
 4.17923 59.44686
 4.18450 59.45474
 4.19096 59.46218
 4.20018 59.46952
 4.20941 59.47280
 4.21897 59.47303
 4.23184 59.46792
 4.24067 59.46249
 4.25527 59.45029
 4.26364 59.44616
 4.27287 59.44588
 4.31532 59.45337
 4.35805 59.45474
 4.37746 59.45091
 4.39144 59.44562
 4.39834 59.43970
 4.40524 59.43533
 4.41756 59.43533
 4.43410 59.43944
 4.46776 59.45345
 4.48399 59.45830
 4.50097 59.46631
 4.50898 59.48797
 4.50308 59.50908
 4.49952 59.51721
 4.49531 59.52471
 4.48949 59.53277
 4.48221 59.54093
 4.46970 59.55148
 4.46102 59.55760
 4.39539 59.58995
 4.38888 59.59452
 4.38203 59.60083
 4.37668 59.60842
 4.37219 59.61827
 4.36979 59.63845
 4.37343 59.67522
 4.37147 59.68712
 4.38118 59.68674
 4.38446 59.69046
 4.38565 59.70196
 4.38937 59.71351
 4.39772 59.72234
 4.40754 59.72992
 4.41557 59.73795
 4.44821 59.79627
 4.46575 59.80963
 4.45684 59.81769
 4.45461 59.82624
 4.46025 59.84763
 4.46076 59.85236
 4.46066 59.86324
 4.46198 59.86763
 4.46823 59.87169
 4.48092 59.86885
 4.48469 59.87293
 4.48474 59.88582
 4.47528 59.90528
 4.47435 59.91456
 4.47921 59.91993
 4.49825 59.93430
 4.50391 59.94331
 4.50588 59.95313
 4.50650 59.96468
 4.50371 59.97455
 4.49541 59.97889
 4.48880 59.98455
 4.49076 59.99698
 4.49887 60.02070
 4.49593 60.04018
 4.49159 60.05561
 4.49433 60.06625
 4.51254 60.07155
 4.51996 60.07687
 4.52554 60.08777
 4.52600 60.09860
 4.51799 60.10385
 4.50660 60.10620
 4.50216 60.11201
3 363 1.18582 4.50898 57.9289 60.0001 'Upper Demerara-Berbice (Guyana)'
 3.96671 59.59000
 3.97064 59.59628
 3.99637 59.59538
 4.00226 59.59972
 4.00715 59.60574
 4.03273 59.61982
 4.06420 59.65369
 4.07973 59.66325
 4.10319 59.66010
 4.11980 59.64899
 4.13404 59.64617
 4.15057 59.66736
 4.16445 59.71033
 4.17646 59.72674
 4.20277 59.73847
 4.21365 59.74043
 4.22233 59.74053
 4.24000 59.73795
 4.24584 59.73552
 4.25770 59.72661
 4.26406 59.72449
 4.27070 59.72656
 4.28209 59.73668
 4.28659 59.73847
 4.30529 59.72780
 4.34069 59.69361
 4.36446 59.68739
 4.37147 59.68712
 4.37343 59.67522
 4.36979 59.63845
 4.37219 59.61827
 4.37668 59.60842
 4.38203 59.60083
 4.38888 59.59452
 4.39539 59.58995
 4.46102 59.55760
 4.46970 59.55148
 4.48221 59.54093
 4.48949 59.53277
 4.49531 59.52471
 4.49952 59.51721
 4.50308 59.50908
 4.50898 59.48797
 4.50097 59.46631
 4.48399 59.45830
 4.46776 59.45345
 4.43410 59.43944
 4.41756 59.43533
 4.40524 59.43533
 4.39834 59.43970
 4.39144 59.44562
 4.37746 59.45091
 4.35805 59.45474
 4.31532 59.45337
 4.27287 59.44588
 4.26364 59.44616
 4.25527 59.45029
 4.24067 59.46249
 4.23184 59.46792
 4.21897 59.47303
 4.20941 59.47280
 4.20018 59.46952
 4.19096 59.46218
 4.18450 59.45474
 4.17923 59.44686
 4.16342 59.41381
 4.15804 59.39908
 4.15455 59.38472
 4.15006 59.24917
 4.15967 59.19005
 4.15897 59.17620
 4.15572 59.15478
 4.15579 59.14804
 4.15750 59.14070
 4.16006 59.13367
 4.18233 59.08882
 4.18458 59.08169
 4.18597 59.07510
 4.18636 59.06853
 4.18535 59.06311
 4.18287 59.05530
 4.17830 59.05042
 4.17419 59.04724
 4.15099 59.03773
 4.12569 59.03244
 4.11538 59.02885
 4.10450 59.02311
 4.01660 58.95485
 4.00901 58.94598
 4.00397 58.93890
 3.99986 58.92492
 3.99955 58.89146
 4.00063 58.88059
 4.00257 58.87609
 4.00637 58.86935
 4.01862 58.85374
 4.04709 58.82625
 4.07076 58.80754
 4.18962 58.67378
 4.19670 58.66822
 4.23067 58.64822
 4.24822 58.63285
 4.25992 58.61851
 4.27294 58.59786
 4.28413 58.57272
 4.28646 58.56428
 4.28847 58.54851
 4.28847 58.54045
 4.28762 58.53236
 4.28367 58.51671
 4.27092 58.48653
 4.25124 58.43994
 4.22269 58.42516
 4.13882 58.36442
 3.99986 58.32390
 3.99162 58.32328
 3.97782 58.32413
 3.94927 58.33129
 3.93614 58.33119
 3.91870 58.32922
 3.79005 58.29783
 3.76863 58.29005
 3.75259 58.28217
 3.61448 58.18905
 3.54909 58.15699
 3.53441 58.15159
 3.51206 58.14880
 3.48901 58.14903
 3.35543 58.11461
 3.33680 58.11446
 3.29109 58.11947
 3.26386 58.11694
 3.23500 58.11120
 3.20443 58.10045
 3.05369 57.99506
 2.90504 57.93217
 2.88572 57.92891
 2.87827 57.93240
 2.77283 58.01069
 2.74296 58.02640
 2.73534 58.02849
 2.72131 58.03048
 2.70655 58.03087
 2.57793 58.01999
 2.54837 58.02028
 2.52773 58.02242
 2.50879 58.02679
 2.47450 58.03932
 2.34161 58.10800
 1.89712 58.26711
 1.82774 58.30354
 1.76537 58.34519
 1.64682 58.39568
 1.63075 58.40692
 1.58701 58.45015
 1.53657 58.48529
 1.51376 58.49350
 1.45480 58.50216
 1.45441 58.50200
 1.45378 58.50175
 1.43888 58.51366
 1.41818 58.50699
 1.37888 58.48808
 1.35806 58.48172
 1.33387 58.48110
 1.31646 58.48761
 1.26726 58.51893
 1.26685 58.52715
 1.27155 58.53505
 1.27439 58.54306
 1.27636 58.54275
 1.28044 58.54673
 1.28463 58.55231
 1.28690 58.55696
 1.28514 58.56141
 1.27538 58.57417
 1.27274 58.58053
 1.28246 58.68259
 1.28106 58.69773
 1.27227 58.70920
 1.23233 58.73690
 1.21497 58.75282
 1.20127 58.77194
 1.19181 58.79597
 1.18727 58.81597
 1.18582 58.83400
 1.18871 58.85204
 1.19724 58.87214
 1.21781 58.89787
 1.23853 58.90645
 1.26023 58.91172
 1.28421 58.92748
 1.29899 58.94598
 1.31015 58.96650
 1.31231 58.97202
 1.32757 59.01110
 1.35713 59.17796
 1.37780 59.24214
 1.38744 59.25992
 1.40415 59.27242
 1.45211 59.29382
 1.46296 59.30219
 1.47353 59.32033
 1.49076 59.32472
 1.50952 59.32694
 1.52464 59.33857
 1.52603 59.34769
 1.52040 59.36803
 1.52334 59.38017
 1.52789 59.38386
 1.54365 59.39097
 1.54944 59.39464
 1.55203 59.39973
 1.55327 59.41211
 1.55528 59.41683
 1.56595 59.42588
 1.60101 59.44551
 1.61132 59.45476
 1.63608 59.48600
 1.65765 59.50282
 1.70308 59.53073
 1.72052 59.55148
 1.72716 59.57272
 1.72491 59.59057
 1.72000 59.60793
 1.71881 59.62816
 1.72176 59.63966
 1.72700 59.64982
 1.73408 59.65896
 1.75739 59.68085
 1.76560 59.68248
 1.78710 59.66648
 1.82769 59.64548
 1.83997 59.64646
 1.84136 59.64912
 1.83971 59.65548
 1.84271 59.66798
 1.85741 59.70558
 1.85805 59.71723
 1.85079 59.73751
 1.85131 59.74968
 1.86214 59.75875
 1.88257 59.76356
 1.90464 59.76513
 1.92053 59.76454
 1.93192 59.76087
 1.95125 59.74836
 1.96185 59.74382
 1.97097 59.74281
 1.99717 59.74534
 2.00567 59.74353
 2.02223 59.73780
 2.03042 59.73710
 2.04140 59.74041
 2.06225 59.75146
 2.07546 59.75296
 2.08597 59.74984
 2.10362 59.73857
 2.11352 59.73539
 2.12372 59.73586
 2.15351 59.74498
 2.19082 59.74575
 2.22948 59.74022
 2.26379 59.74170
 2.28798 59.76325
 2.29035 59.77226
 2.29087 59.79185
 2.29273 59.80120
 2.29919 59.81363
 2.32544 59.84425
 2.34601 59.88407
 2.35960 59.90313
 2.37872 59.91344
 2.38781 59.91182
 2.40451 59.90151
 2.41562 59.90182
 2.42621 59.90404
 2.44786 59.90507
 2.45877 59.90678
 2.52388 59.93585
 2.54300 59.93951
 2.55545 59.93923
 2.56300 59.94073
 2.57984 59.94902
 2.58393 59.95313
 2.58868 59.96602
 2.59256 59.97099
 2.59576 59.97026
 2.60806 59.96533
 2.61343 59.96504
 2.67477 59.99646
 2.69405 60.00008
 2.85729 59.99372
 2.93930 59.97298
 2.96044 59.97042
 3.01765 59.97398
 3.04271 59.96923
 3.06648 59.95938
 3.11004 59.93267
 3.11433 59.92737
 3.11676 59.92076
 3.11997 59.91487
 3.12643 59.91161
 3.13340 59.91269
 3.14400 59.92019
 3.15009 59.92156
 3.15283 59.91838
 3.15480 59.90572
 3.15867 59.90321
 3.16523 59.90543
 3.17464 59.91394
 3.18115 59.91685
 3.19417 59.91667
 3.20187 59.91151
 3.20823 59.90425
 3.21738 59.89763
 3.26254 59.88401
 3.27257 59.87962
 3.31538 59.85373
 3.34902 59.84319
 3.34987 59.83999
 3.35029 59.83368
 3.35194 59.82681
 3.35659 59.82177
 3.36349 59.82100
 3.37669 59.82709
 3.38341 59.82849
 3.43168 59.82404
 3.42540 59.84136
 3.44302 59.83854
 3.48439 59.82136
 3.50976 59.82955
 3.53046 59.84763
 3.55237 59.86303
 3.58172 59.86288
 3.60929 59.83766
 3.63813 59.75555
 3.67321 59.71764
 3.68306 59.69506
 3.69022 59.68622
 3.70169 59.68013
 3.71034 59.67956
 3.71915 59.68077
 3.73112 59.68015
 3.75623 59.67181
 3.76892 59.65912
 3.78719 59.61829
 3.80240 59.59861
 3.81654 59.59540
 3.83313 59.59972
 3.85568 59.60251
 3.87589 59.59633
 3.89919 59.58178
 3.91819 59.56316
 3.92570 59.54458
 3.92710 59.53471
 3.93191 59.52923
 3.93953 59.52765
 3.94945 59.52959
 3.95769 59.53683
 3.96193 59.54869
 3.96712 59.58039
 3.96671 59.59000
4 235 6.95061 8.55801 58.7807 60.7306 'Barima-Waini (Guyana)'
 8.03176 60.06801
 8.03292 60.04649
 8.04282 60.02959
 8.06031 60.01946
 8.10044 60.01101
 8.11540 59.99933
 8.12705 59.99801
 8.13855 60.00054
 8.15294 60.00067
 8.16852 59.99331
 8.18839 59.96768
 8.20015 59.95706
 8.20844 59.93972
 8.21989 59.88975
 8.22113 59.86921
 8.22774 59.84846
 8.24511 59.82929
 8.26720 59.81665
 8.28776 59.81559
 8.35213 59.85562
 8.46817 59.95969
 8.55801 60.02099
 8.54890 60.00109
 8.52757 59.96817
 8.49177 59.93248
 8.40522 59.87531
 8.36929 59.83780
 8.35468 59.80940
 8.34150 59.76057
 8.32892 59.73542
 8.28921 59.68057
 8.27367 59.65184
 8.26752 59.62218
 8.25214 59.61311
 8.25015 59.61124
 8.24209 59.60985
 8.24030 59.60595
 8.24095 59.59972
 8.22948 59.54345
 8.22248 59.53612
 8.20649 59.52302
 8.13032 59.43375
 8.16722 59.45678
 8.20132 59.49169
 8.22891 59.53356
 8.25943 59.60863
 8.32274 59.70067
 8.35545 59.76130
 8.36652 59.76952
 8.39419 59.78185
 8.40713 59.77953
 8.41087 59.75585
 8.40363 59.73937
 8.37556 59.70397
 8.36347 59.66324
 8.35000 59.64338
 8.32274 59.61124
 8.28376 59.54540
 8.24262 59.45409
 8.16682 59.34789
 8.05874 59.16515
 8.01362 59.10481
 8.00003 59.09013
 7.98079 59.07543
 7.93100 59.02143
 7.77869 58.88475
 7.73830 58.83342
 7.69622 58.80419
 7.66508 58.78067
 7.60457 58.82945
 7.56912 58.86764
 7.55577 58.88873
 7.50567 59.01089
 7.49812 59.02544
 7.43621 59.08494
 7.42141 59.09621
 7.40952 59.10246
 7.40185 59.10205
 7.39433 59.10039
 7.38725 59.09693
 7.35816 59.07796
 7.35064 59.07409
 7.34304 59.07148
 7.33506 59.07076
 7.32534 59.07225
 7.31697 59.07941
 7.29695 59.10509
 7.28811 59.11316
 7.27989 59.11879
 7.11091 59.17455
 7.09701 59.17667
 7.08298 59.17718
 7.06900 59.17563
 6.99544 59.15540
 6.98428 59.15439
 7.00818 59.20819
 7.01856 59.25330
 7.01918 59.26103
 7.01841 59.26860
 7.01384 59.27984
 7.00918 59.28519
 7.00484 59.28880
 6.99957 59.29072
 6.98118 59.29444
 6.97653 59.29754
 6.96831 59.30986
 6.95100 59.33074
 6.95061 59.34177
 6.95309 59.35635
 6.97304 59.41637
 6.98474 59.43063
 6.98800 59.43727
 6.98970 59.44440
 6.98769 59.47272
 6.99141 59.48089
 6.99528 59.48665
 7.08055 59.56915
 7.08569 59.57607
 7.08879 59.58251
 7.11378 59.68664
 7.19238 59.83167
 7.19315 59.84172
 7.19160 59.85593
 7.18406 59.88580
 7.17801 59.89789
 7.17181 59.90520
 7.16615 59.90649
 7.15365 59.91078
 7.14636 59.91559
 7.13362 59.92902
 7.12696 59.93481
 7.11300 59.94422
 7.10665 59.95057
 7.10181 59.95770
 7.10026 59.96605
 7.10119 59.97589
 7.11548 60.01563
 7.11324 60.03111
 7.10809 60.03964
 7.10251 60.04524
 7.09670 60.04884
 7.08996 60.05403
 7.08313 60.06049
 7.07691 60.06749
 7.07210 60.07454
 7.06954 60.08049
 7.06807 60.08767
 7.07722 60.12294
 7.09174 60.15433
 7.09546 60.17211
 7.09616 60.18330
 7.09127 60.19697
 7.09275 60.20451
 7.09763 60.21257
 7.11982 60.23554
 7.13814 60.26688
 7.15155 60.30270
 7.15605 60.31947
 7.15535 60.33660
 7.15268 60.34827
 7.16577 60.36011
 7.17228 60.37202
 7.17331 60.38517
 7.17088 60.40148
 7.17135 60.41582
 7.17688 60.42675
 7.18375 60.43713
 7.18835 60.44951
 7.18850 60.47532
 7.18060 60.49661
 7.16520 60.51286
 7.12577 60.53490
 7.12551 60.54800
 7.18039 60.61764
 7.19114 60.62841
 7.22090 60.64306
 7.25067 60.64355
 7.27770 60.63110
 7.29945 60.60676
 7.30653 60.60224
 7.31392 60.59997
 7.32188 60.59986
 7.33015 60.60177
 7.34364 60.61056
 7.37154 60.62201
 7.38436 60.62898
 7.38983 60.63609
 7.39340 60.64516
 7.39846 60.65324
 7.40813 60.65727
 7.41655 60.65691
 7.42286 60.65583
 7.42880 60.65627
 7.43614 60.66063
 7.44549 60.67420
 7.44864 60.68813
 7.45350 60.70066
 7.49582 60.72383
 7.51034 60.72970
 7.52543 60.73058
 7.55158 60.71650
 7.56605 60.67115
 7.58522 60.65562
 7.61091 60.64149
 7.62460 60.63169
 7.62946 60.62516
 7.62682 60.61066
 7.63385 60.60126
 7.64672 60.59746
 7.66155 60.59986
 7.68852 60.58451
 7.69938 60.58441
 7.71834 60.58772
 7.72713 60.58699
 7.73632 60.58209
 7.76304 60.55958
 7.80009 60.53984
 7.81337 60.52576
 7.82087 60.50328
 7.81937 60.41850
 7.82361 60.37476
 7.84180 60.35042
 7.86479 60.34241
 7.88474 60.32034
 7.91776 60.27187
 7.92126 60.26800
 7.93456 60.25329
 7.95058 60.24301
 7.96411 60.23113
 7.98267 60.18309
 7.99703 60.16573
 8.01347 60.14979
 8.02881 60.12922
 8.03556 60.10790
 8.03176 60.06801
5 14 6.10586 6.97765 58.1735 58.8336 'Demerara-Mahaica (Guyana)'
 6.97211 58.37857
 6.96528 58.33361
 6.96100 58.33471
 6.91987 58.39102
 6.90477 58.44103
 6.88337 58.46052
 6.90030 58.46349
 6.92304 58.45751
 6.94306 58.44701
 6.95466 58.43175
 6.96833 58.42252
 6.97211 58.41893
 6.97362 58.40966
 6.97211 58.37857
6 52 6.10586 6.97765 58.1735 58.8336 'Demerara-Mahaica (Guyana)'
 6.97765 58.51960
 6.96528 58.53563
 6.94709 58.55069
 6.92723 58.56159
 6.90681 58.56819
 6.86839 58.57405
 6.80829 58.59773
 6.78726 58.59984
 6.72163 58.59773
 6.71133 58.59984
 6.69892 58.60920
 6.68781 58.61140
 6.50971 58.61140
 6.48815 58.61701
 6.48950 58.61913
 6.49565 58.63471
 6.49565 58.63990
 6.49340 58.64745
 6.49051 58.65220
 6.49097 58.66016
 6.49410 58.66941
 6.52544 58.72889
 6.52940 58.73907
 6.53219 58.75049
 6.53459 58.80051
 6.53668 58.81286
 6.53846 58.81860
 6.54498 58.82317
 6.55601 58.82713
 6.59099 58.82410
 6.61280 58.81976
 6.66928 58.81403
 6.68510 58.81697
 6.71396 58.83356
 6.74104 58.79062
 6.75649 58.75910
 6.76168 58.75160
 6.76951 58.74349
 6.81514 58.71411
 6.82328 58.70582
 6.82966 58.69556
 6.83493 58.67755
 6.83540 58.66543
 6.83726 58.65572
 6.84191 58.64887
 6.85113 58.64388
 6.85976 58.64130
 6.90862 58.63368
 6.92097 58.62523
 6.93524 58.60686
 6.97203 58.53854
 6.97765 58.51960
7 89 6.10586 6.97765 58.1735 58.8336 'Demerara-Mahaica (Guyana)'
 6.46345 58.58117
 6.59471 58.57722
 6.63670 58.56701
 6.82184 58.46154
 6.85781 58.43489
 6.88337 58.39843
 6.89435 58.35440
 6.89216 58.31216
 6.88052 58.27383
 6.84919 58.21410
 6.83096 58.19449
 6.82811 58.18956
 6.82453 58.18651
 6.81757 58.17821
 6.81538 58.17370
 6.81281 58.17350
 6.76765 58.18479
 6.76036 58.18735
 6.74874 58.18996
 6.73956 58.19068
 6.72329 58.18913
 6.70683 58.18549
 6.68626 58.17854
 6.67998 58.17750
 6.67238 58.17766
 6.64461 58.18872
 6.54234 58.24156
 6.53102 58.24975
 6.52978 58.25117
 6.52823 58.25347
 6.49464 58.28667
 6.47935 58.29889
 6.47501 58.30147
 6.46896 58.30300
 6.46172 58.30339
 6.44273 58.29768
 6.42689 58.29114
 6.42085 58.29016
 6.41372 58.29021
 6.40369 58.29295
 6.38199 58.30292
 6.37654 58.30463
 6.37072 58.30582
 6.36266 58.30597
 6.35258 58.30442
 6.33605 58.29884
 6.32783 58.29502
 6.32246 58.29135
 6.31199 58.27941
 6.30130 58.26967
 6.29703 58.26708
 6.29034 58.26566
 6.28150 58.26597
 6.26592 58.27003
 6.25109 58.27641
 6.23869 58.28491
 6.23417 58.28737
 6.22835 58.28866
 6.22184 58.28881
 6.20740 58.28264
 6.19461 58.27484
 6.18973 58.27290
 6.17916 58.27013
 6.15518 58.26013
 6.14487 58.25729
 6.13185 58.25822
 6.10586 58.27465
 6.11717 58.29210
 6.12051 58.29985
 6.12392 58.31098
 6.12655 58.35509
 6.12743 58.36044
 6.12976 58.36382
 6.13851 58.36245
 6.14386 58.36261
 6.19996 58.37904
 6.20631 58.37992
 6.21293 58.37992
 6.22161 58.38100
 6.23176 58.38318
 6.24838 58.38917
 6.27189 58.40131
 6.31533 58.43994
 6.34062 58.48066
 6.35031 58.49095
 6.36475 58.50358
 6.45142 58.55975
 6.46488 58.58102
 6.46345 58.58117
8 107 6.71396 7.66508 58.4642 59.1772 'Cuyuni-Mazaruni (Guyana)'
 7.66508 58.78067
 7.66236 58.77862
 7.61211 58.75405
 7.58833 58.73763
 7.59469 58.73392
 7.61935 58.74390
 7.63028 58.74200
 7.62930 58.72822
 7.62096 58.70343
 7.60353 58.68238
 7.58520 58.66316
 7.56506 58.64672
 7.54035 58.63029
 7.50649 58.60931
 7.47578 58.58406
 7.45334 58.56818
 7.37613 58.48974
 7.34540 58.47159
 7.31220 58.46422
 7.27997 58.47419
 7.28742 58.46736
 7.24445 58.47252
 7.11612 58.46736
 7.01081 58.48502
 6.99482 58.49739
 6.97765 58.51960
 6.97203 58.53854
 6.93524 58.60686
 6.92097 58.62523
 6.90862 58.63368
 6.85976 58.64130
 6.85113 58.64388
 6.84191 58.64887
 6.83726 58.65572
 6.83540 58.66543
 6.83493 58.67755
 6.82966 58.69556
 6.82328 58.70582
 6.81514 58.71411
 6.76951 58.74349
 6.76168 58.75160
 6.75649 58.75910
 6.74104 58.79062
 6.71396 58.83356
 6.75091 58.84909
 6.75881 58.84955
 6.76765 58.85436
 6.76788 58.86278
 6.76594 58.87100
 6.76191 58.88322
 6.76060 58.88880
 6.75982 58.89477
 6.76083 58.90991
 6.76618 58.92792
 6.77090 58.93668
 6.77938 58.94433
 6.79248 58.95045
 6.83292 58.95407
 6.83834 58.95539
 6.85385 58.96495
 6.86286 58.99154
 6.86170 59.00306
 6.85679 59.00911
 6.83772 59.02774
 6.83454 59.03326
 6.83284 59.03895
 6.83183 59.04471
 6.83144 59.05096
 6.83214 59.06417
 6.83416 59.07634
 6.84757 59.11254
 6.85005 59.11770
 6.85736 59.12907
 6.86007 59.13452
 6.86542 59.15925
 6.86759 59.16607
 6.87178 59.17326
 6.88356 59.17646
 6.90025 59.17450
 6.96379 59.15486
 6.98428 59.15439
 6.99544 59.15540
 7.06900 59.17563
 7.08298 59.17718
 7.09701 59.17667
 7.11091 59.17455
 7.27989 59.11879
 7.28811 59.11316
 7.29695 59.10509
 7.31697 59.07941
 7.32534 59.07225
 7.33506 59.07076
 7.34304 59.07148
 7.35064 59.07409
 7.35816 59.07796
 7.38725 59.09693
 7.39433 59.10039
 7.40185 59.10205
 7.40952 59.10246
 7.42141 59.09621
 7.43621 59.08494
 7.49812 59.02544
 7.50567 59.01089
 7.55577 58.88873
 7.56912 58.86764
 7.60457 58.82945
 7.66508 58.78067
9 156 4.61378 6.46488 57.606 58.8849 'Upper Takutu-Upper Essequibo (Guyana)'
 6.41659 58.60201
 6.41722 58.59024
 6.42341 58.59773
 6.46345 58.58117
 6.46488 58.58102
 6.45142 58.55975
 6.36475 58.50358
 6.35031 58.49095
 6.34062 58.48066
 6.31533 58.43994
 6.27189 58.40131
 6.24838 58.38917
 6.23176 58.38318
 6.22161 58.38100
 6.21293 58.37992
 6.20631 58.37992
 6.19996 58.37904
 6.14386 58.36261
 6.13851 58.36245
 6.12976 58.36382
 6.12743 58.36044
 6.12655 58.35509
 6.12392 58.31098
 6.12051 58.29985
 6.11717 58.29210
 6.10586 58.27465
 6.09436 58.24835
 6.09467 58.24298
 6.09583 58.23499
 6.10446 58.21729
 6.11508 58.17993
 6.08521 58.14632
 6.08188 58.13988
 6.07986 58.12521
 6.04743 58.11412
 6.02981 58.11358
 5.98925 58.12606
 5.97155 58.11497
 5.96511 58.10076
 5.94276 58.03289
 5.93695 58.00118
 5.93641 57.99322
 5.92951 57.95088
 5.92266 57.94654
 5.90607 57.93951
 5.89535 57.92845
 5.86951 57.90951
 5.86579 57.90292
 5.86502 57.89432
 5.86556 57.88470
 5.86447 57.87070
 5.85874 57.86145
 5.84104 57.84372
 5.83949 57.83600
 5.84197 57.82869
 5.84771 57.82277
 5.85401 57.81742
 5.85913 57.80905
 5.86269 57.79747
 5.85982 57.75241
 5.86153 57.74466
 5.87044 57.72164
 5.87207 57.71464
 5.87153 57.69417
 5.87504 57.68296
 5.80877 57.65232
 5.79138 57.63642
 5.78836 57.62299
 5.77378 57.60759
 5.76510 57.60637
 5.75624 57.60601
 5.74849 57.60780
 5.70270 57.62632
 5.47972 57.67994
 5.38399 57.68792
 5.36226 57.69236
 5.34730 57.69841
 5.31384 57.73029
 5.28609 57.74608
 5.22322 57.77009
 5.18033 57.80259
 5.14361 57.82316
 5.01476 57.87243
 4.90544 57.97023
 4.87068 57.99550
 4.82955 58.01154
 4.76718 58.02648
 4.65398 58.06604
 4.64414 58.08397
 4.63791 58.11469
 4.63427 58.28217
 4.63202 58.29688
 4.61504 58.37039
 4.61378 58.52097
 4.62124 58.56776
 4.62830 58.58833
 4.63667 58.60264
 4.64173 58.60957
 4.64708 58.62014
 4.66088 58.66326
 4.66326 58.66772
 4.67093 58.68212
 4.70418 58.70618
 4.74669 58.72057
 4.76222 58.73512
 4.74886 58.78070
 4.76586 58.79426
 4.90807 58.81963
 4.97169 58.84397
 5.01282 58.84594
 5.15713 58.82175
 5.22914 58.82056
 5.24480 58.82689
 5.25611 58.83824
 5.32673 58.88493
 5.33386 58.88051
 5.34179 58.87966
 5.35109 58.87989
 5.36210 58.87873
 5.37182 58.87526
 5.38825 58.86627
 5.40866 58.85899
 5.41502 58.84475
 5.41672 58.80361
 5.43039 58.71703
 5.43760 58.69298
 5.45543 58.67561
 5.49928 58.65280
 5.54049 58.63468
 5.58113 58.62272
 5.62343 58.61714
 5.69231 58.61812
 5.75624 58.61122
 5.81944 58.61528
 5.84189 58.61122
 5.89504 58.58637
 5.91370 58.57324
 5.93749 58.57032
 6.01943 58.57024
 6.02989 58.57309
 6.05418 58.58389
 6.07490 58.58451
 6.20841 58.57024
 6.21804 58.57314
 6.22696 58.57890
 6.23510 58.58285
 6.24257 58.58048
 6.24954 58.57551
 6.25804 58.57236
 6.26727 58.57076
 6.27639 58.57024
 6.29372 58.57360
 6.34155 58.59755
 6.36103 58.59975
 6.40550 58.59988
 6.41659 58.60201
10 119 6.07986 6.83222 57.8824 58.306 'East Berbice-Corentyne (Guyana)'
 6.81538 58.17370
 6.81342 58.16967
 6.81786 58.16568
 6.82954 58.16222
 6.83222 58.15372
 6.82170 58.06786
 6.79176 58.00567
 6.77522 57.98581
 6.75291 57.95605
 6.71630 57.91860
 6.71283 57.91392
 6.71283 57.91392
 6.71117 57.91437
 6.65608 57.91302
 6.64259 57.90982
 6.62838 57.90390
 6.61280 57.89548
 6.60409 57.89246
 6.59541 57.89083
 6.56903 57.89411
 6.56229 57.89295
 6.55562 57.88982
 6.54312 57.88238
 6.53761 57.88284
 6.53281 57.89160
 6.53250 57.89912
 6.53343 57.90672
 6.53505 57.91354
 6.53583 57.92041
 6.53544 57.92749
 6.53273 57.93354
 6.52715 57.93829
 6.51805 57.93896
 6.51022 57.93731
 6.48787 57.92915
 6.48074 57.92829
 6.47353 57.92863
 6.46640 57.92984
 6.45870 57.93248
 6.45157 57.93659
 6.44529 57.94493
 6.44320 57.95235
 6.43956 57.98183
 6.43630 57.99519
 6.43397 57.99984
 6.43093 58.00421
 6.42271 58.01105
 6.39168 58.03188
 6.38253 58.04087
 6.37630 58.04935
 6.37266 58.05622
 6.36762 58.06322
 6.35747 58.07151
 6.34442 58.07911
 6.20732 58.13172
 6.19577 58.13482
 6.18040 58.13634
 6.12790 58.13451
 6.07986 58.12521
 6.08188 58.13988
 6.08521 58.14632
 6.11508 58.17993
 6.10446 58.21729
 6.09583 58.23499
 6.09467 58.24298
 6.09436 58.24835
 6.10586 58.27465
 6.13185 58.25822
 6.14487 58.25729
 6.15518 58.26013
 6.17916 58.27013
 6.18973 58.27290
 6.19461 58.27484
 6.20740 58.28264
 6.22184 58.28881
 6.22835 58.28866
 6.23417 58.28737
 6.23869 58.28491
 6.25109 58.27641
 6.26592 58.27003
 6.28150 58.26597
 6.29034 58.26566
 6.29703 58.26708
 6.30130 58.26967
 6.31199 58.27941
 6.32246 58.29135
 6.32783 58.29502
 6.33605 58.29884
 6.35258 58.30442
 6.36266 58.30597
 6.37072 58.30582
 6.37654 58.30463
 6.38199 58.30292
 6.40369 58.29295
 6.41372 58.29021
 6.42085 58.29016
 6.42689 58.29114
 6.44273 58.29768
 6.46172 58.30339
 6.46896 58.30300
 6.47501 58.30147
 6.47935 58.29889
 6.49464 58.28667
 6.52823 58.25347
 6.52978 58.25117
 6.53102 58.24975
 6.54234 58.24156
 6.64461 58.18872
 6.67238 58.17766
 6.67998 58.17750
 6.68626 58.17854
 6.70683 58.18549
 6.72329 58.18913
 6.73956 58.19068
 6.74874 58.18996
 6.76036 58.18735
 6.76765 58.18479
 6.81281 58.17350
 6.81538 58.17370
11 142 5.83949 6.71283 57.5191 58.1363 'Essequibo Islands-West Demerara (Guyana)'
 6.71283 57.91392
 6.69644 57.89189
 6.64530 57.83808
 6.61318 57.80614
 6.59815 57.79699
 6.59035 57.77886
 6.56770 57.75698
 6.52161 57.69963
 6.49593 57.66794
 6.47781 57.64682
 6.46347 57.63325
 6.44838 57.61818
 6.42725 57.59858
 6.37816 57.57799
 6.30714 57.54762
 6.29316 57.53667
 6.27366 57.53352
 6.26571 57.52891
 6.27799 57.52043
 6.27096 57.51909
 6.25954 57.52439
 6.24132 57.52842
 6.22037 57.52279
 6.21448 57.52245
 6.20802 57.52447
 6.20252 57.52930
 6.19647 57.53966
 6.19228 57.55418
 6.18639 57.58831
 6.18593 57.59436
 6.18381 57.60555
 6.18164 57.61077
 6.17869 57.61586
 6.17257 57.62144
 6.16590 57.62537
 6.15316 57.62764
 6.13836 57.62648
 6.10617 57.61865
 6.10190 57.61630
 6.09865 57.61252
 6.09591 57.60834
 6.08924 57.60110
 6.08506 57.59852
 6.08009 57.59738
 6.07444 57.59785
 6.05836 57.60265
 6.02144 57.62345
 6.01607 57.62849
 6.01250 57.63294
 6.01087 57.63823
 6.01118 57.64363
 6.01478 57.64947
 6.02222 57.65733
 6.02508 57.66128
 6.02733 57.66606
 6.02780 57.67309
 6.02532 57.68193
 6.01981 57.69433
 6.00801 57.70647
 5.98046 57.68942
 5.95656 57.68412
 5.90879 57.67978
 5.87504 57.68296
 5.87153 57.69417
 5.87207 57.71464
 5.87044 57.72164
 5.86153 57.74466
 5.85982 57.75241
 5.86269 57.79747
 5.85913 57.80905
 5.85401 57.81742
 5.84771 57.82277
 5.84197 57.82869
 5.83949 57.83600
 5.84104 57.84372
 5.85874 57.86145
 5.86447 57.87070
 5.86556 57.88470
 5.86502 57.89432
 5.86579 57.90292
 5.86951 57.90951
 5.89535 57.92845
 5.90607 57.93951
 5.92266 57.94654
 5.92951 57.95088
 5.93641 57.99322
 5.93695 58.00118
 5.94276 58.03289
 5.96511 58.10076
 5.97155 58.11497
 5.98925 58.12606
 6.02981 58.11358
 6.04743 58.11412
 6.07986 58.12521
 6.12790 58.13451
 6.18040 58.13634
 6.19577 58.13482
 6.20732 58.13172
 6.34442 58.07911
 6.35747 58.07151
 6.36762 58.06322
 6.37266 58.05622
 6.37630 58.04935
 6.38253 58.04087
 6.39168 58.03188
 6.42271 58.01105
 6.43093 58.00421
 6.43397 57.99984
 6.43630 57.99519
 6.43956 57.98183
 6.44320 57.95235
 6.44529 57.94493
 6.45157 57.93659
 6.45870 57.93248
 6.46640 57.92984
 6.47353 57.92863
 6.48074 57.92829
 6.48787 57.92915
 6.51022 57.93731
 6.51805 57.93896
 6.52715 57.93829
 6.53273 57.93354
 6.53544 57.92749
 6.53583 57.92041
 6.53505 57.91354
 6.53343 57.90672
 6.53250 57.89912
 6.53281 57.89160
 6.53761 57.88284
 6.54312 57.88238
 6.55562 57.88982
 6.56229 57.89295
 6.56903 57.89411
 6.59541 57.89083
 6.60409 57.89246
 6.61280 57.89548
 6.62838 57.90390
 6.64259 57.90982
 6.65608 57.91302
 6.71117 57.91437
 6.71283 57.91392
 6.71283 57.91392
