0 19 17.9229 18.5228 65.2446 67.9378 'Puerto Rico (Puerto Rico)'
 18.11469 67.85587
 18.10456 67.84435
 18.09756 67.84415
 18.09064 67.84976
 18.07315 67.85993
 18.06875 67.86417
 18.06420 67.86754
 18.05634 67.86889
 18.05345 67.87316
 18.05256 67.88256
 18.05345 67.89196
 18.05634 67.89623
 18.06542 67.90270
 18.08051 67.93114
 18.09422 67.93781
 18.10871 67.93130
 18.11449 67.91975
 18.11612 67.86189
 18.11469 67.85587
1 29 17.9229 18.5228 65.2446 67.9378 'Puerto Rico (Puerto Rico)'
 18.11469 65.34773
 18.12287 65.35660
 18.11953 65.37121
 18.11197 65.39025
 18.09443 65.46858
 18.08735 65.48424
 18.09365 65.50487
 18.09007 65.53600
 18.09394 65.56509
 18.12214 65.58043
 18.12263 65.56493
 18.12214 65.55993
 18.12377 65.54015
 18.13093 65.52025
 18.14126 65.50219
 18.15229 65.48795
 18.15705 65.47851
 18.16934 65.39855
 18.16718 65.38581
 18.15571 65.35106
 18.15371 65.29857
 18.14887 65.28555
 18.13715 65.27575
 18.13349 65.28307
 18.13520 65.30980
 18.13280 65.31656
 18.12027 65.33556
 18.11469 65.34081
 18.11469 65.34773
2 19 17.9229 18.5228 65.2446 67.9378 'Puerto Rico (Puerto Rico)'
 18.27920 65.27880
 18.29995 65.29259
 18.33710 65.33434
 18.34064 65.33406
 18.34077 65.30944
 18.33527 65.28091
 18.32392 65.25666
 18.30655 65.24462
 18.30585 65.24755
 18.30655 65.25829
 18.29971 65.25145
 18.29922 65.26212
 18.30142 65.27042
 18.30634 65.27603
 18.31395 65.27880
 18.31395 65.28555
 18.29694 65.27652
 18.28901 65.27481
 18.27920 65.27880
3 236 17.9229 18.5228 65.2446 67.9378 'Puerto Rico (Puerto Rico)'
 18.27920 65.62881
 18.26691 65.63292
 18.25983 65.62580
 18.25634 65.61759
 18.26286 65.60370
 18.25361 65.60659
 18.24634 65.60377
 18.23088 65.59176
 18.22375 65.60211
 18.21527 65.60353
 18.21450 65.61244
 18.22926 65.62222
 18.22918 65.63336
 18.21857 65.63699
 18.20593 65.62723
 18.19810 65.63683
 18.20013 65.64873
 18.20844 65.66552
 18.20283 65.68297
 18.19424 65.70128
 18.18985 65.72102
 18.18268 65.73754
 18.16625 65.75487
 18.11397 65.79029
 18.08763 65.79314
 18.07030 65.80700
 18.06729 65.81216
 18.06249 65.83528
 18.05634 65.84048
 18.02691 65.83027
 18.00971 65.84975
 17.98773 65.88718
 17.97053 65.93912
 17.97101 65.96166
 17.97565 65.98453
 17.97753 66.00499
 17.97508 66.01708
 17.96385 66.04654
 17.96312 66.05358
 17.96385 66.08410
 17.95893 66.10464
 17.92914 66.16324
 17.92821 66.17561
 17.92862 66.18663
 17.92772 66.19628
 17.92292 66.20421
 17.92914 66.20857
 17.93187 66.20983
 17.93659 66.21044
 17.93960 66.19957
 17.94440 66.19701
 17.95051 66.20116
 17.95710 66.21044
 17.94042 66.22989
 17.93732 66.24136
 17.94066 66.25552
 17.94343 66.28307
 17.94575 66.29259
 17.95140 66.29772
 17.95820 66.30138
 17.96385 66.30663
 17.97036 66.31916
 17.97232 66.32811
 17.97134 66.34447
 17.96601 66.36767
 17.94725 66.39615
 17.94961 66.41649
 17.96402 66.43590
 17.98216 66.45214
 17.99266 66.46915
 17.98885 66.48780
 17.98712 66.50197
 17.98200 66.51252
 17.97932 66.52701
 17.97753 66.55989
 17.97236 66.57042
 17.96581 66.58064
 17.96357 66.59252
 17.97134 66.60827
 17.96674 66.61531
 17.96385 66.62255
 17.97517 66.62938
 17.97663 66.64660
 17.97134 66.68741
 17.97309 66.69498
 17.98436 66.72496
 17.98436 66.76594
 17.99803 66.76513
 18.00218 66.77404
 17.99934 66.78746
 17.99185 66.80012
 17.98436 66.80012
 17.98436 66.78645
 17.96931 66.79796
 17.95897 66.81770
 17.95270 66.84057
 17.94961 66.86148
 17.95067 66.89265
 17.94920 66.90783
 17.95014 66.91902
 17.94961 66.92422
 17.94554 66.92821
 17.93863 66.92992
 17.92914 66.93041
 17.93122 66.94913
 17.94107 66.96325
 17.96385 66.98571
 17.96491 67.00596
 17.96854 67.02853
 17.96817 67.05271
 17.97256 67.06701
 17.96125 67.08092
 17.95287 67.09732
 17.94961 67.11197
 17.95116 67.12401
 17.95457 67.15856
 17.96612 67.18047
 17.95799 67.19122
 17.93507 67.18419
 17.93568 67.19507
 17.95689 67.20961
 17.96634 67.21477
 17.99414 67.21435
 18.00483 67.19050
 18.00853 67.18334
 18.01118 67.17422
 18.01504 67.16649
 18.02253 67.16320
 18.02790 67.16723
 18.03270 67.17687
 18.03031 67.19008
 18.03572 67.20288
 18.05436 67.20213
 18.06377 67.19540
 18.07043 67.18569
 18.08061 67.18974
 18.09730 67.19388
 18.10769 67.18324
 18.13995 67.18378
 18.17617 67.17370
 18.18407 67.16591
 18.19173 67.15754
 18.20339 67.15186
 18.21396 67.15847
 18.22487 67.17120
 18.27277 67.18708
 18.29134 67.19651
 18.29557 67.21883
 18.29986 67.23691
 18.32934 67.25277
 18.34381 67.26260
 18.36183 67.27084
 18.36890 67.26882
 18.37681 67.24027
 18.38618 67.21736
 18.39370 67.19839
 18.40209 67.18432
 18.42091 67.15945
 18.44311 67.15812
 18.46060 67.16870
 18.48602 67.17001
 18.50894 67.15168
 18.52277 67.10171
 18.52114 67.04845
 18.50576 67.01236
 18.48532 66.90732
 18.49828 66.80346
 18.49653 66.78921
 18.48404 66.75170
 18.48314 66.73681
 18.49144 66.69766
 18.49641 66.64086
 18.49323 66.61433
 18.48404 66.58780
 18.48701 66.57144
 18.48640 66.50707
 18.47529 66.46744
 18.49144 66.38239
 18.46882 66.30386
 18.48151 66.25813
 18.46540 66.20519
 18.47359 66.19399
 18.47150 66.18090
 18.46296 66.17370
 18.45734 66.17007
 18.45330 66.16158
 18.45872 66.15201
 18.46870 66.14409
 18.46589 66.13414
 18.45276 66.13747
 18.44303 66.11808
 18.43317 66.11486
 18.42064 66.10847
 18.41983 66.09317
 18.42939 66.06021
 18.43684 66.06021
 18.43887 66.07677
 18.44770 66.09496
 18.46141 66.10936
 18.47347 66.12163
 18.45380 66.05590
 18.45051 66.03970
 18.44687 66.02818
 18.44396 66.01210
 18.45018 65.99772
 18.46308 65.98888
 18.45844 65.96622
 18.44589 65.92044
 18.45592 65.90483
 18.45360 65.89281
 18.44481 65.88052
 18.43789 65.84830
 18.42870 65.83080
 18.41041 65.81261
 18.41544 65.80163
 18.42541 65.79417
 18.42325 65.78835
 18.41831 65.78715
 18.41276 65.79232
 18.40503 65.79631
 18.40674 65.78878
 18.41067 65.77837
 18.41457 65.77203
 18.39104 65.75500
 18.38237 65.73811
 18.39127 65.72485
 18.37111 65.69801
 18.36641 65.66320
 18.37840 65.64574
 18.38569 65.63777
 18.39106 65.62938
 18.38906 65.62141
 18.38227 65.62100
 18.33283 65.63077
 18.29100 65.63296
 18.27920 65.62881
