0 47 49.1713 49.267 2.00829 2.24201 'Jersey (Jersey)'
 49.26024 2.08267
 49.25068 2.06786
 49.23526 2.02066
 49.22549 2.02196
 49.22138 2.01732
 49.21528 2.01187
 49.21247 2.00829
 49.20722 2.01700
 49.20075 2.02099
 49.19245 2.02204
 49.18138 2.02196
 49.17133 2.02453
 49.17145 2.03116
 49.17573 2.04003
 49.17829 2.04922
 49.17870 2.07999
 49.18366 2.09699
 49.19916 2.12023
 49.20307 2.12890
 49.20563 2.13793
 49.20563 2.14485
 49.19994 2.15294
 49.19074 2.16063
 49.17829 2.16869
 49.18016 2.17715
 49.18911 2.18969
 49.19196 2.20010
 49.19042 2.20295
 49.18472 2.22338
 49.18452 2.23363
 49.20600 2.22647
 49.22850 2.23323
 49.24795 2.24201
 49.26024 2.24112
 49.26301 2.22936
 49.26024 2.21520
 49.25340 2.19628
 49.25406 2.18273
 49.25625 2.17235
 49.26040 2.16271
 49.26704 2.15168
 49.26187 2.14379
 49.25829 2.12198
 49.25340 2.11067
 49.25821 2.10387
 49.25967 2.09756
 49.26024 2.08267
