0 42 43.8728 44.7152 -22.7634 -21.782 'Bor (Serbia)'
 44.55771 -22.75980
 44.54844 -22.76341
 44.53918 -22.76269
 44.53467 -22.75673
 44.51780 -22.70726
 44.51767 -22.69425
 44.52488 -22.67295
 44.53390 -22.65905
 44.54368 -22.64045
 44.55231 -22.61698
 44.55218 -22.60434
 44.55025 -22.58700
 44.54638 -22.57581
 44.47755 -22.46284
 44.47163 -22.45505
 44.46373 -22.45553
 44.45635 -22.45938
 44.34091 -22.52508
 44.30898 -22.55932
 44.21538 -22.67307
 44.16218 -22.62228
 43.87974 -22.14459
 43.87279 -22.12960
 43.87279 -22.10391
 43.87588 -22.07501
 43.97784 -21.80418
 43.98170 -21.79668
 43.99037 -21.78198
 44.33370 -21.78568
 44.36159 -21.78988
 44.37704 -21.79829
 44.51909 -21.93301
 44.53239 -21.94687
 44.56544 -22.00588
 44.70634 -22.42227
 44.71490 -22.45107
 44.71518 -22.45764
 44.71307 -22.46832
 44.60007 -22.70991
 44.57909 -22.73864
 44.57355 -22.74587
 44.55771 -22.75980
1 22 42.245 42.8014 -22.5584 -21.5831 'Pcinja (Serbia)'
 42.32140 -22.43353
 42.24501 -21.70997
 42.32474 -21.58312
 42.65614 -21.74891
 42.66850 -21.76046
 42.67313 -21.76677
 42.68124 -21.77989
 42.72196 -21.84878
 42.73338 -21.87340
 42.79480 -22.01534
 42.79982 -22.02848
 42.80136 -22.17393
 42.80059 -22.19500
 42.77853 -22.46471
 42.75003 -22.48910
 42.48705 -22.55841
 42.48035 -22.55794
 42.42731 -22.53650
 42.39761 -22.52068
 42.33891 -22.45954
 42.33152 -22.44909
 42.32140 -22.43353
2 24 42.8724 43.3951 -23.0043 -22.0909 'Pirot (Serbia)'
 42.88633 -22.74045
 42.87243 -22.68374
 42.87513 -22.49902
 42.87977 -22.45002
 42.88633 -22.42631
 42.90024 -22.40259
 42.99834 -22.23961
 43.00491 -22.23221
 43.19648 -22.10363
 43.20884 -22.09569
 43.22120 -22.09092
 43.33334 -22.12150
 43.33785 -22.12959
 43.36527 -22.35371
 43.39514 -22.72306
 43.39411 -22.72732
 43.38818 -22.73902
 43.19292 -23.00427
 43.18640 -23.00404
 43.13559 -22.99368
 43.11842 -22.98520
 43.10966 -22.98073
 42.89389 -22.75357
 42.88633 -22.74045
3 41 43.3081 44.1872 -22.6815 -21.652 'Zajecar (Serbia)'
 43.42947 -22.61861
 43.42844 -22.62618
 43.42964 -22.63090
 43.43307 -22.63681
 43.43290 -22.63941
 43.42672 -22.65973
 43.39342 -22.68147
 43.38922 -22.67874
 43.37956 -22.66812
 43.31815 -22.59911
 43.30811 -22.57788
 43.31004 -22.55187
 43.33514 -22.42065
 43.51204 -21.90671
 43.54873 -21.80270
 43.55816 -21.78648
 43.63950 -21.69898
 43.64993 -21.69150
 43.66847 -21.68135
 43.70863 -21.67119
 43.79511 -21.65199
 43.85176 -21.65318
 43.98308 -21.78138
 44.17869 -22.20698
 44.18718 -22.22848
 44.18718 -22.23816
 44.18178 -22.25536
 44.13156 -22.40697
 44.10685 -22.48116
 44.09989 -22.49191
 44.04779 -22.53411
 43.96952 -22.41328
 43.81742 -22.35827
 43.81039 -22.35779
 43.70104 -22.40779
 43.69366 -22.41135
 43.48234 -22.52778
 43.47187 -22.53369
 43.43960 -22.59262
 43.43479 -22.60254
 43.42947 -22.61861
4 28 44.266 45.0967 -20.8231 -19.9613 'Beograd (Serbia)'
 44.26701 -20.25994
 44.26598 -20.23976
 44.27216 -20.21959
 44.28503 -20.18500
 44.28967 -20.17707
 44.54716 -19.96878
 44.56501 -19.96134
 44.63179 -19.96875
 44.85576 -20.14924
 45.07768 -20.34113
 45.09656 -20.37249
 45.09673 -20.37735
 45.08849 -20.40520
 45.08724 -20.40795
 45.08411 -20.41480
 45.03450 -20.42813
 44.75933 -20.63228
 44.66483 -20.75683
 44.64346 -20.78294
 44.62543 -20.80242
 44.61308 -20.81252
 44.60587 -20.81540
 44.59763 -20.81613
 44.43644 -20.82313
 44.42820 -20.82313
 44.33344 -20.75267
 44.31850 -20.72176
 44.26701 -20.25994
5 19 44.041 44.8234 -22.0059 -21.021 'Branicevo (Serbia)'
 44.04144 -21.80632
 44.04101 -21.79616
 44.16075 -21.36045
 44.28902 -21.10069
 44.70822 -21.02100
 44.78110 -21.21606
 44.81890 -21.32348
 44.82304 -21.33614
 44.82342 -21.34294
 44.81962 -21.38043
 44.68929 -21.61379
 44.65496 -21.83927
 44.56544 -22.00588
 44.16203 -21.95363
 44.14015 -21.94584
 44.10839 -21.92367
 44.09165 -21.90610
 44.06505 -21.86428
 44.04144 -21.80632
6 32 42.6174 43.1602 -22.5181 -21.4204 'Jablanica (Serbia)'
 42.72450 -22.31512
 42.61736 -21.67786
 42.61837 -21.66895
 42.65141 -21.49729
 42.66369 -21.45886
 42.67313 -21.43965
 42.68446 -21.42299
 42.70051 -21.42043
 42.70901 -21.42043
 42.73828 -21.42812
 42.96165 -21.49190
 42.97015 -21.49453
 42.98714 -21.51509
 43.01843 -21.56463
 43.13546 -21.76475
 43.15516 -21.80346
 43.16018 -21.82145
 43.16018 -21.83627
 43.14434 -21.95483
 43.14202 -21.96435
 43.13430 -21.98976
 43.05396 -22.21217
 43.04933 -22.24014
 43.04160 -22.25653
 42.87050 -22.50903
 42.86419 -22.51814
 42.85801 -22.51603
 42.85234 -22.50901
 42.80462 -22.44505
 42.74111 -22.34621
 42.72604 -22.32250
 42.72450 -22.31512
7 28 44.0713 44.565 -20.41 -19.4164 'Kolubara (Serbia)'
 44.08037 -20.09880
 44.07131 -20.02992
 44.07363 -19.95789
 44.08693 -19.77940
 44.11354 -19.71707
 44.23244 -19.47063
 44.23714 -19.46134
 44.24872 -19.44515
 44.28005 -19.41637
 44.29464 -19.41637
 44.38298 -19.42528
 44.42973 -19.45146
 44.43647 -19.45698
 44.43904 -19.46060
 44.45729 -19.49189
 44.46244 -19.50513
 44.56501 -19.96134
 44.53634 -20.08136
 44.48278 -20.20806
 44.33550 -20.36593
 44.30357 -20.39900
 44.26134 -20.40475
 44.22272 -20.40996
 44.20877 -20.39498
 44.19744 -20.37984
 44.15212 -20.30283
 44.14362 -20.28835
 44.08037 -20.09880
8 47 42.05 43.1386 -21.8355 -20.0151 'Kosovo-Metohija (Serbia)'
 42.65141 -21.49729
 42.64386 -21.62027
 42.64386 -21.73557
 42.64386 -21.76247
 42.63914 -21.77272
 42.57022 -21.83421
 42.55511 -21.83549
 42.42293 -21.71635
 42.34079 -21.63308
 42.32758 -21.61899
 42.15197 -21.30856
 42.05000 -20.75946
 42.36053 -20.24567
 42.61017 -20.07503
 42.71523 -20.01749
 42.72933 -20.01512
 42.73956 -20.01617
 42.76351 -20.02314
 42.76515 -20.02511
 42.77075 -20.03655
 42.77481 -20.04549
 42.77838 -20.05523
 42.77906 -20.05812
 42.81492 -20.25925
 42.84975 -20.47907
 42.85784 -20.51256
 42.86983 -20.54110
 42.95659 -20.65632
 43.01098 -20.67918
 43.13595 -20.75615
 43.13861 -20.76475
 43.13164 -20.82140
 43.11584 -20.85250
 43.10486 -20.86947
 43.08563 -20.88361
 43.08151 -21.00143
 43.06778 -21.12867
 43.06435 -21.15412
 42.96341 -21.22464
 42.94693 -21.23216
 42.88445 -21.24908
 42.86522 -21.25003
 42.84805 -21.26504
 42.68446 -21.42299
 42.67313 -21.43965
 42.66369 -21.45886
 42.65141 -21.49729
9 24 44.0908 44.9073 -19.974 -19.1028 'Macva (Serbia)'
 44.09251 -19.52569
 44.09080 -19.51193
 44.09140 -19.50407
 44.28778 -19.16667
 44.29104 -19.16115
 44.31370 -19.13354
 44.34897 -19.11154
 44.37155 -19.10281
 44.37532 -19.10305
 44.39026 -19.10641
 44.49566 -19.13264
 44.87812 -19.37211
 44.90728 -19.49917
 44.90686 -19.66223
 44.62976 -19.95438
 44.62828 -19.95591
 44.61350 -19.97037
 44.60063 -19.97398
 44.58175 -19.97338
 44.56501 -19.96134
 44.13629 -19.64590
 44.12169 -19.62975
 44.11826 -19.61899
 44.09251 -19.52569
10 30 43.2206 44.199 -20.6141 -19.8849 'Moravica (Serbia)'
 43.22622 -20.34077
 43.22056 -20.32237
 43.22210 -20.30822
 43.28141 -20.17087
 43.31360 -20.09719
 43.49170 -19.89144
 43.49985 -19.88612
 43.50500 -19.88494
 44.07131 -20.02992
 44.10539 -20.12183
 44.19744 -20.37984
 44.19903 -20.42213
 44.03217 -20.60622
 44.01930 -20.61410
 44.01209 -20.61410
 43.85502 -20.57053
 43.70155 -20.39724
 43.69434 -20.38947
 43.50225 -20.29570
 43.49401 -20.29194
 43.48475 -20.30114
 43.46054 -20.33865
 43.42655 -20.36200
 43.34518 -20.39951
 43.32304 -20.40305
 43.31017 -20.40022
 43.29884 -20.39739
 43.25506 -20.36766
 43.24425 -20.35846
 43.22622 -20.34077
11 29 43.1343 43.7891 -22.3484 -21.4227 'Nisava (Serbia)'
 43.19648 -22.10363
 43.13430 -21.98976
 43.13546 -21.76475
 43.22429 -21.56067
 43.22734 -21.55483
 43.35252 -21.46505
 43.38265 -21.45197
 43.63718 -21.42324
 43.65572 -21.42271
 43.74275 -21.45924
 43.77108 -21.49961
 43.77580 -21.50970
 43.78395 -21.53598
 43.78910 -21.63890
 43.78009 -21.64981
 43.75962 -21.66585
 43.75305 -21.66799
 43.74417 -21.66852
 43.73876 -21.66478
 43.70863 -21.67119
 43.66847 -21.68135
 43.64993 -21.69150
 43.63950 -21.69898
 43.55816 -21.78648
 43.54873 -21.80270
 43.51204 -21.90671
 43.45217 -22.14981
 43.37183 -22.34840
 43.19648 -22.10363
12 23 44.1937 44.7188 -21.1336 -20.7166 'Podunavlje (Serbia)'
 44.19366 -21.08619
 44.19366 -21.05851
 44.20074 -21.00248
 44.23804 -20.84021
 44.24559 -20.81844
 44.25031 -20.81119
 44.31262 -20.72939
 44.31850 -20.72176
 44.53480 -20.71658
 44.62543 -20.80242
 44.71384 -20.98144
 44.71882 -20.99882
 44.71633 -21.00758
 44.70822 -21.02100
 44.67517 -21.05280
 44.50901 -21.11905
 44.32159 -21.13364
 44.31546 -21.12771
 44.28902 -21.10069
 44.23757 -21.10926
 44.21066 -21.10992
 44.19602 -21.10069
 44.19366 -21.08619
13 22 43.7084 44.2818 -21.7962 -20.8708 'Pomoravlje (Serbia)'
 43.71443 -21.39686
 43.70842 -20.92723
 43.72644 -20.89100
 43.73116 -20.88625
 43.76421 -20.87556
 43.81227 -20.87081
 43.83073 -20.87913
 44.24937 -21.09344
 44.28177 -21.13833
 44.26503 -21.27491
 44.26031 -21.28929
 44.07706 -21.73941
 44.06419 -21.76211
 44.05861 -21.77107
 44.04101 -21.79616
 43.98308 -21.78138
 43.96334 -21.77302
 43.80498 -21.66329
 43.79511 -21.65199
 43.78910 -21.63890
 43.72001 -21.41769
 43.71443 -21.39686
14 17 43.1049 43.7715 -21.5304 -20.7045 'Rasina (Serbia)'
 43.39037 -21.47372
 43.10486 -20.86947
 43.13861 -20.76475
 43.46981 -20.70452
 43.48311 -20.70907
 43.67323 -20.84245
 43.71099 -20.86972
 43.73116 -20.88625
 43.77151 -21.26044
 43.74275 -21.45924
 43.51861 -21.53037
 43.43595 -21.52452
 43.42398 -21.52186
 43.41780 -21.51867
 43.41046 -21.51138
 43.40157 -21.49653
 43.39037 -21.47372
15 27 42.8415 43.8385 -20.8922 -20.0495 'Raska (Serbia)'
 43.77580 -20.69322
 43.77537 -20.70214
 43.77666 -20.71522
 43.82515 -20.87282
 43.83073 -20.87913
 43.60328 -20.89225
 43.51916 -20.87802
 43.16511 -20.77954
 43.15481 -20.77483
 43.07123 -20.72711
 42.95659 -20.65632
 42.86983 -20.54110
 42.85784 -20.51256
 42.84975 -20.47907
 42.84153 -20.38140
 42.97225 -20.09640
 42.97551 -20.08972
 42.97783 -20.08611
 42.99688 -20.06180
 43.00461 -20.05428
 43.02272 -20.04947
 43.69434 -20.38947
 43.70155 -20.39724
 43.83854 -20.56768
 43.78438 -20.65813
 43.78052 -20.67062
 43.77580 -20.69322
16 22 43.7754 44.439 -21.1177 -20.3796 'Sumadija (Serbia)'
 43.77666 -20.71522
 43.77537 -20.70214
 43.77580 -20.69322
 43.78052 -20.67062
 43.78438 -20.65813
 43.91373 -20.49993
 44.31747 -20.37959
 44.42511 -20.39109
 44.43026 -20.39397
 44.43541 -20.40188
 44.43901 -20.43207
 44.43850 -20.47592
 44.43592 -20.48742
 44.34219 -20.70019
 44.31850 -20.72176
 44.19366 -21.05851
 44.16504 -21.09148
 44.11054 -21.11774
 43.88823 -21.00025
 43.87021 -20.96751
 43.82515 -20.87282
 43.77666 -20.71522
17 25 42.7976 43.383 -21.7648 -20.8959 'Toplica (Serbia)'
 42.80445 -21.45289
 42.79758 -21.44122
 42.81621 -21.31909
 42.82574 -21.29288
 43.08988 -20.89585
 43.15477 -20.92553
 43.21232 -20.96633
 43.36990 -21.23353
 43.37492 -21.24468
 43.37879 -21.25849
 43.38304 -21.29408
 43.38226 -21.33921
 43.38110 -21.36629
 43.37917 -21.38222
 43.36874 -21.41886
 43.35252 -21.46505
 43.23665 -21.71056
 43.23202 -21.71745
 43.22777 -21.72221
 43.21541 -21.72910
 43.14048 -21.76475
 43.13546 -21.76475
 43.12928 -21.76211
 42.81604 -21.46554
 42.80445 -21.45289
18 57 44.6588 46.1796 -21.5284 -18.9296 'Vojvodina (Serbia)'
 45.14454 -21.52840
 44.87143 -21.49402
 44.73890 -21.14340
 44.66663 -20.90395
 44.66406 -20.88826
 44.65891 -20.85161
 44.65891 -20.79491
 44.65985 -20.77746
 44.66097 -20.77107
 44.66483 -20.75683
 44.66689 -20.75176
 44.67788 -20.72798
 44.74846 -20.64150
 44.75462 -20.63515
 44.95159 -20.53235
 45.07759 -20.42035
 44.88070 -20.17807
 44.85576 -20.14924
 44.79783 -20.10594
 44.78753 -20.10271
 44.76843 -20.11420
 44.75298 -20.12356
 44.73560 -20.13263
 44.71506 -20.13179
 44.71350 -20.13109
 44.69972 -20.10841
 44.65877 -19.99976
 44.65878 -19.93537
 44.92121 -19.17384
 45.07931 -19.09665
 45.48402 -18.99266
 45.78013 -18.92956
 45.93281 -19.00491
 45.99615 -19.28487
 46.03632 -19.38224
 46.17957 -19.68377
 46.17691 -19.94390
 46.17659 -19.97403
 46.17640 -19.99249
 46.17605 -20.01728
 46.15906 -20.18312
 46.15305 -20.19403
 46.10876 -20.26626
 45.74862 -20.80929
 45.65248 -20.79376
 45.58931 -20.78757
 45.47997 -20.81698
 45.36770 -20.95921
 45.32393 -21.01713
 45.29749 -21.09674
 45.23861 -21.32682
 45.22814 -21.40385
 45.22711 -21.40628
 45.16943 -21.51621
 45.16308 -21.52158
 45.15415 -21.52669
 45.14454 -21.52840
19 29 43.0227 44.1363 -20.2481 -19.2177 'Zlatibor (Serbia)'
 43.31360 -20.09719
 43.30759 -20.22156
 43.30759 -20.22746
 43.30158 -20.23394
 43.29085 -20.24219
 43.26596 -20.24809
 43.12048 -20.20019
 43.02272 -20.04947
 43.11318 -19.80872
 43.19035 -19.64041
 43.47960 -19.22202
 43.52740 -19.21770
 43.55135 -19.22155
 43.56594 -19.22842
 44.10152 -19.54782
 44.13629 -19.64590
 44.11826 -19.87193
 44.11654 -19.88864
 44.08908 -20.00923
 44.07535 -20.02655
 44.07131 -20.02992
 43.80455 -20.07395
 43.51058 -19.88730
 43.51046 -19.88725
 43.50897 -19.88661
 43.50500 -19.88494
 43.49985 -19.88612
 43.49170 -19.89144
 43.31360 -20.09719
