0 9 -9.75555 -5.42018 -56.2874 -46.2074 'Outer Islands (Seychelles)'
 -9.71998 -46.50978
 -9.73187 -46.50758
 -9.74651 -46.50066
 -9.75555 -46.49049
 -9.75107 -46.47967
 -9.74041 -46.47853
 -9.73016 -46.48699
 -9.72275 -46.49936
 -9.71998 -46.50978
1 5 -9.75555 -5.42018 -56.2874 -46.2074 'Outer Islands (Seychelles)'
 -9.71307 -47.50733
 -9.69817 -47.50733
 -9.69443 -47.51295
 -9.70013 -47.51580
 -9.71307 -47.50733
2 7 -9.75555 -5.42018 -56.2874 -46.2074 'Outer Islands (Seychelles)'
 -5.42018 -53.33399
 -5.42995 -53.34164
 -5.43475 -53.34409
 -5.44101 -53.34474
 -5.43621 -53.34051
 -5.43125 -53.33790
 -5.42018 -53.33399
3 29 -9.75555 -5.42018 -56.2874 -46.2074 'Outer Islands (Seychelles)'
 -9.35760 -46.49545
 -9.37176 -46.51596
 -9.38128 -46.52516
 -9.38551 -46.52003
 -9.39072 -46.50709
 -9.41644 -46.47291
 -9.42645 -46.45460
 -9.42457 -46.38071
 -9.44931 -46.29982
 -9.45233 -46.23439
 -9.38551 -46.20737
 -9.41367 -46.23048
 -9.42636 -46.27410
 -9.42376 -46.32049
 -9.40594 -46.35157
 -9.40683 -46.36899
 -9.39837 -46.39601
 -9.38690 -46.42156
 -9.37811 -46.43458
 -9.38551 -46.44077
 -9.37811 -46.44776
 -9.38299 -46.45769
 -9.38551 -46.46876
 -9.37811 -46.46876
 -9.37168 -46.45875
 -9.36240 -46.45281
 -9.35084 -46.44955
 -9.33766 -46.44776
 -9.35760 -46.49545
4 19 -9.75555 -5.42018 -56.2874 -46.2074 'Outer Islands (Seychelles)'
 -9.35133 -46.28386
 -9.34808 -46.28207
 -9.34580 -46.28256
 -9.34450 -46.28175
 -9.34393 -46.27638
 -9.33929 -46.27613
 -9.33847 -46.27801
 -9.33880 -46.28094
 -9.32643 -46.31520
 -9.32887 -46.35369
 -9.33587 -46.39308
 -9.33766 -46.42709
 -9.35329 -46.41066
 -9.35703 -46.37941
 -9.35263 -46.34799
 -9.34393 -46.33107
 -9.35084 -46.31837
 -9.34759 -46.29566
 -9.35133 -46.28386
5 7 -9.75555 -5.42018 -56.2874 -46.2074 'Outer Islands (Seychelles)'
 -7.19264 -56.24708
 -7.14023 -56.25880
 -7.11981 -56.26938
 -7.11004 -56.28745
 -7.13193 -56.28297
 -7.15358 -56.27247
 -7.19264 -56.24708
6 6 -9.75555 -5.42018 -56.2874 -46.2074 'Outer Islands (Seychelles)'
 -6.99432 -52.74187
 -7.00506 -52.74724
 -7.00408 -52.74342
 -7.00172 -52.74220
 -6.99847 -52.74220
 -6.99432 -52.74187
7 5 -9.75555 -5.42018 -56.2874 -46.2074 'Outer Islands (Seychelles)'
 -5.85394 -55.38282
 -5.86549 -55.38185
 -5.86907 -55.38006
 -5.86492 -55.37989
 -5.85394 -55.38282
8 5 -4.59276 -3.79111 -55.9501 -55.2214 'La Digue and Inner Islands (Seychelles)'
 -3.79111 -55.65968
 -3.81178 -55.66586
 -3.81170 -55.65854
 -3.80120 -55.65187
 -3.79111 -55.65968
9 9 -4.59276 -3.79111 -55.9501 -55.2214 'La Digue and Inner Islands (Seychelles)'
 -4.50010 -55.26026
 -4.50400 -55.24195
 -4.48748 -55.22804
 -4.46347 -55.22145
 -4.44492 -55.22543
 -4.45037 -55.24204
 -4.46299 -55.25994
 -4.48016 -55.26922
 -4.50010 -55.26026
10 12 -4.59276 -3.79111 -55.9501 -55.2214 'La Digue and Inner Islands (Seychelles)'
 -4.33745 -55.83182
 -4.34266 -55.84409
 -4.35530 -55.85079
 -4.36497 -55.85711
 -4.36832 -55.85042
 -4.37427 -55.84409
 -4.38282 -55.84149
 -4.38096 -55.83443
 -4.37203 -55.82550
 -4.35976 -55.82327
 -4.34749 -55.82848
 -4.33745 -55.83182
11 8 -4.59276 -3.79111 -55.9501 -55.2214 'La Digue and Inner Islands (Seychelles)'
 -4.31737 -55.86864
 -4.31849 -55.87347
 -4.32890 -55.88314
 -4.33671 -55.88463
 -4.33820 -55.87868
 -4.33262 -55.87347
 -4.32332 -55.86678
 -4.31737 -55.86864
12 7 -4.59276 -3.79111 -55.9501 -55.2214 'La Digue and Inner Islands (Seychelles)'
 -4.28316 -55.86641
 -4.28353 -55.86975
 -4.28986 -55.87087
 -4.29618 -55.87384
 -4.29655 -55.87012
 -4.28874 -55.86641
 -4.28316 -55.86641
13 7 -4.59276 -3.79111 -55.9501 -55.2214 'La Digue and Inner Islands (Seychelles)'
 -4.33411 -55.91995
 -4.33708 -55.92479
 -4.34303 -55.92367
 -4.34972 -55.92255
 -4.34786 -55.91884
 -4.34043 -55.91772
 -4.33411 -55.91995
14 10 -4.59276 -3.79111 -55.9501 -55.2214 'La Digue and Inner Islands (Seychelles)'
 -4.57866 -55.94007
 -4.57992 -55.94435
 -4.58646 -55.94939
 -4.59099 -55.95014
 -4.59276 -55.94486
 -4.59225 -55.93907
 -4.58621 -55.93302
 -4.58243 -55.93252
 -4.57992 -55.93579
 -4.57866 -55.94007
15 16 -4.70641 -4.65764 -55.4952 -55.4465 'Grand'Anse (Seychelles)'
 -4.70641 -55.47800
 -4.70547 -55.46817
 -4.69096 -55.45834
 -4.67785 -55.44898
 -4.67388 -55.44996
 -4.67257 -55.44645
 -4.66642 -55.44689
 -4.66510 -55.45523
 -4.65764 -55.45918
 -4.67213 -55.47982
 -4.66515 -55.47749
 -4.66225 -55.48272
 -4.67784 -55.49518
 -4.68837 -55.49167
 -4.69715 -55.48069
 -4.70641 -55.47800
16 13 -4.73909 -4.67784 -55.5079 -55.478 'Anse Boileau (Seychelles)'
 -4.73636 -55.49158
 -4.72747 -55.48502
 -4.72139 -55.48034
 -4.71296 -55.48175
 -4.70641 -55.47800
 -4.69715 -55.48069
 -4.68837 -55.49167
 -4.67784 -55.49518
 -4.67959 -55.50019
 -4.70593 -55.50352
 -4.71983 -55.50795
 -4.73909 -55.50503
 -4.73636 -55.49158
17 15 -4.77749 -4.73636 -55.5101 -55.4635 'Baie Lazare (Seychelles)'
 -4.77655 -55.49321
 -4.77287 -55.49111
 -4.76211 -55.48689
 -4.75883 -55.47800
 -4.76351 -55.47098
 -4.75977 -55.46349
 -4.74151 -55.46817
 -4.74160 -55.48478
 -4.73636 -55.49158
 -4.73909 -55.50503
 -4.74325 -55.50440
 -4.76125 -55.50572
 -4.77135 -55.50967
 -4.77749 -55.51011
 -4.77655 -55.49321
18 10 -4.80377 -4.77007 -55.5379 -55.4932 'Takamaka (Seychelles)'
 -4.77007 -55.52575
 -4.78379 -55.52719
 -4.78973 -55.53464
 -4.80377 -55.53792
 -4.80377 -55.51966
 -4.79581 -55.50421
 -4.77655 -55.49321
 -4.77749 -55.51011
 -4.77135 -55.50967
 -4.77007 -55.52575
19 11 -4.77135 -4.71983 -55.5281 -55.5044 'Anse Royale (Seychelles)'
 -4.73683 -55.52809
 -4.73917 -55.51966
 -4.75041 -55.51685
 -4.77007 -55.52575
 -4.77135 -55.50967
 -4.76125 -55.50572
 -4.74325 -55.50440
 -4.73909 -55.50503
 -4.71983 -55.50795
 -4.72525 -55.50967
 -4.73683 -55.52809
20 10 -4.73683 -4.67959 -55.5281 -55.5002 'Au Cap (Seychelles)'
 -4.68913 -55.52628
 -4.70781 -55.52153
 -4.71390 -55.52528
 -4.73683 -55.52809
 -4.72525 -55.50967
 -4.71983 -55.50795
 -4.70593 -55.50352
 -4.67959 -55.50019
 -4.68091 -55.50396
 -4.68913 -55.52628
21 5 -4.68913 -4.67735 -55.5286 -55.504 'Anse aux Pins (Seychelles)'
 -4.68019 -55.52855
 -4.68913 -55.52628
 -4.68091 -55.50396
 -4.67735 -55.50630
 -4.68019 -55.52855
22 5 -4.68019 -4.66617 -55.5286 -55.5063 'Pointe La Rue (Seychelles)'
 -4.66617 -55.51365
 -4.66802 -55.51638
 -4.68019 -55.52855
 -4.67735 -55.50630
 -4.66617 -55.51365
23 10 -4.68091 -4.65143 -55.5136 -55.4827 'Cascade (Seychelles)'
 -4.65143 -55.49203
 -4.65538 -55.49766
 -4.66617 -55.51365
 -4.67735 -55.50630
 -4.68091 -55.50396
 -4.67959 -55.50019
 -4.67784 -55.49518
 -4.66225 -55.48272
 -4.65852 -55.48948
 -4.65143 -55.49203
24 5 -4.65852 -4.63994 -55.492 -55.475 'Roche Caïman (Seychelles)'
 -4.63994 -55.47566
 -4.65143 -55.49203
 -4.65852 -55.48948
 -4.64754 -55.47499
 -4.63994 -55.47566
25 11 -4.67213 -4.63492 -55.4798 -55.4592 'Plaisance (Seychelles)'
 -4.63492 -55.47178
 -4.63994 -55.47566
 -4.64754 -55.47499
 -4.65281 -55.47587
 -4.65501 -55.47411
 -4.66515 -55.47749
 -4.67213 -55.47982
 -4.65764 -55.45918
 -4.64710 -55.46445
 -4.64184 -55.46709
 -4.63492 -55.47178
26 8 -4.6471 -4.59837 -55.5144 -55.4552 'Mont Fleuri (Seychelles)'
 -4.62560 -55.46050
 -4.62540 -55.46441
 -4.63492 -55.47178
 -4.64184 -55.46709
 -4.64710 -55.46445
 -4.63218 -55.45523
 -4.62998 -55.46050
 -4.62560 -55.46050
27 13 -4.6471 -4.59837 -55.5144 -55.4552 'Mont Fleuri (Seychelles)'
 -4.62885 -55.50159
 -4.62973 -55.50407
 -4.63688 -55.50684
 -4.63965 -55.50582
 -4.63994 -55.50261
 -4.63848 -55.49853
 -4.63571 -55.49561
 -4.63425 -55.49196
 -4.62987 -55.49167
 -4.62798 -55.49371
 -4.62812 -55.49721
 -4.62987 -55.49969
 -4.62885 -55.50159
28 10 -4.6471 -4.59837 -55.5144 -55.4552 'Mont Fleuri (Seychelles)'
 -4.62141 -55.50422
 -4.62171 -55.50567
 -4.62389 -55.50815
 -4.62477 -55.51151
 -4.62725 -55.51282
 -4.62958 -55.51107
 -4.62842 -55.50845
 -4.62623 -55.50509
 -4.62360 -55.50334
 -4.62141 -55.50422
29 15 -4.6471 -4.59837 -55.5144 -55.4552 'Mont Fleuri (Seychelles)'
 -4.60085 -55.49794
 -4.59968 -55.49940
 -4.59837 -55.50378
 -4.59939 -55.50845
 -4.59939 -55.51253
 -4.60055 -55.51443
 -4.60464 -55.51253
 -4.60901 -55.50932
 -4.61164 -55.50276
 -4.61441 -55.49867
 -4.61470 -55.49678
 -4.61179 -55.49634
 -4.60653 -55.49736
 -4.60303 -55.49678
 -4.60085 -55.49794
30 14 -4.65764 -4.61812 -55.4645 -55.435 'Bel Air (Seychelles)'
 -4.61812 -55.45885
 -4.62255 -55.46177
 -4.62400 -55.45719
 -4.62580 -55.45668
 -4.62560 -55.46050
 -4.62998 -55.46050
 -4.63218 -55.45523
 -4.64710 -55.46445
 -4.65764 -55.45918
 -4.65062 -55.44513
 -4.63613 -55.44118
 -4.63042 -55.43504
 -4.62076 -55.44733
 -4.61812 -55.45885
31 8 -4.62076 -4.59749 -55.4599 -55.4407 'English River (Seychelles)'
 -4.59855 -55.45994
 -4.60648 -55.45994
 -4.61812 -55.45885
 -4.62076 -55.44733
 -4.61286 -55.44865
 -4.60452 -55.44074
 -4.59749 -55.45435
 -4.59855 -55.45994
32 11 -4.60452 -4.57138 -55.4672 -55.4394 'Anse Etoile (Seychelles)'
 -4.57138 -55.46386
 -4.58343 -55.46722
 -4.58791 -55.46311
 -4.59855 -55.45994
 -4.59749 -55.45435
 -4.60452 -55.44074
 -4.59574 -55.43943
 -4.58696 -55.44074
 -4.57423 -55.44689
 -4.57642 -55.45918
 -4.57138 -55.46386
33 11 -4.58696 -4.56051 -55.4639 -55.4327 'Glacis (Seychelles)'
 -4.58692 -55.43269
 -4.57952 -55.43434
 -4.56254 -55.43370
 -4.56051 -55.44061
 -4.56112 -55.44753
 -4.56223 -55.45490
 -4.57138 -55.46386
 -4.57642 -55.45918
 -4.57423 -55.44689
 -4.58696 -55.44074
 -4.58692 -55.43269
34 15 -4.62384 -4.58692 -55.4407 -55.4144 'Beau Vallon (Seychelles)'
 -4.61277 -55.41442
 -4.61138 -55.41762
 -4.60343 -55.42230
 -4.59547 -55.42612
 -4.59157 -55.43165
 -4.58692 -55.43269
 -4.58696 -55.44074
 -4.59574 -55.43943
 -4.60452 -55.44074
 -4.60847 -55.43591
 -4.61505 -55.43855
 -4.62384 -55.43152
 -4.61286 -55.42582
 -4.61593 -55.41704
 -4.61277 -55.41442
35 12 -4.6414 -4.61277 -55.4315 -55.3805 'Bel Ombre (Seychelles)'
 -4.62719 -55.38048
 -4.61957 -55.38841
 -4.61702 -55.39461
 -4.61607 -55.40685
 -4.61277 -55.41442
 -4.61593 -55.41704
 -4.61286 -55.42582
 -4.62384 -55.43152
 -4.62910 -55.41791
 -4.63657 -55.41967
 -4.64140 -55.40869
 -4.62719 -55.38048
36 31 -4.68029 -4.62384 -55.4592 -55.3605 'Port Glaud (Seychelles)'
 -4.67785 -55.44898
 -4.67645 -55.43540
 -4.66615 -55.41809
 -4.66078 -55.40920
 -4.66053 -55.40170
 -4.65786 -55.39443
 -4.65386 -55.39490
 -4.65294 -55.40008
 -4.64984 -55.39753
 -4.64729 -55.38950
 -4.64948 -55.37966
 -4.64692 -55.37127
 -4.64273 -55.36562
 -4.63927 -55.36726
 -4.63999 -55.37492
 -4.63781 -55.37765
 -4.63270 -55.37473
 -4.62719 -55.38048
 -4.64140 -55.40869
 -4.63657 -55.41967
 -4.62910 -55.41791
 -4.62384 -55.43152
 -4.63042 -55.43504
 -4.63613 -55.44118
 -4.65062 -55.44513
 -4.65764 -55.45918
 -4.66510 -55.45523
 -4.66642 -55.44689
 -4.67257 -55.44645
 -4.67388 -55.44996
 -4.67785 -55.44898
37 10 -4.68029 -4.62384 -55.4592 -55.3605 'Port Glaud (Seychelles)'
 -4.65932 -55.36270
 -4.66060 -55.36616
 -4.66388 -55.37054
 -4.66643 -55.37382
 -4.66789 -55.37291
 -4.66662 -55.36981
 -4.66589 -55.36489
 -4.66370 -55.36197
 -4.66133 -55.36051
 -4.65932 -55.36270
38 13 -4.68029 -4.62384 -55.4592 -55.3605 'Port Glaud (Seychelles)'
 -4.66862 -55.39899
 -4.66953 -55.40117
 -4.67172 -55.40482
 -4.67500 -55.40683
 -4.67810 -55.40591
 -4.67993 -55.40537
 -4.68029 -55.40409
 -4.67573 -55.40008
 -4.67336 -55.39753
 -4.67136 -55.39771
 -4.66972 -55.39643
 -4.66844 -55.39716
 -4.66862 -55.39899
39 17 -4.35029 -4.27684 -55.787 -55.6828 'Baie Sainte Anne (Seychelles)'
 -4.29439 -55.68282
 -4.29177 -55.69011
 -4.29055 -55.69695
 -4.29023 -55.70444
 -4.30325 -55.71868
 -4.30882 -55.73215
 -4.31142 -55.74667
 -4.32109 -55.75448
 -4.31663 -55.76452
 -4.31849 -55.77716
 -4.33059 -55.78704
 -4.33132 -55.77092
 -4.33963 -55.76824
 -4.35029 -55.76800
 -4.33889 -55.74755
 -4.32913 -55.74105
 -4.29439 -55.68282
40 11 -4.35029 -4.27684 -55.787 -55.6828 'Baie Sainte Anne (Seychelles)'
 -4.28037 -55.71209
 -4.27684 -55.71506
 -4.27684 -55.72213
 -4.27796 -55.73849
 -4.27833 -55.74295
 -4.28316 -55.74146
 -4.28316 -55.73217
 -4.28911 -55.73328
 -4.29246 -55.73291
 -4.28827 -55.72073
 -4.28037 -55.71209
41 15 -4.35842 -4.20991 -55.768 -55.6437 'Grand'Anse Praslin (Seychelles)'
 -4.35029 -55.76800
 -4.35842 -55.75912
 -4.35810 -55.74675
 -4.35224 -55.73276
 -4.34256 -55.72332
 -4.33012 -55.71763
 -4.32786 -55.70410
 -4.32630 -55.69201
 -4.31886 -55.68457
 -4.31155 -55.68377
 -4.29641 -55.67717
 -4.29439 -55.68282
 -4.32913 -55.74105
 -4.33889 -55.74755
 -4.35029 -55.76800
42 6 -4.35842 -4.20991 -55.768 -55.6437 'Grand'Anse Praslin (Seychelles)'
 -4.32816 -55.66300
 -4.32927 -55.66635
 -4.33411 -55.66561
 -4.33485 -55.66040
 -4.33039 -55.66003
 -4.32816 -55.66300
43 6 -4.35842 -4.20991 -55.768 -55.6437 'Grand'Anse Praslin (Seychelles)'
 -4.34675 -55.64701
 -4.34861 -55.64887
 -4.35344 -55.65110
 -4.35344 -55.64813
 -4.34935 -55.64367
 -4.34675 -55.64701
44 8 -4.35842 -4.20991 -55.768 -55.6437 'Grand'Anse Praslin (Seychelles)'
 -4.20991 -55.66672
 -4.21065 -55.67044
 -4.21214 -55.67527
 -4.21474 -55.67193
 -4.21400 -55.66449
 -4.21288 -55.65929
 -4.21028 -55.66040
 -4.20991 -55.66672
45 6 -4.62076 -4.60452 -55.4486 -55.4359 'Mont Buxton (Seychelles)'
 -4.61505 -55.43855
 -4.60847 -55.43591
 -4.60452 -55.44074
 -4.61286 -55.44865
 -4.62076 -55.44733
 -4.61505 -55.43855
46 5 -4.63042 -4.61505 -55.4473 -55.4315 'Saint Louis (Seychelles)'
 -4.62384 -55.43152
 -4.61505 -55.43855
 -4.62076 -55.44733
 -4.63042 -55.43504
 -4.62384 -55.43152
47 7 -4.66515 -4.64754 -55.4895 -55.4741 'Les Mamelles (Seychelles)'
 -4.66515 -55.47749
 -4.65501 -55.47411
 -4.65281 -55.47587
 -4.64754 -55.47499
 -4.65852 -55.48948
 -4.66225 -55.48272
 -4.66515 -55.47749
