0 700 63.773 65.9863 13.5029 17.3875 'Austurland (Iceland)'
 65.98627 14.61461
 65.96393 14.60473
 65.95303 14.60334
 65.94892 14.60635
 65.94355 14.61913
 65.93940 14.62377
 65.93480 14.62438
 65.92390 14.62287
 65.91958 14.62377
 65.89496 14.64684
 65.88817 14.65046
 65.88394 14.66202
 65.85065 14.72680
 65.82795 14.80053
 65.81586 14.82299
 65.79841 14.82116
 65.78413 14.84081
 65.76122 14.89127
 65.76203 14.86144
 65.77090 14.83487
 65.79605 14.78820
 65.77558 14.80362
 65.75316 14.83235
 65.73517 14.84411
 65.72773 14.80871
 65.73200 14.77282
 65.75080 14.69441
 65.77489 14.47973
 65.79243 14.40246
 65.79678 14.36156
 65.78238 14.32950
 65.74038 14.37287
 65.73005 14.39761
 65.72150 14.39513
 65.71312 14.38781
 65.70970 14.38362
 65.70718 14.37898
 65.69986 14.35627
 65.68220 14.29296
 65.67251 14.27432
 65.66559 14.32868
 65.65607 14.35782
 65.63028 14.38223
 65.60480 14.43391
 65.58344 14.45421
 65.54548 14.53018
 65.53290 14.54540
 65.51789 14.55704
 65.50117 14.56237
 65.50902 14.54963
 65.53083 14.52831
 65.53535 14.51765
 65.53803 14.50617
 65.55231 14.47265
 65.55891 14.46231
 65.57514 14.44408
 65.65241 14.32022
 65.65884 14.29849
 65.65595 14.27172
 65.63154 14.19237
 65.64106 14.20808
 65.65396 14.23648
 65.66503 14.24763
 65.61042 14.02790
 65.60859 13.99991
 65.62018 13.89004
 65.61905 13.87141
 65.61416 13.85969
 65.60220 13.85228
 65.59199 13.85094
 65.58503 13.85652
 65.58316 13.86962
 65.57689 13.86962
 65.57738 13.83821
 65.57538 13.82437
 65.56940 13.81501
 65.56245 13.81395
 65.55329 13.81648
 65.54149 13.82128
 65.53417 13.81444
 65.52863 13.80578
 65.52167 13.78767
 65.55036 13.74112
 65.55829 13.71544
 65.55516 13.68529
 65.55097 13.68008
 65.54458 13.67886
 65.53856 13.67907
 65.53535 13.67785
 65.53457 13.67162
 65.53644 13.65722
 65.53535 13.65119
 65.51887 13.61596
 65.51423 13.60961
 65.49213 13.60798
 65.47826 13.62222
 65.46870 13.64061
 65.45962 13.65119
 65.45380 13.64867
 65.43476 13.63720
 65.42609 13.63683
 65.42219 13.64346
 65.41181 13.67785
 65.40571 13.66763
 65.39810 13.66784
 65.38886 13.67138
 65.37763 13.67097
 65.36734 13.70474
 65.37311 13.79581
 65.36400 13.83552
 65.35505 13.81086
 65.34349 13.73306
 65.32709 13.72985
 65.31586 13.75267
 65.30980 13.78454
 65.30964 13.83434
 65.30683 13.85546
 65.29572 13.89753
 65.28913 13.98103
 65.28205 14.00674
 65.27269 13.99112
 65.29759 13.83251
 65.29572 13.78425
 65.30638 13.68765
 65.30256 13.65738
 65.28864 13.60782
 65.27692 13.58226
 65.26655 13.57299
 65.26097 13.56798
 65.25308 13.59179
 65.22590 13.63244
 65.21996 13.65420
 65.20637 13.78087
 65.20637 13.91462
 65.20014 13.97265
 65.20014 14.03409
 65.18976 14.00333
 65.20014 13.88695
 65.19269 13.73306
 65.20014 13.66417
 65.20014 13.62662
 65.19676 13.61661
 65.18944 13.62133
 65.17841 13.63683
 65.17211 13.63948
 65.16755 13.63858
 65.16364 13.63858
 65.15917 13.64367
 65.15176 13.68155
 65.15034 13.71524
 65.14492 13.74669
 65.13744 13.74669
 65.14435 13.66930
 65.13744 13.65119
 65.13129 13.65119
 65.13019 13.66076
 65.12739 13.66955
 65.12299 13.67772
 65.11701 13.68529
 65.11701 13.65420
 65.11494 13.64440
 65.11042 13.63663
 65.10594 13.63085
 65.10395 13.62662
 65.10700 13.61661
 65.12067 13.60058
 65.12377 13.59219
 65.12767 13.59016
 65.15176 13.56111
 65.17219 13.52017
 65.15754 13.51740
 65.13630 13.51781
 65.11591 13.52107
 65.10395 13.52697
 65.09650 13.52697
 65.09077 13.50837
 65.08128 13.50292
 65.06916 13.50959
 65.05549 13.52697
 65.04759 13.54723
 65.04230 13.58959
 65.03506 13.60961
 65.02143 13.59179
 65.01203 13.58267
 65.00772 13.58532
 65.00446 13.60090
 64.98994 13.63215
 64.98664 13.64737
 64.99409 13.71947
 64.98933 13.78161
 64.99409 13.80199
 65.00340 13.81151
 65.01724 13.81981
 65.02961 13.83031
 65.03506 13.84606
 65.03730 13.86229
 65.04706 13.89542
 65.05451 13.94787
 65.07762 14.00333
 65.08283 14.03409
 65.07184 14.02774
 65.06379 14.01732
 65.05842 14.00512
 65.05549 13.99376
 65.03840 14.02977
 65.03506 14.23339
 65.02757 14.23339
 65.01459 13.91804
 65.01069 13.90783
 65.00308 13.89395
 64.99339 13.88170
 64.98355 13.87645
 64.97822 13.86791
 64.95995 13.82128
 64.93960 13.71817
 64.92520 13.69831
 64.91120 13.73990
 64.91437 13.78893
 64.93260 13.87645
 64.92520 13.97606
 64.93647 14.03746
 64.93260 14.05460
 64.91450 13.99551
 64.90030 13.85228
 64.87739 13.78767
 64.87153 13.77969
 64.86237 13.77017
 64.85383 13.76692
 64.85008 13.77770
 64.84687 13.79402
 64.83275 13.81892
 64.82958 13.83210
 64.84707 13.93659
 64.83584 13.96642
 64.81684 13.85802
 64.80931 13.83983
 64.79857 13.83922
 64.79475 13.86779
 64.79678 13.98192
 64.80231 14.01366
 64.79755 14.01989
 64.79409 14.02815
 64.78864 14.04845
 64.78120 14.04845
 64.76484 14.01769
 64.75381 14.00145
 64.74022 13.98632
 64.73762 14.00259
 64.71971 14.04845
 64.69929 14.27062
 64.70417 14.30639
 64.70962 14.32624
 64.71629 14.33947
 64.75532 14.36807
 64.76655 14.39363
 64.78962 14.42056
 64.79487 14.43537
 64.80231 14.51391
 64.79658 14.50402
 64.79458 14.49328
 64.79487 14.46955
 64.79023 14.45580
 64.77985 14.45714
 64.76854 14.46378
 64.76130 14.46614
 64.75288 14.45067
 64.74103 14.40014
 64.74022 14.38362
 64.73338 14.38362
 64.72085 14.38524
 64.70498 14.37145
 64.69135 14.35265
 64.68561 14.33947
 64.67813 14.28869
 64.66950 14.27017
 64.65827 14.28116
 64.65143 14.27432
 64.67573 14.44197
 64.65827 14.49348
 64.64973 14.47716
 64.64077 14.43708
 64.63101 14.41771
 64.61978 14.40807
 64.61026 14.40925
 64.60248 14.41983
 64.59687 14.43883
 64.59687 14.57217
 64.59032 14.58438
 64.57697 14.57209
 64.56574 14.55224
 64.56586 14.54182
 64.55561 14.53161
 64.54902 14.51000
 64.54841 14.49047
 64.55585 14.48656
 64.56070 14.44538
 64.60073 14.38362
 64.61050 14.35253
 64.60562 14.34618
 64.59447 14.36156
 64.54633 14.45324
 64.53474 14.46614
 64.52546 14.46959
 64.50483 14.47256
 64.49689 14.47667
 64.47191 14.50935
 64.46280 14.51391
 64.45661 14.51281
 64.45311 14.51167
 64.44611 14.50939
 64.44233 14.51049
 64.43920 14.51549
 64.43745 14.52107
 64.43452 14.52562
 64.42829 14.52758
 64.42398 14.52986
 64.40843 14.54088
 64.40510 14.54491
 64.40009 14.64875
 64.38890 14.72069
 64.38398 14.74669
 64.39887 14.70336
 64.41006 14.61392
 64.41812 14.56851
 64.42560 14.59406
 64.43329 14.70523
 64.43171 14.71312
 64.42748 14.71443
 64.41413 14.71251
 64.41128 14.71630
 64.40913 14.72362
 64.39973 14.74498
 64.39765 14.75719
 64.39496 14.76179
 64.37775 14.78205
 64.37254 14.79361
 64.35712 14.84895
 64.34675 14.87165
 64.33466 14.89208
 64.32246 14.90490
 64.33393 14.89948
 64.33877 14.89611
 64.34296 14.89127
 64.34980 14.89127
 64.34980 14.89806
 64.33983 14.90490
 64.33112 14.92032
 64.32490 14.93725
 64.32246 14.94905
 64.31924 14.95275
 64.31196 14.94982
 64.30467 14.94221
 64.30142 14.93196
 64.30248 14.91031
 64.30463 14.90075
 64.30882 14.89127
 64.29475 14.88638
 64.28148 14.87759
 64.28164 14.89997
 64.26484 14.92943
 64.26044 14.94905
 64.26260 14.99547
 64.26675 15.01586
 64.27412 15.03527
 64.29084 15.06688
 64.29829 15.08605
 64.30142 15.10668
 64.29857 15.11563
 64.28547 15.13439
 64.28148 15.14395
 64.28262 15.15612
 64.28653 15.16755
 64.28791 15.17927
 64.28148 15.19229
 64.27412 15.17935
 64.26919 15.19005
 64.26748 15.20157
 64.26789 15.22647
 64.29523 15.20661
 64.30142 15.20661
 64.29751 15.23884
 64.29804 15.25451
 64.30512 15.26122
 64.32054 15.26578
 64.33088 15.27684
 64.33438 15.29027
 64.32933 15.30215
 64.32246 15.30215
 64.31761 15.29393
 64.31257 15.28820
 64.30561 15.28417
 64.29523 15.28112
 64.29926 15.29467
 64.30390 15.32315
 64.30882 15.33629
 64.31501 15.33629
 64.32901 15.32657
 64.35004 15.34130
 64.36933 15.36644
 64.37775 15.38785
 64.38764 15.40844
 64.39448 15.44799
 64.39765 15.47350
 64.39155 15.45645
 64.38520 15.42211
 64.38080 15.40148
 64.36970 15.39078
 64.34520 15.37247
 64.33682 15.36364
 64.33137 15.37214
 64.32978 15.38069
 64.33173 15.38927
 64.33682 15.39782
 64.32933 15.39782
 64.32128 15.37755
 64.30589 15.37401
 64.28840 15.38231
 64.27412 15.39782
 64.26850 15.42227
 64.27513 15.47802
 64.26789 15.50088
 64.26252 15.48681
 64.26044 15.47155
 64.26044 15.43871
 64.25129 15.46402
 64.24116 15.52807
 64.23876 15.58552
 64.22883 15.64590
 64.21943 15.67211
 64.22443 15.67687
 64.22895 15.68322
 64.23379 15.68570
 64.21662 15.71361
 64.18537 15.80240
 64.19770 15.71911
 64.19156 15.69945
 64.17927 15.73302
 64.14448 15.99205
 64.13007 16.02831
 64.13007 15.98119
 64.12393 15.98119
 64.09980 16.04479
 64.09658 16.06627
 64.09394 16.07600
 64.07612 16.11034
 64.06843 16.13402
 64.06354 16.14363
 64.05500 16.15128
 64.06464 16.16173
 64.06635 16.17170
 64.06232 16.18179
 64.05500 16.19286
 64.04816 16.19286
 64.04816 16.17927
 64.04194 16.17927
 64.02350 16.23933
 64.02082 16.26114
 64.03510 16.25487
 64.01708 16.30891
 64.00324 16.33479
 63.98672 16.35049
 63.98631 16.33410
 63.99164 16.32103
 63.99726 16.31102
 63.97407 16.33690
 63.96556 16.35049
 63.93814 16.42235
 63.90477 16.47020
 63.89737 16.50133
 63.90038 16.48888
 63.90522 16.47631
 63.91291 16.46597
 63.92463 16.46036
 63.86937 16.61120
 63.85212 16.74535
 63.85472 16.76537
 63.86319 16.78254
 63.85712 16.77489
 63.85285 16.76659
 63.85029 16.75764
 63.84955 16.74779
 63.84455 16.76635
 63.84272 16.78254
 63.83218 16.77920
 63.81830 16.77977
 63.80646 16.78506
 63.80170 16.79621
 63.80488 16.80110
 63.81171 16.80297
 63.82538 16.80297
 63.82856 16.80553
 63.83588 16.82348
 63.85879 16.86107
 63.86319 16.87133
 63.86567 16.88736
 63.86278 16.89550
 63.85407 16.89826
 63.83930 16.89855
 63.82075 16.89525
 63.80777 16.89582
 63.80170 16.90197
 63.80516 16.91535
 63.81403 16.91747
 63.83930 16.91222
 63.84833 16.91552
 63.86001 16.92276
 63.86640 16.93004
 63.85981 16.93334
 63.83308 16.93297
 63.82062 16.93468
 63.80915 16.93956
 63.80003 16.92614
 63.79320 16.93090
 63.78889 16.94685
 63.78750 16.96691
 63.81013 16.95564
 63.82001 16.95490
 63.82844 16.96068
 63.83714 16.95653
 63.84105 16.95385
 63.84272 16.95043
 63.84553 16.94127
 63.85126 16.94074
 63.85619 16.94416
 63.85639 16.94701
 63.88321 16.94140
 63.89777 16.94030
 63.90420 16.94327
 63.90819 16.94669
 63.91584 16.95751
 63.92031 16.96898
 63.91474 16.97435
 63.88882 16.97704
 63.87824 16.97533
 63.86937 16.96691
 63.86286 16.98323
 63.86347 17.00194
 63.86201 17.01854
 63.84955 17.02892
 63.83930 17.01671
 63.82779 17.01146
 63.81708 17.00475
 63.80915 16.98795
 63.79784 17.00621
 63.79401 17.04328
 63.79491 17.11486
 63.79719 17.13012
 63.80915 17.16613
 63.80488 17.17968
 63.79804 17.19323
 63.79829 17.20344
 63.81538 17.20710
 63.78124 17.33056
 63.77299 17.38571
 63.77311 17.38573
 63.78438 17.38754
 63.95858 17.38402
 63.97837 17.37806
 64.03940 17.34175
 64.47196 16.87661
 64.63869 16.68688
 64.67486 16.66252
 64.71409 16.64146
 64.72778 16.63565
 64.73677 16.63348
 64.74489 16.63311
 64.75403 16.63539
 64.76168 16.63913
 64.77021 16.64526
 64.77848 16.64751
 64.78618 16.65231
 64.81372 16.67637
 64.82147 16.67846
 64.82622 16.67730
 64.82987 16.67420
 64.85478 16.64820
 64.86426 16.63322
 64.87005 16.62624
 64.87480 16.62397
 64.87945 16.62386
 64.88712 16.62841
 64.89069 16.62996
 64.89632 16.62963
 64.90314 16.62779
 64.91823 16.62182
 64.92400 16.61748
 64.92728 16.61206
 64.92803 16.58640
 64.94033 16.52842
 64.94221 16.51095
 64.94265 16.47057
 64.94446 16.45281
 64.94606 16.44563
 64.95064 16.43481
 64.98265 16.38191
 65.00226 16.33897
 65.00564 16.32796
 65.01469 16.26097
 65.01887 16.24856
 65.02601 16.23443
 65.04301 16.20937
 65.05128 16.20154
 65.05673 16.20105
 65.06270 16.21893
 65.06559 16.22288
 65.06962 16.22412
 65.07417 16.22360
 65.08399 16.21924
 65.08784 16.21691
 65.12202 16.20311
 65.12615 16.20247
 65.14370 16.20332
 65.15649 16.20565
 65.16501 16.20572
 65.17323 16.20433
 65.18000 16.20193
 65.18246 16.20224
 65.18403 16.20410
 65.18879 16.20544
 65.19597 16.20472
 65.21034 16.19800
 65.21866 16.19169
 65.22408 16.18614
 65.24196 16.15800
 65.26775 16.12790
 65.27266 16.11774
 65.28873 16.06560
 65.29431 16.05465
 65.30214 16.04622
 65.31834 16.03325
 65.32668 16.02860
 65.33307 16.02744
 65.34490 16.03284
 65.35203 16.03798
 65.37263 16.06591
 65.38319 16.08488
 65.40547 16.16154
 65.40805 16.16642
 65.41384 16.17361
 65.41668 16.17598
 65.42037 16.17655
 65.42611 16.17645
 65.43730 16.17239
 65.44303 16.16841
 65.44706 16.16322
 65.45373 16.15066
 65.46957 16.13046
 65.47290 16.11247
 65.47683 16.10229
 65.48417 16.08979
 65.49704 16.07609
 65.51621 16.06054
 65.53194 16.05113
 65.53941 16.04827
 65.55714 16.04400
 65.56334 16.04168
 65.57036 16.03635
 65.57471 16.02775
 65.57584 16.01385
 65.54954 15.70335
 65.55029 15.69227
 65.55484 15.68986
 65.56685 15.68909
 65.57434 15.68700
 65.58318 15.68315
 65.61574 15.65953
 65.62406 15.65844
 65.63191 15.66038
 65.63987 15.66449
 65.64767 15.66759
 65.65754 15.66984
 65.68379 15.67038
 65.69095 15.67185
 65.69656 15.67488
 65.70441 15.68260
 65.70919 15.68436
 65.71599 15.68485
 65.73170 15.68284
 65.73868 15.68025
 65.74488 15.67534
 65.74790 15.66410
 65.77157 15.45639
 65.77382 15.44802
 65.77883 15.44538
 65.78322 15.44476
 65.78875 15.44171
 65.79536 15.43430
 65.80348 15.41784
 65.80846 15.40368
 65.82136 15.35035
 65.82673 15.33815
 65.83407 15.32841
 65.85727 15.31526
 65.86294 15.22574
 65.88159 15.16667
 65.90024 15.12625
 65.92200 15.10138
 65.94377 14.69413
 65.98107 14.66304
 65.98627 14.61461
1 343 63.3967 64.8806 16.8766 21.932 'Suðurland (Iceland)'
 63.77299 17.38571
 63.76073 17.46776
 63.75080 17.56094
 63.75800 17.54992
 63.76679 17.54357
 63.77749 17.54402
 63.78750 17.54967
 63.77326 17.55712
 63.76358 17.56908
 63.76073 17.58336
 63.76756 17.59805
 63.76203 17.59569
 63.75947 17.59557
 63.75755 17.59496
 63.75397 17.59065
 63.74653 17.59065
 63.70551 17.72102
 63.72736 17.71117
 63.73969 17.68529
 63.74527 17.65323
 63.74653 17.62483
 63.75397 17.62483
 63.76927 17.69099
 63.78124 17.71475
 63.76773 17.71988
 63.76227 17.71898
 63.75397 17.71475
 63.74600 17.74047
 63.74824 17.76500
 63.75340 17.79003
 63.75397 17.81721
 63.74653 17.79674
 63.74030 17.79674
 63.74055 17.82193
 63.73851 17.83332
 63.73286 17.84386
 63.73701 17.86026
 63.73102 17.87841
 63.71996 17.89306
 63.70893 17.89916
 63.69123 17.90453
 63.67902 17.91808
 63.67577 17.93590
 63.68504 17.95442
 63.67650 17.96736
 63.66767 17.97208
 63.66059 17.96695
 63.65770 17.95067
 63.65986 17.93798
 63.66926 17.91808
 63.67137 17.90282
 63.66743 17.82388
 63.67137 17.79674
 63.63410 17.83975
 63.62385 17.86583
 63.63044 17.89232
 63.63227 17.88899
 63.63227 17.88785
 63.63280 17.88732
 63.63666 17.88549
 63.63666 17.92642
 63.62735 17.92496
 63.62861 17.95311
 63.62299 17.96862
 63.62368 17.95572
 63.62079 17.94689
 63.61392 17.94359
 63.60248 17.94693
 63.60440 17.87247
 63.60993 17.85823
 63.57612 17.88305
 63.54515 17.91906
 63.52253 17.96496
 63.50153 18.06737
 63.47932 18.13292
 63.47281 18.19538
 63.49323 18.22814
 63.50056 18.21548
 63.50519 18.18737
 63.51065 18.17658
 63.52143 18.16320
 63.52631 18.15062
 63.52741 18.11889
 63.53425 18.11889
 63.53449 18.14729
 63.52704 18.20092
 63.52741 18.22814
 63.54645 18.29638
 63.54853 18.31680
 63.54100 18.31066
 63.53946 18.31810
 63.53767 18.32120
 63.53425 18.32433
 63.52814 18.31469
 63.51105 18.29328
 63.50751 18.28645
 63.50117 18.27676
 63.48705 18.27196
 63.47297 18.26915
 63.46654 18.26570
 63.46532 18.22387
 63.46532 18.20031
 63.46385 18.18366
 63.44920 18.39769
 63.42251 18.52160
 63.39671 18.73205
 63.39765 18.78303
 63.42438 18.97476
 63.41437 19.05565
 63.41816 19.08462
 63.41877 19.07360
 63.42031 19.06908
 63.42438 19.06412
 63.42796 19.09984
 63.43244 19.11767
 63.43867 19.13244
 63.42573 19.15266
 63.43867 19.28726
 63.44123 19.29996
 63.45913 19.35216
 63.46654 19.43415
 63.50202 19.55093
 63.52155 19.71158
 63.53425 19.74323
 63.53539 19.72973
 63.53925 19.72204
 63.54418 19.72305
 63.54853 19.73575
 63.54890 19.74795
 63.54279 19.76476
 63.54100 19.77709
 63.54853 19.87291
 63.54352 19.86998
 63.53425 19.76989
 63.54239 20.03380
 63.55475 20.05101
 63.55378 20.05541
 63.55231 20.05797
 63.55048 20.06041
 63.54853 20.06408
 63.55288 20.06896
 63.55386 20.07189
 63.55475 20.07836
 63.54100 20.07152
 63.54035 20.14830
 63.54442 20.18570
 63.60171 20.33772
 63.60993 20.35269
 63.60419 20.33861
 63.60175 20.32250
 63.60346 20.30598
 63.60993 20.29064
 63.61103 20.30346
 63.61567 20.32624
 63.61677 20.33910
 63.63227 20.33430
 63.63666 20.33226
 63.62466 20.35058
 63.61982 20.36710
 63.62189 20.38500
 63.63044 20.40734
 63.63666 20.40734
 63.63044 20.37316
 63.64570 20.38655
 63.65461 20.40477
 63.66169 20.42447
 63.67137 20.44213
 63.68822 20.45824
 63.70026 20.46695
 63.70637 20.47867
 63.70551 20.50353
 63.69929 20.50353
 63.67715 20.46866
 63.66071 20.44848
 63.64411 20.43464
 63.67113 20.50109
 63.68891 20.53161
 63.71235 20.55069
 63.71402 20.54686
 63.71979 20.53710
 63.72451 20.54450
 63.74030 20.55822
 63.75471 20.53018
 63.76301 20.49852
 63.76756 20.43126
 63.76105 20.39965
 63.73477 20.34415
 63.73286 20.31115
 63.74250 20.32779
 63.76114 20.35220
 63.76756 20.36579
 63.78750 20.44213
 63.81257 20.41202
 63.82221 20.40734
 63.83625 20.41112
 63.83991 20.42227
 63.83637 20.43114
 63.82844 20.42785
 63.82221 20.42785
 63.81257 20.43977
 63.78750 20.48302
 63.77318 20.51110
 63.76435 20.53018
 63.76073 20.55451
 63.75682 20.56241
 63.74730 20.56347
 63.73591 20.56265
 63.72602 20.56505
 63.71625 20.57266
 63.71418 20.57750
 63.72578 20.62247
 63.74291 20.66657
 63.74970 20.70031
 63.77440 20.77042
 63.77440 20.70523
 63.77180 20.69347
 63.76146 20.66942
 63.76073 20.65437
 63.76655 20.65233
 63.76838 20.63915
 63.76756 20.60595
 63.77440 20.60595
 63.77440 20.63386
 63.78124 20.63386
 63.78144 20.63036
 63.78099 20.62316
 63.78124 20.61962
 63.78750 20.61962
 63.77945 20.69066
 63.78124 20.71581
 63.78750 20.71581
 63.80732 20.68179
 63.83763 20.67178
 63.86343 20.68562
 63.86937 20.72326
 63.86319 20.72326
 63.85798 20.69514
 63.84418 20.69831
 63.82803 20.71719
 63.80565 20.75451
 63.79743 20.77839
 63.79475 20.80529
 63.80170 20.83251
 63.78531 20.82177
 63.78124 20.81823
 63.80044 20.85863
 63.82722 20.94884
 63.84846 21.07673
 63.86249 21.12011
 63.86750 21.14428
 63.87556 21.16832
 63.89110 21.18879
 63.89887 21.18301
 63.90876 21.18448
 63.93207 21.19494
 63.92988 21.11701
 63.93427 21.07413
 63.94575 21.04479
 63.94575 21.11994
 63.95771 21.16759
 63.95942 21.18505
 63.95336 21.23644
 63.94916 21.24706
 63.94302 21.25609
 63.92817 21.28742
 63.92463 21.29870
 63.91840 21.29870
 63.90839 21.24779
 63.89887 21.22204
 63.88369 21.20930
 63.88874 21.23013
 63.89179 21.27538
 63.88935 21.32169
 63.88418 21.34976
 63.87377 21.36583
 63.85639 21.35265
 63.85611 21.35741
 63.85423 21.36042
 63.85179 21.36311
 63.84955 21.36693
 63.83185 21.65990
 63.84272 21.69530
 63.85855 21.72891
 63.86839 21.76000
 63.87055 21.79320
 63.84817 21.93198
 63.84833 21.93181
 63.86649 21.91204
 63.87990 21.89427
 64.00002 21.65239
 63.99940 21.61379
 64.00054 21.60728
 64.00204 21.60581
 64.01816 21.59896
 64.02410 21.59374
 64.03604 21.56992
 64.05190 21.54576
 64.08717 21.50455
 64.16285 21.41740
 64.17391 21.40946
 64.18792 21.40140
 64.21324 21.41486
 64.21957 21.41740
 64.22667 21.41711
 64.23293 21.41370
 64.24843 21.39954
 64.25763 21.38786
 64.36403 21.14919
 64.40387 21.07848
 64.46392 20.93003
 64.52381 20.81400
 64.53141 20.78978
 64.55663 20.62832
 64.64386 20.31397
 64.69825 20.04497
 64.71034 20.01673
 64.71993 20.00118
 64.72357 19.99704
 64.73047 19.99278
 64.73837 19.99053
 64.75026 19.99097
 64.76509 19.99386
 64.77222 19.99332
 64.77796 19.99206
 64.80163 19.97743
 64.75233 19.72011
 64.75005 19.69590
 64.75080 19.66680
 64.78509 19.40475
 64.78468 19.15485
 64.83863 18.87153
 64.88061 18.42654
 64.84323 18.33306
 64.81757 18.23351
 64.74654 17.94761
 64.61856 17.44283
 64.47196 16.87661
 64.03940 17.34175
 63.97837 17.37806
 63.95858 17.38402
 63.78438 17.38754
 63.77311 17.38573
 63.77299 17.38571
2 17 63.3967 64.8806 16.8766 21.932 'Suðurland (Iceland)'
 63.71784 17.75129
 63.71162 17.74376
 63.70319 17.74315
 63.69196 17.74926
 63.68195 17.76496
 63.68073 17.77111
 63.68488 17.76407
 63.69017 17.75902
 63.69599 17.76061
 63.69892 17.76895
 63.69823 17.77969
 63.69139 17.82331
 63.69965 17.82071
 63.71320 17.79015
 63.71809 17.77310
 63.71914 17.76570
 63.71784 17.75129
3 15 63.3967 64.8806 16.8766 21.932 'Suðurland (Iceland)'
 63.44465 20.26187
 63.44099 20.25792
 63.42951 20.25255
 63.41865 20.26016
 63.40913 20.26964
 63.40274 20.27953
 63.40648 20.28677
 63.41535 20.29162
 63.42308 20.29809
 63.43476 20.30557
 63.44595 20.30260
 63.45059 20.28262
 63.45136 20.25886
 63.44965 20.25695
 63.44465 20.26187
4 88 63.8091 64.0897 21.6524 22.7368 'Suðurnes (Iceland)'
 63.84817 21.93198
 63.84374 21.95946
 63.84280 22.00031
 63.84321 22.01439
 63.83588 22.06579
 63.86319 22.33642
 63.85663 22.35749
 63.84414 22.37588
 63.83592 22.39440
 63.84272 22.41588
 63.84955 22.40160
 63.84951 22.42516
 63.83869 22.46276
 63.83417 22.49478
 63.82563 22.51391
 63.82221 22.52514
 63.82119 22.53588
 63.82612 22.63268
 63.82221 22.65486
 63.81940 22.65966
 63.81501 22.66491
 63.81098 22.67125
 63.80915 22.67907
 63.81220 22.69123
 63.82538 22.70645
 63.82844 22.71752
 63.83869 22.71125
 63.84512 22.70348
 63.85187 22.69742
 63.86319 22.69587
 63.87417 22.70018
 63.87906 22.70849
 63.88304 22.71923
 63.89110 22.73058
 63.90127 22.71508
 63.93773 22.69498
 63.94575 22.68590
 63.94587 22.64184
 63.94916 22.63500
 63.95954 22.63923
 63.95954 22.64940
 63.95258 22.67252
 63.95478 22.69172
 63.96198 22.71288
 63.97468 22.72997
 63.99348 22.73681
 64.01268 22.72142
 64.02082 22.71752
 64.03229 22.71646
 64.05321 22.71809
 64.06245 22.71752
 64.07050 22.71874
 64.07892 22.71276
 64.08592 22.70214
 64.08975 22.68961
 64.08739 22.67516
 64.07225 22.64476
 64.06159 22.60997
 64.04365 22.58292
 64.01944 22.55846
 63.99348 22.54491
 63.99348 22.55923
 63.98273 22.54280
 63.97944 22.51846
 63.97724 22.42089
 63.97980 22.39684
 63.98672 22.38117
 63.99409 22.39232
 64.00210 22.38638
 64.00922 22.37279
 64.01406 22.36071
 64.01728 22.34606
 64.02082 22.29857
 64.03335 22.26207
 64.03510 22.25088
 64.03290 22.23839
 64.02310 22.21247
 64.02082 22.19921
 64.02509 22.17276
 64.04389 22.12418
 64.00145 22.03557
 64.00406 21.93030
 64.00728 21.80022
 64.00002 21.65239
 63.87990 21.89427
 63.86649 21.91204
 63.84833 21.93181
 63.84817 21.93198
5 81 64.0014 64.2757 21.6061 22.1242 'Reykjavík (Iceland)'
 64.04389 22.12418
 64.05109 22.04068
 64.05927 22.01358
 64.07612 21.99010
 64.07038 21.98168
 64.06928 21.97517
 64.07148 21.96935
 64.07612 21.96337
 64.08226 21.96337
 64.09024 21.98062
 64.09772 22.00475
 64.10102 22.02864
 64.09658 22.04532
 64.11274 22.03490
 64.12059 22.01012
 64.12165 21.98249
 64.11709 21.96337
 64.11603 21.97126
 64.10956 21.99010
 64.10537 21.97199
 64.10423 21.95177
 64.10590 21.93200
 64.10956 21.91503
 64.11709 21.91503
 64.11709 21.93545
 64.12263 21.92125
 64.12393 21.91503
 64.14916 21.97716
 64.15705 22.01085
 64.15803 22.04532
 64.16828 22.01513
 64.15632 21.86486
 64.15229 21.85753
 64.14769 21.85245
 64.14435 21.84667
 64.13662 21.81558
 64.13727 21.79967
 64.14435 21.78466
 64.14346 21.79605
 64.14399 21.80675
 64.14647 21.81680
 64.15119 21.82624
 64.15892 21.81432
 64.16218 21.80687
 64.16486 21.79825
 64.17170 21.81876
 64.17597 21.79284
 64.17109 21.75748
 64.17125 21.74405
 64.17145 21.72378
 64.19156 21.70275
 64.18285 21.73742
 64.18179 21.75609
 64.18842 21.76415
 64.20034 21.75723
 64.20628 21.74120
 64.21320 21.70958
 64.21882 21.72973
 64.22040 21.76000
 64.21841 21.79076
 64.21320 21.81265
 64.23021 21.80647
 64.23798 21.81786
 64.24006 21.83772
 64.23957 21.86571
 64.23810 21.87511
 64.23517 21.88394
 64.23037 21.89110
 64.23379 21.92862
 64.24494 21.89928
 64.25312 21.88956
 64.26789 21.89452
 64.27372 21.87564
 64.27567 21.73628
 64.25724 21.61588
 64.18599 21.60605
 64.08156 21.65519
 64.04716 21.83702
 64.00406 21.93030
 64.00145 22.03557
 64.04389 22.12418
6 56 63.9994 64.399 21.1434 21.9303 'Höfuðborgarsvæði (Iceland)'
 64.27372 21.87564
 64.28681 21.83324
 64.30174 21.80321
 64.31879 21.78124
 64.33930 21.76403
 64.34520 21.75451
 64.34980 21.73742
 64.35204 21.71569
 64.34919 21.67121
 64.34919 21.65258
 64.35293 21.67247
 64.35663 21.68114
 64.35663 21.68908
 64.37149 21.64855
 64.37604 21.62678
 64.37775 21.60310
 64.36180 21.46540
 64.36408 21.44201
 64.37613 21.42512
 64.38506 21.36272
 64.38685 21.27025
 64.39814 21.22947
 64.39899 21.21743
 64.39555 21.17294
 64.39333 21.16312
 64.38863 21.14963
 64.38579 21.14576
 64.38119 21.14343
 64.37770 21.14640
 64.36403 21.14919
 64.25763 21.38786
 64.24843 21.39954
 64.23293 21.41370
 64.22667 21.41711
 64.21957 21.41740
 64.21324 21.41486
 64.18792 21.40140
 64.17391 21.40946
 64.16285 21.41740
 64.08717 21.50455
 64.05190 21.54576
 64.03604 21.56992
 64.02410 21.59374
 64.01816 21.59896
 64.00204 21.60581
 64.00054 21.60728
 63.99940 21.61379
 64.00002 21.65239
 64.00728 21.80022
 64.00406 21.93030
 64.04716 21.83702
 64.08156 21.65519
 64.18599 21.60605
 64.25724 21.61588
 64.27567 21.73628
 64.27372 21.87564
7 579 64.2973 65.5018 19.7927 24.06 'Vesturland (Iceland)'
 64.37613 21.42512
 64.38398 21.41413
 64.37287 21.45910
 64.37775 21.48302
 64.38398 21.48302
 64.38378 21.47346
 64.38532 21.46532
 64.39077 21.44945
 64.39533 21.44888
 64.39655 21.45031
 64.39655 21.45295
 64.39765 21.45572
 64.39765 21.44945
 64.40266 21.63117
 64.39387 21.71654
 64.36408 21.79210
 64.35993 21.79601
 64.35444 21.79918
 64.34846 21.80394
 64.34296 21.81265
 64.34007 21.82116
 64.33710 21.84057
 64.33682 21.85009
 64.33417 21.86583
 64.31973 21.91112
 64.31196 21.92528
 64.29731 21.96264
 64.30012 22.01000
 64.31501 22.09996
 64.32246 22.09996
 64.33332 22.05797
 64.34980 22.01806
 64.37027 21.98477
 64.37613 21.96337
 64.37031 21.94172
 64.37889 21.92325
 64.38508 21.87902
 64.39077 21.85973
 64.39496 21.94888
 64.39077 21.97643
 64.38500 21.99572
 64.38276 22.01134
 64.38813 22.02660
 64.40510 22.04532
 64.41446 22.03189
 64.42646 22.02961
 64.44058 22.02920
 64.45600 22.02147
 64.45722 22.01480
 64.45429 22.00670
 64.45392 21.99987
 64.47126 21.99470
 64.47932 21.98925
 64.49315 21.97643
 64.50373 21.97509
 64.51390 21.94982
 64.53901 21.83727
 64.54157 21.77782
 64.55048 21.78258
 64.55549 21.79206
 64.55707 21.80460
 64.55585 21.81876
 64.56208 21.81876
 64.56957 21.80053
 64.59211 21.76228
 64.59858 21.72875
 64.60716 21.71251
 64.61050 21.70275
 64.61180 21.68936
 64.61050 21.64745
 64.59252 21.65144
 64.58959 21.63126
 64.58934 21.60558
 64.57917 21.59288
 64.57184 21.57990
 64.56953 21.49665
 64.57518 21.51309
 64.57364 21.54800
 64.57575 21.56554
 64.58259 21.57995
 64.59805 21.60196
 64.60301 21.62019
 64.61050 21.57921
 64.61664 21.57921
 64.61664 21.68224
 64.62417 21.68224
 64.63931 21.62499
 64.64769 21.60652
 64.64960 21.58996
 64.64399 21.51089
 64.65143 21.51089
 64.65864 21.58873
 64.65827 21.61335
 64.63251 21.67732
 64.63101 21.70275
 64.63784 21.70275
 64.64859 21.67658
 64.65595 21.66698
 64.66572 21.66112
 64.64692 21.70104
 64.64399 21.71264
 64.63882 21.72183
 64.61571 21.72842
 64.61050 21.74059
 64.60773 21.75048
 64.59003 21.79210
 64.58149 21.84411
 64.57575 21.85973
 64.56208 21.85351
 64.56660 21.88317
 64.56322 21.91120
 64.54157 21.96959
 64.52924 21.99328
 64.52509 22.00902
 64.52798 22.02489
 64.53767 22.03563
 64.54755 22.03417
 64.56953 22.01806
 64.56660 22.03881
 64.55541 22.04865
 64.54011 22.05150
 64.52456 22.05158
 64.51976 22.05541
 64.50064 22.07946
 64.49160 22.08365
 64.48456 22.08365
 64.47866 22.08503
 64.47272 22.09309
 64.47289 22.12906
 64.46931 22.13476
 64.46564 22.13834
 64.46259 22.14680
 64.46044 22.15673
 64.45966 22.16478
 64.46296 22.18102
 64.47187 22.19905
 64.48493 22.21459
 64.50064 22.22350
 64.49470 22.23209
 64.49087 22.23986
 64.48847 22.24787
 64.48701 22.25764
 64.49970 22.24340
 64.51529 22.23111
 64.53034 22.22704
 64.54157 22.23717
 64.54312 22.23290
 64.54841 22.22350
 64.55231 22.23119
 64.55484 22.23925
 64.55606 22.24804
 64.55585 22.25764
 64.55915 22.25341
 64.56953 22.24340
 64.57575 22.24340
 64.56086 22.28938
 64.55500 22.31774
 64.55585 22.33951
 64.56802 22.35753
 64.58442 22.36482
 64.60025 22.36120
 64.61050 22.34699
 64.61664 22.34699
 64.61811 22.36433
 64.62556 22.37702
 64.63386 22.38573
 64.63784 22.39102
 64.64069 22.40388
 64.64789 22.41832
 64.65697 22.43212
 64.66572 22.44253
 64.66096 22.41759
 64.64960 22.39151
 64.64265 22.36510
 64.65143 22.33951
 64.65143 22.36071
 64.66279 22.35460
 64.67031 22.34504
 64.67524 22.33308
 64.67878 22.31965
 64.68423 22.32925
 64.68561 22.33336
 64.69245 22.33336
 64.71743 22.21752
 64.73338 22.18871
 64.74022 22.18871
 64.71711 22.25072
 64.70954 22.28376
 64.70673 22.31591
 64.69920 22.34317
 64.68500 22.37389
 64.67634 22.40209
 64.68561 22.42211
 64.68964 22.40905
 64.70673 22.38117
 64.71581 22.36083
 64.72309 22.34923
 64.73338 22.33951
 64.74022 22.34699
 64.74201 22.33800
 64.74486 22.33243
 64.75385 22.31965
 64.76512 22.34203
 64.76874 22.37214
 64.76752 22.43639
 64.78120 22.42211
 64.78120 22.44253
 64.79133 22.43554
 64.81098 22.41710
 64.82274 22.40844
 64.82152 22.41877
 64.81757 22.42789
 64.81102 22.43578
 64.80231 22.44253
 64.81159 22.44884
 64.81533 22.45702
 64.81420 22.46642
 64.80915 22.47671
 64.80231 22.47671
 64.80915 22.53189
 64.80581 22.54747
 64.79157 22.57702
 64.78864 22.59341
 64.78120 22.59341
 64.78022 22.58556
 64.77436 22.56607
 64.76667 22.65819
 64.77436 22.68212
 64.77294 22.65856
 64.77375 22.64656
 64.77778 22.63805
 64.78339 22.64094
 64.79157 22.65123
 64.79902 22.66369
 64.80231 22.67252
 64.80231 22.77839
 64.79499 22.76277
 64.78120 22.71007
 64.77436 22.71007
 64.77481 22.73689
 64.79271 22.78392
 64.79487 22.81257
 64.79487 22.80573
 64.79979 22.93114
 64.79979 23.05036
 64.80414 23.18810
 64.83047 23.24625
 64.83222 23.30167
 64.82274 23.39843
 64.81989 23.39904
 64.80638 23.41649
 64.80231 23.42333
 64.79804 23.43391
 64.79491 23.44506
 64.79365 23.45714
 64.80915 23.57348
 64.81338 23.56273
 64.81590 23.55093
 64.81680 23.53844
 64.81981 23.55525
 64.81098 23.59350
 64.79426 23.62352
 64.77436 23.62808
 64.75088 23.64660
 64.74112 23.67394
 64.74022 23.74787
 64.73762 23.76952
 64.72712 23.81330
 64.72590 23.83357
 64.74396 23.90587
 64.75361 23.92129
 64.75605 23.93562
 64.76089 23.94612
 64.77778 23.95027
 64.78669 23.95588
 64.81590 23.99865
 64.83173 24.01696
 64.84854 24.03246
 64.89106 24.06005
 64.89850 24.05329
 64.88963 24.03311
 64.89338 24.01427
 64.91218 23.97753
 64.91730 23.95840
 64.93057 23.84976
 64.92951 23.82852
 64.90693 23.74812
 64.89850 23.63801
 64.90111 23.62853
 64.91380 23.61026
 64.91836 23.60082
 64.91739 23.55944
 64.92178 23.54931
 64.94636 23.51285
 64.95238 23.47175
 64.94562 23.38109
 64.95311 23.38109
 64.95600 23.38683
 64.95889 23.38976
 64.96231 23.39184
 64.96678 23.39533
 64.96800 23.35342
 64.96263 23.33975
 64.94562 23.34691
 64.94139 23.33373
 64.94672 23.32510
 64.95344 23.31721
 64.95311 23.30602
 64.94351 23.30240
 64.92951 23.30224
 64.92227 23.29703
 64.93260 23.27868
 64.92626 23.26309
 64.93012 23.24503
 64.93952 23.23021
 64.94941 23.22403
 64.95962 23.22777
 64.97260 23.23534
 64.98688 23.24059
 65.00092 23.23766
 65.01691 23.21019
 65.02009 23.16857
 65.01459 23.08682
 65.00316 23.09435
 64.99543 23.10680
 64.98664 23.13532
 64.98273 23.13244
 64.97297 23.12780
 64.97187 23.13952
 64.96809 23.14794
 64.96174 23.15494
 64.95311 23.16259
 64.91836 23.10729
 64.93354 23.11327
 64.94611 23.11400
 64.95685 23.10953
 64.96678 23.09984
 64.96898 23.09341
 64.97053 23.07445
 64.97297 23.06640
 64.97858 23.05993
 64.99140 23.05358
 64.99750 23.04898
 65.01301 23.02139
 65.01423 22.99279
 65.00430 22.96565
 64.98664 22.94286
 64.99702 22.92699
 65.00349 22.90608
 65.00991 22.84472
 65.02757 22.78523
 65.03193 22.80114
 65.02757 22.87389
 65.03506 22.87389
 65.03913 22.83186
 65.07193 22.75707
 65.07600 22.71752
 65.07197 22.72326
 65.06916 22.73058
 65.06712 22.71276
 65.06232 22.69587
 65.05463 22.69742
 65.05329 22.69799
 65.05321 22.69750
 65.04930 22.69587
 65.04059 22.70987
 65.03343 22.74006
 65.02757 22.75109
 65.02603 22.73786
 65.02656 22.72118
 65.02949 22.70401
 65.03506 22.68961
 65.01569 22.68293
 65.00755 22.67443
 65.00092 22.64118
 64.98334 22.59651
 64.98041 22.57974
 64.98664 22.57974
 64.98981 22.59219
 64.99608 22.60342
 65.01459 22.62816
 65.02997 22.60106
 65.03486 22.58617
 65.03506 22.56607
 65.04833 22.56412
 65.05219 22.54540
 65.05048 22.46190
 65.05878 22.37999
 65.04727 22.24474
 65.02757 22.15518
 65.03022 22.14501
 65.03921 22.12971
 65.04190 22.12043
 65.04190 22.04532
 65.03791 22.02505
 65.03083 22.00357
 65.02753 21.98253
 65.02831 21.98062
 65.03506 21.96337
 65.02753 21.93716
 65.03506 21.82624
 65.04462 21.79967
 65.05703 21.79865
 65.06696 21.81648
 65.06916 21.84667
 65.08242 21.83658
 65.08682 21.82470
 65.08926 21.81017
 65.09650 21.79210
 65.10806 21.77929
 65.15917 21.73742
 65.19379 21.73412
 65.20795 21.76610
 65.20612 21.80948
 65.19269 21.84048
 65.18586 21.84048
 65.18586 21.83308
 65.17841 21.83308
 65.12377 21.98388
 65.11494 22.03384
 65.13841 22.31896
 65.16328 22.39074
 65.16535 22.40160
 65.16474 22.40648
 65.16022 22.42073
 65.15420 22.51187
 65.15917 22.53873
 65.16893 22.55769
 65.17316 22.54235
 65.17707 22.51309
 65.18586 22.49035
 65.18065 22.48274
 65.17853 22.47525
 65.17841 22.45686
 65.18586 22.45686
 65.19278 22.47899
 65.19383 22.50430
 65.18586 22.55248
 65.20067 22.54223
 65.21499 22.52404
 65.23363 22.49035
 65.24299 22.44384
 65.25145 22.42618
 65.26777 22.42886
 65.27045 22.41417
 65.26777 22.37804
 65.27167 22.36913
 65.29572 22.33951
 65.30435 22.31286
 65.31769 22.20128
 65.34833 22.10700
 65.36738 22.07087
 65.38125 22.00683
 65.39191 21.98388
 65.39301 21.98615
 65.39277 21.98864
 65.39362 21.99039
 65.39814 21.99010
 65.39741 21.97509
 65.38589 21.95055
 65.38508 21.93545
 65.40054 21.94441
 65.40559 21.94909
 65.42072 21.88707
 65.43789 21.75723
 65.44737 21.71935
 65.45336 21.69530
 65.46004 21.67818
 65.48567 21.65335
 65.49404 21.64097
 65.50184 21.61457
 65.48823 21.60325
 65.45880 21.60289
 65.44714 21.60565
 65.43172 21.61172
 65.42658 21.61100
 65.42133 21.60839
 65.41712 21.61046
 65.41324 21.61821
 65.40412 21.64273
 65.39549 21.65358
 65.38888 21.65694
 65.38252 21.65482
 65.37743 21.64831
 65.36676 21.62780
 65.36242 21.62139
 65.36185 21.61834
 65.37213 21.53217
 65.37203 21.49494
 65.36932 21.48388
 65.36356 21.47651
 65.34113 21.45897
 65.29080 21.40052
 65.27627 21.37233
 65.26883 21.36505
 65.26491 21.35823
 65.26294 21.35187
 65.26165 21.34337
 65.25901 21.33476
 65.23243 21.28311
 65.22542 21.27609
 65.21783 21.27081
 65.21121 21.26777
 65.18494 21.24896
 65.17716 21.24606
 65.16992 21.24743
 65.16264 21.25394
 65.14062 21.27916
 65.13577 21.28373
 65.13127 21.28658
 65.12600 21.28820
 65.11964 21.28916
 65.11243 21.28895
 65.10274 21.28668
 65.08006 21.27035
 65.07045 21.26461
 65.06543 21.25790
 65.05859 21.23978
 65.05365 21.22978
 65.04089 21.21170
 65.03774 21.20583
 65.03283 21.19444
 65.02931 21.19121
 65.02482 21.19004
 65.02151 21.19017
 65.01479 21.19144
 64.98549 21.11328
 64.97805 21.08442
 64.97293 21.05101
 64.97237 20.98422
 64.96177 20.97515
 64.93741 20.88913
 64.93547 20.87510
 64.93283 20.79216
 64.93087 20.78128
 64.91475 20.74284
 64.91371 20.72713
 64.95498 20.40565
 64.95418 20.39123
 64.94374 20.34379
 64.94110 20.10505
 64.93552 19.81000
 64.93397 19.80072
 64.92911 19.79571
 64.92415 19.79336
 64.91723 19.79269
 64.91041 19.79362
 64.90141 19.79943
 64.89464 19.80904
 64.84085 19.92366
 64.80163 19.97743
 64.77796 19.99206
 64.77222 19.99332
 64.76509 19.99386
 64.75026 19.99097
 64.73837 19.99053
 64.73047 19.99278
 64.72357 19.99704
 64.71993 20.00118
 64.71034 20.01673
 64.69825 20.04497
 64.64386 20.31397
 64.55663 20.62832
 64.53141 20.78978
 64.52381 20.81400
 64.46392 20.93003
 64.40387 21.07848
 64.36403 21.14919
 64.37770 21.14640
 64.38119 21.14343
 64.38579 21.14576
 64.38863 21.14963
 64.39333 21.16312
 64.39555 21.17294
 64.39899 21.21743
 64.39814 21.22947
 64.38685 21.27025
 64.38506 21.36272
 64.37613 21.42512
8 927 64.9724 66.467 20.9842 24.5399 'Vestfirðir (Iceland)'
 65.45336 21.69530
 65.44013 21.79133
 65.43976 21.82624
 65.44652 21.89757
 65.43911 21.95690
 65.43976 21.97643
 65.45527 21.95678
 65.46703 21.93545
 65.48188 21.97155
 65.49274 21.98510
 65.50800 21.99010
 65.50389 22.00316
 65.50141 22.01696
 65.50043 22.03116
 65.50117 22.04532
 65.48713 22.03966
 65.48261 22.04857
 65.48404 22.06281
 65.48749 22.07323
 65.49649 22.08243
 65.52045 22.10119
 65.52851 22.11425
 65.51162 22.10904
 65.49746 22.11140
 65.48509 22.12027
 65.47386 22.13476
 65.46459 22.15241
 65.46100 22.16259
 65.45962 22.17162
 65.45531 22.17528
 65.44595 22.18151
 65.43659 22.18961
 65.43232 22.19921
 65.43081 22.23693
 65.43366 22.25381
 65.45132 22.28067
 65.47386 22.33951
 65.48286 22.38158
 65.49169 22.38720
 65.50800 22.36750
 65.51472 22.34581
 65.52481 22.23510
 65.53840 22.18871
 65.54149 22.16478
 65.54588 22.15372
 65.55614 22.15075
 65.56794 22.15062
 65.57689 22.14835
 65.58393 22.13972
 65.58930 22.12865
 65.59675 22.10680
 65.59333 22.13638
 65.54898 22.20983
 65.53710 22.24389
 65.53071 22.27644
 65.52851 22.34699
 65.53535 22.34699
 65.54804 22.30468
 65.55516 22.29174
 65.56265 22.29174
 65.56200 22.31249
 65.55610 22.32738
 65.54149 22.35326
 65.53815 22.37393
 65.54222 22.38659
 65.54780 22.39818
 65.54898 22.41588
 65.54149 22.41588
 65.53384 22.40372
 65.52485 22.40884
 65.51732 22.42341
 65.50800 22.47863
 65.51118 22.49340
 65.52851 22.50402
 65.54491 22.50503
 65.55720 22.50121
 65.56965 22.50145
 65.58657 22.51456
 65.62177 22.53392
 65.63402 22.54589
 65.62474 22.55838
 65.61937 22.55769
 65.60855 22.55842
 65.59789 22.55696
 65.57661 22.54101
 65.56843 22.54088
 65.56074 22.54654
 65.54312 22.56574
 65.53628 22.57665
 65.53559 22.58918
 65.54523 22.60399
 65.56415 22.62295
 65.56582 22.63146
 65.53978 22.63777
 65.53189 22.64533
 65.52806 22.65616
 65.52851 22.66910
 65.53278 22.67683
 65.54084 22.68480
 65.57221 22.70763
 65.58853 22.71198
 65.60529 22.70474
 65.62409 22.68212
 65.62958 22.69123
 65.62816 22.69628
 65.62474 22.70124
 65.62409 22.71007
 65.63154 22.73681
 65.63154 22.75365
 65.62983 22.75939
 65.62409 22.76403
 65.61835 22.76342
 65.59675 22.75447
 65.58438 22.74486
 65.50800 22.71752
 65.50178 22.73152
 65.50332 22.74861
 65.50723 22.76708
 65.50800 22.78523
 65.51423 22.78523
 65.52253 22.77953
 65.52928 22.78441
 65.53368 22.79573
 65.53535 22.80915
 65.53083 22.84227
 65.53205 22.85326
 65.54149 22.85412
 65.54072 22.86229
 65.54149 22.88760
 65.54898 22.88760
 65.55907 22.86339
 65.58454 22.81871
 65.58999 22.79198
 65.60098 22.80199
 65.60859 22.81884
 65.61791 22.85412
 65.59561 22.85961
 65.57648 22.87995
 65.56688 22.90526
 65.57319 22.92577
 65.58417 22.93224
 65.59638 22.93676
 65.60635 22.94274
 65.61042 22.95344
 65.60366 22.95604
 65.57209 22.96101
 65.56265 22.96398
 65.55121 22.98522
 65.54507 23.04532
 65.53840 23.07348
 65.54975 23.12865
 65.56220 23.15811
 65.57689 23.15514
 65.58316 23.15514
 65.57636 23.18301
 65.55659 23.20002
 65.53474 23.20132
 65.52167 23.18244
 65.51423 23.18244
 65.50861 23.19538
 65.49311 23.21809
 65.48749 23.23143
 65.48542 23.24743
 65.48871 23.31404
 65.49384 23.34142
 65.49494 23.35749
 65.49820 23.37304
 65.50560 23.38492
 65.51447 23.39590
 65.51423 23.40152
 65.51374 23.40827
 65.51236 23.41308
 65.50800 23.42333
 65.50666 23.41881
 65.50532 23.41588
 65.50117 23.40901
 65.49616 23.43773
 65.47793 23.49035
 65.46646 23.62540
 65.47386 23.65608
 65.46186 23.65697
 65.45799 23.66128
 65.45698 23.66804
 65.45336 23.67650
 65.42609 23.71410
 65.40461 23.89753
 65.40693 23.94384
 65.41865 23.98436
 65.42609 23.98436
 65.43403 23.97875
 65.44131 23.98298
 65.44782 23.99303
 65.45336 24.00487
 65.45283 23.98664
 65.45075 23.97891
 65.44652 23.97069
 65.46491 23.96776
 65.47419 23.98620
 65.47285 24.00902
 65.45962 24.01915
 65.47455 24.04308
 65.50117 24.19669
 65.48847 24.48176
 65.49136 24.51830
 65.50800 24.53991
 65.51899 24.49600
 65.52823 24.47378
 65.53840 24.46418
 65.54523 24.45157
 65.56074 24.39314
 65.56940 24.37540
 65.58495 24.37133
 65.60297 24.37149
 65.61791 24.36579
 65.62637 24.33503
 65.63614 24.31753
 65.63837 24.30337
 65.63642 24.27794
 65.61237 24.18065
 65.61042 24.15258
 65.60615 24.13541
 65.57689 24.08056
 65.56647 24.04117
 65.55866 23.97130
 65.54914 23.95470
 65.53791 23.94017
 65.52851 23.92296
 65.52216 23.89281
 65.52302 23.86364
 65.53535 23.80679
 65.53461 23.85245
 65.53730 23.87609
 65.54149 23.89501
 65.55048 23.91137
 65.56224 23.92540
 65.57250 23.94079
 65.57689 23.96080
 65.59943 24.01000
 65.61921 24.03734
 65.63703 24.06924
 65.65135 24.08678
 65.63837 23.93594
 65.61445 23.83800
 65.61042 23.80679
 65.62592 23.82592
 65.63898 23.85265
 65.64810 23.88121
 65.65473 23.92467
 65.66913 23.97655
 65.67617 24.02286
 65.68500 24.04491
 65.70600 24.08056
 65.74079 24.12157
 65.75349 24.12487
 65.76557 24.12369
 65.77733 24.12483
 65.78913 24.13516
 65.80475 24.09284
 65.80353 24.04988
 65.70600 23.62808
 65.70108 23.61856
 65.68618 23.60082
 65.67744 23.57360
 65.67251 23.56664
 65.65469 23.55639
 65.64338 23.56086
 65.63300 23.57144
 65.61791 23.57970
 65.61367 23.56176
 65.62128 23.53881
 65.64521 23.49779
 65.64020 23.49380
 65.63154 23.47789
 65.64094 23.46703
 65.63524 23.41267
 65.63837 23.38854
 65.64521 23.38854
 65.64720 23.39733
 65.64948 23.40144
 65.65884 23.40901
 65.65937 23.39159
 65.67251 23.34691
 65.67333 23.33072
 65.67235 23.31469
 65.67316 23.29943
 65.67935 23.28547
 65.67520 23.40412
 65.68244 23.45824
 65.69302 23.49779
 65.69969 23.51163
 65.71149 23.52941
 65.72272 23.53917
 65.72773 23.52916
 65.73969 23.46691
 65.73737 23.45336
 65.73163 23.43781
 65.73623 23.35619
 65.74600 23.33019
 65.74824 23.30968
 65.74128 23.26594
 65.74038 23.24454
 65.74824 23.22403
 65.75349 23.23664
 65.75519 23.24291
 65.75507 23.25133
 65.76122 23.25133
 65.77485 23.20421
 65.78238 23.18985
 65.77912 23.24470
 65.77314 23.27628
 65.75703 23.31924
 65.75975 23.58878
 65.76870 23.64171
 65.78238 23.67650
 65.77436 23.72916
 65.77863 23.74108
 65.78901 23.75495
 65.81586 23.81310
 65.84296 23.84520
 65.87556 23.86661
 65.90583 23.86315
 65.92573 23.82055
 65.92621 23.80085
 65.91210 23.74413
 65.90522 23.66967
 65.90021 23.65095
 65.88402 23.61921
 65.87792 23.60082
 65.87694 23.58190
 65.88475 23.51887
 65.86433 23.39533
 65.86433 23.35436
 65.84268 23.28311
 65.83613 23.24454
 65.84321 23.20979
 65.85423 23.29247
 65.86787 23.31884
 65.87108 23.40152
 65.87739 23.42736
 65.89484 23.47427
 65.90502 23.57787
 65.91210 23.60082
 65.94257 23.65510
 65.94896 23.68253
 65.95832 23.69591
 65.96206 23.71752
 65.97993 23.76330
 66.00324 23.80419
 66.01138 23.81310
 66.04222 23.81322
 66.05842 23.80748
 66.07038 23.79259
 66.07656 23.75137
 66.07172 23.69957
 66.02668 23.51830
 66.02098 23.46520
 66.02945 23.42943
 66.01374 23.42479
 66.00031 23.41251
 65.99103 23.39513
 65.98778 23.37487
 65.99405 23.37487
 66.00471 23.39184
 66.03587 23.42252
 66.04243 23.44310
 66.04458 23.46597
 66.05394 23.51195
 66.05610 23.53588
 66.05952 23.54703
 66.07661 23.57750
 66.09821 23.63606
 66.11750 23.66967
 66.12849 23.63732
 66.13198 23.55016
 66.12759 23.48412
 66.09764 23.39533
 66.10663 23.41910
 66.13304 23.45840
 66.13862 23.48103
 66.13768 23.57706
 66.14484 23.60082
 66.15229 23.60082
 66.15986 23.59097
 66.16889 23.57641
 66.17646 23.55956
 66.17829 23.54992
 66.17963 23.54271
 66.18049 23.50129
 66.18622 23.48559
 66.19945 23.48412
 66.20417 23.46142
 66.18578 23.30435
 66.15510 23.20250
 66.15229 23.17247
 66.14582 23.15270
 66.13056 23.12743
 66.11253 23.11022
 66.09764 23.11417
 66.07591 23.10729
 66.10761 23.05797
 66.11131 23.03844
 66.10871 23.02770
 66.10261 23.01822
 66.09024 23.00430
 66.07954 22.98607
 66.07412 22.98404
 66.05952 22.98375
 66.04336 22.97838
 66.03368 22.97688
 66.02631 22.98351
 66.01337 23.00036
 66.01138 23.00430
 65.97651 23.04914
 65.96670 23.05895
 65.96670 23.05272
 65.98094 23.03124
 66.00845 22.97655
 66.02192 22.95653
 66.03002 22.95092
 66.03913 22.94640
 66.04645 22.94005
 66.04926 22.92919
 66.04613 22.91723
 66.03864 22.90966
 66.01508 22.89509
 66.01065 22.89977
 66.00764 22.90184
 66.01341 22.88744
 66.02302 22.87157
 66.02851 22.85554
 66.02192 22.84044
 65.99868 22.85749
 65.97529 22.88097
 65.95637 22.90978
 65.94684 22.94286
 65.94790 22.90270
 65.95181 22.88443
 65.96052 22.86775
 65.98615 22.84862
 66.00141 22.83410
 66.00458 22.82311
 65.97761 22.80915
 65.94977 22.81554
 65.92626 22.82470
 65.91210 22.81933
 65.96052 22.78523
 65.98286 22.78710
 66.00861 22.78295
 66.03254 22.77457
 66.04926 22.76403
 66.05683 22.75597
 66.05842 22.75048
 66.05585 22.68273
 66.05268 22.67593
 66.03913 22.67357
 66.03091 22.66723
 66.02586 22.65852
 66.00922 22.62027
 65.98119 22.58414
 65.97761 22.57828
 65.97309 22.57738
 65.95140 22.58194
 65.94038 22.58617
 65.93065 22.59227
 65.92573 22.60021
 65.92206 22.59765
 65.91958 22.59341
 65.86058 22.64489
 65.84219 22.65543
 65.83369 22.64818
 65.83527 22.63516
 65.87385 22.61168
 65.94697 22.54532
 65.96670 22.53873
 65.97419 22.53873
 65.97578 22.51732
 65.96629 22.50373
 65.95209 22.49218
 65.93940 22.47671
 65.93867 22.46947
 65.94111 22.46369
 65.94107 22.45751
 65.93256 22.44937
 65.92451 22.44994
 65.91673 22.45531
 65.90998 22.45617
 65.90522 22.44253
 65.91031 22.44079
 65.92036 22.43611
 65.92796 22.42943
 65.92573 22.42211
 65.91889 22.42203
 65.88475 22.42886
 65.87352 22.43716
 65.85432 22.46028
 65.84321 22.46988
 65.83698 22.46988
 65.84589 22.43163
 65.90168 22.39265
 65.91210 22.36071
 65.91958 22.36071
 65.92878 22.38126
 65.94807 22.39265
 65.97016 22.39989
 65.98778 22.40844
 66.00202 22.42300
 66.01545 22.44205
 66.02546 22.46321
 66.02945 22.48420
 66.04243 22.47387
 66.05463 22.46947
 66.06586 22.46373
 66.07591 22.44937
 66.07990 22.43029
 66.08039 22.41031
 66.08405 22.39281
 66.09764 22.38117
 66.09732 22.40172
 66.08714 22.45108
 66.07966 22.46988
 66.07673 22.48839
 66.09370 22.57217
 66.11750 22.62816
 66.15949 22.86596
 66.18976 22.93586
 66.23420 22.97761
 66.24641 22.93090
 66.26276 22.78246
 66.26215 22.75109
 66.24848 22.64489
 66.24848 22.61730
 66.24677 22.60656
 66.24266 22.60119
 66.23794 22.59789
 66.23420 22.59341
 66.22285 22.56652
 66.22138 22.55236
 66.22736 22.53873
 66.23078 22.54548
 66.23530 22.55036
 66.24848 22.55923
 66.24836 22.50984
 66.25117 22.48449
 66.26545 22.44054
 66.26752 22.39061
 66.27521 22.36750
 66.26642 22.50341
 66.27521 22.54491
 66.28364 22.56456
 66.28498 22.56041
 66.28571 22.54430
 66.29263 22.52819
 66.30012 22.51757
 66.30610 22.50292
 66.30952 22.48632
 66.30931 22.46988
 66.31680 22.46988
 66.32197 22.49210
 66.32005 22.50536
 66.30313 22.54491
 66.29173 22.59569
 66.28946 22.65486
 66.29340 22.70165
 66.29564 22.71007
 66.30646 22.71142
 66.31371 22.70275
 66.32364 22.68212
 66.33076 22.67846
 66.35082 22.67309
 66.35712 22.66910
 66.36319 22.65543
 66.37141 22.60766
 66.36774 22.65111
 66.35830 22.68395
 66.32368 22.76305
 66.31953 22.78165
 66.31680 22.82311
 66.32266 22.83536
 66.33576 22.82860
 66.34951 22.81314
 66.35712 22.79947
 66.36457 22.79947
 66.35883 22.83373
 66.35293 22.85070
 66.34406 22.86775
 66.31513 22.90762
 66.31306 22.91560
 66.30146 22.93969
 66.31830 23.09805
 66.32779 23.13931
 66.34227 23.16649
 66.34878 23.18285
 66.35529 23.18969
 66.36457 23.17626
 66.36567 23.13785
 66.35810 23.08951
 66.36066 23.04674
 66.39183 23.02481
 66.39354 23.05305
 66.40327 23.08462
 66.41747 23.11388
 66.43281 23.13532
 66.44282 23.10473
 66.43696 23.07331
 66.42560 23.04190
 66.41918 23.01171
 66.43041 23.01911
 66.43525 23.02416
 66.44025 23.03230
 66.44766 22.92272
 66.44648 22.91560
 66.44245 22.90949
 66.43024 22.90111
 66.42601 22.89509
 66.42377 22.87352
 66.43138 22.86449
 66.44139 22.86815
 66.44648 22.88451
 66.44904 22.90087
 66.46699 22.95031
 66.46699 22.85033
 66.46381 22.83263
 66.44969 22.79727
 66.44269 22.75219
 66.42487 22.71614
 66.41918 22.69587
 66.42097 22.67024
 66.43960 22.63117
 66.44648 22.60766
 66.45014 22.60985
 66.46015 22.61388
 66.46589 22.57453
 66.45539 22.54223
 66.44042 22.51073
 66.42666 22.44172
 66.42792 22.42663
 66.44025 22.42211
 66.45014 22.42935
 66.45746 22.45556
 66.46699 22.46312
 66.46475 22.43102
 66.45222 22.40014
 66.43256 22.37670
 66.40892 22.36750
 66.39419 22.35001
 66.37592 22.26863
 66.35712 22.24340
 66.34715 22.25764
 66.34113 22.24474
 66.33723 22.20230
 66.33039 22.20230
 66.33283 22.22061
 66.32856 22.22826
 66.31997 22.22973
 66.30931 22.22964
 66.30414 22.22468
 66.29719 22.21589
 66.28970 22.21410
 66.28262 22.22964
 66.27521 22.22964
 66.26838 22.21666
 66.27448 22.20303
 66.27949 22.18712
 66.28254 22.17056
 66.28262 22.15518
 66.27814 22.14599
 66.27131 22.13793
 66.26830 22.12829
 66.27521 22.12043
 66.28783 22.10562
 66.28986 22.08959
 66.28286 22.08039
 66.26838 22.08629
 66.27143 22.01504
 66.26838 21.99694
 66.27464 21.98819
 66.27497 21.97932
 66.27196 21.97094
 66.26838 21.96337
 66.26464 21.95772
 66.24103 21.92178
 66.23395 21.93126
 66.21377 21.99010
 66.21011 21.97680
 66.21288 21.96398
 66.21809 21.95055
 66.22118 21.93545
 66.21967 21.92073
 66.20380 21.87401
 66.19611 21.86144
 66.19330 21.85351
 66.19306 21.84362
 66.19831 21.82335
 66.19945 21.81265
 66.18578 21.74987
 66.18220 21.75284
 66.17276 21.75731
 66.16820 21.74006
 66.15624 21.73009
 66.14411 21.73034
 66.13862 21.74364
 66.13239 21.73990
 66.12250 21.73180
 66.11750 21.73005
 66.11787 21.72973
 66.10147 21.72810
 66.08222 21.72301
 66.07551 21.71638
 66.07038 21.70275
 66.07128 21.68855
 66.07575 21.67101
 66.07758 21.65396
 66.07038 21.64122
 66.05655 21.63927
 66.04401 21.64806
 66.03254 21.66002
 66.02192 21.66796
 66.02338 21.65518
 66.02802 21.63931
 66.03384 21.62588
 66.03901 21.62019
 66.05573 21.61970
 66.06346 21.62072
 66.08344 21.64122
 66.08902 21.62881
 66.09638 21.59325
 66.09764 21.54882
 66.09422 21.54133
 66.08682 21.53588
 66.07933 21.53161
 66.07591 21.52766
 66.07233 21.50919
 66.06452 21.52123
 66.05744 21.54255
 66.05610 21.55187
 66.04654 21.55846
 66.03925 21.55403
 66.02570 21.53478
 66.01708 21.50939
 66.02945 21.40103
 66.02631 21.37230
 66.02070 21.34870
 66.00902 21.33064
 65.98778 21.31851
 65.98233 21.45930
 65.97321 21.48607
 65.96039 21.59162
 65.96052 21.60652
 65.94636 21.58812
 65.94794 21.56013
 65.96052 21.50377
 65.96747 21.41002
 65.96052 21.38060
 65.95205 21.39269
 65.93940 21.43578
 65.93256 21.43578
 65.94526 21.32811
 65.93598 21.30175
 65.91584 21.28718
 65.89863 21.28405
 65.88557 21.29589
 65.87792 21.32592
 65.86433 21.27819
 65.85688 21.27819
 65.80903 21.32779
 65.79605 21.34581
 65.78490 21.37531
 65.76870 21.47680
 65.76122 21.47680
 65.76057 21.45515
 65.76350 21.41788
 65.76122 21.40103
 65.74714 21.34789
 65.74079 21.33214
 65.69986 21.41413
 65.69050 21.44351
 65.69302 21.57921
 65.69766 21.58886
 65.71068 21.60534
 65.71345 21.60993
 65.71939 21.62922
 65.73261 21.64721
 65.74657 21.65933
 65.75507 21.66112
 65.76944 21.68594
 65.77643 21.71670
 65.77607 21.74889
 65.76870 21.77782
 65.76740 21.75841
 65.75462 21.71133
 65.74824 21.69530
 65.74551 21.69323
 65.72919 21.67223
 65.72773 21.66796
 65.71564 21.66539
 65.70767 21.66853
 65.70100 21.67658
 65.69302 21.68908
 65.68618 21.67296
 65.68114 21.66466
 65.67593 21.66112
 65.66267 21.65587
 65.65510 21.64440
 65.65103 21.63288
 65.64826 21.62767
 65.64155 21.60993
 65.64338 21.44298
 65.63715 21.41430
 65.62409 21.40103
 65.61270 21.41120
 65.57852 21.46288
 65.56940 21.48302
 65.56265 21.48302
 65.57380 21.43456
 65.59691 21.37336
 65.60187 21.32091
 65.55891 21.29870
 65.52237 21.31981
 65.48713 21.36986
 65.46149 21.42882
 65.45336 21.47680
 65.44652 21.47680
 65.46288 21.37588
 65.47736 21.33715
 65.48070 21.31542
 65.47875 21.29296
 65.47329 21.27843
 65.45336 21.25023
 65.43818 21.21215
 65.42841 21.20189
 65.41181 21.20930
 65.40811 21.19518
 65.40058 21.19302
 65.39020 21.19542
 65.37763 21.19494
 65.35554 21.18895
 65.34007 21.18879
 65.32001 21.19335
 65.31013 21.19286
 65.25755 21.15396
 65.24730 21.14037
 65.24551 21.14440
 65.24486 21.14538
 65.24396 21.14562
 65.24116 21.14782
 65.23216 21.12784
 65.21552 21.10766
 65.19599 21.09708
 65.17841 21.10619
 65.17219 21.10619
 65.16616 21.08991
 65.16840 21.08357
 65.15928 21.08442
 65.14553 21.07444
 65.12848 21.07320
 65.11013 21.07599
 65.10138 21.07543
 65.09101 21.07098
 65.07923 21.06277
 65.06518 21.04796
 65.03712 21.02321
 64.99903 21.00683
 64.98838 21.00086
 64.97237 20.98422
 64.97293 21.05101
 64.97805 21.08442
 64.98549 21.11328
 65.01479 21.19144
 65.02151 21.19017
 65.02482 21.19004
 65.02931 21.19121
 65.03283 21.19444
 65.03774 21.20583
 65.04089 21.21170
 65.05365 21.22978
 65.05859 21.23978
 65.06543 21.25790
 65.07045 21.26461
 65.08006 21.27035
 65.10274 21.28668
 65.11243 21.28895
 65.11964 21.28916
 65.12600 21.28820
 65.13127 21.28658
 65.13577 21.28373
 65.14062 21.27916
 65.16264 21.25394
 65.16992 21.24743
 65.17716 21.24606
 65.18494 21.24896
 65.21121 21.26777
 65.21783 21.27081
 65.22542 21.27609
 65.23243 21.28311
 65.25901 21.33476
 65.26165 21.34337
 65.26294 21.35187
 65.26491 21.35823
 65.26883 21.36505
 65.27627 21.37233
 65.29080 21.40052
 65.34113 21.45897
 65.36356 21.47651
 65.36932 21.48388
 65.37203 21.49494
 65.37213 21.53217
 65.36185 21.61834
 65.36242 21.62139
 65.36676 21.62780
 65.37743 21.64831
 65.38252 21.65482
 65.38888 21.65694
 65.39549 21.65358
 65.40412 21.64273
 65.41324 21.61821
 65.41712 21.61046
 65.42133 21.60839
 65.42658 21.61100
 65.43172 21.61172
 65.44714 21.60565
 65.45880 21.60289
 65.48823 21.60325
 65.50184 21.61457
 65.49404 21.64097
 65.48567 21.65335
 65.46004 21.67818
 65.45336 21.69530
9 467 64.7501 66.158 18.3512 21.1199 'Norðurland vestra (Iceland)'
 65.16840 21.08357
 65.17206 21.07331
 65.18578 21.06542
 65.21015 21.07999
 65.22630 21.08288
 65.23363 21.08568
 65.24384 21.09447
 65.25894 21.11205
 65.26777 21.11994
 65.27896 21.10521
 65.28205 21.09944
 65.29072 21.10302
 65.29706 21.09659
 65.30264 21.08650
 65.30878 21.07897
 65.32416 21.07356
 65.33804 21.07409
 65.41376 21.09484
 65.44546 21.09887
 65.45962 21.08605
 65.45234 21.05525
 65.43448 21.03380
 65.39191 21.00324
 65.36750 20.97403
 65.36058 20.96972
 65.35334 20.96296
 65.34870 20.92882
 65.34349 20.91511
 65.35102 20.90762
 65.37401 20.93371
 65.40473 20.95726
 65.43757 20.97501
 65.46703 20.98331
 65.49055 20.98697
 65.50678 20.98729
 65.52167 20.98331
 65.52717 20.97887
 65.53669 20.96666
 65.54149 20.96223
 65.57038 20.95177
 65.57689 20.94860
 65.60139 20.91808
 65.63837 20.80525
 65.67251 20.74372
 65.67674 20.72521
 65.67902 20.70604
 65.68317 20.69197
 65.69302 20.68855
 65.69392 20.67536
 65.69086 20.66576
 65.67935 20.64696
 65.67902 20.64265
 65.68024 20.62979
 65.67935 20.62637
 65.67072 20.62344
 65.66795 20.62637
 65.66739 20.63126
 65.66503 20.63386
 65.62499 20.64086
 65.60480 20.64171
 65.58999 20.63386
 65.57307 20.64586
 65.55565 20.64647
 65.54515 20.63573
 65.54898 20.61339
 65.56729 20.62365
 65.58344 20.62190
 65.59097 20.60896
 65.58316 20.58552
 65.57665 20.57677
 65.57266 20.57580
 65.56684 20.57628
 65.55516 20.57242
 65.54755 20.57653
 65.54084 20.57872
 65.53535 20.57868
 65.53571 20.57518
 65.53107 20.55651
 65.52851 20.55069
 65.52017 20.54369
 65.51341 20.54003
 65.50739 20.53502
 65.50117 20.52400
 65.49738 20.51285
 65.49494 20.50088
 65.49405 20.48835
 65.49494 20.47566
 65.49592 20.47232
 65.50145 20.45344
 65.51211 20.44469
 65.52757 20.43956
 65.54898 20.42785
 65.55317 20.43932
 65.56660 20.45466
 65.56940 20.46597
 65.56818 20.50040
 65.57014 20.51700
 65.57689 20.53087
 65.58226 20.49755
 65.58316 20.46597
 65.58527 20.45271
 65.59467 20.42516
 65.59675 20.41072
 65.58735 20.39802
 65.54287 20.40201
 65.52851 20.38752
 65.54462 20.39118
 65.55659 20.38195
 65.56810 20.37556
 65.58316 20.38752
 65.59642 20.37613
 65.61591 20.34398
 65.62783 20.32852
 65.63516 20.32478
 65.65143 20.32360
 65.65884 20.31859
 65.66267 20.30919
 65.66254 20.29076
 65.66503 20.27013
 65.66694 20.29235
 65.67927 20.30602
 65.69318 20.30785
 65.69986 20.29430
 65.70376 20.28132
 65.71402 20.27160
 65.72826 20.26549
 65.74453 20.26330
 65.77017 20.27123
 65.79365 20.29068
 65.81216 20.31542
 65.82270 20.33910
 65.83015 20.33910
 65.84040 20.31249
 65.86945 20.32258
 65.90192 20.34846
 65.93720 20.38638
 65.94652 20.39342
 65.98094 20.39989
 65.99750 20.40616
 66.01040 20.41698
 66.02070 20.43151
 66.02945 20.44888
 66.03921 20.43358
 66.05439 20.41950
 66.07062 20.41487
 66.08344 20.42785
 66.09077 20.40770
 66.09247 20.38370
 66.09024 20.34215
 66.09199 20.33214
 66.10053 20.31408
 66.10391 20.30435
 66.10562 20.29125
 66.10391 20.25593
 66.10838 20.23668
 66.12702 20.20067
 66.13117 20.18480
 66.12385 20.13581
 66.12336 20.12491
 66.12287 20.11343
 66.13117 20.09203
 66.10981 20.08690
 66.09736 20.07364
 66.08979 20.05435
 66.08344 20.03059
 66.07591 20.03742
 66.07193 20.02701
 66.06440 20.01964
 66.04926 20.01012
 66.03441 19.99694
 66.00145 19.95482
 65.99262 19.94872
 65.98481 19.94530
 65.97842 19.94005
 65.97419 19.92813
 65.97110 19.93163
 65.96357 19.93773
 65.96052 19.94123
 65.94717 19.92178
 65.93622 19.89611
 65.92357 19.87759
 65.90522 19.87979
 65.89814 19.86172
 65.89448 19.80785
 65.88349 19.76781
 65.88373 19.75577
 65.88280 19.74478
 65.87450 19.73233
 65.87177 19.72655
 65.87275 19.71373
 65.87108 19.70840
 65.86384 19.70214
 65.85676 19.69945
 65.84980 19.69787
 65.84321 19.69481
 65.82323 19.67276
 65.81586 19.66686
 65.80345 19.66251
 65.77643 19.65697
 65.76496 19.65038
 65.75275 19.62877
 65.74641 19.57775
 65.73395 19.55761
 65.75528 19.55138
 65.76284 19.54430
 65.76122 19.51354
 65.75947 19.50967
 65.75104 19.49592
 65.74824 19.48868
 65.74689 19.47741
 65.74750 19.44909
 65.74531 19.45792
 65.74189 19.46524
 65.73737 19.46825
 65.72923 19.46467
 65.72895 19.45617
 65.73395 19.43786
 65.73994 19.42724
 65.75385 19.41804
 65.78238 19.40681
 65.81151 19.39981
 65.83662 19.39924
 65.86017 19.40583
 65.88475 19.42040
 65.91942 19.44884
 65.92573 19.45153
 65.95303 19.51041
 65.96015 19.51085
 65.96955 19.50646
 65.97753 19.49791
 65.98094 19.48559
 65.98265 19.46740
 65.98778 19.44750
 65.99616 19.42858
 66.00764 19.41364
 66.01337 19.42463
 66.02143 19.43432
 66.03132 19.44221
 66.05256 19.45177
 66.05598 19.45189
 66.05866 19.44758
 66.06664 19.43786
 66.07583 19.41983
 66.08836 19.36270
 66.09764 19.22932
 66.08295 19.18248
 66.08112 19.15758
 66.09764 19.15974
 66.10163 19.15193
 66.10407 19.14395
 66.10493 19.13524
 66.10391 19.12560
 66.10004 19.12841
 66.09024 19.13244
 66.08698 19.11238
 66.07250 19.07844
 66.07038 19.05793
 66.07526 19.07055
 66.08100 19.07966
 66.08828 19.08625
 66.09764 19.09146
 66.09764 19.08462
 66.10391 19.08462
 66.10554 19.09020
 66.10969 19.09968
 66.11131 19.10513
 66.11750 19.10513
 66.12446 19.09577
 66.14794 19.08503
 66.15799 19.07876
 66.15798 19.07867
 66.15705 19.07353
 66.13937 19.02695
 66.13457 19.01979
 66.12770 19.01124
 66.10847 18.99529
 66.07953 18.96070
 66.07230 18.94920
 66.03080 18.86647
 66.01930 18.85424
 66.01142 18.85308
 66.00522 18.87055
 66.00300 18.87522
 66.00119 18.87786
 66.00044 18.87871
 65.99951 18.87938
 65.99788 18.87995
 65.99453 18.88039
 65.99075 18.88031
 65.98362 18.87938
 65.98055 18.87928
 65.97768 18.88052
 65.97520 18.88347
 65.97303 18.88812
 65.97127 18.89463
 65.96884 18.90127
 65.96605 18.90587
 65.96205 18.90832
 65.95944 18.90646
 65.95773 18.90251
 65.95370 18.88569
 65.94905 18.87367
 65.94427 18.86747
 65.93753 18.86259
 65.92859 18.85995
 65.91996 18.85944
 65.91282 18.86088
 65.90662 18.86502
 65.90022 18.87189
 65.88244 18.89747
 65.87892 18.90494
 65.87655 18.91264
 65.87505 18.92145
 65.87386 18.95711
 65.87270 18.96333
 65.87055 18.96894
 65.86725 18.97411
 65.86309 18.97873
 65.85758 18.98263
 65.85066 18.98532
 65.84048 18.98651
 65.83366 18.98362
 65.82777 18.97809
 65.82355 18.96959
 65.81211 18.93147
 65.79082 18.88280
 65.78787 18.86238
 65.78379 18.85298
 65.77684 18.84321
 65.75986 18.82768
 65.75128 18.82146
 65.74482 18.81890
 65.74136 18.82053
 65.73707 18.82326
 65.72979 18.82481
 65.72421 18.82146
 65.71899 18.81448
 65.71524 18.80745
 65.70922 18.79970
 65.70343 18.79766
 65.69403 18.79650
 65.68850 18.79975
 65.68374 18.80613
 65.66982 18.84838
 65.66695 18.85479
 65.66359 18.85866
 65.65889 18.86099
 65.64648 18.86130
 65.64199 18.86406
 65.63842 18.86825
 65.63183 18.87944
 65.62891 18.88249
 65.62545 18.88396
 65.61765 18.88559
 65.61364 18.88804
 65.61000 18.89292
 65.60711 18.89897
 65.60318 18.91024
 65.60103 18.91375
 65.59770 18.91589
 65.59292 18.91747
 65.58892 18.91602
 65.58610 18.91365
 65.58191 18.90799
 65.58080 18.90600
 65.57930 18.90215
 65.57879 18.90003
 65.57698 18.88569
 65.57491 18.87864
 65.57114 18.87073
 65.55807 18.85200
 65.55631 18.84766
 65.55530 18.84226
 65.55279 18.80859
 65.55042 18.80011
 65.54396 18.78549
 65.53667 18.76288
 65.52884 18.74864
 65.52076 18.73014
 65.51605 18.72410
 65.51176 18.72216
 65.50797 18.72195
 65.50453 18.72348
 65.50107 18.72619
 65.49714 18.73131
 65.48608 18.75317
 65.48422 18.75552
 65.48151 18.75784
 65.47854 18.75836
 65.46980 18.75784
 65.46660 18.75810
 65.46241 18.75970
 65.45802 18.76327
 65.44800 18.77402
 65.44156 18.77859
 65.43327 18.77952
 65.42882 18.77402
 65.42526 18.76358
 65.42208 18.74908
 65.41709 18.73402
 65.41058 18.72069
 65.40009 18.71102
 65.39069 18.70751
 65.37973 18.70462
 65.37229 18.69738
 65.36728 18.68681
 65.36438 18.67289
 65.36035 18.60447
 65.35761 18.59547
 65.35234 18.58762
 65.34227 18.58214
 65.30811 18.56984
 65.29201 18.55661
 65.27886 18.53979
 65.25790 18.49574
 65.23597 18.41383
 65.22987 18.39928
 65.21845 18.38252
 65.20765 18.37505
 65.18470 18.36572
 65.14636 18.35487
 65.09561 18.35117
 65.06859 18.35161
 65.04642 18.35394
 65.02771 18.35828
 64.96198 18.38257
 64.88061 18.42654
 64.83863 18.87153
 64.78468 19.15485
 64.78509 19.40475
 64.75080 19.66680
 64.75005 19.69590
 64.75233 19.72011
 64.80163 19.97743
 64.84085 19.92366
 64.89464 19.80904
 64.90141 19.79943
 64.91041 19.79362
 64.91723 19.79269
 64.92415 19.79336
 64.92911 19.79571
 64.93397 19.80072
 64.93552 19.81000
 64.94110 20.10505
 64.94374 20.34379
 64.95418 20.39123
 64.95498 20.40565
 64.91371 20.72713
 64.91475 20.74284
 64.93087 20.78128
 64.93283 20.79216
 64.93547 20.87510
 64.93741 20.88913
 64.96177 20.97515
 64.97237 20.98422
 64.98838 21.00086
 64.99903 21.00683
 65.03712 21.02321
 65.06518 21.04796
 65.07923 21.06277
 65.09101 21.07098
 65.10138 21.07543
 65.11013 21.07599
 65.12848 21.07320
 65.14553 21.07444
 65.15928 21.08442
 65.16840 21.08357
10 776 64.472 66.5642 14.5636 19.0788 'Norðurland eystra (Iceland)'
 66.15799 19.07876
 66.15851 19.07844
 66.16462 19.06867
 66.17719 19.03405
 66.19066 18.94469
 66.18439 18.91291
 66.15229 18.92016
 66.15546 18.90103
 66.16425 18.88768
 66.18578 18.86490
 66.19562 18.86937
 66.19945 18.87243
 66.20539 18.85412
 66.20344 18.82702
 66.19330 18.77684
 66.17837 18.78466
 66.15664 18.80150
 66.14175 18.80468
 66.14208 18.79357
 66.17276 18.72155
 66.16999 18.69225
 66.15795 18.66812
 66.14484 18.64757
 66.13862 18.62906
 66.13150 18.61962
 66.11563 18.63121
 66.09024 18.65954
 66.08979 18.64688
 66.09138 18.63256
 66.09504 18.61897
 66.10078 18.60888
 66.10456 18.59716
 66.10033 18.58410
 66.09370 18.57136
 66.09024 18.56017
 66.08275 18.54455
 66.06525 18.53482
 66.04499 18.52684
 66.02945 18.51610
 65.99950 18.53458
 65.98192 18.54247
 65.97419 18.54003
 65.96670 18.46833
 65.95466 18.42223
 65.95018 18.34801
 65.94684 18.33800
 65.93903 18.32726
 65.92267 18.31045
 65.91511 18.28734
 65.90485 18.27961
 65.89326 18.27440
 65.88007 18.26553
 65.87568 18.26366
 65.87238 18.26032
 65.87108 18.25231
 65.87222 18.23400
 65.87141 18.22496
 65.86774 18.21817
 65.85529 18.20816
 65.84707 18.20547
 65.81928 18.20763
 65.80793 18.20368
 65.79003 18.18529
 65.78238 18.17968
 65.74042 18.17984
 65.73395 18.17658
 65.73115 18.16796
 65.71345 18.13874
 65.69302 18.09154
 65.67963 18.09691
 65.66181 18.09195
 65.64761 18.07990
 65.64521 18.06359
 65.65766 18.05101
 65.67597 18.05187
 65.69408 18.06037
 65.70600 18.07042
 65.70978 18.07848
 65.71638 18.09923
 65.72028 18.10513
 65.73159 18.10949
 65.73802 18.10656
 65.74262 18.10119
 65.74824 18.09777
 65.75764 18.09838
 65.76455 18.10070
 65.77171 18.10163
 65.78238 18.09777
 65.78628 18.09252
 65.79279 18.07535
 65.79605 18.07042
 65.81460 18.06456
 65.83055 18.06762
 65.87792 18.09777
 65.88105 18.09850
 65.89496 18.09777
 65.89875 18.10033
 65.89859 18.10643
 65.89745 18.11351
 65.89838 18.11889
 65.91616 18.13858
 65.91958 18.14615
 65.92060 18.14721
 65.92280 18.14867
 65.92479 18.15152
 65.92573 18.15673
 65.92357 18.16169
 65.91401 18.16991
 65.91210 18.17345
 65.91584 18.18700
 65.93207 18.21793
 65.93940 18.22814
 65.95356 18.21874
 65.96699 18.22252
 65.97700 18.23522
 65.98485 18.26407
 66.00552 18.28425
 66.01508 18.29699
 66.02192 18.29699
 66.02192 18.28954
 66.02945 18.28954
 66.05736 18.31672
 66.10395 18.32921
 66.15078 18.32384
 66.17963 18.29699
 66.18203 18.28368
 66.17963 18.19396
 66.17634 18.18033
 66.16771 18.15624
 66.16596 18.14245
 66.16771 18.09972
 66.16596 18.08414
 66.16230 18.08617
 66.16096 18.08617
 66.16031 18.08682
 66.15851 18.09154
 66.14956 18.05407
 66.16014 17.95543
 66.15229 17.91275
 66.14460 17.90453
 66.12490 17.89415
 66.11750 17.88549
 66.11522 17.87442
 66.11750 17.83397
 66.11327 17.81648
 66.09447 17.78441
 66.09024 17.76574
 66.08539 17.75235
 66.06029 17.71312
 66.04926 17.70051
 66.02045 17.68440
 66.00707 17.67296
 65.99722 17.64086
 65.98721 17.62377
 65.96670 17.59805
 65.92512 17.56408
 65.91210 17.54967
 65.93114 17.54564
 65.94603 17.55403
 65.95946 17.56713
 65.97419 17.57763
 65.97370 17.55818
 65.97626 17.53527
 65.98119 17.51293
 65.98778 17.49511
 65.98579 17.58690
 65.99405 17.61115
 65.99518 17.45202
 65.99038 17.44034
 65.97899 17.43366
 65.96052 17.41934
 65.96052 17.41320
 65.96760 17.40783
 65.97500 17.40665
 65.98188 17.41039
 65.98778 17.41934
 65.99405 17.41934
 65.99860 17.40648
 66.00609 17.39513
 66.01634 17.38899
 66.02945 17.39200
 66.03681 17.37609
 66.04173 17.36970
 66.04926 17.36465
 66.05500 17.36400
 66.07050 17.36632
 66.08344 17.36465
 66.09711 17.35216
 66.11034 17.32677
 66.12043 17.29723
 66.12434 17.27229
 66.12971 17.26146
 66.14142 17.25573
 66.15314 17.25479
 66.15851 17.25890
 66.16153 17.26989
 66.16865 17.26496
 66.18268 17.24462
 66.19424 17.21736
 66.20368 17.15612
 66.22118 17.14562
 66.21113 17.11925
 66.20694 17.01867
 66.19953 16.99242
 66.19876 16.99153
 66.18146 16.97204
 66.13862 16.93334
 66.13321 16.93440
 66.13109 16.93444
 66.12914 16.93395
 66.12434 16.93334
 66.12434 16.94701
 66.11750 16.94701
 66.11323 16.93529
 66.11103 16.92276
 66.11201 16.91027
 66.11750 16.89855
 66.11831 16.90518
 66.12434 16.91975
 66.13532 16.88410
 66.14960 16.75813
 66.14484 16.72106
 66.14509 16.73717
 66.14289 16.75304
 66.13837 16.76822
 66.13117 16.78254
 66.12763 16.76976
 66.11319 16.75182
 66.11445 16.74470
 66.13443 16.72444
 66.14248 16.71251
 66.14484 16.70055
 66.13369 16.67235
 66.11595 16.65168
 66.10082 16.62955
 66.09764 16.59691
 66.10391 16.59691
 66.11335 16.62890
 66.12051 16.64485
 66.12775 16.65563
 66.14086 16.66344
 66.15070 16.66373
 66.15851 16.66771
 66.16596 16.68627
 66.17935 16.64074
 66.18854 16.57250
 66.19916 16.53136
 66.19945 16.50817
 66.17829 16.59667
 66.16596 16.62426
 66.18012 16.53653
 66.17963 16.51570
 66.17060 16.49136
 66.14643 16.45246
 66.14484 16.42626
 66.15229 16.42626
 66.16718 16.46154
 66.17841 16.47936
 66.18952 16.48705
 66.20478 16.48314
 66.21768 16.47277
 66.22761 16.45767
 66.23420 16.43993
 66.23892 16.43936
 66.24014 16.44091
 66.24494 16.43749
 66.25275 16.42870
 66.26240 16.42199
 66.27180 16.41942
 66.28710 16.42195
 66.29548 16.42862
 66.30231 16.43830
 66.31745 16.45421
 66.32075 16.45910
 66.32290 16.46475
 66.32364 16.47094
 66.32734 16.47619
 66.33576 16.47802
 66.34479 16.47883
 66.35029 16.48082
 66.35932 16.50853
 66.36734 16.51537
 66.38508 16.50817
 66.38544 16.51146
 66.38508 16.52184
 66.38837 16.51830
 66.39598 16.51183
 66.39932 16.50817
 66.40217 16.51525
 66.40644 16.52013
 66.41918 16.52929
 66.41918 16.50817
 66.42601 16.50817
 66.43574 16.52550
 66.46760 16.54467
 66.48102 16.57299
 66.49482 16.56395
 66.50698 16.54332
 66.50853 16.52184
 66.50263 16.51598
 66.49502 16.51521
 66.48884 16.51260
 66.48749 16.50133
 66.49201 16.49861
 66.50161 16.49450
 66.51105 16.48705
 66.51537 16.47399
 66.52021 16.44591
 66.51984 16.42968
 66.51195 16.42935
 66.50092 16.43444
 66.49160 16.43102
 66.48469 16.42243
 66.48127 16.41198
 66.48672 16.41393
 66.49112 16.41466
 66.49555 16.41588
 66.50113 16.41942
 66.50361 16.40364
 66.51374 16.37413
 66.51537 16.36474
 66.51020 16.35001
 66.50251 16.33902
 66.49616 16.32702
 66.49494 16.30956
 66.48884 16.32360
 66.48749 16.33007
 66.48127 16.31286
 66.48273 16.29426
 66.48656 16.27473
 66.48749 16.26863
 66.49494 16.26863
 66.50202 16.25756
 66.51162 16.24730
 66.51789 16.23559
 66.51537 16.23379
 66.50389 16.22680
 66.50218 16.21520
 66.50796 16.20446
 66.52684 16.19628
 66.53144 16.18765
 66.53587 16.16552
 66.53587 16.13781
 66.52595 16.08080
 66.52847 16.06941
 66.53661 16.02294
 66.50267 15.93871
 66.49494 15.89122
 66.48579 15.90469
 66.48168 15.92032
 66.47549 15.93334
 66.46015 15.93961
 66.46044 15.92935
 66.46015 15.92593
 66.45392 15.92593
 66.44648 15.94640
 66.44367 15.94103
 66.43574 15.93106
 66.43281 15.92593
 66.42381 15.93765
 66.42235 15.92406
 66.42601 15.88809
 66.42231 15.84797
 66.42601 15.83039
 66.42145 15.83226
 66.41031 15.83487
 66.40550 15.83654
 66.40550 15.74104
 66.40282 15.72297
 66.39590 15.70670
 66.38687 15.69742
 66.37763 15.69945
 66.37141 15.69945
 66.34406 15.67955
 66.31240 15.72130
 66.29955 15.74486
 66.28946 15.77514
 66.27521 15.76146
 66.28067 15.74950
 66.27757 15.73729
 66.27163 15.72346
 66.26577 15.69054
 66.25869 15.68700
 66.24787 15.69140
 66.23420 15.69945
 66.22875 15.68391
 66.22736 15.61067
 66.23395 15.57543
 66.23261 15.56359
 66.22809 15.55858
 66.22118 15.54857
 66.22126 15.54426
 66.22305 15.53832
 66.22736 15.52872
 66.21650 15.52648
 66.20771 15.52013
 66.20165 15.51012
 66.19636 15.48192
 66.18268 15.45202
 66.17231 15.41967
 66.15851 15.40014
 66.14997 15.38036
 66.15851 15.35676
 66.16010 15.36482
 66.16205 15.36803
 66.16596 15.37108
 66.17121 15.35351
 66.18220 15.34044
 66.19794 15.33235
 66.21747 15.32946
 66.23762 15.33349
 66.25178 15.33788
 66.26146 15.33129
 66.26838 15.30215
 66.26838 15.17903
 66.27839 15.10875
 66.28612 15.10326
 66.29536 15.10228
 66.30313 15.09675
 66.32184 15.02595
 66.33381 15.01480
 66.34911 15.00780
 66.36131 14.99112
 66.37763 14.95214
 66.38532 14.92545
 66.39183 14.83975
 66.38911 14.81615
 66.37580 14.77770
 66.37141 14.75414
 66.38451 14.56363
 66.36323 14.61075
 66.33039 14.78820
 66.30585 14.86718
 66.29645 14.95914
 66.28583 14.99059
 66.26838 15.01480
 66.26459 14.99031
 66.25951 14.97826
 66.25161 14.97322
 66.24966 14.96813
 66.23184 14.94640
 66.22736 14.94221
 66.22191 14.93521
 66.21011 14.93977
 66.19330 14.95214
 66.18578 14.96036
 66.14814 15.05602
 66.14484 15.07287
 66.14326 15.13463
 66.13361 15.16100
 66.11131 15.17935
 66.10147 15.14859
 66.09870 15.13345
 66.09711 15.07413
 66.08934 15.06139
 66.07038 15.05578
 66.06733 15.06627
 66.05956 15.08462
 66.05610 15.09675
 66.04963 15.07600
 66.04804 14.96321
 66.03559 14.89806
 66.03718 14.85269
 66.06786 14.77042
 66.07038 14.71935
 66.06550 14.69701
 66.05622 14.67732
 66.04116 14.66324
 66.01850 14.65787
 66.00674 14.65148
 66.00275 14.63744
 66.00141 14.62340
 65.99775 14.61693
 65.98627 14.61461
 65.98107 14.66304
 65.94377 14.69413
 65.92200 15.10138
 65.90024 15.12625
 65.88159 15.16667
 65.86294 15.22574
 65.85727 15.31526
 65.83407 15.32841
 65.82673 15.33815
 65.82136 15.35035
 65.80846 15.40368
 65.80348 15.41784
 65.79536 15.43430
 65.78875 15.44171
 65.78322 15.44476
 65.77883 15.44538
 65.77382 15.44802
 65.77157 15.45639
 65.74790 15.66410
 65.74488 15.67534
 65.73868 15.68025
 65.73170 15.68284
 65.71599 15.68485
 65.70919 15.68436
 65.70441 15.68260
 65.69656 15.67488
 65.69095 15.67185
 65.68379 15.67038
 65.65754 15.66984
 65.64767 15.66759
 65.63987 15.66449
 65.63191 15.66038
 65.62406 15.65844
 65.61574 15.65953
 65.58318 15.68315
 65.57434 15.68700
 65.56685 15.68909
 65.55484 15.68986
 65.55029 15.69227
 65.54954 15.70335
 65.57584 16.01385
 65.57471 16.02775
 65.57036 16.03635
 65.56334 16.04168
 65.55714 16.04400
 65.53941 16.04827
 65.53194 16.05113
 65.51621 16.06054
 65.49704 16.07609
 65.48417 16.08979
 65.47683 16.10229
 65.47290 16.11247
 65.46957 16.13046
 65.45373 16.15066
 65.44706 16.16322
 65.44303 16.16841
 65.43730 16.17239
 65.42611 16.17645
 65.42037 16.17655
 65.41668 16.17598
 65.41384 16.17361
 65.40805 16.16642
 65.40547 16.16154
 65.38319 16.08488
 65.37263 16.06591
 65.35203 16.03798
 65.34490 16.03284
 65.33307 16.02744
 65.32668 16.02860
 65.31834 16.03325
 65.30214 16.04622
 65.29431 16.05465
 65.28873 16.06560
 65.27266 16.11774
 65.26775 16.12790
 65.24196 16.15800
 65.22408 16.18614
 65.21866 16.19169
 65.21034 16.19800
 65.19597 16.20472
 65.18879 16.20544
 65.18403 16.20410
 65.18246 16.20224
 65.18000 16.20193
 65.17323 16.20433
 65.16501 16.20572
 65.15649 16.20565
 65.14370 16.20332
 65.12615 16.20247
 65.12202 16.20311
 65.08784 16.21691
 65.08399 16.21924
 65.07417 16.22360
 65.06962 16.22412
 65.06559 16.22288
 65.06270 16.21893
 65.05673 16.20105
 65.05128 16.20154
 65.04301 16.20937
 65.02601 16.23443
 65.01887 16.24856
 65.01469 16.26097
 65.00564 16.32796
 65.00226 16.33897
 64.98265 16.38191
 64.95064 16.43481
 64.94606 16.44563
 64.94446 16.45281
 64.94265 16.47057
 64.94221 16.51095
 64.94033 16.52842
 64.92803 16.58640
 64.92728 16.61206
 64.92400 16.61748
 64.91823 16.62182
 64.90314 16.62779
 64.89632 16.62963
 64.89069 16.62996
 64.88712 16.62841
 64.87945 16.62386
 64.87480 16.62397
 64.87005 16.62624
 64.86426 16.63322
 64.85478 16.64820
 64.82987 16.67420
 64.82622 16.67730
 64.82147 16.67846
 64.81372 16.67637
 64.78618 16.65231
 64.77848 16.64751
 64.77021 16.64526
 64.76168 16.63913
 64.75403 16.63539
 64.74489 16.63311
 64.73677 16.63348
 64.72778 16.63565
 64.71409 16.64146
 64.67486 16.66252
 64.63869 16.68688
 64.47196 16.87661
 64.61856 17.44283
 64.74654 17.94761
 64.81757 18.23351
 64.84323 18.33306
 64.88061 18.42654
 64.96198 18.38257
 65.02771 18.35828
 65.04642 18.35394
 65.06859 18.35161
 65.09561 18.35117
 65.14636 18.35487
 65.18470 18.36572
 65.20765 18.37505
 65.21845 18.38252
 65.22987 18.39928
 65.23597 18.41383
 65.25790 18.49574
 65.27886 18.53979
 65.29201 18.55661
 65.30811 18.56984
 65.34227 18.58214
 65.35234 18.58762
 65.35761 18.59547
 65.36035 18.60447
 65.36438 18.67289
 65.36728 18.68681
 65.37229 18.69738
 65.37973 18.70462
 65.39069 18.70751
 65.40009 18.71102
 65.41058 18.72069
 65.41709 18.73402
 65.42208 18.74908
 65.42526 18.76358
 65.42882 18.77402
 65.43327 18.77952
 65.44156 18.77859
 65.44800 18.77402
 65.45802 18.76327
 65.46241 18.75970
 65.46660 18.75810
 65.46980 18.75784
 65.47854 18.75836
 65.48151 18.75784
 65.48422 18.75552
 65.48608 18.75317
 65.49714 18.73131
 65.50107 18.72619
 65.50453 18.72348
 65.50797 18.72195
 65.51176 18.72216
 65.51605 18.72410
 65.52076 18.73014
 65.52884 18.74864
 65.53667 18.76288
 65.54396 18.78549
 65.55042 18.80011
 65.55279 18.80859
 65.55530 18.84226
 65.55631 18.84766
 65.55807 18.85200
 65.57114 18.87073
 65.57491 18.87864
 65.57698 18.88569
 65.57879 18.90003
 65.57930 18.90215
 65.58080 18.90600
 65.58191 18.90799
 65.58610 18.91365
 65.58892 18.91602
 65.59292 18.91747
 65.59770 18.91589
 65.60103 18.91375
 65.60318 18.91024
 65.60711 18.89897
 65.61000 18.89292
 65.61364 18.88804
 65.61765 18.88559
 65.62545 18.88396
 65.62891 18.88249
 65.63183 18.87944
 65.63842 18.86825
 65.64199 18.86406
 65.64648 18.86130
 65.65889 18.86099
 65.66359 18.85866
 65.66695 18.85479
 65.66982 18.84838
 65.68374 18.80613
 65.68850 18.79975
 65.69403 18.79650
 65.70343 18.79766
 65.70922 18.79970
 65.71524 18.80745
 65.71899 18.81448
 65.72421 18.82146
 65.72979 18.82481
 65.73707 18.82326
 65.74136 18.82053
 65.74482 18.81890
 65.75128 18.82146
 65.75986 18.82768
 65.77684 18.84321
 65.78379 18.85298
 65.78787 18.86238
 65.79082 18.88280
 65.81211 18.93147
 65.82355 18.96959
 65.82777 18.97809
 65.83366 18.98362
 65.84048 18.98651
 65.85066 18.98532
 65.85758 18.98263
 65.86309 18.97873
 65.86725 18.97411
 65.87055 18.96894
 65.87270 18.96333
 65.87386 18.95711
 65.87505 18.92145
 65.87655 18.91264
 65.87892 18.90494
 65.88244 18.89747
 65.90022 18.87189
 65.90662 18.86502
 65.91282 18.86088
 65.91996 18.85944
 65.92859 18.85995
 65.93753 18.86259
 65.94427 18.86747
 65.94905 18.87367
 65.95370 18.88569
 65.95773 18.90251
 65.95944 18.90646
 65.96205 18.90832
 65.96605 18.90587
 65.96884 18.90127
 65.97127 18.89463
 65.97303 18.88812
 65.97520 18.88347
 65.97768 18.88052
 65.98055 18.87928
 65.98362 18.87938
 65.99075 18.88031
 65.99453 18.88039
 65.99788 18.87995
 65.99951 18.87938
 66.00044 18.87871
 66.00119 18.87786
 66.00300 18.87522
 66.00522 18.87055
 66.01142 18.85308
 66.01930 18.85424
 66.03080 18.86647
 66.07230 18.94920
 66.07953 18.96070
 66.10847 18.99529
 66.12770 19.01124
 66.13457 19.01979
 66.13937 19.02695
 66.15705 19.07353
 66.15798 19.07867
 66.15799 19.07876
11 8 64.472 66.5642 14.5636 19.0788 'Norðurland eystra (Iceland)'
 66.56415 18.00894
 66.55060 17.98400
 66.54829 17.97631
 66.53905 17.98046
 66.53339 17.99983
 66.54499 18.01720
 66.56135 18.01952
 66.56415 18.00894
12 14 64.472 66.5642 14.5636 19.0788 'Norðurland eystra (Iceland)'
 66.01211 18.38024
 66.00654 18.37133
 65.99323 18.35676
 65.98163 18.35676
 65.97801 18.36994
 65.97968 18.38183
 65.98347 18.39049
 65.98949 18.39660
 65.99726 18.39879
 66.00947 18.40461
 66.02367 18.41442
 66.02741 18.40856
 66.01854 18.38931
 66.01211 18.38024
