0 56 24.8719 25.658 -56.3836 -55.9657 'Fujayrah (United Arab Emirates)'
 25.21118 -56.23577
 25.21763 -56.25220
 25.23691 -56.28176
 25.24585 -56.29315
 25.25335 -56.31643
 25.26653 -56.34438
 25.29402 -56.34912
 25.30303 -56.35628
 25.32091 -56.38171
 25.32128 -56.38299
 25.31346 -56.38364
 25.30223 -56.38266
 25.28262 -56.37843
 25.25275 -56.37525
 25.20921 -56.36598
 25.06826 -56.36223
 25.06922 -56.35675
 25.08023 -56.30367
 25.08038 -56.29499
 25.07844 -56.28554
 25.07423 -56.28507
 25.07030 -56.28678
 25.06498 -56.29019
 25.05806 -56.29344
 25.05005 -56.29592
 25.03578 -56.29763
 25.02969 -56.29933
 25.02449 -56.30259
 25.02054 -56.30585
 25.01382 -56.30678
 25.00483 -56.30569
 24.99155 -56.30166
 24.98390 -56.29623
 24.97917 -56.29034
 24.95145 -56.28228
 24.93915 -56.27050
 24.97700 -56.25370
 25.04640 -56.18234
 25.05072 -56.17629
 25.05338 -56.16405
 25.06744 -56.15970
 25.07387 -56.15660
 25.08185 -56.15376
 25.09064 -56.15252
 25.10258 -56.15345
 25.16588 -56.16513
 25.17694 -56.16544
 25.18823 -56.16467
 25.20903 -56.15950
 25.21590 -56.16012
 25.21973 -56.16606
 25.22218 -56.19428
 25.22670 -56.20672
 25.22084 -56.20762
 25.21526 -56.21996
 25.21118 -56.23577
1 164 24.8719 25.658 -56.3836 -55.9657 'Fujayrah (United Arab Emirates)'
 25.33108 -56.26062
 25.31253 -56.23362
 25.30789 -56.20559
 25.31145 -56.19722
 25.31396 -56.19614
 25.31706 -56.19629
 25.32021 -56.19800
 25.32300 -56.19893
 25.32522 -56.19784
 25.32685 -56.19474
 25.33476 -56.16265
 25.33509 -56.15857
 25.33246 -56.15082
 25.32727 -56.14291
 25.31427 -56.12942
 25.30954 -56.12865
 25.30742 -56.13128
 25.30820 -56.13810
 25.30781 -56.14322
 25.30621 -56.14710
 25.30034 -56.15221
 25.29871 -56.15407
 25.29737 -56.15722
 25.29683 -56.16032
 25.29654 -56.16405
 25.29732 -56.17753
 25.29678 -56.17862
 25.29623 -56.17939
 25.29530 -56.17986
 25.29404 -56.17955
 25.28585 -56.17490
 25.28068 -56.16947
 25.27481 -56.16218
 25.26474 -56.14616
 25.25740 -56.14198
 25.25084 -56.14043
 25.24533 -56.14151
 25.24022 -56.14151
 25.23595 -56.13965
 25.23293 -56.13655
 25.22960 -56.13097
 25.22683 -56.12834
 25.22244 -56.12555
 25.21942 -56.11934
 25.21815 -56.10880
 25.22381 -56.07883
 25.22402 -56.06937
 25.22079 -56.05976
 25.21872 -56.05108
 25.21900 -56.03878
 25.22309 -56.02359
 25.22533 -55.98617
 25.24639 -55.98886
 25.25202 -55.98866
 25.28205 -55.97734
 25.30132 -56.00266
 25.31171 -56.00700
 25.31556 -56.00623
 25.31905 -56.00483
 25.32184 -56.00281
 25.32393 -56.00018
 25.32564 -55.99708
 25.33176 -55.98307
 25.38093 -56.00126
 25.37517 -56.00886
 25.37073 -56.01274
 25.36494 -56.01677
 25.35977 -56.02188
 25.35641 -56.02839
 25.34310 -56.07728
 25.34194 -56.08782
 25.34336 -56.09681
 25.34721 -56.10462
 25.35230 -56.11082
 25.36005 -56.11779
 25.36176 -56.12307
 25.36163 -56.12880
 25.36463 -56.13345
 25.37228 -56.13655
 25.39277 -56.13485
 25.39930 -56.13020
 25.40199 -56.12307
 25.40028 -56.11516
 25.40023 -56.10849
 25.40160 -56.10307
 25.40401 -56.09935
 25.40692 -56.09774
 25.41005 -56.09681
 25.41230 -56.09573
 25.41424 -56.09433
 25.41548 -56.09325
 25.41754 -56.09170
 25.41984 -56.09247
 25.42364 -56.09526
 25.44809 -56.11950
 25.45708 -56.12539
 25.46576 -56.12787
 25.47395 -56.12570
 25.47984 -56.12245
 25.49586 -56.10942
 25.49989 -56.10503
 25.50020 -56.10472
 25.50043 -56.10441
 25.50090 -56.10338
 25.50188 -56.10038
 25.50211 -56.09588
 25.50129 -56.09185
 25.50059 -56.08984
 25.50018 -56.08891
 25.49090 -56.07557
 25.48842 -56.06999
 25.48702 -56.06364
 25.48795 -56.04219
 25.48527 -56.01165
 25.48571 -56.00809
 25.48844 -56.00126
 25.48932 -55.99832
 25.49098 -55.98866
 25.49284 -55.98478
 25.49560 -55.98261
 25.49958 -55.98168
 25.51581 -55.97920
 25.54839 -55.97098
 25.55614 -55.97098
 25.57671 -55.96571
 25.58423 -55.96618
 25.59087 -55.96974
 25.59668 -55.97780
 25.59797 -55.98824
 25.59689 -55.99615
 25.59668 -56.00235
 25.59893 -56.01103
 25.60469 -56.02219
 25.62857 -56.04653
 25.63730 -56.05868
 25.64037 -56.06410
 25.64179 -56.06875
 25.63955 -56.07480
 25.63854 -56.08348
 25.63913 -56.09728
 25.64965 -56.13903
 25.65796 -56.15250
 25.65590 -56.15640
 25.65208 -56.17986
 25.64541 -56.18885
 25.62526 -56.19877
 25.61777 -56.20580
 25.61384 -56.22151
 25.61658 -56.23753
 25.62745 -56.27906
 25.61616 -56.30030
 25.60781 -56.32325
 25.60456 -56.34002
 25.59309 -56.34799
 25.52570 -56.36997
 25.43325 -56.36378
 25.42317 -56.36500
 25.42119 -56.36031
 25.38760 -56.31995
 25.36724 -56.28275
 25.35923 -56.27246
 25.34832 -56.26678
 25.33832 -56.26394
 25.33108 -56.26062
2 13 24.8719 25.658 -56.3836 -55.9657 'Fujayrah (United Arab Emirates)'
 24.91196 -56.31428
 24.90507 -56.31360
 24.89517 -56.30832
 24.87698 -56.28032
 24.87195 -56.27468
 24.87233 -56.27453
 24.88316 -56.27019
 24.89481 -56.25293
 24.91509 -56.25928
 24.91396 -56.27561
 24.90851 -56.30662
 24.91186 -56.31406
 24.91196 -56.31428
3 23 24.6908 25.5133 -56.3833 -55.3248 'Sharjah (United Arab Emirates)'
 25.29402 -56.34912
 25.30133 -56.30937
 25.32754 -56.29069
 25.33108 -56.26062
 25.33832 -56.26394
 25.34832 -56.26678
 25.35923 -56.27246
 25.36724 -56.28275
 25.38760 -56.31995
 25.42119 -56.36031
 25.42317 -56.36500
 25.39631 -56.36834
 25.38886 -56.36695
 25.37641 -56.35922
 25.36725 -56.36020
 25.35130 -56.36997
 25.34121 -56.37469
 25.33462 -56.37916
 25.32685 -56.38250
 25.32128 -56.38299
 25.32091 -56.38171
 25.30303 -56.35628
 25.29402 -56.34912
4 30 24.6908 25.5133 -56.3833 -55.3248 'Sharjah (United Arab Emirates)'
 24.97822 -56.38331
 24.97269 -56.32900
 24.96794 -56.32445
 24.96253 -56.31928
 24.92991 -56.31605
 24.92993 -56.31587
 24.93034 -56.31019
 24.93512 -56.29685
 24.95145 -56.28228
 24.97917 -56.29034
 24.98390 -56.29623
 24.99155 -56.30166
 25.00483 -56.30569
 25.01382 -56.30678
 25.02054 -56.30585
 25.02449 -56.30259
 25.02969 -56.29933
 25.03578 -56.29763
 25.05005 -56.29592
 25.05806 -56.29344
 25.06498 -56.29019
 25.07030 -56.28678
 25.07423 -56.28507
 25.07844 -56.28554
 25.08038 -56.29499
 25.08023 -56.30367
 25.06922 -56.35675
 25.06826 -56.36223
 25.05728 -56.36199
 24.97822 -56.38331
5 161 24.6908 25.5133 -56.3833 -55.3248 'Sharjah (United Arab Emirates)'
 24.97211 -55.97587
 24.97773 -55.93543
 24.96861 -55.89698
 24.94845 -55.86215
 24.94485 -55.85783
 24.92117 -55.82939
 24.88610 -55.79911
 24.85520 -55.78867
 24.77836 -55.79704
 24.75955 -55.79704
 24.72229 -55.79270
 24.70392 -55.79476
 24.69325 -55.79993
 24.69100 -55.78975
 24.69084 -55.74893
 24.70898 -55.67090
 24.72048 -55.67632
 24.72823 -55.67849
 24.73921 -55.68035
 24.75229 -55.68128
 24.76926 -55.68097
 24.80058 -55.67601
 24.84236 -55.66439
 24.87194 -55.66082
 24.89543 -55.66113
 24.90292 -55.65973
 24.91556 -55.65617
 24.94377 -55.64480
 24.97643 -55.62744
 24.99933 -55.61953
 25.00026 -55.62000
 25.00044 -55.62000
 25.01111 -55.62573
 25.01527 -55.62914
 25.02031 -55.63410
 25.03036 -55.64666
 25.03594 -55.65214
 25.04219 -55.65617
 25.04834 -55.65803
 25.05480 -55.65772
 25.16441 -55.62868
 25.18505 -55.61674
 25.20035 -55.60077
 25.24394 -55.52936
 25.25202 -55.52191
 25.25872 -55.51401
 25.26376 -55.50626
 25.28073 -55.47380
 25.28771 -55.46543
 25.30205 -55.45473
 25.30678 -55.44884
 25.30512 -55.43970
 25.29427 -55.40647
 25.29267 -55.37794
 25.30561 -55.32673
 25.30701 -55.32492
 25.30709 -55.32482
 25.32144 -55.33937
 25.32477 -55.34816
 25.32404 -55.36329
 25.33657 -55.35865
 25.34858 -55.35939
 25.35859 -55.36549
 25.36498 -55.37696
 25.35708 -55.38705
 25.37275 -55.40724
 25.39452 -55.42450
 25.39447 -55.42461
 25.39426 -55.42507
 25.38065 -55.44776
 25.37080 -55.47799
 25.36378 -55.51292
 25.35962 -55.59746
 25.36091 -55.60418
 25.36514 -55.60976
 25.37972 -55.61907
 25.41315 -55.63224
 25.41801 -55.62790
 25.42178 -55.61752
 25.43165 -55.55731
 25.43573 -55.54599
 25.44465 -55.53091
 25.44904 -55.52083
 25.45212 -55.50486
 25.45956 -55.49308
 25.46010 -55.49220
 25.46016 -55.49210
 25.46613 -55.49562
 25.47484 -55.50660
 25.48078 -55.49415
 25.49299 -55.50050
 25.50886 -55.51336
 25.51325 -55.51516
 25.51320 -55.51530
 25.51201 -55.51819
 25.47519 -55.58367
 25.45181 -55.61364
 25.44442 -55.62589
 25.41840 -55.69632
 25.40641 -55.71513
 25.36894 -55.76149
 25.35589 -55.77409
 25.34406 -55.78200
 25.31804 -55.78851
 25.29670 -55.79874
 25.28608 -55.80665
 25.28112 -55.81332
 25.27776 -55.82277
 25.27704 -55.83538
 25.27750 -55.84965
 25.28021 -55.86329
 25.28293 -55.87088
 25.28825 -55.88225
 25.29228 -55.89683
 25.29512 -55.90427
 25.29908 -55.90969
 25.30476 -55.91279
 25.31233 -55.91372
 25.32114 -55.91248
 25.32959 -55.91016
 25.34217 -55.90535
 25.34569 -55.90690
 25.34794 -55.90985
 25.34760 -55.92814
 25.32592 -55.94432
 25.35241 -55.95780
 25.37530 -55.96230
 25.38460 -55.96571
 25.38868 -55.97331
 25.38964 -55.97982
 25.38093 -56.00126
 25.33176 -55.98307
 25.32680 -55.97517
 25.32378 -55.97145
 25.31915 -55.96695
 25.31233 -55.96540
 25.30652 -55.96478
 25.28205 -55.97734
 25.25202 -55.98866
 25.24639 -55.98886
 25.22533 -55.98617
 25.21110 -55.97548
 25.20099 -55.96090
 25.18699 -55.95191
 25.18234 -55.95207
 25.17748 -55.95315
 25.17211 -55.95703
 25.15950 -55.96990
 25.15247 -55.97501
 25.14529 -55.97873
 25.14118 -55.97858
 25.13268 -55.97269
 25.08413 -55.95067
 25.07105 -55.94850
 25.05891 -55.94850
 25.04361 -55.95005
 25.03356 -55.95346
 25.00323 -55.97067
 24.98202 -55.97672
 24.97233 -55.97589
 24.97211 -55.97587
6 7 24.6908 25.5133 -56.3833 -55.3248 'Sharjah (United Arab Emirates)'
 25.28129 -56.27381
 25.27193 -56.28833
 25.25548 -56.28298
 25.24922 -56.26303
 25.27598 -56.25958
 25.28118 -56.26508
 25.28129 -56.27381
7 23 24.6908 25.5133 -56.3833 -55.3248 'Sharjah (United Arab Emirates)'
 25.05338 -56.16405
 25.05072 -56.17629
 25.04640 -56.18234
 24.97700 -56.25370
 24.93915 -56.27050
 24.92985 -56.27174
 24.91396 -56.27561
 24.91509 -56.25928
 24.89481 -56.25293
 24.90063 -56.20420
 24.90388 -56.19459
 24.91145 -56.18621
 24.92251 -56.18110
 24.94277 -56.18265
 24.95248 -56.18637
 24.95863 -56.18947
 24.96662 -56.18916
 24.97899 -56.18513
 25.00669 -56.17180
 25.03578 -56.15221
 25.04253 -56.15159
 25.04741 -56.15268
 25.05338 -56.16405
8 120 24.8204 26.0748 -56.2747 -55.746 'Ras Al Khaymah (United Arab Emirates)'
 25.31253 -56.23362
 25.29629 -56.23567
 25.28625 -56.23888
 25.27799 -56.24489
 25.26748 -56.23513
 25.25537 -56.20838
 25.23060 -56.20612
 25.22670 -56.20672
 25.22218 -56.19428
 25.21973 -56.16606
 25.21590 -56.16012
 25.20903 -56.15950
 25.18823 -56.16467
 25.17694 -56.16544
 25.16588 -56.16513
 25.10258 -56.15345
 25.09064 -56.15252
 25.08185 -56.15376
 25.07387 -56.15660
 25.06744 -56.15970
 25.05338 -56.16405
 25.04741 -56.15268
 25.04253 -56.15159
 25.03578 -56.15221
 25.00669 -56.17180
 24.97899 -56.18513
 24.96662 -56.18916
 24.95863 -56.18947
 24.95248 -56.18637
 24.94277 -56.18265
 24.92251 -56.18110
 24.91145 -56.18621
 24.90388 -56.19459
 24.90063 -56.20420
 24.89481 -56.25293
 24.88316 -56.27019
 24.87233 -56.27453
 24.87195 -56.27468
 24.84244 -56.24166
 24.83448 -56.22368
 24.83024 -56.18627
 24.82407 -56.17137
 24.82404 -56.17087
 24.82037 -56.10570
 24.86621 -56.05093
 24.88256 -56.02525
 24.92662 -56.01697
 24.95618 -56.00560
 24.97176 -55.97842
 24.97211 -55.97587
 24.97233 -55.97589
 24.98202 -55.97672
 25.00323 -55.97067
 25.03356 -55.95346
 25.04361 -55.95005
 25.05891 -55.94850
 25.07105 -55.94850
 25.08413 -55.95067
 25.13268 -55.97269
 25.14118 -55.97858
 25.14529 -55.97873
 25.15247 -55.97501
 25.15950 -55.96990
 25.17211 -55.95703
 25.17748 -55.95315
 25.18234 -55.95207
 25.18699 -55.95191
 25.20099 -55.96090
 25.21110 -55.97548
 25.22533 -55.98617
 25.22309 -56.02359
 25.21900 -56.03878
 25.21872 -56.05108
 25.22079 -56.05976
 25.22402 -56.06937
 25.22381 -56.07883
 25.21815 -56.10880
 25.21942 -56.11934
 25.22244 -56.12555
 25.22683 -56.12834
 25.22960 -56.13097
 25.23293 -56.13655
 25.23595 -56.13965
 25.24022 -56.14151
 25.24533 -56.14151
 25.25084 -56.14043
 25.25740 -56.14198
 25.26474 -56.14616
 25.27481 -56.16218
 25.28068 -56.16947
 25.28585 -56.17490
 25.29404 -56.17955
 25.29530 -56.17986
 25.29623 -56.17939
 25.29678 -56.17862
 25.29732 -56.17753
 25.29654 -56.16405
 25.29683 -56.16032
 25.29737 -56.15722
 25.29871 -56.15407
 25.30034 -56.15221
 25.30621 -56.14710
 25.30781 -56.14322
 25.30820 -56.13810
 25.30742 -56.13128
 25.30954 -56.12865
 25.31427 -56.12942
 25.32727 -56.14291
 25.33246 -56.15082
 25.33509 -56.15857
 25.33476 -56.16265
 25.32685 -56.19474
 25.32522 -56.19784
 25.32300 -56.19893
 25.32021 -56.19800
 25.31706 -56.19629
 25.31396 -56.19614
 25.31145 -56.19722
 25.30789 -56.20559
 25.31253 -56.23362
9 164 24.8204 26.0748 -56.2747 -55.746 'Ras Al Khaymah (United Arab Emirates)'
 26.07479 -56.15133
 26.07355 -56.16270
 26.03500 -56.17841
 26.01454 -56.18347
 25.99624 -56.18130
 25.96653 -56.17469
 25.87682 -56.17056
 25.86245 -56.16384
 25.83791 -56.14451
 25.82297 -56.13965
 25.80592 -56.14410
 25.77770 -56.16735
 25.76525 -56.17200
 25.75218 -56.16487
 25.74313 -56.15195
 25.73269 -56.14120
 25.71554 -56.14038
 25.67084 -56.14513
 25.65885 -56.15082
 25.65796 -56.15250
 25.64965 -56.13903
 25.63913 -56.09728
 25.63854 -56.08348
 25.63955 -56.07480
 25.64179 -56.06875
 25.64037 -56.06410
 25.63730 -56.05868
 25.62857 -56.04653
 25.60469 -56.02219
 25.59893 -56.01103
 25.59668 -56.00235
 25.59689 -55.99615
 25.59797 -55.98824
 25.59668 -55.97780
 25.59087 -55.96974
 25.58423 -55.96618
 25.57671 -55.96571
 25.55614 -55.97098
 25.54839 -55.97098
 25.51581 -55.97920
 25.49958 -55.98168
 25.49560 -55.98261
 25.49284 -55.98478
 25.49098 -55.98866
 25.48932 -55.99832
 25.48844 -56.00126
 25.48571 -56.00809
 25.48527 -56.01165
 25.48795 -56.04219
 25.48702 -56.06364
 25.48842 -56.06999
 25.49090 -56.07557
 25.50018 -56.08891
 25.50059 -56.08984
 25.50129 -56.09185
 25.50211 -56.09588
 25.50188 -56.10038
 25.50090 -56.10338
 25.50043 -56.10441
 25.50020 -56.10472
 25.49989 -56.10503
 25.49586 -56.10942
 25.47984 -56.12245
 25.47395 -56.12570
 25.46576 -56.12787
 25.45708 -56.12539
 25.44809 -56.11950
 25.42364 -56.09526
 25.41984 -56.09247
 25.41754 -56.09170
 25.41548 -56.09325
 25.41424 -56.09433
 25.41230 -56.09573
 25.41005 -56.09681
 25.40692 -56.09774
 25.40401 -56.09935
 25.40160 -56.10307
 25.40023 -56.10849
 25.40028 -56.11516
 25.40199 -56.12307
 25.39930 -56.13020
 25.39277 -56.13485
 25.37228 -56.13655
 25.36463 -56.13345
 25.36163 -56.12880
 25.36176 -56.12307
 25.36005 -56.11779
 25.35230 -56.11082
 25.34721 -56.10462
 25.34336 -56.09681
 25.34194 -56.08782
 25.34310 -56.07728
 25.35641 -56.02839
 25.35977 -56.02188
 25.36494 -56.01677
 25.37073 -56.01274
 25.37517 -56.00886
 25.38093 -56.00126
 25.38964 -55.97982
 25.38868 -55.97331
 25.38460 -55.96571
 25.37530 -55.96230
 25.35241 -55.95780
 25.32592 -55.94432
 25.34760 -55.92814
 25.37135 -55.90690
 25.39370 -55.88055
 25.40199 -55.87931
 25.40966 -55.88318
 25.41739 -55.88814
 25.42736 -55.88861
 25.43651 -55.88210
 25.47351 -55.84453
 25.48589 -55.83755
 25.49563 -55.83461
 25.49901 -55.83414
 25.50870 -55.83461
 25.52454 -55.83306
 25.54552 -55.82887
 25.62621 -55.80200
 25.63404 -55.79657
 25.63753 -55.78913
 25.63991 -55.77921
 25.64099 -55.77146
 25.66120 -55.74722
 25.66221 -55.74609
 25.66230 -55.74598
 25.67967 -55.75953
 25.68716 -55.77052
 25.68842 -55.77955
 25.69204 -55.79225
 25.69741 -55.80348
 25.70417 -55.80836
 25.70653 -55.81284
 25.71381 -55.84246
 25.74006 -55.87810
 25.80256 -55.93247
 25.82368 -55.95973
 25.81460 -55.95379
 25.79409 -55.94744
 25.77668 -55.93719
 25.77070 -55.94125
 25.76895 -55.94850
 25.77212 -55.95232
 25.78710 -55.95444
 25.81538 -55.96372
 25.83421 -55.96599
 25.84284 -55.97234
 25.87885 -56.01441
 25.88923 -56.02320
 25.90086 -56.03077
 25.91511 -56.03688
 25.93354 -56.04103
 25.93354 -56.03419
 25.92426 -56.03061
 25.91645 -56.02467
 25.91047 -56.01694
 25.90689 -56.00758
 25.94644 -56.03370
 25.98876 -56.05535
 26.05231 -56.07325
 26.06105 -56.07740
 26.06285 -56.10059
 26.07479 -56.15133
10 16 24.5951 25.3071 -56.1714 -55.0059 'Dubay (United Arab Emirates)'
 24.82407 -56.17137
 24.82399 -56.17118
 24.78671 -56.15485
 24.76283 -56.13335
 24.74570 -56.12725
 24.73542 -56.11826
 24.73051 -56.09914
 24.72976 -56.07795
 24.72997 -56.07627
 24.73025 -56.07630
 24.73813 -56.07713
 24.75167 -56.07589
 24.77159 -56.08240
 24.82037 -56.10570
 24.82404 -56.17087
 24.82407 -56.17137
11 80 24.5951 25.3071 -56.1714 -55.0059 'Dubay (United Arab Emirates)'
 24.97651 -55.01800
 24.97883 -55.02223
 24.99339 -55.04998
 25.01390 -55.04461
 25.02025 -55.07765
 25.01683 -55.08229
 25.09675 -55.15691
 25.21528 -55.25904
 25.23119 -55.26417
 25.24494 -55.26336
 25.26069 -55.28240
 25.25849 -55.29835
 25.23892 -55.31332
 25.22529 -55.31837
 25.21206 -55.31422
 25.19367 -55.30112
 25.20148 -55.32887
 25.21922 -55.33424
 25.24120 -55.32651
 25.27505 -55.30641
 25.28303 -55.30372
 25.29173 -55.30926
 25.30709 -55.32482
 25.30701 -55.32492
 25.30561 -55.32673
 25.29267 -55.37794
 25.29427 -55.40647
 25.30512 -55.43970
 25.30678 -55.44884
 25.30205 -55.45473
 25.28771 -55.46543
 25.28073 -55.47380
 25.26376 -55.50626
 25.25872 -55.51401
 25.25202 -55.52191
 25.24394 -55.52936
 25.20035 -55.60077
 25.18505 -55.61674
 25.16441 -55.62868
 25.05480 -55.65772
 25.04834 -55.65803
 25.04219 -55.65617
 25.03594 -55.65214
 25.03036 -55.64666
 25.02031 -55.63410
 25.01527 -55.62914
 25.01111 -55.62573
 25.00044 -55.62000
 25.00026 -55.62000
 24.99933 -55.61953
 24.97643 -55.62744
 24.94377 -55.64480
 24.91556 -55.65617
 24.90292 -55.65973
 24.89543 -55.66113
 24.87194 -55.66082
 24.84236 -55.66439
 24.80058 -55.67601
 24.76926 -55.68097
 24.75229 -55.68128
 24.73921 -55.68035
 24.72823 -55.67849
 24.72048 -55.67632
 24.70898 -55.67090
 24.69519 -55.64790
 24.65395 -55.53773
 24.61855 -55.47039
 24.60832 -55.44016
 24.60284 -55.41236
 24.59509 -55.20054
 24.59741 -55.17992
 24.60297 -55.16039
 24.61754 -55.14809
 24.63692 -55.13785
 24.95972 -55.01466
 24.96991 -55.00586
 24.97260 -55.01075
 24.97435 -55.01401
 24.97533 -55.01580
 24.97651 -55.01800
12 12 24.9085 24.9514 -56.3161 -56.2705 'Neutral Zone (United Arab Emirates)'
 24.92991 -56.31605
 24.91196 -56.31428
 24.91186 -56.31406
 24.90851 -56.30662
 24.91396 -56.27561
 24.92985 -56.27174
 24.93915 -56.27050
 24.95145 -56.28228
 24.93512 -56.29685
 24.93034 -56.31019
 24.92993 -56.31587
 24.92991 -56.31605
13 19 24.73 24.8861 -56.1057 -55.9576 'Neutral Zone (United Arab Emirates)'
 24.86117 -56.02927
 24.88256 -56.02525
 24.86621 -56.05093
 24.82037 -56.10570
 24.77159 -56.08240
 24.75167 -56.07589
 24.73813 -56.07713
 24.73025 -56.07630
 24.72997 -56.07627
 24.73177 -56.06214
 24.75415 -56.03155
 24.82301 -56.00209
 24.85386 -55.96478
 24.86866 -55.95765
 24.88125 -55.96085
 24.88610 -55.97842
 24.88300 -55.99238
 24.87698 -56.00529
 24.86117 -56.02927
14 393 22.6209 25.2494 -55.9979 -51.5693 'Abu Dhabi (United Arab Emirates)'
 24.69325 -55.79993
 24.66273 -55.81492
 24.64338 -55.81823
 24.61987 -55.79022
 24.58633 -55.78402
 24.57240 -55.76996
 24.55853 -55.75983
 24.53744 -55.76117
 24.49525 -55.77368
 24.44109 -55.77141
 24.42590 -55.77461
 24.41887 -55.78102
 24.40647 -55.80107
 24.39763 -55.80861
 24.38924 -55.81089
 24.34079 -55.80737
 24.32627 -55.80097
 24.26296 -55.76210
 24.24547 -55.75415
 24.23033 -55.75570
 24.22488 -55.76769
 24.21227 -55.83032
 24.21142 -55.84716
 24.23224 -55.90318
 24.22072 -55.93315
 24.18483 -55.94897
 24.14243 -55.96075
 24.08127 -55.99785
 24.06538 -55.98679
 24.05114 -55.92354
 24.00748 -55.80706
 24.00957 -55.78846
 24.02815 -55.76241
 24.02528 -55.74443
 24.01959 -55.72800
 24.01923 -55.71260
 24.02427 -55.68004
 24.02502 -55.64687
 24.02014 -55.61834
 24.01001 -55.59106
 23.99523 -55.56170
 23.98544 -55.54227
 23.97061 -55.49980
 23.96316 -55.45680
 23.94857 -55.45277
 23.93056 -55.46155
 23.91658 -55.47830
 23.89660 -55.51457
 23.87467 -55.53059
 23.84588 -55.53514
 23.77005 -55.53835
 23.75677 -55.53411
 23.69326 -55.48739
 23.67636 -55.47830
 23.55226 -55.44533
 23.53293 -55.43148
 23.49529 -55.39417
 23.49518 -55.39396
 23.46934 -55.37526
 23.43601 -55.36409
 23.33628 -55.34322
 23.27509 -55.32110
 23.12125 -55.22591
 23.02508 -55.19480
 22.99547 -55.19129
 22.99537 -55.19129
 22.84946 -55.19759
 22.70358 -55.18684
 22.62343 -55.12039
 22.62095 -55.10530
 22.63774 -54.96856
 22.65490 -54.82945
 22.67195 -54.69034
 22.68900 -54.55133
 22.70616 -54.41242
 22.72327 -54.27331
 22.74032 -54.13430
 22.75745 -53.99529
 22.77458 -53.85607
 22.79168 -53.71706
 22.80876 -53.57805
 22.82587 -53.43894
 22.84297 -53.29993
 22.86005 -53.16092
 22.87713 -53.02181
 22.89424 -52.88280
 22.91134 -52.74379
 22.93111 -52.58307
 22.93858 -52.55848
 22.95475 -52.53848
 23.01834 -52.48484
 23.08038 -52.43264
 23.14241 -52.38050
 23.20445 -52.32831
 23.26641 -52.27627
 23.32842 -52.22408
 23.39049 -52.17199
 23.45252 -52.11979
 23.51448 -52.06771
 23.57649 -52.01551
 23.63856 -51.96342
 23.70052 -51.91123
 23.76253 -51.85904
 23.82449 -51.80684
 23.88655 -51.75475
 23.94859 -51.70256
 24.01060 -51.65047
 24.07832 -51.59352
 24.10184 -51.57854
 24.12783 -51.57316
 24.19194 -51.57523
 24.21772 -51.57554
 24.25617 -51.56935
 24.28441 -51.59067
 24.32860 -51.59164
 24.36445 -51.57399
 24.38491 -51.59376
 24.36791 -51.60239
 24.33934 -51.62379
 24.31973 -51.62794
 24.26203 -51.62794
 24.22687 -51.63445
 24.21857 -51.64869
 24.23281 -51.66293
 24.27806 -51.67262
 24.26577 -51.67937
 24.23469 -51.68930
 24.22435 -51.69597
 24.22191 -51.70069
 24.22110 -51.70981
 24.22309 -51.71827
 24.22777 -51.72364
 24.23257 -51.72486
 24.23469 -51.72088
 24.27753 -51.74008
 24.29051 -51.75880
 24.26203 -51.77947
 24.24038 -51.78224
 24.17634 -51.77198
 24.15323 -51.77345
 24.10375 -51.78566
 24.09300 -51.78679
 24.05931 -51.78566
 24.04857 -51.78777
 24.02823 -51.79713
 24.01838 -51.79916
 24.00068 -51.80942
 23.99494 -51.83326
 23.99388 -51.88185
 23.99038 -51.89357
 23.98566 -51.90252
 23.97036 -51.91969
 23.96475 -51.92872
 23.96475 -51.93637
 23.96918 -51.93914
 23.97712 -51.93336
 23.98798 -51.93141
 23.99091 -51.95289
 23.98786 -52.01002
 23.98969 -52.01694
 23.98786 -52.02394
 23.97712 -52.03639
 23.96345 -52.06739
 23.96381 -52.07569
 23.97089 -52.11793
 23.96654 -52.13559
 23.97199 -52.14552
 23.96654 -52.15553
 23.97337 -52.17107
 23.97427 -52.18824
 23.97313 -52.20631
 23.97403 -52.22438
 23.97964 -52.24098
 24.00137 -52.27906
 24.00373 -52.29591
 24.00385 -52.32781
 24.00751 -52.34108
 24.01634 -52.35255
 24.02790 -52.36476
 24.03799 -52.37810
 24.04230 -52.39234
 24.04523 -52.40886
 24.05264 -52.42807
 24.06269 -52.44418
 24.07331 -52.45094
 24.08466 -52.45655
 24.09663 -52.48699
 24.10749 -52.50180
 24.11982 -52.51498
 24.13182 -52.53248
 24.14106 -52.55006
 24.14472 -52.56365
 24.15209 -52.57455
 24.16901 -52.57765
 24.18745 -52.57797
 24.19937 -52.58074
 24.20954 -52.60027
 24.20368 -52.61842
 24.18989 -52.63413
 24.14472 -52.67010
 24.14081 -52.68133
 24.14346 -52.68539
 24.14859 -52.68865
 24.15217 -52.69744
 24.15152 -52.72006
 24.14061 -52.76100
 24.13788 -52.78273
 24.13988 -52.79542
 24.14932 -52.81691
 24.15217 -52.82765
 24.15200 -52.83920
 24.14960 -52.84783
 24.14667 -52.85475
 24.14472 -52.86199
 24.13788 -52.94711
 24.13963 -52.95672
 24.15217 -52.99220
 24.15591 -52.99692
 24.16136 -52.99830
 24.16568 -52.99977
 24.16584 -53.00587
 24.16279 -53.01100
 24.15843 -53.01482
 24.15436 -53.01759
 24.15217 -53.01954
 24.12995 -53.04884
 24.12189 -53.06723
 24.13788 -53.10719
 24.13068 -53.12770
 24.12132 -53.14649
 24.12482 -53.16342
 24.13223 -53.14967
 24.14175 -53.14576
 24.15306 -53.14536
 24.16584 -53.14243
 24.17031 -53.16529
 24.15941 -53.19158
 24.14155 -53.21559
 24.12482 -53.23178
 24.10415 -53.24562
 24.09878 -53.25375
 24.09577 -53.30909
 24.11982 -53.43702
 24.11982 -53.44581
 24.11441 -53.45460
 24.10033 -53.46827
 24.09370 -53.47877
 24.09064 -53.49301
 24.09154 -53.50782
 24.09687 -53.51930
 24.08430 -53.53745
 24.07876 -53.54819
 24.07640 -53.55738
 24.07258 -53.56153
 24.05439 -53.57439
 24.04853 -53.58131
 24.04706 -53.58961
 24.04719 -53.60108
 24.04898 -53.61207
 24.05703 -53.62916
 24.05475 -53.63941
 24.05036 -53.64894
 24.04853 -53.65699
 24.06208 -53.68784
 24.06647 -53.69459
 24.07050 -53.70281
 24.06883 -53.71241
 24.06509 -53.72242
 24.06273 -53.73211
 24.06200 -53.85377
 24.06485 -53.87892
 24.07331 -53.88982
 24.10375 -53.95118
 24.11327 -54.01433
 24.12275 -54.03419
 24.12641 -54.05519
 24.13788 -54.08155
 24.14179 -54.11207
 24.14472 -54.12257
 24.15204 -54.13543
 24.16527 -54.15366
 24.18110 -54.17010
 24.19619 -54.17709
 24.20360 -54.18702
 24.22110 -54.25278
 24.25678 -54.30592
 24.25825 -54.31495
 24.27066 -54.32301
 24.26976 -54.34197
 24.25458 -54.38258
 24.26586 -54.39015
 24.29214 -54.42726
 24.31615 -54.44597
 24.38833 -54.48561
 24.41340 -54.47999
 24.42512 -54.48316
 24.43268 -54.49928
 24.43838 -54.49000
 24.43952 -54.48561
 24.44697 -54.48561
 24.44562 -54.50115
 24.43521 -54.52573
 24.43268 -54.54029
 24.44526 -54.53395
 24.46239 -54.51686
 24.47431 -54.51344
 24.46796 -54.52833
 24.46357 -54.54428
 24.45771 -54.55860
 24.44697 -54.56813
 24.44697 -54.57439
 24.47333 -54.57130
 24.48163 -54.55250
 24.48286 -54.52605
 24.48794 -54.49928
 24.52391 -54.44068
 24.52896 -54.41733
 24.53510 -54.41733
 24.53828 -54.42937
 24.54572 -54.44166
 24.55655 -54.45191
 24.55020 -54.45362
 24.54190 -54.45704
 24.53510 -54.46510
 24.54536 -54.46241
 24.55435 -54.46583
 24.56989 -54.47877
 24.56989 -54.48561
 24.54230 -54.49350
 24.51529 -54.51287
 24.49844 -54.53745
 24.50161 -54.56129
 24.50458 -54.55519
 24.51586 -54.54029
 24.51533 -54.55177
 24.50898 -54.57325
 24.50845 -54.58180
 24.51195 -54.58513
 24.52582 -54.59376
 24.52896 -54.59889
 24.59781 -54.63640
 24.60432 -54.61980
 24.61323 -54.61215
 24.62116 -54.61590
 24.62450 -54.63299
 24.63056 -54.64340
 24.64423 -54.64633
 24.65839 -54.65211
 24.66608 -54.67058
 24.67231 -54.67058
 24.67813 -54.66188
 24.68838 -54.65773
 24.70100 -54.65480
 24.71385 -54.65016
 24.72110 -54.65553
 24.72533 -54.64829
 24.73261 -54.64047
 24.74868 -54.64332
 24.75800 -54.65252
 24.78217 -54.69166
 24.78889 -54.69654
 24.79829 -54.70135
 24.80390 -54.70704
 24.79092 -54.73780
 24.78962 -54.73943
 24.79243 -54.75416
 24.80146 -54.76857
 24.81476 -54.77361
 24.83055 -54.76002
 24.88866 -54.86883
 24.92088 -54.91774
 24.94644 -54.94809
 24.95864 -54.96811
 24.96601 -54.99285
 24.96666 -54.99497
 24.96796 -54.99936
 24.96914 -55.00335
 24.96991 -55.00586
 24.95972 -55.01466
 24.63692 -55.13785
 24.61754 -55.14809
 24.60297 -55.16039
 24.59741 -55.17992
 24.59509 -55.20054
 24.60284 -55.41236
 24.60832 -55.44016
 24.61855 -55.47039
 24.65395 -55.53773
 24.69519 -55.64790
 24.70898 -55.67090
 24.69084 -55.74893
 24.69100 -55.78975
 24.69325 -55.79993
15 52 22.6209 25.2494 -55.9979 -51.5693 'Abu Dhabi (United Arab Emirates)'
 24.15839 -53.65699
 24.16047 -53.63950
 24.16421 -53.62818
 24.17194 -53.62778
 24.18627 -53.64332
 24.19261 -53.65463
 24.19343 -53.65610
 24.19351 -53.65610
 24.20185 -53.68067
 24.20673 -53.69117
 24.22232 -53.71022
 24.22569 -53.71583
 24.22989 -53.72283
 24.23115 -53.72714
 24.23469 -53.73894
 24.23444 -53.74830
 24.22871 -53.76295
 24.22826 -53.76515
 24.22724 -53.77027
 24.22989 -53.77711
 24.24775 -53.80104
 24.25845 -53.82862
 24.26435 -53.83961
 24.27505 -53.84816
 24.26268 -53.85353
 24.25975 -53.85231
 24.25458 -53.84816
 24.23920 -53.85841
 24.23469 -53.86305
 24.21996 -53.88860
 24.21784 -53.89234
 24.21137 -53.92661
 24.20864 -53.93393
 24.20100 -53.95460
 24.17259 -53.96485
 24.14973 -53.95102
 24.13984 -53.92042
 24.14118 -53.88461
 24.15217 -53.85499
 24.16144 -53.85711
 24.17422 -53.84938
 24.17744 -53.83741
 24.15839 -53.82700
 24.15217 -53.83448
 24.13597 -53.80730
 24.13011 -53.77467
 24.13349 -53.74147
 24.14472 -53.71160
 24.15359 -53.69435
 24.15363 -53.69418
 24.15672 -53.68426
 24.15839 -53.65699
16 16 22.6209 25.2494 -55.9979 -51.5693 'Abu Dhabi (United Arab Emirates)'
 24.22724 -54.19077
 24.24506 -54.18084
 24.25381 -54.15935
 24.26040 -54.13413
 24.27167 -54.11256
 24.29767 -54.10157
 24.29776 -54.10157
 24.31851 -54.11524
 24.32689 -54.13697
 24.32270 -54.14210
 24.31599 -54.15040
 24.29015 -54.17587
 24.27749 -54.18832
 24.25312 -54.19890
 24.25308 -54.19882
 24.22724 -54.19077
17 15 22.6209 25.2494 -55.9979 -51.5693 'Abu Dhabi (United Arab Emirates)'
 24.34394 -52.57447
 24.36050 -52.58717
 24.37324 -52.61109
 24.36660 -52.63446
 24.35072 -52.64537
 24.32490 -52.65085
 24.30952 -52.64877
 24.28360 -52.62721
 24.26826 -52.60865
 24.25337 -52.59215
 24.26626 -52.57906
 24.28313 -52.56814
 24.30695 -52.55610
 24.32681 -52.55824
 24.34394 -52.57447
18 44 22.6209 25.2494 -55.9979 -51.5693 'Abu Dhabi (United Arab Emirates)'
 24.26269 -53.32276
 24.27862 -53.30867
 24.27967 -53.29450
 24.28867 -53.27601
 24.27381 -53.26614
 24.27890 -53.22800
 24.28093 -53.21384
 24.27700 -53.19272
 24.27586 -53.18914
 24.27595 -53.18653
 24.28124 -53.18409
 24.28701 -53.18458
 24.29426 -53.18767
 24.30036 -53.19125
 24.30296 -53.19435
 24.29556 -53.23178
 24.29780 -53.24187
 24.30825 -53.26759
 24.31257 -53.27272
 24.31615 -53.27809
 24.32825 -53.31105
 24.33612 -53.32961
 24.33608 -53.33833
 24.32016 -53.34806
 24.31516 -53.35785
 24.31924 -53.36671
 24.33015 -53.36891
 24.34089 -53.36769
 24.35078 -53.36158
 24.40143 -53.39910
 24.41283 -53.41676
 24.40705 -53.41765
 24.39716 -53.42213
 24.39175 -53.42359
 24.37995 -53.44679
 24.37983 -53.44703
 24.34125 -53.44044
 24.32876 -53.42763
 24.31206 -53.38834
 24.30122 -53.36977
 24.29834 -53.34579
 24.28846 -53.33159
 24.27755 -53.33154
 24.26269 -53.32276
19 15 22.6209 25.2494 -55.9979 -51.5693 'Abu Dhabi (United Arab Emirates)'
 24.43952 -54.38258
 24.45319 -54.33481
 24.46894 -54.33481
 24.50361 -54.37534
 24.52269 -54.38941
 24.52269 -54.39625
 24.50161 -54.38941
 24.48347 -54.39666
 24.47061 -54.41432
 24.45319 -54.45143
 24.43647 -54.46974
 24.42503 -54.47055
 24.42080 -54.45672
 24.42524 -54.43043
 24.43952 -54.38258
20 19 22.6209 25.2494 -55.9979 -51.5693 'Abu Dhabi (United Arab Emirates)'
 24.29450 -54.26637
 24.28775 -54.25733
 24.28319 -54.24781
 24.28120 -54.23927
 24.28140 -54.22828
 24.28449 -54.22218
 24.30292 -54.20509
 24.31110 -54.19239
 24.31501 -54.18312
 24.32144 -54.17945
 24.33706 -54.18458
 24.34618 -54.19191
 24.35375 -54.20379
 24.35798 -54.21803
 24.35757 -54.23243
 24.34077 -54.24122
 24.32656 -54.25115
 24.30292 -54.27345
 24.29450 -54.26637
21 17 22.6209 25.2494 -55.9979 -51.5693 'Abu Dhabi (United Arab Emirates)'
 24.37303 -54.32586
 24.36400 -54.33530
 24.35033 -54.33611
 24.32128 -54.32545
 24.31387 -54.30893
 24.35749 -54.28159
 24.36445 -54.27906
 24.36555 -54.28614
 24.36286 -54.29721
 24.35725 -54.30690
 24.35529 -54.31137
 24.35985 -54.31267
 24.36518 -54.30991
 24.37523 -54.29518
 24.38451 -54.29200
 24.38593 -54.30486
 24.37303 -54.32586
22 13 22.6209 25.2494 -55.9979 -51.5693 'Abu Dhabi (United Arab Emirates)'
 24.53950 -52.30974
 24.52541 -52.33256
 24.50155 -52.33924
 24.48065 -52.32622
 24.47565 -52.31423
 24.48290 -52.29965
 24.48900 -52.29444
 24.49160 -52.28956
 24.49702 -52.28321
 24.51040 -52.28234
 24.52136 -52.29103
 24.53332 -52.29862
 24.53950 -52.30974
23 14 22.6209 25.2494 -55.9979 -51.5693 'Abu Dhabi (United Arab Emirates)'
 24.25283 -52.00473
 24.25755 -52.01661
 24.24571 -52.02540
 24.24193 -52.02475
 24.23884 -52.02288
 24.23477 -52.02475
 24.22045 -52.01791
 24.21084 -52.00790
 24.21377 -52.00449
 24.21642 -51.99781
 24.21918 -51.99431
 24.22630 -51.99863
 24.23697 -51.99863
 24.25283 -52.00473
24 23 22.6209 25.2494 -55.9979 -51.5693 'Abu Dhabi (United Arab Emirates)'
 24.60741 -51.72413
 24.59947 -51.73536
 24.59073 -51.73951
 24.58454 -51.73764
 24.58161 -51.73715
 24.57290 -51.73292
 24.56521 -51.73024
 24.56896 -51.72511
 24.58259 -51.72397
 24.58873 -51.72649
 24.58702 -51.72275
 24.59048 -51.72226
 24.59455 -51.72218
 24.59329 -51.72136
 24.59325 -51.71990
 24.59353 -51.71844
 24.59182 -51.71884
 24.59162 -51.71770
 24.58780 -51.71876
 24.59260 -51.71282
 24.60216 -51.71168
 24.60773 -51.71966
 24.60741 -51.72413
25 9 22.6209 25.2494 -55.9979 -51.5693 'Abu Dhabi (United Arab Emirates)'
 24.89354 -53.06080
 24.89102 -53.07936
 24.87389 -53.08310
 24.85350 -53.07936
 24.85904 -53.07293
 24.86376 -53.07146
 24.87328 -53.06316
 24.88630 -53.05820
 24.89354 -53.06080
26 7 22.6209 25.2494 -55.9979 -51.5693 'Abu Dhabi (United Arab Emirates)'
 25.24942 -54.21111
 25.24348 -54.23113
 25.20864 -54.23984
 25.21422 -54.22698
 25.21422 -54.21428
 25.23200 -54.19793
 25.24942 -54.21111
27 74 25.277 25.6623 -55.9281 -55.5152 'Umm Al Qaywayn (United Arab Emirates)'
 25.51325 -55.51516
 25.52570 -55.52027
 25.54263 -55.52467
 25.56240 -55.53566
 25.57860 -55.55104
 25.58466 -55.56813
 25.56830 -55.55958
 25.55488 -55.54859
 25.54255 -55.54225
 25.52949 -55.54819
 25.52375 -55.56373
 25.52684 -55.58334
 25.53295 -55.60515
 25.53632 -55.62631
 25.54418 -55.63258
 25.58316 -55.64812
 25.59772 -55.65691
 25.62352 -55.68344
 25.63471 -55.69947
 25.64680 -55.73390
 25.66230 -55.74598
 25.66221 -55.74609
 25.66120 -55.74722
 25.64099 -55.77146
 25.63991 -55.77921
 25.63753 -55.78913
 25.63404 -55.79657
 25.62621 -55.80200
 25.54552 -55.82887
 25.52454 -55.83306
 25.50870 -55.83461
 25.49901 -55.83414
 25.49563 -55.83461
 25.48589 -55.83755
 25.47351 -55.84453
 25.43651 -55.88210
 25.42736 -55.88861
 25.41739 -55.88814
 25.40966 -55.88318
 25.40199 -55.87931
 25.39370 -55.88055
 25.37135 -55.90690
 25.34760 -55.92814
 25.34794 -55.90985
 25.34569 -55.90690
 25.34217 -55.90535
 25.32959 -55.91016
 25.32114 -55.91248
 25.31233 -55.91372
 25.30476 -55.91279
 25.29908 -55.90969
 25.29512 -55.90427
 25.29228 -55.89683
 25.28825 -55.88225
 25.28293 -55.87088
 25.28021 -55.86329
 25.27750 -55.84965
 25.27704 -55.83538
 25.27776 -55.82277
 25.28112 -55.81332
 25.28608 -55.80665
 25.29670 -55.79874
 25.31804 -55.78851
 25.34406 -55.78200
 25.35589 -55.77409
 25.36894 -55.76149
 25.40641 -55.71513
 25.41840 -55.69632
 25.44442 -55.62589
 25.45181 -55.61364
 25.47519 -55.58367
 25.51201 -55.51819
 25.51320 -55.51530
 25.51325 -55.51516
28 30 25.282 25.4602 -56.007 -55.4245 'Ajman (United Arab Emirates)'
 25.39452 -55.42450
 25.41279 -55.43898
 25.41279 -55.44516
 25.40062 -55.44955
 25.39989 -55.45533
 25.40738 -55.46119
 25.41962 -55.46567
 25.41279 -55.47250
 25.44994 -55.48609
 25.46016 -55.49210
 25.46010 -55.49220
 25.45956 -55.49308
 25.45212 -55.50486
 25.44904 -55.52083
 25.44465 -55.53091
 25.43573 -55.54599
 25.43165 -55.55731
 25.42178 -55.61752
 25.41801 -55.62790
 25.41315 -55.63224
 25.37972 -55.61907
 25.36514 -55.60976
 25.36091 -55.60418
 25.35962 -55.59746
 25.36378 -55.51292
 25.37080 -55.47799
 25.38065 -55.44776
 25.39426 -55.42507
 25.39447 -55.42461
 25.39452 -55.42450
29 15 25.282 25.4602 -56.007 -55.4245 'Ajman (United Arab Emirates)'
 25.33176 -55.98307
 25.32564 -55.99708
 25.32393 -56.00018
 25.32184 -56.00281
 25.31905 -56.00483
 25.31556 -56.00623
 25.31171 -56.00700
 25.30132 -56.00266
 25.28205 -55.97734
 25.30652 -55.96478
 25.31233 -55.96540
 25.31915 -55.96695
 25.32378 -55.97145
 25.32680 -55.97517
 25.33176 -55.98307
