0 176 32.576 35.2561 2.89211 5.47194 'Centre-North (Morocco)'
 34.28278 5.42917
 34.34166 5.47194
 34.41446 5.39145
 34.55988 5.23059
 34.59274 5.21433
 34.68680 5.20875
 34.82611 5.17250
 34.83445 5.15028
 34.84729 5.09535
 34.84014 5.07153
 34.83749 5.03611
 34.83805 5.00695
 34.84617 4.86958
 34.85722 4.83916
 34.90055 4.77528
 34.94541 4.71666
 34.95277 4.69750
 34.95250 4.67472
 34.95833 4.64264
 35.01347 4.56014
 35.03208 4.54431
 35.11833 4.50916
 35.13930 4.50889
 35.17666 4.51750
 35.17998 4.51901
 35.15125 4.42042
 35.14611 4.35792
 35.15686 4.31750
 35.18666 4.26500
 35.18972 4.21555
 35.20264 4.11931
 35.21458 4.09292
 35.23014 4.07000
 35.24528 4.02084
 35.25611 3.91493
 35.22367 3.90208
 35.20298 3.86437
 35.19972 3.82069
 35.20305 3.80166
 35.17416 3.80139
 35.03652 3.81916
 35.01514 3.83278
 34.98444 3.85625
 34.95791 3.87215
 34.88757 3.86643
 34.87639 3.83555
 34.85777 3.68861
 34.85638 3.65750
 34.85145 3.55334
 34.82985 3.54653
 34.79138 3.56278
 34.77361 3.57584
 34.74659 3.60465
 34.72750 3.64819
 34.71916 3.66639
 34.68930 3.68208
 34.66541 3.64681
 34.65472 3.61528
 34.64695 3.58889
 34.64111 3.55945
 34.63145 3.49458
 34.65555 3.43736
 34.67430 3.41028
 34.69861 3.37736
 34.71833 3.35847
 34.75833 3.34361
 34.79812 3.32285
 34.80222 3.30250
 34.79944 3.27778
 34.78000 3.16222
 34.69958 2.91236
 34.68726 2.89211
 34.61305 2.92166
 34.56444 2.98055
 34.49916 3.06361
 34.44527 3.13972
 34.41833 3.18500
 34.36125 3.22555
 34.31888 3.19166
 34.29861 3.17084
 34.27055 3.11361
 34.26166 3.08903
 34.23972 3.07042
 34.21472 3.06666
 34.17638 3.06945
 34.12083 3.08153
 34.06861 3.10347
 34.04277 3.13139
 34.02235 3.16403
 34.00194 3.20416
 33.98250 3.22305
 33.94722 3.24195
 33.92416 3.23145
 33.90097 3.18597
 33.88653 3.15584
 33.85735 3.12243
 33.79834 3.10166
 33.73985 3.08792
 33.67215 3.08618
 33.64500 3.10111
 33.61166 3.13666
 33.57916 3.18028
 33.56388 3.20653
 33.55458 3.23458
 33.53604 3.27452
 33.49666 3.25305
 33.47944 3.24139
 33.46000 3.22389
 33.43375 3.19334
 33.40069 3.12042
 33.38027 3.06111
 33.37472 3.04139
 33.35861 3.01264
 33.30749 2.95916
 33.26749 2.93611
 33.21048 2.91452
 33.12333 3.12389
 33.07889 3.30945
 33.07388 3.33416
 33.06972 3.38111
 33.06500 3.47250
 33.07819 3.53778
 33.08819 3.57014
 33.10583 3.59972
 33.13055 3.64458
 32.97000 3.78569
 32.93444 3.79695
 32.83694 3.82472
 32.78771 3.83410
 32.72611 3.86195
 32.69666 3.87875
 32.62250 3.94222
 32.60777 3.95750
 32.60111 3.96750
 32.58860 3.98347
 32.57750 4.01916
 32.57597 4.04208
 32.59777 4.08805
 32.64111 4.27973
 32.64986 4.29958
 32.69611 4.32084
 32.71277 4.33319
 32.74583 4.36305
 32.81305 4.44861
 32.87291 4.51403
 32.91153 4.53500
 32.92180 4.55250
 32.91916 4.60250
 32.91333 4.62639
 32.90861 4.65695
 32.92236 4.68250
 32.94222 4.70389
 32.95750 4.71805
 33.02833 4.78028
 33.06777 4.80528
 33.08583 4.81500
 33.11805 4.83166
 33.32638 4.93778
 33.45527 5.00278
 33.55180 5.02014
 33.60500 5.01875
 33.62277 5.03084
 33.64666 5.07472
 33.66138 5.09916
 33.67694 5.12250
 33.70458 5.16042
 33.75102 5.17965
 33.79083 5.12694
 33.81985 5.09735
 33.95750 5.16945
 34.00945 5.21278
 34.04916 5.27305
 34.10458 5.33014
 34.17361 5.38611
 34.21160 5.40751
 34.28278 5.42917
1 161 33.1653 35.9192 4.50889 7.08666 'North-West (Morocco)'
 35.91634 5.39555
 35.90055 5.39236
 35.87152 5.37722
 35.84722 5.35445
 35.84166 5.34584
 35.82999 5.34500
 35.79055 5.33889
 35.73750 5.32972
 35.70027 5.32028
 35.57437 5.24895
 35.55055 5.21069
 35.36695 4.96639
 35.31847 4.91681
 35.25083 4.79166
 35.22083 4.73000
 35.20888 4.69584
 35.19222 4.60195
 35.17998 4.51901
 35.17666 4.51750
 35.13930 4.50889
 35.11833 4.50916
 35.03208 4.54431
 35.01347 4.56014
 34.95833 4.64264
 34.95250 4.67472
 34.95277 4.69750
 34.94541 4.71666
 34.90055 4.77528
 34.85722 4.83916
 34.84617 4.86958
 34.83805 5.00695
 34.83749 5.03611
 34.84014 5.07153
 34.84729 5.09535
 34.83445 5.15028
 34.82611 5.17250
 34.68680 5.20875
 34.59274 5.21433
 34.55988 5.23059
 34.41446 5.39145
 34.34166 5.47194
 34.28278 5.42917
 34.24024 5.45382
 34.17988 5.46190
 34.12805 5.61389
 34.12499 5.66361
 34.13680 5.70250
 34.18250 5.70667
 34.20583 5.74625
 34.19888 5.80861
 34.15875 5.87930
 34.12277 5.88611
 34.06277 5.87702
 34.03541 5.86181
 34.01930 5.83958
 33.96611 5.81473
 33.83472 5.76945
 33.80819 5.76750
 33.75916 5.77334
 33.65139 5.80847
 33.63275 5.84764
 33.58527 5.84972
 33.48389 5.81834
 33.44027 5.78722
 33.37527 5.79361
 33.35195 5.81000
 33.31749 5.84792
 33.31972 5.88639
 33.32333 5.91639
 33.33027 5.94326
 33.32999 6.01395
 33.30180 6.03736
 33.28069 6.05416
 33.26909 6.07521
 33.31096 6.13139
 33.33472 6.14750
 33.40972 6.21278
 33.43035 6.23569
 33.45708 6.30645
 33.44749 6.33569
 33.35722 6.40028
 33.31222 6.41431
 33.28305 6.40639
 33.27014 6.39111
 33.24166 6.39222
 33.20115 6.43274
 33.19413 6.44975
 33.17500 6.48750
 33.16805 6.51069
 33.16527 6.54166
 33.16694 6.56555
 33.18999 6.79528
 33.18610 6.82861
 33.18463 6.86302
 33.21249 6.95584
 33.23166 7.00139
 33.24431 7.01945
 33.27305 7.03695
 33.30597 7.04375
 33.33402 7.04416
 33.35958 7.03889
 33.39791 7.02375
 33.42985 7.00611
 33.46638 6.98528
 33.49305 6.97389
 33.51888 6.96889
 33.54875 6.97555
 33.57027 6.98542
 33.59305 6.99764
 33.61638 6.99486
 33.61500 6.97278
 33.61111 6.95055
 33.60416 6.92445
 33.58583 6.85861
 33.57319 6.83111
 33.54791 6.79916
 33.53611 6.77736
 33.61875 6.77195
 33.68527 6.77972
 33.75550 6.82089
 33.77982 6.87633
 33.78614 6.92100
 33.76701 6.97991
 33.74458 7.03748
 33.80711 7.08262
 33.85195 7.08666
 33.85361 7.08084
 33.86875 7.03903
 33.91638 6.96889
 33.94166 6.93334
 34.01861 6.84305
 34.06207 6.79750
 34.19611 6.71639
 34.29555 6.65500
 34.31833 6.63972
 34.37611 6.59778
 34.39111 6.58250
 34.54084 6.48834
 34.72138 6.37916
 34.75555 6.35861
 34.80028 6.33416
 34.83500 6.31528
 34.90695 6.27945
 35.00833 6.24250
 35.09305 6.21166
 35.18388 6.17139
 35.33305 6.10472
 35.45027 6.05222
 35.57944 5.99666
 35.66472 5.96611
 35.75944 5.93750
 35.79065 5.91875
 35.79666 5.84834
 35.80555 5.74445
 35.82194 5.59584
 35.84249 5.54375
 35.87153 5.50903
 35.89722 5.48834
 35.91444 5.45555
 35.91916 5.40778
 35.91634 5.39555
2 209 31.3117 33.8519 5.48681 9.05317 'Centre (Morocco)'
 32.00184 5.70398
 31.98889 5.70500
 31.95930 5.71937
 31.92222 5.75958
 31.90888 5.77639
 31.89458 5.79597
 31.85889 5.85334
 31.73055 6.03916
 31.70805 6.06945
 31.67750 6.11416
 31.61931 6.22070
 31.59166 6.28236
 31.58945 6.30945
 31.59000 6.34666
 31.58735 6.37708
 31.57312 6.40695
 31.54750 6.41361
 31.52195 6.41000
 31.50195 6.40264
 31.47888 6.40153
 31.45833 6.41514
 31.44527 6.44305
 31.44000 6.49736
 31.44139 6.52805
 31.44555 6.56722
 31.44916 6.58972
 31.45583 6.61611
 31.45805 6.65549
 31.44403 6.67708
 31.41500 6.68639
 31.38305 6.69250
 31.33965 6.70299
 31.32403 6.71750
 31.31409 6.74639
 31.31166 6.83778
 31.31722 6.96723
 31.32166 7.00416
 31.34666 7.05160
 31.35833 7.07347
 31.35472 7.11000
 31.35188 7.13247
 31.45701 7.14466
 31.54289 7.17016
 31.61479 7.23052
 31.67909 7.33964
 31.72209 7.29281
 31.74207 7.23425
 31.75270 7.14414
 31.76265 7.08789
 31.80109 7.04850
 31.83654 7.02652
 31.99555 7.09195
 32.01944 7.12111
 32.03695 7.13194
 32.12611 7.14805
 32.15665 7.14027
 32.19166 7.12195
 32.30083 7.09583
 32.32027 7.11333
 32.31528 7.13667
 32.33055 7.19278
 32.35992 7.23272
 32.39361 7.28333
 32.44276 7.42917
 32.44444 7.54111
 32.46458 7.61819
 32.54222 7.69611
 32.57222 7.71625
 32.59499 7.71611
 32.62389 7.74695
 32.65749 7.81472
 32.66000 7.84389
 32.67000 7.87305
 32.69389 7.91139
 32.72749 7.94444
 32.76945 7.98127
 32.66305 8.04361
 32.62319 8.05639
 32.57006 8.05660
 32.52750 8.05889
 32.50583 8.06611
 32.48138 8.08320
 32.45138 8.11084
 32.35555 8.33166
 32.29277 8.52222
 32.30722 8.53778
 32.32708 8.55528
 32.35083 8.56666
 32.38195 8.58611
 32.40305 8.60111
 32.43388 8.63257
 32.43111 8.69639
 32.42860 8.74278
 32.43229 8.79785
 32.44194 8.81555
 32.49625 8.89563
 32.54416 8.96666
 32.56319 8.98931
 32.59403 9.00410
 32.63735 8.98584
 32.66958 8.97952
 32.69305 8.99334
 32.71333 9.01431
 32.72653 9.03125
 32.73480 9.05317
 32.76478 9.03000
 32.82728 8.94889
 32.91527 8.84166
 32.99195 8.75195
 33.11403 8.62958
 33.14535 8.61507
 33.21972 8.56778
 33.25055 8.53834
 33.25485 8.50195
 33.25333 8.47528
 33.25805 8.45139
 33.27764 8.40778
 33.32027 8.35584
 33.34722 8.32973
 33.37298 8.30618
 33.39514 8.24875
 33.40861 8.17889
 33.42305 8.11355
 33.48722 7.95028
 33.52750 7.85792
 33.53583 7.83361
 33.57611 7.70750
 33.61295 7.63660
 33.60638 7.60611
 33.64833 7.49666
 33.71889 7.38861
 33.79639 7.22834
 33.80989 7.19555
 33.85195 7.08666
 33.80711 7.08262
 33.74458 7.03748
 33.76701 6.97991
 33.78614 6.92100
 33.77982 6.87633
 33.75550 6.82089
 33.68527 6.77972
 33.61875 6.77195
 33.53611 6.77736
 33.54791 6.79916
 33.57319 6.83111
 33.58583 6.85861
 33.60416 6.92445
 33.61111 6.95055
 33.61500 6.97278
 33.61638 6.99486
 33.59305 6.99764
 33.57027 6.98542
 33.54875 6.97555
 33.51888 6.96889
 33.49305 6.97389
 33.46638 6.98528
 33.42985 7.00611
 33.39791 7.02375
 33.35958 7.03889
 33.33402 7.04416
 33.30597 7.04375
 33.27305 7.03695
 33.24431 7.01945
 33.23166 7.00139
 33.21249 6.95584
 33.18463 6.86302
 33.18610 6.82861
 33.18999 6.79528
 33.16694 6.56555
 33.16527 6.54166
 33.16805 6.51069
 33.17500 6.48750
 33.19413 6.44975
 33.15916 6.41278
 33.11666 6.36014
 33.10361 6.33334
 33.09361 6.30584
 33.08903 6.27986
 33.08819 6.25320
 33.08485 6.22736
 33.05041 6.17611
 32.98576 6.11569
 32.94166 6.11639
 32.90500 6.11084
 32.88416 6.10000
 32.85235 6.07805
 32.79861 6.00972
 32.79027 5.99000
 32.78500 5.97028
 32.77945 5.94111
 32.77638 5.91778
 32.76597 5.88722
 32.75361 5.86805
 32.69445 5.78972
 32.67597 5.77097
 32.66027 5.75750
 32.64166 5.73889
 32.61659 5.69695
 32.59694 5.61250
 32.53847 5.53181
 32.33020 5.48681
 32.30416 5.50305
 32.22221 5.60799
 32.21695 5.64166
 32.21555 5.66958
 32.20805 5.69750
 32.13666 5.72055
 32.07472 5.72222
 32.00184 5.70398
3 241 30.1805 34.2828 3.23217 6.44975 'Centre-South (Morocco)'
 32.60111 3.96750
 32.54527 3.89416
 32.46583 3.82250
 32.37222 3.77305
 32.30833 3.75834
 32.28889 3.74084
 32.25583 3.68778
 32.23167 3.66834
 32.20750 3.65834
 32.15749 3.65055
 32.13916 3.61076
 32.15661 3.52537
 32.15168 3.41940
 32.17057 3.35624
 32.18358 3.26829
 32.17425 3.23571
 32.10378 3.24605
 32.03728 3.29954
 31.95982 3.28643
 31.89519 3.24561
 31.83760 3.23217
 31.78839 3.26180
 31.72611 3.38611
 31.70777 3.42000
 31.67945 3.48139
 31.67326 3.51708
 31.67805 3.54778
 31.68250 3.56916
 31.69639 3.63055
 31.70854 3.65431
 31.71583 3.68528
 31.71611 3.71792
 31.70555 3.79139
 31.69805 3.81347
 31.68277 3.82834
 31.65027 3.83500
 31.48979 3.84299
 31.45292 3.82660
 31.33916 3.80389
 31.18278 3.82555
 31.16159 3.82389
 31.14764 3.80153
 31.15264 3.78166
 31.15027 3.69778
 31.09083 3.60014
 31.02826 3.59285
 30.99139 3.60222
 30.97361 3.62222
 30.96111 3.64666
 30.94195 3.70472
 30.94097 3.75028
 30.94111 3.80028
 30.93805 3.84055
 30.93416 3.88000
 30.92861 3.92528
 30.91833 3.98750
 30.91333 4.00805
 30.90153 4.03334
 30.80445 4.13278
 30.78695 4.14945
 30.77250 4.16500
 30.74264 4.21514
 30.72777 4.26111
 30.69347 4.33736
 30.67916 4.36000
 30.66027 4.37889
 30.64722 4.39958
 30.63722 4.43000
 30.63166 4.46778
 30.60083 4.63916
 30.50985 4.91514
 30.49555 4.93819
 30.46333 4.96972
 30.42361 4.99445
 30.39389 5.01084
 30.35916 5.02916
 30.31666 5.04805
 30.26236 5.08097
 30.19236 5.13916
 30.18047 5.15214
 30.23333 5.24666
 30.33139 5.25084
 30.52278 5.25723
 30.66375 5.26889
 30.67319 5.31084
 30.69409 5.36208
 30.77042 5.44166
 30.79235 5.45486
 30.88972 5.44334
 30.96055 5.39722
 30.97639 5.38278
 30.99445 5.37055
 31.02048 5.35834
 31.15916 5.31611
 31.19653 5.31243
 31.22639 5.32097
 31.24916 5.32625
 31.38354 5.29903
 31.40403 5.27084
 31.41445 5.24055
 31.42250 5.20445
 31.43569 5.18931
 31.47569 5.17805
 31.50485 5.18569
 31.52485 5.21166
 31.53416 5.25292
 31.53653 5.28555
 31.54666 5.32139
 31.55979 5.36174
 31.58389 5.40889
 31.60222 5.43222
 31.63277 5.46945
 31.73333 5.58834
 31.82653 5.55653
 31.96945 5.52792
 32.01639 5.57250
 32.03527 5.62555
 32.00184 5.70398
 32.07472 5.72222
 32.13666 5.72055
 32.20805 5.69750
 32.21555 5.66958
 32.21695 5.64166
 32.22221 5.60799
 32.30416 5.50305
 32.33020 5.48681
 32.53847 5.53181
 32.59694 5.61250
 32.61659 5.69695
 32.64166 5.73889
 32.66027 5.75750
 32.67597 5.77097
 32.69445 5.78972
 32.75361 5.86805
 32.76597 5.88722
 32.77638 5.91778
 32.77945 5.94111
 32.78500 5.97028
 32.79027 5.99000
 32.79861 6.00972
 32.85235 6.07805
 32.88416 6.10000
 32.90500 6.11084
 32.94166 6.11639
 32.98576 6.11569
 33.05041 6.17611
 33.08485 6.22736
 33.08819 6.25320
 33.08903 6.27986
 33.09361 6.30584
 33.10361 6.33334
 33.11666 6.36014
 33.15916 6.41278
 33.19413 6.44975
 33.20115 6.43274
 33.24166 6.39222
 33.27014 6.39111
 33.28305 6.40639
 33.31222 6.41431
 33.35722 6.40028
 33.44749 6.33569
 33.45708 6.30645
 33.43035 6.23569
 33.40972 6.21278
 33.33472 6.14750
 33.31096 6.13139
 33.26909 6.07521
 33.28069 6.05416
 33.30180 6.03736
 33.32999 6.01395
 33.33027 5.94326
 33.32333 5.91639
 33.31972 5.88639
 33.31749 5.84792
 33.35195 5.81000
 33.37527 5.79361
 33.44027 5.78722
 33.48389 5.81834
 33.58527 5.84972
 33.63275 5.84764
 33.65139 5.80847
 33.75916 5.77334
 33.80819 5.76750
 33.83472 5.76945
 33.96611 5.81473
 34.01930 5.83958
 34.03541 5.86181
 34.06277 5.87702
 34.12277 5.88611
 34.15875 5.87930
 34.19888 5.80861
 34.20583 5.74625
 34.18250 5.70667
 34.13680 5.70250
 34.12499 5.66361
 34.12805 5.61389
 34.17988 5.46190
 34.24024 5.45382
 34.28278 5.42917
 34.21160 5.40751
 34.17361 5.38611
 34.10458 5.33014
 34.04916 5.27305
 34.00945 5.21278
 33.95750 5.16945
 33.81985 5.09735
 33.79083 5.12694
 33.75102 5.17965
 33.70458 5.16042
 33.67694 5.12250
 33.66138 5.09916
 33.64666 5.07472
 33.62277 5.03084
 33.60500 5.01875
 33.55180 5.02014
 33.45527 5.00278
 33.32638 4.93778
 33.11805 4.83166
 33.08583 4.81500
 33.06777 4.80528
 33.02833 4.78028
 32.95750 4.71805
 32.94222 4.70389
 32.92236 4.68250
 32.90861 4.65695
 32.91333 4.62639
 32.91916 4.60250
 32.92180 4.55250
 32.91153 4.53500
 32.87291 4.51403
 32.81305 4.44861
 32.74583 4.36305
 32.71277 4.33319
 32.69611 4.32084
 32.64986 4.29958
 32.64111 4.27973
 32.59777 4.08805
 32.57597 4.04208
 32.57750 4.01916
 32.58860 3.98347
 32.60111 3.96750
4 248 31.7261 35.4181 1.01181 3.9675 'Eastern (Morocco)'
 32.60111 3.96750
 32.60777 3.95750
 32.62250 3.94222
 32.69666 3.87875
 32.72611 3.86195
 32.78771 3.83410
 32.83694 3.82472
 32.93444 3.79695
 32.97000 3.78569
 33.13055 3.64458
 33.10583 3.59972
 33.08819 3.57014
 33.07819 3.53778
 33.06500 3.47250
 33.06972 3.38111
 33.07388 3.33416
 33.07889 3.30945
 33.12333 3.12389
 33.21048 2.91452
 33.26749 2.93611
 33.30749 2.95916
 33.35861 3.01264
 33.37472 3.04139
 33.38027 3.06111
 33.40069 3.12042
 33.43375 3.19334
 33.46000 3.22389
 33.47944 3.24139
 33.49666 3.25305
 33.53604 3.27452
 33.55458 3.23458
 33.56388 3.20653
 33.57916 3.18028
 33.61166 3.13666
 33.64500 3.10111
 33.67215 3.08618
 33.73985 3.08792
 33.79834 3.10166
 33.85735 3.12243
 33.88653 3.15584
 33.90097 3.18597
 33.92416 3.23145
 33.94722 3.24195
 33.98250 3.22305
 34.00194 3.20416
 34.02235 3.16403
 34.04277 3.13139
 34.06861 3.10347
 34.12083 3.08153
 34.17638 3.06945
 34.21472 3.06666
 34.23972 3.07042
 34.26166 3.08903
 34.27055 3.11361
 34.29861 3.17084
 34.31888 3.19166
 34.36125 3.22555
 34.41833 3.18500
 34.44527 3.13972
 34.49916 3.06361
 34.56444 2.98055
 34.61305 2.92166
 34.68726 2.89211
 34.69958 2.91236
 34.78000 3.16222
 34.79944 3.27778
 34.80222 3.30250
 34.79812 3.32285
 34.75833 3.34361
 34.71833 3.35847
 34.69861 3.37736
 34.67430 3.41028
 34.65555 3.43736
 34.63145 3.49458
 34.64111 3.55945
 34.64695 3.58889
 34.65472 3.61528
 34.66541 3.64681
 34.68930 3.68208
 34.71916 3.66639
 34.72750 3.64819
 34.74659 3.60465
 34.77361 3.57584
 34.79138 3.56278
 34.82985 3.54653
 34.85145 3.55334
 34.85638 3.65750
 34.85777 3.68861
 34.87639 3.83555
 34.88757 3.86643
 34.95791 3.87215
 34.98444 3.85625
 35.01514 3.83278
 35.03652 3.81916
 35.17416 3.80139
 35.20305 3.80166
 35.24166 3.75555
 35.26958 3.65472
 35.22951 3.58479
 35.19500 3.41055
 35.19305 3.38639
 35.19138 3.33625
 35.19527 3.30639
 35.24694 3.16834
 35.28771 3.07076
 35.34611 3.02361
 35.41805 2.98611
 35.36194 2.96084
 35.32916 2.94695
 35.31663 2.96618
 35.28132 2.96507
 35.26444 2.93924
 35.27361 2.91472
 35.25916 2.90139
 35.22055 2.90278
 35.19833 2.91208
 35.16972 2.90555
 35.14180 2.87695
 35.12514 2.83486
 35.12238 2.78380
 35.14722 2.79416
 35.16584 2.82334
 35.19944 2.85750
 35.23458 2.88368
 35.18444 2.80778
 35.15834 2.77639
 35.13975 2.74889
 35.11084 2.67639
 35.09847 2.62722
 35.09389 2.54972
 35.09638 2.52611
 35.10819 2.48139
 35.12360 2.34305
 35.09694 2.25805
 35.08583 2.21695
 35.08583 2.20945
 35.03749 2.20326
 35.01222 2.18028
 34.94360 2.07500
 34.80138 1.85639
 34.77062 1.79785
 34.75465 1.75760
 34.66389 1.80084
 34.64833 1.81972
 34.61437 1.85496
 34.50075 1.73257
 34.48908 1.69258
 34.44027 1.73250
 34.37833 1.79334
 34.34945 1.75055
 34.26666 1.71916
 34.10000 1.65834
 34.08361 1.65445
 33.96638 1.68750
 33.89083 1.70834
 33.70449 1.72827
 33.67846 1.69514
 33.66277 1.65437
 33.58985 1.60555
 33.55972 1.60069
 33.51625 1.59986
 33.44319 1.62916
 33.41222 1.64889
 33.37652 1.66729
 33.25888 1.66666
 33.22639 1.64611
 33.14583 1.58055
 33.11138 1.54889
 33.08861 1.51722
 33.07347 1.49021
 33.05075 1.47826
 33.01957 1.47750
 32.98187 1.48618
 32.93944 1.54250
 32.72445 1.38278
 32.66722 1.26695
 32.50555 1.01181
 32.47194 1.04028
 32.45000 1.06389
 32.41694 1.11764
 32.41055 1.15111
 32.40569 1.19153
 32.38250 1.21597
 32.32347 1.25042
 32.24083 1.25805
 32.20802 1.25773
 32.17229 1.29187
 32.15625 1.27584
 32.16777 1.24166
 32.17277 1.20666
 32.13875 1.17597
 32.11222 1.18055
 32.09181 1.20778
 32.08583 1.23861
 32.08527 1.25916
 32.09249 1.28625
 32.10042 1.31222
 32.10945 1.47250
 32.10777 1.49250
 32.11111 1.65945
 32.11999 1.90166
 32.12111 1.93111
 32.12472 1.98278
 32.13611 2.10236
 32.14305 2.13500
 32.14611 2.16639
 32.15472 2.26416
 32.15722 2.30250
 32.15722 2.33819
 32.14916 2.41778
 32.14361 2.46389
 32.08653 2.85945
 32.06861 2.89549
 32.03291 2.93445
 32.01138 2.94347
 31.96305 2.94847
 31.93986 2.94639
 31.89861 2.95000
 31.86889 2.95945
 31.84750 2.97639
 31.83333 2.99945
 31.79666 3.09695
 31.77833 3.15972
 31.75805 3.23472
 31.74472 3.28750
 31.72611 3.38611
 31.78839 3.26180
 31.83760 3.23217
 31.89519 3.24561
 31.95982 3.28643
 32.03728 3.29954
 32.10378 3.24605
 32.17425 3.23571
 32.18358 3.26829
 32.17057 3.35624
 32.15168 3.41940
 32.15661 3.52537
 32.13916 3.61076
 32.15749 3.65055
 32.20750 3.65834
 32.23167 3.66834
 32.25583 3.68778
 32.28889 3.74084
 32.30833 3.75834
 32.37222 3.77305
 32.46583 3.82250
 32.54527 3.89416
 32.60111 3.96750
5 278 27.6642 32.0353 5.15214 13.175 'South (Morocco)'
 27.66666 8.66666
 27.66611 9.30000
 27.66666 9.33361
 27.66666 9.66722
 27.66666 9.83334
 27.66666 9.93361
 27.66638 10.00000
 27.66501 10.02252
 27.66424 10.06724
 27.66477 10.12051
 27.66657 10.29974
 27.66645 12.84110
 27.66611 13.06750
 27.66638 13.16695
 27.66695 13.17496
 27.68222 13.16958
 27.70069 13.15139
 27.71305 13.11584
 27.73861 13.06778
 27.75819 13.03986
 27.77735 13.02236
 27.81972 13.00250
 27.86084 12.98528
 27.88945 12.97722
 27.92048 12.96271
 27.95416 12.90250
 27.96472 12.84639
 27.97888 12.76445
 27.98555 12.70473
 27.99027 12.61473
 28.03111 12.38250
 28.08389 12.06305
 28.14805 11.94195
 28.22639 11.73278
 28.26000 11.64139
 28.29055 11.54666
 28.30375 11.51195
 28.34041 11.45111
 28.52472 11.30334
 28.55695 11.26111
 28.64277 11.16250
 28.70021 11.10215
 28.73666 11.08278
 28.75639 11.05445
 28.81888 10.92528
 28.91750 10.72028
 28.94750 10.63958
 28.96208 10.61361
 29.00611 10.55055
 29.02833 10.52111
 29.04541 10.50097
 29.09722 10.44166
 29.11771 10.43076
 29.16861 10.39445
 29.22916 10.34764
 29.26334 10.30695
 29.27445 10.28458
 29.29090 10.25493
 29.31792 10.22820
 29.42805 10.13805
 29.51945 10.08055
 29.54305 10.07445
 29.56389 10.07278
 29.58639 10.06195
 29.77695 9.87723
 29.83333 9.82195
 29.84889 9.80778
 29.86764 9.79292
 29.90639 9.76973
 29.96277 9.73695
 30.09792 9.66347
 30.16500 9.64097
 30.37375 9.60820
 30.40250 9.60840
 30.54319 9.70500
 30.61250 9.79361
 30.62756 9.83125
 30.72695 9.85389
 30.75555 9.83750
 30.77945 9.82389
 30.81861 9.81299
 30.88235 9.81726
 30.88777 9.80028
 30.89201 9.75208
 30.88347 9.73278
 30.82611 9.69750
 30.80042 9.59611
 30.81750 9.56834
 30.82722 9.54458
 30.85000 9.40889
 30.84222 9.37584
 30.80861 9.30111
 30.76903 9.21250
 30.82347 8.99389
 30.84945 8.96764
 30.86945 8.93903
 30.87555 8.90416
 30.87826 8.76855
 30.85708 8.73820
 30.85222 8.66250
 30.84875 8.35875
 30.86514 8.26042
 30.87416 8.23611
 30.88361 8.20473
 30.88930 8.17681
 30.88492 8.14703
 30.86985 8.10000
 30.86160 8.06965
 30.86611 8.02792
 30.88458 7.99229
 30.90722 7.97195
 30.94195 7.95764
 30.97445 7.94445
 31.02805 7.91166
 31.04777 7.89000
 31.05695 7.86195
 31.05805 7.82639
 31.06375 7.76916
 31.08555 7.70736
 31.12777 7.65055
 31.17083 7.59611
 31.18416 7.57945
 31.22333 7.52889
 31.23861 7.50695
 31.25750 7.46584
 31.27083 7.40500
 31.28277 7.35778
 31.30778 7.27111
 31.33333 7.20750
 31.35188 7.13247
 31.35472 7.11000
 31.35833 7.07347
 31.34666 7.05160
 31.32166 7.00416
 31.31722 6.96723
 31.31166 6.83778
 31.31409 6.74639
 31.32403 6.71750
 31.33965 6.70299
 31.38305 6.69250
 31.41500 6.68639
 31.44403 6.67708
 31.45805 6.65549
 31.45583 6.61611
 31.44916 6.58972
 31.44555 6.56722
 31.44139 6.52805
 31.44000 6.49736
 31.44527 6.44305
 31.45833 6.41514
 31.47888 6.40153
 31.50195 6.40264
 31.52195 6.41000
 31.54750 6.41361
 31.57312 6.40695
 31.58735 6.37708
 31.59000 6.34666
 31.58945 6.30945
 31.59166 6.28236
 31.61931 6.22070
 31.67750 6.11416
 31.70805 6.06945
 31.73055 6.03916
 31.85889 5.85334
 31.89458 5.79597
 31.90888 5.77639
 31.92222 5.75958
 31.95930 5.71937
 31.98889 5.70500
 32.00184 5.70398
 32.03527 5.62555
 32.01639 5.57250
 31.96945 5.52792
 31.82653 5.55653
 31.73333 5.58834
 31.63277 5.46945
 31.60222 5.43222
 31.58389 5.40889
 31.55979 5.36174
 31.54666 5.32139
 31.53653 5.28555
 31.53416 5.25292
 31.52485 5.21166
 31.50485 5.18569
 31.47569 5.17805
 31.43569 5.18931
 31.42250 5.20445
 31.41445 5.24055
 31.40403 5.27084
 31.38354 5.29903
 31.24916 5.32625
 31.22639 5.32097
 31.19653 5.31243
 31.15916 5.31611
 31.02048 5.35834
 30.99445 5.37055
 30.97639 5.38278
 30.96055 5.39722
 30.88972 5.44334
 30.79235 5.45486
 30.77042 5.44166
 30.69409 5.36208
 30.67319 5.31084
 30.66375 5.26889
 30.52278 5.25723
 30.33139 5.25084
 30.23333 5.24666
 30.18047 5.15214
 30.16027 5.17084
 30.10750 5.22305
 30.05527 5.27584
 30.02584 5.31361
 30.00027 5.34750
 29.97639 5.39084
 29.90597 5.53069
 29.89523 5.56948
 29.89416 5.62750
 29.88916 5.69445
 29.88472 5.73334
 29.87639 5.79055
 29.85667 5.89833
 29.84069 5.94125
 29.83055 5.99292
 29.83305 6.03903
 29.84375 6.06389
 29.84792 6.08500
 29.84889 6.11111
 29.84819 6.13931
 29.84139 6.16195
 29.80826 6.19514
 29.79888 6.22445
 29.80445 6.40028
 29.73958 6.48166
 29.66945 6.49736
 29.63389 6.51125
 29.61292 6.52778
 29.58694 6.55416
 29.56833 6.58340
 29.56611 6.63555
 29.57514 6.69695
 29.58924 6.73229
 29.60361 6.78528
 29.61222 6.84084
 29.64027 7.10500
 29.63583 7.12625
 29.59777 7.19500
 29.53985 7.29611
 29.51743 7.31681
 29.48638 7.33611
 29.46166 7.35639
 29.39611 7.43639
 29.38861 7.46195
 29.38527 7.48778
 29.38722 7.51834
 29.38972 7.53945
 29.39361 7.56055
 29.39555 7.58972
 29.39333 7.61292
 29.38611 7.64236
 29.36958 7.66292
 29.34111 7.69028
 29.25611 7.79805
 29.12277 7.98695
 29.05653 8.14500
 29.04347 8.17236
 29.02666 8.20000
 28.91764 8.35973
 28.90333 8.37500
 28.87292 8.39666
 28.84945 8.41055
 28.79055 8.49555
 28.77945 8.52111
 28.76972 8.55555
 28.75985 8.57847
 28.73277 8.62834
 28.70945 8.66722
 27.93333 8.66722
 27.66666 8.66666
6 142 30.769 32.7695 7.02652 9.84445 'Tensift (Morocco)'
 32.73480 9.05317
 32.72653 9.03125
 32.71333 9.01431
 32.69305 8.99334
 32.66958 8.97952
 32.63735 8.98584
 32.59403 9.00410
 32.56319 8.98931
 32.54416 8.96666
 32.49625 8.89563
 32.44194 8.81555
 32.43229 8.79785
 32.42860 8.74278
 32.43111 8.69639
 32.43388 8.63257
 32.40305 8.60111
 32.38195 8.58611
 32.35083 8.56666
 32.32708 8.55528
 32.30722 8.53778
 32.29277 8.52222
 32.35555 8.33166
 32.45138 8.11084
 32.48138 8.08320
 32.50583 8.06611
 32.52750 8.05889
 32.57006 8.05660
 32.62319 8.05639
 32.66305 8.04361
 32.76945 7.98127
 32.72749 7.94444
 32.69389 7.91139
 32.67000 7.87305
 32.66000 7.84389
 32.65749 7.81472
 32.62389 7.74695
 32.59499 7.71611
 32.57222 7.71625
 32.54222 7.69611
 32.46458 7.61819
 32.44444 7.54111
 32.44276 7.42917
 32.39361 7.28333
 32.35992 7.23272
 32.33055 7.19278
 32.31528 7.13667
 32.32027 7.11333
 32.30083 7.09583
 32.19166 7.12195
 32.15665 7.14027
 32.12611 7.14805
 32.03695 7.13194
 32.01944 7.12111
 31.99555 7.09195
 31.83654 7.02652
 31.80109 7.04850
 31.76265 7.08789
 31.75270 7.14414
 31.74207 7.23425
 31.72209 7.29281
 31.67909 7.33964
 31.61479 7.23052
 31.54289 7.17016
 31.45701 7.14466
 31.35188 7.13247
 31.33333 7.20750
 31.30778 7.27111
 31.28277 7.35778
 31.27083 7.40500
 31.25750 7.46584
 31.23861 7.50695
 31.22333 7.52889
 31.18416 7.57945
 31.17083 7.59611
 31.12777 7.65055
 31.08555 7.70736
 31.06375 7.76916
 31.05805 7.82639
 31.05695 7.86195
 31.04777 7.89000
 31.02805 7.91166
 30.97445 7.94445
 30.94195 7.95764
 30.90722 7.97195
 30.88458 7.99229
 30.86611 8.02792
 30.86160 8.06965
 30.86985 8.10000
 30.88492 8.14703
 30.88930 8.17681
 30.88361 8.20473
 30.87416 8.23611
 30.86514 8.26042
 30.84875 8.35875
 30.85222 8.66250
 30.85708 8.73820
 30.87826 8.76855
 30.87555 8.90416
 30.86945 8.93903
 30.84945 8.96764
 30.82347 8.99389
 30.76903 9.21250
 30.80861 9.30111
 30.84222 9.37584
 30.85000 9.40889
 30.82722 9.54458
 30.81750 9.56834
 30.80042 9.59611
 30.82611 9.69750
 30.88347 9.73278
 30.89201 9.75208
 30.88777 9.80028
 30.88235 9.81726
 30.95195 9.82625
 31.11500 9.84445
 31.13500 9.84264
 31.20916 9.82778
 31.25597 9.81458
 31.28195 9.80681
 31.32618 9.80278
 31.37701 9.81875
 31.44666 9.80916
 31.50305 9.77528
 31.56055 9.73528
 31.62695 9.68916
 31.67083 9.68500
 31.70625 9.68069
 31.75584 9.64305
 31.77584 9.62584
 31.94334 9.45445
 32.01445 9.37500
 32.03346 9.35666
 32.18361 9.27778
 32.22749 9.26500
 32.31638 9.26055
 32.51027 9.27084
 32.54395 9.27934
 32.60750 9.21445
 32.63888 9.17028
 32.66472 9.13555
 32.70569 9.08570
 32.73480 9.05317
