0 21 25.2112 26.386 -56.5111 -56.0774 'Musandam (Oman)'
 25.29402 -56.34912
 25.26653 -56.34438
 25.25335 -56.31643
 25.24585 -56.29315
 25.23691 -56.28176
 25.21763 -56.25220
 25.21118 -56.23577
 25.21526 -56.21996
 25.22084 -56.20762
 25.22670 -56.20672
 25.23060 -56.20612
 25.25537 -56.20838
 25.26748 -56.23513
 25.27799 -56.24489
 25.28625 -56.23888
 25.29629 -56.23567
 25.31253 -56.23362
 25.33108 -56.26062
 25.32754 -56.29069
 25.30133 -56.30937
 25.29402 -56.34912
1 7 25.2112 26.386 -56.5111 -56.0774 'Musandam (Oman)'
 25.24922 -56.26303
 25.25548 -56.28298
 25.27193 -56.28833
 25.28129 -56.27381
 25.28118 -56.26508
 25.27598 -56.25958
 25.24922 -56.26303
2 207 25.2112 26.386 -56.5111 -56.0774 'Musandam (Oman)'
 25.65796 -56.15250
 25.65885 -56.15082
 25.67084 -56.14513
 25.71554 -56.14038
 25.73269 -56.14120
 25.74313 -56.15195
 25.75218 -56.16487
 25.76525 -56.17200
 25.77770 -56.16735
 25.80592 -56.14410
 25.82297 -56.13965
 25.83791 -56.14451
 25.86245 -56.16384
 25.87682 -56.17056
 25.96653 -56.17469
 25.99624 -56.18130
 26.01454 -56.18347
 26.03500 -56.17841
 26.07355 -56.16270
 26.07479 -56.15133
 26.06285 -56.10059
 26.06105 -56.07740
 26.06135 -56.07748
 26.07071 -56.08204
 26.10651 -56.09148
 26.20108 -56.15773
 26.24600 -56.18181
 26.25507 -56.19191
 26.26309 -56.20826
 26.25755 -56.20916
 26.24405 -56.20826
 26.22773 -56.21990
 26.22211 -56.21681
 26.20783 -56.21241
 26.20783 -56.21990
 26.21678 -56.22950
 26.21809 -56.25554
 26.22460 -56.26075
 26.22748 -56.26686
 26.22309 -56.27996
 26.21186 -56.29184
 26.19424 -56.29493
 26.20531 -56.30193
 26.20474 -56.30885
 26.20063 -56.31739
 26.20108 -56.32911
 26.21914 -56.35629
 26.22150 -56.36695
 26.21385 -56.39747
 26.21475 -56.40414
 26.22313 -56.40691
 26.23208 -56.40235
 26.23916 -56.39454
 26.24201 -56.38738
 26.24409 -56.36785
 26.24339 -56.35572
 26.23859 -56.34685
 26.23233 -56.34116
 26.22346 -56.33131
 26.21792 -56.31959
 26.22150 -56.30844
 26.23261 -56.30828
 26.27464 -56.31593
 26.29043 -56.31593
 26.26923 -56.34523
 26.26496 -56.35841
 26.27953 -56.36378
 26.28734 -56.35906
 26.29743 -56.34783
 26.30614 -56.33399
 26.30964 -56.32228
 26.31892 -56.32651
 26.32075 -56.33204
 26.32071 -56.33815
 26.32392 -56.34400
 26.33759 -56.35629
 26.34951 -56.36183
 26.37128 -56.36052
 26.38597 -56.36378
 26.38597 -56.36997
 26.35871 -56.38364
 26.36791 -56.39910
 26.37230 -56.40414
 26.36494 -56.41163
 26.35737 -56.40691
 26.35480 -56.40650
 26.35236 -56.40870
 26.34504 -56.41163
 26.35212 -56.42107
 26.34960 -56.42693
 26.34296 -56.43190
 26.33759 -56.43898
 26.33185 -56.46217
 26.33080 -56.47438
 26.33137 -56.48732
 26.33588 -56.48520
 26.34736 -56.48178
 26.35187 -56.47983
 26.35871 -56.50099
 26.33348 -56.51108
 26.32372 -56.50896
 26.32274 -56.49497
 26.32392 -56.46957
 26.31835 -56.45281
 26.29462 -56.42286
 26.28490 -56.40626
 26.28486 -56.40748
 26.27912 -56.40724
 26.26870 -56.39861
 26.24763 -56.42091
 26.23945 -56.43230
 26.23517 -56.44581
 26.23933 -56.45493
 26.24726 -56.46534
 26.24917 -56.47625
 26.23517 -56.48732
 26.20551 -56.46876
 26.20209 -56.45965
 26.22150 -56.45330
 26.22045 -56.44304
 26.22150 -56.43198
 26.21162 -56.43580
 26.20527 -56.43686
 26.20014 -56.43539
 26.19424 -56.43198
 26.18236 -56.44459
 26.17426 -56.45973
 26.16401 -56.47291
 26.14582 -56.47983
 26.14598 -56.46811
 26.14842 -56.45737
 26.15314 -56.44776
 26.16010 -56.43898
 26.15379 -56.42457
 26.15843 -56.41245
 26.17060 -56.40496
 26.18675 -56.40414
 26.18342 -56.39829
 26.17699 -56.38315
 26.17373 -56.37745
 26.18439 -56.37696
 26.19253 -56.37892
 26.19807 -56.38364
 26.20108 -56.39112
 26.20454 -56.36842
 26.19139 -56.34360
 26.17284 -56.32879
 26.16010 -56.33595
 26.14932 -56.33090
 26.13711 -56.32976
 26.12421 -56.33172
 26.11164 -56.33595
 26.13182 -56.34474
 26.14265 -56.35304
 26.14582 -56.36378
 26.13947 -56.37013
 26.12783 -56.37110
 26.11489 -56.36834
 26.10489 -56.36378
 26.09748 -56.38331
 26.09862 -56.47299
 26.08535 -56.46437
 26.07355 -56.44923
 26.05707 -56.41830
 26.04711 -56.38917
 26.03823 -56.38014
 26.02228 -56.38364
 26.03437 -56.40886
 26.02314 -56.42286
 26.00462 -56.42335
 25.99046 -56.40040
 25.98045 -56.40504
 25.96393 -56.41830
 25.95661 -56.42213
 25.95270 -56.43116
 25.94717 -56.45330
 25.94245 -56.44549
 25.93928 -56.44264
 25.92609 -56.43898
 25.93317 -56.42416
 25.93740 -56.40789
 25.93586 -56.39332
 25.92609 -56.38364
 25.90233 -56.39942
 25.88044 -56.39259
 25.85928 -56.37615
 25.83796 -56.36378
 25.83063 -56.36264
 25.80687 -56.36378
 25.78954 -56.34400
 25.76240 -56.32740
 25.74958 -56.31625
 25.74177 -56.30177
 25.76288 -56.30177
 25.74160 -56.28793
 25.70913 -56.27377
 25.67259 -56.26661
 25.63931 -56.27377
 25.62745 -56.27906
 25.61658 -56.23753
 25.61384 -56.22151
 25.61777 -56.20580
 25.62526 -56.19877
 25.64541 -56.18885
 25.65208 -56.17986
 25.65590 -56.15640
 25.65796 -56.15250
3 53 23.4907 24.9782 -57.5327 -56.0754 'Al Batnah North (Oman)'
 24.72976 -56.07795
 24.73051 -56.09914
 24.73542 -56.11826
 24.74570 -56.12725
 24.76283 -56.13335
 24.78671 -56.15485
 24.82399 -56.17118
 24.82407 -56.17137
 24.83024 -56.18627
 24.83448 -56.22368
 24.84244 -56.24166
 24.87195 -56.27468
 24.87698 -56.28032
 24.89517 -56.30832
 24.90507 -56.31360
 24.91196 -56.31428
 24.92991 -56.31605
 24.96253 -56.31928
 24.96794 -56.32445
 24.97269 -56.32900
 24.97822 -56.38331
 24.89728 -56.40545
 24.77534 -56.46957
 24.76512 -56.48032
 24.74185 -56.48683
 24.70018 -56.49350
 24.49632 -56.61118
 24.47138 -56.63559
 24.42524 -56.69215
 24.30296 -56.80144
 24.27114 -56.82309
 24.25251 -56.83229
 24.22382 -56.84108
 24.11591 -56.93946
 24.02310 -57.05828
 23.95356 -57.15154
 23.93427 -57.18426
 23.88402 -57.32635
 23.83910 -57.50961
 23.82959 -57.53268
 23.64262 -57.41652
 23.54098 -57.28684
 23.50397 -57.16367
 23.49071 -56.87470
 23.51185 -56.85713
 23.83648 -56.76473
 24.07719 -56.46811
 24.14031 -56.31267
 24.22700 -56.30626
 24.53233 -56.20807
 24.68918 -56.07537
 24.72997 -56.07627
 24.72976 -56.07795
4 98 23.5396 24.9777 -56.3127 -55.4453 'Al Buraymi (Oman)'
 24.97773 -55.93543
 24.97211 -55.97587
 24.97176 -55.97842
 24.95618 -56.00560
 24.92662 -56.01697
 24.88256 -56.02525
 24.86117 -56.02927
 24.87698 -56.00529
 24.88300 -55.99238
 24.88610 -55.97842
 24.88125 -55.96085
 24.86866 -55.95765
 24.85386 -55.96478
 24.82301 -56.00209
 24.75415 -56.03155
 24.73177 -56.06214
 24.72997 -56.07627
 24.68918 -56.07537
 24.53233 -56.20807
 24.22700 -56.30626
 24.14031 -56.31267
 24.04076 -56.27869
 24.04076 -56.16035
 24.01292 -56.01417
 23.97812 -55.95849
 23.89458 -55.95849
 23.86674 -55.89584
 23.81801 -55.85407
 23.67183 -55.88887
 23.63006 -55.81926
 23.59526 -55.68701
 23.53957 -55.58259
 23.55226 -55.44533
 23.67636 -55.47830
 23.69326 -55.48739
 23.75677 -55.53411
 23.77005 -55.53835
 23.84588 -55.53514
 23.87467 -55.53059
 23.89660 -55.51457
 23.91658 -55.47830
 23.93056 -55.46155
 23.94857 -55.45277
 23.96316 -55.45680
 23.97061 -55.49980
 23.98544 -55.54227
 23.99523 -55.56170
 24.01001 -55.59106
 24.02014 -55.61834
 24.02502 -55.64687
 24.02427 -55.68004
 24.01923 -55.71260
 24.01959 -55.72800
 24.02528 -55.74443
 24.02815 -55.76241
 24.00957 -55.78846
 24.00748 -55.80706
 24.05114 -55.92354
 24.06538 -55.98679
 24.08127 -55.99785
 24.14243 -55.96075
 24.18483 -55.94897
 24.22072 -55.93315
 24.23224 -55.90318
 24.21142 -55.84716
 24.21227 -55.83032
 24.22488 -55.76769
 24.23033 -55.75570
 24.24547 -55.75415
 24.26296 -55.76210
 24.32627 -55.80097
 24.34079 -55.80737
 24.38924 -55.81089
 24.39763 -55.80861
 24.40647 -55.80107
 24.41887 -55.78102
 24.42590 -55.77461
 24.44109 -55.77141
 24.49525 -55.77368
 24.53744 -55.76117
 24.55853 -55.75983
 24.57240 -55.76996
 24.58633 -55.78402
 24.61987 -55.79022
 24.64338 -55.81823
 24.66273 -55.81492
 24.69325 -55.79993
 24.70392 -55.79476
 24.72229 -55.79270
 24.75955 -55.79704
 24.77836 -55.79704
 24.85520 -55.78867
 24.88610 -55.79911
 24.92117 -55.82939
 24.94485 -55.85783
 24.94845 -55.86215
 24.96861 -55.89698
 24.97773 -55.93543
5 44 21.8661 24.1403 -56.8747 -55.1868 'Al Dhahira (Oman)'
 22.70358 -55.18684
 22.84946 -55.19759
 22.99537 -55.19129
 22.99547 -55.19129
 23.02508 -55.19480
 23.12125 -55.22591
 23.27509 -55.32110
 23.33628 -55.34322
 23.43601 -55.36409
 23.46934 -55.37526
 23.49518 -55.39396
 23.49529 -55.39417
 23.53293 -55.43148
 23.55226 -55.44533
 23.53957 -55.58259
 23.59526 -55.68701
 23.63006 -55.81926
 23.67183 -55.88887
 23.81801 -55.85407
 23.86674 -55.89584
 23.89458 -55.95849
 23.97812 -55.95849
 24.01292 -56.01417
 24.04076 -56.16035
 24.04076 -56.27869
 24.14031 -56.31267
 24.07719 -56.46811
 23.83648 -56.76473
 23.51185 -56.85713
 23.49071 -56.87470
 22.69748 -56.68277
 22.25378 -56.52371
 22.01527 -56.32559
 21.87009 -55.62413
 21.86606 -55.60017
 21.97897 -55.63756
 22.00191 -55.63705
 22.02377 -55.62671
 22.10594 -55.57359
 22.23079 -55.49277
 22.35569 -55.41205
 22.48059 -55.33112
 22.60549 -55.25040
 22.70358 -55.18684
6 233 16.6424 21.0969 -57.4453 -51.9786 'Dhofar (Oman)'
 18.97973 -51.98569
 18.99564 -51.97861
 19.03264 -52.08993
 19.08969 -52.26108
 19.14674 -52.43213
 19.20379 -52.60312
 19.26079 -52.77438
 19.31787 -52.94553
 19.37492 -53.11658
 19.43194 -53.28784
 19.48899 -53.45889
 19.54599 -53.63004
 19.60307 -53.80109
 19.66012 -53.97224
 19.71714 -54.14350
 19.77419 -54.31465
 19.83119 -54.48559
 19.88819 -54.65675
 19.94527 -54.82790
 19.99542 -54.97838
 20.09200 -55.01052
 20.11175 -55.01714
 20.16756 -55.03574
 20.25427 -55.06447
 20.36685 -55.10189
 20.49999 -55.14623
 20.64856 -55.19552
 20.80741 -55.24834
 20.97149 -55.30291
 21.09691 -55.34462
 21.07835 -55.35789
 19.16560 -56.57725
 18.94533 -57.44529
 18.90998 -57.20753
 18.87637 -57.08375
 18.81029 -56.91505
 18.76581 -56.85035
 18.74559 -56.80779
 18.72858 -56.78468
 18.70718 -56.77475
 18.69684 -56.76645
 18.59536 -56.65968
 18.55927 -56.64112
 18.51195 -56.63689
 18.47919 -56.64340
 18.46760 -56.64430
 18.45490 -56.64112
 18.43586 -56.62664
 18.41958 -56.62127
 18.39960 -56.61232
 18.38906 -56.60963
 18.34748 -56.60963
 18.30541 -56.60060
 18.18985 -56.54884
 18.17023 -56.56373
 18.14924 -56.56129
 18.12971 -56.54721
 18.11469 -56.52760
 18.09650 -56.48414
 18.08442 -56.46258
 18.03217 -56.43198
 18.02741 -56.42563
 18.02318 -56.41131
 18.01911 -56.40414
 17.96979 -56.35768
 17.96231 -56.35499
 17.94001 -56.35629
 17.93781 -56.34490
 17.95710 -56.18849
 17.95409 -56.16822
 17.94058 -56.13836
 17.93659 -56.11622
 17.94343 -56.03110
 17.94038 -56.01075
 17.91547 -55.94606
 17.90664 -55.90943
 17.89533 -55.65349
 17.87027 -55.55291
 17.86831 -55.53053
 17.86644 -55.52247
 17.86225 -55.51734
 17.85749 -55.51287
 17.85399 -55.50660
 17.85346 -55.48829
 17.85399 -55.48683
 17.84540 -55.45395
 17.84101 -55.44516
 17.82465 -55.43165
 17.78522 -55.41733
 17.76870 -55.40797
 17.75214 -55.39308
 17.74429 -55.38868
 17.70331 -55.37338
 17.69636 -55.36948
 17.68159 -55.35572
 17.60773 -55.26319
 17.55882 -55.23504
 17.53876 -55.22820
 17.51545 -55.22543
 17.48859 -55.22950
 17.47517 -55.24008
 17.45742 -55.27377
 17.43769 -55.29322
 17.41682 -55.30079
 17.37116 -55.30112
 17.35212 -55.29420
 17.29914 -55.25343
 17.28998 -55.25123
 17.27611 -55.24952
 17.26362 -55.25066
 17.25821 -55.25685
 17.25479 -55.26482
 17.24706 -55.26515
 17.23428 -55.26026
 17.22871 -55.25473
 17.21613 -55.22853
 17.21039 -55.21925
 17.20209 -55.21315
 17.19355 -55.20932
 17.17621 -55.20509
 17.16083 -55.19549
 17.15575 -55.19874
 17.14476 -55.18922
 17.13581 -55.15886
 17.12783 -55.14357
 17.11888 -55.13844
 17.10505 -55.13299
 17.09247 -55.12477
 17.08686 -55.11256
 17.04218 -55.07179
 17.01114 -55.02687
 17.01114 -55.02068
 17.02627 -55.01092
 17.01968 -54.99920
 17.00536 -54.98699
 16.99746 -54.97535
 16.99486 -54.95965
 16.98998 -54.94508
 16.98713 -54.93133
 16.99067 -54.91700
 16.97492 -54.90138
 16.96906 -54.88282
 16.96393 -54.84181
 16.95148 -54.80844
 16.95140 -54.79184
 16.96393 -54.78053
 16.95791 -54.76905
 16.96052 -54.75074
 16.95649 -54.73943
 16.97761 -54.70533
 16.97016 -54.69793
 16.98933 -54.68979
 17.00690 -54.68531
 17.01976 -54.67408
 17.02692 -54.63315
 17.03632 -54.60434
 17.03848 -54.59205
 17.03734 -54.58033
 17.03270 -54.55974
 17.03164 -54.54770
 17.03840 -54.51238
 17.03848 -54.49928
 17.03559 -54.48854
 17.02668 -54.46762
 17.02481 -54.46168
 17.03783 -54.41456
 17.03946 -54.38998
 17.02481 -54.36948
 17.02961 -54.36012
 17.03168 -54.35035
 17.01114 -54.16407
 17.01114 -54.08497
 17.00674 -54.06756
 16.98534 -54.02345
 16.97761 -54.01271
 16.96865 -54.00896
 16.96092 -54.00929
 16.95368 -54.01140
 16.94599 -54.01271
 16.93745 -54.00945
 16.92536 -53.99537
 16.91926 -53.99220
 16.90876 -53.98113
 16.90388 -53.95590
 16.90127 -53.91017
 16.88915 -53.85035
 16.88764 -53.83074
 16.88178 -53.81267
 16.87031 -53.79200
 16.86262 -53.77133
 16.86774 -53.75318
 16.85615 -53.73463
 16.83600 -53.70932
 16.81363 -53.68702
 16.79511 -53.67750
 16.78408 -53.66928
 16.77318 -53.65056
 16.75788 -53.61541
 16.74995 -53.58269
 16.74681 -53.42302
 16.73481 -53.33863
 16.68452 -53.17530
 16.64240 -53.09034
 16.77748 -53.02790
 16.91292 -52.96527
 17.04826 -52.90274
 17.18371 -52.84032
 17.26742 -52.80156
 17.28122 -52.79102
 17.28711 -52.77386
 17.28918 -52.73624
 17.29817 -52.72146
 17.29869 -52.72301
 17.29936 -52.72828
 17.29988 -52.73015
 17.37145 -52.69842
 17.46798 -52.65563
 17.56456 -52.61284
 17.66109 -52.57021
 17.75763 -52.52742
 17.85416 -52.48453
 17.95064 -52.44174
 18.04727 -52.39900
 18.14378 -52.35616
 18.24028 -52.31332
 18.33687 -52.27069
 18.43342 -52.22780
 18.52993 -52.18501
 18.62651 -52.14233
 18.72304 -52.09954
 18.81963 -52.05675
 18.91616 -52.01396
 18.97973 -51.98569
7 14 16.6424 21.0969 -57.4453 -51.9786 'Dhofar (Oman)'
 17.49091 -55.83619
 17.50039 -55.83245
 17.50226 -55.83172
 17.50235 -55.83172
 17.51008 -55.83709
 17.51529 -55.84881
 17.51887 -55.86297
 17.50715 -55.88307
 17.50458 -55.89088
 17.50454 -55.89080
 17.49592 -55.87582
 17.49608 -55.84571
 17.49095 -55.83627
 17.49091 -55.83619
8 16 16.6424 21.0969 -57.4453 -51.9786 'Dhofar (Oman)'
 17.55980 -56.05535
 17.55972 -56.05535
 17.54584 -56.05820
 17.54434 -56.05844
 17.53221 -56.06788
 17.52363 -56.08107
 17.51887 -56.09555
 17.49958 -56.06381
 17.49335 -56.04689
 17.49091 -56.03110
 17.49291 -55.98683
 17.49836 -55.97283
 17.51992 -55.96420
 17.53539 -55.99057
 17.54767 -56.02882
 17.55980 -56.05535
9 102 18.944 22.0153 -58.3968 -55.3446 'Al Wusta (Oman)'
 21.09691 -55.34462
 21.13556 -55.35748
 21.29446 -55.41019
 21.44303 -55.45959
 21.57615 -55.50383
 21.68865 -55.54124
 21.77542 -55.57008
 21.83123 -55.58858
 21.85102 -55.59519
 21.86606 -55.60017
 21.87009 -55.62413
 22.01527 -56.32559
 21.24811 -57.97210
 21.09556 -58.28991
 21.04424 -58.39683
 20.60927 -58.25511
 20.61567 -58.23487
 20.61335 -58.20574
 20.60472 -58.17628
 20.58519 -58.14422
 20.57514 -58.10353
 20.56684 -58.09083
 20.55805 -58.08448
 20.51105 -58.06723
 20.49982 -58.06658
 20.48916 -58.07309
 20.48005 -58.07586
 20.47248 -58.06764
 20.46723 -58.05535
 20.46190 -58.03077
 20.45344 -58.01246
 20.44229 -57.99440
 20.42121 -57.97071
 20.41087 -57.96209
 20.39956 -57.95582
 20.38642 -57.95338
 20.37694 -57.95655
 20.36188 -57.97071
 20.35228 -57.97389
 20.33023 -57.96656
 20.31757 -57.94874
 20.30077 -57.90504
 20.29072 -57.88844
 20.27704 -57.87045
 20.26065 -57.85613
 20.24242 -57.85035
 20.23119 -57.84490
 20.21833 -57.83351
 20.20108 -57.82374
 20.17666 -57.82301
 20.13605 -57.84197
 20.11176 -57.84799
 20.07534 -57.83172
 20.02074 -57.81625
 20.00658 -57.81568
 19.97700 -57.81365
 19.92402 -57.79038
 19.86787 -57.77369
 19.84296 -57.76205
 19.75438 -57.69890
 19.72818 -57.68922
 19.69746 -57.69337
 19.68598 -57.70045
 19.67674 -57.70924
 19.66682 -57.71681
 19.65306 -57.71998
 19.62263 -57.72055
 19.60798 -57.71892
 19.59504 -57.71388
 19.56883 -57.70655
 19.54873 -57.70444
 19.52949 -57.71176
 19.45409 -57.76026
 19.43745 -57.76783
 19.40965 -57.77394
 19.38288 -57.77377
 19.35761 -57.76905
 19.31159 -57.75221
 19.29100 -57.74830
 19.26805 -57.75066
 19.21695 -57.77084
 19.20112 -57.78053
 19.17300 -57.80567
 19.15689 -57.81186
 19.11514 -57.80299
 19.09479 -57.80201
 19.02997 -57.83985
 19.01533 -57.84010
 18.99177 -57.81568
 18.98066 -57.80112
 18.97923 -57.79713
 18.97305 -57.75229
 18.96784 -57.74733
 18.96186 -57.74285
 18.95380 -57.73194
 18.94693 -57.71941
 18.94400 -57.70973
 18.95368 -57.50148
 18.94533 -57.44529
 19.16560 -56.57725
 21.07835 -55.35789
 21.09691 -55.34462
10 160 20.1705 22.6188 -59.8446 -58.0823 'Ash Sharqiyah South (Oman)'
 22.61884 -59.48390
 22.60008 -59.50685
 22.58788 -59.52980
 22.58308 -59.53549
 22.57258 -59.53647
 22.57005 -59.53045
 22.57217 -59.52198
 22.57559 -59.51564
 22.56151 -59.51580
 22.55512 -59.52312
 22.55386 -59.53517
 22.55512 -59.54982
 22.57982 -59.62680
 22.56973 -59.65349
 22.54145 -59.69386
 22.54092 -59.69996
 22.54291 -59.71567
 22.54145 -59.72120
 22.53681 -59.72397
 22.52611 -59.72584
 22.52098 -59.72853
 22.51813 -59.72836
 22.51358 -59.72722
 22.50764 -59.72804
 22.50047 -59.73471
 22.49779 -59.73976
 22.49559 -59.74610
 22.49421 -59.75278
 22.49364 -59.75896
 22.49860 -59.76254
 22.50943 -59.75603
 22.52473 -59.74155
 22.53823 -59.74578
 22.53848 -59.75636
 22.54145 -59.77638
 22.53474 -59.80323
 22.50886 -59.82488
 22.47529 -59.83937
 22.44526 -59.84457
 22.28140 -59.82488
 22.23737 -59.81178
 22.19807 -59.79176
 22.12311 -59.73471
 22.09955 -59.70493
 22.08271 -59.68816
 22.06509 -59.68067
 22.04190 -59.67799
 21.99405 -59.65968
 21.94575 -59.65504
 21.92585 -59.64527
 21.91022 -59.60564
 21.89277 -59.59344
 21.85627 -59.57700
 21.75633 -59.49789
 21.66641 -59.46762
 21.62490 -59.44858
 21.48566 -59.35499
 21.45356 -59.34750
 21.44473 -59.34425
 21.43773 -59.33619
 21.37910 -59.19532
 21.36278 -59.16627
 21.27709 -59.05437
 21.14370 -58.91920
 21.08381 -58.87810
 21.07477 -58.86793
 21.06562 -58.85426
 21.04450 -58.83855
 20.99079 -58.80787
 20.98159 -58.80445
 20.94623 -58.80193
 20.93602 -58.79884
 20.92739 -58.79298
 20.88300 -58.73487
 20.86225 -58.73902
 20.84805 -58.72218
 20.82836 -58.68035
 20.82648 -58.68149
 20.80817 -58.67384
 20.80785 -58.67270
 20.80158 -58.66578
 20.79633 -58.66131
 20.79084 -58.65903
 20.78164 -58.66147
 20.77228 -58.66765
 20.76439 -58.67644
 20.75947 -58.68653
 20.76602 -58.70135
 20.78083 -58.71811
 20.78681 -58.72934
 20.76691 -58.72804
 20.75365 -58.71811
 20.74079 -58.69988
 20.73591 -58.68181
 20.74641 -58.67270
 20.74641 -58.66651
 20.73233 -58.66090
 20.70527 -58.65333
 20.69115 -58.64536
 20.68439 -58.63746
 20.67243 -58.61541
 20.66328 -58.60450
 20.64395 -58.59181
 20.61848 -58.58082
 20.59064 -58.57325
 20.56428 -58.57049
 20.51642 -58.54510
 20.48139 -58.53126
 20.46528 -58.53248
 20.45771 -58.52687
 20.42438 -58.52149
 20.41682 -58.51857
 20.41523 -58.51043
 20.41079 -58.49708
 20.40420 -58.48357
 20.39639 -58.47413
 20.36953 -58.46746
 20.35863 -58.44581
 20.35961 -58.41765
 20.36848 -58.39161
 20.37739 -58.37257
 20.38158 -58.35914
 20.38272 -58.32643
 20.38080 -58.31381
 20.37141 -58.29005
 20.36848 -58.27556
 20.37739 -58.27866
 20.38198 -58.28452
 20.38483 -58.27963
 20.39423 -58.24415
 20.39639 -58.22429
 20.40473 -58.20289
 20.42438 -58.20053
 20.46528 -58.21339
 20.45270 -58.21323
 20.44156 -58.21730
 20.43183 -58.22478
 20.42365 -58.23463
 20.44383 -58.23845
 20.48884 -58.22828
 20.50934 -58.23805
 20.52920 -58.25131
 20.55809 -58.26157
 20.58763 -58.26417
 20.60927 -58.25511
 21.04424 -58.39683
 21.09556 -58.28991
 21.39735 -58.17798
 21.71062 -58.08235
 21.79785 -58.34012
 21.88359 -58.59347
 21.96303 -58.82821
 22.03857 -59.05142
 22.14822 -59.26822
 22.20982 -59.39149
 22.32980 -59.44024
 22.46360 -59.44980
 22.51616 -59.43069
 22.56530 -59.42943
 22.61884 -59.48390
11 70 20.1705 22.6188 -59.8446 -58.0823 'Ash Sharqiyah South (Oman)'
 20.62600 -58.90626
 20.60472 -58.90838
 20.58784 -58.91432
 20.53522 -58.94508
 20.51988 -58.95395
 20.50894 -58.95004
 20.50092 -58.94117
 20.47411 -58.90284
 20.45279 -58.86232
 20.43732 -58.84409
 20.40302 -58.82016
 20.37958 -58.80828
 20.33153 -58.79664
 20.31452 -58.78761
 20.31444 -58.78761
 20.30329 -58.78761
 20.30239 -58.78777
 20.29320 -58.78932
 20.28653 -58.78940
 20.27953 -58.78517
 20.24803 -58.75148
 20.22455 -58.73341
 20.21516 -58.72429
 20.21210 -58.71534
 20.21044 -58.70265
 20.20775 -58.69125
 20.20148 -58.68653
 20.19090 -58.68312
 20.17951 -58.67457
 20.17137 -58.66358
 20.17048 -58.65235
 20.17048 -58.65219
 20.17967 -58.64698
 20.18724 -58.64259
 20.21845 -58.63746
 20.24970 -58.63649
 20.26663 -58.63868
 20.26785 -58.63836
 20.27700 -58.63592
 20.35611 -58.64291
 20.36884 -58.64820
 20.38272 -58.65903
 20.38784 -58.66456
 20.40062 -58.68238
 20.40323 -58.68995
 20.40518 -58.69191
 20.40717 -58.69386
 20.42569 -58.69825
 20.43110 -58.70069
 20.43700 -58.71762
 20.43765 -58.73422
 20.44013 -58.75123
 20.45161 -58.76889
 20.46218 -58.77711
 20.46699 -58.78077
 20.47940 -58.78452
 20.48163 -58.78517
 20.51992 -58.78940
 20.53840 -58.79558
 20.55345 -58.80486
 20.61335 -58.85288
 20.64960 -58.87135
 20.68252 -58.88258
 20.69428 -58.89129
 20.69798 -58.90626
 20.68146 -58.91830
 20.68134 -58.91830
 20.66425 -58.91700
 20.64594 -58.91017
 20.62600 -58.90626
12 33 21.7106 23.0223 -59.4839 -57.8343 'Ash Sharqiyah North (Oman)'
 22.89043 -59.25913
 22.82648 -59.28614
 22.81208 -59.28981
 22.79271 -59.29754
 22.77949 -59.31568
 22.76118 -59.35182
 22.70222 -59.39161
 22.68610 -59.39723
 22.67084 -59.41066
 22.63410 -59.45248
 22.61884 -59.48390
 22.56530 -59.42943
 22.51616 -59.43069
 22.46360 -59.44980
 22.32980 -59.44024
 22.20982 -59.39149
 22.14822 -59.26822
 22.03857 -59.05142
 21.96303 -58.82821
 21.88359 -58.59347
 21.79785 -58.34012
 21.71062 -58.08235
 22.52307 -57.83433
 22.71412 -57.93283
 22.88155 -58.16206
 22.88832 -58.22356
 22.98746 -58.38985
 23.02229 -58.54106
 22.83408 -58.84099
 22.79388 -59.16975
 22.86145 -59.23580
 22.89033 -59.25905
 22.89043 -59.25913
13 83 22.7939 23.7133 -59.2591 -58.0928 'Muscat (Oman)'
 23.71332 -58.13160
 23.68936 -58.19321
 23.68598 -58.21030
 23.67914 -58.22739
 23.64484 -58.26417
 23.63142 -58.28240
 23.62092 -58.31723
 23.61555 -58.36354
 23.61620 -58.41196
 23.62397 -58.45297
 23.63154 -58.47486
 23.63813 -58.48365
 23.65656 -58.49090
 23.65689 -58.49952
 23.65192 -58.51857
 23.65111 -58.56137
 23.64696 -58.58416
 23.63760 -58.60450
 23.62507 -58.61329
 23.58527 -58.63331
 23.57681 -58.64210
 23.57490 -58.64715
 23.57054 -58.65154
 23.56574 -58.65553
 23.56249 -58.65903
 23.56314 -58.66131
 23.56391 -58.66684
 23.56395 -58.67400
 23.56249 -58.68035
 23.55142 -58.69459
 23.54295 -58.70240
 23.53514 -58.70688
 23.53514 -58.71437
 23.54881 -58.72055
 23.54340 -58.72291
 23.54011 -58.72495
 23.53608 -58.72682
 23.52839 -58.72804
 23.52839 -58.73487
 23.53266 -58.73601
 23.54206 -58.74098
 23.53767 -58.74635
 23.53644 -58.74952
 23.54206 -58.76205
 23.51211 -58.78614
 23.49567 -58.79298
 23.48062 -58.78940
 23.46678 -58.79737
 23.42113 -58.80763
 23.40176 -58.82057
 23.35126 -58.87916
 23.33609 -58.91521
 23.31810 -58.92945
 23.27509 -58.94654
 23.25943 -58.95623
 23.23249 -58.98650
 23.21239 -59.00172
 23.15331 -59.01010
 23.09325 -59.07374
 23.08515 -59.07789
 23.05537 -59.08367
 23.04841 -59.08790
 23.04365 -59.09254
 23.02277 -59.12045
 22.99396 -59.17368
 22.97036 -59.20753
 22.94302 -59.23227
 22.91201 -59.25001
 22.89043 -59.25913
 22.89033 -59.25905
 22.86145 -59.23580
 22.79388 -59.16975
 22.83408 -58.84099
 23.02229 -58.54106
 23.24943 -58.58767
 23.48864 -58.33497
 23.46190 -58.11876
 23.46219 -58.11834
 23.56084 -58.09282
 23.70339 -58.12475
 23.70380 -58.12289
 23.70620 -58.12310
 23.71332 -58.13160
14 29 23.1957 23.8296 -58.1316 -57.1637 'Al Batnah South (Oman)'
 23.82959 -57.53268
 23.80744 -57.58644
 23.79043 -57.64519
 23.78335 -57.68678
 23.78221 -57.70973
 23.78596 -57.77735
 23.78221 -57.79575
 23.74763 -57.82439
 23.74006 -57.83497
 23.73408 -57.85922
 23.72085 -57.88771
 23.71784 -57.91277
 23.72455 -58.04314
 23.72211 -58.08676
 23.71332 -58.13160
 23.70620 -58.12310
 23.70380 -58.12289
 23.70339 -58.12475
 23.56084 -58.09282
 23.46219 -58.11834
 23.29610 -57.90037
 23.23432 -57.87019
 23.19574 -57.61378
 23.21300 -57.57554
 23.22525 -57.46009
 23.50397 -57.16367
 23.54098 -57.28684
 23.64262 -57.41652
 23.82959 -57.53268
15 25 21.0956 23.504 -58.5877 -56.3256 'Ad Dakhliyah (Oman)'
 21.71062 -58.08235
 21.39735 -58.17798
 21.09556 -58.28991
 21.24811 -57.97210
 22.01527 -56.32559
 22.25378 -56.52371
 22.69748 -56.68277
 23.49071 -56.87470
 23.50397 -57.16367
 23.22525 -57.46009
 23.21300 -57.57554
 23.19574 -57.61378
 23.23432 -57.87019
 23.29610 -57.90037
 23.46219 -58.11834
 23.46190 -58.11876
 23.48864 -58.33497
 23.24943 -58.58767
 23.02229 -58.54106
 22.98746 -58.38985
 22.88832 -58.22356
 22.88155 -58.16206
 22.71412 -57.93283
 22.52307 -57.83433
 21.71062 -58.08235
