0 47 34.5685 34.7009 -33.0303 -32.7601 'Akrotiri (Akrotiri Sovereign Base Area)'
 34.70095 -32.83229
 34.69984 -32.83563
 34.69947 -32.84081
 34.69947 -32.84599
 34.69947 -32.85377
 34.70058 -32.85969
 34.68762 -32.86043
 34.67874 -32.86561
 34.66661 -32.88450
 34.66028 -32.91367
 34.66714 -32.91725
 34.66248 -32.92975
 34.65773 -32.93606
 34.66714 -32.94226
 34.67732 -32.95471
 34.67339 -32.98753
 34.64610 -32.98980
 34.64610 -32.97027
 34.65158 -32.96562
 34.64295 -32.95404
 34.62890 -32.95559
 34.62502 -32.96251
 34.63205 -32.96954
 34.63442 -32.99073
 34.63442 -33.01563
 34.62490 -33.00994
 34.59740 -33.00913
 34.57477 -33.03028
 34.56855 -33.03028
 34.56855 -32.94093
 34.57477 -32.94093
 34.59370 -32.94467
 34.63939 -32.91586
 34.65668 -32.91358
 34.66901 -32.85743
 34.67097 -32.83432
 34.66865 -32.81284
 34.65323 -32.76067
 34.66911 -32.76010
 34.67614 -32.76677
 34.67318 -32.77861
 34.67096 -32.79860
 34.68577 -32.80601
 34.68762 -32.81934
 34.69132 -32.82267
 34.69651 -32.82748
 34.70095 -32.83229
