0 30 13.1801 13.2438 59.5181 59.581 'Saint Joseph (Barbados)'
 13.24381 59.54582
 13.23139 59.53661
 13.21752 59.51806
 13.21651 59.52042
 13.20157 59.53683
 13.20147 59.53726
 13.20142 59.53768
 13.20142 59.53856
 13.19956 59.53905
 13.19816 59.53928
 13.18250 59.54021
 13.18245 59.54088
 13.18007 59.55429
 13.19682 59.56279
 13.19997 59.56548
 13.20121 59.56688
 13.20984 59.58098
 13.23330 59.57067
 13.23821 59.56755
 13.23837 59.56698
 13.23842 59.56657
 13.23837 59.56620
 13.23821 59.56595
 13.23800 59.56569
 13.23749 59.56535
 13.23723 59.56507
 13.23666 59.56383
 13.23744 59.56080
 13.24327 59.54817
 13.24381 59.54582
1 59 13.2098 13.2897 59.5458 59.606 'Saint Andrew (Barbados)'
 13.28967 59.56897
 13.24917 59.54979
 13.24381 59.54582
 13.24327 59.54817
 13.23744 59.56080
 13.23666 59.56383
 13.23723 59.56507
 13.23749 59.56535
 13.23800 59.56569
 13.23821 59.56595
 13.23837 59.56620
 13.23842 59.56657
 13.23837 59.56698
 13.23821 59.56755
 13.23330 59.57067
 13.20984 59.58098
 13.21573 59.58556
 13.21702 59.58912
 13.21635 59.60103
 13.24209 59.60605
 13.27583 59.60545
 13.27841 59.60413
 13.28276 59.60318
 13.28296 59.60258
 13.28317 59.60225
 13.28327 59.60196
 13.28317 59.60171
 13.28307 59.60140
 13.28276 59.60109
 13.28245 59.60047
 13.28219 59.59977
 13.28193 59.59894
 13.28193 59.59845
 13.28208 59.59793
 13.28219 59.59752
 13.28224 59.59705
 13.28214 59.59628
 13.28214 59.59600
 13.28219 59.59566
 13.28224 59.59540
 13.28214 59.59504
 13.28172 59.59447
 13.28188 59.59297
 13.28281 59.59059
 13.28684 59.58633
 13.28813 59.58406
 13.28854 59.58261
 13.28828 59.58212
 13.28813 59.58160
 13.28808 59.58124
 13.28782 59.58091
 13.28777 59.58044
 13.28782 59.57985
 13.28927 59.57819
 13.28927 59.57799
 13.28916 59.57788
 13.28885 59.57649
 13.28906 59.57067
 13.28967 59.56897
2 49 13.2372 13.3044 59.569 59.6529 'Saint Peter (Barbados)'
 13.30439 59.57592
 13.28967 59.56897
 13.28906 59.57067
 13.28885 59.57649
 13.28916 59.57788
 13.28927 59.57799
 13.28927 59.57819
 13.28782 59.57985
 13.28777 59.58044
 13.28782 59.58091
 13.28808 59.58124
 13.28813 59.58160
 13.28828 59.58212
 13.28854 59.58261
 13.28813 59.58406
 13.28684 59.58633
 13.28281 59.59059
 13.28188 59.59297
 13.28172 59.59447
 13.28214 59.59504
 13.28224 59.59540
 13.28219 59.59566
 13.28214 59.59600
 13.28214 59.59628
 13.28224 59.59705
 13.28219 59.59752
 13.28208 59.59793
 13.28193 59.59845
 13.28193 59.59894
 13.28219 59.59977
 13.28245 59.60047
 13.28276 59.60109
 13.28307 59.60140
 13.28317 59.60171
 13.28327 59.60196
 13.28317 59.60225
 13.28296 59.60258
 13.28276 59.60318
 13.27841 59.60413
 13.27583 59.60545
 13.24209 59.60605
 13.24493 59.62772
 13.23723 59.64449
 13.23884 59.65081
 13.27386 59.65292
 13.27469 59.64899
 13.28679 59.63049
 13.30384 59.57682
 13.30439 59.57592
3 13 13.2739 13.3445 59.5759 59.6542 'Saint Lucy (Barbados)'
 13.27386 59.65292
 13.29511 59.65420
 13.31061 59.65221
 13.32372 59.64513
 13.33796 59.63093
 13.34455 59.61286
 13.33478 59.59447
 13.31452 59.58072
 13.30439 59.57592
 13.30384 59.57682
 13.28679 59.63049
 13.27469 59.64899
 13.27386 59.65292
4 59 13.1364 13.2449 59.601 59.6508 'Saint James (Barbados)'
 13.14162 59.64061
 13.16039 59.64607
 13.23884 59.65081
 13.23723 59.64449
 13.24493 59.62772
 13.24209 59.60605
 13.21635 59.60103
 13.20927 59.60643
 13.20788 59.60791
 13.20798 59.60806
 13.20803 59.60827
 13.20798 59.60837
 13.20777 59.60858
 13.20757 59.60884
 13.20751 59.60899
 13.20757 59.60930
 13.20757 59.60946
 13.20762 59.60972
 13.20762 59.61008
 13.20757 59.61031
 13.20741 59.61054
 13.20700 59.61121
 13.20689 59.61137
 13.20674 59.61170
 13.20669 59.61186
 13.20669 59.61201
 13.20576 59.61310
 13.20555 59.61346
 13.20545 59.61369
 13.20545 59.61388
 13.20534 59.61403
 13.20534 59.61442
 13.20534 59.61462
 13.20529 59.61481
 13.20498 59.61527
 13.20431 59.61713
 13.20255 59.61772
 13.19129 59.62036
 13.18798 59.62176
 13.18602 59.62279
 13.18571 59.62382
 13.18545 59.62418
 13.18509 59.62444
 13.18416 59.62480
 13.18364 59.62501
 13.18343 59.62530
 13.18292 59.62480
 13.18219 59.62351
 13.17486 59.61690
 13.15026 59.61108
 13.14220 59.62170
 13.14127 59.62258
 13.13992 59.62439
 13.13780 59.62933
 13.13661 59.63137
 13.13641 59.63142
 13.13713 59.63266
 13.14183 59.63778
 13.14162 59.64061
5 22 13.0841 13.1613 59.5688 59.6406 'Saint Michael (Barbados)'
 13.08412 59.60027
 13.08466 59.60814
 13.09398 59.62157
 13.11591 59.63313
 13.14162 59.64061
 13.14183 59.63778
 13.13713 59.63266
 13.13641 59.63142
 13.13661 59.63137
 13.13780 59.62933
 13.13992 59.62439
 13.14127 59.62258
 13.14220 59.62170
 13.15026 59.61108
 13.15346 59.59506
 13.15408 59.59364
 13.16132 59.58711
 13.10819 59.57047
 13.10158 59.56897
 13.10023 59.56884
 13.10018 59.56928
 13.08412 59.60027
6 29 13.0512 13.1294 59.4758 59.6003 'Christ Church (Barbados)'
 13.08649 59.47578
 13.07856 59.48754
 13.05732 59.50886
 13.05638 59.51671
 13.05646 59.52310
 13.05541 59.52929
 13.05117 59.53612
 13.06769 59.54597
 13.07803 59.56444
 13.08320 59.58690
 13.08412 59.60027
 13.10018 59.56928
 13.10023 59.56884
 13.10158 59.56897
 13.10819 59.57047
 13.12943 59.51311
 13.12659 59.50375
 13.12514 59.50228
 13.12246 59.50057
 13.11155 59.49895
 13.11078 59.49866
 13.10096 59.49280
 13.09817 59.49153
 13.09775 59.49156
 13.09703 59.49060
 13.09651 59.48892
 13.09434 59.48321
 13.09310 59.48065
 13.08649 59.47578
7 27 13.0865 13.1865 59.4269 59.5131 'Saint Philip (Barbados)'
 13.18654 59.46768
 13.18317 59.45710
 13.17487 59.43863
 13.16039 59.42691
 13.12592 59.43004
 13.10004 59.45572
 13.08649 59.47578
 13.09310 59.48065
 13.09434 59.48321
 13.09651 59.48892
 13.09703 59.49060
 13.09775 59.49156
 13.09817 59.49153
 13.10096 59.49280
 13.11078 59.49866
 13.11155 59.49895
 13.12246 59.50057
 13.12514 59.50228
 13.12659 59.50375
 13.12943 59.51311
 13.14576 59.50871
 13.16297 59.49536
 13.16576 59.48820
 13.16989 59.48145
 13.17113 59.48016
 13.18416 59.46921
 13.18654 59.46768
8 21 13.1458 13.2175 59.4677 59.5402 'Saint John (Barbados)'
 13.21752 59.51806
 13.19794 59.49181
 13.18940 59.47667
 13.18654 59.46768
 13.18416 59.46921
 13.17113 59.48016
 13.16989 59.48145
 13.16576 59.48820
 13.16297 59.49536
 13.14576 59.50871
 13.16142 59.51724
 13.16359 59.51923
 13.18250 59.54021
 13.19816 59.53928
 13.19956 59.53905
 13.20142 59.53856
 13.20142 59.53768
 13.20147 59.53726
 13.20157 59.53683
 13.21651 59.52042
 13.21752 59.51806
9 12 13.1082 13.1825 59.5087 59.5871 'Saint George (Barbados)'
 13.18250 59.54021
 13.16359 59.51923
 13.16142 59.51724
 13.14576 59.50871
 13.12943 59.51311
 13.10819 59.57047
 13.16132 59.58711
 13.17041 59.56352
 13.17160 59.56150
 13.18007 59.55429
 13.18245 59.54088
 13.18250 59.54021
10 57 13.1503 13.217 59.5543 59.6253 'Saint Thomas (Barbados)'
 13.21702 59.58912
 13.21573 59.58556
 13.20984 59.58098
 13.20121 59.56688
 13.19997 59.56548
 13.19682 59.56279
 13.18007 59.55429
 13.17160 59.56150
 13.17041 59.56352
 13.16132 59.58711
 13.15408 59.59364
 13.15346 59.59506
 13.15026 59.61108
 13.17486 59.61690
 13.18219 59.62351
 13.18292 59.62480
 13.18343 59.62530
 13.18364 59.62501
 13.18416 59.62480
 13.18509 59.62444
 13.18545 59.62418
 13.18571 59.62382
 13.18602 59.62279
 13.18798 59.62176
 13.19129 59.62036
 13.20255 59.61772
 13.20431 59.61713
 13.20498 59.61527
 13.20529 59.61481
 13.20534 59.61462
 13.20534 59.61442
 13.20534 59.61403
 13.20545 59.61388
 13.20545 59.61369
 13.20555 59.61346
 13.20576 59.61310
 13.20669 59.61201
 13.20669 59.61186
 13.20674 59.61170
 13.20689 59.61137
 13.20700 59.61121
 13.20741 59.61054
 13.20757 59.61031
 13.20762 59.61008
 13.20762 59.60972
 13.20757 59.60946
 13.20757 59.60930
 13.20751 59.60899
 13.20757 59.60884
 13.20777 59.60858
 13.20798 59.60837
 13.20803 59.60827
 13.20798 59.60806
 13.20788 59.60791
 13.20927 59.60643
 13.21635 59.60103
 13.21702 59.58912
