0 58 19.2639 19.7576 79.7266 81.4165 'Cayman Islands (Cayman Islands)'
 19.35489 81.13610
 19.35277 81.11754
 19.34732 81.09952
 19.33539 81.08951
 19.30993 81.08659
 19.29532 81.10668
 19.29074 81.13510
 19.29956 81.16950
 19.29611 81.19319
 19.29267 81.21451
 19.28923 81.23346
 19.27910 81.24882
 19.26606 81.26647
 19.26484 81.27636
 19.27306 81.34127
 19.27409 81.35788
 19.27228 81.37572
 19.26386 81.38749
 19.27416 81.39794
 19.28956 81.39592
 19.29630 81.39240
 19.30751 81.38890
 19.32431 81.38543
 19.33886 81.38550
 19.35226 81.39033
 19.36337 81.40582
 19.37003 81.41654
 19.38235 81.41424
 19.39021 81.40835
 19.39476 81.39412
 19.38898 81.37572
 19.37582 81.37859
 19.35908 81.36900
 19.34010 81.36059
 19.31995 81.36404
 19.30211 81.34972
 19.30225 81.32244
 19.30905 81.30350
 19.32062 81.30126
 19.33438 81.29381
 19.33137 81.28808
 19.32758 81.27330
 19.33210 81.27343
 19.33527 81.27489
 19.34178 81.27953
 19.33438 81.27330
 19.33857 81.27522
 19.34138 81.27770
 19.34406 81.27798
 19.34805 81.27330
 19.35187 81.27790
 19.35627 81.28075
 19.36848 81.28628
 19.36628 81.26814
 19.35155 81.23156
 19.34805 81.21182
 19.35505 81.15779
 19.35489 81.13610
1 13 19.2639 19.7576 79.7266 81.4165 'Cayman Islands (Cayman Islands)'
 19.70404 80.03783
 19.70395 80.00874
 19.71430 79.98103
 19.70490 79.96426
 19.70319 79.96817
 19.69746 79.97794
 19.69027 80.00392
 19.65402 80.07797
 19.65866 80.11316
 19.67686 80.09855
 19.68593 80.08154
 19.70068 80.06209
 19.70404 80.03783
2 10 19.2639 19.7576 79.7266 81.4165 'Cayman Islands (Cayman Islands)'
 19.70464 79.87189
 19.73283 79.80284
 19.75204 79.76890
 19.75763 79.74590
 19.75210 79.73152
 19.73706 79.72664
 19.71336 79.77389
 19.69092 79.85500
 19.67967 79.89375
 19.70464 79.87189
