0 108 50.7001 51.3752 -3.5225 -2.5218 'West Flanders (Belgium)'
 50.81225 -2.65062
 50.81246 -2.64245
 50.81442 -2.62778
 50.81649 -2.62044
 50.82217 -2.61517
 50.83483 -2.60659
 50.83809 -2.60204
 50.84201 -2.58995
 50.84542 -2.58675
 50.85002 -2.58778
 50.86113 -2.59553
 50.86765 -2.59667
 50.91152 -2.57693
 50.92067 -2.58272
 50.93524 -2.60576
 50.94123 -2.61165
 50.96113 -2.60845
 50.97611 -2.59274
 51.00118 -2.55698
 51.02048 -2.54706
 51.06461 -2.53703
 51.08754 -2.52180
 51.09687 -2.54200
 51.10480 -2.57993
 51.16950 -2.71567
 51.24649 -2.92359
 51.32966 -3.12485
 51.37515 -3.34897
 51.37522 -3.34941
 51.33671 -3.35807
 51.31191 -3.35393
 51.28860 -3.35321
 51.26349 -3.36737
 51.24677 -3.39166
 51.24470 -3.39880
 51.24266 -3.40003
 51.22959 -3.36696
 51.20364 -3.38406
 51.19284 -3.35983
 51.18721 -3.38701
 51.16112 -3.41031
 51.11812 -3.37445
 51.10014 -3.33068
 51.04931 -3.44380
 51.03947 -3.42215
 51.00704 -3.45202
 50.98242 -3.42587
 50.96779 -3.44297
 50.95896 -3.41207
 50.94371 -3.46023
 50.94395 -3.44013
 50.93438 -3.45532
 50.92986 -3.44840
 50.93206 -3.42473
 50.92056 -3.43259
 50.91219 -3.41915
 50.89844 -3.42732
 50.90746 -3.45047
 50.90335 -3.46607
 50.88459 -3.47403
 50.86930 -3.45047
 50.83550 -3.51238
 50.82522 -3.49946
 50.80517 -3.52250
 50.79791 -3.52002
 50.76851 -3.45761
 50.74741 -3.41275
 50.71730 -3.36743
 50.70966 -3.36345
 50.71164 -3.35363
 50.71193 -3.34780
 50.72345 -3.32315
 50.73716 -3.32458
 50.75642 -3.30330
 50.75234 -3.26082
 50.76727 -3.21969
 50.75272 -3.17507
 50.74994 -3.16281
 50.76889 -3.14620
 50.77907 -3.12925
 50.78408 -3.10330
 50.76826 -3.02382
 50.77162 -3.02296
 50.80513 -3.01442
 50.81161 -2.99882
 50.79668 -2.94064
 50.79223 -2.93971
 50.77680 -2.96021
 50.76696 -2.92245
 50.75771 -2.91811
 50.75415 -2.88963
 50.76247 -2.87542
 50.76123 -2.86881
 50.75084 -2.84219
 50.70955 -2.86250
 50.70009 -2.86673
 50.72336 -2.78673
 50.73324 -2.76823
 50.73938 -2.76296
 50.75959 -2.74953
 50.76620 -2.74384
 50.78879 -2.70664
 50.79628 -2.70002
 50.80305 -2.69692
 50.80884 -2.69186
 50.81323 -2.67873
 50.81390 -2.66922
 50.81225 -2.65062
1 22 49.9336 50.8116 -4.61598 -2.84219 'Hainaut (Belgium)'
 50.69665 -2.88688
 50.69877 -2.87128
 50.70009 -2.86673
 50.70955 -2.86250
 50.75084 -2.84219
 50.76123 -2.86881
 50.76247 -2.87542
 50.75415 -2.88963
 50.75771 -2.91811
 50.76696 -2.92245
 50.77680 -2.96021
 50.79223 -2.93971
 50.79668 -2.94064
 50.81161 -2.99882
 50.80513 -3.01442
 50.77162 -3.02296
 50.76826 -3.02382
 50.75783 -2.97143
 50.74869 -2.94838
 50.73623 -2.93019
 50.70311 -2.90011
 50.69665 -2.88688
2 207 49.9336 50.8116 -4.61598 -2.84219 'Hainaut (Belgium)'
 50.48979 -3.36107
 50.49294 -3.34360
 50.50746 -3.29988
 50.51408 -3.28676
 50.52694 -3.27105
 50.53831 -3.26588
 50.57020 -3.26433
 50.62647 -3.23787
 50.65541 -3.22981
 50.67210 -3.24376
 50.69592 -3.23239
 50.70517 -3.22443
 50.70797 -3.21100
 50.70921 -3.19694
 50.71510 -3.18898
 50.73411 -3.17668
 50.74994 -3.16281
 50.75272 -3.17507
 50.76727 -3.21969
 50.75234 -3.26082
 50.75642 -3.30330
 50.73716 -3.32458
 50.72345 -3.32315
 50.71193 -3.34780
 50.71164 -3.35363
 50.70966 -3.36345
 50.71730 -3.36743
 50.74741 -3.41275
 50.76851 -3.45761
 50.75888 -3.49414
 50.76642 -3.53398
 50.73494 -3.54055
 50.73420 -3.60664
 50.72185 -3.63465
 50.77193 -3.67532
 50.78211 -3.70400
 50.76864 -3.71454
 50.78032 -3.75779
 50.74897 -3.77463
 50.75190 -3.81469
 50.74350 -3.82802
 50.75138 -3.88440
 50.73416 -3.89499
 50.71756 -3.88797
 50.70641 -3.89277
 50.69467 -3.90693
 50.68981 -3.92823
 50.68873 -3.98884
 50.69898 -4.00900
 50.69503 -4.02801
 50.70283 -4.05147
 50.69601 -4.05850
 50.71291 -4.07271
 50.70712 -4.09974
 50.70688 -4.11244
 50.70347 -4.09420
 50.69060 -4.09022
 50.65365 -4.09136
 50.63603 -4.10112
 50.63133 -4.11864
 50.63358 -4.14185
 50.66109 -4.17332
 50.66388 -4.18432
 50.64771 -4.20365
 50.62678 -4.19859
 50.61820 -4.25197
 50.59733 -4.24649
 50.59301 -4.27894
 50.56813 -4.30411
 50.57001 -4.33362
 50.54456 -4.33083
 50.56239 -4.35584
 50.56627 -4.41253
 50.55934 -4.42297
 50.55955 -4.46808
 50.55441 -4.47288
 50.52973 -4.47009
 50.54069 -4.50306
 50.53139 -4.50188
 50.52717 -4.51655
 50.54343 -4.57675
 50.49413 -4.55893
 50.49986 -4.59479
 50.49061 -4.58699
 50.47984 -4.59934
 50.45646 -4.58600
 50.45493 -4.57247
 50.44788 -4.58213
 50.44178 -4.57267
 50.42519 -4.61598
 50.40429 -4.60109
 50.40121 -4.58513
 50.38574 -4.60585
 50.36003 -4.58156
 50.32248 -4.58787
 50.31543 -4.52027
 50.33044 -4.50198
 50.32879 -4.47418
 50.30623 -4.45376
 50.31122 -4.39832
 50.29254 -4.39015
 50.29311 -4.37217
 50.27807 -4.35925
 50.27662 -4.32571
 50.25797 -4.28597
 50.24360 -4.30246
 50.22978 -4.33894
 50.23004 -4.34664
 50.24373 -4.36514
 50.24076 -4.38622
 50.23373 -4.40054
 50.20169 -4.38845
 50.18735 -4.39656
 50.16934 -4.36008
 50.12642 -4.39837
 50.10934 -4.38535
 50.06930 -4.38617
 50.05297 -4.39056
 50.04932 -4.40674
 49.99731 -4.41475
 49.95897 -4.44400
 49.93778 -4.43056
 49.93367 -4.42772
 49.93357 -4.42765
 49.96016 -4.27760
 49.95441 -4.21594
 49.95302 -4.20112
 49.95550 -4.18768
 49.97499 -4.13166
 49.97495 -4.13236
 49.97452 -4.13962
 49.98920 -4.13838
 50.00449 -4.13290
 50.00579 -4.12815
 50.01757 -4.13228
 50.02506 -4.13735
 50.03080 -4.14458
 50.04180 -4.16288
 50.05245 -4.18603
 50.06015 -4.21001
 50.06671 -4.21032
 50.07467 -4.20339
 50.08408 -4.19740
 50.12723 -4.18055
 50.13048 -4.17063
 50.12940 -4.15988
 50.12356 -4.13993
 50.12816 -4.12577
 50.14624 -4.12815
 50.18634 -4.14737
 50.20453 -4.15275
 50.21270 -4.15730
 50.22247 -4.16794
 50.23430 -4.19151
 50.24153 -4.20132
 50.25197 -4.20370
 50.25848 -4.19760
 50.26546 -4.18520
 50.27089 -4.17177
 50.27295 -4.16277
 50.26954 -4.15027
 50.26313 -4.14975
 50.25626 -4.15099
 50.25161 -4.14365
 50.25714 -4.12526
 50.29481 -4.09787
 50.30665 -4.07720
 50.31455 -4.05591
 50.33812 -4.02273
 50.34406 -4.00330
 50.34261 -3.98211
 50.32546 -3.91855
 50.32530 -3.89592
 50.33078 -3.87804
 50.33848 -3.86088
 50.34520 -3.84021
 50.34845 -3.79866
 50.34633 -3.75505
 50.34313 -3.74151
 50.33724 -3.73345
 50.31765 -3.71546
 50.30933 -3.71112
 50.30634 -3.70843
 50.30432 -3.70389
 50.30525 -3.70223
 50.30468 -3.70079
 50.29822 -3.69686
 50.31931 -3.66172
 50.36018 -3.65293
 50.40685 -3.65283
 50.44550 -3.64436
 50.46436 -3.62813
 50.47651 -3.60829
 50.48348 -3.58637
 50.48653 -3.56374
 50.48679 -3.49915
 50.49268 -3.48674
 50.50379 -3.49646
 50.51185 -3.49801
 50.51707 -3.49150
 50.51986 -3.47713
 50.51914 -3.46287
 50.51485 -3.45264
 50.50849 -3.44271
 50.50183 -3.42918
 50.49165 -3.38535
 50.48979 -3.36107
3 195 49.7841 50.648 -5.4012 -4.28597 'Namur (Belgium)'
 50.14340 -4.83136
 50.14645 -4.82010
 50.16133 -4.81555
 50.15337 -4.78858
 50.08392 -4.68192
 50.07607 -4.67613
 50.06620 -4.67344
 50.06020 -4.67582
 50.05519 -4.67954
 50.04832 -4.68057
 50.01638 -4.67292
 50.00052 -4.66590
 49.98909 -4.65670
 49.98450 -4.64585
 49.98021 -4.60419
 49.93561 -4.46477
 49.93225 -4.43511
 49.93357 -4.42765
 49.93367 -4.42772
 49.93778 -4.43056
 49.95897 -4.44400
 49.99731 -4.41475
 50.04932 -4.40674
 50.05297 -4.39056
 50.06930 -4.38617
 50.10934 -4.38535
 50.12642 -4.39837
 50.16934 -4.36008
 50.18735 -4.39656
 50.20169 -4.38845
 50.23373 -4.40054
 50.24076 -4.38622
 50.24373 -4.36514
 50.23004 -4.34664
 50.22978 -4.33894
 50.24360 -4.30246
 50.25797 -4.28597
 50.27662 -4.32571
 50.27807 -4.35925
 50.29311 -4.37217
 50.29254 -4.39015
 50.31122 -4.39832
 50.30623 -4.45376
 50.32879 -4.47418
 50.33044 -4.50198
 50.31543 -4.52027
 50.32248 -4.58787
 50.36003 -4.58156
 50.38574 -4.60585
 50.40121 -4.58513
 50.40429 -4.60109
 50.42519 -4.61598
 50.44178 -4.57267
 50.44788 -4.58213
 50.45493 -4.57247
 50.45646 -4.58600
 50.47984 -4.59934
 50.49061 -4.58699
 50.49986 -4.59479
 50.49413 -4.55893
 50.54343 -4.57675
 50.56043 -4.57319
 50.56893 -4.59014
 50.57048 -4.60781
 50.56224 -4.64419
 50.56544 -4.66662
 50.59658 -4.65504
 50.60849 -4.66610
 50.60854 -4.67577
 50.59606 -4.70372
 50.60709 -4.70827
 50.61167 -4.73411
 50.59156 -4.74047
 50.60161 -4.78072
 50.59097 -4.79194
 50.60262 -4.78806
 50.60567 -4.79323
 50.62368 -4.90040
 50.62983 -4.90144
 50.62836 -4.92795
 50.64797 -4.95084
 50.64337 -4.98257
 50.61929 -4.97911
 50.58994 -5.02773
 50.54193 -5.05337
 50.53288 -5.03456
 50.53092 -5.09037
 50.50736 -5.10535
 50.50575 -5.11905
 50.51289 -5.14282
 50.50457 -5.12928
 50.48875 -5.13626
 50.49061 -5.15605
 50.48188 -5.15103
 50.46994 -5.16209
 50.47862 -5.19594
 50.46467 -5.21759
 50.43806 -5.23609
 50.41842 -5.22049
 50.40555 -5.23279
 50.39695 -5.28240
 50.37845 -5.28126
 50.36618 -5.29511
 50.38974 -5.34994
 50.38047 -5.39242
 50.36757 -5.40120
 50.34964 -5.38022
 50.33775 -5.39443
 50.31184 -5.34007
 50.30665 -5.34777
 50.31814 -5.36022
 50.31918 -5.38337
 50.30323 -5.39366
 50.28807 -5.39267
 50.26970 -5.36518
 50.24045 -5.29449
 50.24923 -5.28400
 50.24854 -5.27304
 50.23885 -5.25072
 50.22706 -5.25325
 50.22825 -5.22447
 50.21991 -5.20586
 50.20619 -5.24436
 50.19626 -5.23351
 50.19621 -5.24555
 50.18601 -5.24405
 50.15947 -5.27955
 50.14144 -5.27025
 50.13554 -5.24178
 50.12030 -5.26726
 50.10960 -5.26219
 50.11131 -5.23537
 50.09906 -5.20829
 50.09622 -5.18700
 50.09201 -5.09331
 50.09676 -5.07207
 50.12477 -5.06623
 50.08632 -5.05151
 50.08061 -5.06019
 50.06371 -5.04965
 50.04183 -5.01699
 50.03968 -5.00732
 50.04583 -4.99818
 50.03033 -4.99115
 50.03064 -4.97218
 50.01535 -4.99652
 49.98271 -5.00944
 49.97928 -5.02004
 49.98478 -5.06256
 49.97129 -5.07176
 49.96155 -5.10096
 49.93928 -5.09724
 49.92530 -5.11889
 49.91241 -5.06871
 49.89685 -5.04324
 49.88610 -5.05993
 49.85127 -4.98495
 49.84254 -4.98066
 49.82337 -4.98918
 49.82094 -4.97627
 49.80389 -4.97177
 49.79727 -4.96851
 49.79698 -4.96837
 49.79639 -4.95001
 49.78647 -4.90660
 49.78415 -4.88418
 49.78657 -4.85803
 49.79417 -4.84904
 49.83158 -4.84924
 49.83753 -4.84676
 49.84802 -4.83694
 49.85303 -4.83488
 49.85913 -4.83674
 49.86585 -4.84563
 49.87107 -4.84893
 49.88331 -4.85431
 49.89168 -4.85937
 49.90031 -4.86196
 49.91334 -4.86020
 49.93173 -4.84459
 49.94429 -4.79726
 49.95830 -4.78392
 49.97426 -4.78827
 50.03602 -4.82671
 50.04671 -4.82764
 50.05503 -4.82609
 50.06408 -4.82723
 50.09069 -4.84604
 50.09162 -4.85214
 50.08408 -4.86289
 50.10159 -4.86516
 50.12226 -4.87053
 50.13978 -4.87188
 50.14759 -4.86268
 50.14340 -4.83136
4 246 49.4952 50.4308 -6.03382 -4.96837 'Luxembourg (Belgium)'
 49.68281 -5.19248
 49.68720 -5.16943
 49.69599 -5.15124
 49.70534 -5.13636
 49.74534 -5.09378
 49.75273 -5.08189
 49.75939 -5.04623
 49.76673 -5.02629
 49.79055 -4.98908
 49.79706 -4.97099
 49.79698 -4.96837
 49.79727 -4.96851
 49.80389 -4.97177
 49.82094 -4.97627
 49.82337 -4.98918
 49.84254 -4.98066
 49.85127 -4.98495
 49.88610 -5.05993
 49.89685 -5.04324
 49.91241 -5.06871
 49.92530 -5.11889
 49.93928 -5.09724
 49.96155 -5.10096
 49.97129 -5.07176
 49.98478 -5.06256
 49.97928 -5.02004
 49.98271 -5.00944
 50.01535 -4.99652
 50.03064 -4.97218
 50.03033 -4.99115
 50.04583 -4.99818
 50.03968 -5.00732
 50.04183 -5.01699
 50.06371 -5.04965
 50.08061 -5.06019
 50.08632 -5.05151
 50.12477 -5.06623
 50.09676 -5.07207
 50.09201 -5.09331
 50.09622 -5.18700
 50.09906 -5.20829
 50.11131 -5.23537
 50.10960 -5.26219
 50.12030 -5.26726
 50.13554 -5.24178
 50.14144 -5.27025
 50.15947 -5.27955
 50.18601 -5.24405
 50.19621 -5.24555
 50.19626 -5.23351
 50.20619 -5.24436
 50.21991 -5.20586
 50.22825 -5.22447
 50.22706 -5.25325
 50.23885 -5.25072
 50.24854 -5.27304
 50.24923 -5.28400
 50.24045 -5.29449
 50.26970 -5.36518
 50.28807 -5.39267
 50.30323 -5.39366
 50.31918 -5.38337
 50.31814 -5.36022
 50.30665 -5.34777
 50.31184 -5.34007
 50.33775 -5.39443
 50.34964 -5.38022
 50.36757 -5.40120
 50.38047 -5.39242
 50.40059 -5.42575
 50.42338 -5.40570
 50.43031 -5.41179
 50.43077 -5.42507
 50.40907 -5.46848
 50.42597 -5.50864
 50.40628 -5.51778
 50.40411 -5.53468
 50.39512 -5.53158
 50.39191 -5.53711
 50.39028 -5.55370
 50.40059 -5.58770
 50.36824 -5.64186
 50.36959 -5.67503
 50.35765 -5.67028
 50.35755 -5.72077
 50.33264 -5.70340
 50.32163 -5.70449
 50.30411 -5.72061
 50.29982 -5.74759
 50.26308 -5.72072
 50.26902 -5.78087
 50.26572 -5.79725
 50.25611 -5.80391
 50.26587 -5.81043
 50.27151 -5.87378
 50.28132 -5.88029
 50.28458 -5.84546
 50.31946 -5.86779
 50.32954 -5.84929
 50.34788 -5.85807
 50.33088 -5.97930
 50.32230 -5.98106
 50.31176 -6.01300
 50.21874 -6.00747
 50.20766 -6.01191
 50.20484 -6.03382
 50.19469 -6.01987
 50.18386 -6.02406
 50.18161 -6.02493
 50.15089 -6.02297
 50.15082 -6.02297
 50.15358 -6.01413
 50.16092 -6.00804
 50.17048 -6.00473
 50.17497 -5.99832
 50.16707 -5.98292
 50.16562 -5.96163
 50.15637 -5.95316
 50.14268 -5.94902
 50.12831 -5.94106
 50.11834 -5.92618
 50.10661 -5.88897
 50.09689 -5.87244
 50.09054 -5.86882
 50.07431 -5.86686
 50.06749 -5.86438
 50.06180 -5.85828
 50.05364 -5.84370
 50.04744 -5.83771
 50.03586 -5.83885
 50.02646 -5.83885
 50.01855 -5.83637
 50.01359 -5.82913
 50.00780 -5.80887
 50.00248 -5.80267
 49.98868 -5.80154
 49.98310 -5.80856
 49.97757 -5.81260
 49.96382 -5.80164
 49.95881 -5.79337
 49.95659 -5.77859
 49.95354 -5.77156
 49.94682 -5.76371
 49.94160 -5.75999
 49.93654 -5.75761
 49.93018 -5.75358
 49.89137 -5.71896
 49.88187 -5.71493
 49.87820 -5.72671
 49.86729 -5.74883
 49.85820 -5.75813
 49.85996 -5.73188
 49.85417 -5.73198
 49.85117 -5.73053
 49.84884 -5.72867
 49.84523 -5.72692
 49.83944 -5.73653
 49.83427 -5.72464
 49.82471 -5.72020
 49.81277 -5.72165
 49.80022 -5.72774
 49.78885 -5.73828
 49.78564 -5.74841
 49.78446 -5.75916
 49.77939 -5.77187
 49.77304 -5.77849
 49.74286 -5.80205
 49.73815 -5.80360
 49.72420 -5.80577
 49.72188 -5.80536
 49.71852 -5.81177
 49.71578 -5.82572
 49.71361 -5.83172
 49.71294 -5.83730
 49.71433 -5.84370
 49.71402 -5.85022
 49.70808 -5.85600
 49.70581 -5.85640
 49.70043 -5.85735
 49.69630 -5.85363
 49.69273 -5.84877
 49.68720 -5.84722
 49.68069 -5.84670
 49.67749 -5.84370
 49.67392 -5.84226
 49.66658 -5.84577
 49.66322 -5.85259
 49.66172 -5.87264
 49.65775 -5.87988
 49.64353 -5.88546
 49.63485 -5.87988
 49.62886 -5.86996
 49.62276 -5.86200
 49.59971 -5.84918
 49.58969 -5.84122
 49.58276 -5.82996
 49.57672 -5.84691
 49.56111 -5.83740
 49.54514 -5.81446
 49.53775 -5.79068
 49.53961 -5.77901
 49.54840 -5.75710
 49.54943 -5.74635
 49.54571 -5.73560
 49.53460 -5.72268
 49.53109 -5.71028
 49.53352 -5.68868
 49.54044 -5.66718
 49.54380 -5.64465
 49.53553 -5.61974
 49.52494 -5.60785
 49.51775 -5.60558
 49.51372 -5.60227
 49.51243 -5.58749
 49.51393 -5.57891
 49.52344 -5.54760
 49.51796 -5.52879
 49.50509 -5.50367
 49.49522 -5.47772
 49.49894 -5.45613
 49.50783 -5.44993
 49.51677 -5.45096
 49.52618 -5.45417
 49.53662 -5.45437
 49.54576 -5.45024
 49.60245 -5.40208
 49.60882 -5.39117
 49.61330 -5.38347
 49.62069 -5.35247
 49.62514 -5.34110
 49.62581 -5.33490
 49.62312 -5.33118
 49.61764 -5.32694
 49.61258 -5.32167
 49.61113 -5.31454
 49.61325 -5.29790
 49.61718 -5.29304
 49.62638 -5.29066
 49.64054 -5.29376
 49.64390 -5.30183
 49.64751 -5.30637
 49.66250 -5.29945
 49.67790 -5.28012
 49.69133 -5.25924
 49.69097 -5.23764
 49.68281 -5.19248
5 217 50.1205 50.8076 -6.37453 -4.97911 'Liege (Belgium)'
 50.14841 -6.03863
 50.14945 -6.02736
 50.15082 -6.02297
 50.15089 -6.02297
 50.18161 -6.02493
 50.18386 -6.02406
 50.19469 -6.01987
 50.20484 -6.03382
 50.20766 -6.01191
 50.21874 -6.00747
 50.31176 -6.01300
 50.32230 -5.98106
 50.33088 -5.97930
 50.34788 -5.85807
 50.32954 -5.84929
 50.31946 -5.86779
 50.28458 -5.84546
 50.28132 -5.88029
 50.27151 -5.87378
 50.26587 -5.81043
 50.25611 -5.80391
 50.26572 -5.79725
 50.26902 -5.78087
 50.26308 -5.72072
 50.29982 -5.74759
 50.30411 -5.72061
 50.32163 -5.70449
 50.33264 -5.70340
 50.35755 -5.72077
 50.35765 -5.67028
 50.36959 -5.67503
 50.36824 -5.64186
 50.40059 -5.58770
 50.39028 -5.55370
 50.39191 -5.53711
 50.39512 -5.53158
 50.40411 -5.53468
 50.40628 -5.51778
 50.42597 -5.50864
 50.40907 -5.46848
 50.43077 -5.42507
 50.43031 -5.41179
 50.42338 -5.40570
 50.40059 -5.42575
 50.38047 -5.39242
 50.38974 -5.34994
 50.36618 -5.29511
 50.37845 -5.28126
 50.39695 -5.28240
 50.40555 -5.23279
 50.41842 -5.22049
 50.43806 -5.23609
 50.46467 -5.21759
 50.47862 -5.19594
 50.46994 -5.16209
 50.48188 -5.15103
 50.49061 -5.15605
 50.48875 -5.13626
 50.50457 -5.12928
 50.51289 -5.14282
 50.50575 -5.11905
 50.50736 -5.10535
 50.53092 -5.09037
 50.53288 -5.03456
 50.54193 -5.05337
 50.58994 -5.02773
 50.61929 -4.97911
 50.64337 -4.98257
 50.66616 -5.00179
 50.69579 -5.00076
 50.70295 -5.01657
 50.72533 -4.99197
 50.73349 -5.01585
 50.75193 -5.01910
 50.74284 -5.04355
 50.72511 -5.04304
 50.71157 -5.05953
 50.70692 -5.07472
 50.70976 -5.10110
 50.69725 -5.16774
 50.70716 -5.18044
 50.72356 -5.16939
 50.71875 -5.22892
 50.72823 -5.23616
 50.71688 -5.24338
 50.72945 -5.27558
 50.71839 -5.30737
 50.72971 -5.31227
 50.74097 -5.33212
 50.75084 -5.37821
 50.74712 -5.39175
 50.72750 -5.40409
 50.72087 -5.43098
 50.72226 -5.45325
 50.73996 -5.46115
 50.72640 -5.48084
 50.72885 -5.49681
 50.74376 -5.52384
 50.76004 -5.52193
 50.77642 -5.60848
 50.80764 -5.65743
 50.80507 -5.66325
 50.79850 -5.68485
 50.79556 -5.70046
 50.78377 -5.69870
 50.76083 -5.68837
 50.75422 -5.70656
 50.75282 -5.71741
 50.75416 -5.72785
 50.75885 -5.73278
 50.75637 -5.73530
 50.74686 -5.75028
 50.75120 -5.77597
 50.71560 -5.81829
 50.71885 -5.85415
 50.71100 -5.87818
 50.71335 -5.88692
 50.73597 -5.91016
 50.75125 -5.89129
 50.74905 -5.90220
 50.74755 -5.97476
 50.74993 -5.99491
 50.74807 -5.99326
 50.74626 -5.99264
 50.74445 -5.99274
 50.74259 -5.99419
 50.73706 -6.01083
 50.72745 -6.01134
 50.71691 -6.00762
 50.70853 -6.01155
 50.70755 -6.02478
 50.71448 -6.06436
 50.71349 -6.08100
 50.70130 -6.10023
 50.64218 -6.16110
 50.63676 -6.14777
 50.62239 -6.15945
 50.61552 -6.18002
 50.61443 -6.24905
 50.60844 -6.25133
 50.59955 -6.24430
 50.59076 -6.23293
 50.58715 -6.23293
 50.57867 -6.21061
 50.56198 -6.17908
 50.54358 -6.16069
 50.53020 -6.17733
 50.52250 -6.16947
 50.51795 -6.17082
 50.51578 -6.17888
 50.51521 -6.19056
 50.50658 -6.18260
 50.50183 -6.19066
 50.49041 -6.19924
 50.48633 -6.20720
 50.48602 -6.21712
 50.49268 -6.25092
 50.49408 -6.25309
 50.49459 -6.25557
 50.49408 -6.25784
 50.49268 -6.26011
 50.48803 -6.27541
 50.48167 -6.31871
 50.48100 -6.33690
 50.47403 -6.32574
 50.46602 -6.32326
 50.45702 -6.32616
 50.44690 -6.33163
 50.43785 -6.34021
 50.43697 -6.34734
 50.43356 -6.35117
 50.41687 -6.35044
 50.39331 -6.34331
 50.37992 -6.33639
 50.36809 -6.33773
 50.32944 -6.37246
 50.32308 -6.37340
 50.31548 -6.37453
 50.30696 -6.36202
 50.30386 -6.33546
 50.30541 -6.32202
 50.30825 -6.31065
 50.30887 -6.29949
 50.30386 -6.28595
 50.29610 -6.27603
 50.28649 -6.26942
 50.27642 -6.26735
 50.26742 -6.27179
 50.25678 -6.25340
 50.24903 -6.21040
 50.24272 -6.18963
 50.23301 -6.17981
 50.22272 -6.15717
 50.21404 -6.14684
 50.20453 -6.16017
 50.19316 -6.16575
 50.18190 -6.16513
 50.17244 -6.15914
 50.16934 -6.15170
 50.16831 -6.13175
 50.16490 -6.12317
 50.16159 -6.12131
 50.15038 -6.11800
 50.14547 -6.11583
 50.14020 -6.12596
 50.13405 -6.12948
 50.12733 -6.12658
 50.12046 -6.11749
 50.12475 -6.10260
 50.13265 -6.10033
 50.14211 -6.10147
 50.15131 -6.09713
 50.15932 -6.08421
 50.15864 -6.07646
 50.15420 -6.07005
 50.15074 -6.06137
 50.14841 -6.03863
6 138 50.7219 51.368 -4.33305 -3.33068 'East Flanders (Belgium)'
 51.24470 -3.39880
 51.23798 -3.42194
 51.23563 -3.45388
 51.24028 -3.50121
 51.24974 -3.50411
 51.26240 -3.50152
 51.27395 -3.50338
 51.28103 -3.51434
 51.28333 -3.52901
 51.28393 -3.54503
 51.28953 -3.58482
 51.29044 -3.60953
 51.28783 -3.63505
 51.26232 -3.75732
 51.25452 -3.77623
 51.24142 -3.78140
 51.23031 -3.77975
 51.21987 -3.78140
 51.20876 -3.79628
 51.20533 -3.80869
 51.20626 -3.92703
 51.21078 -3.94945
 51.23323 -3.99503
 51.27240 -4.11895
 51.29687 -4.16856
 51.33059 -4.20794
 51.34054 -4.21352
 51.36382 -4.22096
 51.36800 -4.22149
 51.36774 -4.22218
 51.35659 -4.24106
 51.34667 -4.24903
 51.32844 -4.25611
 51.31582 -4.27263
 51.30589 -4.29078
 51.29609 -4.30299
 51.28974 -4.30665
 51.28364 -4.30812
 51.27660 -4.30543
 51.26957 -4.29865
 51.26788 -4.29501
 51.25785 -4.28861
 51.21491 -4.30985
 51.21140 -4.30111
 51.18943 -4.32535
 51.17682 -4.33062
 51.16969 -4.33305
 51.14778 -4.32855
 51.13218 -4.31600
 51.12396 -4.27620
 51.12396 -4.23569
 51.12153 -4.21585
 51.11362 -4.19797
 51.10427 -4.18536
 51.09988 -4.18200
 51.09564 -4.18334
 51.08670 -4.18458
 51.07740 -4.18753
 51.06608 -4.19332
 51.05451 -4.19642
 51.04461 -4.19140
 51.04386 -4.18913
 51.03720 -4.20127
 51.03407 -4.21228
 51.04427 -4.23187
 51.03807 -4.24034
 50.99012 -4.21709
 50.98350 -4.19414
 50.99058 -4.16174
 50.97058 -4.14650
 50.94265 -4.16071
 50.92991 -4.16019
 50.91958 -4.13704
 50.93183 -4.09125
 50.91250 -4.10014
 50.90005 -4.07363
 50.89193 -4.08810
 50.88139 -4.08712
 50.83845 -4.04040
 50.83542 -4.06598
 50.82072 -4.07487
 50.79264 -4.06035
 50.77649 -4.03038
 50.77215 -4.01333
 50.78047 -3.99927
 50.76685 -3.98217
 50.77977 -3.95628
 50.77535 -3.94398
 50.75757 -3.93116
 50.73949 -3.95204
 50.73411 -3.95064
 50.72884 -3.91829
 50.73416 -3.89499
 50.75138 -3.88440
 50.74350 -3.82802
 50.75190 -3.81469
 50.74897 -3.77463
 50.78032 -3.75779
 50.76864 -3.71454
 50.78211 -3.70400
 50.77193 -3.67532
 50.72185 -3.63465
 50.73420 -3.60664
 50.73494 -3.54055
 50.76642 -3.53398
 50.75888 -3.49414
 50.76851 -3.45761
 50.79791 -3.52002
 50.80517 -3.52250
 50.82522 -3.49946
 50.83550 -3.51238
 50.86930 -3.45047
 50.88459 -3.47403
 50.90335 -3.46607
 50.90746 -3.45047
 50.89844 -3.42732
 50.91219 -3.41915
 50.92056 -3.43259
 50.93206 -3.42473
 50.92986 -3.44840
 50.93438 -3.45532
 50.94395 -3.44013
 50.94371 -3.46023
 50.95896 -3.41207
 50.96779 -3.44297
 50.98242 -3.42587
 51.00704 -3.45202
 51.03947 -3.42215
 51.04931 -3.44380
 51.10014 -3.33068
 51.11812 -3.37445
 51.16112 -3.41031
 51.18721 -3.38701
 51.19284 -3.35983
 51.20364 -3.38406
 51.22959 -3.36696
 51.24266 -3.40003
 51.24470 -3.39880
7 153 50.9921 51.4962 -5.26043 -4.182 'Antwerp (Belgium)'
 51.49624 -4.76418
 51.49536 -4.77865
 51.49102 -4.79684
 51.48412 -4.81359
 51.47564 -4.82392
 51.46056 -4.82609
 51.44621 -4.81989
 51.43107 -4.81545
 51.41368 -4.82268
 51.42642 -4.77907
 51.42539 -4.76780
 51.41337 -4.76212
 51.40764 -4.78330
 51.40614 -4.85327
 51.40304 -4.87167
 51.39190 -4.91033
 51.39562 -4.93193
 51.41100 -4.95714
 51.43053 -4.98019
 51.44671 -4.99580
 51.45900 -5.00272
 51.46831 -5.00613
 51.47433 -5.01213
 51.47681 -5.02753
 51.47443 -5.03032
 51.46198 -5.06029
 51.43854 -5.07993
 51.42190 -5.07641
 51.40591 -5.06525
 51.38425 -5.06174
 51.37454 -5.06814
 51.35067 -5.10256
 51.34198 -5.10783
 51.31992 -5.11806
 51.31338 -5.12292
 51.30739 -5.14018
 51.30950 -5.17884
 51.30834 -5.19734
 51.29434 -5.21491
 51.25873 -5.21542
 51.25592 -5.23299
 51.25693 -5.23946
 51.25067 -5.22741
 51.21248 -5.21651
 51.18848 -5.25718
 51.14807 -5.26043
 51.13404 -5.23537
 51.14001 -5.20302
 51.11921 -5.18039
 51.11755 -5.13026
 51.08520 -5.08985
 51.07513 -5.00980
 51.06143 -5.00970
 51.03601 -4.98092
 51.04647 -4.96707
 51.04572 -4.94831
 51.03590 -4.90971
 51.02087 -4.88283
 51.02469 -4.87059
 51.01107 -4.81855
 51.01652 -4.80573
 51.04009 -4.78868
 51.02438 -4.75602
 51.02735 -4.73390
 50.99978 -4.69494
 51.01559 -4.70626
 51.02484 -4.67938
 51.01249 -4.60647
 50.99211 -4.59339
 50.99229 -4.57805
 51.00412 -4.54616
 50.99343 -4.52802
 51.00973 -4.49428
 50.99239 -4.47614
 51.00681 -4.45382
 50.99746 -4.39310
 51.01229 -4.38824
 51.01593 -4.36953
 51.03110 -4.37909
 51.01792 -4.34793
 51.01994 -4.34142
 51.02701 -4.34819
 51.04102 -4.29889
 51.04368 -4.27460
 51.03807 -4.24034
 51.04427 -4.23187
 51.03407 -4.21228
 51.03720 -4.20127
 51.04386 -4.18913
 51.04461 -4.19140
 51.05451 -4.19642
 51.06608 -4.19332
 51.07740 -4.18753
 51.08670 -4.18458
 51.09564 -4.18334
 51.09988 -4.18200
 51.10427 -4.18536
 51.11362 -4.19797
 51.12153 -4.21585
 51.12396 -4.23569
 51.12396 -4.27620
 51.13218 -4.31600
 51.14778 -4.32855
 51.16969 -4.33305
 51.17682 -4.33062
 51.18943 -4.32535
 51.21140 -4.30111
 51.21491 -4.30985
 51.25785 -4.28861
 51.26788 -4.29501
 51.26957 -4.29865
 51.26756 -4.29672
 51.27123 -4.30836
 51.27684 -4.31642
 51.29609 -4.33082
 51.30516 -4.29713
 51.30915 -4.28932
 51.31802 -4.28541
 51.33967 -4.28614
 51.35008 -4.28305
 51.35810 -4.27565
 51.36938 -4.26107
 51.36895 -4.28112
 51.36875 -4.29010
 51.35643 -4.32628
 51.35229 -4.34561
 51.35041 -4.39222
 51.35674 -4.41123
 51.37397 -4.41620
 51.38379 -4.41010
 51.40053 -4.38767
 51.40952 -4.37992
 51.41965 -4.38064
 51.42746 -4.38715
 51.43459 -4.38922
 51.44288 -4.37713
 51.46198 -4.42942
 51.47433 -4.48306
 51.47738 -4.51262
 51.47593 -4.52523
 51.46758 -4.53319
 51.45087 -4.53185
 51.43841 -4.52337
 51.42864 -4.52151
 51.42007 -4.54063
 51.41929 -4.55386
 51.42260 -4.58270
 51.41756 -4.61463
 51.41821 -4.63014
 51.42141 -4.64357
 51.42622 -4.65391
 51.48562 -4.73121
 51.49624 -4.76418
8 129 50.6973 51.2881 -5.91016 -4.98092 'Limburg (Belgium)'
 51.21677 -5.55141
 51.20765 -5.56837
 51.19690 -5.62501
 51.19091 -5.63855
 51.18396 -5.64816
 51.17907 -5.65901
 51.17918 -5.67617
 51.18460 -5.71803
 51.18375 -5.73084
 51.17760 -5.74717
 51.15946 -5.76805
 51.15241 -5.78138
 51.15732 -5.81208
 51.15647 -5.82913
 51.14373 -5.83802
 51.13892 -5.84050
 51.13016 -5.82644
 51.11874 -5.82324
 51.10339 -5.84598
 51.09949 -5.83678
 51.09691 -5.82665
 51.09587 -5.81590
 51.09662 -5.80495
 51.08939 -5.80743
 51.08634 -5.80898
 51.08231 -5.81177
 51.06859 -5.80433
 51.06148 -5.79885
 51.05500 -5.79130
 51.06130 -5.77963
 51.05812 -5.77146
 51.04844 -5.76640
 51.03518 -5.76402
 51.02355 -5.77756
 50.99916 -5.76175
 50.95942 -5.72237
 50.96325 -5.74469
 50.96309 -5.75430
 50.95942 -5.76402
 50.94723 -5.75255
 50.92397 -5.73529
 50.91167 -5.72237
 50.90925 -5.71761
 50.90661 -5.70604
 50.90366 -5.69446
 50.85266 -5.62232
 50.83028 -5.62449
 50.81504 -5.64072
 50.80764 -5.65743
 50.77642 -5.60848
 50.76004 -5.52193
 50.74376 -5.52384
 50.72885 -5.49681
 50.72640 -5.48084
 50.73996 -5.46115
 50.72226 -5.45325
 50.72087 -5.43098
 50.72750 -5.40409
 50.74712 -5.39175
 50.75084 -5.37821
 50.74097 -5.33212
 50.72971 -5.31227
 50.71839 -5.30737
 50.72945 -5.27558
 50.71688 -5.24338
 50.72823 -5.23616
 50.71875 -5.22892
 50.72356 -5.16939
 50.70716 -5.18044
 50.69725 -5.16774
 50.70976 -5.10110
 50.73602 -5.12044
 50.74331 -5.10112
 50.76357 -5.11455
 50.78197 -5.10639
 50.81163 -5.15160
 50.81659 -5.12949
 50.85026 -5.13651
 50.87963 -5.15321
 50.87545 -5.17269
 50.87863 -5.17749
 50.90630 -5.18623
 50.91431 -5.17165
 50.91459 -5.13662
 50.92253 -5.13315
 50.91098 -5.09455
 50.92258 -5.07781
 50.91803 -5.06122
 50.92123 -5.05466
 50.94309 -5.04148
 50.96565 -5.08169
 50.98774 -5.08262
 50.99983 -5.12437
 51.02335 -5.11796
 51.02495 -5.12778
 51.01699 -5.13295
 51.02350 -5.15827
 51.04546 -5.13119
 51.05187 -5.10892
 51.04955 -5.08086
 51.02448 -5.08101
 51.01745 -5.06318
 51.02557 -5.04251
 51.02066 -5.02246
 51.04040 -5.00634
 51.03601 -4.98092
 51.06143 -5.00970
 51.07513 -5.00980
 51.08520 -5.08985
 51.11755 -5.13026
 51.11921 -5.18039
 51.14001 -5.20302
 51.13404 -5.23537
 51.14807 -5.26043
 51.18848 -5.25718
 51.21248 -5.21651
 51.25067 -5.22741
 51.25693 -5.23946
 51.26183 -5.27072
 51.25871 -5.38906
 51.26354 -5.40993
 51.28212 -5.45189
 51.28809 -5.47163
 51.28653 -5.49324
 51.27723 -5.51670
 51.26204 -5.53520
 51.24266 -5.54233
 51.21992 -5.54553
 51.21677 -5.55141
9 17 50.6973 51.2881 -5.91016 -4.98092 'Limburg (Belgium)'
 50.77344 -5.75244
 50.77101 -5.76247
 50.75670 -5.78293
 50.75215 -5.79317
 50.75354 -5.87988
 50.75125 -5.89129
 50.73597 -5.91016
 50.71335 -5.88692
 50.71100 -5.87818
 50.71885 -5.85415
 50.71560 -5.81829
 50.75120 -5.77597
 50.74686 -5.75028
 50.75637 -5.73530
 50.75885 -5.73278
 50.76910 -5.74356
 50.77344 -5.75244
10 25 50.7646 50.9148 -4.47975 -4.24557 'Brussels (Belgium)'
 50.79542 -4.47975
 50.76779 -4.39843
 50.76464 -4.37724
 50.76715 -4.35528
 50.77898 -4.32763
 50.81440 -4.30123
 50.80841 -4.28304
 50.82164 -4.24557
 50.83693 -4.25746
 50.83962 -4.28283
 50.85643 -4.28917
 50.86779 -4.27895
 50.89145 -4.29792
 50.90313 -4.33461
 50.89858 -4.37734
 50.91481 -4.40329
 50.90634 -4.42049
 50.88929 -4.43619
 50.87967 -4.43569
 50.86949 -4.42003
 50.85321 -4.46023
 50.82153 -4.47610
 50.81978 -4.45491
 50.81099 -4.44649
 50.79542 -4.47975
11 159 50.6887 51.0519 -5.18623 -3.88797 'Flemish Brabant (Belgium)'
 50.70712 -4.09974
 50.71291 -4.07271
 50.69601 -4.05850
 50.70283 -4.05147
 50.69503 -4.02801
 50.69898 -4.00900
 50.68873 -3.98884
 50.68981 -3.92823
 50.69467 -3.90693
 50.70641 -3.89277
 50.71756 -3.88797
 50.73416 -3.89499
 50.72884 -3.91829
 50.73411 -3.95064
 50.73949 -3.95204
 50.75757 -3.93116
 50.77535 -3.94398
 50.77977 -3.95628
 50.76685 -3.98217
 50.78047 -3.99927
 50.77215 -4.01333
 50.77649 -4.03038
 50.79264 -4.06035
 50.82072 -4.07487
 50.83542 -4.06598
 50.83845 -4.04040
 50.88139 -4.08712
 50.89193 -4.08810
 50.90005 -4.07363
 50.91250 -4.10014
 50.93183 -4.09125
 50.91958 -4.13704
 50.92991 -4.16019
 50.94265 -4.16071
 50.97058 -4.14650
 50.99058 -4.16174
 50.98350 -4.19414
 50.99012 -4.21709
 51.03807 -4.24034
 51.04368 -4.27460
 51.04102 -4.29889
 51.02701 -4.34819
 51.01994 -4.34142
 51.01792 -4.34793
 51.03110 -4.37909
 51.01593 -4.36953
 51.01229 -4.38824
 50.99746 -4.39310
 51.00681 -4.45382
 50.99239 -4.47614
 51.00973 -4.49428
 50.99343 -4.52802
 51.00412 -4.54616
 50.99229 -4.57805
 50.99211 -4.59339
 51.01249 -4.60647
 51.02484 -4.67938
 51.01559 -4.70626
 50.99978 -4.69494
 51.02735 -4.73390
 51.02438 -4.75602
 51.04009 -4.78868
 51.01652 -4.80573
 51.01107 -4.81855
 51.02469 -4.87059
 51.02087 -4.88283
 51.03590 -4.90971
 51.04572 -4.94831
 51.04647 -4.96707
 51.03601 -4.98092
 51.04040 -5.00634
 51.02066 -5.02246
 51.02557 -5.04251
 51.01745 -5.06318
 51.02448 -5.08101
 51.04955 -5.08086
 51.05187 -5.10892
 51.04546 -5.13119
 51.02350 -5.15827
 51.01699 -5.13295
 51.02495 -5.12778
 51.02335 -5.11796
 50.99983 -5.12437
 50.98774 -5.08262
 50.96565 -5.08169
 50.94309 -5.04148
 50.92123 -5.05466
 50.91803 -5.06122
 50.92258 -5.07781
 50.91098 -5.09455
 50.92253 -5.13315
 50.91459 -5.13662
 50.91431 -5.17165
 50.90630 -5.18623
 50.87863 -5.17749
 50.87545 -5.17269
 50.87963 -5.15321
 50.85026 -5.13651
 50.81659 -5.12949
 50.81163 -5.15160
 50.78197 -5.10639
 50.76357 -5.11455
 50.74331 -5.10112
 50.73602 -5.12044
 50.70976 -5.10110
 50.70692 -5.07472
 50.71157 -5.05953
 50.72511 -5.04304
 50.74284 -5.04355
 50.75193 -5.01910
 50.77094 -4.98144
 50.74629 -4.93235
 50.74480 -4.91721
 50.75156 -4.90455
 50.76957 -4.90805
 50.76464 -4.83261
 50.77549 -4.83689
 50.77689 -4.81293
 50.79947 -4.79153
 50.80867 -4.74962
 50.80257 -4.72285
 50.78982 -4.71416
 50.79730 -4.71024
 50.79099 -4.69267
 50.79957 -4.64048
 50.77399 -4.63635
 50.75840 -4.65463
 50.74407 -4.63521
 50.74295 -4.60182
 50.76469 -4.59655
 50.74836 -4.57294
 50.74182 -4.52917
 50.72945 -4.52695
 50.74107 -4.49512
 50.74609 -4.49021
 50.75761 -4.49453
 50.75895 -4.48003
 50.75456 -4.45801
 50.73655 -4.42173
 50.73182 -4.37368
 50.71674 -4.36789
 50.71761 -4.34903
 50.73431 -4.32991
 50.72903 -4.32262
 50.71905 -4.33325
 50.71880 -4.31141
 50.70356 -4.30877
 50.69829 -4.30185
 50.69524 -4.28722
 50.70108 -4.25957
 50.69203 -4.23999
 50.70909 -4.20743
 50.70873 -4.18025
 50.72785 -4.15860
 50.73038 -4.14904
 50.72795 -4.13912
 50.71694 -4.13183
 50.71720 -4.10749
 50.70712 -4.09974
12 25 50.6887 51.0519 -5.18623 -3.88797 'Flemish Brabant (Belgium)'
 50.79542 -4.47975
 50.81099 -4.44649
 50.81978 -4.45491
 50.82153 -4.47610
 50.85321 -4.46023
 50.86949 -4.42003
 50.87967 -4.43569
 50.88929 -4.43619
 50.90634 -4.42049
 50.91481 -4.40329
 50.89858 -4.37734
 50.90313 -4.33461
 50.89145 -4.29792
 50.86779 -4.27895
 50.85643 -4.28917
 50.83962 -4.28283
 50.83693 -4.25746
 50.82164 -4.24557
 50.80841 -4.28304
 50.81440 -4.30123
 50.77898 -4.32763
 50.76715 -4.35528
 50.76464 -4.37724
 50.76779 -4.39843
 50.79542 -4.47975
13 104 50.5272 50.8087 -5.0191 -4.09022 'Walloon Brabant (Belgium)'
 50.70712 -4.09974
 50.71720 -4.10749
 50.71694 -4.13183
 50.72795 -4.13912
 50.73038 -4.14904
 50.72785 -4.15860
 50.70873 -4.18025
 50.70909 -4.20743
 50.69203 -4.23999
 50.70108 -4.25957
 50.69524 -4.28722
 50.69829 -4.30185
 50.70356 -4.30877
 50.71880 -4.31141
 50.71905 -4.33325
 50.72903 -4.32262
 50.73431 -4.32991
 50.71761 -4.34903
 50.71674 -4.36789
 50.73182 -4.37368
 50.73655 -4.42173
 50.75456 -4.45801
 50.75895 -4.48003
 50.75761 -4.49453
 50.74609 -4.49021
 50.74107 -4.49512
 50.72945 -4.52695
 50.74182 -4.52917
 50.74836 -4.57294
 50.76469 -4.59655
 50.74295 -4.60182
 50.74407 -4.63521
 50.75840 -4.65463
 50.77399 -4.63635
 50.79957 -4.64048
 50.79099 -4.69267
 50.79730 -4.71024
 50.78982 -4.71416
 50.80257 -4.72285
 50.80867 -4.74962
 50.79947 -4.79153
 50.77689 -4.81293
 50.77549 -4.83689
 50.76464 -4.83261
 50.76957 -4.90805
 50.75156 -4.90455
 50.74480 -4.91721
 50.74629 -4.93235
 50.77094 -4.98144
 50.75193 -5.01910
 50.73349 -5.01585
 50.72533 -4.99197
 50.70295 -5.01657
 50.69579 -5.00076
 50.66616 -5.00179
 50.64337 -4.98257
 50.64797 -4.95084
 50.62836 -4.92795
 50.62983 -4.90144
 50.62368 -4.90040
 50.60567 -4.79323
 50.60262 -4.78806
 50.59097 -4.79194
 50.60161 -4.78072
 50.59156 -4.74047
 50.61167 -4.73411
 50.60709 -4.70827
 50.59606 -4.70372
 50.60854 -4.67577
 50.60849 -4.66610
 50.59658 -4.65504
 50.56544 -4.66662
 50.56224 -4.64419
 50.57048 -4.60781
 50.56893 -4.59014
 50.56043 -4.57319
 50.54343 -4.57675
 50.52717 -4.51655
 50.53139 -4.50188
 50.54069 -4.50306
 50.52973 -4.47009
 50.55441 -4.47288
 50.55955 -4.46808
 50.55934 -4.42297
 50.56627 -4.41253
 50.56239 -4.35584
 50.54456 -4.33083
 50.57001 -4.33362
 50.56813 -4.30411
 50.59301 -4.27894
 50.59733 -4.24649
 50.61820 -4.25197
 50.62678 -4.19859
 50.64771 -4.20365
 50.66388 -4.18432
 50.66109 -4.17332
 50.63358 -4.14185
 50.63133 -4.11864
 50.63603 -4.10112
 50.65365 -4.09136
 50.69060 -4.09022
 50.70347 -4.09420
 50.70688 -4.11244
 50.70712 -4.09974
