0 26 -29.08 -28.9975 -167.996 -167.912 'Norfolk Island (Norfolk Island)'
 -29.01784 -167.98414
 -29.02565 -167.99635
 -29.04258 -167.99464
 -29.05926 -167.98504
 -29.06634 -167.97348
 -29.06894 -167.97006
 -29.07204 -167.96795
 -29.07578 -167.96648
 -29.08001 -167.96664
 -29.06561 -167.96070
 -29.05657 -167.95045
 -29.05576 -167.93971
 -29.06634 -167.93263
 -29.06634 -167.92644
 -29.05560 -167.92433
 -29.04551 -167.92018
 -29.03639 -167.91830
 -29.02874 -167.92237
 -29.01946 -167.92994
 -29.01214 -167.93051
 -29.00872 -167.92457
 -29.01165 -167.91212
 -28.99749 -167.92652
 -29.00123 -167.94557
 -29.01181 -167.96583
 -29.01784 -167.98414
