0 21 60.0605 60.1496 -20.2976 -20.1983 'Lumparland (Aland)'
 60.14216 -20.27760
 60.12153 -20.29762
 60.10358 -20.28517
 60.08600 -20.26889
 60.06647 -20.27760
 60.06049 -20.26629
 60.06257 -20.25904
 60.06835 -20.25229
 60.07392 -20.24285
 60.08332 -20.20899
 60.08755 -20.20191
 60.10407 -20.19825
 60.12035 -20.20493
 60.13569 -20.21534
 60.14960 -20.22242
 60.11970 -20.24464
 60.10798 -20.25807
 60.11823 -20.26393
 60.13858 -20.25327
 60.14541 -20.25571
 60.14216 -20.27760
1 40 60.13 60.2605 -19.6743 -19.5132 'Eckerö (Aland)'
 60.22093 -19.63950
 60.21345 -19.64308
 60.20283 -19.66049
 60.19676 -19.66749
 60.19058 -19.67091
 60.18423 -19.67311
 60.16633 -19.67433
 60.15811 -19.67107
 60.15668 -19.66334
 60.15754 -19.65431
 60.15583 -19.64698
 60.16543 -19.63250
 60.18749 -19.60955
 60.19676 -19.59164
 60.17988 -19.59946
 60.16401 -19.60328
 60.14912 -19.59962
 60.13532 -19.58481
 60.12995 -19.56520
 60.13475 -19.54461
 60.14863 -19.52703
 60.17011 -19.51661
 60.17910 -19.51393
 60.18378 -19.51319
 60.18765 -19.51759
 60.19367 -19.53028
 60.20112 -19.53728
 60.21113 -19.53696
 60.22207 -19.53517
 60.23216 -19.53712
 60.23697 -19.54225
 60.24897 -19.56039
 60.25511 -19.56788
 60.26048 -19.57887
 60.26048 -19.59376
 60.25690 -19.60841
 60.24665 -19.62810
 60.24014 -19.63445
 60.23163 -19.63836
 60.22093 -19.63950
2 20 60.1968 60.2697 -20.4414 -20.3454 'Vårdö (Aland)'
 60.26569 -20.42791
 60.26240 -20.43483
 60.25821 -20.43898
 60.25263 -20.44077
 60.24518 -20.44142
 60.19676 -20.39291
 60.19888 -20.38087
 60.20405 -20.38087
 60.21076 -20.38551
 60.21723 -20.38624
 60.22187 -20.38771
 60.23298 -20.38754
 60.24071 -20.38266
 60.22883 -20.35304
 60.23770 -20.34539
 60.25288 -20.34702
 60.26569 -20.35890
 60.26968 -20.37965
 60.25951 -20.41098
 60.26569 -20.42791
3 13 60.1946 60.3679 -20.853 -20.6634 'Kumlinge (Aland)'
 60.23216 -20.81886
 60.23871 -20.79054
 60.26366 -20.78110
 60.28632 -20.78728
 60.28620 -20.80519
 60.28099 -20.81528
 60.27033 -20.84596
 60.26569 -20.85304
 60.25361 -20.85060
 60.24681 -20.83888
 60.24445 -20.82399
 60.24518 -20.81137
 60.23216 -20.81886
4 10 60.1946 60.3679 -20.853 -20.6634 'Kumlinge (Aland)'
 60.22940 -20.68377
 60.21825 -20.70590
 60.20930 -20.71632
 60.19965 -20.70769
 60.19457 -20.68678
 60.19920 -20.67066
 60.20502 -20.66407
 60.21638 -20.66342
 60.22671 -20.66847
 60.22940 -20.68377
5 19 60.1946 60.3679 -20.853 -20.6634 'Kumlinge (Aland)'
 60.32648 -20.77735
 60.31240 -20.74000
 60.31436 -20.73268
 60.32099 -20.73146
 60.32441 -20.73178
 60.33275 -20.73268
 60.33780 -20.73536
 60.34846 -20.74350
 60.35187 -20.74692
 60.35489 -20.75066
 60.36074 -20.75489
 60.36612 -20.75717
 60.36787 -20.76433
 60.36640 -20.77613
 60.36197 -20.78736
 60.35277 -20.79200
 60.34272 -20.78940
 60.33356 -20.78533
 60.32648 -20.77735
6 49 60.0739 60.1862 -20.0505 -19.7476 'Jomala (Aland)'
 60.10106 -19.91033
 60.10122 -19.88657
 60.09642 -19.87330
 60.09101 -19.87029
 60.08552 -19.86834
 60.08076 -19.85865
 60.07868 -19.84506
 60.07949 -19.83172
 60.08430 -19.82325
 60.09439 -19.82447
 60.09984 -19.80698
 60.09626 -19.78891
 60.08649 -19.77345
 60.07392 -19.76303
 60.10139 -19.74757
 60.10771 -19.76429
 60.11841 -19.78876
 60.12453 -19.81170
 60.14900 -19.81017
 60.15053 -19.83311
 60.17041 -19.82699
 60.17805 -19.84687
 60.17805 -19.86216
 60.18417 -19.89428
 60.18417 -19.91721
 60.18622 -19.94361
 60.17910 -19.95883
 60.17304 -19.98732
 60.16600 -19.99659
 60.15892 -20.00392
 60.15583 -20.01002
 60.15811 -20.01987
 60.16332 -20.02752
 60.16999 -20.03492
 60.17634 -20.04420
 60.14435 -20.03297
 60.12897 -20.03012
 60.11481 -20.03053
 60.11140 -20.03419
 60.10912 -20.04086
 60.10541 -20.04754
 60.09781 -20.05047
 60.08747 -20.04477
 60.08739 -20.03159
 60.09439 -20.00636
 60.09113 -19.96599
 60.10006 -19.94933
 60.11077 -19.93709
 60.10106 -19.91033
7 12 60.0477 60.1108 -19.966 -19.9103 'Mariehamn (Aland)'
 60.09113 -19.96599
 60.08389 -19.94899
 60.07014 -19.95143
 60.05378 -19.95818
 60.04767 -19.94850
 60.05036 -19.93775
 60.06025 -19.94117
 60.09154 -19.92400
 60.10106 -19.91033
 60.11077 -19.93709
 60.10006 -19.94933
 60.09113 -19.96599
8 12 59.9045 59.958 -20.9966 -20.8621 'Kökar (Aland)'
 59.91413 -20.87525
 59.91791 -20.86793
 59.92817 -20.86207
 59.93675 -20.87086
 59.93976 -20.88453
 59.94013 -20.89747
 59.93354 -20.90659
 59.92072 -20.91285
 59.90925 -20.92018
 59.90449 -20.91236
 59.90913 -20.88771
 59.91413 -20.87525
9 17 59.9045 59.958 -20.9966 -20.8621 'Kökar (Aland)'
 59.94278 -20.98357
 59.94383 -20.96941
 59.94208 -20.96925
 59.93627 -20.98414
 59.92674 -20.99122
 59.92154 -20.98276
 59.93586 -20.93214
 59.94306 -20.91847
 59.94843 -20.91326
 59.94937 -20.91521
 59.95331 -20.91993
 59.95799 -20.93474
 59.95205 -20.97869
 59.95189 -20.98976
 59.94990 -20.99586
 59.94501 -20.99659
 59.94278 -20.98357
10 32 59.9536 60.0736 -20.6179 -20.2813 'Föglö (Aland)'
 60.04499 -20.61012
 60.04344 -20.61256
 60.04222 -20.61793
 60.04108 -20.61524
 60.03978 -20.60336
 60.03921 -20.60092
 60.03596 -20.60825
 60.02985 -20.60987
 60.02265 -20.60629
 60.01606 -20.59645
 60.00812 -20.58717
 60.00666 -20.57748
 60.01887 -20.55047
 60.01651 -20.54615
 60.00951 -20.53989
 60.00507 -20.52703
 60.00633 -20.51189
 60.01268 -20.50082
 60.02424 -20.50554
 60.04841 -20.53094
 60.05610 -20.54493
 60.05760 -20.55836
 60.05695 -20.56821
 60.05915 -20.57618
 60.05915 -20.58286
 60.05589 -20.58709
 60.05195 -20.58790
 60.05085 -20.59108
 60.05268 -20.59864
 60.05207 -20.60499
 60.04759 -20.60865
 60.04499 -20.61012
11 9 59.9536 60.0736 -20.6179 -20.2813 'Föglö (Aland)'
 60.05524 -20.42408
 60.06513 -20.44890
 60.06680 -20.46258
 60.04011 -20.45102
 60.02509 -20.43214
 60.02131 -20.40235
 60.02823 -20.39015
 60.04051 -20.40349
 60.05524 -20.42408
12 15 59.9536 60.0736 -20.6179 -20.2813 'Föglö (Aland)'
 60.04804 -20.52117
 60.04295 -20.51938
 60.03636 -20.50034
 60.04133 -20.47136
 60.05736 -20.46974
 60.06240 -20.48805
 60.06476 -20.52223
 60.06550 -20.52540
 60.06696 -20.51645
 60.07038 -20.51840
 60.07364 -20.53338
 60.07099 -20.54184
 60.06415 -20.53582
 60.05683 -20.52622
 60.04804 -20.52117
13 15 59.9536 60.0736 -20.6179 -20.2813 'Föglö (Aland)'
 59.97662 -20.28132
 59.99898 -20.30191
 60.02011 -20.33945
 60.01767 -20.36242
 60.00913 -20.39846
 60.00499 -20.43675
 59.99518 -20.44706
 59.98135 -20.39858
 59.98199 -20.36713
 59.98021 -20.33932
 59.97720 -20.32482
 59.96269 -20.32237
 59.95362 -20.30665
 59.95848 -20.28371
 59.97662 -20.28132
14 14 60.1092 60.1514 -20.6882 -20.6355 'Sottunga (Aland)'
 60.13052 -20.68336
 60.12653 -20.68653
 60.11701 -20.68824
 60.11017 -20.68198
 60.10920 -20.67156
 60.11591 -20.65577
 60.13133 -20.63868
 60.14395 -20.63551
 60.14936 -20.64405
 60.15135 -20.65358
 60.14973 -20.65992
 60.14501 -20.66863
 60.13630 -20.67945
 60.13052 -20.68336
15 24 59.9714 60.095 -20.2252 -20.0253 'Lemland (Aland)'
 60.06363 -20.03365
 60.07265 -20.06819
 60.09497 -20.10127
 60.08693 -20.13004
 60.08785 -20.16326
 60.06557 -20.19319
 60.03592 -20.21266
 60.01488 -20.22253
 60.00548 -20.22522
 59.99115 -20.21179
 59.97637 -20.18764
 59.97144 -20.17512
 59.99294 -20.18404
 59.99875 -20.17150
 59.99292 -20.15181
 59.98887 -20.12318
 59.99647 -20.10525
 60.00543 -20.11687
 60.01663 -20.12132
 60.02825 -20.10426
 60.02822 -20.07826
 60.03940 -20.05846
 60.04249 -20.02526
 60.06363 -20.03365
16 11 60.449 60.4808 -21.0967 -21.0593 'Brändö (Aland)'
 60.48013 -21.08863
 60.47557 -21.09474
 60.46345 -21.09669
 60.45222 -21.08823
 60.44896 -21.07838
 60.45478 -21.06495
 60.46674 -21.05926
 60.47435 -21.06430
 60.48041 -21.07643
 60.48078 -21.08465
 60.48013 -21.08863
