0 10 16.721 16.7626 169.513 169.55 'Johnston Atoll (United States Minor Outlying Islands)'
 16.76020 169.53026
 16.76260 169.52082
 16.76244 169.51740
 16.75849 169.52351
 16.75605 169.52839
 16.75479 169.53327
 16.75446 169.53917
 16.75650 169.53722
 16.75849 169.53258
 16.76020 169.53026
1 7 16.721 16.7626 169.513 169.55 'Johnston Atoll (United States Minor Outlying Islands)'
 16.73306 169.53234
 16.73216 169.52241
 16.72191 169.54170
 16.72101 169.54735
 16.72346 169.54951
 16.72736 169.54768
 16.73306 169.53234
2 4 16.721 16.7626 169.513 169.55 'Johnston Atoll (United States Minor Outlying Islands)'
 16.74396 169.51366
 16.74559 169.51366
 16.74433 169.51277
 16.74396 169.51366
3 5 -0.388767 -0.372491 160.009 160.03 'Jarvis Island (United States Minor Outlying Islands)'
 -0.37615 160.02998
 -0.37249 160.00890
 -0.38209 160.01244
 -0.38877 160.02477
 -0.37615 160.02998
4 9 0.190334 0.225898 176.459 176.486 'Baker Island (United States Minor Outlying Islands)'
 0.19652 176.48583
 0.19668 176.48213
 0.19790 176.47912
 0.19746 176.47688
 0.19310 176.47529
 0.19033 176.47932
 0.19147 176.48127
 0.19432 176.48290
 0.19652 176.48583
5 4 0.190334 0.225898 176.459 176.486 'Baker Island (United States Minor Outlying Islands)'
 0.22590 176.45954
 0.21922 176.45918
 0.22187 176.46394
 0.22590 176.45954
6 7 0.790188 0.806952 176.636 176.64 'Howland Island (United States Minor Outlying Islands)'
 0.79019 176.63618
 0.80199 176.64049
 0.80353 176.64004
 0.80496 176.63964
 0.80695 176.63903
 0.80341 176.63610
 0.79019 176.63618
7 9 19.2756 19.3057 -166.652 -166.619 'Wake Atoll (United States Minor Outlying Islands)'
 19.28164 -166.61940
 19.28242 -166.62973
 19.28644 -166.63819
 19.29401 -166.64088
 19.30573 -166.63478
 19.29776 -166.64812
 19.28425 -166.65235
 19.27558 -166.64422
 19.28164 -166.61940
8 6 28.1977 28.2153 177.321 177.39 'Midway Islands (United States Minor Outlying Islands)'
 28.21109 177.32893
 28.20767 177.32287
 28.20588 177.32116
 28.20498 177.32490
 28.20429 177.33528
 28.21109 177.32893
9 9 28.1977 28.2153 177.321 177.39 'Midway Islands (United States Minor Outlying Islands)'
 28.21442 177.35766
 28.20759 177.36445
 28.20234 177.37218
 28.19892 177.38073
 28.19766 177.38960
 28.20698 177.38524
 28.21284 177.37800
 28.21532 177.36864
 28.21442 177.35766
10 29 18.395 18.4173 75.0026 75.0308 'Navassa Island (United States Minor Outlying Islands)'
 18.41726 75.02432
 18.41564 75.02107
 18.41564 75.01073
 18.41515 75.01024
 18.41515 75.00699
 18.41079 75.00373
 18.41022 75.00263
 18.40644 75.00263
 18.40477 75.00263
 18.40371 75.00316
 18.39773 75.00316
 18.39610 75.00532
 18.39610 75.00699
 18.39501 75.00805
 18.39501 75.01073
 18.39610 75.01183
 18.39610 75.01509
 18.39667 75.01618
 18.39667 75.01781
 18.39773 75.01891
 18.39883 75.01891
 18.40042 75.02050
 18.40261 75.02050
 18.40644 75.02375
 18.40697 75.02375
 18.40803 75.02595
 18.41348 75.03083
 18.41726 75.03026
 18.41726 75.02432
11 18 5.86937 5.89024 162.058 162.104 'Palmyra Atoll (United States Minor Outlying Islands)'
 5.88719 162.06086
 5.88247 162.05761
 5.87344 162.06111
 5.86937 162.07307
 5.87165 162.09114
 5.87535 162.09435
 5.87482 162.09077
 5.87824 162.08707
 5.88552 162.07506
 5.88540 162.07820
 5.88418 162.08271
 5.88386 162.08731
 5.88581 162.09386
 5.88642 162.10029
 5.88858 162.10363
 5.89024 162.10171
 5.89016 162.07136
 5.88719 162.06086
