0 58 33.4173 34.5019 -36.6237 -35.6137 'Al Biqa' (Lebanon)'
 33.50984 -35.61368
 33.51555 -35.62166
 33.53722 -35.64042
 33.68861 -35.71999
 33.76611 -35.76445
 33.85861 -35.81888
 33.87250 -35.83527
 33.88916 -35.85361
 33.95777 -35.92528
 33.98958 -35.95222
 34.07403 -36.00180
 34.15222 -36.01138
 34.15611 -36.04034
 34.36361 -36.19958
 34.39722 -36.21611
 34.42277 -36.22194
 34.46027 -36.24791
 34.49826 -36.30562
 34.50075 -36.35123
 34.50194 -36.42999
 34.49139 -36.45444
 34.43194 -36.52584
 34.34416 -36.54666
 34.22819 -36.59361
 34.20499 -36.62375
 34.10722 -36.51694
 34.03388 -36.39750
 33.99722 -36.35027
 33.97499 -36.32792
 33.91090 -36.28346
 33.87833 -36.32945
 33.87993 -36.35777
 33.85423 -36.38875
 33.83111 -36.37395
 33.82695 -36.35334
 33.85638 -36.24083
 33.82753 -36.07104
 33.76972 -36.01722
 33.71819 -35.97111
 33.64416 -35.94020
 33.64069 -35.96722
 33.61916 -36.02555
 33.58562 -36.05875
 33.55333 -36.03444
 33.46666 -35.93416
 33.42957 -35.88333
 33.41729 -35.85200
 33.42805 -35.77694
 33.44527 -35.76639
 33.46729 -35.75673
 33.48125 -35.71346
 33.47055 -35.69625
 33.44805 -35.67680
 33.42645 -35.65117
 33.43335 -35.63499
 33.43625 -35.63014
 33.49117 -35.61479
 33.50984 -35.61368
1 35 34.1522 34.6475 -36.4593 -35.6463 'Ash Shamal (Lebanon)'
 34.21718 -35.64627
 34.28111 -35.64888
 34.31249 -35.66945
 34.43139 -35.81916
 34.47194 -35.90055
 34.52750 -35.98361
 34.55701 -35.99159
 34.61180 -35.98722
 34.64750 -35.97277
 34.63250 -36.03083
 34.63389 -36.08749
 34.63876 -36.11297
 34.64002 -36.11446
 34.64416 -36.12194
 34.64194 -36.29859
 34.63945 -36.37639
 34.63041 -36.45930
 34.59472 -36.45277
 34.55445 -36.39750
 34.53805 -36.36416
 34.50075 -36.35123
 34.49826 -36.30562
 34.46027 -36.24791
 34.42277 -36.22194
 34.39722 -36.21611
 34.36361 -36.19958
 34.15611 -36.04034
 34.15222 -36.01138
 34.15888 -36.00139
 34.17833 -35.93083
 34.19485 -35.83535
 34.18666 -35.80111
 34.18472 -35.75722
 34.18777 -35.73389
 34.21718 -35.64627
2 8 33.8615 33.9072 -35.5481 -35.4753 'Bayrut (Lebanon)'
 33.90166 -35.54809
 33.89014 -35.54499
 33.87194 -35.53638
 33.86152 -35.51625
 33.86529 -35.48250
 33.90180 -35.47531
 33.90722 -35.52361
 33.90166 -35.54809
3 43 33.5098 34.2172 -36.0114 -35.3823 'Jabal Lubnan (Lebanon)'
 33.58783 -35.38234
 33.63444 -35.39500
 33.68833 -35.41694
 33.74166 -35.44166
 33.77875 -35.46708
 33.80097 -35.47875
 33.82625 -35.48347
 33.85819 -35.48361
 33.86529 -35.48250
 33.86152 -35.51625
 33.87194 -35.53638
 33.89014 -35.54499
 33.90166 -35.54809
 33.91208 -35.57430
 34.01277 -35.63444
 34.10569 -35.64708
 34.14149 -35.63413
 34.20222 -35.62993
 34.21718 -35.64627
 34.18777 -35.73389
 34.18472 -35.75722
 34.18666 -35.80111
 34.19485 -35.83535
 34.17833 -35.93083
 34.15888 -36.00139
 34.15222 -36.01138
 34.07403 -36.00180
 33.98958 -35.95222
 33.95777 -35.92528
 33.88916 -35.85361
 33.87250 -35.83527
 33.85861 -35.81888
 33.76611 -35.76445
 33.68861 -35.71999
 33.53722 -35.64042
 33.51555 -35.62166
 33.50984 -35.61368
 33.54041 -35.62180
 33.60018 -35.58189
 33.59653 -35.55388
 33.57638 -35.44722
 33.58427 -35.41685
 33.58783 -35.38234
4 37 33.115 33.4933 -35.852 -35.3144 'An Nabatiyah (Lebanon)'
 33.33761 -35.76172
 33.27632 -35.62666
 33.24573 -35.62364
 33.27027 -35.58555
 33.19653 -35.54277
 33.12673 -35.52569
 33.11499 -35.50583
 33.14361 -35.48250
 33.18639 -35.48416
 33.21611 -35.48499
 33.25899 -35.47748
 33.29222 -35.43975
 33.30666 -35.40694
 33.31971 -35.34590
 33.37111 -35.31445
 33.39666 -35.32111
 33.47888 -35.42166
 33.49333 -35.51444
 33.46695 -35.52305
 33.38305 -35.52444
 33.34856 -35.54300
 33.38222 -35.58694
 33.43335 -35.63499
 33.42645 -35.65117
 33.44805 -35.67680
 33.47055 -35.69625
 33.48125 -35.71346
 33.46729 -35.75673
 33.44527 -35.76639
 33.42805 -35.77694
 33.41729 -35.85200
 33.40326 -35.82638
 33.37111 -35.81472
 33.35055 -35.79416
 33.34722 -35.78666
 33.34111 -35.76944
 33.33761 -35.76172
5 45 33.0621 33.6002 -35.635 -35.1008 'Sayda (Lebanon)'
 33.09361 -35.10083
 33.13083 -35.14166
 33.18278 -35.18833
 33.21708 -35.20458
 33.24945 -35.20945
 33.30527 -35.22027
 33.42555 -35.26305
 33.45416 -35.27333
 33.47201 -35.30041
 33.49583 -35.32972
 33.52680 -35.35625
 33.58783 -35.38234
 33.58427 -35.41685
 33.57638 -35.44722
 33.59653 -35.55388
 33.60018 -35.58189
 33.54041 -35.62180
 33.50984 -35.61368
 33.49117 -35.61479
 33.43625 -35.63014
 33.43335 -35.63499
 33.38222 -35.58694
 33.34856 -35.54300
 33.38305 -35.52444
 33.46695 -35.52305
 33.49333 -35.51444
 33.47888 -35.42166
 33.39666 -35.32111
 33.37111 -35.31445
 33.31971 -35.34590
 33.30666 -35.40694
 33.29222 -35.43975
 33.25899 -35.47748
 33.21611 -35.48499
 33.18639 -35.48416
 33.14361 -35.48250
 33.11499 -35.50583
 33.09805 -35.50527
 33.06833 -35.42555
 33.06208 -35.37778
 33.06250 -35.35194
 33.08805 -35.32194
 33.09861 -35.26500
 33.09555 -35.10945
 33.09361 -35.10083
