0 690 1.83351 5.53987 53.9888 58.0677 'Sipaliwini (Suriname)'
 3.30972 54.08023
 3.30931 54.08080
 3.28538 54.11429
 3.24502 54.14002
 3.20058 54.17656
 3.17810 54.19046
 3.12741 54.21118
 3.13097 54.18798
 3.11656 54.17708
 3.09392 54.17470
 3.07279 54.17702
 3.07030 54.17945
 3.06798 54.18400
 3.06462 54.18850
 3.05914 54.19067
 3.05832 54.18855
 3.05160 54.17919
 3.04891 54.17702
 3.02483 54.17087
 3.01072 54.16917
 3.00452 54.17361
 2.99780 54.18514
 2.98375 54.17976
 2.97140 54.16876
 2.96974 54.16343
 2.95600 54.16297
 2.92540 54.17020
 2.91951 54.17325
 2.89931 54.18705
 2.88784 54.19067
 2.87734 54.19134
 2.87063 54.18963
 2.86386 54.18338
 2.85306 54.17020
 2.84655 54.18219
 2.83828 54.18891
 2.79177 54.20472
 2.77642 54.21253
 2.67798 54.28534
 2.60666 54.32043
 2.50801 54.35944
 2.48378 54.37562
 2.43592 54.42347
 2.43112 54.43546
 2.42895 54.45055
 2.42869 54.47261
 2.42285 54.48331
 2.41706 54.49339
 2.34890 54.52031
 2.34017 54.53158
 2.33810 54.55116
 2.34833 54.58475
 2.34580 54.59922
 2.32627 54.61529
 2.32012 54.63413
 2.31650 54.65338
 2.31598 54.67286
 2.31898 54.69250
 2.32482 54.70412
 2.33288 54.70655
 2.34255 54.70544
 2.35319 54.70673
 2.37593 54.71570
 2.39479 54.70996
 2.39588 54.70728
 2.39572 54.70203
 2.39732 54.69725
 2.40352 54.69560
 2.40910 54.69684
 2.41991 54.70110
 2.42574 54.70255
 2.44585 54.70319
 2.45034 54.70766
 2.45799 54.72118
 2.46652 54.74304
 2.46579 54.75981
 2.45734 54.77549
 2.44817 54.79249
 2.43350 54.84192
 2.44735 54.88029
 2.54305 54.97858
 2.55235 54.98281
 2.56610 54.97956
 2.58568 54.96023
 2.59907 54.95367
 2.60899 54.95910
 2.60692 54.97687
 2.59059 55.01775
 2.57793 55.03775
 2.54522 55.07630
 2.52781 55.11247
 2.52481 55.12089
 2.52569 55.12885
 2.53380 55.13660
 2.55287 55.13309
 2.56217 55.13779
 2.55933 55.17195
 2.49788 55.25192
 2.49933 55.27525
 2.51390 55.28698
 2.51969 55.30280
 2.51830 55.32052
 2.51127 55.33775
 2.49489 55.35452
 2.47623 55.36008
 2.45794 55.36277
 2.44254 55.37106
 2.43019 55.39959
 2.43086 55.43555
 2.43582 55.47431
 2.43639 55.51131
 2.43127 55.56821
 2.43386 55.58733
 2.43396 55.60831
 2.41665 55.64538
 2.39691 55.72429
 2.40104 55.74411
 2.40941 55.75460
 2.43127 55.76613
 2.44006 55.77357
 2.44517 55.78313
 2.46264 55.85377
 2.47091 55.87067
 2.51566 55.92503
 2.52817 55.94720
 2.53034 55.97102
 2.52646 55.98301
 2.52083 55.98924
 2.50326 55.99691
 2.46068 56.00751
 2.41629 56.00818
 2.39882 56.01335
 2.35510 56.04257
 2.34704 56.05024
 2.34156 56.06215
 2.34239 56.07342
 2.34771 56.08228
 2.35190 56.09146
 2.34906 56.10378
 2.33309 56.11680
 2.30436 56.13200
 2.27475 56.14388
 2.25619 56.14677
 2.24855 56.13525
 2.24591 56.09146
 2.24152 56.07293
 2.22405 56.05402
 2.18473 56.04484
 2.16349 56.03133
 2.14499 56.00441
 2.13739 55.99578
 2.09098 55.95996
 2.06168 55.92581
 2.05039 55.91826
 2.03765 55.91514
 2.02851 55.91676
 2.01939 55.92038
 2.00660 55.92358
 1.96216 55.92234
 1.92224 55.91676
 1.88622 55.92203
 1.85327 55.95382
 1.83351 56.01965
 1.84656 56.08264
 1.87177 56.14528
 1.88854 56.20977
 1.88565 56.25793
 1.88751 56.27380
 1.89547 56.29271
 1.91846 56.32862
 1.92660 56.34795
 1.92888 56.36717
 1.92167 56.39653
 1.91970 56.41518
 1.92270 56.42981
 1.94161 56.48182
 1.95322 56.48510
 1.96290 56.49120
 1.96998 56.49998
 1.97673 56.52096
 1.98179 56.52939
 1.98864 56.53649
 1.99717 56.54207
 2.01680 56.57977
 2.01841 56.67780
 2.02964 56.70519
 2.16597 56.80146
 2.19578 56.80875
 2.21759 56.81635
 2.26167 56.82619
 2.28110 56.83888
 2.28586 56.84779
 2.29015 56.87087
 2.29480 56.88014
 2.30374 56.88443
 2.33975 56.88389
 2.36208 56.89505
 2.39329 56.93084
 2.41143 56.93846
 2.42580 56.93202
 2.43618 56.93024
 2.44590 56.93507
 2.46125 56.95164
 2.47003 56.95636
 2.48378 56.95959
 2.49349 56.95753
 2.50455 56.95262
 2.51545 56.95127
 2.52470 56.95959
 2.50972 56.98001
 2.50486 56.99411
 2.51416 57.00057
 2.54786 56.99530
 2.55514 56.99711
 2.58455 57.02238
 2.59359 57.02724
 2.61059 57.02791
 2.62367 57.02316
 2.63545 57.02047
 2.64821 57.02724
 2.63648 57.04801
 2.64237 57.05597
 2.68175 57.06196
 2.70009 57.07189
 2.72738 57.09772
 2.74045 57.10294
 2.75038 57.09902
 2.76304 57.09214
 2.77389 57.08987
 2.77859 57.09953
 2.77342 57.13374
 2.77115 57.13705
 2.79001 57.14366
 2.82603 57.12640
 2.83259 57.13338
 2.83042 57.14522
 2.82107 57.16527
 2.81895 57.17462
 2.82324 57.18661
 2.83259 57.19105
 2.84200 57.19426
 2.84624 57.20227
 2.85657 57.20635
 2.90830 57.21963
 2.91822 57.21033
 2.93062 57.19472
 2.94468 57.18382
 2.95951 57.18862
 2.96302 57.22185
 2.97036 57.23462
 2.98338 57.22645
 2.99258 57.22118
 3.00044 57.22180
 3.00917 57.22469
 3.02126 57.22645
 3.02478 57.22325
 3.02405 57.20924
 3.02814 57.20599
 3.03568 57.20702
 3.04834 57.21177
 3.05604 57.21286
 3.07826 57.22221
 3.09413 57.23947
 3.11237 57.24857
 3.14167 57.23332
 3.14348 57.23673
 3.14400 57.23741
 3.14487 57.23761
 3.14787 57.23947
 3.14162 57.24624
 3.13583 57.25498
 3.13263 57.26490
 3.13428 57.27492
 3.14239 57.28603
 3.14896 57.28417
 3.15691 57.27771
 3.16901 57.27492
 3.19211 57.28567
 3.20311 57.28795
 3.21536 57.28712
 3.23593 57.28174
 3.24781 57.28045
 3.25975 57.28402
 3.26797 57.29027
 3.27629 57.29249
 3.28879 57.28422
 3.29505 57.28278
 3.32977 57.28045
 3.34380 57.28355
 3.39491 57.30841
 3.37016 57.34004
 3.36561 57.36675
 3.37383 57.39347
 3.38749 57.42504
 3.36938 57.42396
 3.36062 57.43093
 3.35334 57.45920
 3.34998 57.46168
 3.34318 57.46876
 3.33894 57.47625
 3.34339 57.47972
 3.34856 57.48204
 3.35153 57.48798
 3.35297 57.49584
 3.35334 57.50390
 3.35768 57.50964
 3.36525 57.52240
 3.36778 57.53527
 3.34814 57.54504
 3.34675 57.55423
 3.34982 57.56514
 3.36712 57.59619
 3.36724 57.59640
 3.37664 57.61325
 3.38243 57.64146
 3.38594 57.64994
 3.39013 57.65485
 3.39522 57.65821
 3.40708 57.66255
 3.41754 57.66462
 3.42584 57.66399
 3.44390 57.65893
 3.45062 57.65836
 3.46299 57.66053
 3.46951 57.66069
 3.49899 57.64549
 3.51666 57.64405
 3.53519 57.66043
 3.54730 57.68125
 3.54916 57.68513
 3.55216 57.68725
 3.55361 57.69800
 3.55568 57.70286
 3.56066 57.70735
 3.56412 57.70864
 3.56769 57.70952
 3.58244 57.71748
 3.59996 57.72249
 3.60720 57.72611
 3.63159 57.76425
 3.65185 57.81313
 3.66244 57.82977
 3.68099 57.84099
 3.70210 57.84693
 3.74747 57.84962
 3.76667 57.85385
 3.81220 57.87514
 3.88640 57.92584
 3.90545 57.94212
 3.95728 58.00790
 3.98772 58.03214
 4.02304 58.04201
 4.10807 58.05508
 4.15114 58.06769
 4.17184 58.06593
 4.19310 58.05203
 4.28204 57.96496
 4.29902 57.95385
 4.31876 57.94739
 4.34392 57.94527
 4.36048 57.94806
 4.37570 57.95349
 4.39144 57.95664
 4.40973 57.95266
 4.42511 57.94279
 4.43784 57.93132
 4.45094 57.92186
 4.48407 57.91447
 4.52851 57.89607
 4.55683 57.87912
 4.60773 57.86331
 4.63352 57.84543
 4.65088 57.83742
 4.66985 57.83603
 4.68752 57.84435
 4.72173 57.87117
 4.76286 57.88455
 4.77392 57.90114
 4.78237 57.91783
 4.79614 57.92537
 4.82976 57.91850
 4.85273 57.90243
 4.87226 57.88419
 4.88893 57.87070
 4.92280 57.85034
 4.92988 57.84280
 4.93306 57.83024
 4.93029 57.82057
 4.92554 57.81096
 4.92306 57.79846
 4.92644 57.77396
 4.93554 57.76234
 4.96401 57.74730
 4.98980 57.72048
 5.00626 57.68694
 5.00843 57.64937
 4.99135 57.61010
 5.00709 57.56622
 5.01109 57.54328
 5.01243 57.51760
 5.00915 57.51222
 4.99466 57.49687
 4.99135 57.49026
 4.99249 57.47734
 4.99763 57.46049
 5.00574 57.38138
 5.01243 57.35621
 5.01662 57.34551
 5.02075 57.33807
 5.02409 57.32944
 5.02610 57.31523
 5.02445 57.30650
 5.02112 57.29869
 5.02029 57.29048
 5.02610 57.28045
 5.05897 57.31694
 5.07016 57.32143
 5.08341 57.32019
 5.09475 57.31709
 5.12847 57.30221
 5.15721 57.29554
 5.17103 57.28898
 5.17692 57.27771
 5.17630 57.25994
 5.17237 57.24728
 5.16201 57.23875
 5.14212 57.23332
 5.14855 57.21777
 5.15762 57.20201
 5.16922 57.18981
 5.18315 57.18490
 5.20317 57.19240
 5.24361 57.22573
 5.26057 57.23252
 5.26795 57.18345
 5.27115 57.12506
 5.33327 56.72390
 5.31678 56.48386
 5.32035 56.38996
 5.32820 56.37353
 5.33699 56.36059
 5.35435 56.33979
 5.37285 56.32219
 5.38179 56.30702
 5.38784 56.28671
 5.39238 56.22894
 5.38711 56.13039
 5.39145 56.06918
 5.39497 56.06001
 5.42907 56.04244
 5.43445 56.02415
 5.43755 56.01965
 5.45279 56.01130
 5.45977 56.00482
 5.47383 55.98063
 5.47791 55.96735
 5.48173 55.96397
 5.49212 55.96286
 5.50928 55.97231
 5.51424 55.97262
 5.51858 55.97071
 5.52695 55.95779
 5.53987 55.91687
 5.38081 55.96955
 5.15426 55.99973
 5.12057 56.00056
 5.10289 55.99877
 5.09070 55.95154
 5.08982 55.94123
 5.09054 55.93009
 5.10486 55.88136
 5.10930 55.85834
 5.11064 55.83703
 5.10796 55.81690
 5.08729 55.75326
 5.08171 55.74176
 5.07395 55.73060
 5.06191 55.71801
 5.05122 55.71205
 5.04047 55.70933
 5.02760 55.70833
 5.01277 55.70564
 4.99055 55.69817
 4.98176 55.68791
 4.97809 55.67660
 4.98724 55.63342
 5.00006 55.60301
 5.01019 55.58523
 5.01484 55.57448
 5.01752 55.57069
 5.02093 55.55963
 5.02465 55.55381
 5.03013 55.54958
 5.04259 55.54655
 5.04812 55.54438
 5.05251 55.53981
 5.05835 55.53503
 5.07023 55.52717
 5.07370 55.52172
 5.07571 55.51064
 5.08047 55.50299
 4.92156 55.40163
 4.89123 55.38842
 4.85366 55.37649
 4.68979 55.35979
 4.49725 55.36718
 4.49042 55.36664
 4.48960 55.36605
 4.48918 55.36509
 4.47466 55.35328
 4.45192 55.34026
 4.43606 55.33421
 4.42211 55.33098
 4.06988 55.31104
 4.03660 55.30393
 4.02678 55.29871
 4.01882 55.29021
 4.01417 55.28063
 4.01185 55.27008
 4.01278 55.25959
 4.01557 55.24926
 4.04911 55.18427
 4.05707 55.17417
 4.09773 55.13128
 4.10456 55.12012
 4.10916 55.10896
 4.11205 55.09748
 4.11598 55.06482
 4.11918 55.05495
 4.12631 55.04555
 4.13613 55.03749
 4.15685 55.02524
 4.16553 55.01886
 4.17215 55.01129
 4.17339 55.00245
 4.17086 54.99547
 4.16114 54.98364
 4.13468 54.96664
 4.12890 54.95708
 4.13303 54.94744
 4.14135 54.94010
 4.15163 54.93556
 4.17365 54.92866
 4.18512 54.92359
 4.22935 54.89732
 4.28930 54.87504
 4.29798 54.87334
 4.31968 54.87362
 4.33002 54.87517
 4.38294 54.89292
 4.40495 54.89760
 4.41668 54.89894
 4.42914 54.89899
 4.44040 54.89747
 4.45280 54.89230
 4.46366 54.88427
 4.49425 54.85065
 4.51569 54.83187
 4.52660 54.82520
 4.53776 54.82065
 4.56086 54.81670
 4.64907 54.81848
 4.66023 54.81755
 4.67077 54.81430
 4.70126 54.79879
 4.71222 54.79549
 4.73496 54.79264
 4.74565 54.79037
 4.75645 54.78603
 4.77836 54.77440
 4.79015 54.76975
 4.80214 54.76709
 4.82689 54.76570
 4.83831 54.76329
 4.84885 54.75820
 4.86973 54.74505
 4.88017 54.74112
 4.89035 54.74009
 4.90125 54.74205
 4.90931 54.74515
 4.93050 54.75696
 4.95489 54.78401
 4.98094 54.85130
 5.02838 54.83450
 5.08605 54.82445
 5.16263 54.80316
 5.16997 54.79900
 5.17953 54.79179
 5.21069 54.75626
 5.21958 54.75022
 5.25182 54.73795
 5.36469 54.67896
 5.37931 54.66929
 5.37461 54.65493
 5.30650 54.47300
 5.29932 54.45933
 5.26133 54.40362
 5.24903 54.36779
 5.24242 54.35365
 5.23704 54.34458
 5.21291 54.32110
 5.21245 54.32065
 5.19620 54.33200
 5.15638 54.34358
 5.14958 54.35004
 5.13876 54.36544
 5.13238 54.36988
 5.12106 54.37231
 5.11488 54.37562
 5.05339 54.43024
 5.02429 54.44864
 5.00853 54.45479
 4.99135 54.45758
 4.95148 54.44884
 4.93673 54.45081
 4.93143 54.45551
 4.91280 54.48212
 4.90296 54.48672
 4.89275 54.48496
 4.87867 54.47866
 4.75519 54.47866
 4.74173 54.47540
 4.73620 54.46729
 4.73333 54.45701
 4.72785 54.44734
 4.70940 54.43546
 4.69238 54.43515
 4.67328 54.43856
 4.64874 54.43773
 4.61605 54.42528
 4.60435 54.42347
 4.56339 54.42347
 4.54616 54.42817
 4.50954 54.44796
 4.48422 54.45081
 4.37637 54.43344
 4.31294 54.40295
 4.26982 54.39412
 4.24439 54.39319
 4.22726 54.39959
 4.20858 54.41055
 4.19153 54.40657
 4.17791 54.39489
 4.16957 54.38249
 4.16052 54.34890
 4.15233 54.33856
 4.13171 54.33469
 4.11665 54.33758
 4.08208 54.35102
 4.06652 54.35515
 4.04172 54.35386
 4.02495 54.34435
 3.99420 54.31019
 3.98446 54.30389
 3.94981 54.29314
 3.94072 54.28647
 3.92953 54.27252
 3.92253 54.26580
 3.87635 54.24105
 3.86620 54.22224
 3.85765 54.21800
 3.85822 54.21454
 3.84648 54.20705
 3.82690 54.19749
 3.81468 54.18736
 3.81101 54.18162
 3.80582 54.17020
 3.79574 54.13610
 3.78874 54.12550
 3.75804 54.10478
 3.74706 54.09445
 3.67611 54.07403
 3.64055 54.05068
 3.63453 54.05011
 3.63645 54.03941
 3.63983 54.02840
 3.64146 54.01786
 3.63792 54.00882
 3.62360 53.99481
 3.61100 53.98882
 3.59570 53.99027
 3.57304 53.99828
 3.53103 54.00629
 3.45540 54.00303
 3.41537 54.01936
 3.37768 54.05569
 3.36421 54.06034
 3.34670 54.06272
 3.32708 54.06949
 3.30972 54.08023
1 126 5.22286 6.01157 56.4613 57.3357 'Nickerie (Suriname)'
 5.30761 57.33172
 5.31689 57.33569
 5.32787 57.33228
 5.33859 57.32412
 5.38740 57.27549
 5.40337 57.26521
 5.42675 57.26123
 5.44820 57.26009
 5.46409 57.25694
 5.48493 57.24767
 5.49897 57.23400
 5.50751 57.22509
 5.51972 57.19302
 5.53059 57.17951
 5.54279 57.17016
 5.55707 57.16369
 5.66511 57.13964
 5.75991 57.13488
 5.79316 57.12800
 5.81815 57.12577
 5.85884 57.11385
 5.88642 57.10228
 5.93000 57.07580
 5.94123 57.07164
 5.95010 57.06603
 5.95588 57.05769
 5.95991 57.03482
 5.96442 57.02790
 5.96894 57.02269
 5.97093 57.01745
 5.97386 57.01281
 5.98798 57.00011
 5.99266 56.99450
 5.99628 56.98469
 5.99811 56.97460
 6.00915 56.96387
 6.01157 56.95654
 6.00426 56.92884
 5.98964 56.86697
 5.98556 56.83036
 5.98551 56.78072
 5.98219 56.70263
 5.97972 56.65951
 5.97322 56.64243
 5.95365 56.61142
 5.95033 56.60373
 5.94067 56.60354
 5.77376 56.60166
 5.74854 56.59881
 5.71443 56.58344
 5.69738 56.57241
 5.68839 56.56835
 5.66565 56.56644
 5.65500 56.56401
 5.60415 56.53884
 5.56002 56.50223
 5.55320 56.49985
 5.54302 56.49792
 5.53057 56.50024
 5.52586 56.50319
 5.52509 56.50835
 5.53222 56.52021
 5.53439 56.52678
 5.53305 56.53306
 5.52819 56.53889
 5.52276 56.54404
 5.51842 56.54985
 5.51765 56.55615
 5.51889 56.56285
 5.51806 56.56835
 5.51196 56.56990
 5.50184 56.56618
 5.46794 56.53306
 5.45987 56.52809
 5.45021 56.52536
 5.43621 56.52631
 5.42665 56.53086
 5.41957 56.53636
 5.41450 56.54127
 5.40830 56.54556
 5.39724 56.54641
 5.39104 56.55021
 5.38494 56.55243
 5.38060 56.55130
 5.37781 56.54424
 5.37419 56.52833
 5.37063 56.51944
 5.37285 56.51331
 5.37781 56.51078
 5.39269 56.50773
 5.39926 56.50409
 5.40267 56.49962
 5.40329 56.49388
 5.39972 56.48737
 5.38923 56.47934
 5.37833 56.47355
 5.36138 56.46665
 5.35161 56.46156
 5.34231 56.46130
 5.33316 56.46588
 5.32851 56.47316
 5.31678 56.48386
 5.33327 56.72390
 5.27115 57.12506
 5.26795 57.18345
 5.26057 57.23252
 5.26257 57.23332
 5.26872 57.23761
 5.27177 57.24764
 5.27120 57.25901
 5.26629 57.26743
 5.25671 57.26919
 5.24705 57.26402
 5.23493 57.25379
 5.22829 57.25642
 5.22400 57.26304
 5.22286 57.27167
 5.22534 57.28045
 5.23082 57.28547
 5.23870 57.28727
 5.30854 57.28882
 5.31133 57.29203
 5.31102 57.29833
 5.31348 57.30841
 5.30761 57.32283
 5.30761 57.33172
2 65 5.21245 5.97482 53.9864 54.7414 'Marowijne (Suriname)'
 5.34837 54.17097
 5.32575 54.19046
 5.26909 54.26916
 5.22581 54.31133
 5.21245 54.32065
 5.21291 54.32110
 5.23704 54.34458
 5.24242 54.35365
 5.24903 54.36779
 5.26133 54.40362
 5.29932 54.45933
 5.30650 54.47300
 5.37461 54.65493
 5.42096 54.62201
 5.43156 54.61669
 5.44220 54.61253
 5.45440 54.60987
 5.46799 54.60824
 5.48917 54.60785
 5.52364 54.61307
 5.55930 54.62800
 5.59537 54.65281
 5.63692 54.67343
 5.68260 54.70436
 5.69955 54.71216
 5.72942 54.72074
 5.74523 54.72857
 5.76683 54.73686
 5.77438 54.73841
 5.80021 54.74143
 5.81262 54.74024
 5.82378 54.73616
 5.84709 54.71663
 5.86130 54.70976
 5.94108 54.71699
 5.96258 54.70994
 5.97482 54.70492
 5.96919 54.67356
 5.94097 54.47178
 5.91376 54.34863
 5.89481 54.25270
 5.86791 54.16934
 5.84734 54.09740
 5.84489 54.07446
 5.84056 54.06203
 5.84235 54.03673
 5.83418 54.03094
 5.83025 54.02046
 5.82015 54.01469
 5.80970 54.01631
 5.76350 53.99209
 5.74566 53.98636
 5.73452 53.99592
 5.68898 54.01975
 5.66931 54.03115
 5.62950 54.03644
 5.55207 54.05036
 5.51288 54.06111
 5.48981 54.07360
 5.46792 54.09179
 5.45283 54.10912
 5.44278 54.11848
 5.43342 54.12255
 5.41429 54.12853
 5.34837 54.17097
3 118 5.31678 5.95033 55.8972 56.6037 'Coronie (Suriname)'
 5.95033 56.60373
 5.94575 56.59310
 5.94076 56.57395
 5.93655 56.52686
 5.91135 56.41831
 5.89467 56.35502
 5.89251 56.30381
 5.88041 56.25677
 5.87075 56.22283
 5.86262 56.19164
 5.84805 56.12426
 5.83437 56.08304
 5.82774 56.05859
 5.82416 56.03799
 5.81071 55.99918
 5.80466 55.93601
 5.78474 55.91788
 5.77635 55.90355
 5.76301 55.89769
 5.67670 55.89769
 5.67670 55.89725
 5.67206 55.89937
 5.65754 55.91314
 5.65387 55.92829
 5.65077 55.95562
 5.64777 55.96394
 5.64374 55.96976
 5.63857 55.97242
 5.63139 55.97438
 5.62503 55.97381
 5.61831 55.97172
 5.61087 55.96815
 5.59878 55.96043
 5.57005 55.93382
 5.56700 55.92999
 5.55878 55.92255
 5.53987 55.91687
 5.52695 55.95779
 5.51858 55.97071
 5.51424 55.97262
 5.50928 55.97231
 5.49212 55.96286
 5.48173 55.96397
 5.47791 55.96735
 5.47383 55.98063
 5.45977 56.00482
 5.45279 56.01130
 5.43755 56.01965
 5.43445 56.02415
 5.42907 56.04244
 5.39497 56.06001
 5.39145 56.06918
 5.38711 56.13039
 5.39238 56.22894
 5.38784 56.28671
 5.38179 56.30702
 5.37285 56.32219
 5.35435 56.33979
 5.33699 56.36059
 5.32820 56.37353
 5.32035 56.38996
 5.31678 56.48386
 5.32851 56.47316
 5.33316 56.46588
 5.34231 56.46130
 5.35161 56.46156
 5.36138 56.46665
 5.37833 56.47355
 5.38923 56.47934
 5.39972 56.48737
 5.40329 56.49388
 5.40267 56.49962
 5.39926 56.50409
 5.39269 56.50773
 5.37781 56.51078
 5.37285 56.51331
 5.37063 56.51944
 5.37419 56.52833
 5.37781 56.54424
 5.38060 56.55130
 5.38494 56.55243
 5.39104 56.55021
 5.39724 56.54641
 5.40830 56.54556
 5.41450 56.54127
 5.41957 56.53636
 5.42665 56.53086
 5.43621 56.52631
 5.45021 56.52536
 5.45987 56.52809
 5.46794 56.53306
 5.50184 56.56618
 5.51196 56.56990
 5.51806 56.56835
 5.51889 56.56285
 5.51765 56.55615
 5.51842 56.54985
 5.52276 56.54404
 5.52819 56.53889
 5.53305 56.53306
 5.53439 56.52678
 5.53222 56.52021
 5.52509 56.50835
 5.52586 56.50319
 5.53057 56.50024
 5.54302 56.49792
 5.55320 56.49985
 5.56002 56.50223
 5.60415 56.53884
 5.65500 56.56401
 5.66565 56.56644
 5.68839 56.56835
 5.69738 56.57241
 5.71443 56.58344
 5.74854 56.59881
 5.77376 56.60166
 5.94067 56.60354
 5.95033 56.60373
4 114 5.4053 5.98591 55.2532 55.9744 'Saramacca (Suriname)'
 5.67670 55.89725
 5.67670 55.89025
 5.69245 55.88500
 5.70808 55.88329
 5.74193 55.88402
 5.75947 55.88728
 5.79719 55.90453
 5.82177 55.91536
 5.84196 55.89996
 5.85092 55.91000
 5.85035 55.92225
 5.84983 55.93396
 5.86152 55.94787
 5.88151 55.95117
 5.89649 55.94667
 5.91758 55.93043
 5.92784 55.92361
 5.94162 55.91040
 5.95195 55.90065
 5.96295 55.88605
 5.96981 55.86799
 5.97596 55.84438
 5.97727 55.82009
 5.98122 55.72909
 5.98526 55.67858
 5.98591 55.63732
 5.97388 55.39499
 5.96271 55.33597
 5.94335 55.30787
 5.93673 55.29205
 5.93000 55.27082
 5.92642 55.26378
 5.91779 55.25321
 5.91597 55.25383
 5.78042 55.31825
 5.75024 55.34638
 5.74430 55.35481
 5.73273 55.35736
 5.70890 55.35835
 5.67268 55.35217
 5.66245 55.34662
 5.65573 55.34419
 5.64891 55.34445
 5.64322 55.34904
 5.63857 55.35884
 5.63454 55.37571
 5.62648 55.38723
 5.61981 55.38961
 5.61392 55.38610
 5.60860 55.38075
 5.60209 55.37703
 5.59490 55.37594
 5.58762 55.37897
 5.58095 55.38483
 5.57351 55.39318
 5.56638 55.39612
 5.55217 55.39878
 5.53889 55.40553
 5.53232 55.40519
 5.52550 55.40077
 5.51372 55.38589
 5.50747 55.38129
 5.50101 55.38057
 5.49388 55.38245
 5.48675 55.38703
 5.48054 55.39178
 5.47445 55.39418
 5.46194 55.39566
 5.45651 55.39853
 5.45192 55.40604
 5.44525 55.42095
 5.44530 55.42956
 5.43967 55.43503
 5.43378 55.43708
 5.42835 55.44031
 5.42639 55.44565
 5.43156 55.45260
 5.43683 55.45824
 5.44003 55.46439
 5.43693 55.47240
 5.43280 55.47852
 5.42959 55.49069
 5.40582 55.79455
 5.41626 55.83392
 5.41698 55.84630
 5.40530 55.89134
 5.40716 55.89999
 5.41254 55.90731
 5.42866 55.90950
 5.44106 55.91366
 5.45481 55.91345
 5.47140 55.90609
 5.48127 55.89627
 5.49150 55.89036
 5.50158 55.88955
 5.51222 55.89981
 5.52462 55.90384
 5.53987 55.91687
 5.55878 55.92255
 5.56700 55.92999
 5.57005 55.93382
 5.59878 55.96043
 5.61087 55.96815
 5.61831 55.97172
 5.62503 55.97381
 5.63139 55.97438
 5.63857 55.97242
 5.64374 55.96976
 5.64777 55.96394
 5.65077 55.95562
 5.65387 55.92829
 5.65754 55.91314
 5.67206 55.89937
 5.67670 55.89725
5 34 5.66152 5.91779 55.0274 55.3583 'Wanica (Suriname)'
 5.91779 55.25321
 5.90937 55.24291
 5.90327 55.23290
 5.90241 55.22977
 5.89819 55.23050
 5.88341 55.23133
 5.84678 55.22885
 5.81897 55.22143
 5.80869 55.21701
 5.79913 55.21107
 5.79122 55.20394
 5.78011 55.18663
 5.76616 55.14381
 5.75980 55.14081
 5.74120 55.12875
 5.72487 55.11379
 5.71164 55.09562
 5.69903 55.05573
 5.69035 55.03599
 5.67686 55.02736
 5.66947 55.03379
 5.66684 55.03922
 5.68182 55.08945
 5.68306 55.11480
 5.66245 55.22166
 5.66152 55.25530
 5.67268 55.35217
 5.70890 55.35835
 5.73273 55.35736
 5.74430 55.35481
 5.75024 55.34638
 5.78042 55.31825
 5.91597 55.25383
 5.91779 55.25321
6 27 5.76616 5.90818 55.1031 55.2313 'Paramaribo (Suriname)'
 5.90241 55.22977
 5.90021 55.22142
 5.90021 55.21288
 5.89876 55.20243
 5.89740 55.18836
 5.90129 55.17691
 5.90668 55.16405
 5.90818 55.14784
 5.89586 55.13073
 5.88117 55.11083
 5.86641 55.10311
 5.83713 55.11510
 5.82075 55.12987
 5.82136 55.12861
 5.80719 55.14477
 5.80145 55.15712
 5.77985 55.15025
 5.76616 55.14381
 5.78011 55.18663
 5.79122 55.20394
 5.79913 55.21107
 5.80869 55.21701
 5.81897 55.22143
 5.84678 55.22885
 5.88341 55.23133
 5.89819 55.23050
 5.90241 55.22977
7 103 5.53145 5.99339 54.628 55.16 'Commewijne (Suriname)'
 5.82136 55.12861
 5.83050 55.10104
 5.85279 55.09171
 5.87512 55.09075
 5.88280 55.08552
 5.88288 55.06342
 5.85977 55.03038
 5.85554 55.01012
 5.85847 54.99706
 5.86367 54.98892
 5.86546 54.98119
 5.85179 54.95881
 5.85029 54.95031
 5.85212 54.94180
 5.85554 54.93196
 5.86042 54.92414
 5.86709 54.91869
 5.87287 54.91198
 5.87539 54.90026
 5.87336 54.89078
 5.86835 54.88073
 5.85554 54.86303
 5.86367 54.86754
 5.87157 54.87434
 5.87836 54.88219
 5.88280 54.89029
 5.88540 54.90347
 5.88402 54.91258
 5.87663 54.92185
 5.86967 54.93332
 5.86757 54.95621
 5.87727 54.97157
 5.88039 54.98563
 5.87126 55.00152
 5.87198 55.01659
 5.88447 55.03173
 5.89228 55.04727
 5.90892 55.10530
 5.91865 55.12564
 5.93012 55.14297
 5.94086 55.15038
 5.95136 55.15412
 5.95811 55.15997
 5.96859 55.15332
 5.97425 55.14450
 5.98526 55.11685
 5.99065 55.08530
 5.99310 55.04480
 5.99339 55.01391
 5.98526 54.77359
 5.98094 54.75536
 5.97618 54.71256
 5.97482 54.70492
 5.96258 54.70994
 5.94108 54.71699
 5.86130 54.70976
 5.84709 54.71663
 5.82378 54.73616
 5.81262 54.74024
 5.80021 54.74143
 5.77438 54.73841
 5.76683 54.73686
 5.74523 54.72857
 5.72942 54.72074
 5.69955 54.71216
 5.68260 54.70436
 5.63692 54.67343
 5.59537 54.65281
 5.55930 54.62800
 5.53145 55.01044
 5.53207 55.03049
 5.53806 55.04919
 5.59408 55.04725
 5.60426 55.04803
 5.60860 55.05123
 5.61046 55.05511
 5.61454 55.05470
 5.61914 55.05340
 5.62224 55.05464
 5.62255 55.06074
 5.61986 55.06705
 5.61666 55.07227
 5.61542 55.07513
 5.61687 55.08511
 5.61511 55.08891
 5.61604 55.08927
 5.62565 55.08880
 5.62782 55.08666
 5.64953 55.07513
 5.66684 55.03922
 5.66947 55.03379
 5.67686 55.02736
 5.69035 55.03599
 5.69903 55.05573
 5.71164 55.09562
 5.72487 55.11379
 5.74120 55.12875
 5.75980 55.14081
 5.76616 55.14381
 5.77985 55.15025
 5.80145 55.15712
 5.80719 55.14477
 5.82136 55.12861
8 183 4.97515 5.68306 54.6078 56.0006 'Para (Suriname)'
 5.66684 55.03922
 5.64953 55.07513
 5.62782 55.08666
 5.62565 55.08880
 5.61604 55.08927
 5.61511 55.08891
 5.61687 55.08511
 5.61542 55.07513
 5.61666 55.07227
 5.61986 55.06705
 5.62255 55.06074
 5.62224 55.05464
 5.61914 55.05340
 5.61454 55.05470
 5.61046 55.05511
 5.60860 55.05123
 5.60426 55.04803
 5.59408 55.04725
 5.53806 55.04919
 5.53207 55.03049
 5.53145 55.01044
 5.55930 54.62800
 5.52364 54.61307
 5.48917 54.60785
 5.46799 54.60824
 5.45440 54.60987
 5.44220 54.61253
 5.43156 54.61669
 5.42096 54.62201
 5.37461 54.65493
 5.37931 54.66929
 5.36469 54.67896
 5.25182 54.73795
 5.21958 54.75022
 5.21069 54.75626
 5.17953 54.79179
 5.16997 54.79900
 5.16263 54.80316
 5.08605 54.82445
 5.02838 54.83450
 4.98094 54.85130
 4.97525 54.85946
 4.97515 54.86590
 4.98011 54.87264
 4.98755 54.87540
 4.99530 54.87463
 5.01112 54.87130
 5.05111 54.87148
 5.06129 54.87300
 5.07096 54.87621
 5.07990 54.88406
 5.08698 54.89166
 5.09607 54.89698
 5.10537 54.89716
 5.12625 54.89254
 5.13684 54.89362
 5.14744 54.89708
 5.15757 54.90279
 5.16759 54.91057
 5.17638 54.92005
 5.21250 54.97289
 5.22092 54.98204
 5.23105 54.98821
 5.24190 54.99085
 5.30242 54.99411
 5.31187 54.99860
 5.31942 55.00547
 5.32262 55.02581
 5.32004 55.32432
 5.31482 55.35034
 5.30056 55.36026
 5.29069 55.36238
 5.28190 55.35778
 5.27570 55.35266
 5.26970 55.34853
 5.26340 55.34713
 5.25679 55.34778
 5.24769 55.35134
 5.18919 55.38692
 5.15550 55.42010
 5.11974 55.46862
 5.08047 55.50299
 5.07571 55.51064
 5.07370 55.52172
 5.07023 55.52717
 5.05835 55.53503
 5.05251 55.53981
 5.04812 55.54438
 5.04259 55.54655
 5.03013 55.54958
 5.02465 55.55381
 5.02093 55.55963
 5.01752 55.57069
 5.01484 55.57448
 5.01019 55.58523
 5.00006 55.60301
 4.98724 55.63342
 4.97809 55.67660
 4.98176 55.68791
 4.99055 55.69817
 5.01277 55.70564
 5.02760 55.70833
 5.04047 55.70933
 5.05122 55.71205
 5.06191 55.71801
 5.07395 55.73060
 5.08171 55.74176
 5.08729 55.75326
 5.10796 55.81690
 5.11064 55.83703
 5.10930 55.85834
 5.10486 55.88136
 5.09054 55.93009
 5.08982 55.94123
 5.09070 55.95154
 5.10289 55.99877
 5.12057 56.00056
 5.15426 55.99973
 5.38081 55.96955
 5.53987 55.91687
 5.52462 55.90384
 5.51222 55.89981
 5.50158 55.88955
 5.49150 55.89036
 5.48127 55.89627
 5.47140 55.90609
 5.45481 55.91345
 5.44106 55.91366
 5.42866 55.90950
 5.41254 55.90731
 5.40716 55.89999
 5.40530 55.89134
 5.41698 55.84630
 5.41626 55.83392
 5.40582 55.79455
 5.42959 55.49069
 5.43280 55.47852
 5.43693 55.47240
 5.44003 55.46439
 5.43683 55.45824
 5.43156 55.45260
 5.42639 55.44565
 5.42835 55.44031
 5.43378 55.43708
 5.43967 55.43503
 5.44530 55.42956
 5.44525 55.42095
 5.45192 55.40604
 5.45651 55.39853
 5.46194 55.39566
 5.47445 55.39418
 5.48054 55.39178
 5.48675 55.38703
 5.49388 55.38245
 5.50101 55.38057
 5.50747 55.38129
 5.51372 55.38589
 5.52550 55.40077
 5.53232 55.40519
 5.53889 55.40553
 5.55217 55.39878
 5.56638 55.39612
 5.57351 55.39318
 5.58095 55.38483
 5.58762 55.37897
 5.59490 55.37594
 5.60209 55.37703
 5.60860 55.38075
 5.61392 55.38610
 5.61981 55.38961
 5.62648 55.38723
 5.63454 55.37571
 5.63857 55.35884
 5.64322 55.34904
 5.64891 55.34445
 5.65573 55.34419
 5.66245 55.34662
 5.67268 55.35217
 5.66152 55.25530
 5.66245 55.22166
 5.68306 55.11480
 5.68182 55.08945
 5.66684 55.03922
9 124 4.01185 5.32262 54.7401 55.503 'Brokopondo (Suriname)'
 5.32262 55.02581
 5.31942 55.00547
 5.31187 54.99860
 5.30242 54.99411
 5.24190 54.99085
 5.23105 54.98821
 5.22092 54.98204
 5.21250 54.97289
 5.17638 54.92005
 5.16759 54.91057
 5.15757 54.90279
 5.14744 54.89708
 5.13684 54.89362
 5.12625 54.89254
 5.10537 54.89716
 5.09607 54.89698
 5.08698 54.89166
 5.07990 54.88406
 5.07096 54.87621
 5.06129 54.87300
 5.05111 54.87148
 5.01112 54.87130
 4.99530 54.87463
 4.98755 54.87540
 4.98011 54.87264
 4.97515 54.86590
 4.97525 54.85946
 4.98094 54.85130
 4.95489 54.78401
 4.93050 54.75696
 4.90931 54.74515
 4.90125 54.74205
 4.89035 54.74009
 4.88017 54.74112
 4.86973 54.74505
 4.84885 54.75820
 4.83831 54.76329
 4.82689 54.76570
 4.80214 54.76709
 4.79015 54.76975
 4.77836 54.77440
 4.75645 54.78603
 4.74565 54.79037
 4.73496 54.79264
 4.71222 54.79549
 4.70126 54.79879
 4.67077 54.81430
 4.66023 54.81755
 4.64907 54.81848
 4.56086 54.81670
 4.53776 54.82065
 4.52660 54.82520
 4.51569 54.83187
 4.49425 54.85065
 4.46366 54.88427
 4.45280 54.89230
 4.44040 54.89747
 4.42914 54.89899
 4.41668 54.89894
 4.40495 54.89760
 4.38294 54.89292
 4.33002 54.87517
 4.31968 54.87362
 4.29798 54.87334
 4.28930 54.87504
 4.22935 54.89732
 4.18512 54.92359
 4.17365 54.92866
 4.15163 54.93556
 4.14135 54.94010
 4.13303 54.94744
 4.12890 54.95708
 4.13468 54.96664
 4.16114 54.98364
 4.17086 54.99547
 4.17339 55.00245
 4.17215 55.01129
 4.16553 55.01886
 4.15685 55.02524
 4.13613 55.03749
 4.12631 55.04555
 4.11918 55.05495
 4.11598 55.06482
 4.11205 55.09748
 4.10916 55.10896
 4.10456 55.12012
 4.09773 55.13128
 4.05707 55.17417
 4.04911 55.18427
 4.01557 55.24926
 4.01278 55.25959
 4.01185 55.27008
 4.01417 55.28063
 4.01882 55.29021
 4.02678 55.29871
 4.03660 55.30393
 4.06988 55.31104
 4.42211 55.33098
 4.43606 55.33421
 4.45192 55.34026
 4.47466 55.35328
 4.48918 55.36509
 4.48960 55.36605
 4.49042 55.36664
 4.49725 55.36718
 4.68979 55.35979
 4.85366 55.37649
 4.89123 55.38842
 4.92156 55.40163
 5.08047 55.50299
 5.11974 55.46862
 5.15550 55.42010
 5.18919 55.38692
 5.24769 55.35134
 5.25679 55.34778
 5.26340 55.34713
 5.26970 55.34853
 5.27570 55.35266
 5.28190 55.35778
 5.29069 55.36238
 5.30056 55.36026
 5.31482 55.35034
 5.32004 55.32432
 5.32262 55.02581
