0 19 55.9901 56.2069 -27.3312 -26.8881 'Aglona (Latvia)'
 55.99680 -27.12368
 55.99015 -27.01124
 56.00013 -26.99032
 56.01273 -26.96697
 56.10462 -26.88811
 56.12967 -26.89347
 56.15842 -26.92817
 56.17093 -26.96059
 56.20563 -27.17576
 56.20688 -27.24599
 56.20632 -27.29618
 56.20511 -27.29911
 56.20176 -27.29957
 56.16760 -27.32437
 56.14662 -27.33120
 56.01804 -27.17523
 56.00066 -27.13538
 55.99723 -27.12732
 55.99680 -27.12368
1 24 57.2249 57.6341 -27.6905 -26.677 'Alūksne (Latvia)'
 57.52939 -27.32448
 57.51807 -27.35146
 57.53180 -27.36809
 57.53471 -27.37353
 57.53712 -27.49760
 57.53660 -27.55612
 57.38279 -27.68379
 57.37232 -27.69047
 57.32945 -27.68959
 57.32419 -27.68235
 57.27944 -27.59275
 57.26435 -27.54757
 57.25660 -27.51581
 57.22491 -27.17294
 57.24495 -27.08554
 57.31593 -26.79697
 57.41410 -26.67697
 57.61086 -26.85975
 57.61454 -26.86382
 57.63162 -26.90364
 57.63359 -26.90991
 57.63411 -26.91889
 57.55222 -27.26212
 57.52939 -27.32448
2 20 56.9267 57.3006 -25.6076 -25.0768 'Amata (Latvia)'
 56.98981 -25.45041
 56.92669 -25.25502
 56.94336 -25.15271
 56.94634 -25.14798
 56.95638 -25.13888
 56.97978 -25.12995
 57.24907 -25.07681
 57.25762 -25.07833
 57.26280 -25.08668
 57.27516 -25.10762
 57.29977 -25.22130
 57.30057 -25.25762
 57.28738 -25.28926
 57.15394 -25.55488
 57.12355 -25.58401
 57.10299 -25.59680
 57.07556 -25.60764
 57.07209 -25.60764
 57.05538 -25.58134
 56.98981 -25.45041
3 15 57.3227 57.5835 -26.8438 -26.2717 'Ape (Latvia)'
 57.33404 -26.43664
 57.32271 -26.33935
 57.33756 -26.28109
 57.34035 -26.27618
 57.39237 -26.27199
 57.39921 -26.27173
 57.57995 -26.33517
 57.58348 -26.35324
 57.58327 -26.83562
 57.55720 -26.84000
 57.52931 -26.84380
 57.50278 -26.83483
 57.49918 -26.83084
 57.42446 -26.72017
 57.33404 -26.43664
4 25 56.7817 57.2859 -27.6312 -26.9243 'Balvi (Latvia)'
 56.79262 -27.34357
 56.78172 -27.31447
 56.79151 -27.18233
 56.81110 -26.96238
 56.82996 -26.92428
 57.10317 -26.99585
 57.16239 -27.06110
 57.20246 -27.13903
 57.27973 -27.33462
 57.28394 -27.34768
 57.28589 -27.35796
 57.28424 -27.49191
 57.26435 -27.54757
 57.25834 -27.55646
 57.24195 -27.49359
 57.23963 -27.48931
 57.22890 -27.47444
 57.20511 -27.44307
 57.13560 -27.41987
 57.10814 -27.44990
 57.02411 -27.57897
 56.96808 -27.63122
 56.82987 -27.41544
 56.81560 -27.39184
 56.79262 -27.34357
5 26 57.5447 57.8485 -25.7038 -25.0048 'Burtnieki (Latvia)'
 57.54993 -25.49434
 57.54469 -25.45370
 57.54637 -25.38719
 57.65199 -25.09402
 57.65906 -25.08479
 57.66887 -25.07900
 57.80275 -25.00477
 57.80430 -25.00730
 57.81357 -25.02814
 57.83811 -25.10312
 57.84852 -25.14287
 57.84534 -25.15392
 57.80529 -25.25132
 57.79186 -25.46633
 57.78723 -25.53107
 57.77324 -25.60595
 57.77152 -25.61158
 57.76877 -25.61963
 57.74268 -25.68740
 57.73556 -25.70283
 57.73461 -25.70364
 57.73072 -25.70385
 57.72840 -25.70330
 57.59857 -25.59203
 57.59668 -25.58995
 57.54993 -25.49434
6 19 56.4641 56.7068 -28.15 -27.5671 'Cibla (Latvia)'
 56.46436 -27.96425
 56.46406 -27.94737
 56.56669 -27.58303
 56.56762 -27.58155
 56.58955 -27.57091
 56.60636 -27.56713
 56.60923 -27.56713
 56.61816 -27.57189
 56.65439 -27.63080
 56.67400 -27.67840
 56.70683 -27.85587
 56.69572 -27.97796
 56.57787 -28.14619
 56.57509 -28.14998
 56.50889 -28.13792
 56.49839 -28.12893
 56.49513 -28.12224
 56.49247 -28.10918
 56.46436 -27.96425
7 28 55.9744 56.2657 -28.0464 -27.2099 'Dagda (Latvia)'
 56.17964 -27.83984
 56.17739 -27.85442
 56.18640 -27.93136
 56.20278 -28.00225
 56.20315 -28.00275
 56.12374 -28.04643
 55.98101 -27.80145
 55.97637 -27.78617
 55.97478 -27.76945
 55.97435 -27.74514
 55.97496 -27.73271
 55.98545 -27.57912
 56.03758 -27.37299
 56.09706 -27.22270
 56.09819 -27.22125
 56.10613 -27.21169
 56.11192 -27.20990
 56.19902 -27.29294
 56.20176 -27.29957
 56.20949 -27.32842
 56.23507 -27.46205
 56.26571 -27.65667
 56.25399 -27.67858
 56.25129 -27.67231
 56.23266 -27.68176
 56.22921 -27.68447
 56.19524 -27.74466
 56.17964 -27.83984
8 31 55.6748 56.2086 -26.9871 -26.234 'Daugavpils (Latvia)'
 55.67488 -26.59791
 55.67484 -26.58270
 55.67802 -26.53483
 55.67854 -26.52875
 55.71047 -26.39665
 55.71630 -26.37535
 55.74635 -26.30711
 55.74643 -26.30695
 55.76986 -26.27032
 55.77037 -26.26966
 55.78285 -26.25715
 55.79527 -26.24497
 55.80505 -26.23764
 55.81209 -26.23397
 55.81589 -26.23397
 56.18114 -26.28968
 56.18197 -26.29151
 56.19181 -26.31436
 56.20863 -26.36808
 56.19166 -26.45560
 56.13935 -26.64336
 56.13396 -26.89101
 56.12569 -26.89784
 56.02319 -26.96517
 56.01273 -26.96697
 55.81476 -26.98709
 55.72060 -26.88011
 55.71527 -26.87066
 55.71409 -26.86771
 55.67923 -26.77922
 55.67488 -26.59791
9 18 56.7696 57.0019 -25.9206 -25.4857 'Ērgļi (Latvia)'
 56.77565 -25.72160
 56.76957 -25.69412
 56.77114 -25.68534
 56.79818 -25.54165
 56.80013 -25.53507
 56.80509 -25.52655
 56.80974 -25.51997
 56.82248 -25.50748
 56.84982 -25.48678
 56.86494 -25.48573
 56.98115 -25.48909
 57.00186 -25.71343
 57.00110 -25.72281
 56.99690 -25.74404
 56.96162 -25.88994
 56.93210 -25.92055
 56.78279 -25.73922
 56.77565 -25.72160
10 22 56.9453 57.4041 -27.1634 -25.9907 'Gulbene (Latvia)'
 56.98359 -26.86325
 56.94530 -26.58274
 57.09167 -26.19330
 57.21645 -26.00860
 57.22296 -26.00014
 57.22716 -25.99543
 57.23092 -25.99349
 57.23843 -25.99071
 57.24316 -25.99360
 57.24977 -26.00776
 57.27680 -26.06973
 57.28214 -26.08627
 57.40408 -26.47461
 57.40211 -26.57532
 57.38803 -26.60080
 57.31593 -26.79697
 57.30589 -26.97763
 57.30383 -26.99044
 57.26203 -27.08506
 57.22724 -27.16335
 57.20246 -27.13903
 56.98359 -26.86325
11 19 55.8193 56.1795 -26.3708 -25.8214 'Ilūkste (Latvia)'
 55.82058 -26.33444
 55.81932 -26.32337
 55.81971 -26.30894
 55.82164 -26.24777
 55.82479 -26.23428
 56.00779 -25.85638
 56.04212 -25.82598
 56.05293 -25.82137
 56.11344 -25.83757
 56.11387 -25.83911
 56.17784 -26.20946
 56.17949 -26.24236
 56.17799 -26.25073
 56.15426 -26.31738
 56.15005 -26.32062
 56.09741 -26.33268
 56.08457 -26.33839
 55.99506 -26.37084
 55.82058 -26.33444
12 18 56.408 56.6353 -25.6007 -24.9698 'Jaunjelgava (Latvia)'
 56.40862 -25.39182
 56.40805 -25.28523
 56.41067 -25.09029
 56.55255 -24.97947
 56.57975 -24.96978
 56.61429 -25.05872
 56.61982 -25.07364
 56.62218 -25.08145
 56.63525 -25.41428
 56.60860 -25.49001
 56.57064 -25.58506
 56.53953 -25.59856
 56.47704 -25.60074
 56.47119 -25.60020
 56.44475 -25.56703
 56.41546 -25.49064
 56.41136 -25.47170
 56.40862 -25.39182
13 21 56.0679 56.4941 -26.2733 -25.6723 'Jēkabpils (Latvia)'
 56.06954 -26.05763
 56.06789 -26.05171
 56.06894 -26.04067
 56.23598 -25.69943
 56.24513 -25.68793
 56.27107 -25.67821
 56.29576 -25.67228
 56.47960 -25.82784
 56.48131 -25.83094
 56.49413 -25.89996
 56.48907 -25.91267
 56.46716 -26.00376
 56.46090 -26.02128
 56.44999 -26.05034
 56.44444 -26.06048
 56.38372 -26.14766
 56.38113 -26.15113
 56.20088 -26.27333
 56.17799 -26.25073
 56.09177 -26.13008
 56.06954 -26.05763
14 17 56.6478 56.8788 -27.978 -27.3436 'Kārsava (Latvia)'
 56.82936 -27.93795
 56.69572 -27.97796
 56.70683 -27.85587
 56.67400 -27.67840
 56.65439 -27.63080
 56.64908 -27.62232
 56.64783 -27.48859
 56.65128 -27.48312
 56.78376 -27.34850
 56.79262 -27.34357
 56.81665 -27.34535
 56.82038 -27.34898
 56.85196 -27.42668
 56.87628 -27.53383
 56.87880 -27.85549
 56.87742 -27.87780
 56.82936 -27.93795
15 13 57.3847 57.6719 -25.4002 -24.8919 'Kocēni (Latvia)'
 57.38794 -25.38948
 57.38468 -25.37659
 57.42176 -25.21793
 57.55768 -24.91584
 57.57346 -24.89336
 57.58038 -24.89186
 57.61514 -24.90255
 57.64298 -24.97040
 57.67194 -25.19352
 57.54637 -25.38719
 57.46519 -25.39630
 57.40992 -25.40015
 57.38794 -25.38948
16 14 56.5897 56.8097 -25.6941 -25.2437 'Koknese (Latvia)'
 56.61778 -25.52356
 56.58968 -25.31003
 56.73190 -25.24373
 56.73419 -25.24745
 56.75693 -25.29375
 56.76348 -25.30825
 56.80974 -25.51997
 56.80839 -25.59763
 56.80779 -25.61025
 56.80584 -25.61848
 56.78631 -25.67007
 56.76957 -25.69412
 56.75011 -25.67739
 56.61778 -25.52356
17 24 55.7834 56.0866 -27.7472 -26.9136 'Krāslava (Latvia)'
 55.97496 -27.73271
 55.97435 -27.74514
 55.97474 -27.74721
 55.78682 -27.61655
 55.78495 -27.60115
 55.78368 -27.58243
 55.78342 -27.56914
 55.78514 -27.28742
 55.82548 -27.00542
 55.87080 -26.93523
 55.87415 -26.93064
 55.99414 -26.91363
 55.99804 -26.91873
 56.01021 -26.95792
 56.06830 -27.18952
 56.08620 -27.26650
 56.08658 -27.29305
 56.08478 -27.35104
 56.08456 -27.35373
 56.07673 -27.35795
 56.05495 -27.35450
 56.03758 -27.37299
 55.98545 -27.57912
 55.97496 -27.73271
18 20 56.4444 56.654 -26.6277 -25.7358 'Krustpils (Latvia)'
 56.48520 -26.59744
 56.44444 -26.06048
 56.47943 -25.92211
 56.52946 -25.78498
 56.54775 -25.75992
 56.56843 -25.73655
 56.57041 -25.73577
 56.57461 -25.73624
 56.59847 -25.75884
 56.60746 -25.78759
 56.64551 -25.95141
 56.65398 -26.12279
 56.64310 -26.37512
 56.59856 -26.59063
 56.59324 -26.59863
 56.55966 -26.61734
 56.53998 -26.62768
 56.49447 -26.62023
 56.49086 -26.61942
 56.48520 -26.59744
19 17 56.1989 56.5176 -26.6103 -26.1188 'Līvāni (Latvia)'
 56.20433 -26.32615
 56.19885 -26.27533
 56.21378 -26.24091
 56.24674 -26.18173
 56.39746 -26.11882
 56.47419 -26.19849
 56.49024 -26.22912
 56.51238 -26.27714
 56.51762 -26.29238
 56.51715 -26.30616
 56.49400 -26.54756
 56.48401 -26.55865
 56.43489 -26.59323
 56.29314 -26.61026
 56.28405 -26.60888
 56.26723 -26.56196
 56.20433 -26.32615
20 21 56.7956 56.9858 -26.9911 -26.4654 'Lubāna (Latvia)'
 56.84026 -26.94264
 56.79563 -26.56687
 56.79657 -26.53096
 56.80314 -26.50531
 56.80404 -26.50249
 56.80919 -26.49614
 56.84815 -26.46541
 56.85099 -26.46650
 56.93622 -26.56505
 56.94530 -26.58274
 56.95168 -26.59583
 56.96995 -26.65927
 56.98581 -26.73142
 56.98359 -26.86325
 56.96171 -26.91934
 56.87090 -26.99053
 56.86736 -26.99106
 56.85999 -26.98404
 56.85098 -26.96797
 56.84549 -26.95603
 56.84026 -26.94264
21 29 56.1774 56.577 -28.1969 -27.4909 'Ludza (Latvia)'
 56.18640 -27.93136
 56.17739 -27.85442
 56.17964 -27.83984
 56.19524 -27.74466
 56.22921 -27.68447
 56.23266 -27.68176
 56.46908 -27.50206
 56.49492 -27.49337
 56.52180 -27.49092
 56.52382 -27.49187
 56.52871 -27.49446
 56.57538 -27.59453
 56.57704 -27.60562
 56.57694 -27.60800
 56.57680 -27.60982
 56.57667 -27.61137
 56.57653 -27.61256
 56.56405 -27.71207
 56.49771 -28.12706
 56.44715 -28.19498
 56.44183 -28.19688
 56.40553 -28.19673
 56.25189 -28.11817
 56.24674 -28.11450
 56.23343 -28.10261
 56.22622 -28.09551
 56.20683 -28.07146
 56.20292 -28.06579
 56.18640 -27.93136
22 26 56.5819 57.101 -26.9426 -25.727 'Madona (Latvia)'
 57.07605 -26.10757
 56.92312 -26.21889
 56.92667 -26.33210
 56.92890 -26.35694
 56.95557 -26.38638
 56.97127 -26.39764
 56.98779 -26.39851
 56.95836 -26.56930
 56.89064 -26.84684
 56.88077 -26.87708
 56.85322 -26.92802
 56.84026 -26.94264
 56.83442 -26.93872
 56.71211 -26.78425
 56.58189 -26.27655
 56.61808 -26.02526
 56.64551 -25.95141
 56.70894 -25.83588
 56.71422 -25.82942
 56.86017 -25.72696
 56.87313 -25.73304
 57.09779 -25.92017
 57.10101 -25.94544
 57.09738 -26.06065
 57.08507 -26.08912
 57.07605 -26.10757
23 14 57.7984 58.0663 -25.2617 -24.8348 'Mazsalaca (Latvia)'
 57.80165 -25.24704
 57.79839 -25.24080
 57.80024 -24.99227
 57.82422 -24.90209
 57.83646 -24.88488
 57.84240 -24.88048
 57.97245 -24.83478
 58.06626 -25.10399
 57.85600 -25.26171
 57.85342 -25.26171
 57.81459 -25.25647
 57.80838 -25.25470
 57.80529 -25.25132
 57.80165 -25.24704
24 18 56.1467 56.5007 -25.4052 -24.8902 'Nereta (Latvia)'
 56.14735 -25.32269
 56.14666 -25.31314
 56.17464 -25.15441
 56.18597 -25.09584
 56.18815 -25.08942
 56.19462 -25.07594
 56.30957 -24.97690
 56.41265 -24.90533
 56.41840 -24.90160
 56.46183 -24.89020
 56.49244 -24.93792
 56.50074 -25.03556
 56.40432 -25.29363
 56.24092 -25.40103
 56.22674 -25.40525
 56.18655 -25.39996
 56.16117 -25.38133
 56.14735 -25.32269
25 20 56.6955 56.9971 -25.5399 -24.5705 'Ogre (Latvia)'
 56.78357 -25.47544
 56.69549 -25.28131
 56.69612 -25.23606
 56.75297 -24.69483
 56.76734 -24.63335
 56.81477 -24.57046
 56.90714 -24.73754
 56.91433 -24.75210
 56.93802 -24.81392
 56.99696 -25.46879
 56.99706 -25.48191
 56.97255 -25.51787
 56.96990 -25.51992
 56.93099 -25.53885
 56.92820 -25.53936
 56.92290 -25.53988
 56.91858 -25.53937
 56.81606 -25.51462
 56.80653 -25.50468
 56.78357 -25.47544
26 13 57.2443 57.4832 -25.3895 -24.8544 'Pārgauja (Latvia)'
 57.27049 -25.17669
 57.24435 -24.95308
 57.24847 -24.94102
 57.34021 -24.87816
 57.34914 -24.87351
 57.38945 -24.85436
 57.40856 -24.86412
 57.46828 -25.01213
 57.48322 -25.10044
 57.47223 -25.14616
 57.38794 -25.38948
 57.27853 -25.19211
 57.27049 -25.17669
27 20 56.5722 56.8289 -25.9354 -25.4851 'Pļaviņas (Latvia)'
 56.57375 -25.58292
 56.57221 -25.55613
 56.57229 -25.55172
 56.57635 -25.50088
 56.57809 -25.49176
 56.58079 -25.48615
 56.58504 -25.48510
 56.59025 -25.48580
 56.60860 -25.49001
 56.82056 -25.73913
 56.82635 -25.75129
 56.82893 -25.76181
 56.82867 -25.76464
 56.79142 -25.82911
 56.76799 -25.85679
 56.66855 -25.93536
 56.64053 -25.93362
 56.63572 -25.92893
 56.61124 -25.83868
 56.57375 -25.58292
28 24 56.1066 56.4631 -26.8856 -26.4748 'Preiļi (Latvia)'
 56.11701 -26.85688
 56.10664 -26.75478
 56.10786 -26.70471
 56.15003 -26.61412
 56.15212 -26.61013
 56.15659 -26.60492
 56.16282 -26.59790
 56.16581 -26.59565
 56.35890 -26.47546
 56.36208 -26.47476
 56.39424 -26.48941
 56.39733 -26.49186
 56.45531 -26.60608
 56.46307 -26.62893
 56.44724 -26.67449
 56.43505 -26.70057
 56.41359 -26.73904
 56.40038 -26.76217
 56.13287 -26.88556
 56.13270 -26.88552
 56.13234 -26.88523
 56.13058 -26.88372
 56.12849 -26.88156
 56.11701 -26.85688
29 15 57.2117 57.4709 -25.667 -25.2253 'Priekuļi (Latvia)'
 57.21577 -25.55364
 57.21168 -25.51125
 57.29756 -25.30355
 57.33861 -25.22641
 57.34297 -25.22530
 57.35979 -25.23629
 57.44262 -25.39870
 57.44416 -25.40239
 57.44924 -25.41599
 57.46673 -25.59591
 57.47088 -25.64726
 57.46665 -25.66700
 57.25610 -25.59963
 57.21963 -25.56327
 57.21577 -25.55364
30 24 56.1711 56.8021 -27.7229 -26.8292 'Rēzekne (Latvia)'
 56.80208 -27.13060
 56.78376 -27.34850
 56.78492 -27.48612
 56.76934 -27.50523
 56.75612 -27.51811
 56.63341 -27.57578
 56.31287 -27.72106
 56.30671 -27.72295
 56.29890 -27.71970
 56.24678 -27.62856
 56.17136 -27.10675
 56.17122 -27.10542
 56.17113 -27.10373
 56.17167 -27.06125
 56.17178 -27.06050
 56.17214 -27.05973
 56.17312 -27.05768
 56.17673 -27.05006
 56.17756 -27.04851
 56.17792 -27.04799
 56.23269 -26.99168
 56.43078 -26.88520
 56.68324 -26.82925
 56.80208 -27.13060
31 21 56.125 56.5568 -27.0703 -26.5502 'Riebiņi (Latvia)'
 56.17746 -27.07031
 56.12503 -26.92697
 56.12967 -26.89347
 56.13533 -26.87715
 56.13593 -26.87602
 56.33635 -26.64823
 56.45119 -26.55017
 56.48401 -26.55865
 56.53998 -26.62768
 56.55680 -26.74189
 56.55620 -26.76978
 56.54689 -26.80578
 56.54058 -26.82294
 56.48696 -26.91394
 56.45934 -26.94181
 56.45874 -26.93560
 56.43228 -26.88710
 56.43078 -26.88520
 56.23269 -26.99168
 56.20392 -27.02900
 56.17746 -27.07031
32 16 56.8639 57.1066 -27.3276 -26.8636 'Rugāji (Latvia)'
 56.91914 -27.31237
 56.86390 -27.12823
 56.87493 -26.98645
 56.87802 -26.97546
 56.98600 -26.86356
 57.00479 -26.86798
 57.02239 -26.87444
 57.03552 -26.88315
 57.03732 -26.88568
 57.09891 -26.98831
 57.10317 -26.99585
 57.10663 -27.10489
 57.04650 -27.30231
 57.03288 -27.32136
 56.92696 -27.32759
 56.91914 -27.31237
33 18 57.7772 58.0794 -25.4724 -25.0966 'Rūjiena (Latvia)'
 57.78371 -25.40676
 57.77725 -25.26438
 57.77826 -25.26194
 57.94301 -25.12870
 57.98893 -25.10404
 58.00756 -25.09659
 58.06626 -25.10399
 58.07725 -25.10788
 58.07940 -25.28379
 58.07940 -25.28995
 58.06532 -25.32918
 58.01631 -25.45203
 58.00596 -25.46722
 57.99269 -25.44788
 57.80553 -25.47243
 57.79186 -25.46633
 57.78551 -25.44025
 57.78371 -25.40676
34 20 57.2746 57.5614 -26.3176 -25.6755 'Smiltene (Latvia)'
 57.27493 -26.25867
 57.27463 -25.75655
 57.27585 -25.74333
 57.28012 -25.73234
 57.28289 -25.72521
 57.29095 -25.71218
 57.32357 -25.70072
 57.42931 -25.67550
 57.49407 -25.74204
 57.54999 -25.98919
 57.55222 -26.01320
 57.56106 -26.12085
 57.56136 -26.12673
 57.52231 -26.31652
 57.52111 -26.31764
 57.49903 -26.30898
 57.43380 -26.31131
 57.32151 -26.29263
 57.31008 -26.28885
 57.27493 -26.25867
35 15 57.4701 57.7423 -25.9555 -25.5129 'Strenči (Latvia)'
 57.47822 -25.94475
 57.47010 -25.91454
 57.49540 -25.79302
 57.63187 -25.52055
 57.63870 -25.51286
 57.64307 -25.51286
 57.71637 -25.63885
 57.72572 -25.70088
 57.74174 -25.81072
 57.74225 -25.82807
 57.74071 -25.83403
 57.67342 -25.92860
 57.53334 -25.93668
 57.50062 -25.95554
 57.47822 -25.94475
36 19 57.499 57.9222 -26.3738 -25.4777 'Valka (Latvia)'
 57.50489 -26.35538
 57.49903 -26.30898
 57.54510 -25.96759
 57.78714 -25.54642
 57.85892 -25.47769
 57.87147 -25.48450
 57.87296 -25.48653
 57.87627 -25.49189
 57.92078 -25.72681
 57.92215 -25.73424
 57.90499 -25.79297
 57.84748 -25.97076
 57.81332 -26.03727
 57.72097 -26.18420
 57.71101 -26.19736
 57.57995 -26.33517
 57.51302 -26.37383
 57.50925 -26.36993
 57.50489 -26.35538
37 20 56.9585 57.2798 -25.9285 -25.5091 'Vecpiebalga (Latvia)'
 56.95853 -25.85562
 56.95853 -25.84791
 56.96154 -25.62986
 57.00216 -25.50911
 57.13955 -25.54434
 57.24177 -25.57701
 57.26926 -25.61569
 57.27959 -25.65981
 57.27979 -25.68089
 57.27585 -25.74333
 57.27463 -25.75655
 57.09329 -25.88524
 57.00306 -25.92350
 56.99149 -25.92791
 56.98443 -25.92846
 56.97235 -25.92566
 56.97046 -25.92125
 56.96428 -25.89152
 56.96111 -25.87483
 56.95853 -25.85562
38 13 56.1348 56.4662 -25.7377 -25.277 'Viesīte (Latvia)'
 56.13531 -25.64473
 56.13482 -25.59428
 56.15627 -25.40250
 56.29109 -25.30093
 56.33150 -25.27698
 56.41999 -25.28304
 56.46621 -25.59181
 56.37652 -25.73155
 56.35767 -25.73426
 56.33782 -25.73767
 56.29935 -25.72972
 56.20660 -25.68644
 56.13531 -25.64473
39 20 57.0004 57.3723 -27.8777 -27.4199 'Viļaka (Latvia)'
 57.00110 -27.68950
 57.00042 -27.68078
 57.00355 -27.63994
 57.02411 -27.57897
 57.10814 -27.44990
 57.13560 -27.41987
 57.20511 -27.44307
 57.22890 -27.47444
 57.23963 -27.48931
 57.37232 -27.69047
 57.35773 -27.74235
 57.34657 -27.77472
 57.34297 -27.78236
 57.29816 -27.87103
 57.29044 -27.87484
 57.27550 -27.87769
 57.25920 -27.87484
 57.13989 -27.81748
 57.00994 -27.71818
 57.00110 -27.68950
40 14 56.1487 56.4125 -28.2414 -27.8479 'Zilupe (Latvia)'
 56.15121 -28.10327
 56.14872 -28.09412
 56.15080 -28.08820
 56.27335 -27.86921
 56.30725 -27.84786
 56.31214 -27.85219
 56.41248 -27.99546
 56.40324 -28.18739
 56.28553 -28.24106
 56.27420 -28.24136
 56.27043 -28.24043
 56.17928 -28.17912
 56.17258 -28.16201
 56.15121 -28.10327
41 15 57.6214 57.9894 -25.1015 -24.5722 'Aloja (Latvia)'
 57.62302 -25.04708
 57.62141 -24.90149
 57.76577 -24.66321
 57.86407 -24.60774
 57.95511 -24.57216
 57.96078 -24.58510
 57.98378 -24.74408
 57.98944 -24.80756
 57.98824 -24.81210
 57.97245 -24.83478
 57.77414 -25.07468
 57.68692 -25.10151
 57.63324 -25.08243
 57.62672 -25.06361
 57.62302 -25.04708
42 14 56.3053 56.5916 -23.1988 -22.7097 'Auce (Latvia)'
 56.33720 -23.17778
 56.30527 -23.09632
 56.32484 -23.03561
 56.42818 -22.72114
 56.49388 -22.70973
 56.52289 -22.71863
 56.56191 -22.74643
 56.59161 -23.03241
 56.56268 -23.08476
 56.55118 -23.10205
 56.54886 -23.10361
 56.44647 -23.16489
 56.36869 -23.19880
 56.33720 -23.17778
43 21 56.2488 56.5404 -24.5826 -24.0173 'Bauska (Latvia)'
 56.25824 -24.45419
 56.24880 -24.12189
 56.24983 -24.11664
 56.28244 -24.04929
 56.30957 -24.02456
 56.32879 -24.01873
 56.33657 -24.01733
 56.50491 -24.03633
 56.52128 -24.06015
 56.53551 -24.08522
 56.53966 -24.09502
 56.54041 -24.35749
 56.53859 -24.39083
 56.53608 -24.39872
 56.49043 -24.49222
 56.47638 -24.51223
 56.43829 -24.54851
 56.30733 -24.58260
 56.29017 -24.58106
 56.28845 -24.57734
 56.25824 -24.45419
44 21 56.5591 56.8537 -22.8476 -22.4454 'Brocēni (Latvia)'
 56.56018 -22.76823
 56.55905 -22.75419
 56.58757 -22.58108
 56.59581 -22.55894
 56.73529 -22.46526
 56.76825 -22.44584
 56.77065 -22.44537
 56.78455 -22.44916
 56.84112 -22.48211
 56.85369 -22.49440
 56.80931 -22.78716
 56.80819 -22.79214
 56.77325 -22.82184
 56.74884 -22.82769
 56.65399 -22.84724
 56.63607 -22.84762
 56.60950 -22.84600
 56.56878 -22.80851
 56.56784 -22.80517
 56.56363 -22.78864
 56.56018 -22.76823
45 27 56.4459 56.8184 -23.5037 -22.7733 'Dobele (Latvia)'
 56.81844 -23.50371
 56.54102 -23.47271
 56.51173 -23.46861
 56.49955 -23.44542
 56.49262 -23.41825
 56.44588 -23.16136
 56.44591 -23.15816
 56.45119 -23.13313
 56.53865 -22.84390
 56.54715 -22.82786
 56.57100 -22.78895
 56.60253 -22.77325
 56.68245 -22.78605
 56.69333 -22.80280
 56.71006 -22.87007
 56.71341 -22.90183
 56.71202 -22.99229
 56.69570 -23.03346
 56.68984 -23.07337
 56.68872 -23.09040
 56.69388 -23.17604
 56.69500 -23.18900
 56.70407 -23.27798
 56.71104 -23.29908
 56.72624 -23.33646
 56.74131 -23.36394
 56.81844 -23.50371
46 19 57.3965 57.7588 -22.6068 -22.0772 'Dundaga (Latvia)'
 57.41314 -22.45966
 57.39653 -22.19372
 57.39672 -22.17471
 57.40599 -22.12485
 57.42382 -22.07723
 57.65649 -22.19568
 57.72988 -22.45540
 57.74104 -22.49974
 57.75328 -22.55411
 57.75356 -22.55565
 57.75579 -22.56937
 57.75747 -22.58164
 57.75862 -22.59329
 57.75883 -22.60474
 57.75824 -22.60672
 57.75728 -22.60683
 57.67654 -22.57474
 57.52563 -22.60394
 57.41314 -22.45966
47 24 56.912 57.3168 -23.5464 -23.1014 'Engure (Latvia)'
 56.93273 -23.48057
 56.91201 -23.35901
 56.92411 -23.14024
 56.92823 -23.13489
 57.14983 -23.10142
 57.30213 -23.10827
 57.31204 -23.11886
 57.31680 -23.14585
 57.31287 -23.15091
 57.30469 -23.15841
 57.30185 -23.16090
 57.15863 -23.23189
 57.14104 -23.23037
 57.13783 -23.23042
 57.11162 -23.23644
 57.10672 -23.23854
 57.10642 -23.23884
 57.08942 -23.25940
 57.08565 -23.26465
 57.07310 -23.28577
 57.06194 -23.31033
 57.05500 -23.33029
 56.98301 -23.54644
 56.93273 -23.48057
48 26 56.3329 56.9007 -23.9883 -23.3872 'Jelgava (Latvia)'
 56.87852 -23.60322
 56.84264 -23.57266
 56.85178 -23.58732
 56.86333 -23.60201
 56.87179 -23.60303
 56.87852 -23.60322
 56.88236 -23.60648
 56.89169 -23.62721
 56.85702 -23.70986
 56.80713 -23.76727
 56.58560 -23.96320
 56.56912 -23.97286
 56.52277 -23.98830
 56.37154 -23.76443
 56.33514 -23.56191
 56.33291 -23.54426
 56.33617 -23.51359
 56.35197 -23.43833
 56.37840 -23.38721
 56.70797 -23.41810
 56.88622 -23.47675
 56.89861 -23.50471
 56.90073 -23.53107
 56.89305 -23.59519
 56.88330 -23.60335
 56.87852 -23.60322
49 26 56.9241 57.0013 -23.9314 -23.472 'Jūrmala (Latvia)'
 56.98165 -23.92029
 56.95639 -23.81515
 56.94134 -23.73228
 56.93223 -23.68008
 56.92406 -23.54806
 56.93188 -23.47959
 56.93899 -23.47517
 56.94717 -23.47202
 56.96098 -23.47508
 56.98301 -23.54644
 56.97454 -23.56842
 56.96601 -23.61343
 56.96381 -23.62721
 56.96230 -23.65989
 56.96354 -23.69257
 56.96489 -23.70978
 56.96808 -23.74171
 56.96967 -23.75394
 56.97233 -23.77223
 56.97929 -23.81142
 57.00130 -23.92878
 56.99899 -23.93086
 56.98554 -23.93144
 56.98513 -23.93109
 56.98303 -23.92593
 56.98165 -23.92029
50 20 56.7937 57.1442 -22.9361 -22.4558 'Kandava (Latvia)'
 56.80072 -22.77648
 56.79375 -22.71890
 56.79542 -22.71075
 56.84061 -22.52256
 56.84256 -22.51644
 56.85369 -22.49440
 56.93441 -22.45940
 56.94237 -22.45692
 56.94658 -22.45581
 56.98038 -22.46545
 57.09423 -22.63604
 57.10685 -22.67862
 57.14244 -22.80326
 57.14425 -22.83642
 57.14216 -22.87342
 57.13532 -22.91791
 57.13097 -22.92799
 56.85760 -22.93609
 56.80346 -22.79460
 56.80072 -22.77648
51 29 56.5403 56.8479 -25.0145 -24.5195 'Ķegums (Latvia)'
 56.54033 -24.68002
 56.54033 -24.66793
 56.54294 -24.66391
 56.55713 -24.65024
 56.61633 -24.59776
 56.70970 -24.52887
 56.80066 -24.51948
 56.80722 -24.52317
 56.81552 -24.55713
 56.84792 -24.82226
 56.84685 -24.82696
 56.82914 -24.87953
 56.81798 -24.91029
 56.81133 -24.92832
 56.80772 -24.93145
 56.77864 -24.89374
 56.73848 -24.84836
 56.70297 -24.85669
 56.65812 -24.88208
 56.63828 -24.90862
 56.62894 -24.92774
 56.61660 -24.95937
 56.61285 -24.97087
 56.60555 -25.00088
 56.60459 -25.00965
 56.60448 -25.01452
 56.56975 -24.89221
 56.54283 -24.75374
 56.54033 -24.68002
52 19 56.7207 56.9104 -24.5426 -23.9961 'Ķekava (Latvia)'
 56.72317 -24.06374
 56.72068 -23.99966
 56.72200 -23.99797
 56.72537 -23.99610
 56.76102 -24.00731
 56.89138 -24.10052
 56.91038 -24.14628
 56.90999 -24.15092
 56.90468 -24.16324
 56.83768 -24.43295
 56.79882 -24.53375
 56.79226 -24.53957
 56.78424 -24.54133
 56.76859 -24.54265
 56.75936 -24.53677
 56.75827 -24.53604
 56.75614 -24.53037
 56.72808 -24.17958
 56.72317 -24.06374
53 20 57.2547 57.7621 -25.0705 -24.399 'Limbaži (Latvia)'
 57.48044 -25.07048
 57.25473 -24.63260
 57.30486 -24.42441
 57.35598 -24.40045
 57.38490 -24.39895
 57.39784 -24.39979
 57.66446 -24.42143
 57.74208 -24.61159
 57.76205 -24.66398
 57.75843 -24.68842
 57.70706 -24.84427
 57.64870 -24.91036
 57.64563 -24.91291
 57.63437 -24.90915
 57.61514 -24.90255
 57.56992 -25.00010
 57.55865 -25.02166
 57.54256 -25.04083
 57.51632 -25.06988
 57.48044 -25.07048
54 32 57.3978 57.9551 -24.664 -24.3324 'Salacgrīva (Latvia)'
 57.58312 -24.43126
 57.56167 -24.43438
 57.56235 -24.46486
 57.56355 -24.47198
 57.56372 -24.48406
 57.53668 -24.55471
 57.53346 -24.55876
 57.46193 -24.58478
 57.44665 -24.56657
 57.40837 -24.48222
 57.40425 -24.45894
 57.39784 -24.39979
 57.41454 -24.39364
 57.43592 -24.38815
 57.44965 -24.38499
 57.54906 -24.36599
 57.70165 -24.34237
 57.81994 -24.33256
 57.82357 -24.33240
 57.82720 -24.33272
 57.83650 -24.33514
 57.86346 -24.34347
 57.87658 -24.34959
 57.92353 -24.46181
 57.94516 -24.52749
 57.95511 -24.57216
 57.89651 -24.60064
 57.78412 -24.65378
 57.76205 -24.66398
 57.74208 -24.61159
 57.66446 -24.42143
 57.58312 -24.43126
55 23 56.3516 56.9254 -22.9368 -21.9909 'Saldus (Latvia)'
 56.49388 -22.70973
 56.40657 -22.88079
 56.41507 -22.90121
 56.41549 -22.90978
 56.41181 -22.93678
 56.40312 -22.93610
 56.38887 -22.92400
 56.38493 -22.92059
 56.37978 -22.91310
 56.37480 -22.90194
 56.37274 -22.89388
 56.35315 -22.69735
 56.35162 -22.68089
 56.40278 -21.99090
 56.51595 -22.01423
 56.68379 -22.10545
 56.79580 -22.16904
 56.92540 -22.47235
 56.77065 -22.44537
 56.76825 -22.44584
 56.73529 -22.46526
 56.59581 -22.55894
 56.49388 -22.70973
56 20 56.9869 57.2188 -25.1447 -24.63 'Sigulda (Latvia)'
 57.00131 -25.13189
 56.98694 -24.85414
 56.98892 -24.81762
 56.99506 -24.72467
 56.99619 -24.71373
 57.00174 -24.69984
 57.01896 -24.65846
 57.01936 -24.65787
 57.02073 -24.65654
 57.06307 -24.62999
 57.17972 -24.82712
 57.21439 -24.89217
 57.21877 -24.90375
 57.21574 -24.92832
 57.20506 -24.95272
 57.13067 -25.08676
 57.09178 -25.13011
 57.02941 -25.14325
 57.01145 -25.14467
 57.00131 -25.13189
57 20 57.0049 57.51 -23.083 -22.1853 'Talsi (Latvia)'
 57.00501 -22.56286
 57.00486 -22.54382
 57.02093 -22.44691
 57.14575 -22.24068
 57.19806 -22.18529
 57.42540 -22.33190
 57.50545 -22.52843
 57.50728 -22.54119
 57.50998 -22.65609
 57.50844 -22.66292
 57.39141 -22.99579
 57.36563 -23.01627
 57.29408 -23.06117
 57.27372 -23.07278
 57.26833 -23.07442
 57.23454 -23.08302
 57.21770 -23.07068
 57.13532 -22.91791
 57.01643 -22.64169
 57.00501 -22.56286
58 21 56.6939 57.2546 -23.5055 -22.8066 'Tukums (Latvia)'
 56.69500 -23.18900
 56.69388 -23.17604
 56.70101 -23.12318
 56.72167 -23.09431
 56.94111 -22.81821
 56.96300 -22.80862
 56.97312 -22.80657
 56.99424 -22.81256
 57.07964 -22.84757
 57.17856 -22.94386
 57.25464 -23.11667
 57.01883 -23.18747
 56.93239 -23.47820
 56.93221 -23.49518
 56.89570 -23.50555
 56.81676 -23.49563
 56.74131 -23.36394
 56.72624 -23.33646
 56.71104 -23.29908
 56.70407 -23.27798
 56.69500 -23.18900
59 22 56.3457 56.7178 -25.0356 -24.3246 'Vecumnieki (Latvia)'
 56.54294 -24.66391
 56.54033 -24.66793
 56.54033 -24.68002
 56.54283 -24.75374
 56.57975 -24.96978
 56.54933 -25.01792
 56.50074 -25.03556
 56.34570 -24.61869
 56.40203 -24.51435
 56.57461 -24.33511
 56.57809 -24.33248
 56.62144 -24.32458
 56.67243 -24.39880
 56.71617 -24.49461
 56.71781 -24.52852
 56.71404 -24.63418
 56.67552 -24.64067
 56.67272 -24.57687
 56.65379 -24.58109
 56.61633 -24.59776
 56.55713 -24.65024
 56.54294 -24.66391
60 20 56.5512 56.874 -21.8267 -21.2924 'Aizpute (Latvia)'
 56.55684 -21.71136
 56.55120 -21.59372
 56.66445 -21.39241
 56.72066 -21.30508
 56.73573 -21.29237
 56.80317 -21.29342
 56.87099 -21.43606
 56.87219 -21.43929
 56.87399 -21.45092
 56.86927 -21.48488
 56.86622 -21.49893
 56.84054 -21.61416
 56.79217 -21.70367
 56.76619 -21.74590
 56.76258 -21.75084
 56.75086 -21.76290
 56.68747 -21.82670
 56.65888 -21.82132
 56.57264 -21.79078
 56.55684 -21.71136
61 22 56.3266 56.6774 -21.4464 -21.0757 'Grobiņa (Latvia)'
 56.32914 -21.37445
 56.32656 -21.27515
 56.33008 -21.26386
 56.33308 -21.25637
 56.33420 -21.25483
 56.34471 -21.24288
 56.49303 -21.12104
 56.56603 -21.08510
 56.62276 -21.07566
 56.67720 -21.13460
 56.67745 -21.13641
 56.67610 -21.14519
 56.65196 -21.24269
 56.51898 -21.35799
 56.41814 -21.44235
 56.41582 -21.44390
 56.40844 -21.44638
 56.40553 -21.44607
 56.35454 -21.42520
 56.34441 -21.41637
 56.33720 -21.40104
 56.32914 -21.37445
62 11 56.7244 57.1166 -22.5038 -21.6142 'Kuldīga (Latvia)'
 56.79232 -22.21343
 56.72443 -21.77812
 56.84054 -21.61416
 57.03396 -21.61940
 57.09260 -21.78631
 57.11661 -22.18159
 57.01643 -22.50377
 56.93441 -22.45940
 56.84564 -22.32735
 56.80269 -22.24196
 56.79232 -22.21343
63 25 56.6228 56.9748 -21.4393 -21.0381 'Pāvilosta (Latvia)'
 56.62568 -21.10473
 56.62276 -21.07566
 56.62688 -21.05818
 56.63366 -21.03815
 56.82271 -21.05363
 56.83223 -21.05643
 56.83462 -21.05770
 56.84129 -21.06442
 56.84325 -21.06722
 56.95312 -21.28838
 56.97374 -21.33043
 56.97476 -21.33394
 56.96776 -21.36835
 56.95692 -21.39314
 56.94888 -21.40121
 56.94212 -21.40101
 56.93977 -21.39743
 56.91414 -21.43933
 56.67882 -21.27662
 56.66822 -21.26849
 56.66320 -21.26189
 56.65196 -21.24269
 56.64151 -21.20826
 56.63814 -21.19013
 56.62568 -21.10473
64 21 56.2888 56.5746 -21.7563 -21.3527 'Priekule (Latvia)'
 56.57393 -21.56442
 56.56696 -21.57144
 56.57088 -21.65813
 56.56895 -21.66664
 56.55890 -21.70903
 56.49974 -21.74828
 56.37900 -21.75634
 56.33343 -21.74846
 56.31627 -21.72719
 56.31424 -21.71866
 56.29155 -21.51459
 56.28881 -21.48622
 56.29187 -21.47650
 56.32583 -21.40224
 56.50336 -21.35369
 56.51787 -21.35268
 56.55174 -21.38860
 56.55487 -21.39921
 56.57298 -21.52142
 56.57461 -21.54176
 56.57393 -21.56442
65 26 56.0689 56.3559 -21.4917 -20.9807 'Rucava (Latvia)'
 56.24777 -21.45145
 56.07748 -21.20216
 56.07601 -21.19356
 56.06890 -21.06524
 56.20877 -20.98709
 56.22814 -20.98087
 56.25000 -20.98075
 56.25396 -20.98131
 56.26330 -21.04867
 56.25617 -21.05170
 56.24120 -21.05330
 56.23863 -21.04905
 56.16428 -21.08008
 56.16020 -21.09973
 56.15998 -21.10204
 56.15998 -21.10493
 56.16202 -21.10705
 56.26270 -21.18406
 56.35590 -21.23542
 56.33231 -21.38389
 56.32218 -21.42954
 56.30772 -21.47099
 56.30450 -21.47534
 56.28833 -21.49173
 56.25944 -21.46320
 56.24777 -21.45145
66 21 56.4981 56.8289 -22.1868 -21.7777 'Skrunda (Latvia)'
 56.50672 -22.06030
 56.49807 -22.04988
 56.50228 -21.99790
 56.52451 -21.83511
 56.53382 -21.80757
 56.60997 -21.77808
 56.61731 -21.77774
 56.67792 -21.81288
 56.80962 -21.95016
 56.81305 -21.95471
 56.82567 -21.98557
 56.82708 -21.99098
 56.82837 -21.99734
 56.82888 -22.00181
 56.82863 -22.08508
 56.80439 -22.16889
 56.79580 -22.16904
 56.73870 -22.18684
 56.73269 -22.18520
 56.57558 -22.13701
 56.50672 -22.06030
67 34 56.9398 57.6565 -22.2778 -21.3537 'Ventspils (Latvia)'
 56.94523 -21.45688
 56.93977 -21.39743
 56.96776 -21.36835
 56.98458 -21.35367
 57.26939 -21.41190
 57.28037 -21.41436
 57.28275 -21.41524
 57.29075 -21.41921
 57.29125 -21.41951
 57.30064 -21.42692
 57.55789 -21.68885
 57.56424 -21.69668
 57.56629 -21.69987
 57.56896 -21.70492
 57.57468 -21.72035
 57.59818 -21.84657
 57.65625 -22.19362
 57.65649 -22.19568
 57.63361 -22.22031
 57.62745 -22.22677
 57.60943 -22.24528
 57.50364 -22.25843
 57.40440 -22.24745
 57.33921 -22.27781
 57.26757 -22.25817
 57.12979 -22.19281
 57.12939 -22.19254
 57.12327 -22.18828
 57.11661 -22.18159
 57.09904 -22.10106
 57.09887 -22.09767
 57.09260 -21.78631
 56.96430 -21.48392
 56.94523 -21.45688
