0 24 5.26976 5.37971 -163.047 -162.912 'Kosrae (Federated States of Micronesia)'
 5.34089 -163.02605
 5.33568 -163.03045
 5.33369 -163.03728
 5.33096 -163.04371
 5.32355 -163.04656
 5.31094 -163.04298
 5.28002 -163.02573
 5.27269 -163.01922
 5.26976 -163.00554
 5.27285 -162.99342
 5.27766 -162.98146
 5.28018 -162.96762
 5.28002 -162.94597
 5.28193 -162.93133
 5.28693 -162.91619
 5.30419 -162.91212
 5.32103 -162.92408
 5.36176 -162.97145
 5.37482 -162.99073
 5.37971 -163.01059
 5.36884 -163.02605
 5.36270 -163.02735
 5.34760 -163.02573
 5.34089 -163.02605
1 50 0.918158 8.18509 -158.339 -154.238 'Pohnpei (Federated States of Micronesia)'
 6.93797 -158.29078
 6.92813 -158.29623
 6.92438 -158.30470
 6.92577 -158.31471
 6.93114 -158.32496
 6.87910 -158.33823
 6.86909 -158.33863
 6.86660 -158.33074
 6.86848 -158.30885
 6.86595 -158.30445
 6.85521 -158.30641
 6.83662 -158.31560
 6.82469 -158.31756
 6.80866 -158.31381
 6.79930 -158.30454
 6.79507 -158.29249
 6.78828 -158.24448
 6.78950 -158.22535
 6.80077 -158.21510
 6.79344 -158.19353
 6.80248 -158.18019
 6.81753 -158.17058
 6.82811 -158.16049
 6.84121 -158.16456
 6.85399 -158.16603
 6.86579 -158.16293
 6.87592 -158.15309
 6.87987 -158.15594
 6.89020 -158.16049
 6.89191 -158.13299
 6.90742 -158.12582
 6.94135 -158.13250
 6.95100 -158.14186
 6.95136 -158.16114
 6.95604 -158.17823
 6.97895 -158.18092
 6.97004 -158.20167
 6.96528 -158.20826
 6.97085 -158.21803
 6.97020 -158.22527
 6.96711 -158.23243
 6.96528 -158.24236
 6.96638 -158.26734
 6.96528 -158.27662
 6.96320 -158.27735
 6.95230 -158.29396
 6.95165 -158.29705
 6.94286 -158.30348
 6.94074 -158.30079
 6.93797 -158.29078
2 8 0.918158 8.18509 -158.339 -154.238 'Pohnpei (Federated States of Micronesia)'
 0.92780 -154.80812
 0.92577 -154.81430
 0.92219 -154.81764
 0.91816 -154.81284
 0.91820 -154.80177
 0.92447 -154.79859
 0.92707 -154.80299
 0.92780 -154.80812
3 6 0.918158 8.18509 -158.339 -154.238 'Pohnpei (Federated States of Micronesia)'
 0.96556 -154.71485
 0.96918 -154.72193
 0.96703 -154.73292
 0.96064 -154.72682
 0.96137 -154.71510
 0.96556 -154.71485
4 8 0.918158 8.18509 -158.339 -154.238 'Pohnpei (Federated States of Micronesia)'
 0.97211 -154.79314
 0.96581 -154.79656
 0.96288 -154.79233
 0.96369 -154.78370
 0.96882 -154.77817
 0.97370 -154.77849
 0.97549 -154.78435
 0.97211 -154.79314
5 5 0.918158 8.18509 -158.339 -154.238 'Pohnpei (Federated States of Micronesia)'
 3.75194 -154.87924
 3.76797 -154.87672
 3.77879 -154.89186
 3.76284 -154.89430
 3.75194 -154.87924
6 5 0.918158 8.18509 -158.339 -154.238 'Pohnpei (Federated States of Micronesia)'
 3.79182 -154.78932
 3.77656 -154.79176
 3.76626 -154.77369
 3.78148 -154.77125
 3.79182 -154.78932
7 9 0.918158 8.18509 -158.339 -154.238 'Pohnpei (Federated States of Micronesia)'
 5.77387 -157.16188
 5.77619 -157.16066
 5.77790 -157.15895
 5.77920 -157.15846
 5.77993 -157.16090
 5.77871 -157.16391
 5.77729 -157.16383
 5.77582 -157.16245
 5.77387 -157.16188
8 7 0.918158 8.18509 -158.339 -154.238 'Pohnpei (Federated States of Micronesia)'
 6.71719 -157.93637
 6.72736 -157.93922
 6.73054 -157.94207
 6.73168 -157.94890
 6.72578 -157.94825
 6.72260 -157.94581
 6.71719 -157.93637
9 15 0.918158 8.18509 -158.339 -154.238 'Pohnpei (Federated States of Micronesia)'
 8.17512 -154.29965
 8.16710 -154.30966
 8.13752 -154.31332
 8.11900 -154.30836
 8.11184 -154.30429
 8.10594 -154.29591
 8.12596 -154.27931
 8.13646 -154.25481
 8.14338 -154.23845
 8.15644 -154.24537
 8.17316 -154.24985
 8.18008 -154.25978
 8.18317 -154.26669
 8.18509 -154.29103
 8.17512 -154.29965
10 22 5.28604 8.98749 -153.711 -149.181 'Chuuk (Federated States of Micronesia)'
 7.38361 -151.58863
 7.39175 -151.62241
 7.38711 -151.63640
 7.36937 -151.65016
 7.35423 -151.65073
 7.33609 -151.64454
 7.32787 -151.63429
 7.34268 -151.62273
 7.34268 -151.61590
 7.33613 -151.60743
 7.33674 -151.59596
 7.34040 -151.58269
 7.34268 -151.56813
 7.34626 -151.57114
 7.34772 -151.57423
 7.34886 -151.58180
 7.35342 -151.59108
 7.35895 -151.61736
 7.36591 -151.62273
 7.37588 -151.61842
 7.37275 -151.59693
 7.38361 -151.58863
11 15 5.28604 8.98749 -153.711 -149.181 'Chuuk (Federated States of Micronesia)'
 7.45873 -151.87672
 7.46357 -151.88380
 7.46247 -151.89226
 7.45954 -151.90317
 7.45873 -151.91765
 7.44693 -151.90748
 7.43525 -151.89064
 7.42674 -151.87192
 7.42463 -151.85621
 7.43696 -151.85564
 7.44717 -151.85678
 7.46556 -151.86305
 7.46475 -151.86744
 7.46353 -151.87029
 7.45873 -151.87672
12 9 5.28604 8.98749 -153.711 -149.181 'Chuuk (Federated States of Micronesia)'
 5.28604 -153.66774
 5.29767 -153.67172
 5.30972 -153.68531
 5.31696 -153.70086
 5.31460 -153.71070
 5.30537 -153.70769
 5.29645 -153.69410
 5.28950 -153.67823
 5.28604 -153.66774
13 9 5.28604 8.98749 -153.711 -149.181 'Chuuk (Federated States of Micronesia)'
 6.69693 -149.31577
 6.70392 -149.31609
 6.70991 -149.31691
 6.71507 -149.31886
 6.71947 -149.32350
 6.71255 -149.32569
 6.70710 -149.32472
 6.70222 -149.32106
 6.69693 -149.31577
14 8 5.28604 8.98749 -153.711 -149.181 'Chuuk (Federated States of Micronesia)'
 7.31660 -151.85678
 7.35383 -151.85320
 7.37006 -151.85450
 7.36176 -151.86264
 7.35065 -151.86557
 7.33877 -151.86524
 7.32713 -151.86183
 7.31660 -151.85678
15 6 5.28604 8.98749 -153.711 -149.181 'Chuuk (Federated States of Micronesia)'
 7.37165 -149.18572
 7.38117 -149.18084
 7.38158 -149.18727
 7.37979 -149.18824
 7.37613 -149.18670
 7.37165 -149.18572
16 6 5.28604 8.98749 -153.711 -149.181 'Chuuk (Federated States of Micronesia)'
 8.57551 -150.40748
 8.58600 -150.40463
 8.58466 -150.40935
 8.58234 -150.40984
 8.57929 -150.40846
 8.57551 -150.40748
17 9 5.28604 8.98749 -153.711 -149.181 'Chuuk (Federated States of Micronesia)'
 8.57469 -149.66871
 8.58759 -149.66529
 8.60423 -149.66782
 8.61644 -149.67555
 8.61603 -149.68727
 8.60733 -149.68881
 8.59431 -149.68295
 8.58173 -149.67449
 8.57469 -149.66871
18 8 5.28604 8.98749 -153.711 -149.181 'Chuuk (Federated States of Micronesia)'
 8.97630 -150.11817
 8.98550 -150.12428
 8.98749 -150.12745
 8.98607 -150.13299
 8.98094 -150.13054
 8.97915 -150.12713
 8.97822 -150.12281
 8.97630 -150.11817
19 33 9.41205 9.77558 -140.533 -138.064 'Yap (Federated States of Micronesia)'
 9.57587 -138.19239
 9.55874 -138.18165
 9.54438 -138.18426
 9.53901 -138.19752
 9.54857 -138.21900
 9.53705 -138.21412
 9.52119 -138.20240
 9.50682 -138.18873
 9.50019 -138.17799
 9.50483 -138.16407
 9.52578 -138.15659
 9.52131 -138.14381
 9.51187 -138.13445
 9.42544 -138.07984
 9.41205 -138.06813
 9.43610 -138.06381
 9.47040 -138.07301
 9.50117 -138.08912
 9.51447 -138.10597
 9.52147 -138.11297
 9.55488 -138.12127
 9.56599 -138.12623
 9.57437 -138.14112
 9.56737 -138.14723
 9.54116 -138.15008
 9.55085 -138.15187
 9.56074 -138.15496
 9.56953 -138.15919
 9.57587 -138.16440
 9.58234 -138.17319
 9.58881 -138.18491
 9.58885 -138.19361
 9.57587 -138.19239
20 7 9.41205 9.77558 -140.533 -138.064 'Yap (Federated States of Micronesia)'
 9.76781 -140.51417
 9.77473 -140.52174
 9.77558 -140.53126
 9.77192 -140.53289
 9.76447 -140.52467
 9.76118 -140.51539
 9.76781 -140.51417
