0 285 -21 -17.7818 -25.9674 -20.9751 'North-West (Botswana)'
 -17.79411 -25.25978
 -17.87979 -25.21937
 -17.90800 -25.21937
 -17.93188 -25.22609
 -18.00112 -25.25503
 -18.06861 -25.29637
 -18.09662 -25.32345
 -18.11584 -25.35745
 -18.13900 -25.38752
 -18.17600 -25.40882
 -18.25320 -25.44085
 -18.30343 -25.47320
 -18.32338 -25.48116
 -18.36554 -25.49052
 -18.37888 -25.49558
 -18.39913 -25.50850
 -18.46569 -25.57444
 -18.48771 -25.60844
 -18.50114 -25.62208
 -18.56605 -25.66952
 -18.59023 -25.69826
 -18.60873 -25.73691
 -18.63033 -25.76192
 -18.66558 -25.77339
 -18.73875 -25.77949
 -18.81399 -25.81525
 -18.92127 -25.94072
 -18.99993 -25.96745
 -18.99993 -25.96718
 -18.99993 -25.00016
 -18.99993 -24.99070
 -19.99552 -24.99210
 -19.99893 -24.99520
 -20.00028 -24.99721
 -20.06704 -25.16216
 -20.07319 -25.16775
 -20.08415 -25.16976
 -20.31674 -25.16232
 -20.32899 -25.16030
 -20.33840 -25.15596
 -20.34232 -25.14506
 -20.39209 -24.50453
 -20.39090 -24.49337
 -20.38935 -24.47864
 -20.38966 -24.45745
 -20.40124 -24.42205
 -20.40284 -24.40206
 -20.39426 -24.37828
 -20.37710 -24.36232
 -20.33752 -24.33467
 -20.30858 -24.29627
 -20.29385 -24.28124
 -20.24233 -24.25426
 -20.24264 -24.24222
 -20.24972 -24.22847
 -20.24254 -24.20879
 -20.21510 -24.18279
 -20.20616 -24.17168
 -20.19882 -24.15711
 -20.19965 -24.14739
 -20.20471 -24.13820
 -20.20998 -24.12481
 -20.21603 -24.08652
 -20.22145 -24.07624
 -20.23675 -24.05882
 -20.24140 -24.04776
 -20.24409 -24.03577
 -20.24786 -24.02658
 -20.25375 -24.01862
 -20.27974 -23.99572
 -20.28352 -23.99536
 -20.28905 -23.99691
 -20.29494 -23.99784
 -20.30010 -23.99541
 -20.31597 -23.93371
 -20.31649 -23.92234
 -20.31225 -23.90927
 -20.29669 -23.88353
 -20.31649 -23.87904
 -20.99996 -23.88136
 -20.99996 -21.00014
 -20.99996 -20.98149
 -20.87578 -20.98108
 -20.75072 -20.98066
 -20.62577 -20.98025
 -20.50071 -20.97984
 -20.37576 -20.97942
 -20.35103 -20.97936
 -20.25080 -20.97911
 -20.12585 -20.97870
 -20.00079 -20.97828
 -19.87584 -20.97797
 -19.75078 -20.97756
 -19.62583 -20.97704
 -19.50088 -20.97673
 -19.37582 -20.97632
 -19.25087 -20.97580
 -19.17211 -20.97561
 -19.12591 -20.97549
 -19.00096 -20.97508
 -18.96003 -20.97508
 -18.91921 -20.97508
 -18.87838 -20.97508
 -18.83766 -20.97508
 -18.79684 -20.97508
 -18.75601 -20.97508
 -18.71519 -20.97508
 -18.67436 -20.97508
 -18.63354 -20.97508
 -18.59271 -20.97508
 -18.55199 -20.97508
 -18.51107 -20.97508
 -18.47014 -20.97508
 -18.42931 -20.97508
 -18.38859 -20.97508
 -18.34777 -20.97508
 -18.31935 -20.97508
 -18.31861 -20.99344
 -18.31738 -21.02417
 -18.31521 -21.08060
 -18.31294 -21.13693
 -18.31077 -21.19347
 -18.30849 -21.24990
 -18.30663 -21.29682
 -18.30477 -21.34395
 -18.30291 -21.39087
 -18.30105 -21.43790
 -18.30023 -21.45681
 -18.29950 -21.47572
 -18.29640 -21.49288
 -18.29320 -21.50983
 -18.28999 -21.52699
 -18.28679 -21.54404
 -18.27118 -21.62848
 -18.25558 -21.71271
 -18.23987 -21.79715
 -18.22416 -21.88149
 -18.20855 -21.96603
 -18.19284 -22.05026
 -18.17724 -22.13460
 -18.16153 -22.21904
 -18.14582 -22.30348
 -18.13021 -22.38781
 -18.11450 -22.47215
 -18.09879 -22.55648
 -18.08318 -22.64092
 -18.06747 -22.72526
 -18.05187 -22.80970
 -18.03616 -22.89403
 -18.02004 -22.98137
 -18.01022 -23.09960
 -18.00309 -23.18580
 -17.99740 -23.25494
 -17.99895 -23.29277
 -18.00546 -23.30569
 -18.00980 -23.31148
 -18.01652 -23.31282
 -18.02996 -23.31272
 -18.03709 -23.31592
 -18.03916 -23.32326
 -18.03998 -23.33060
 -18.04329 -23.33380
 -18.06706 -23.33256
 -18.07399 -23.33380
 -18.07936 -23.33659
 -18.09445 -23.34806
 -18.11915 -23.35953
 -18.15326 -23.38971
 -18.16339 -23.39581
 -18.16938 -23.39633
 -18.18623 -23.39447
 -18.19139 -23.39581
 -18.19429 -23.40129
 -18.19739 -23.41028
 -18.19842 -23.41886
 -18.18850 -23.42940
 -18.20070 -23.44428
 -18.21765 -23.45875
 -18.22550 -23.46413
 -18.23088 -23.47777
 -18.23315 -23.49131
 -18.23749 -23.50154
 -18.24938 -23.50568
 -18.26033 -23.51126
 -18.26819 -23.52170
 -18.27769 -23.52728
 -18.29371 -23.51880
 -18.32751 -23.55146
 -18.34849 -23.56076
 -18.36947 -23.54660
 -18.38311 -23.55549
 -18.42601 -23.57130
 -18.46786 -23.57916
 -18.47820 -23.59218
 -18.47768 -23.60986
 -18.46600 -23.64541
 -18.46342 -23.64985
 -18.45825 -23.65647
 -18.43148 -23.68014
 -18.42797 -23.70091
 -18.41908 -23.71579
 -18.32172 -23.80984
 -18.31707 -23.82555
 -18.30581 -23.83723
 -18.28007 -23.85522
 -18.26943 -23.86751
 -18.25020 -23.89697
 -18.23573 -23.91289
 -18.20121 -23.91599
 -18.17765 -23.95082
 -18.17662 -23.95660
 -18.17786 -23.96198
 -18.18065 -23.96673
 -18.18385 -23.97118
 -18.17703 -23.97490
 -18.17186 -23.97965
 -18.16339 -23.99174
 -18.15160 -24.02027
 -18.14582 -24.02812
 -18.11905 -24.05696
 -18.11522 -24.06512
 -18.10882 -24.10161
 -18.08546 -24.13509
 -18.02944 -24.18305
 -18.01259 -24.21829
 -18.00991 -24.23824
 -18.01259 -24.25922
 -18.01580 -24.27007
 -18.02448 -24.28744
 -18.02624 -24.29643
 -18.01942 -24.30583
 -17.97156 -24.33426
 -17.95606 -24.35059
 -17.95079 -24.36526
 -17.95234 -24.39947
 -17.95647 -24.42159
 -17.96722 -24.43389
 -17.99895 -24.45104
 -18.00577 -24.45849
 -18.00867 -24.46510
 -18.01445 -24.46975
 -18.02996 -24.47151
 -18.06034 -24.50561
 -18.05735 -24.51843
 -18.05280 -24.56442
 -18.05042 -24.57455
 -18.04443 -24.57776
 -18.02841 -24.59181
 -18.02283 -24.59502
 -18.02076 -24.59863
 -17.96278 -24.64917
 -17.94986 -24.66405
 -17.92888 -24.69847
 -17.89591 -24.72534
 -17.89188 -24.73072
 -17.88764 -24.73816
 -17.88423 -24.74684
 -17.88278 -24.75604
 -17.87968 -24.76451
 -17.86552 -24.77071
 -17.86232 -24.77692
 -17.85808 -24.79738
 -17.83927 -24.82084
 -17.83503 -24.83810
 -17.83359 -24.85743
 -17.81054 -24.93112
 -17.80713 -24.93763
 -17.80000 -24.94517
 -17.79328 -24.94859
 -17.78842 -24.95334
 -17.78667 -24.96429
 -17.80093 -24.95809
 -17.80765 -24.96864
 -17.81633 -24.97515
 -17.82046 -24.98331
 -17.81395 -24.99850
 -17.82573 -25.00708
 -17.82377 -25.01969
 -17.80713 -25.04749
 -17.82770 -25.05700
 -17.82677 -25.08790
 -17.81354 -25.12087
 -17.78181 -25.15395
 -17.78232 -25.19415
 -17.79411 -25.25978
1 392 -23.9479 -18.9999 -29.3501 -23.879 'Central (Botswana)'
 -18.99993 -25.96745
 -19.00096 -25.96780
 -19.02163 -25.96439
 -19.05873 -25.94806
 -19.07920 -25.94486
 -19.10328 -25.94858
 -19.12209 -25.95653
 -19.16178 -25.98113
 -19.19981 -26.01141
 -19.24373 -26.03436
 -19.50108 -26.13027
 -19.53715 -26.15549
 -19.56020 -26.19445
 -19.57147 -26.23910
 -19.57250 -26.29264
 -19.57725 -26.30349
 -19.58418 -26.31320
 -19.59203 -26.32106
 -19.60495 -26.33098
 -19.61301 -26.33346
 -19.63389 -26.32633
 -19.64629 -26.31910
 -19.64960 -26.31248
 -19.65136 -26.31217
 -19.65911 -26.32437
 -19.66242 -26.33233
 -19.66758 -26.36271
 -19.67906 -26.38524
 -19.71957 -26.41284
 -19.73652 -26.43185
 -19.74334 -26.45025
 -19.75192 -26.48973
 -19.75926 -26.50885
 -19.78406 -26.54926
 -19.80081 -26.56632
 -19.81951 -26.57479
 -19.84215 -26.58192
 -19.85558 -26.59556
 -19.86344 -26.61406
 -19.87574 -26.65944
 -19.88338 -26.67380
 -19.88682 -26.67717
 -19.89455 -26.68476
 -19.91253 -26.69861
 -19.92741 -26.71390
 -19.93589 -26.73096
 -19.93961 -26.75080
 -19.93982 -26.77447
 -19.94643 -26.81188
 -20.00090 -26.92505
 -20.00720 -26.96107
 -20.00679 -26.99430
 -20.01010 -27.02665
 -20.02756 -27.06014
 -20.03738 -27.06923
 -20.06053 -27.08649
 -20.06890 -27.09734
 -20.07324 -27.10964
 -20.07386 -27.11977
 -20.07293 -27.12969
 -20.07335 -27.14189
 -20.07655 -27.16292
 -20.08234 -27.18375
 -20.09298 -27.20178
 -20.11045 -27.21491
 -20.23416 -27.26601
 -20.35147 -27.28400
 -20.49575 -27.26839
 -20.56249 -27.27184
 -20.61909 -27.25062
 -20.70398 -27.22939
 -20.77472 -27.21525
 -20.84547 -27.21525
 -20.94451 -27.22939
 -21.00111 -27.27184
 -21.06478 -27.30721
 -21.16382 -27.34966
 -21.25579 -27.38503
 -21.34776 -27.40626
 -21.41143 -27.44163
 -21.46802 -27.49115
 -21.50340 -27.56897
 -21.50340 -27.63972
 -21.52462 -27.72461
 -21.51755 -27.78828
 -21.51755 -27.85902
 -21.54584 -27.91562
 -21.55191 -27.99042
 -21.56421 -28.00256
 -21.57289 -28.01656
 -21.57785 -28.03289
 -21.58127 -28.09077
 -21.59522 -28.16570
 -21.59687 -28.28487
 -21.60349 -28.32192
 -21.61630 -28.36176
 -21.65578 -28.44310
 -21.66033 -28.46460
 -21.65744 -28.48139
 -21.65155 -28.49731
 -21.64307 -28.53250
 -21.63832 -28.54294
 -21.63656 -28.55400
 -21.64441 -28.58593
 -21.64710 -28.61570
 -21.65134 -28.62970
 -21.67997 -28.66841
 -21.69351 -28.71420
 -21.75738 -28.86085
 -21.76492 -28.89103
 -21.76833 -28.95191
 -21.77485 -28.98085
 -21.78601 -28.99873
 -21.79789 -29.03872
 -21.80999 -29.05526
 -21.82921 -29.05764
 -21.85257 -29.04544
 -21.87665 -29.02890
 -21.89815 -29.01795
 -21.94042 -29.01382
 -21.98279 -29.02157
 -22.02093 -29.04053
 -22.05100 -29.07076
 -22.06919 -29.10797
 -22.07529 -29.14487
 -22.07261 -29.23933
 -22.07571 -29.24440
 -22.08707 -29.25411
 -22.09607 -29.25959
 -22.11581 -29.26734
 -22.12511 -29.27364
 -22.18671 -29.35007
 -22.19280 -29.33152
 -22.19022 -29.30289
 -22.17927 -29.24822
 -22.18216 -29.22207
 -22.19446 -29.20280
 -22.20769 -29.18662
 -22.21399 -29.16884
 -22.22030 -29.04782
 -22.22391 -29.03872
 -22.25037 -29.01785
 -22.25502 -29.01805
 -22.26339 -29.00276
 -22.28200 -28.98374
 -22.31021 -28.96023
 -22.38039 -28.96793
 -22.39217 -28.96338
 -22.40075 -28.95346
 -22.44085 -28.93041
 -22.45367 -28.91253
 -22.44891 -28.86938
 -22.44995 -28.84659
 -22.46318 -28.83677
 -22.48230 -28.83119
 -22.49294 -28.81682
 -22.49821 -28.79677
 -22.50142 -28.77476
 -22.51392 -28.73135
 -22.55196 -28.65900
 -22.56281 -28.62386
 -22.56270 -28.59720
 -22.56002 -28.57756
 -22.56301 -28.55984
 -22.58027 -28.53850
 -22.58482 -28.52248
 -22.56963 -28.45938
 -22.57500 -28.37685
 -22.58462 -28.33856
 -22.60384 -28.30182
 -22.61583 -28.28683
 -22.65562 -28.25055
 -22.66089 -28.24068
 -22.66316 -28.21634
 -22.66595 -28.20549
 -22.67164 -28.19619
 -22.70864 -28.16467
 -22.71815 -28.15971
 -22.73107 -28.15774
 -22.74326 -28.15971
 -22.75101 -28.16270
 -22.75897 -28.16250
 -22.77199 -28.15495
 -22.77975 -28.14586
 -22.78336 -28.13563
 -22.78553 -28.12560
 -22.78946 -28.11744
 -22.79535 -28.11320
 -22.81065 -28.10772
 -22.81675 -28.10369
 -22.82264 -28.08881
 -22.82884 -28.06576
 -22.83690 -28.04716
 -22.84775 -28.04540
 -22.86915 -28.05398
 -22.89137 -28.04974
 -22.91142 -28.03744
 -22.92661 -28.02183
 -22.93477 -28.00830
 -22.94377 -27.98938
 -22.95100 -27.96840
 -22.95389 -27.94918
 -22.96382 -27.93750
 -22.98666 -27.93791
 -23.02903 -27.94608
 -23.05704 -27.93006
 -23.07947 -27.89554
 -23.09559 -27.85378
 -23.10469 -27.81575
 -23.12298 -27.82226
 -23.12835 -27.80645
 -23.12701 -27.78495
 -23.12515 -27.77420
 -23.13301 -27.77172
 -23.14076 -27.77461
 -23.14768 -27.77906
 -23.15254 -27.78102
 -23.15543 -27.78304
 -23.15977 -27.78738
 -23.16380 -27.78929
 -23.16556 -27.78459
 -23.16691 -27.78330
 -23.17249 -27.77575
 -23.17300 -27.77420
 -23.21145 -27.75942
 -23.22075 -27.75363
 -23.22757 -27.73916
 -23.22168 -27.72573
 -23.19347 -27.69844
 -23.22344 -27.65876
 -23.22757 -27.64713
 -23.22344 -27.63343
 -23.21703 -27.61917
 -23.21672 -27.60801
 -23.24463 -27.59922
 -23.26385 -27.58041
 -23.27915 -27.57607
 -23.28483 -27.57525
 -23.29052 -27.57308
 -23.29486 -27.56961
 -23.29651 -27.56589
 -23.29920 -27.56331
 -23.30581 -27.56491
 -23.31377 -27.56775
 -23.32038 -27.56936
 -23.34281 -27.56367
 -23.36080 -27.54889
 -23.37309 -27.52884
 -23.37909 -27.50724
 -23.38043 -27.46569
 -23.38529 -27.45267
 -23.39511 -27.44316
 -23.40658 -27.43500
 -23.41268 -27.42518
 -23.40575 -27.41112
 -23.39128 -27.41846
 -23.38932 -27.41050
 -23.39407 -27.39583
 -23.39955 -27.38373
 -23.40534 -27.38084
 -23.41702 -27.37133
 -23.42250 -27.36120
 -23.39149 -27.34999
 -23.40245 -27.33557
 -23.43707 -27.31201
 -23.45175 -27.29557
 -23.46363 -27.27811
 -23.48141 -27.23971
 -23.49205 -27.20250
 -23.50384 -27.19150
 -23.52306 -27.20566
 -23.52709 -27.19563
 -23.52730 -27.18664
 -23.52358 -27.17868
 -23.51562 -27.17145
 -23.52161 -27.16897
 -23.52988 -27.16153
 -23.53670 -27.15718
 -23.52750 -27.14912
 -23.52337 -27.13765
 -23.52502 -27.12742
 -23.53298 -27.12308
 -23.54528 -27.12742
 -23.55189 -27.13569
 -23.55830 -27.14116
 -23.57019 -27.13672
 -23.56316 -27.12442
 -23.56430 -27.11336
 -23.57174 -27.10375
 -23.58383 -27.09579
 -23.58383 -27.10251
 -23.59603 -27.08411
 -23.60202 -27.07833
 -23.61122 -27.07523
 -23.60729 -27.06840
 -23.60440 -27.06153
 -23.62424 -27.06313
 -23.64171 -27.06944
 -23.65607 -27.07006
 -23.66641 -27.05476
 -23.66569 -27.03761
 -23.65473 -27.02985
 -23.64254 -27.02427
 -23.63850 -27.01383
 -23.64584 -27.00417
 -23.68698 -26.98655
 -23.71871 -26.96717
 -23.73741 -26.96205
 -23.74714 -26.96454
 -23.74718 -26.96433
 -23.74821 -26.95890
 -23.75054 -26.93978
 -23.76056 -26.92722
 -23.78981 -26.90366
 -23.78428 -26.90061
 -23.77395 -26.89286
 -23.76868 -26.89002
 -23.78723 -26.88201
 -23.80273 -26.87198
 -23.83074 -26.84904
 -23.83777 -26.84516
 -23.85343 -26.83943
 -23.85808 -26.83540
 -23.85932 -26.82764
 -23.85658 -26.80883
 -23.85808 -26.80124
 -23.88051 -26.77612
 -23.93394 -26.72961
 -23.93482 -26.72806
 -23.94138 -26.72507
 -23.94495 -26.72150
 -23.94789 -26.71747
 -23.56626 -26.02041
 -23.39046 -25.88558
 -23.34912 -25.84073
 -23.32281 -25.75257
 -23.31744 -25.73970
 -23.31031 -25.73164
 -22.95188 -25.43931
 -20.99996 -23.88136
 -20.31649 -23.87904
 -20.29669 -23.88353
 -20.31225 -23.90927
 -20.31649 -23.92234
 -20.31597 -23.93371
 -20.30010 -23.99541
 -20.29494 -23.99784
 -20.28905 -23.99691
 -20.28352 -23.99536
 -20.27974 -23.99572
 -20.25375 -24.01862
 -20.24786 -24.02658
 -20.24409 -24.03577
 -20.24140 -24.04776
 -20.23675 -24.05882
 -20.22145 -24.07624
 -20.21603 -24.08652
 -20.20998 -24.12481
 -20.20471 -24.13820
 -20.19965 -24.14739
 -20.19882 -24.15711
 -20.20616 -24.17168
 -20.21510 -24.18279
 -20.24254 -24.20879
 -20.24972 -24.22847
 -20.24264 -24.24222
 -20.24233 -24.25426
 -20.29385 -24.28124
 -20.30858 -24.29627
 -20.33752 -24.33467
 -20.37710 -24.36232
 -20.39426 -24.37828
 -20.40284 -24.40206
 -20.40124 -24.42205
 -20.38966 -24.45745
 -20.38935 -24.47864
 -20.39090 -24.49337
 -20.39209 -24.50453
 -20.34232 -25.14506
 -20.33840 -25.15596
 -20.32899 -25.16030
 -20.31674 -25.16232
 -20.08415 -25.16976
 -20.07319 -25.16775
 -20.06704 -25.16216
 -20.00028 -24.99721
 -19.99893 -24.99520
 -19.99552 -24.99210
 -18.99993 -24.99070
 -18.99993 -25.00016
 -18.99993 -25.96718
 -18.99993 -25.96745
2 32 -23.9479 -18.9999 -29.3501 -23.879 'Central (Botswana)'
 -21.99605 -27.84349
 -21.99367 -27.85192
 -21.98817 -27.85998
 -21.98359 -27.87391
 -21.97443 -27.87776
 -21.96563 -27.87885
 -21.96069 -27.88289
 -21.95702 -27.88050
 -21.95152 -27.87153
 -21.94181 -27.87281
 -21.93485 -27.87391
 -21.92477 -27.87024
 -21.92074 -27.86603
 -21.92386 -27.85558
 -21.93320 -27.85082
 -21.93998 -27.85009
 -21.94823 -27.84239
 -21.95757 -27.84239
 -21.96215 -27.83213
 -21.96307 -27.82590
 -21.96032 -27.81894
 -21.96545 -27.80794
 -21.97003 -27.80776
 -21.97333 -27.81033
 -21.97828 -27.81179
 -21.98432 -27.80813
 -21.99184 -27.80849
 -21.99697 -27.81051
 -21.99495 -27.82095
 -21.98872 -27.82938
 -21.99000 -27.83708
 -21.99605 -27.84349
3 11 -23.9479 -18.9999 -29.3501 -23.879 'Central (Botswana)'
 -20.55852 -26.19476
 -20.54670 -26.14366
 -20.54459 -26.12634
 -20.56781 -26.12043
 -20.58006 -26.14662
 -20.59442 -26.20025
 -20.59864 -26.25220
 -20.55937 -26.25600
 -20.55176 -26.23320
 -20.55514 -26.20997
 -20.55852 -26.19476
4 77 -21.5519 -20.473 -27.9904 -27.2152 'North-East (Botswana)'
 -20.47301 -27.34074
 -20.47332 -27.45391
 -20.48304 -27.53411
 -20.47332 -27.59085
 -20.48862 -27.62579
 -20.48914 -27.66599
 -20.49606 -27.68377
 -20.50908 -27.69813
 -20.52665 -27.70557
 -20.56613 -27.70263
 -20.60148 -27.69038
 -20.63734 -27.68248
 -20.71672 -27.70733
 -20.75672 -27.70961
 -20.83775 -27.69441
 -20.84901 -27.68904
 -20.85759 -27.68180
 -20.86668 -27.67602
 -20.87991 -27.67478
 -20.89128 -27.67509
 -20.91371 -27.67261
 -20.92353 -27.67266
 -20.97965 -27.68036
 -21.00073 -27.67896
 -21.05375 -27.66682
 -21.07122 -27.66661
 -21.09013 -27.67478
 -21.13447 -27.70919
 -21.14966 -27.72438
 -21.19741 -27.79384
 -21.23173 -27.82360
 -21.26966 -27.84913
 -21.31017 -27.88500
 -21.32433 -27.89440
 -21.33239 -27.89667
 -21.34789 -27.89616
 -21.35544 -27.89781
 -21.36474 -27.90422
 -21.38117 -27.92055
 -21.43833 -27.95021
 -21.44866 -27.95300
 -21.45652 -27.94964
 -21.46851 -27.94194
 -21.47802 -27.93988
 -21.47988 -27.94334
 -21.48205 -27.95042
 -21.48783 -27.95445
 -21.50075 -27.94928
 -21.51047 -27.95321
 -21.51150 -27.95807
 -21.51047 -27.96370
 -21.51440 -27.97057
 -21.52256 -27.97574
 -21.54292 -27.98473
 -21.55191 -27.99042
 -21.54584 -27.91562
 -21.51755 -27.85902
 -21.51755 -27.78828
 -21.52462 -27.72461
 -21.50340 -27.63972
 -21.50340 -27.56897
 -21.46802 -27.49115
 -21.41143 -27.44163
 -21.34776 -27.40626
 -21.25579 -27.38503
 -21.16382 -27.34966
 -21.06478 -27.30721
 -21.00111 -27.27184
 -20.94451 -27.22939
 -20.84547 -27.21525
 -20.77472 -27.21525
 -20.70398 -27.22939
 -20.61909 -27.25062
 -20.56249 -27.27184
 -20.49575 -27.26839
 -20.47735 -27.30601
 -20.47301 -27.34074
5 35 -21.5519 -20.473 -27.9904 -27.2152 'North-East (Botswana)'
 -21.21580 -27.53866
 -21.21172 -27.55574
 -21.20560 -27.55931
 -21.19871 -27.55753
 -21.18723 -27.55625
 -21.17499 -27.55753
 -21.16734 -27.55345
 -21.16326 -27.54376
 -21.16046 -27.53840
 -21.14566 -27.53432
 -21.13189 -27.54019
 -21.12373 -27.55115
 -21.11506 -27.55217
 -21.10741 -27.54605
 -21.10690 -27.53763
 -21.11174 -27.52820
 -21.12220 -27.50652
 -21.12475 -27.49530
 -21.13648 -27.48765
 -21.14413 -27.48178
 -21.15331 -27.46903
 -21.15586 -27.45883
 -21.15943 -27.45832
 -21.16683 -27.45959
 -21.17219 -27.45398
 -21.17601 -27.44710
 -21.18647 -27.44327
 -21.19871 -27.44250
 -21.20611 -27.44659
 -21.21044 -27.46342
 -21.21121 -27.48586
 -21.19871 -27.49147
 -21.20203 -27.50678
 -21.21554 -27.53432
 -21.21580 -27.53866
6 68 -24.6608 -23.5663 -26.9666 -25.8862 'Kgatleng (Botswana)'
 -23.74714 -26.96454
 -23.75519 -26.96660
 -23.80289 -26.93813
 -23.82325 -26.94500
 -23.85022 -26.94118
 -24.11584 -26.87090
 -24.16038 -26.86893
 -24.24813 -26.84971
 -24.26560 -26.83917
 -24.27883 -26.82325
 -24.28968 -26.80227
 -24.31593 -26.71401
 -24.32658 -26.69292
 -24.34146 -26.68409
 -24.39944 -26.62347
 -24.43820 -26.55836
 -24.45866 -26.53118
 -24.48884 -26.50606
 -24.55995 -26.47681
 -24.57142 -26.46947
 -24.63281 -26.40436
 -24.63276 -26.40400
 -24.62950 -26.38162
 -24.62806 -26.36354
 -24.62403 -26.34452
 -24.62237 -26.32571
 -24.62847 -26.27879
 -24.66085 -26.16591
 -24.66072 -26.16582
 -24.64713 -26.15678
 -24.60847 -26.11244
 -24.55891 -26.03335
 -24.50744 -25.95121
 -24.49752 -25.93493
 -24.48838 -25.91504
 -24.48605 -25.90403
 -24.47866 -25.89442
 -24.45913 -25.88775
 -24.43065 -25.88620
 -24.37443 -25.90047
 -24.34518 -25.91287
 -24.32275 -25.92620
 -24.17651 -25.95664
 -23.56626 -26.02041
 -23.94789 -26.71747
 -23.94495 -26.72150
 -23.94138 -26.72507
 -23.93482 -26.72806
 -23.93394 -26.72961
 -23.88051 -26.77612
 -23.85808 -26.80124
 -23.85658 -26.80883
 -23.85932 -26.82764
 -23.85808 -26.83540
 -23.85343 -26.83943
 -23.83777 -26.84516
 -23.83074 -26.84904
 -23.80273 -26.87198
 -23.78723 -26.88201
 -23.76868 -26.89002
 -23.77395 -26.89286
 -23.78428 -26.90061
 -23.78981 -26.90366
 -23.76056 -26.92722
 -23.75054 -26.93978
 -23.74821 -26.95890
 -23.74718 -26.96433
 -23.74714 -26.96454
7 54 -25.4633 -24.5589 -26.1659 -25.5423 'South-East (Botswana)'
 -24.66085 -26.16591
 -24.70454 -26.01358
 -24.72634 -25.98113
 -24.73358 -25.96604
 -24.73182 -25.91468
 -24.74216 -25.88171
 -24.74340 -25.87406
 -24.74815 -25.86837
 -24.77265 -25.86693
 -24.84572 -25.87726
 -24.88603 -25.87675
 -24.91817 -25.86620
 -24.97915 -25.83706
 -25.01635 -25.83520
 -25.06483 -25.80492
 -25.13138 -25.78290
 -25.30998 -25.69546
 -25.44000 -25.66353
 -25.46332 -25.65284
 -25.46320 -25.65252
 -25.42398 -25.54824
 -25.41323 -25.54281
 -25.40196 -25.54235
 -25.03821 -25.65671
 -25.02467 -25.65965
 -25.01144 -25.65981
 -25.00736 -25.65015
 -25.00628 -25.63697
 -25.00757 -25.60953
 -25.00679 -25.60100
 -25.00256 -25.59930
 -25.00101 -25.59883
 -24.91326 -25.63092
 -24.88727 -25.63619
 -24.87393 -25.63480
 -24.86546 -25.64394
 -24.85094 -25.65640
 -24.84029 -25.66834
 -24.76908 -25.68725
 -24.62270 -25.83493
 -24.65101 -25.84025
 -24.68662 -25.84484
 -24.70844 -25.85748
 -24.71617 -25.89156
 -24.70959 -25.91492
 -24.70729 -25.95742
 -24.67513 -25.98269
 -24.64986 -25.98269
 -24.58208 -26.03208
 -24.55891 -26.03335
 -24.60847 -26.11244
 -24.64713 -26.15678
 -24.66072 -26.16582
 -24.66085 -26.16591
8 23 -25.4633 -24.5589 -26.1659 -25.5423 'South-East (Botswana)'
 -25.18312 -25.68744
 -25.17284 -25.68572
 -25.17181 -25.68093
 -25.18106 -25.67716
 -25.19854 -25.67168
 -25.21395 -25.67133
 -25.22526 -25.66791
 -25.23588 -25.65968
 -25.23862 -25.65934
 -25.23760 -25.66996
 -25.23451 -25.68058
 -25.23897 -25.68744
 -25.23383 -25.69909
 -25.22423 -25.70525
 -25.21430 -25.70491
 -25.21464 -25.69635
 -25.20881 -25.69360
 -25.20368 -25.70046
 -25.19888 -25.69943
 -25.19271 -25.70560
 -25.18826 -25.70080
 -25.18106 -25.69909
 -25.18312 -25.68744
9 69 -25.8292 -23.9991 -25.6872 -23.0493 'Southern (Botswana)'
 -25.46332 -25.65284
 -25.55927 -25.60886
 -25.61952 -25.58725
 -25.71119 -25.45842
 -25.74354 -25.38649
 -25.76328 -25.17782
 -25.75657 -25.13596
 -25.74365 -25.09028
 -25.73786 -25.05173
 -25.74303 -25.01328
 -25.76287 -24.96791
 -25.80411 -24.90838
 -25.81165 -24.88854
 -25.82602 -24.82890
 -25.82922 -24.79862
 -25.82261 -24.77071
 -25.81589 -24.73795
 -25.82333 -24.66498
 -25.81610 -24.62964
 -25.78333 -24.57672
 -25.75785 -24.50085
 -25.67259 -24.48670
 -25.65373 -24.46014
 -25.65063 -24.41405
 -25.64634 -24.39854
 -25.54046 -24.28310
 -25.50144 -24.25033
 -25.02576 -24.23437
 -25.00395 -24.22987
 -24.98736 -24.21933
 -24.97191 -24.20646
 -24.86225 -24.09071
 -24.85104 -24.07500
 -24.84691 -24.05965
 -24.84530 -24.04415
 -24.85058 -23.08519
 -24.84918 -23.07025
 -24.84582 -23.05645
 -24.83574 -23.05118
 -24.82324 -23.04932
 -23.99910 -23.05335
 -24.46118 -24.63966
 -24.66033 -24.63765
 -24.65204 -24.82058
 -24.51186 -24.81361
 -24.70211 -25.46675
 -24.76226 -25.58483
 -24.76614 -25.60271
 -24.76908 -25.68725
 -24.84029 -25.66834
 -24.85094 -25.65640
 -24.86546 -25.64394
 -24.87393 -25.63480
 -24.88727 -25.63619
 -24.91326 -25.63092
 -25.00101 -25.59883
 -25.00256 -25.59930
 -25.00679 -25.60100
 -25.00757 -25.60953
 -25.00628 -25.63697
 -25.00736 -25.65015
 -25.01144 -25.65981
 -25.02467 -25.65965
 -25.03821 -25.65671
 -25.40196 -25.54235
 -25.41323 -25.54281
 -25.42398 -25.54824
 -25.46320 -25.65252
 -25.46332 -25.65284
10 319 -26.8918 -23.3086 -24.5009 -19.9799 'Kgalagadi (Botswana)'
 -25.43287 -20.59691
 -25.41323 -20.59361
 -25.40403 -20.58802
 -25.39204 -20.55878
 -25.38222 -20.54224
 -25.37116 -20.53583
 -25.34005 -20.52922
 -25.33220 -20.52508
 -25.31928 -20.51464
 -25.31225 -20.51051
 -25.30471 -20.51041
 -25.29913 -20.51485
 -25.29303 -20.51857
 -25.28362 -20.51640
 -25.27753 -20.50989
 -25.26905 -20.49180
 -25.26316 -20.48550
 -25.25665 -20.48353
 -25.23050 -20.48167
 -25.22368 -20.46245
 -25.21334 -20.44385
 -25.19980 -20.43444
 -25.18306 -20.44323
 -25.16839 -20.44478
 -25.14678 -20.43393
 -25.10782 -20.40685
 -25.04612 -20.37553
 -25.03320 -20.36489
 -24.93605 -20.23569
 -24.89367 -20.15932
 -24.89099 -20.14908
 -24.88975 -20.12841
 -24.88737 -20.11891
 -24.88034 -20.10785
 -24.85264 -20.08108
 -24.81523 -20.02930
 -24.78805 -20.01049
 -24.77585 -19.99292
 -24.76882 -19.98641
 -24.75249 -19.98145
 -24.58041 -19.98134
 -24.40843 -19.98114
 -24.23656 -19.98083
 -24.06447 -19.98072
 -23.89249 -19.98052
 -23.86449 -19.98048
 -23.72057 -19.98031
 -23.54859 -19.98010
 -23.37650 -19.97990
 -23.30855 -19.97986
 -23.30855 -19.99897
 -23.31134 -23.05754
 -23.39738 -23.04297
 -23.41433 -23.02266
 -23.41320 -22.97734
 -23.41692 -22.96726
 -23.42493 -22.95904
 -23.46270 -22.95543
 -23.55861 -22.95667
 -23.56611 -22.95904
 -23.56869 -22.96586
 -23.56967 -22.97563
 -23.56962 -23.03227
 -23.64269 -23.05010
 -23.99910 -23.05335
 -24.82324 -23.04932
 -24.83574 -23.05118
 -24.84582 -23.05645
 -24.84918 -23.07025
 -24.85058 -23.08519
 -24.84530 -24.04415
 -24.84691 -24.05965
 -24.85104 -24.07500
 -24.86225 -24.09071
 -24.97191 -24.20646
 -24.98736 -24.21933
 -25.00395 -24.22987
 -25.02576 -24.23437
 -25.50144 -24.25033
 -25.54046 -24.28310
 -25.64634 -24.39854
 -25.65063 -24.41405
 -25.65373 -24.46014
 -25.67259 -24.48670
 -25.75785 -24.50085
 -25.74303 -24.45673
 -25.74530 -24.43678
 -25.75305 -24.41673
 -25.75946 -24.38924
 -25.75181 -24.33891
 -25.72349 -24.29674
 -25.64898 -24.22770
 -25.62593 -24.18346
 -25.62624 -24.13096
 -25.65177 -24.02709
 -25.65466 -24.00570
 -25.64991 -24.00425
 -25.64133 -24.00962
 -25.63316 -24.00869
 -25.62531 -23.99826
 -25.61952 -23.98802
 -25.61756 -23.97645
 -25.62924 -23.92477
 -25.61849 -23.90575
 -25.59885 -23.89067
 -25.56908 -23.84540
 -25.52361 -23.80747
 -25.51854 -23.79858
 -25.51255 -23.77832
 -25.50738 -23.76902
 -25.49849 -23.76230
 -25.47762 -23.75207
 -25.46997 -23.74266
 -25.45436 -23.68675
 -25.44258 -23.67424
 -25.43266 -23.66670
 -25.35731 -23.56107
 -25.34326 -23.53585
 -25.33096 -23.50661
 -25.32424 -23.49658
 -25.31153 -23.48346
 -25.29024 -23.46816
 -25.28218 -23.45927
 -25.27815 -23.44490
 -25.28032 -23.43199
 -25.29138 -23.39922
 -25.29262 -23.38145
 -25.28931 -23.36594
 -25.27339 -23.32036
 -25.26399 -23.26569
 -25.26719 -23.21608
 -25.28001 -23.16854
 -25.31246 -23.09340
 -25.31969 -23.08389
 -25.32600 -23.07170
 -25.32083 -23.06550
 -25.31070 -23.06116
 -25.30254 -23.05454
 -25.29944 -23.03067
 -25.31081 -23.00700
 -25.34688 -22.96803
 -25.35576 -22.96256
 -25.36434 -22.96028
 -25.37209 -22.95615
 -25.37871 -22.94478
 -25.38429 -22.93093
 -25.39049 -22.92049
 -25.39907 -22.91191
 -25.41137 -22.90365
 -25.45023 -22.88763
 -25.46201 -22.87677
 -25.47131 -22.85135
 -25.48113 -22.84463
 -25.54304 -22.82468
 -25.55844 -22.81683
 -25.56660 -22.81404
 -25.57508 -22.81342
 -25.58490 -22.81921
 -25.59554 -22.82871
 -25.60608 -22.83337
 -25.61580 -22.82437
 -25.62531 -22.81083
 -25.63327 -22.80959
 -25.64195 -22.81342
 -25.65280 -22.81497
 -25.66706 -22.81280
 -25.67740 -22.81021
 -25.68722 -22.80443
 -25.73486 -22.75978
 -25.75533 -22.74645
 -25.77703 -22.74045
 -25.79088 -22.74117
 -25.79408 -22.74500
 -25.79605 -22.75089
 -25.80597 -22.75792
 -25.82033 -22.76412
 -25.82654 -22.76546
 -25.84338 -22.75471
 -25.85847 -22.73952
 -25.87429 -22.71947
 -25.89103 -22.70883
 -25.90901 -22.72164
 -25.92162 -22.72681
 -25.94395 -22.72722
 -25.96751 -22.72422
 -25.98425 -22.71937
 -25.99686 -22.71048
 -26.00327 -22.70066
 -26.01288 -22.67224
 -26.02094 -22.66159
 -26.02983 -22.66211
 -26.03986 -22.66583
 -26.05143 -22.66500
 -26.10931 -22.62325
 -26.11153 -22.62086
 -26.12058 -22.61116
 -26.13318 -22.59152
 -26.14652 -22.58025
 -26.18114 -22.56382
 -26.20739 -22.54511
 -26.21370 -22.52796
 -26.20481 -22.48259
 -26.21008 -22.45086
 -26.22651 -22.42884
 -26.27188 -22.39505
 -26.31736 -22.34285
 -26.32883 -22.31877
 -26.33359 -22.30317
 -26.34092 -22.25728
 -26.34692 -22.24828
 -26.36676 -22.23774
 -26.40407 -22.19744
 -26.43994 -22.17832
 -26.51921 -22.14617
 -26.57192 -22.10814
 -26.61760 -22.05770
 -26.65026 -21.99900
 -26.66390 -21.93585
 -26.66452 -21.83880
 -26.66959 -21.80728
 -26.67816 -21.78061
 -26.68871 -21.76873
 -26.70431 -21.76749
 -26.74917 -21.77648
 -26.76849 -21.77751
 -26.78679 -21.77338
 -26.80446 -21.76232
 -26.82048 -21.74382
 -26.85521 -21.68718
 -26.86306 -21.66455
 -26.86275 -21.64336
 -26.84839 -21.58393
 -26.84642 -21.49867
 -26.82637 -21.44947
 -26.82265 -21.42663
 -26.82399 -21.38084
 -26.84446 -21.29692
 -26.84498 -21.28287
 -26.84177 -21.25486
 -26.84198 -21.24059
 -26.86451 -21.15347
 -26.86534 -21.12246
 -26.83857 -20.99038
 -26.81604 -20.95017
 -26.80002 -20.90769
 -26.80653 -20.85188
 -26.81883 -20.82605
 -26.84808 -20.77943
 -26.87505 -20.71494
 -26.88900 -20.69355
 -26.89179 -20.69076
 -26.88177 -20.68569
 -26.85004 -20.67546
 -26.83908 -20.66564
 -26.82968 -20.65055
 -26.82451 -20.64487
 -26.81697 -20.63867
 -26.78937 -20.62482
 -26.75320 -20.61469
 -26.71620 -20.60921
 -26.68612 -20.60890
 -26.61832 -20.63071
 -26.59527 -20.63236
 -26.58081 -20.62771
 -26.55993 -20.61149
 -26.54773 -20.60528
 -26.52220 -20.60229
 -26.49327 -20.60528
 -26.43973 -20.61820
 -26.42753 -20.62254
 -26.40779 -20.65210
 -26.39177 -20.66595
 -26.34196 -20.69551
 -26.27622 -20.75329
 -26.24057 -20.77623
 -26.20191 -20.79473
 -26.14683 -20.83793
 -26.13132 -20.84145
 -26.07128 -20.80393
 -26.05247 -20.80052
 -25.98053 -20.80279
 -25.89392 -20.79411
 -25.83439 -20.76714
 -25.83067 -20.76693
 -25.81899 -20.75577
 -25.81847 -20.74998
 -25.82313 -20.74006
 -25.82736 -20.72652
 -25.81816 -20.72714
 -25.79894 -20.73778
 -25.73259 -20.71670
 -25.71481 -20.70688
 -25.70706 -20.69655
 -25.69548 -20.67102
 -25.68525 -20.66285
 -25.67492 -20.66275
 -25.65332 -20.67143
 -25.64226 -20.67081
 -25.63626 -20.66306
 -25.63461 -20.65138
 -25.63120 -20.64104
 -25.62035 -20.63794
 -25.61322 -20.64332
 -25.60102 -20.66523
 -25.59120 -20.67143
 -25.56474 -20.66337
 -25.52847 -20.61851
 -25.50056 -20.62037
 -25.48475 -20.62689
 -25.46780 -20.65655
 -25.45736 -20.64353
 -25.45767 -20.63443
 -25.46273 -20.62564
 -25.46614 -20.61655
 -25.46201 -20.60663
 -25.45178 -20.60590
 -25.43938 -20.61138
 -25.43100 -20.61200
 -25.43287 -20.59691
11 41 -23.3185 -21 -25.4393 -19.9783 'Ghanzi (Botswana)'
 -23.30855 -19.97986
 -23.20453 -19.97979
 -23.03255 -19.97959
 -22.86067 -19.97928
 -22.68859 -19.97917
 -22.53811 -19.97897
 -22.38762 -19.97886
 -22.23725 -19.97866
 -22.08676 -19.97845
 -22.00067 -19.97835
 -22.00067 -20.21244
 -22.00067 -20.44653
 -22.00067 -20.68063
 -22.00067 -20.91472
 -22.00067 -20.97198
 -21.96398 -20.98480
 -21.92285 -20.98469
 -21.86518 -20.98449
 -21.80761 -20.98428
 -21.75004 -20.98407
 -21.69237 -20.98387
 -21.63470 -20.98366
 -21.57703 -20.98345
 -21.51936 -20.98314
 -21.46179 -20.98304
 -21.40412 -20.98283
 -21.34645 -20.98263
 -21.28888 -20.98242
 -21.23121 -20.98221
 -21.17364 -20.98211
 -21.11607 -20.98190
 -21.05840 -20.98159
 -21.00073 -20.98149
 -20.99996 -20.98149
 -20.99996 -21.00014
 -20.99996 -23.88136
 -22.95188 -25.43931
 -23.31852 -25.24175
 -23.31134 -23.05754
 -23.30855 -19.99897
 -23.30855 -19.97986
12 41 -24.7691 -22.9519 -26.0204 -22.9554 'Kweneng (Botswana)'
 -23.31852 -25.24175
 -22.95188 -25.43931
 -23.31031 -25.73164
 -23.31744 -25.73970
 -23.32281 -25.75257
 -23.34912 -25.84073
 -23.39046 -25.88558
 -23.56626 -26.02041
 -24.17651 -25.95664
 -24.32275 -25.92620
 -24.34518 -25.91287
 -24.37443 -25.90047
 -24.43065 -25.88620
 -24.45913 -25.88775
 -24.47866 -25.89442
 -24.48605 -25.90403
 -24.48838 -25.91504
 -24.49752 -25.93493
 -24.50744 -25.95121
 -24.62270 -25.83493
 -24.76908 -25.68725
 -24.76614 -25.60271
 -24.76226 -25.58483
 -24.70211 -25.46675
 -24.51186 -24.81361
 -24.46118 -24.63966
 -23.99910 -23.05335
 -23.64269 -23.05010
 -23.56962 -23.03227
 -23.56967 -22.97563
 -23.56869 -22.96586
 -23.56611 -22.95904
 -23.55861 -22.95667
 -23.46270 -22.95543
 -23.42493 -22.95904
 -23.41692 -22.96726
 -23.41320 -22.97734
 -23.41433 -23.02266
 -23.39738 -23.04297
 -23.31134 -23.05754
 -23.31852 -25.24175
13 13 -24.7162 -24.5074 -26.0334 -25.8349 'Gaborone (Botswana)'
 -24.62270 -25.83493
 -24.50744 -25.95121
 -24.55891 -26.03335
 -24.58208 -26.03208
 -24.64986 -25.98269
 -24.67513 -25.98269
 -24.70729 -25.95742
 -24.70959 -25.91492
 -24.71617 -25.89156
 -24.70844 -25.85748
 -24.68662 -25.84484
 -24.65101 -25.84025
 -24.62270 -25.83493
14 5 -24.6603 -24.4612 -24.8206 -24.6376 'Jwaneng (Botswana)'
 -24.46118 -24.63966
 -24.51186 -24.81361
 -24.65204 -24.82058
 -24.66033 -24.63765
 -24.46118 -24.63966
15 35 -21.2158 -21.1069 -27.5593 -27.4425 'Francistown (Botswana)'
 -21.10690 -27.53763
 -21.10741 -27.54605
 -21.11506 -27.55217
 -21.12373 -27.55115
 -21.13189 -27.54019
 -21.14566 -27.53432
 -21.16046 -27.53840
 -21.16326 -27.54376
 -21.16734 -27.55345
 -21.17499 -27.55753
 -21.18723 -27.55625
 -21.19871 -27.55753
 -21.20560 -27.55931
 -21.21172 -27.55574
 -21.21580 -27.53866
 -21.21554 -27.53432
 -21.20203 -27.50678
 -21.19871 -27.49147
 -21.21121 -27.48586
 -21.21044 -27.46342
 -21.20611 -27.44659
 -21.19871 -27.44250
 -21.18647 -27.44327
 -21.17601 -27.44710
 -21.17219 -27.45398
 -21.16683 -27.45959
 -21.15943 -27.45832
 -21.15586 -27.45883
 -21.15331 -27.46903
 -21.14413 -27.48178
 -21.13648 -27.48765
 -21.12475 -27.49530
 -21.12220 -27.50652
 -21.11174 -27.52820
 -21.10690 -27.53763
16 23 -25.239 -25.1718 -25.7056 -25.6593 'Lobatse (Botswana)'
 -25.17181 -25.68093
 -25.17284 -25.68572
 -25.18312 -25.68744
 -25.18106 -25.69909
 -25.18826 -25.70080
 -25.19271 -25.70560
 -25.19888 -25.69943
 -25.20368 -25.70046
 -25.20881 -25.69360
 -25.21464 -25.69635
 -25.21430 -25.70491
 -25.22423 -25.70525
 -25.23383 -25.69909
 -25.23897 -25.68744
 -25.23451 -25.68058
 -25.23760 -25.66996
 -25.23862 -25.65934
 -25.23588 -25.65968
 -25.22526 -25.66791
 -25.21395 -25.67133
 -25.19854 -25.67168
 -25.18106 -25.67716
 -25.17181 -25.68093
17 32 -21.997 -21.9207 -27.8829 -27.8078 'Selebi-Phikwe (Botswana)'
 -21.92074 -27.86603
 -21.92477 -27.87024
 -21.93485 -27.87391
 -21.94181 -27.87281
 -21.95152 -27.87153
 -21.95702 -27.88050
 -21.96069 -27.88289
 -21.96563 -27.87885
 -21.97443 -27.87776
 -21.98359 -27.87391
 -21.98817 -27.85998
 -21.99367 -27.85192
 -21.99605 -27.84349
 -21.99000 -27.83708
 -21.98872 -27.82938
 -21.99495 -27.82095
 -21.99697 -27.81051
 -21.99184 -27.80849
 -21.98432 -27.80813
 -21.97828 -27.81179
 -21.97333 -27.81033
 -21.97003 -27.80776
 -21.96545 -27.80794
 -21.96032 -27.81894
 -21.96307 -27.82590
 -21.96215 -27.83213
 -21.95757 -27.84239
 -21.94823 -27.84239
 -21.93998 -27.85009
 -21.93320 -27.85082
 -21.92386 -27.85558
 -21.92074 -27.86603
18 11 -20.5986 -20.5446 -26.256 -26.1204 'Sowa (Botswana)'
 -20.54459 -26.12634
 -20.54670 -26.14366
 -20.55852 -26.19476
 -20.55514 -26.20997
 -20.55176 -26.23320
 -20.55937 -26.25600
 -20.59864 -26.25220
 -20.59442 -26.20025
 -20.58006 -26.14662
 -20.56781 -26.12043
 -20.54459 -26.12634
