0 59 -9.50123 -9.18019 -124.452 -124.03 'Ambeno (East Timor)'
 -9.18019 -124.45053
 -9.20057 -124.45150
 -9.25587 -124.43662
 -9.29080 -124.43182
 -9.29948 -124.42794
 -9.30351 -124.42479
 -9.30692 -124.42091
 -9.33183 -124.40169
 -9.35705 -124.37187
 -9.36201 -124.36262
 -9.36222 -124.35807
 -9.36418 -124.35456
 -9.37462 -124.34789
 -9.40418 -124.34541
 -9.41183 -124.34174
 -9.42547 -124.33208
 -9.43301 -124.32862
 -9.43984 -124.32882
 -9.45720 -124.33337
 -9.46660 -124.33234
 -9.48035 -124.32355
 -9.48872 -124.31007
 -9.49306 -124.29306
 -9.49492 -124.27384
 -9.49792 -124.26159
 -9.50123 -124.25751
 -9.49937 -124.25658
 -9.48645 -124.25338
 -9.48056 -124.25338
 -9.46288 -124.25689
 -9.45544 -124.25751
 -9.43870 -124.25400
 -9.42154 -124.24687
 -9.40521 -124.23715
 -9.39157 -124.22578
 -9.37886 -124.21069
 -9.37317 -124.19746
 -9.37390 -124.18361
 -9.38061 -124.16723
 -9.39188 -124.15380
 -9.41927 -124.13375
 -9.42692 -124.12108
 -9.42154 -124.09029
 -9.39787 -124.06269
 -9.34197 -124.03004
 -9.33701 -124.04835
 -9.30495 -124.12916
 -9.30291 -124.14674
 -9.29648 -124.15935
 -9.26539 -124.18133
 -9.25514 -124.19077
 -9.24114 -124.22120
 -9.22080 -124.28777
 -9.20233 -124.38575
 -9.19647 -124.39682
 -9.18532 -124.40528
 -9.18157 -124.42514
 -9.18027 -124.45021
 -9.18019 -124.45053
1 72 -9.21737 -8.74027 -125.413 -124.908 'Bobonaro (East Timor)'
 -9.07851 -124.94786
 -9.07448 -124.93302
 -9.06549 -124.92129
 -9.05278 -124.91297
 -9.03748 -124.90791
 -9.02033 -124.90915
 -8.98632 -124.92248
 -8.96202 -124.91951
 -8.94264 -124.95379
 -8.92213 -124.97478
 -8.84905 -125.02320
 -8.83367 -125.02760
 -8.82480 -125.03688
 -8.80836 -125.08172
 -8.79583 -125.09645
 -8.77825 -125.10035
 -8.74027 -125.10294
 -8.74034 -125.10314
 -8.74773 -125.12252
 -8.75621 -125.14237
 -8.75600 -125.17213
 -8.75445 -125.17921
 -8.77192 -125.18640
 -8.77915 -125.22340
 -8.78701 -125.23931
 -8.80727 -125.25151
 -8.86142 -125.27962
 -8.91806 -125.30773
 -8.93790 -125.31311
 -8.96767 -125.31600
 -8.99144 -125.32634
 -8.98917 -125.38876
 -8.98219 -125.41310
 -9.00922 -125.41232
 -9.03413 -125.41062
 -9.04022 -125.38442
 -9.06027 -125.36065
 -9.08611 -125.35589
 -9.12311 -125.35238
 -9.14275 -125.34204
 -9.14130 -125.30939
 -9.14544 -125.29202
 -9.17934 -125.31931
 -9.20952 -125.31125
 -9.21737 -125.25481
 -9.21406 -125.21802
 -9.20083 -125.21347
 -9.19050 -125.20645
 -9.18264 -125.19198
 -9.17231 -125.15808
 -9.17082 -125.15265
 -9.16502 -125.15120
 -9.15448 -125.14697
 -9.14518 -125.14500
 -9.08234 -125.16200
 -9.06063 -125.16236
 -9.04079 -125.15399
 -9.02477 -125.13942
 -9.01185 -125.12133
 -9.00131 -125.10252
 -8.99480 -125.09529
 -8.98860 -125.09152
 -8.98622 -125.08681
 -8.99077 -125.07648
 -8.99645 -125.07302
 -9.01588 -125.06857
 -9.02322 -125.06532
 -9.03500 -125.05183
 -9.05557 -125.00444
 -9.07200 -124.97891
 -9.07727 -124.96589
 -9.07851 -124.94786
2 71 -9.48577 -9.03382 -125.511 -124.954 'Cova Lima (East Timor)'
 -9.18910 -125.14252
 -9.18538 -125.15063
 -9.17577 -125.15389
 -9.17082 -125.15265
 -9.17231 -125.15808
 -9.18264 -125.19198
 -9.19050 -125.20645
 -9.20083 -125.21347
 -9.21406 -125.21802
 -9.21737 -125.25481
 -9.20952 -125.31125
 -9.17934 -125.31931
 -9.14544 -125.29202
 -9.14130 -125.30939
 -9.14275 -125.34204
 -9.12311 -125.35238
 -9.08611 -125.35589
 -9.06027 -125.36065
 -9.04022 -125.38442
 -9.03413 -125.41062
 -9.03382 -125.41191
 -9.04870 -125.42493
 -9.06358 -125.43175
 -9.06999 -125.44602
 -9.09500 -125.45656
 -9.13407 -125.45987
 -9.14957 -125.47310
 -9.15515 -125.49521
 -9.16445 -125.51113
 -9.21344 -125.49521
 -9.24082 -125.48797
 -9.28102 -125.37875
 -9.30291 -125.34278
 -9.34547 -125.29127
 -9.35735 -125.26368
 -9.37151 -125.25148
 -9.39918 -125.23292
 -9.41107 -125.22202
 -9.41961 -125.21111
 -9.42474 -125.19663
 -9.42816 -125.14991
 -9.43377 -125.13054
 -9.44443 -125.11362
 -9.46120 -125.09645
 -9.48577 -125.06162
 -9.42470 -125.05093
 -9.40986 -125.04630
 -9.37472 -125.02377
 -9.36770 -125.02279
 -9.35199 -125.02480
 -9.34558 -125.02341
 -9.33896 -125.01788
 -9.32584 -124.99669
 -9.30465 -124.97282
 -9.29339 -124.96599
 -9.27602 -124.96016
 -9.24150 -124.95411
 -9.21194 -124.95793
 -9.19189 -124.97447
 -9.18610 -125.00723
 -9.18631 -125.02770
 -9.18817 -125.03452
 -9.19324 -125.04144
 -9.20667 -125.05338
 -9.21050 -125.05968
 -9.21132 -125.07395
 -9.20554 -125.08258
 -9.19675 -125.09146
 -9.18848 -125.10697
 -9.18755 -125.11792
 -9.18910 -125.14252
3 61 -9.24082 -8.76799 -125.691 -125.411 'Ainaro (East Timor)'
 -9.19327 -125.67009
 -9.19354 -125.66017
 -9.18621 -125.60939
 -9.18963 -125.59303
 -9.20574 -125.57260
 -9.21722 -125.55209
 -9.24082 -125.48797
 -9.21344 -125.49521
 -9.16445 -125.51113
 -9.15515 -125.49521
 -9.14957 -125.47310
 -9.13407 -125.45987
 -9.09500 -125.45656
 -9.06999 -125.44602
 -9.06358 -125.43175
 -9.04870 -125.42493
 -9.03382 -125.41191
 -9.03413 -125.41062
 -9.00922 -125.41232
 -8.98219 -125.41310
 -8.97366 -125.44271
 -8.94948 -125.44333
 -8.93625 -125.45284
 -8.92302 -125.46483
 -8.90586 -125.47165
 -8.88995 -125.48963
 -8.86452 -125.49273
 -8.85563 -125.48798
 -8.85501 -125.49232
 -8.84861 -125.53924
 -8.83662 -125.57190
 -8.81223 -125.59216
 -8.79383 -125.59877
 -8.78908 -125.62027
 -8.78081 -125.63267
 -8.77254 -125.64508
 -8.76799 -125.67443
 -8.77089 -125.69138
 -8.79460 -125.68828
 -8.79631 -125.68807
 -8.83538 -125.67980
 -8.85998 -125.67546
 -8.87837 -125.67484
 -8.90669 -125.67195
 -8.91641 -125.65665
 -8.91599 -125.62358
 -8.92798 -125.60043
 -8.94700 -125.59712
 -8.96602 -125.58885
 -8.98007 -125.58079
 -8.99909 -125.57893
 -9.03216 -125.58162
 -9.05531 -125.59547
 -9.06834 -125.62523
 -9.08012 -125.65004
 -9.09397 -125.66471
 -9.11650 -125.67319
 -9.13179 -125.66719
 -9.14957 -125.65996
 -9.18636 -125.66740
 -9.19327 -125.67009
4 51 -9.19327 -8.75104 -126.048 -125.579 'Manufahi (East Timor)'
 -9.05731 -126.04754
 -9.12575 -125.94711
 -9.13161 -125.92848
 -9.12265 -125.86964
 -9.12420 -125.84986
 -9.13006 -125.83872
 -9.14821 -125.81691
 -9.15211 -125.80519
 -9.15211 -125.76368
 -9.15732 -125.74269
 -9.19305 -125.67856
 -9.19327 -125.67009
 -9.18636 -125.66740
 -9.14957 -125.65996
 -9.13179 -125.66719
 -9.11650 -125.67319
 -9.09397 -125.66471
 -9.08012 -125.65004
 -9.06834 -125.62523
 -9.05531 -125.59547
 -9.03216 -125.58162
 -8.99909 -125.57893
 -8.98007 -125.58079
 -8.96602 -125.58885
 -8.94700 -125.59712
 -8.92798 -125.60043
 -8.91599 -125.62358
 -8.91641 -125.65665
 -8.90669 -125.67195
 -8.87837 -125.67484
 -8.85998 -125.67546
 -8.83538 -125.67980
 -8.79631 -125.68807
 -8.79460 -125.68828
 -8.79259 -125.70791
 -8.77419 -125.74429
 -8.75642 -125.76228
 -8.75104 -125.77902
 -8.75316 -125.80522
 -8.75600 -125.80548
 -8.81202 -125.79866
 -8.85688 -125.81044
 -8.88189 -125.84103
 -8.89822 -125.87162
 -8.91496 -125.90614
 -8.94286 -125.92950
 -8.96705 -125.94501
 -8.99247 -125.98903
 -9.02265 -126.03203
 -9.04539 -126.04526
 -9.05731 -126.04754
5 57 -9.05731 -8.48113 -126.179 -125.758 'Manatuto (East Timor)'
 -8.99993 -126.13795
 -9.00652 -126.12192
 -9.05731 -126.04754
 -9.04539 -126.04526
 -9.02265 -126.03203
 -8.99247 -125.98903
 -8.96705 -125.94501
 -8.94286 -125.92950
 -8.91496 -125.90614
 -8.89822 -125.87162
 -8.88189 -125.84103
 -8.85688 -125.81044
 -8.81202 -125.79866
 -8.75600 -125.80548
 -8.75316 -125.80522
 -8.70557 -125.80114
 -8.67001 -125.78564
 -8.64914 -125.77158
 -8.61710 -125.75752
 -8.58283 -125.76367
 -8.57576 -125.78894
 -8.54888 -125.81085
 -8.53441 -125.83028
 -8.51354 -125.84599
 -8.49091 -125.82854
 -8.48382 -125.85060
 -8.48113 -125.89772
 -8.49944 -126.00221
 -8.51881 -126.04225
 -8.52158 -126.06910
 -8.51719 -126.09108
 -8.50400 -126.13347
 -8.50282 -126.14183
 -8.51788 -126.16101
 -8.53751 -126.17135
 -8.56087 -126.17424
 -8.59105 -126.17734
 -8.62371 -126.17920
 -8.64583 -126.17259
 -8.66174 -126.16101
 -8.68107 -126.14003
 -8.67807 -126.13125
 -8.67497 -126.11140
 -8.68800 -126.09197
 -8.71962 -126.07998
 -8.74546 -126.06882
 -8.75766 -126.05022
 -8.77461 -126.03699
 -8.79404 -126.03368
 -8.83000 -126.05725
 -8.86845 -126.07833
 -8.88995 -126.07895
 -8.91145 -126.08329
 -8.94121 -126.09425
 -8.96602 -126.11140
 -8.99868 -126.13766
 -8.99993 -126.13795
6 58 -8.99993 -8.60717 -126.739 -126.034 'Viqueque (East Timor)'
 -8.76099 -126.72837
 -8.76344 -126.69418
 -8.76865 -126.67237
 -8.77418 -126.66066
 -8.79583 -126.63136
 -8.79900 -126.62403
 -8.80088 -126.61549
 -8.80202 -126.59352
 -8.80584 -126.58326
 -8.85027 -126.54412
 -8.91188 -126.50782
 -8.94280 -126.47242
 -8.95469 -126.43019
 -8.98838 -126.16586
 -8.99993 -126.13795
 -8.99868 -126.13766
 -8.96602 -126.11140
 -8.94121 -126.09425
 -8.91145 -126.08329
 -8.88995 -126.07895
 -8.86845 -126.07833
 -8.83000 -126.05725
 -8.79404 -126.03368
 -8.77461 -126.03699
 -8.75766 -126.05022
 -8.74546 -126.06882
 -8.71962 -126.07998
 -8.68800 -126.09197
 -8.67497 -126.11140
 -8.67807 -126.13125
 -8.68107 -126.14003
 -8.69482 -126.18086
 -8.69585 -126.23439
 -8.67828 -126.28173
 -8.67539 -126.33113
 -8.68490 -126.37433
 -8.69626 -126.40637
 -8.70639 -126.43221
 -8.69358 -126.44937
 -8.66340 -126.44544
 -8.63343 -126.44854
 -8.60717 -126.45536
 -8.62619 -126.47479
 -8.67001 -126.49174
 -8.68324 -126.51882
 -8.67663 -126.55954
 -8.68014 -126.58600
 -8.68986 -126.60254
 -8.68366 -126.61556
 -8.66009 -126.62734
 -8.64872 -126.65111
 -8.65844 -126.68356
 -8.66464 -126.70672
 -8.67828 -126.72491
 -8.69647 -126.73896
 -8.70123 -126.73545
 -8.72624 -126.72821
 -8.76099 -126.72837
7 56 -8.76099 -8.30901 -127.313 -126.688 'Lautém (East Timor)'
 -8.43119 -126.68820
 -8.42986 -126.69313
 -8.41660 -126.71209
 -8.41286 -126.72023
 -8.41277 -126.73129
 -8.41806 -126.74830
 -8.41912 -126.75554
 -8.41009 -126.79933
 -8.39105 -126.84213
 -8.31862 -126.94459
 -8.30901 -126.96705
 -8.31292 -126.98390
 -8.32415 -126.99928
 -8.35760 -127.06959
 -8.36273 -127.08888
 -8.36500 -127.11362
 -8.36273 -127.13795
 -8.35418 -127.15553
 -8.33245 -127.18629
 -8.32977 -127.19313
 -8.33261 -127.20607
 -8.33904 -127.21095
 -8.34783 -127.21363
 -8.35760 -127.22039
 -8.37021 -127.24155
 -8.38242 -127.28688
 -8.39520 -127.30600
 -8.41522 -127.31324
 -8.43231 -127.30323
 -8.48659 -127.23015
 -8.53232 -127.18434
 -8.60312 -127.09262
 -8.66546 -127.02801
 -8.67571 -127.02117
 -8.67669 -127.00929
 -8.69215 -126.93922
 -8.73846 -126.87485
 -8.75254 -126.84620
 -8.76099 -126.72837
 -8.72624 -126.72821
 -8.70123 -126.73545
 -8.69647 -126.73896
 -8.67993 -126.75136
 -8.65017 -126.77224
 -8.63033 -126.79932
 -8.62020 -126.81172
 -8.60387 -126.80428
 -8.57596 -126.77658
 -8.54434 -126.74144
 -8.52966 -126.72635
 -8.51622 -126.73483
 -8.49927 -126.73752
 -8.48977 -126.72160
 -8.47840 -126.71064
 -8.45339 -126.70341
 -8.43119 -126.68820
8 66 -8.70639 -8.41912 -126.812 -126.14 'Baucau (East Timor)'
 -8.50282 -126.14183
 -8.50107 -126.15504
 -8.50042 -126.20004
 -8.49481 -126.24024
 -8.48455 -126.26092
 -8.45355 -126.30502
 -8.44443 -126.33692
 -8.42596 -126.37013
 -8.42409 -126.38120
 -8.42376 -126.40113
 -8.41912 -126.41163
 -8.43222 -126.42970
 -8.44069 -126.45094
 -8.44549 -126.47397
 -8.44704 -126.49733
 -8.45208 -126.51197
 -8.48675 -126.54884
 -8.47291 -126.59010
 -8.43694 -126.66684
 -8.43119 -126.68820
 -8.45339 -126.70341
 -8.47840 -126.71064
 -8.48977 -126.72160
 -8.49927 -126.73752
 -8.51622 -126.73483
 -8.52966 -126.72635
 -8.54434 -126.74144
 -8.57596 -126.77658
 -8.60387 -126.80428
 -8.62020 -126.81172
 -8.63033 -126.79932
 -8.65017 -126.77224
 -8.67993 -126.75136
 -8.69647 -126.73896
 -8.67828 -126.72491
 -8.66464 -126.70672
 -8.65844 -126.68356
 -8.64872 -126.65111
 -8.66009 -126.62734
 -8.68366 -126.61556
 -8.68986 -126.60254
 -8.68014 -126.58600
 -8.67663 -126.55954
 -8.68324 -126.51882
 -8.67001 -126.49174
 -8.62619 -126.47479
 -8.60717 -126.45536
 -8.63343 -126.44854
 -8.66340 -126.44544
 -8.69358 -126.44937
 -8.70639 -126.43221
 -8.69626 -126.40637
 -8.68490 -126.37433
 -8.67539 -126.33113
 -8.67828 -126.28173
 -8.69585 -126.23439
 -8.69482 -126.18086
 -8.68107 -126.14003
 -8.66174 -126.16101
 -8.64583 -126.17259
 -8.62371 -126.17920
 -8.59105 -126.17734
 -8.56087 -126.17424
 -8.53751 -126.17135
 -8.51788 -126.16101
 -8.50282 -126.14183
9 27 -8.62702 -8.13502 -125.846 -125.49 'Dili (East Timor)'
 -8.56821 -125.48983
 -8.54502 -125.54151
 -8.54209 -125.56593
 -8.54957 -125.59181
 -8.54892 -125.60353
 -8.52158 -125.63087
 -8.52955 -125.64926
 -8.53037 -125.67888
 -8.52158 -125.73316
 -8.49091 -125.82854
 -8.51354 -125.84599
 -8.53441 -125.83028
 -8.54888 -125.81085
 -8.57576 -125.78894
 -8.58283 -125.76367
 -8.58340 -125.76166
 -8.56749 -125.73437
 -8.56501 -125.69592
 -8.58733 -125.65004
 -8.60573 -125.61614
 -8.61048 -125.59216
 -8.62123 -125.56033
 -8.62702 -125.52105
 -8.62025 -125.51185
 -8.60966 -125.49749
 -8.57741 -125.49129
 -8.56821 -125.48983
10 22 -8.62702 -8.13502 -125.846 -125.49 'Dili (East Timor)'
 -8.19638 -125.56935
 -8.17897 -125.58025
 -8.15301 -125.60515
 -8.13502 -125.63250
 -8.14284 -125.65065
 -8.17474 -125.64210
 -8.26881 -125.60353
 -8.29925 -125.59669
 -8.30731 -125.59230
 -8.31439 -125.58302
 -8.31732 -125.57358
 -8.31292 -125.56935
 -8.30918 -125.56275
 -8.29949 -125.53053
 -8.29217 -125.51759
 -8.28037 -125.50709
 -8.27077 -125.50367
 -8.26100 -125.50636
 -8.24774 -125.51417
 -8.23577 -125.52662
 -8.20916 -125.56202
 -8.19638 -125.56935
11 36 -8.75621 -8.56821 -125.512 -125.103 'Liquica (East Timor)'
 -8.74027 -125.10294
 -8.68873 -125.10646
 -8.66595 -125.11500
 -8.64560 -125.12794
 -8.63144 -125.14430
 -8.62477 -125.16432
 -8.61777 -125.21013
 -8.60752 -125.22926
 -8.60556 -125.23732
 -8.61094 -125.27394
 -8.60784 -125.28517
 -8.59043 -125.31479
 -8.57147 -125.38103
 -8.56927 -125.40113
 -8.57366 -125.46697
 -8.56927 -125.48748
 -8.56821 -125.48983
 -8.57741 -125.49129
 -8.60966 -125.49749
 -8.62025 -125.51185
 -8.63859 -125.50121
 -8.64976 -125.49475
 -8.64852 -125.46814
 -8.66071 -125.43238
 -8.68159 -125.40530
 -8.69544 -125.38752
 -8.70309 -125.34742
 -8.71218 -125.29905
 -8.72624 -125.27300
 -8.74422 -125.22691
 -8.75445 -125.17921
 -8.75600 -125.17213
 -8.75621 -125.14237
 -8.74773 -125.12252
 -8.74034 -125.10314
 -8.74027 -125.10294
12 42 -8.99144 -8.64852 -125.509 -125.179 'Ermera (East Timor)'
 -8.64852 -125.46814
 -8.64976 -125.49475
 -8.64996 -125.49935
 -8.67001 -125.50948
 -8.70081 -125.49790
 -8.71301 -125.47640
 -8.72396 -125.44416
 -8.73616 -125.44168
 -8.75208 -125.45759
 -8.77419 -125.44995
 -8.79404 -125.43362
 -8.80892 -125.44829
 -8.82215 -125.47516
 -8.84034 -125.47971
 -8.85563 -125.48798
 -8.86452 -125.49273
 -8.88995 -125.48963
 -8.90586 -125.47165
 -8.92302 -125.46483
 -8.93625 -125.45284
 -8.94948 -125.44333
 -8.97366 -125.44271
 -8.98219 -125.41310
 -8.98917 -125.38876
 -8.99144 -125.32634
 -8.96767 -125.31600
 -8.93790 -125.31311
 -8.91806 -125.30773
 -8.86142 -125.27962
 -8.80727 -125.25151
 -8.78701 -125.23931
 -8.77915 -125.22340
 -8.77192 -125.18640
 -8.75445 -125.17921
 -8.74422 -125.22691
 -8.72624 -125.27300
 -8.71218 -125.29905
 -8.70309 -125.34742
 -8.69544 -125.38752
 -8.68159 -125.40530
 -8.66071 -125.43238
 -8.64852 -125.46814
13 46 -8.85563 -8.56501 -125.805 -125.434 'Aileu (East Timor)'
 -8.56501 -125.69592
 -8.56749 -125.73437
 -8.58340 -125.76166
 -8.58283 -125.76367
 -8.61710 -125.75752
 -8.64914 -125.77158
 -8.67001 -125.78564
 -8.70557 -125.80114
 -8.75316 -125.80522
 -8.75104 -125.77902
 -8.75642 -125.76228
 -8.77419 -125.74429
 -8.79259 -125.70791
 -8.79460 -125.68828
 -8.77089 -125.69138
 -8.76799 -125.67443
 -8.77254 -125.64508
 -8.78081 -125.63267
 -8.78908 -125.62027
 -8.79383 -125.59877
 -8.81223 -125.59216
 -8.83662 -125.57190
 -8.84861 -125.53924
 -8.85501 -125.49232
 -8.85563 -125.48798
 -8.84034 -125.47971
 -8.82215 -125.47516
 -8.80892 -125.44829
 -8.79404 -125.43362
 -8.77419 -125.44995
 -8.75208 -125.45759
 -8.73616 -125.44168
 -8.72396 -125.44416
 -8.71301 -125.47640
 -8.70081 -125.49790
 -8.67001 -125.50948
 -8.64996 -125.49935
 -8.64976 -125.49475
 -8.63859 -125.50121
 -8.62025 -125.51185
 -8.62702 -125.52105
 -8.62123 -125.56033
 -8.61048 -125.59216
 -8.60573 -125.61614
 -8.58733 -125.65004
 -8.56501 -125.69592
