0 219 -20.2794 -17.7203 -48.0353 -45.4971 'Antananarivo (Madagascar)'
 -20.07528 -47.71770
 -20.06195 -47.70916
 -20.00875 -47.67125
 -20.00486 -47.65743
 -20.03917 -47.58611
 -20.06055 -47.54305
 -20.07528 -47.45208
 -20.07334 -47.43639
 -20.05597 -47.37666
 -20.04805 -47.24680
 -20.06639 -47.21889
 -20.07723 -47.20833
 -20.08834 -47.20138
 -20.11278 -47.20069
 -20.14847 -47.19388
 -20.18112 -47.03611
 -20.25723 -46.87639
 -20.27778 -46.82916
 -20.27834 -46.79666
 -20.27945 -46.71833
 -20.27916 -46.70444
 -20.27361 -46.55138
 -20.24889 -46.38110
 -20.22528 -46.31638
 -20.19972 -46.28500
 -20.18223 -46.27444
 -20.17195 -46.27111
 -20.16166 -46.27499
 -20.15639 -46.28388
 -20.09500 -46.29805
 -20.08305 -46.29777
 -20.06250 -46.29084
 -20.05334 -46.28611
 -20.04695 -46.27833
 -20.02028 -46.23125
 -20.05861 -46.19222
 -20.06584 -46.18527
 -20.05612 -46.15722
 -20.03028 -46.11250
 -20.02389 -46.10444
 -20.01500 -46.09972
 -20.00445 -46.09638
 -19.98111 -46.09416
 -19.97000 -46.09138
 -19.96361 -46.08277
 -19.95916 -46.07277
 -19.93445 -46.01639
 -19.93181 -46.00042
 -19.93528 -45.97166
 -19.93500 -45.94028
 -19.92223 -45.84111
 -19.91778 -45.83111
 -19.89417 -45.79722
 -19.88279 -45.78388
 -19.85889 -45.80527
 -19.84611 -45.81361
 -19.77862 -45.85166
 -19.76528 -45.85597
 -19.73612 -45.85860
 -19.72278 -45.85833
 -19.71111 -45.85638
 -19.66111 -45.84750
 -19.64723 -45.84055
 -19.60445 -45.82055
 -19.55639 -45.79916
 -19.54445 -45.79749
 -19.53139 -45.79861
 -19.44861 -45.80750
 -19.44139 -45.81805
 -19.43765 -45.83194
 -19.42917 -45.83777
 -19.37084 -45.84138
 -19.32750 -45.83916
 -19.31334 -45.83639
 -19.27223 -45.82500
 -19.22861 -45.81138
 -19.22265 -45.80305
 -19.23084 -45.77222
 -19.23528 -45.76250
 -19.24632 -45.74006
 -19.24055 -45.72361
 -19.20639 -45.68639
 -19.19445 -45.67722
 -19.14945 -45.64500
 -19.13639 -45.63882
 -19.11417 -45.64527
 -19.10097 -45.65187
 -19.08597 -45.65055
 -18.94806 -45.53916
 -18.93889 -45.52722
 -18.72445 -45.49708
 -18.71223 -45.50249
 -18.65416 -45.55833
 -18.62611 -45.58694
 -18.61916 -45.59445
 -18.60695 -45.61416
 -18.59514 -45.62361
 -18.54014 -45.62958
 -18.51362 -45.62527
 -18.48778 -45.61666
 -18.43542 -45.60749
 -18.40473 -45.60805
 -18.38042 -45.61583
 -18.35639 -45.63625
 -18.29111 -45.59048
 -18.28772 -45.57481
 -18.25334 -45.59360
 -18.24584 -45.60027
 -18.22305 -45.62638
 -18.22361 -45.64305
 -18.23945 -45.71638
 -18.25111 -45.74139
 -18.26509 -45.76996
 -18.23306 -45.81000
 -18.21917 -45.81750
 -18.20305 -45.81472
 -18.17667 -45.81139
 -18.15695 -45.81528
 -18.02361 -45.87944
 -17.87889 -45.95027
 -17.83305 -46.00583
 -17.83861 -46.01445
 -17.88584 -46.15695
 -17.88695 -46.17000
 -17.88584 -46.19028
 -17.88416 -46.20250
 -17.82750 -46.35583
 -17.77695 -46.48527
 -17.72055 -46.72639
 -17.72028 -46.73888
 -17.72195 -46.88472
 -17.74223 -46.90084
 -17.77361 -46.91166
 -17.78584 -46.91138
 -17.79695 -46.90805
 -17.80639 -46.90361
 -17.81750 -46.90333
 -17.82250 -46.91250
 -17.82778 -47.03166
 -17.81416 -47.07611
 -17.79028 -47.15250
 -17.78639 -47.16277
 -17.76750 -47.18695
 -17.75417 -47.20166
 -17.75028 -47.21194
 -17.74584 -47.26555
 -17.74528 -47.27777
 -17.74750 -47.28999
 -17.75055 -47.30222
 -17.75500 -47.31945
 -17.75805 -47.33111
 -17.77305 -47.35889
 -17.78034 -47.36882
 -17.79578 -47.36637
 -17.81111 -47.36889
 -17.83570 -47.37875
 -17.89305 -47.44305
 -17.89723 -47.45305
 -17.95389 -47.61833
 -17.95639 -47.63055
 -17.95584 -47.64416
 -17.93028 -47.79084
 -17.91250 -47.84389
 -17.90028 -47.90270
 -17.90820 -47.90291
 -17.92743 -47.90833
 -17.95368 -47.94645
 -17.96299 -47.96583
 -18.09695 -48.00423
 -18.11195 -47.99777
 -18.12167 -47.99333
 -18.13389 -47.99166
 -18.20862 -47.99333
 -18.22805 -47.99444
 -18.23917 -47.99722
 -18.24889 -48.00139
 -18.26139 -48.00999
 -18.27708 -48.01875
 -18.34945 -48.03388
 -18.36195 -48.03527
 -18.37222 -48.03139
 -18.39055 -48.00695
 -18.39889 -48.00111
 -18.40861 -47.99666
 -18.73195 -47.93902
 -18.81334 -47.94222
 -18.83750 -47.94555
 -18.84861 -47.94833
 -18.86340 -47.95333
 -18.93236 -47.95208
 -18.97722 -47.94972
 -18.99305 -47.94583
 -19.04528 -47.93111
 -19.18139 -47.93972
 -19.19389 -47.94458
 -19.31639 -47.95583
 -19.38986 -47.94680
 -19.42292 -47.93888
 -19.43834 -47.92945
 -19.45805 -47.91305
 -19.47069 -47.90083
 -19.54861 -47.87111
 -19.63952 -47.85312
 -19.68639 -47.85334
 -19.71195 -47.85500
 -19.72626 -47.85819
 -19.73973 -47.86194
 -19.75361 -47.86166
 -19.78473 -47.85750
 -19.80445 -47.84916
 -19.81625 -47.84292
 -19.84555 -47.81888
 -19.85305 -47.81222
 -19.86305 -47.80111
 -20.00639 -47.72861
 -20.02084 -47.72166
 -20.04028 -47.71653
 -20.05723 -47.71611
 -20.07528 -47.71770
1 302 -15.9797 -11.9456 -50.5014 -47.8725 'Antsiranana (Madagascar)'
 -13.44916 -48.66555
 -13.43973 -48.68250
 -13.42305 -48.72138
 -13.42416 -48.73596
 -13.36778 -48.79277
 -13.35417 -48.79834
 -13.28695 -48.80833
 -13.21916 -48.81555
 -13.19431 -48.81249
 -13.12000 -48.82388
 -13.07778 -48.84472
 -13.04111 -48.86361
 -12.97292 -48.90014
 -12.95611 -48.91805
 -12.88722 -48.94555
 -12.87695 -48.94916
 -12.82223 -48.95945
 -12.81139 -48.95694
 -12.67389 -48.90250
 -12.57306 -48.87972
 -12.50723 -48.82222
 -12.46584 -48.78222
 -12.45847 -48.76722
 -12.44695 -48.74472
 -12.43764 -48.73360
 -12.40305 -48.75638
 -12.39917 -48.76639
 -12.41334 -48.85083
 -12.41611 -48.86194
 -12.42305 -48.87028
 -12.44500 -48.87555
 -12.45528 -48.87916
 -12.48000 -48.89555
 -12.49584 -48.90722
 -12.49472 -48.91861
 -12.48584 -48.94416
 -12.47445 -48.95389
 -12.41500 -48.96139
 -12.35778 -48.96916
 -12.34514 -48.97735
 -12.27667 -49.06389
 -12.28055 -49.09666
 -12.25223 -49.15084
 -12.23805 -49.16445
 -12.22917 -49.16945
 -12.15978 -49.19152
 -12.12555 -49.18944
 -12.11417 -49.16361
 -12.10361 -49.12944
 -12.05389 -49.15722
 -11.97472 -49.22445
 -11.94555 -49.25833
 -11.94708 -49.27222
 -11.95417 -49.28388
 -11.96445 -49.29722
 -11.98445 -49.30972
 -12.00305 -49.32055
 -12.06195 -49.34722
 -12.09084 -49.35695
 -12.18723 -49.37000
 -12.20584 -49.36736
 -12.19389 -49.35527
 -12.18445 -49.34972
 -12.16445 -49.33527
 -12.15750 -49.32555
 -12.14389 -49.26194
 -12.14805 -49.25194
 -12.16986 -49.24222
 -12.22500 -49.23250
 -12.28208 -49.27096
 -12.25714 -49.31079
 -12.30111 -49.32750
 -12.30334 -49.34638
 -12.29639 -49.36027
 -12.28361 -49.36833
 -12.27223 -49.37055
 -12.26250 -49.36639
 -12.28278 -49.42861
 -12.34584 -49.51833
 -12.38445 -49.54388
 -12.48528 -49.59083
 -12.50778 -49.59555
 -12.52028 -49.59666
 -12.53250 -49.59666
 -12.54223 -49.59250
 -12.56510 -49.57489
 -12.58249 -49.57653
 -12.59988 -49.57455
 -12.61383 -49.56455
 -12.63335 -49.56209
 -12.64877 -49.57062
 -12.65019 -49.59430
 -12.70195 -49.65361
 -12.81611 -49.79805
 -12.95000 -49.89472
 -12.95834 -49.90027
 -13.03945 -49.94333
 -13.07445 -49.94749
 -13.08667 -49.94722
 -13.09695 -49.94360
 -13.11889 -49.94083
 -13.18111 -49.93333
 -13.22445 -49.94360
 -13.34667 -49.97944
 -13.44945 -50.02472
 -13.46389 -50.03805
 -13.48389 -50.03444
 -13.49611 -50.03444
 -13.51334 -50.03777
 -13.52166 -50.04333
 -13.52916 -50.05111
 -13.53473 -50.05944
 -13.54167 -50.06666
 -13.55055 -50.07139
 -13.62750 -50.10195
 -13.76195 -50.13805
 -13.77361 -50.14027
 -13.82028 -50.14833
 -13.83278 -50.14972
 -13.85250 -50.15027
 -13.87666 -50.14666
 -13.89639 -50.14527
 -13.98889 -50.14416
 -13.99861 -50.14972
 -14.01500 -50.16083
 -14.04945 -50.17500
 -14.06195 -50.17611
 -14.10500 -50.17111
 -14.20166 -50.16055
 -14.22167 -50.16000
 -14.23195 -50.16333
 -14.24166 -50.16833
 -14.25223 -50.17861
 -14.25945 -50.19222
 -14.26986 -50.20277
 -14.29195 -50.21555
 -14.30764 -50.21695
 -14.34250 -50.21388
 -14.37473 -50.20389
 -14.41861 -50.19222
 -14.43111 -50.19083
 -14.45166 -50.19055
 -14.57028 -50.20000
 -14.71139 -50.23833
 -14.82611 -50.27195
 -14.90500 -50.30000
 -14.99861 -50.33749
 -15.09778 -50.40111
 -15.14584 -50.43361
 -15.20389 -50.48389
 -15.24945 -50.49678
 -15.26278 -50.49805
 -15.30889 -50.50139
 -15.32278 -50.50139
 -15.40584 -50.48277
 -15.58000 -50.43361
 -15.81889 -50.32638
 -15.87361 -50.29972
 -15.96889 -50.24083
 -15.97445 -50.23222
 -15.97973 -50.17277
 -15.92752 -50.13793
 -15.92000 -50.12083
 -15.74861 -50.06277
 -15.61222 -50.02027
 -15.60111 -50.01694
 -15.58723 -50.01694
 -15.52445 -50.02666
 -15.46167 -50.04777
 -15.44736 -50.05055
 -15.42931 -50.04430
 -15.40361 -50.02083
 -15.38695 -50.00944
 -15.37723 -50.00527
 -15.36555 -50.00305
 -15.25416 -49.99166
 -15.20389 -50.01694
 -15.12861 -50.00222
 -15.05167 -49.95333
 -15.04473 -49.94611
 -15.03514 -49.93125
 -15.03445 -49.83472
 -15.03723 -49.81972
 -15.05555 -49.77389
 -15.07799 -49.71395
 -15.07347 -49.69972
 -15.04111 -49.67249
 -15.03222 -49.66750
 -15.01764 -49.66298
 -15.00111 -49.65695
 -14.98028 -49.63583
 -14.96611 -49.62138
 -14.94111 -49.59027
 -14.94106 -49.58578
 -14.93222 -49.58611
 -14.91139 -49.57916
 -14.90167 -49.57472
 -14.84139 -49.53027
 -14.83028 -49.52027
 -14.82528 -49.51111
 -14.81695 -49.49055
 -14.81139 -49.48195
 -14.80278 -49.47639
 -14.73778 -49.45111
 -14.62500 -49.41861
 -14.51416 -49.40222
 -14.50305 -49.40153
 -14.49305 -49.39416
 -14.47639 -49.37583
 -14.37111 -49.25638
 -14.31611 -49.19194
 -14.19166 -49.10555
 -14.16472 -49.03777
 -14.14243 -48.97458
 -14.15139 -48.94388
 -14.15611 -48.93472
 -14.16361 -48.92805
 -14.18416 -48.91361
 -14.19305 -48.90861
 -14.20084 -48.90194
 -14.23305 -48.84333
 -14.20334 -48.70638
 -14.13361 -48.58555
 -14.11111 -48.45499
 -14.11445 -48.44416
 -14.12500 -48.39861
 -14.12569 -48.38264
 -14.12111 -48.36944
 -14.11111 -48.35110
 -14.02834 -48.20222
 -13.94916 -48.20138
 -13.94028 -48.21361
 -13.89458 -48.24833
 -13.88305 -48.25416
 -13.87250 -48.25777
 -13.86319 -48.24985
 -13.87166 -48.22722
 -13.90722 -48.16416
 -13.95416 -48.08180
 -13.96208 -48.07569
 -13.98250 -48.08207
 -13.99431 -48.08264
 -14.04625 -48.05194
 -14.06341 -48.03140
 -14.05666 -48.00388
 -14.05167 -47.99472
 -14.04611 -47.98638
 -14.01472 -47.94805
 -14.00639 -47.94194
 -13.99666 -47.94639
 -13.99556 -47.95916
 -13.99639 -47.97250
 -13.99472 -47.98305
 -13.96055 -48.02208
 -13.92500 -47.96805
 -13.91528 -47.94916
 -13.90945 -47.92666
 -13.89750 -47.91055
 -13.87805 -47.90166
 -13.82695 -47.88361
 -13.78834 -47.87445
 -13.77667 -47.87250
 -13.65167 -47.89027
 -13.63916 -47.89249
 -13.61666 -47.89777
 -13.59639 -47.90527
 -13.58945 -47.91250
 -13.58736 -47.92708
 -13.59223 -47.94277
 -13.59223 -47.95555
 -13.58111 -48.01972
 -13.57416 -48.02694
 -13.55000 -48.04777
 -13.54028 -48.04527
 -13.53389 -48.03750
 -13.52916 -48.02861
 -13.52084 -48.02305
 -13.51472 -48.03430
 -13.51805 -48.06333
 -13.52361 -48.07166
 -13.60084 -48.15277
 -13.66361 -48.16584
 -13.71584 -48.17500
 -13.75764 -48.18346
 -13.80445 -48.24195
 -13.80806 -48.25249
 -13.80806 -48.28722
 -13.79861 -48.30555
 -13.79028 -48.31805
 -13.77305 -48.33555
 -13.60389 -48.35583
 -13.58569 -48.34944
 -13.56528 -48.33527
 -13.55084 -48.33764
 -13.54278 -48.35055
 -13.52528 -48.42555
 -13.51555 -48.50388
 -13.44417 -48.50055
 -13.42555 -48.53695
 -13.44139 -48.64527
 -13.44417 -48.65639
 -13.44916 -48.66555
2 16 -15.9797 -11.9456 -50.5014 -47.8725 'Antsiranana (Madagascar)'
 -13.42000 -48.33194
 -13.40542 -48.22235
 -13.39305 -48.20722
 -13.36417 -48.19805
 -13.33805 -48.19222
 -13.31805 -48.19166
 -13.27000 -48.19666
 -13.20250 -48.26639
 -13.19597 -48.28416
 -13.19528 -48.29416
 -13.19792 -48.32083
 -13.21111 -48.32500
 -13.39416 -48.36194
 -13.40834 -48.36152
 -13.41805 -48.34250
 -13.42000 -48.33194
3 299 -24.2908 -19.8828 -48.6078 -45.0051 'Fianarantsoa (Madagascar)'
 -24.12413 -47.42618
 -24.10723 -47.40834
 -24.09472 -47.39194
 -24.08917 -47.38305
 -24.06278 -47.33639
 -24.00472 -47.22610
 -23.99973 -47.21638
 -23.97473 -47.13666
 -23.97250 -47.12416
 -23.97778 -47.11500
 -24.06834 -47.02055
 -24.07778 -47.01500
 -24.08889 -47.01194
 -24.10056 -47.01222
 -24.12250 -47.01777
 -24.15028 -47.03222
 -24.16695 -47.04361
 -24.17584 -47.04861
 -24.18750 -47.05083
 -24.19834 -47.04666
 -24.25861 -47.00695
 -24.27112 -46.99083
 -24.27639 -46.98166
 -24.28028 -46.97111
 -24.28861 -46.93500
 -24.29028 -46.92195
 -24.29084 -46.90777
 -24.28500 -46.89889
 -24.27667 -46.89305
 -24.26639 -46.88972
 -24.25334 -46.88833
 -24.23973 -46.88888
 -24.21584 -46.89305
 -24.19750 -46.90333
 -24.18667 -46.90666
 -24.17555 -46.90472
 -24.16667 -46.89972
 -24.12555 -46.86972
 -24.11166 -46.85527
 -24.09834 -46.83916
 -24.09445 -46.82777
 -24.05223 -46.73666
 -24.04112 -46.73389
 -23.98889 -46.71805
 -23.98250 -46.71000
 -23.96612 -46.68278
 -23.95112 -46.65388
 -23.94666 -46.64361
 -23.92973 -46.58611
 -23.93166 -46.57500
 -23.93055 -46.56222
 -23.91945 -46.53027
 -23.91445 -46.52055
 -23.90834 -46.51250
 -23.81973 -46.41389
 -23.80778 -46.41111
 -23.79417 -46.41166
 -23.78250 -46.41416
 -23.74250 -46.43111
 -23.73306 -46.43583
 -23.67750 -46.46583
 -23.66889 -46.47111
 -23.66139 -46.47805
 -23.64889 -46.49416
 -23.64056 -46.50027
 -23.62834 -46.50222
 -23.60111 -46.50361
 -23.59000 -46.50111
 -23.54473 -46.47610
 -23.52750 -46.46527
 -23.52305 -46.45499
 -23.51611 -46.44777
 -23.49084 -46.42972
 -23.48195 -46.42472
 -23.43236 -46.41486
 -23.42223 -46.42555
 -23.41306 -46.44527
 -23.40778 -46.45444
 -23.39973 -46.46055
 -23.35278 -46.47695
 -23.24722 -46.47972
 -23.18834 -46.47527
 -23.18000 -46.46972
 -23.17362 -46.46166
 -23.15445 -46.41972
 -23.13862 -46.38416
 -23.13278 -46.37527
 -23.12445 -46.36972
 -23.00555 -46.30583
 -22.99611 -46.30138
 -22.92334 -46.27027
 -22.83723 -46.23083
 -22.81611 -46.21638
 -22.80834 -46.21000
 -22.80139 -46.20277
 -22.78417 -46.17638
 -22.77334 -46.15777
 -22.75121 -46.11764
 -22.69723 -46.01833
 -22.68778 -45.99750
 -22.67584 -45.96500
 -22.67056 -45.94805
 -22.67667 -45.88444
 -22.69305 -45.82277
 -22.72305 -45.73527
 -22.77750 -45.59861
 -22.86555 -45.43111
 -22.88750 -45.41360
 -22.91805 -45.39695
 -22.92889 -45.39361
 -22.96945 -45.38722
 -22.99750 -45.38389
 -23.01056 -45.38277
 -23.02417 -45.38639
 -23.06167 -45.38791
 -23.08917 -45.38472
 -23.10945 -45.37805
 -23.12236 -45.35347
 -23.12695 -45.34000
 -23.12750 -45.33333
 -23.12028 -45.29555
 -23.05389 -45.22888
 -23.05250 -45.09833
 -23.02028 -45.06249
 -23.01305 -45.05527
 -22.99084 -45.03527
 -22.97722 -45.02861
 -22.92584 -45.01111
 -22.91389 -45.00916
 -22.87653 -45.00514
 -22.69528 -45.03972
 -22.66778 -45.04527
 -22.54778 -45.09444
 -22.53111 -45.10277
 -22.43494 -45.16027
 -22.42861 -45.17416
 -22.42639 -45.18610
 -22.42111 -45.20250
 -22.41667 -45.21249
 -22.41055 -45.22084
 -22.22834 -45.29805
 -22.14347 -45.31861
 -22.13084 -45.31861
 -22.05361 -45.30028
 -22.00528 -45.28833
 -21.87917 -45.34972
 -21.74917 -45.42666
 -21.66917 -45.50278
 -21.66723 -45.51527
 -21.66223 -45.53195
 -21.65639 -45.54027
 -21.59590 -45.56860
 -21.57973 -45.56916
 -21.55695 -45.56472
 -21.50834 -45.55055
 -21.42542 -45.54985
 -21.32986 -45.59875
 -21.28972 -45.64055
 -21.26084 -45.69028
 -21.25236 -45.72041
 -21.24695 -45.74903
 -21.23250 -45.75805
 -21.21750 -45.76055
 -20.89285 -45.79701
 -20.86042 -45.78048
 -20.82334 -45.78180
 -20.79084 -45.78833
 -20.73195 -45.81006
 -20.72973 -45.82777
 -20.72778 -45.84027
 -20.72055 -45.84722
 -20.70723 -45.84833
 -20.65973 -45.84445
 -20.46555 -45.84360
 -20.35208 -45.84500
 -20.21084 -45.81625
 -20.19834 -45.81139
 -20.18500 -45.80173
 -20.17167 -45.79610
 -20.11945 -45.78222
 -19.95667 -45.76694
 -19.88279 -45.78388
 -19.89417 -45.79722
 -19.91778 -45.83111
 -19.92223 -45.84111
 -19.93500 -45.94028
 -19.93528 -45.97166
 -19.93181 -46.00042
 -19.93445 -46.01639
 -19.95916 -46.07277
 -19.96361 -46.08277
 -19.97000 -46.09138
 -19.98111 -46.09416
 -20.00445 -46.09638
 -20.01500 -46.09972
 -20.02389 -46.10444
 -20.03028 -46.11250
 -20.05612 -46.15722
 -20.06584 -46.18527
 -20.05861 -46.19222
 -20.02028 -46.23125
 -20.04695 -46.27833
 -20.05334 -46.28611
 -20.06250 -46.29084
 -20.08305 -46.29777
 -20.09500 -46.29805
 -20.15639 -46.28388
 -20.16166 -46.27499
 -20.17195 -46.27111
 -20.18223 -46.27444
 -20.19972 -46.28500
 -20.22528 -46.31638
 -20.24889 -46.38110
 -20.27361 -46.55138
 -20.27916 -46.70444
 -20.27945 -46.71833
 -20.27834 -46.79666
 -20.27778 -46.82916
 -20.25723 -46.87639
 -20.18112 -47.03611
 -20.14847 -47.19388
 -20.11278 -47.20069
 -20.08834 -47.20138
 -20.07723 -47.20833
 -20.06639 -47.21889
 -20.04805 -47.24680
 -20.05597 -47.37666
 -20.07334 -47.43639
 -20.07528 -47.45208
 -20.06055 -47.54305
 -20.03917 -47.58611
 -20.00486 -47.65743
 -20.00875 -47.67125
 -20.06195 -47.70916
 -20.07528 -47.71770
 -20.11389 -47.71945
 -20.13334 -47.71750
 -20.14417 -47.71444
 -20.15389 -47.70972
 -20.16278 -47.70444
 -20.17910 -47.69048
 -20.23973 -47.68083
 -20.28236 -47.67791
 -20.35639 -47.68180
 -20.39055 -47.70027
 -20.39750 -47.70750
 -20.45264 -47.78326
 -20.44972 -47.83250
 -20.43417 -47.92999
 -20.40028 -48.07777
 -20.33195 -48.11583
 -20.29736 -48.13445
 -20.28389 -48.23069
 -20.38431 -48.39583
 -20.39584 -48.45416
 -20.39612 -48.48360
 -20.39445 -48.51833
 -20.39695 -48.54555
 -20.40834 -48.58527
 -20.41617 -48.60779
 -20.43945 -48.60110
 -20.49362 -48.58500
 -20.64555 -48.53945
 -20.69750 -48.52111
 -20.91417 -48.46777
 -20.98555 -48.45638
 -21.29223 -48.37055
 -21.47973 -48.30416
 -21.74500 -48.21777
 -21.92305 -48.14083
 -21.95916 -48.12028
 -21.97834 -48.11027
 -22.11055 -48.05083
 -22.19111 -48.01527
 -22.22056 -48.00305
 -22.43195 -47.91972
 -22.46195 -47.90805
 -22.48584 -47.90084
 -22.51389 -47.89444
 -22.66945 -47.86472
 -22.78167 -47.84777
 -22.82666 -47.84250
 -22.84945 -47.83972
 -22.86723 -47.83722
 -22.88834 -47.83166
 -22.96834 -47.81055
 -22.99778 -47.80277
 -23.13834 -47.75972
 -23.33973 -47.71249
 -23.56167 -47.62888
 -23.62195 -47.61695
 -23.64306 -47.61583
 -23.66445 -47.61250
 -23.79417 -47.58722
 -23.83917 -47.57583
 -23.87250 -47.56333
 -24.01500 -47.49805
 -24.03084 -47.48805
 -24.12413 -47.42618
4 604 -19.3103 -13.8632 -49.5861 -43.9217 'Mahajanga (Madagascar)'
 -18.28772 -45.57481
 -18.30625 -45.40333
 -18.26111 -45.29888
 -18.24542 -45.27930
 -18.22889 -45.26027
 -18.21805 -45.24166
 -18.21500 -45.23027
 -18.21334 -45.21722
 -18.21250 -45.19694
 -18.22055 -45.09888
 -18.18112 -45.04527
 -18.18195 -45.03361
 -18.31750 -44.85916
 -18.33028 -44.84360
 -18.33834 -44.83749
 -18.37195 -44.81444
 -18.38361 -44.81333
 -18.40834 -44.83138
 -18.45834 -44.86639
 -18.53528 -44.90722
 -18.60750 -44.92416
 -18.77278 -44.97084
 -18.87528 -45.01138
 -19.06750 -45.05944
 -19.08667 -45.06027
 -19.09834 -45.05750
 -19.10639 -45.05138
 -19.11834 -45.03500
 -19.12695 -45.02972
 -19.13889 -45.03000
 -19.17097 -45.04708
 -19.18667 -45.06694
 -19.20334 -45.09333
 -19.22195 -45.11749
 -19.23055 -45.12305
 -19.24000 -45.11833
 -19.24528 -45.10945
 -19.31028 -44.84222
 -19.31000 -44.82916
 -19.26945 -44.60083
 -19.26195 -44.56416
 -19.25805 -44.55333
 -19.22556 -44.52972
 -19.20889 -44.51861
 -19.19195 -44.50777
 -19.18417 -44.50139
 -19.17695 -44.49444
 -19.17111 -44.48584
 -19.16667 -44.47500
 -19.16361 -44.46361
 -19.16361 -44.44388
 -19.16445 -44.43083
 -19.16834 -44.41972
 -19.17334 -44.41083
 -19.17625 -44.39611
 -19.16667 -44.33666
 -19.14494 -44.26567
 -19.14000 -44.26194
 -19.08111 -44.23138
 -19.06611 -44.22735
 -18.97361 -44.23138
 -18.96167 -44.24861
 -18.85305 -44.26166
 -18.84195 -44.26138
 -18.82055 -44.25695
 -18.77028 -44.24166
 -18.74111 -44.23111
 -18.66750 -44.19916
 -18.59112 -44.16360
 -18.58223 -44.15888
 -18.51362 -44.11388
 -18.50166 -44.10555
 -18.47000 -44.08222
 -18.45916 -44.07249
 -18.45139 -44.06333
 -18.44195 -44.05416
 -18.42305 -44.04055
 -18.40805 -44.03569
 -18.34028 -44.04305
 -18.24055 -44.04583
 -18.20139 -44.04361
 -18.16750 -44.03945
 -18.13111 -44.03291
 -18.11223 -44.02458
 -18.05639 -44.01194
 -17.98028 -44.00361
 -17.95889 -44.00139
 -17.94861 -44.00111
 -17.92917 -44.00278
 -17.91750 -44.00472
 -17.87750 -44.01361
 -17.86584 -44.02195
 -17.84695 -44.02694
 -17.81750 -44.03027
 -17.77555 -44.03195
 -17.75695 -44.03139
 -17.69278 -43.99361
 -17.68361 -43.98805
 -17.66223 -43.96945
 -17.65223 -43.95972
 -17.63250 -43.94333
 -17.61195 -43.92889
 -17.60084 -43.92444
 -17.58056 -43.92166
 -17.57028 -43.92277
 -17.51222 -43.92945
 -17.50055 -43.93139
 -17.47945 -43.93722
 -17.45084 -43.94722
 -17.43945 -43.95250
 -17.42111 -43.96416
 -17.31722 -44.03972
 -17.17639 -44.13777
 -17.09805 -44.18250
 -17.03723 -44.21527
 -16.91973 -44.27527
 -16.79695 -44.34611
 -16.78834 -44.35166
 -16.77916 -44.36333
 -16.77250 -44.37360
 -16.76389 -44.38333
 -16.75334 -44.39249
 -16.70361 -44.43250
 -16.69222 -44.43777
 -16.50667 -44.46583
 -16.49584 -44.46611
 -16.47778 -44.46334
 -16.46666 -44.45861
 -16.45750 -44.45333
 -16.43334 -44.43695
 -16.41306 -44.42195
 -16.39334 -44.40972
 -16.38278 -44.40445
 -16.36916 -44.39958
 -16.34166 -44.39805
 -16.21473 -44.43889
 -16.20389 -44.44277
 -16.19528 -44.44944
 -16.18389 -44.46027
 -16.17723 -44.48888
 -16.17986 -44.50375
 -16.18695 -44.57305
 -16.18834 -44.60945
 -16.19972 -44.80305
 -16.21028 -44.87360
 -16.14268 -45.00000
 -16.12055 -45.03444
 -16.10778 -45.05000
 -16.09653 -45.05958
 -16.07417 -45.07333
 -16.04945 -45.09111
 -16.00389 -45.13000
 -15.99347 -45.14069
 -15.95028 -45.21695
 -15.93139 -45.25472
 -15.92750 -45.26500
 -15.93278 -45.27389
 -15.94306 -45.27722
 -16.05555 -45.29361
 -16.06722 -45.29111
 -16.09681 -45.28860
 -16.11055 -45.29166
 -16.11778 -45.30264
 -16.11028 -45.32695
 -16.10500 -45.33555
 -16.06695 -45.39555
 -16.04139 -45.41277
 -16.03111 -45.41111
 -16.02667 -45.40111
 -16.03329 -45.39222
 -16.00639 -45.37445
 -15.98334 -45.36708
 -15.97334 -45.39055
 -15.94916 -45.57249
 -15.98750 -45.59416
 -15.99861 -45.59360
 -16.00805 -45.58916
 -16.02417 -45.57722
 -16.03834 -45.57638
 -16.05528 -45.60695
 -16.05750 -45.61777
 -16.03666 -45.62749
 -15.90722 -45.64527
 -15.89473 -45.64555
 -15.88305 -45.64388
 -15.79167 -45.71666
 -15.79778 -45.73916
 -15.81473 -45.80750
 -15.81473 -45.82611
 -15.80945 -45.83472
 -15.78695 -45.86889
 -15.78222 -45.87833
 -15.77305 -45.91083
 -15.77250 -45.92139
 -15.78389 -45.95750
 -15.80445 -45.95638
 -15.83528 -45.95195
 -15.84500 -45.95583
 -15.85334 -45.96500
 -15.87195 -46.06361
 -15.86111 -46.07249
 -15.81084 -46.07194
 -15.78417 -46.07055
 -15.78305 -46.06055
 -15.78889 -46.04888
 -15.79834 -46.03860
 -15.80778 -46.03110
 -15.81639 -46.02166
 -15.82389 -46.01138
 -15.80889 -46.00485
 -15.79361 -46.01305
 -15.77528 -46.02777
 -15.75667 -46.04834
 -15.74000 -46.06888
 -15.73223 -46.07972
 -15.72028 -46.09945
 -15.71111 -46.12055
 -15.70361 -46.15138
 -15.70361 -46.17195
 -15.70500 -46.20195
 -15.71417 -46.23250
 -15.75973 -46.24611
 -15.80611 -46.23555
 -15.84695 -46.24666
 -15.87834 -46.25722
 -15.90111 -46.26583
 -15.93250 -46.28000
 -15.95195 -46.29305
 -15.96111 -46.30222
 -15.97334 -46.32111
 -15.97722 -46.33111
 -15.96139 -46.47777
 -15.88584 -46.44722
 -15.85389 -46.41305
 -15.83569 -46.38014
 -15.77805 -46.34000
 -15.71236 -46.30347
 -15.68639 -46.30888
 -15.67472 -46.31277
 -15.64500 -46.32916
 -15.63416 -46.33166
 -15.62473 -46.33834
 -15.61584 -46.34722
 -15.50611 -46.46277
 -15.49805 -46.47361
 -15.49334 -46.48389
 -15.44334 -46.57416
 -15.36473 -46.70527
 -15.26805 -46.83361
 -15.26195 -46.84166
 -15.24778 -46.85555
 -15.23056 -46.88027
 -15.22584 -46.88945
 -15.19889 -46.94722
 -15.19723 -46.95916
 -15.20222 -46.96833
 -15.21000 -46.97472
 -15.33445 -47.07638
 -15.34389 -47.07194
 -15.36889 -47.05499
 -15.37945 -47.04445
 -15.39750 -47.01305
 -15.40584 -47.00722
 -15.50223 -46.96222
 -15.51334 -46.95888
 -15.54278 -46.95694
 -15.55805 -46.95945
 -15.55473 -46.96945
 -15.54584 -46.97472
 -15.49361 -47.04222
 -15.47973 -47.09305
 -15.44518 -47.12901
 -15.44464 -47.14268
 -15.45877 -47.18078
 -15.44846 -47.20666
 -15.44846 -47.22362
 -15.41729 -47.23674
 -15.41334 -47.21222
 -15.40139 -47.19611
 -15.30555 -47.11194
 -15.26028 -47.08305
 -15.22334 -47.05972
 -15.19805 -47.05805
 -15.18500 -47.05833
 -15.17528 -47.06305
 -15.15028 -47.08055
 -15.11555 -47.10875
 -14.99389 -47.22277
 -14.91250 -47.31055
 -14.87528 -47.30000
 -14.85574 -47.28688
 -14.84223 -47.29277
 -14.80972 -47.31638
 -14.77778 -47.34166
 -14.72666 -47.38972
 -14.66528 -47.45499
 -14.66361 -47.46555
 -14.71167 -47.50083
 -14.82695 -47.50638
 -14.84834 -47.49945
 -14.85778 -47.49500
 -14.88514 -47.47347
 -14.90973 -47.44833
 -14.92528 -47.43610
 -14.97139 -47.41250
 -14.98250 -47.41083
 -15.08695 -47.40916
 -15.09861 -47.41111
 -15.10695 -47.41666
 -15.11055 -47.42722
 -15.10806 -47.43861
 -15.10334 -47.44805
 -15.08278 -47.48333
 -15.07666 -47.49195
 -14.95028 -47.56694
 -14.85723 -47.61305
 -14.82722 -47.62499
 -14.78750 -47.63916
 -14.77805 -47.64361
 -14.70195 -47.68777
 -14.68361 -47.69861
 -14.60389 -47.81127
 -14.62166 -47.96860
 -14.62584 -47.97861
 -14.63416 -47.98416
 -14.66250 -47.99555
 -14.68667 -47.99889
 -14.70639 -47.99777
 -14.72834 -47.99166
 -14.74000 -47.98944
 -14.76000 -47.98750
 -14.76723 -47.99708
 -14.74945 -48.01333
 -14.72805 -48.02083
 -14.71236 -48.02250
 -14.63528 -48.01527
 -14.62278 -48.00695
 -14.57584 -47.94111
 -14.57084 -47.93194
 -14.56917 -47.91916
 -14.57055 -47.90639
 -14.57361 -47.89583
 -14.57917 -47.88722
 -14.59089 -47.82789
 -14.60320 -47.75097
 -14.55834 -47.72084
 -14.44278 -47.70166
 -14.42055 -47.69944
 -14.40834 -47.69972
 -14.35723 -47.71388
 -14.34695 -47.71777
 -14.26139 -47.77888
 -14.23389 -47.83000
 -14.24639 -47.85277
 -14.25223 -47.87527
 -14.25389 -47.92777
 -14.22623 -47.93572
 -14.21523 -47.94155
 -14.18855 -47.94839
 -14.17797 -47.94838
 -14.13111 -47.93903
 -14.11500 -47.91945
 -14.09695 -47.90430
 -14.08889 -47.91416
 -14.08889 -47.92555
 -14.09834 -47.94583
 -14.12028 -47.98722
 -14.12584 -47.99583
 -14.13834 -48.01111
 -14.14750 -48.01666
 -14.15834 -48.01500
 -14.19503 -47.99739
 -14.23145 -47.98772
 -14.28473 -47.97445
 -14.30666 -47.97138
 -14.32069 -47.97777
 -14.32695 -47.99305
 -14.32278 -48.00305
 -14.15555 -48.04834
 -14.10611 -48.05250
 -14.07917 -48.04472
 -14.06889 -48.04111
 -14.06341 -48.03140
 -14.04625 -48.05194
 -13.99431 -48.08264
 -13.98250 -48.08207
 -13.96208 -48.07569
 -13.95416 -48.08180
 -13.90722 -48.16416
 -13.87166 -48.22722
 -13.86319 -48.24985
 -13.87250 -48.25777
 -13.88305 -48.25416
 -13.89458 -48.24833
 -13.94028 -48.21361
 -13.94916 -48.20138
 -14.02834 -48.20222
 -14.11111 -48.35110
 -14.12111 -48.36944
 -14.12569 -48.38264
 -14.12500 -48.39861
 -14.11445 -48.44416
 -14.11111 -48.45499
 -14.13361 -48.58555
 -14.20334 -48.70638
 -14.23305 -48.84333
 -14.20084 -48.90194
 -14.19305 -48.90861
 -14.18416 -48.91361
 -14.16361 -48.92805
 -14.15611 -48.93472
 -14.15139 -48.94388
 -14.14243 -48.97458
 -14.16472 -49.03777
 -14.19166 -49.10555
 -14.31611 -49.19194
 -14.37111 -49.25638
 -14.47639 -49.37583
 -14.49305 -49.39416
 -14.50305 -49.40153
 -14.51416 -49.40222
 -14.62500 -49.41861
 -14.73778 -49.45111
 -14.80278 -49.47639
 -14.81139 -49.48195
 -14.81695 -49.49055
 -14.82528 -49.51111
 -14.83028 -49.52027
 -14.84139 -49.53027
 -14.90167 -49.57472
 -14.91139 -49.57916
 -14.93222 -49.58611
 -14.94106 -49.58578
 -14.93834 -49.58527
 -14.94111 -49.57388
 -14.94500 -49.56389
 -14.97416 -49.49361
 -14.99805 -49.45833
 -15.03889 -49.46305
 -15.11473 -49.45805
 -15.13361 -49.45583
 -15.14445 -49.45195
 -15.24202 -49.36527
 -15.29555 -49.18944
 -15.35000 -49.02416
 -15.35903 -49.01409
 -15.38250 -49.01208
 -15.42805 -49.02555
 -15.44111 -49.03334
 -15.44611 -49.04250
 -15.44972 -49.05333
 -15.45695 -49.09916
 -15.55139 -49.08722
 -15.68611 -49.07083
 -15.78778 -49.07916
 -15.81195 -49.08972
 -15.82778 -49.09445
 -15.88528 -49.10611
 -15.90014 -49.10764
 -15.91917 -49.10222
 -15.93416 -49.09611
 -15.94666 -49.08749
 -15.95834 -49.07805
 -15.96639 -49.06861
 -15.98139 -49.05194
 -15.99805 -49.04027
 -16.00750 -49.03583
 -16.10597 -49.00132
 -16.12055 -49.00944
 -16.12611 -49.01805
 -16.16166 -49.09666
 -16.16584 -49.10666
 -16.17000 -49.13110
 -16.17167 -49.15138
 -16.17042 -49.16138
 -16.17195 -49.17805
 -16.17639 -49.19500
 -16.18341 -49.20569
 -16.24834 -49.21930
 -16.30695 -49.19305
 -16.40722 -49.14166
 -16.43334 -49.12555
 -16.46111 -49.06833
 -16.46389 -49.05694
 -16.57166 -49.00444
 -16.66166 -48.98617
 -16.67223 -48.95945
 -16.67750 -48.92916
 -16.67945 -48.91666
 -16.67723 -48.90445
 -16.66819 -48.88125
 -16.67084 -48.84250
 -16.67500 -48.83250
 -16.69389 -48.80111
 -16.73195 -48.74722
 -16.74917 -48.72916
 -16.75528 -48.72111
 -16.76334 -48.70805
 -16.76458 -48.69277
 -16.75695 -48.68194
 -16.71084 -48.65027
 -16.70195 -48.64527
 -16.68723 -48.63888
 -16.67056 -48.63472
 -16.65055 -48.63583
 -16.63945 -48.63888
 -16.63000 -48.64333
 -16.61778 -48.65194
 -16.60861 -48.65722
 -16.58986 -48.66485
 -16.50278 -48.64055
 -16.47445 -48.62805
 -16.43528 -48.60110
 -16.42834 -48.59389
 -16.35778 -48.48694
 -16.33778 -48.42805
 -16.25528 -48.31055
 -16.24555 -48.29916
 -16.23986 -48.28708
 -16.23917 -48.24305
 -16.25223 -47.97347
 -16.33334 -47.92916
 -16.53153 -47.91499
 -16.54750 -47.91611
 -16.55723 -47.92027
 -16.56695 -47.92444
 -16.62666 -47.94805
 -16.82334 -48.01639
 -16.99084 -48.07638
 -17.00055 -48.08055
 -17.01305 -48.08888
 -17.03334 -48.10388
 -17.04750 -48.11805
 -17.06007 -48.13924
 -17.10305 -48.18583
 -17.16785 -48.20513
 -17.18139 -48.20416
 -17.24417 -48.15694
 -17.34250 -48.11916
 -17.39750 -48.10889
 -17.50584 -48.08916
 -17.67473 -48.01083
 -17.80473 -47.96583
 -17.82723 -47.95333
 -17.85723 -47.93388
 -17.90028 -47.90270
 -17.91250 -47.84389
 -17.93028 -47.79084
 -17.95584 -47.64416
 -17.95639 -47.63055
 -17.95389 -47.61833
 -17.89723 -47.45305
 -17.89305 -47.44305
 -17.83570 -47.37875
 -17.81111 -47.36889
 -17.79578 -47.36637
 -17.78034 -47.36882
 -17.77305 -47.35889
 -17.75805 -47.33111
 -17.75500 -47.31945
 -17.75055 -47.30222
 -17.74750 -47.28999
 -17.74528 -47.27777
 -17.74584 -47.26555
 -17.75028 -47.21194
 -17.75417 -47.20166
 -17.76750 -47.18695
 -17.78639 -47.16277
 -17.79028 -47.15250
 -17.81416 -47.07611
 -17.82778 -47.03166
 -17.82250 -46.91250
 -17.81750 -46.90333
 -17.80639 -46.90361
 -17.79695 -46.90805
 -17.78584 -46.91138
 -17.77361 -46.91166
 -17.74223 -46.90084
 -17.72195 -46.88472
 -17.72028 -46.73888
 -17.72055 -46.72639
 -17.77695 -46.48527
 -17.82750 -46.35583
 -17.88416 -46.20250
 -17.88584 -46.19028
 -17.88695 -46.17000
 -17.88584 -46.15695
 -17.83861 -46.01445
 -17.83305 -46.00583
 -17.87889 -45.95027
 -18.02361 -45.87944
 -18.15695 -45.81528
 -18.17667 -45.81139
 -18.20305 -45.81472
 -18.21917 -45.81750
 -18.23306 -45.81000
 -18.26509 -45.76996
 -18.25111 -45.74139
 -18.23945 -45.71638
 -18.22361 -45.64305
 -18.22305 -45.62638
 -18.24584 -45.60027
 -18.25334 -45.59360
 -18.28772 -45.57481
5 363 -20.4526 -14.9383 -50.1379 -47.6779 'Toamasina (Madagascar)'
 -20.07528 -47.71770
 -20.05723 -47.71611
 -20.04028 -47.71653
 -20.02084 -47.72166
 -20.00639 -47.72861
 -19.86305 -47.80111
 -19.85305 -47.81222
 -19.84555 -47.81888
 -19.81625 -47.84292
 -19.80445 -47.84916
 -19.78473 -47.85750
 -19.75361 -47.86166
 -19.73973 -47.86194
 -19.72626 -47.85819
 -19.71195 -47.85500
 -19.68639 -47.85334
 -19.63952 -47.85312
 -19.54861 -47.87111
 -19.47069 -47.90083
 -19.45805 -47.91305
 -19.43834 -47.92945
 -19.42292 -47.93888
 -19.38986 -47.94680
 -19.31639 -47.95583
 -19.19389 -47.94458
 -19.18139 -47.93972
 -19.04528 -47.93111
 -18.99305 -47.94583
 -18.97722 -47.94972
 -18.93236 -47.95208
 -18.86340 -47.95333
 -18.84861 -47.94833
 -18.83750 -47.94555
 -18.81334 -47.94222
 -18.73195 -47.93902
 -18.40861 -47.99666
 -18.39889 -48.00111
 -18.39055 -48.00695
 -18.37222 -48.03139
 -18.36195 -48.03527
 -18.34945 -48.03388
 -18.27708 -48.01875
 -18.26139 -48.00999
 -18.24889 -48.00139
 -18.23917 -47.99722
 -18.22805 -47.99444
 -18.20862 -47.99333
 -18.13389 -47.99166
 -18.12167 -47.99333
 -18.11195 -47.99777
 -18.09695 -48.00423
 -17.96299 -47.96583
 -17.95368 -47.94645
 -17.92743 -47.90833
 -17.90820 -47.90291
 -17.90028 -47.90270
 -17.85723 -47.93388
 -17.82723 -47.95333
 -17.80473 -47.96583
 -17.67473 -48.01083
 -17.50584 -48.08916
 -17.39750 -48.10889
 -17.34250 -48.11916
 -17.24417 -48.15694
 -17.18139 -48.20416
 -17.16785 -48.20513
 -17.10305 -48.18583
 -17.06007 -48.13924
 -17.04750 -48.11805
 -17.03334 -48.10388
 -17.01305 -48.08888
 -17.00055 -48.08055
 -16.99084 -48.07638
 -16.82334 -48.01639
 -16.62666 -47.94805
 -16.56695 -47.92444
 -16.55723 -47.92027
 -16.54750 -47.91611
 -16.53153 -47.91499
 -16.33334 -47.92916
 -16.25223 -47.97347
 -16.23917 -48.24305
 -16.23986 -48.28708
 -16.24555 -48.29916
 -16.25528 -48.31055
 -16.33778 -48.42805
 -16.35778 -48.48694
 -16.42834 -48.59389
 -16.43528 -48.60110
 -16.47445 -48.62805
 -16.50278 -48.64055
 -16.58986 -48.66485
 -16.60861 -48.65722
 -16.61778 -48.65194
 -16.63000 -48.64333
 -16.63945 -48.63888
 -16.65055 -48.63583
 -16.67056 -48.63472
 -16.68723 -48.63888
 -16.70195 -48.64527
 -16.71084 -48.65027
 -16.75695 -48.68194
 -16.76458 -48.69277
 -16.76334 -48.70805
 -16.75528 -48.72111
 -16.74917 -48.72916
 -16.73195 -48.74722
 -16.69389 -48.80111
 -16.67500 -48.83250
 -16.67084 -48.84250
 -16.66819 -48.88125
 -16.67723 -48.90445
 -16.67945 -48.91666
 -16.67750 -48.92916
 -16.67223 -48.95945
 -16.66166 -48.98617
 -16.57166 -49.00444
 -16.46389 -49.05694
 -16.46111 -49.06833
 -16.43334 -49.12555
 -16.40722 -49.14166
 -16.30695 -49.19305
 -16.24834 -49.21930
 -16.18341 -49.20569
 -16.17639 -49.19500
 -16.17195 -49.17805
 -16.17042 -49.16138
 -16.17167 -49.15138
 -16.17000 -49.13110
 -16.16584 -49.10666
 -16.16166 -49.09666
 -16.12611 -49.01805
 -16.12055 -49.00944
 -16.10597 -49.00132
 -16.00750 -49.03583
 -15.99805 -49.04027
 -15.98139 -49.05194
 -15.96639 -49.06861
 -15.95834 -49.07805
 -15.94666 -49.08749
 -15.93416 -49.09611
 -15.91917 -49.10222
 -15.90014 -49.10764
 -15.88528 -49.10611
 -15.82778 -49.09445
 -15.81195 -49.08972
 -15.78778 -49.07916
 -15.68611 -49.07083
 -15.55139 -49.08722
 -15.45695 -49.09916
 -15.44972 -49.05333
 -15.44611 -49.04250
 -15.44111 -49.03334
 -15.42805 -49.02555
 -15.38250 -49.01208
 -15.35903 -49.01409
 -15.35000 -49.02416
 -15.29555 -49.18944
 -15.24202 -49.36527
 -15.14445 -49.45195
 -15.13361 -49.45583
 -15.11473 -49.45805
 -15.03889 -49.46305
 -14.99805 -49.45833
 -14.97416 -49.49361
 -14.94500 -49.56389
 -14.94111 -49.57388
 -14.93834 -49.58527
 -14.94106 -49.58578
 -14.94111 -49.59027
 -14.96611 -49.62138
 -14.98028 -49.63583
 -15.00111 -49.65695
 -15.01764 -49.66298
 -15.03222 -49.66750
 -15.04111 -49.67249
 -15.07347 -49.69972
 -15.07799 -49.71395
 -15.05555 -49.77389
 -15.03723 -49.81972
 -15.03445 -49.83472
 -15.03514 -49.93125
 -15.04473 -49.94611
 -15.05167 -49.95333
 -15.12861 -50.00222
 -15.20389 -50.01694
 -15.25416 -49.99166
 -15.36555 -50.00305
 -15.37723 -50.00527
 -15.38695 -50.00944
 -15.40361 -50.02083
 -15.42931 -50.04430
 -15.44736 -50.05055
 -15.46167 -50.04777
 -15.52445 -50.02666
 -15.58723 -50.01694
 -15.60111 -50.01694
 -15.61222 -50.02027
 -15.74861 -50.06277
 -15.92000 -50.12083
 -15.92752 -50.13793
 -15.92055 -50.10055
 -15.86695 -50.03388
 -15.85750 -50.02916
 -15.81055 -50.02638
 -15.79834 -50.02666
 -15.68111 -49.96166
 -15.56111 -49.90388
 -15.54805 -49.90305
 -15.46834 -49.90222
 -15.43250 -49.86611
 -15.43166 -49.82416
 -15.43584 -49.75139
 -15.44278 -49.73000
 -15.44750 -49.72055
 -15.46584 -49.69611
 -15.48834 -49.67694
 -15.50472 -49.66445
 -15.53750 -49.64139
 -15.55750 -49.63361
 -15.57056 -49.63277
 -15.58361 -49.63389
 -15.68195 -49.65749
 -15.70611 -49.66666
 -15.72528 -49.67583
 -15.90416 -49.73403
 -15.92195 -49.73097
 -15.94555 -49.71777
 -15.96417 -49.70472
 -16.01000 -49.68777
 -16.03500 -49.68055
 -16.05500 -49.68138
 -16.09806 -49.69583
 -16.11417 -49.70208
 -16.12750 -49.70972
 -16.13805 -49.72055
 -16.14555 -49.72972
 -16.15334 -49.74889
 -16.15473 -49.75916
 -16.15223 -49.76916
 -16.18195 -49.81694
 -16.19723 -49.83611
 -16.21723 -49.85027
 -16.23139 -49.85402
 -16.24750 -49.85222
 -16.28666 -49.83834
 -16.30861 -49.83250
 -16.34334 -49.82541
 -16.36555 -49.82555
 -16.39528 -49.83027
 -16.41639 -49.83445
 -16.42416 -49.84888
 -16.43445 -49.85945
 -16.45528 -49.86305
 -16.47389 -49.86278
 -16.55417 -49.84861
 -16.56584 -49.84584
 -16.64167 -49.79944
 -16.65139 -49.79194
 -16.67195 -49.77250
 -16.68973 -49.75388
 -16.69723 -49.74305
 -16.70584 -49.72416
 -16.71473 -49.71916
 -16.72834 -49.71722
 -16.75695 -49.72084
 -16.78639 -49.73666
 -16.79611 -49.74305
 -16.80584 -49.75000
 -16.81416 -49.75944
 -16.82612 -49.77945
 -16.83028 -49.78861
 -16.88750 -49.63805
 -16.88973 -49.62805
 -16.89417 -49.61722
 -16.90056 -49.60695
 -16.90861 -49.59694
 -16.91945 -49.59027
 -17.04639 -49.53166
 -17.29723 -49.42889
 -17.31584 -49.42277
 -17.32612 -49.42055
 -17.34389 -49.41888
 -17.36250 -49.42166
 -17.38195 -49.43527
 -17.41542 -49.45472
 -17.48695 -49.47527
 -17.55445 -49.48861
 -17.67834 -49.50972
 -17.68945 -49.51111
 -17.71139 -49.51027
 -17.77112 -49.50111
 -17.79389 -49.49500
 -17.83139 -49.48166
 -17.91584 -49.45555
 -17.94806 -49.44583
 -17.99695 -49.43333
 -18.07250 -49.41445
 -18.21389 -49.38416
 -18.31278 -49.37222
 -18.32528 -49.37083
 -18.35139 -49.36833
 -18.53723 -49.30416
 -18.70389 -49.23138
 -18.87945 -49.16777
 -18.94028 -49.14388
 -18.97055 -49.13027
 -19.03473 -49.09750
 -19.06889 -49.07527
 -19.08805 -49.06638
 -19.19445 -49.03166
 -19.21584 -49.02499
 -19.25084 -49.01805
 -19.27611 -49.01416
 -19.33445 -49.00249
 -19.35639 -48.99638
 -19.37695 -48.98888
 -19.45778 -48.95638
 -19.53167 -48.92195
 -19.58861 -48.89277
 -19.60778 -48.88305
 -19.62834 -48.87555
 -19.65028 -48.86944
 -19.68445 -48.86166
 -19.74278 -48.84916
 -19.76611 -48.84445
 -19.82528 -48.83361
 -19.93306 -48.81305
 -20.03917 -48.77805
 -20.09112 -48.75916
 -20.11112 -48.75083
 -20.16723 -48.72222
 -20.19305 -48.70583
 -20.22167 -48.69138
 -20.29834 -48.65445
 -20.33667 -48.63638
 -20.38805 -48.61666
 -20.41617 -48.60779
 -20.40834 -48.58527
 -20.39695 -48.54555
 -20.39445 -48.51833
 -20.39612 -48.48360
 -20.39584 -48.45416
 -20.38431 -48.39583
 -20.28389 -48.23069
 -20.29736 -48.13445
 -20.33195 -48.11583
 -20.40028 -48.07777
 -20.43417 -47.92999
 -20.44972 -47.83250
 -20.45264 -47.78326
 -20.39750 -47.70750
 -20.39055 -47.70027
 -20.35639 -47.68180
 -20.28236 -47.67791
 -20.23973 -47.68083
 -20.17910 -47.69048
 -20.16278 -47.70444
 -20.15389 -47.70972
 -20.14417 -47.71444
 -20.13334 -47.71750
 -20.11389 -47.71945
 -20.07528 -47.71770
6 12 -20.4526 -14.9383 -50.1379 -47.6779 'Toamasina (Madagascar)'
 -17.09528 -49.82722
 -17.08834 -49.82000
 -17.04431 -49.81764
 -16.91389 -49.86055
 -16.90278 -49.86722
 -16.75973 -49.96166
 -16.72556 -50.01055
 -16.87861 -49.95222
 -16.90750 -49.93972
 -16.95889 -49.91000
 -17.08973 -49.83361
 -17.09528 -49.82722
7 529 -25.5883 -18.1811 -47.4262 -43.2368 'Toliara (Madagascar)'
 -24.12413 -47.42618
 -24.17778 -47.40361
 -24.30612 -47.33944
 -24.41250 -47.31972
 -24.45889 -47.31555
 -24.47111 -47.31305
 -24.50389 -47.30333
 -24.55750 -47.28166
 -24.74139 -47.19861
 -24.81361 -47.14861
 -24.83167 -47.13527
 -24.84611 -47.13014
 -24.86112 -47.12722
 -24.87542 -47.12722
 -24.89500 -47.13166
 -24.91278 -47.13722
 -24.92805 -47.13305
 -24.97389 -47.09445
 -25.06861 -46.90639
 -25.16750 -46.73027
 -25.17139 -46.71945
 -25.19167 -46.64666
 -25.18278 -46.58416
 -25.17500 -46.54416
 -25.16695 -46.52333
 -25.16166 -46.50305
 -25.16166 -46.41333
 -25.17362 -46.33666
 -25.18611 -46.29084
 -25.19695 -46.25805
 -25.21945 -46.19333
 -25.22695 -46.17195
 -25.31000 -45.96305
 -25.32889 -45.92305
 -25.33945 -45.90472
 -25.40334 -45.79445
 -25.43611 -45.73916
 -25.45389 -45.71361
 -25.46806 -45.69861
 -25.49722 -45.67055
 -25.50916 -45.65333
 -25.55139 -45.57166
 -25.56223 -45.55028
 -25.56861 -45.53027
 -25.57555 -45.48778
 -25.57834 -45.46249
 -25.58834 -45.21472
 -25.54862 -45.12735
 -25.53500 -45.11805
 -25.52084 -45.09805
 -25.40250 -44.91472
 -25.33555 -44.80833
 -25.32111 -44.78249
 -25.31667 -44.76972
 -25.31056 -44.74750
 -25.30389 -44.71139
 -25.29389 -44.58777
 -25.28639 -44.52222
 -25.27278 -44.44333
 -25.25555 -44.35583
 -25.24639 -44.34916
 -25.16313 -44.29770
 -25.16750 -44.32305
 -25.17667 -44.33250
 -25.19445 -44.35000
 -25.21555 -44.36861
 -25.23278 -44.38916
 -25.23028 -44.39916
 -25.22084 -44.40777
 -25.21167 -44.41195
 -25.19334 -44.40194
 -25.15305 -44.33722
 -25.06917 -44.18444
 -25.06473 -44.17472
 -25.05945 -44.16277
 -25.05584 -44.15027
 -25.05389 -44.13972
 -25.05778 -44.12972
 -25.06278 -44.11972
 -25.06167 -44.10833
 -25.05445 -44.09750
 -25.00445 -44.03222
 -24.98084 -44.01708
 -24.95834 -44.02305
 -24.94445 -44.02195
 -24.92028 -44.01639
 -24.89973 -44.01111
 -24.88028 -44.00527
 -24.86139 -43.99389
 -24.85028 -43.98527
 -24.83028 -43.96750
 -24.81084 -43.95389
 -24.76111 -43.92583
 -24.74111 -43.91777
 -24.71765 -43.91430
 -24.68805 -43.92889
 -24.67278 -43.93125
 -24.63403 -43.92277
 -24.59889 -43.90583
 -24.50528 -43.83445
 -24.49167 -43.81945
 -24.47722 -43.79749
 -24.47139 -43.78722
 -24.46250 -43.76583
 -24.45639 -43.75555
 -24.43861 -43.73222
 -24.41723 -43.71194
 -24.38445 -43.69166
 -24.33167 -43.67139
 -24.31139 -43.66416
 -24.18889 -43.66445
 -24.04361 -43.66472
 -23.86862 -43.66222
 -23.82445 -43.65319
 -23.81000 -43.64889
 -23.76167 -43.62499
 -23.65778 -43.63638
 -23.64778 -43.63833
 -23.62376 -43.64972
 -23.61389 -43.67334
 -23.60278 -43.70389
 -23.58889 -43.73527
 -23.57736 -43.74791
 -23.46805 -43.75999
 -23.45223 -43.75305
 -23.44305 -43.74528
 -23.39500 -43.68749
 -23.36195 -43.64638
 -23.35750 -43.63694
 -23.34750 -43.63055
 -23.31139 -43.61500
 -23.30167 -43.61166
 -23.27805 -43.60695
 -23.26584 -43.60583
 -23.17084 -43.59750
 -23.15084 -43.59694
 -23.12945 -43.59777
 -23.09916 -43.59694
 -23.07834 -43.58805
 -23.06778 -43.57833
 -23.04889 -43.55583
 -23.02306 -43.52055
 -23.01278 -43.50472
 -23.00805 -43.49277
 -22.99750 -43.48222
 -22.89584 -43.39277
 -22.87528 -43.37583
 -22.86195 -43.36610
 -22.85278 -43.36194
 -22.84166 -43.35805
 -22.80084 -43.34888
 -22.65945 -43.31722
 -22.49806 -43.28611
 -22.28250 -43.23888
 -22.21334 -43.26083
 -22.16278 -43.25055
 -22.15223 -43.24722
 -22.06875 -43.23683
 -21.90834 -43.27916
 -21.88278 -43.31444
 -21.84639 -43.32805
 -21.77695 -43.33277
 -21.75861 -43.33416
 -21.67056 -43.42110
 -21.66389 -43.43111
 -21.66167 -43.44777
 -21.66805 -43.47235
 -21.59805 -43.46945
 -21.47639 -43.46611
 -21.46334 -43.46611
 -21.39555 -43.47639
 -21.38334 -43.47834
 -21.37250 -43.48195
 -21.33389 -43.50055
 -21.30139 -43.54500
 -21.28055 -43.57972
 -21.27889 -43.59166
 -21.27639 -43.61610
 -21.27223 -43.66499
 -21.27195 -43.69888
 -21.27389 -43.71222
 -21.27695 -43.72222
 -21.28361 -43.73027
 -21.28611 -43.74110
 -21.27055 -43.76833
 -21.26473 -43.77666
 -21.23334 -43.80250
 -21.22528 -43.80861
 -21.20723 -43.81972
 -21.15695 -43.84111
 -21.08000 -43.86138
 -21.00889 -43.87555
 -20.94584 -43.87888
 -20.87917 -43.89777
 -20.85945 -43.90666
 -20.85000 -43.91166
 -20.78806 -43.94944
 -20.76416 -43.96805
 -20.74362 -43.99195
 -20.74611 -44.00278
 -20.74584 -44.01527
 -20.74000 -44.02361
 -20.72389 -44.03611
 -20.71500 -44.04166
 -20.65195 -44.07944
 -20.60084 -44.10055
 -20.59000 -44.10416
 -20.44195 -44.17611
 -20.29445 -44.26639
 -20.15722 -44.34027
 -20.13722 -44.35334
 -20.12861 -44.36111
 -20.11973 -44.37083
 -20.10334 -44.39000
 -20.09611 -44.39972
 -20.07778 -44.42889
 -20.06861 -44.43749
 -19.98055 -44.47972
 -19.96584 -44.48277
 -19.94139 -44.48250
 -19.87736 -44.47194
 -19.84555 -44.44028
 -19.84125 -44.42611
 -19.84028 -44.41027
 -19.83250 -44.39972
 -19.81223 -44.38750
 -19.77709 -44.37083
 -19.55278 -44.44027
 -19.54473 -44.45472
 -19.54500 -44.46500
 -19.54250 -44.47610
 -19.52695 -44.48319
 -19.50278 -44.48277
 -19.43834 -44.46916
 -19.37889 -44.43861
 -19.35778 -44.42555
 -19.25139 -44.35166
 -19.23000 -44.33639
 -19.16917 -44.28638
 -19.14494 -44.26567
 -19.16667 -44.33666
 -19.17625 -44.39611
 -19.17334 -44.41083
 -19.16834 -44.41972
 -19.16445 -44.43083
 -19.16361 -44.44388
 -19.16361 -44.46361
 -19.16667 -44.47500
 -19.17111 -44.48584
 -19.17695 -44.49444
 -19.18417 -44.50139
 -19.19195 -44.50777
 -19.20889 -44.51861
 -19.22556 -44.52972
 -19.25805 -44.55333
 -19.26195 -44.56416
 -19.26945 -44.60083
 -19.31000 -44.82916
 -19.31028 -44.84222
 -19.24528 -45.10945
 -19.24000 -45.11833
 -19.23055 -45.12305
 -19.22195 -45.11749
 -19.20334 -45.09333
 -19.18667 -45.06694
 -19.17097 -45.04708
 -19.13889 -45.03000
 -19.12695 -45.02972
 -19.11834 -45.03500
 -19.10639 -45.05138
 -19.09834 -45.05750
 -19.08667 -45.06027
 -19.06750 -45.05944
 -18.87528 -45.01138
 -18.77278 -44.97084
 -18.60750 -44.92416
 -18.53528 -44.90722
 -18.45834 -44.86639
 -18.40834 -44.83138
 -18.38361 -44.81333
 -18.37195 -44.81444
 -18.33834 -44.83749
 -18.33028 -44.84360
 -18.31750 -44.85916
 -18.18195 -45.03361
 -18.18112 -45.04527
 -18.22055 -45.09888
 -18.21250 -45.19694
 -18.21334 -45.21722
 -18.21500 -45.23027
 -18.21805 -45.24166
 -18.22889 -45.26027
 -18.24542 -45.27930
 -18.26111 -45.29888
 -18.30625 -45.40333
 -18.28772 -45.57481
 -18.29111 -45.59048
 -18.35639 -45.63625
 -18.38042 -45.61583
 -18.40473 -45.60805
 -18.43542 -45.60749
 -18.48778 -45.61666
 -18.51362 -45.62527
 -18.54014 -45.62958
 -18.59514 -45.62361
 -18.60695 -45.61416
 -18.61916 -45.59445
 -18.62611 -45.58694
 -18.65416 -45.55833
 -18.71223 -45.50249
 -18.72445 -45.49708
 -18.93889 -45.52722
 -18.94806 -45.53916
 -19.08597 -45.65055
 -19.10097 -45.65187
 -19.11417 -45.64527
 -19.13639 -45.63882
 -19.14945 -45.64500
 -19.19445 -45.67722
 -19.20639 -45.68639
 -19.24055 -45.72361
 -19.24632 -45.74006
 -19.23528 -45.76250
 -19.23084 -45.77222
 -19.22265 -45.80305
 -19.22861 -45.81138
 -19.27223 -45.82500
 -19.31334 -45.83639
 -19.32750 -45.83916
 -19.37084 -45.84138
 -19.42917 -45.83777
 -19.43765 -45.83194
 -19.44139 -45.81805
 -19.44861 -45.80750
 -19.53139 -45.79861
 -19.54445 -45.79749
 -19.55639 -45.79916
 -19.60445 -45.82055
 -19.64723 -45.84055
 -19.66111 -45.84750
 -19.71111 -45.85638
 -19.72278 -45.85833
 -19.73612 -45.85860
 -19.76528 -45.85597
 -19.77862 -45.85166
 -19.84611 -45.81361
 -19.85889 -45.80527
 -19.88279 -45.78388
 -19.95667 -45.76694
 -20.11945 -45.78222
 -20.17167 -45.79610
 -20.18500 -45.80173
 -20.19834 -45.81139
 -20.21084 -45.81625
 -20.35208 -45.84500
 -20.46555 -45.84360
 -20.65973 -45.84445
 -20.70723 -45.84833
 -20.72055 -45.84722
 -20.72778 -45.84027
 -20.72973 -45.82777
 -20.73195 -45.81006
 -20.79084 -45.78833
 -20.82334 -45.78180
 -20.86042 -45.78048
 -20.89285 -45.79701
 -21.21750 -45.76055
 -21.23250 -45.75805
 -21.24695 -45.74903
 -21.25236 -45.72041
 -21.26084 -45.69028
 -21.28972 -45.64055
 -21.32986 -45.59875
 -21.42542 -45.54985
 -21.50834 -45.55055
 -21.55695 -45.56472
 -21.57973 -45.56916
 -21.59590 -45.56860
 -21.65639 -45.54027
 -21.66223 -45.53195
 -21.66723 -45.51527
 -21.66917 -45.50278
 -21.74917 -45.42666
 -21.87917 -45.34972
 -22.00528 -45.28833
 -22.05361 -45.30028
 -22.13084 -45.31861
 -22.14347 -45.31861
 -22.22834 -45.29805
 -22.41055 -45.22084
 -22.41667 -45.21249
 -22.42111 -45.20250
 -22.42639 -45.18610
 -22.42861 -45.17416
 -22.43494 -45.16027
 -22.53111 -45.10277
 -22.54778 -45.09444
 -22.66778 -45.04527
 -22.69528 -45.03972
 -22.87653 -45.00514
 -22.91389 -45.00916
 -22.92584 -45.01111
 -22.97722 -45.02861
 -22.99084 -45.03527
 -23.01305 -45.05527
 -23.02028 -45.06249
 -23.05250 -45.09833
 -23.05389 -45.22888
 -23.12028 -45.29555
 -23.12750 -45.33333
 -23.12695 -45.34000
 -23.12236 -45.35347
 -23.10945 -45.37805
 -23.08917 -45.38472
 -23.06167 -45.38791
 -23.02417 -45.38639
 -23.01056 -45.38277
 -22.99750 -45.38389
 -22.96945 -45.38722
 -22.92889 -45.39361
 -22.91805 -45.39695
 -22.88750 -45.41360
 -22.86555 -45.43111
 -22.77750 -45.59861
 -22.72305 -45.73527
 -22.69305 -45.82277
 -22.67667 -45.88444
 -22.67056 -45.94805
 -22.67584 -45.96500
 -22.68778 -45.99750
 -22.69723 -46.01833
 -22.75121 -46.11764
 -22.77334 -46.15777
 -22.78417 -46.17638
 -22.80139 -46.20277
 -22.80834 -46.21000
 -22.81611 -46.21638
 -22.83723 -46.23083
 -22.92334 -46.27027
 -22.99611 -46.30138
 -23.00555 -46.30583
 -23.12445 -46.36972
 -23.13278 -46.37527
 -23.13862 -46.38416
 -23.15445 -46.41972
 -23.17362 -46.46166
 -23.18000 -46.46972
 -23.18834 -46.47527
 -23.24722 -46.47972
 -23.35278 -46.47695
 -23.39973 -46.46055
 -23.40778 -46.45444
 -23.41306 -46.44527
 -23.42223 -46.42555
 -23.43236 -46.41486
 -23.48195 -46.42472
 -23.49084 -46.42972
 -23.51611 -46.44777
 -23.52305 -46.45499
 -23.52750 -46.46527
 -23.54473 -46.47610
 -23.59000 -46.50111
 -23.60111 -46.50361
 -23.62834 -46.50222
 -23.64056 -46.50027
 -23.64889 -46.49416
 -23.66139 -46.47805
 -23.66889 -46.47111
 -23.67750 -46.46583
 -23.73306 -46.43583
 -23.74250 -46.43111
 -23.78250 -46.41416
 -23.79417 -46.41166
 -23.80778 -46.41111
 -23.81973 -46.41389
 -23.90834 -46.51250
 -23.91445 -46.52055
 -23.91945 -46.53027
 -23.93055 -46.56222
 -23.93166 -46.57500
 -23.92973 -46.58611
 -23.94666 -46.64361
 -23.95112 -46.65388
 -23.96612 -46.68278
 -23.98250 -46.71000
 -23.98889 -46.71805
 -24.04112 -46.73389
 -24.05223 -46.73666
 -24.09445 -46.82777
 -24.09834 -46.83916
 -24.11166 -46.85527
 -24.12555 -46.86972
 -24.16667 -46.89972
 -24.17555 -46.90472
 -24.18667 -46.90666
 -24.19750 -46.90333
 -24.21584 -46.89305
 -24.23973 -46.88888
 -24.25334 -46.88833
 -24.26639 -46.88972
 -24.27667 -46.89305
 -24.28500 -46.89889
 -24.29084 -46.90777
 -24.29028 -46.92195
 -24.28861 -46.93500
 -24.28028 -46.97111
 -24.27639 -46.98166
 -24.27112 -46.99083
 -24.25861 -47.00695
 -24.19834 -47.04666
 -24.18750 -47.05083
 -24.17584 -47.04861
 -24.16695 -47.04361
 -24.15028 -47.03222
 -24.12250 -47.01777
 -24.10056 -47.01222
 -24.08889 -47.01194
 -24.07778 -47.01500
 -24.06834 -47.02055
 -23.97778 -47.11500
 -23.97250 -47.12416
 -23.97473 -47.13666
 -23.99973 -47.21638
 -24.00472 -47.22610
 -24.06278 -47.33639
 -24.08917 -47.38305
 -24.09472 -47.39194
 -24.10723 -47.40834
 -24.12413 -47.42618
