0 62 -10.3982 -7.64382 -14.7403 -13.1083 'Bengo (Angola)'
 -7.64382 -13.96935
 -7.65352 -13.99689
 -7.65215 -14.00529
 -7.65198 -14.01179
 -7.65022 -14.11204
 -7.91488 -14.70185
 -7.91737 -14.70523
 -7.92938 -14.71935
 -7.93758 -14.72857
 -7.95676 -14.74027
 -8.29305 -14.65994
 -8.39184 -14.47936
 -8.57044 -14.24923
 -8.96010 -14.03738
 -8.96883 -14.03679
 -9.01110 -14.03826
 -9.11399 -14.04958
 -9.48476 -14.11022
 -9.60042 -14.14144
 -9.61543 -14.15022
 -9.63853 -14.17173
 -9.64282 -14.17747
 -9.64619 -14.19195
 -9.64067 -14.22196
 -9.68187 -14.39635
 -9.68539 -14.40767
 -9.69985 -14.45375
 -9.76107 -14.51845
 -9.76217 -14.51925
 -9.78993 -14.52991
 -9.82364 -14.54146
 -10.28990 -14.54294
 -10.36809 -14.41186
 -10.39817 -13.99212
 -10.38909 -13.88764
 -10.36148 -13.72550
 -10.33891 -13.68025
 -10.19823 -13.51956
 -10.12294 -13.43989
 -10.04006 -13.36062
 -9.97468 -13.31704
 -9.37150 -13.15835
 -9.33013 -13.17360
 -9.21077 -13.22808
 -9.20890 -13.22941
 -9.20736 -13.23078
 -9.18885 -13.24800
 -9.18831 -13.24856
 -9.18688 -13.25071
 -9.15554 -13.30229
 -9.14986 -13.31830
 -9.15358 -13.41155
 -9.15556 -13.42619
 -8.86279 -13.58809
 -8.45073 -13.39133
 -7.94508 -13.15049
 -7.87542 -13.11900
 -7.84008 -13.10828
 -7.80613 -13.15826
 -7.74485 -13.25887
 -7.71794 -13.36634
 -7.64382 -13.96935
1 53 -13.8822 -11.7768 -15.1172 -12.5306 'Benguela (Angola)'
 -12.60673 -14.88206
 -12.66509 -14.81670
 -12.70047 -14.79518
 -12.78564 -14.78243
 -13.17192 -14.90512
 -13.39884 -15.07374
 -13.42021 -15.09683
 -13.43562 -15.10445
 -13.46623 -15.11721
 -13.46714 -15.11713
 -13.50235 -15.07713
 -13.86811 -14.32823
 -13.87902 -14.29962
 -13.88157 -14.29184
 -13.88224 -14.28804
 -13.86706 -14.00197
 -13.84672 -13.74705
 -13.74412 -13.29842
 -13.63372 -12.85172
 -13.55656 -12.55070
 -13.55170 -12.54295
 -13.54383 -12.53987
 -13.54117 -12.53919
 -13.44578 -12.53064
 -13.43713 -12.53345
 -12.83434 -12.94037
 -12.83203 -12.94288
 -12.64514 -13.14637
 -12.61069 -13.20164
 -12.59995 -13.26662
 -12.60926 -13.32062
 -12.61357 -13.32980
 -12.61327 -13.34256
 -12.60491 -13.35938
 -12.59253 -13.38011
 -12.58310 -13.39179
 -12.51744 -13.46791
 -12.51058 -13.47380
 -12.25083 -13.64784
 -12.24427 -13.65212
 -12.23727 -13.65508
 -11.96290 -13.75842
 -11.77679 -13.85382
 -11.80996 -13.97766
 -11.91201 -14.57494
 -12.14695 -14.95184
 -12.20768 -15.01116
 -12.55177 -15.08928
 -12.55728 -15.08928
 -12.56079 -15.08740
 -12.58527 -14.98236
 -12.60600 -14.88863
 -12.60673 -14.88206
2 104 -14.3081 -10.5779 -19.2725 -15.7168 'Bié (Angola)'
 -10.74729 -16.76497
 -10.77896 -16.82822
 -10.77587 -16.83259
 -10.77424 -16.83888
 -10.76531 -16.87500
 -10.76532 -16.88126
 -10.77261 -16.93840
 -10.77690 -16.96234
 -10.81587 -17.10388
 -10.87114 -17.27654
 -10.92539 -17.37146
 -10.92745 -17.37425
 -11.11954 -17.45068
 -11.37965 -17.53068
 -11.42994 -17.51943
 -11.44295 -17.50860
 -11.45477 -17.49995
 -11.46222 -17.49690
 -11.46450 -17.49609
 -11.56723 -17.47908
 -11.58749 -17.48534
 -11.67614 -17.52225
 -11.77588 -17.61677
 -11.76418 -17.71786
 -11.54860 -17.80564
 -11.53882 -17.80844
 -11.57968 -18.11685
 -11.57916 -18.35988
 -11.57684 -18.37710
 -11.57405 -18.38143
 -11.56757 -18.39150
 -11.35773 -18.69593
 -11.02221 -18.77634
 -11.00701 -18.78106
 -11.00650 -18.78368
 -11.00693 -18.79160
 -11.00727 -18.79335
 -11.18719 -19.20814
 -11.20245 -19.22310
 -11.23277 -19.23649
 -11.40733 -19.27249
 -11.41145 -19.27161
 -11.43565 -19.25559
 -11.45196 -19.20218
 -12.46176 -18.41096
 -12.48184 -18.39602
 -12.50553 -18.37984
 -13.03893 -18.04090
 -13.15544 -17.98047
 -13.48277 -17.90962
 -13.64322 -17.88500
 -13.90600 -17.77302
 -14.30643 -17.30603
 -14.30720 -17.30383
 -14.30806 -17.25760
 -14.30480 -17.24201
 -13.99624 -16.51280
 -13.99246 -16.50449
 -13.97701 -16.48512
 -13.89959 -16.48494
 -13.80278 -16.48566
 -13.76741 -16.49538
 -13.68909 -16.51052
 -13.65918 -16.51332
 -13.57756 -16.51975
 -13.28608 -16.54052
 -13.19338 -16.54396
 -13.13913 -16.54246
 -13.10952 -16.54140
 -12.87632 -16.51073
 -12.75093 -16.49384
 -12.69770 -16.43191
 -12.61550 -16.29940
 -12.38470 -16.39892
 -11.97990 -16.59295
 -11.95527 -16.59796
 -11.93793 -16.59734
 -11.93235 -16.59638
 -11.90695 -16.58392
 -11.51573 -16.26309
 -11.47634 -16.10217
 -11.48196 -15.97275
 -11.49749 -15.86717
 -11.49882 -15.85026
 -11.48851 -15.79381
 -11.48389 -15.76864
 -11.46063 -15.71681
 -11.41890 -15.72612
 -11.26674 -15.76529
 -11.05249 -15.89709
 -10.98912 -15.93799
 -10.97946 -16.01617
 -10.93306 -16.24972
 -10.67056 -16.57035
 -10.63640 -16.58860
 -10.57788 -16.61903
 -10.62472 -16.61624
 -10.63271 -16.61580
 -10.63622 -16.61676
 -10.64670 -16.62191
 -10.65691 -16.62986
 -10.69716 -16.67195
 -10.70043 -16.67667
 -10.74729 -16.76497
3 25 -5.76892 -4.42183 -13.1031 -12.0096 'Cabinda (Angola)'
 -4.50079 -12.93679
 -4.68301 -13.10307
 -4.68198 -13.05975
 -4.70472 -12.98207
 -4.73476 -12.89689
 -4.73648 -12.89267
 -4.74154 -12.88242
 -4.74506 -12.87596
 -4.76086 -12.84995
 -4.78189 -12.82807
 -5.02221 -12.60565
 -5.14709 -12.52201
 -5.18297 -12.52632
 -5.47806 -12.52667
 -5.74173 -12.52563
 -5.76892 -12.19968
 -5.74034 -12.17742
 -5.73982 -12.17709
 -5.73265 -12.17287
 -5.72725 -12.17033
 -5.69180 -12.15463
 -5.03015 -12.00958
 -4.60310 -12.43106
 -4.42183 -12.72053
 -4.50079 -12.93679
4 116 -18.0284 -13.5678 -23.4291 -16.4789 'Cuando-Cubango (Angola)'
 -14.15992 -18.81491
 -14.33089 -19.20441
 -14.54118 -19.69748
 -14.56272 -19.71167
 -14.60770 -19.75451
 -14.66143 -19.81687
 -14.79592 -19.97787
 -14.92115 -20.15092
 -14.97694 -20.25052
 -14.98424 -20.39684
 -14.98432 -20.43709
 -14.97497 -20.46374
 -14.95111 -20.64675
 -14.95136 -20.66762
 -15.00453 -20.83204
 -15.04243 -20.93804
 -15.05805 -20.97395
 -15.08045 -21.00276
 -15.41864 -21.35027
 -15.73105 -21.56094
 -15.99446 -21.74487
 -16.09789 -21.82052
 -16.57579 -22.25186
 -17.05593 -22.71568
 -17.46285 -23.13743
 -17.53083 -23.22127
 -17.54551 -23.24031
 -17.54705 -23.24477
 -17.54577 -23.25841
 -17.54306 -23.27623
 -17.54358 -23.28258
 -17.55053 -23.32417
 -17.55504 -23.33524
 -17.57924 -23.38914
 -17.59752 -23.41426
 -17.61233 -23.42264
 -17.63679 -23.42912
 -17.80899 -22.56538
 -17.85759 -22.31407
 -18.02839 -21.42889
 -17.95810 -20.97810
 -17.86240 -20.32468
 -17.86119 -20.31133
 -17.83622 -19.11903
 -17.83699 -19.11506
 -17.83562 -19.05330
 -17.83502 -19.03617
 -17.82824 -18.96873
 -17.81991 -18.90393
 -17.80446 -18.86390
 -17.76609 -18.78971
 -17.73983 -18.75592
 -17.68550 -18.68796
 -17.58319 -18.56457
 -17.57993 -18.56178
 -17.55692 -18.54539
 -17.54285 -18.53891
 -17.53263 -18.53810
 -17.52268 -18.53693
 -17.42020 -18.44928
 -17.39079 -18.42202
 -17.39076 -17.99900
 -17.39070 -17.27926
 -16.97159 -17.22268
 -16.80675 -17.22313
 -16.70042 -17.27238
 -16.42010 -17.38197
 -16.40336 -17.38743
 -16.31350 -17.39745
 -16.24904 -17.40210
 -16.06287 -17.40003
 -15.94717 -17.36699
 -15.93060 -17.35727
 -15.91928 -17.34977
 -15.64831 -17.16659
 -15.42875 -16.99513
 -15.36661 -16.93095
 -15.33520 -16.88013
 -15.31002 -16.85417
 -15.20750 -16.76540
 -14.65211 -16.50135
 -14.64486 -16.49876
 -14.62162 -16.49494
 -14.19562 -16.48039
 -14.00208 -16.47892
 -13.99246 -16.50449
 -13.99049 -16.89141
 -14.10447 -17.02458
 -14.11374 -17.01830
 -14.12018 -17.01679
 -14.13726 -17.01733
 -14.14951 -17.02105
 -14.16033 -17.02604
 -14.17034 -17.03379
 -14.17482 -17.04008
 -14.30480 -17.24201
 -14.30806 -17.25760
 -14.30720 -17.30383
 -14.30643 -17.30603
 -13.90600 -17.77302
 -13.89500 -17.77626
 -13.85853 -17.77989
 -13.74312 -17.78175
 -13.73797 -17.77745
 -13.73274 -17.76703
 -13.66288 -17.80977
 -13.58803 -17.86836
 -13.56777 -17.92505
 -13.58296 -18.02701
 -13.78604 -18.58754
 -13.78827 -18.59072
 -13.79093 -18.59408
 -13.91367 -18.70406
 -13.96397 -18.74757
 -14.03830 -18.78924
 -14.15992 -18.81491
5 38 -9.77174 -7.99165 -15.8264 -14.0368 'Cuanza Norte (Angola)'
 -8.22685 -15.79288
 -8.41252 -15.82639
 -9.10196 -15.64610
 -9.10589 -15.64447
 -9.16337 -15.61978
 -9.17401 -15.61248
 -9.72866 -15.14115
 -9.77174 -14.63826
 -9.76217 -14.51925
 -9.64282 -14.17747
 -9.63853 -14.17173
 -9.61543 -14.15022
 -9.60042 -14.14144
 -9.48476 -14.11022
 -9.11399 -14.04958
 -9.01110 -14.03826
 -8.96883 -14.03679
 -8.96010 -14.03738
 -8.57044 -14.24923
 -8.39424 -14.49948
 -8.40609 -14.64750
 -8.40952 -14.72731
 -8.40119 -14.82296
 -8.29536 -15.08593
 -8.28597 -15.10258
 -8.22567 -15.18153
 -8.22327 -15.18396
 -8.21880 -15.18795
 -8.19511 -15.20338
 -8.12405 -15.21233
 -7.99165 -15.34825
 -8.01092 -15.65701
 -8.01680 -15.68798
 -8.01895 -15.69789
 -8.02315 -15.70536
 -8.06293 -15.73596
 -8.18215 -15.78372
 -8.22685 -15.79288
6 53 -12.147 -9.71196 -16.6006 -13.7758 'Cuanza Sul (Angola)'
 -9.78923 -16.22527
 -10.00829 -16.36257
 -10.56859 -16.60061
 -10.63640 -16.58860
 -10.67056 -16.57035
 -10.93306 -16.24972
 -10.97946 -16.01617
 -10.98912 -15.93799
 -11.75941 -15.39740
 -11.88197 -15.37933
 -11.93383 -15.37010
 -11.94301 -15.36635
 -11.94615 -15.36086
 -12.14695 -14.95184
 -12.03621 -14.22422
 -12.03569 -14.22307
 -11.77527 -13.79819
 -11.69937 -13.78851
 -11.62580 -13.78090
 -11.57470 -13.77579
 -10.68454 -13.78194
 -10.39817 -13.99212
 -10.32466 -14.37374
 -10.20168 -14.52621
 -10.04122 -14.49699
 -9.83555 -14.53215
 -9.77174 -14.63826
 -9.72067 -14.92982
 -9.72921 -15.10522
 -9.74054 -15.11058
 -9.77259 -15.15798
 -9.79732 -15.20621
 -9.81439 -15.29149
 -9.81515 -15.31024
 -9.79714 -15.66078
 -9.78187 -15.77363
 -9.77989 -15.77566
 -9.75213 -15.79649
 -9.74891 -15.79832
 -9.73904 -15.79726
 -9.73166 -15.79584
 -9.72277 -15.79532
 -9.72093 -15.79665
 -9.71775 -15.80363
 -9.71578 -15.80998
 -9.71466 -15.81948
 -9.71260 -15.96632
 -9.71196 -16.01709
 -9.74106 -16.15847
 -9.74251 -16.16544
 -9.74762 -16.17894
 -9.75449 -16.19029
 -9.78923 -16.22527
7 57 -17.4384 -15.1451 -17.4021 -13.1509 'Cunene (Angola)'
 -16.24904 -17.40210
 -16.31350 -17.39745
 -16.40336 -17.38743
 -16.42010 -17.38197
 -16.70042 -17.27238
 -16.80675 -17.22313
 -16.97159 -17.22268
 -16.98409 -17.22498
 -17.08048 -17.24584
 -17.30063 -17.28790
 -17.39070 -17.27926
 -17.39049 -15.54680
 -17.39033 -14.22064
 -17.39388 -14.21800
 -17.40157 -14.21296
 -17.43247 -14.13793
 -17.43814 -14.10347
 -17.43839 -14.10041
 -17.43307 -13.95527
 -17.14382 -13.53083
 -16.70175 -13.16152
 -16.65729 -13.15087
 -16.64708 -13.15173
 -16.64152 -13.15416
 -16.48325 -13.22905
 -16.43520 -13.26562
 -16.33787 -13.37236
 -16.25515 -13.48131
 -16.25425 -13.48286
 -16.24820 -13.49499
 -16.23951 -13.51926
 -16.23636 -13.52986
 -16.24936 -13.55097
 -16.25322 -13.55550
 -16.25757 -13.56052
 -16.14561 -13.96589
 -16.00863 -14.34835
 -15.86889 -14.79026
 -15.79671 -15.30670
 -15.54372 -15.45475
 -15.48836 -15.51227
 -15.48010 -15.52140
 -15.47570 -15.52830
 -15.44034 -15.59793
 -15.38970 -15.70540
 -15.16221 -16.41793
 -15.14719 -16.51085
 -15.14508 -16.59023
 -15.15392 -16.65506
 -15.17011 -16.75588
 -15.42875 -16.99513
 -15.64831 -17.16659
 -15.91928 -17.34977
 -15.93060 -17.35727
 -15.94717 -17.36699
 -16.06287 -17.40003
 -16.24904 -17.40210
8 46 -13.611 -11.4752 -16.598 -14.7824 'Huambo (Angola)'
 -13.28608 -16.54052
 -13.33466 -16.52721
 -13.33278 -16.51816
 -13.33069 -16.50518
 -13.32521 -16.46631
 -13.34089 -16.31216
 -13.38547 -15.97521
 -13.39371 -15.94386
 -13.44443 -15.88747
 -13.51748 -15.81471
 -13.61104 -15.47119
 -13.40728 -15.05408
 -13.30015 -14.94064
 -13.19209 -14.89992
 -12.78564 -14.78243
 -12.70047 -14.79518
 -12.66509 -14.81670
 -12.60673 -14.88206
 -12.03503 -15.16929
 -11.65701 -15.33429
 -11.59967 -15.31055
 -11.59719 -15.31090
 -11.59461 -15.31230
 -11.58817 -15.31879
 -11.58586 -15.32197
 -11.54972 -15.38750
 -11.51939 -15.47593
 -11.51521 -15.48842
 -11.50524 -15.51924
 -11.47522 -15.68340
 -11.47634 -16.10217
 -11.51573 -16.26309
 -11.90695 -16.58392
 -11.93235 -16.59638
 -11.93793 -16.59734
 -11.95527 -16.59796
 -11.97990 -16.59295
 -12.38470 -16.39892
 -12.61550 -16.29940
 -12.69770 -16.43191
 -12.75093 -16.49384
 -12.87632 -16.51073
 -13.10952 -16.54140
 -13.13913 -16.54246
 -13.19338 -16.54396
 -13.28608 -16.54052
9 75 -16.3446 -13.3252 -16.7243 -13.1922 'Huíla (Angola)'
 -13.33466 -16.52721
 -13.76741 -16.49538
 -14.07452 -16.48296
 -14.19562 -16.48039
 -14.62162 -16.49494
 -14.64486 -16.49876
 -14.65211 -16.50135
 -14.66704 -16.51591
 -14.67331 -16.52499
 -14.71722 -16.60105
 -14.73078 -16.63443
 -14.73232 -16.63543
 -15.07458 -16.71253
 -15.17023 -16.72433
 -15.42384 -16.04472
 -15.42480 -16.02890
 -15.42307 -16.02048
 -15.39236 -15.92695
 -15.37253 -15.84533
 -15.37296 -15.83759
 -15.38970 -15.70540
 -15.44034 -15.59793
 -15.47570 -15.52830
 -15.48010 -15.52140
 -15.48836 -15.51227
 -15.54372 -15.45475
 -15.79671 -15.30670
 -15.86889 -14.79026
 -16.00863 -14.34835
 -16.30302 -13.77651
 -16.34225 -13.68735
 -16.34336 -13.68422
 -16.34461 -13.65520
 -16.32045 -13.61679
 -16.24381 -13.53647
 -16.23636 -13.52986
 -16.20867 -13.52174
 -16.06615 -13.49501
 -15.65964 -13.51185
 -15.37517 -13.32129
 -15.37324 -13.31712
 -15.28392 -13.20784
 -15.25286 -13.19216
 -15.11092 -13.20324
 -14.94548 -13.22460
 -14.91617 -13.23482
 -14.91188 -13.23818
 -14.89780 -13.25470
 -14.79189 -13.40440
 -14.78090 -13.42375
 -13.85196 -13.66862
 -13.82973 -13.71106
 -13.83247 -13.89502
 -13.86706 -14.00197
 -13.88224 -14.28804
 -13.88157 -14.29184
 -13.87902 -14.29962
 -13.86811 -14.32823
 -13.55601 -14.94565
 -13.50146 -15.05249
 -13.38143 -15.24948
 -13.37122 -15.26959
 -13.35397 -15.30473
 -13.35440 -15.31073
 -13.35774 -15.31655
 -13.61104 -15.47119
 -13.51748 -15.81471
 -13.44443 -15.88747
 -13.39371 -15.94386
 -13.38547 -15.97521
 -13.34089 -16.31216
 -13.32521 -16.46631
 -13.33069 -16.50518
 -13.33278 -16.51816
 -13.33466 -16.52721
10 16 -9.34176 -8.63319 -13.6355 -13.0078 'Luanda (Angola)'
 -9.34091 -13.15509
 -9.34176 -13.15117
 -9.32780 -13.14089
 -9.25602 -13.09338
 -9.11412 -13.00781
 -9.09403 -13.00781
 -8.80842 -13.22529
 -8.63319 -13.41027
 -8.65139 -13.51917
 -8.84271 -13.63383
 -8.84940 -13.63552
 -8.85554 -13.63213
 -9.15556 -13.42619
 -9.32930 -13.18332
 -9.32946 -13.18296
 -9.34091 -13.15509
11 89 -10.4241 -6.91555 -21.9214 -17.2907 'Lunda Norte (Angola)'
 -6.96413 -20.62421
 -7.01142 -20.61046
 -7.06156 -20.59577
 -7.08867 -20.58345
 -7.10283 -20.57497
 -7.15759 -20.55776
 -7.18351 -20.55577
 -7.27372 -20.55083
 -7.27535 -20.55109
 -7.28771 -20.55712
 -7.28651 -20.97886
 -7.28428 -21.20383
 -7.28308 -21.69236
 -7.28376 -21.78789
 -7.33688 -21.82636
 -7.34137 -21.82947
 -7.35214 -21.83439
 -7.37333 -21.84281
 -7.37497 -21.84340
 -7.42948 -21.85927
 -7.44662 -21.86068
 -8.38764 -21.92142
 -8.41141 -21.88980
 -8.65585 -21.46612
 -8.70941 -21.35081
 -8.61465 -21.11324
 -8.62542 -20.98609
 -8.64873 -20.82508
 -8.74100 -20.71839
 -8.78632 -20.67393
 -9.02390 -20.47602
 -9.19538 -20.34440
 -9.36310 -20.20602
 -9.82856 -19.71776
 -9.89697 -19.64569
 -10.40182 -18.71490
 -10.41212 -18.68435
 -10.42410 -18.46177
 -10.42087 -18.43617
 -10.40092 -18.38801
 -10.37653 -18.33503
 -10.34471 -18.29037
 -10.28861 -18.21750
 -10.21278 -18.16833
 -9.92306 -18.06747
 -9.86452 -17.75991
 -9.83139 -17.62147
 -9.82538 -17.60788
 -9.81251 -17.59290
 -9.60767 -17.38042
 -9.38481 -17.29729
 -9.34301 -17.29067
 -9.33598 -17.29363
 -9.32096 -17.30001
 -9.29237 -17.31776
 -9.29649 -17.33155
 -9.29611 -17.34672
 -9.25710 -17.48774
 -9.25259 -17.50013
 -9.22817 -17.55905
 -9.08003 -17.58646
 -8.68821 -17.58896
 -8.64942 -17.56750
 -8.59886 -17.54000
 -8.48754 -17.50693
 -8.15452 -17.49556
 -8.15203 -17.49556
 -8.11821 -17.50350
 -8.11315 -17.50535
 -8.09950 -17.52313
 -8.09890 -17.52495
 -8.09890 -17.52652
 -8.09864 -17.71021
 -8.08491 -18.10464
 -7.98662 -18.28193
 -7.93937 -18.77867
 -7.96795 -19.36477
 -7.95063 -19.35867
 -7.90207 -19.34316
 -7.16137 -19.50111
 -6.99949 -19.54842
 -6.99915 -19.96671
 -7.00035 -20.28809
 -6.99863 -20.30401
 -6.91555 -20.40222
 -6.91675 -20.62735
 -6.92173 -20.62923
 -6.95460 -20.62551
 -6.96413 -20.62421
12 69 -11.5005 -8.40985 -22.3282 -18.5571 'Lunda Sul (Angola)'
 -10.38980 -22.32819
 -10.59794 -22.31110
 -10.59649 -22.06796
 -10.61152 -21.83277
 -10.61541 -21.82136
 -10.62202 -21.81103
 -10.62521 -21.80719
 -10.63370 -21.80142
 -10.65983 -21.78634
 -10.70257 -21.76800
 -10.87415 -21.70155
 -10.88874 -21.69605
 -11.07937 -21.63201
 -11.08452 -21.63126
 -11.49522 -21.00219
 -11.49985 -20.99080
 -11.50045 -20.98248
 -11.49625 -20.92739
 -11.49556 -20.91881
 -11.48294 -20.80705
 -11.38194 -20.56897
 -11.37954 -20.56469
 -11.33190 -20.48634
 -11.31971 -20.47068
 -11.31714 -20.46779
 -11.27189 -20.36063
 -11.21824 -20.20917
 -11.26991 -19.92101
 -11.36021 -19.48070
 -11.33203 -19.17033
 -11.00650 -18.78368
 -10.87773 -18.67781
 -10.81673 -18.63160
 -10.80737 -18.62767
 -10.51577 -18.55707
 -10.41212 -18.68435
 -10.22673 -18.92233
 -10.08323 -19.25256
 -10.08323 -19.25468
 -10.07961 -19.26416
 -10.05610 -19.31804
 -9.89697 -19.64569
 -9.82856 -19.71776
 -9.36310 -20.20602
 -9.19538 -20.34440
 -9.02390 -20.47602
 -8.78632 -20.67393
 -8.74100 -20.71839
 -8.64873 -20.82508
 -8.41141 -21.88980
 -8.40985 -21.93313
 -8.41206 -21.93515
 -8.43956 -21.94852
 -8.50479 -21.95269
 -8.76609 -21.89816
 -8.86909 -21.86498
 -9.40910 -21.79112
 -9.41545 -21.79112
 -9.41854 -21.79147
 -9.68211 -21.92461
 -9.81958 -22.01291
 -9.83180 -22.02350
 -9.87516 -22.06990
 -9.88014 -22.08959
 -9.88049 -22.09342
 -10.03865 -22.20555
 -10.37899 -22.32592
 -10.38620 -22.32785
 -10.38980 -22.32819
13 126 -11.7759 -7.35123 -18.7966 -15.1052 'Malange (Angola)'
 -9.25710 -17.48774
 -9.29611 -17.34672
 -9.29649 -17.33155
 -9.29237 -17.31776
 -9.32096 -17.30001
 -9.33598 -17.29363
 -9.34301 -17.29067
 -9.38481 -17.29729
 -9.60767 -17.38042
 -9.81251 -17.59290
 -9.82538 -17.60788
 -9.83139 -17.62147
 -9.86452 -17.75991
 -9.92306 -18.06747
 -10.21278 -18.16833
 -10.28861 -18.21750
 -10.34471 -18.29037
 -10.37653 -18.33503
 -10.40092 -18.38801
 -10.42087 -18.43617
 -10.42410 -18.46177
 -10.44027 -18.48096
 -10.46104 -18.50504
 -10.57142 -18.62795
 -10.62412 -18.64470
 -10.92547 -18.72302
 -11.26901 -18.79658
 -11.37476 -18.76510
 -11.57684 -18.37710
 -11.57916 -18.35988
 -11.57968 -18.11685
 -11.53882 -17.80844
 -11.54860 -17.80564
 -11.76418 -17.71786
 -11.77588 -17.61677
 -11.67614 -17.52225
 -11.58749 -17.48534
 -11.56723 -17.47908
 -11.46450 -17.49609
 -11.46222 -17.49690
 -11.45477 -17.49995
 -11.44295 -17.50860
 -11.42994 -17.51943
 -11.37965 -17.53068
 -11.11954 -17.45068
 -10.92745 -17.37425
 -10.92539 -17.37146
 -10.87114 -17.27654
 -10.81587 -17.10388
 -10.77690 -16.96234
 -10.77261 -16.93840
 -10.76532 -16.88126
 -10.76531 -16.87500
 -10.77424 -16.83888
 -10.77587 -16.83259
 -10.77896 -16.82822
 -10.74729 -16.76497
 -10.70043 -16.67667
 -10.69716 -16.67195
 -10.65691 -16.62986
 -10.64670 -16.62191
 -10.36843 -16.44804
 -10.15085 -16.38262
 -10.14321 -16.38358
 -10.12008 -16.38249
 -10.11326 -16.38166
 -10.00829 -16.36257
 -9.78923 -16.22527
 -9.75449 -16.19029
 -9.74762 -16.17894
 -9.74251 -16.16544
 -9.74106 -16.15847
 -9.71196 -16.01709
 -9.71260 -15.96632
 -9.71466 -15.81948
 -9.71578 -15.80998
 -9.71775 -15.80363
 -9.72093 -15.79665
 -9.72277 -15.79532
 -9.73166 -15.79584
 -9.73904 -15.79726
 -9.74891 -15.79832
 -9.75213 -15.79649
 -9.77989 -15.77566
 -9.78187 -15.77363
 -9.79714 -15.66078
 -9.81515 -15.31024
 -9.81439 -15.29149
 -9.79732 -15.20621
 -9.77259 -15.15798
 -9.74054 -15.11058
 -9.72921 -15.10522
 -9.41198 -15.12549
 -9.37091 -15.16288
 -9.37057 -15.23525
 -9.36293 -15.34164
 -9.35868 -15.38784
 -9.34036 -15.42870
 -9.32685 -15.44909
 -9.32427 -15.45203
 -9.17401 -15.61248
 -9.16337 -15.61978
 -9.10589 -15.64447
 -9.10196 -15.64610
 -8.22807 -15.88441
 -7.64022 -16.02716
 -7.63636 -16.02742
 -7.62846 -16.03365
 -7.62211 -16.03902
 -7.62159 -16.03954
 -7.41775 -16.38935
 -7.36565 -16.53675
 -7.35758 -16.56185
 -7.35603 -16.56808
 -7.35552 -16.57033
 -7.35123 -16.59989
 -7.35586 -16.60253
 -7.46830 -16.71607
 -7.46967 -17.14920
 -7.88698 -17.45136
 -8.04371 -17.51827
 -8.68821 -17.58896
 -9.08003 -17.58646
 -9.22817 -17.55905
 -9.25259 -17.50013
 -9.25710 -17.48774
14 121 -16.1919 -10.5965 -24.0658 -17.8709 'Moxico (Angola)'
 -11.26047 -22.24953
 -11.26305 -22.26406
 -11.17395 -22.43993
 -11.13104 -22.48910
 -11.11490 -22.50100
 -11.06855 -22.63217
 -11.06941 -23.25706
 -10.98547 -23.65612
 -10.90530 -23.96865
 -10.88453 -23.99452
 -10.88612 -24.00436
 -10.94663 -24.02012
 -10.96964 -24.02324
 -11.42063 -24.06580
 -12.09749 -23.98022
 -12.78448 -23.89895
 -12.82242 -23.89961
 -12.85589 -23.91475
 -12.88284 -23.92972
 -12.88799 -23.93606
 -12.89194 -23.94592
 -12.89949 -23.98044
 -12.90894 -23.98981
 -12.95743 -24.02469
 -12.99468 -24.05119
 -13.00138 -24.05481
 -12.99897 -23.47653
 -12.99653 -23.06576
 -12.99600 -22.72062
 -12.99550 -22.00316
 -13.45937 -22.00013
 -13.65326 -21.99934
 -14.02791 -21.99829
 -14.23558 -21.99790
 -15.83924 -21.99767
 -16.17823 -22.00073
 -16.19187 -21.98038
 -16.09789 -21.82052
 -15.99446 -21.74487
 -15.84546 -21.64685
 -15.65037 -21.52411
 -15.49270 -21.41476
 -15.31863 -21.24290
 -15.08045 -21.00276
 -15.05805 -20.97395
 -15.04243 -20.93804
 -15.00453 -20.83204
 -14.95136 -20.66762
 -14.95111 -20.64675
 -14.97497 -20.46374
 -14.98432 -20.43709
 -14.98424 -20.39684
 -14.97694 -20.25052
 -14.92115 -20.15092
 -14.79592 -19.97787
 -14.66143 -19.81687
 -14.60770 -19.75451
 -14.56272 -19.71167
 -14.54118 -19.69748
 -14.33089 -19.20441
 -14.15992 -18.81491
 -14.03830 -18.78924
 -13.96397 -18.74757
 -13.91367 -18.70406
 -13.79093 -18.59408
 -13.78827 -18.59072
 -13.78604 -18.58754
 -13.71780 -18.35946
 -13.71197 -18.32686
 -13.71875 -18.29683
 -13.72089 -18.28711
 -13.72244 -18.28004
 -13.72192 -18.27607
 -13.68667 -18.15917
 -13.67105 -18.11705
 -13.58434 -17.96523
 -13.54992 -17.91142
 -13.54597 -17.90656
 -13.53172 -17.89491
 -13.38976 -17.87093
 -13.15544 -17.98047
 -13.03893 -18.04090
 -12.50553 -18.37984
 -12.48184 -18.39602
 -12.46176 -18.41096
 -11.85648 -18.86318
 -11.50071 -19.04542
 -11.45084 -19.11548
 -11.44990 -19.11750
 -11.36021 -19.48070
 -11.26991 -19.92101
 -11.21824 -20.20917
 -11.27189 -20.36063
 -11.31714 -20.46779
 -11.31971 -20.47068
 -11.33190 -20.48634
 -11.37954 -20.56469
 -11.38194 -20.56897
 -11.48294 -20.80705
 -11.49556 -20.91881
 -11.49625 -20.92739
 -11.50045 -20.98248
 -11.49985 -20.99080
 -11.49522 -21.00219
 -11.08452 -21.63126
 -11.07937 -21.63201
 -10.88874 -21.69605
 -10.87415 -21.70155
 -10.70257 -21.76800
 -10.65983 -21.78634
 -10.63370 -21.80142
 -10.62521 -21.80719
 -10.62202 -21.81103
 -10.61541 -21.82136
 -10.61152 -21.83277
 -10.59649 -22.06796
 -10.59794 -22.31110
 -10.73347 -22.33335
 -10.88711 -22.18123
 -11.25704 -22.24866
 -11.26047 -22.24953
15 67 -17.274 -13.5357 -13.666 -11.7487 'Namibe (Angola)'
 -13.56146 -12.71612
 -13.58914 -12.78135
 -13.55567 -13.09372
 -13.55947 -13.17677
 -13.57103 -13.27224
 -13.57651 -13.29514
 -13.96511 -13.62829
 -14.45286 -13.66595
 -14.71214 -13.57569
 -14.71896 -13.57105
 -14.75009 -13.54325
 -14.76863 -13.52339
 -14.76983 -13.51563
 -14.76442 -13.49016
 -14.75927 -13.46919
 -14.76048 -13.46422
 -14.76597 -13.45179
 -14.77678 -13.43139
 -14.78090 -13.42375
 -14.79189 -13.40440
 -14.89780 -13.25470
 -14.91188 -13.23818
 -14.91617 -13.23482
 -14.94548 -13.22460
 -15.11092 -13.20324
 -15.25286 -13.19216
 -15.28392 -13.20784
 -15.37324 -13.31712
 -15.37517 -13.32129
 -15.38081 -13.37236
 -15.38982 -13.41324
 -15.42410 -13.43911
 -15.55720 -13.53649
 -16.11868 -13.50102
 -16.71759 -13.17971
 -16.99222 -13.24048
 -17.22551 -12.60885
 -17.23581 -12.57171
 -17.26439 -12.44720
 -17.27402 -11.79403
 -17.27247 -11.79019
 -17.27214 -11.78965
 -17.24563 -11.75775
 -17.23852 -11.75170
 -17.15666 -11.74962
 -17.10087 -11.74868
 -17.07646 -11.75014
 -17.01347 -11.75526
 -15.78422 -11.88262
 -15.63149 -11.99509
 -15.56816 -12.01966
 -15.56727 -12.01997
 -14.72814 -12.28540
 -14.44182 -12.34673
 -14.31248 -12.36910
 -14.15513 -12.37106
 -13.88195 -12.41950
 -13.88052 -12.41992
 -13.56592 -12.54326
 -13.56521 -12.54377
 -13.55508 -12.55369
 -13.54955 -12.56118
 -13.54489 -12.56780
 -13.53571 -12.58286
 -13.53652 -12.58733
 -13.56091 -12.71416
 -13.56146 -12.71612
16 92 -8.43248 -5.84558 -17.0817 -13.7844 'Uíge (Angola)'
 -5.87460 -16.57992
 -5.87726 -16.58258
 -5.87992 -16.58446
 -6.13363 -16.71635
 -6.16367 -16.72982
 -6.52365 -16.75222
 -6.60733 -16.75703
 -7.10077 -16.91904
 -7.34213 -17.07304
 -7.39740 -17.08173
 -7.55585 -16.99655
 -7.61061 -16.94096
 -7.61696 -16.93109
 -7.61782 -16.92936
 -7.62915 -16.90511
 -7.64030 -16.82550
 -7.63155 -16.80461
 -7.62794 -16.79710
 -7.60494 -16.77459
 -7.58546 -16.77469
 -7.54795 -16.76057
 -7.46830 -16.71607
 -7.42264 -16.68371
 -7.37234 -16.64563
 -7.37084 -16.64433
 -7.35123 -16.59989
 -7.35552 -16.57033
 -7.35603 -16.56808
 -7.35758 -16.56185
 -7.36565 -16.53675
 -7.41775 -16.38935
 -7.62159 -16.03954
 -7.62211 -16.03902
 -7.62846 -16.03365
 -7.63636 -16.02742
 -7.64022 -16.02716
 -7.75334 -16.03803
 -7.80227 -16.05634
 -7.90076 -16.08546
 -8.04766 -16.12733
 -8.05427 -16.12907
 -8.12010 -16.09569
 -8.24026 -15.92019
 -8.24026 -15.90592
 -8.22685 -15.79288
 -8.22189 -15.78936
 -8.21726 -15.78823
 -8.21211 -15.78736
 -8.18215 -15.78372
 -8.06293 -15.73596
 -8.02315 -15.70536
 -8.01895 -15.69789
 -8.01680 -15.68798
 -7.99165 -15.34825
 -8.12405 -15.21233
 -8.19511 -15.20338
 -8.21880 -15.18795
 -8.22327 -15.18396
 -8.22567 -15.18153
 -8.28597 -15.10258
 -8.29536 -15.08593
 -8.43248 -14.82103
 -8.43209 -14.81595
 -8.40930 -14.62556
 -7.93307 -14.42228
 -7.88119 -14.31160
 -7.65138 -13.88093
 -7.00520 -13.78439
 -6.98799 -13.80031
 -6.79436 -14.24260
 -6.60326 -14.68256
 -6.55858 -14.80697
 -6.28265 -14.97636
 -6.24406 -15.00000
 -6.22495 -15.00000
 -6.18264 -14.99264
 -6.17844 -14.99083
 -6.15415 -14.97452
 -6.14625 -14.95759
 -5.93451 -14.79912
 -5.91373 -14.78756
 -5.87745 -14.77484
 -5.87616 -14.77532
 -5.86447 -14.94925
 -5.86756 -15.46264
 -5.87494 -15.77498
 -5.85777 -16.45108
 -5.84558 -16.49577
 -5.84730 -16.50164
 -5.85503 -16.52563
 -5.87139 -16.57345
 -5.87460 -16.57992
17 100 -7.81586 -5.83827 -15 -12.2732 'Zaire (Angola)'
 -6.10132 -12.50595
 -6.10957 -12.50819
 -6.12291 -12.51849
 -6.12457 -12.52059
 -6.12541 -12.52235
 -6.12583 -12.52346
 -6.13780 -12.56661
 -6.10132 -12.50595
 -6.09025 -12.50295
 -6.08631 -12.50239
 -6.08626 -12.50244
 -6.08290 -12.50858
 -6.07360 -12.53144
 -6.06923 -12.54472
 -6.06453 -12.55900
 -6.06269 -12.56681
 -6.06271 -12.56724
 -6.06360 -12.56903
 -6.06687 -12.57232
 -6.08184 -12.57148
 -6.07242 -12.57511
 -6.07169 -12.57539
 -6.07097 -12.57532
 -6.06935 -12.57478
 -6.06880 -12.57428
 -6.06687 -12.57232
 -6.06205 -12.57259
 -6.06081 -12.57312
 -6.05584 -12.57898
 -5.90365 -12.98749
 -5.89836 -13.00308
 -5.89763 -13.00724
 -5.87012 -13.20778
 -5.86841 -13.22098
 -5.86790 -13.49227
 -5.87434 -13.54652
 -5.87820 -13.62669
 -5.87288 -13.77406
 -5.86721 -13.83169
 -5.85262 -13.94973
 -5.85073 -13.96284
 -5.83827 -14.01203
 -5.88404 -14.24279
 -5.89537 -14.40340
 -5.90343 -14.59582
 -5.90275 -14.61308
 -5.89090 -14.64983
 -5.87837 -14.69557
 -5.87616 -14.77532
 -5.87923 -14.78109
 -5.88919 -14.79032
 -6.15415 -14.97452
 -6.17844 -14.99083
 -6.18264 -14.99264
 -6.22495 -15.00000
 -6.24406 -15.00000
 -6.28265 -14.97636
 -6.55858 -14.80697
 -6.60326 -14.68256
 -6.79436 -14.24260
 -6.98799 -13.80031
 -7.00520 -13.78439
 -7.09918 -13.82703
 -7.18815 -13.86970
 -7.25201 -13.89892
 -7.50688 -13.96685
 -7.50986 -13.96755
 -7.52934 -13.96220
 -7.53362 -13.95901
 -7.56743 -13.92836
 -7.57130 -13.92368
 -7.64983 -13.82057
 -7.65850 -13.80774
 -7.68253 -13.76886
 -7.69077 -13.74884
 -7.75858 -13.53907
 -7.81586 -13.10321
 -7.81039 -13.09477
 -7.81000 -13.09437
 -7.79608 -13.08269
 -7.78926 -13.07740
 -7.77601 -13.06975
 -7.26953 -12.85374
 -7.26106 -12.85180
 -7.24595 -12.85037
 -7.15161 -12.84327
 -6.53389 -12.49529
 -6.15377 -12.27797
 -6.15234 -12.27750
 -6.14256 -12.27430
 -6.13819 -12.27346
 -6.13359 -12.27323
 -6.12852 -12.27335
 -6.10851 -12.27541
 -6.10642 -12.27828
 -6.09398 -12.29740
 -6.07738 -12.33172
 -6.09184 -12.48693
 -6.09340 -12.49279
 -6.10132 -12.50595
