0 70 18.1845 18.4761 76.9964 77.4912 'Saint Ann (Jamaica)'
 18.47605 77.46529
 18.47533 77.45499
 18.46922 77.42886
 18.45734 77.40827
 18.46516 77.37654
 18.46503 77.32531
 18.45938 77.27261
 18.45051 77.23632
 18.44603 77.23184
 18.43366 77.22814
 18.42939 77.22330
 18.42935 77.21744
 18.43179 77.21203
 18.43496 77.20885
 18.43684 77.20962
 18.42939 77.16495
 18.42621 77.15941
 18.41210 77.14257
 18.40892 77.13736
 18.40786 77.10473
 18.41337 77.07035
 18.40885 77.06953
 18.37226 77.06090
 18.36707 77.06028
 18.35989 77.05831
 18.35635 77.05625
 18.35154 77.05100
 18.34790 77.04829
 18.34415 77.04645
 18.32172 77.04860
 18.31870 77.04824
 18.31501 77.04614
 18.30100 77.03374
 18.29465 77.02950
 18.28545 77.02643
 18.27695 77.02503
 18.27147 77.02343
 18.26883 77.02222
 18.26033 77.01558
 18.24196 76.99641
 18.20977 77.05643
 18.20230 77.07676
 18.18610 77.21086
 18.18726 77.30137
 18.19584 77.35044
 18.20318 77.36969
 18.20398 77.37483
 18.20406 77.37897
 18.19672 77.41287
 18.19561 77.41529
 18.19036 77.42227
 18.18835 77.42602
 18.18556 77.43315
 18.18473 77.43788
 18.18455 77.44222
 18.18871 77.46764
 18.19610 77.49116
 18.37611 77.45147
 18.38102 77.45116
 18.38560 77.45149
 18.39190 77.45682
 18.39472 77.45821
 18.39831 77.45824
 18.40459 77.45555
 18.41040 77.45475
 18.41761 77.45555
 18.44593 77.46702
 18.45412 77.46782
 18.47399 77.46565
 18.47605 77.46529
1 31 18.1961 18.5067 77.4512 77.7814 'Trelawny (Jamaica)'
 18.50670 77.73554
 18.49193 77.66454
 18.49018 77.56725
 18.48021 77.52428
 18.47605 77.46529
 18.47399 77.46565
 18.45412 77.46782
 18.44593 77.46702
 18.41761 77.45555
 18.41040 77.45475
 18.40459 77.45555
 18.39831 77.45824
 18.39472 77.45821
 18.39190 77.45682
 18.38560 77.45149
 18.38102 77.45116
 18.37611 77.45147
 18.19610 77.49116
 18.22571 77.53583
 18.23170 77.55014
 18.23160 77.55332
 18.23708 77.59156
 18.23723 77.59733
 18.23579 77.60291
 18.23253 77.61022
 18.22610 77.62130
 18.22393 77.62743
 18.22085 77.64029
 18.23444 77.78140
 18.50494 77.73590
 18.50670 77.73554
2 45 18.1956 18.5251 77.7355 78.0075 'Saint James (Jamaica)'
 18.44669 78.00017
 18.44400 77.99242
 18.44135 77.98135
 18.44306 77.96996
 18.44990 77.95983
 18.45645 77.95885
 18.46410 77.95914
 18.47443 77.95295
 18.50202 77.93029
 18.51118 77.91999
 18.51878 77.90233
 18.52509 77.86189
 18.52342 77.81607
 18.50670 77.73554
 18.50494 77.73590
 18.23444 77.78140
 18.19556 77.89589
 18.22199 77.88638
 18.23150 77.88591
 18.25566 77.89392
 18.26064 77.89687
 18.26255 77.89837
 18.26442 77.90017
 18.26589 77.90224
 18.26710 77.90472
 18.27369 77.91046
 18.29612 77.92141
 18.32048 77.93413
 18.32366 77.93661
 18.32816 77.94157
 18.33513 77.95552
 18.33761 77.95914
 18.33971 77.96120
 18.35051 77.96617
 18.37033 77.97748
 18.37658 77.98027
 18.38379 77.98182
 18.38867 77.98428
 18.39138 77.98596
 18.40420 78.00224
 18.40818 78.00565
 18.41172 78.00746
 18.43415 78.00084
 18.43717 78.00030
 18.44669 78.00017
3 54 18.2898 18.4555 77.9214 78.346 'Hanover (Jamaica)'
 18.29795 78.34604
 18.30537 78.34439
 18.33552 78.34581
 18.34406 78.34390
 18.35590 78.33629
 18.36343 78.33544
 18.36738 78.33194
 18.36860 78.31640
 18.37466 78.30663
 18.38638 78.29870
 18.39435 78.28840
 18.38906 78.27164
 18.41739 78.26130
 18.44424 78.23062
 18.45547 78.19498
 18.43684 78.16926
 18.45352 78.15441
 18.45384 78.13854
 18.44733 78.11998
 18.44306 78.09724
 18.45063 78.03254
 18.45051 78.01098
 18.44669 78.00017
 18.43717 78.00030
 18.43415 78.00084
 18.41172 78.00746
 18.40818 78.00565
 18.40420 78.00224
 18.39138 77.98596
 18.38867 77.98428
 18.38379 77.98182
 18.37658 77.98027
 18.37033 77.97748
 18.35051 77.96617
 18.33971 77.96120
 18.33761 77.95914
 18.33513 77.95552
 18.32816 77.94157
 18.32366 77.93661
 18.32048 77.93413
 18.29612 77.92141
 18.30085 78.00523
 18.30465 78.02714
 18.33503 78.08218
 18.33738 78.09091
 18.33860 78.10019
 18.33805 78.22434
 18.33661 78.23003
 18.29449 78.26754
 18.29077 78.27248
 18.28979 78.27762
 18.28984 78.28302
 18.29728 78.33700
 18.29795 78.34604
4 66 18.0506 18.3386 77.8859 78.3747 'Westmoreland (Jamaica)'
 18.05057 77.96462
 18.08446 77.97997
 18.09536 77.98786
 18.10102 77.99645
 18.10586 78.00642
 18.10786 78.01439
 18.11310 78.02058
 18.12519 78.02538
 18.14887 78.03148
 18.18513 78.05028
 18.19843 78.07518
 18.19668 78.14879
 18.20392 78.19376
 18.20409 78.21019
 18.19587 78.21959
 18.19184 78.22728
 18.19318 78.23404
 18.20262 78.25866
 18.20409 78.26114
 18.20624 78.27514
 18.21564 78.30590
 18.21772 78.32315
 18.22187 78.34073
 18.23273 78.35774
 18.24811 78.37027
 18.26557 78.37466
 18.27387 78.36913
 18.28384 78.35432
 18.29222 78.34732
 18.29795 78.34604
 18.29728 78.33700
 18.28984 78.28302
 18.28979 78.27762
 18.29077 78.27248
 18.29449 78.26754
 18.33661 78.23003
 18.33805 78.22434
 18.33860 78.10019
 18.33738 78.09091
 18.33503 78.08218
 18.30465 78.02714
 18.30085 78.00523
 18.29612 77.92141
 18.27369 77.91046
 18.26710 77.90472
 18.26589 77.90224
 18.26442 77.90017
 18.26255 77.89837
 18.26064 77.89687
 18.25566 77.89392
 18.23150 77.88591
 18.22199 77.88638
 18.19556 77.89589
 18.18840 77.91100
 18.18571 77.91441
 18.18145 77.91888
 18.16476 77.92986
 18.15207 77.93622
 18.14587 77.93790
 18.14287 77.93823
 18.14008 77.93800
 18.13481 77.93661
 18.13243 77.93568
 18.11760 77.93795
 18.06350 77.95764
 18.05057 77.96462
5 38 17.8536 18.2344 77.5646 77.9646 'Saint Elizabeth (Jamaica)'
 17.85710 77.56457
 17.86099 77.58837
 17.85358 77.72387
 17.85480 77.73070
 17.86831 77.75154
 17.88496 77.78673
 17.89155 77.79556
 17.89912 77.79992
 17.92475 77.81029
 17.93285 77.81237
 17.93920 77.81615
 17.94530 77.83406
 17.94961 77.83967
 17.97061 77.84114
 17.99584 77.83934
 18.01704 77.84557
 18.02595 77.87100
 18.02652 77.94034
 18.03217 77.95629
 18.05057 77.96462
 18.06350 77.95764
 18.11760 77.93795
 18.13243 77.93568
 18.13481 77.93661
 18.14008 77.93800
 18.14287 77.93823
 18.14587 77.93790
 18.15207 77.93622
 18.16476 77.92986
 18.18145 77.91888
 18.18571 77.91441
 18.18840 77.91100
 18.19556 77.89589
 18.23444 77.78140
 18.22085 77.64029
 18.13119 77.63526
 17.86162 77.56702
 17.85710 77.56457
6 47 17.8419 18.2372 77.359 77.6403 'Manchester (Jamaica)'
 17.85337 77.39458
 17.85395 77.39562
 17.86172 77.41771
 17.86465 77.44103
 17.85741 77.45946
 17.84374 77.48062
 17.84195 77.50182
 17.85399 77.54548
 17.85710 77.56457
 17.86162 77.56702
 18.13119 77.63526
 18.22085 77.64029
 18.22393 77.62743
 18.22610 77.62130
 18.23253 77.61022
 18.23579 77.60291
 18.23723 77.59733
 18.23708 77.59156
 18.23160 77.55332
 18.23170 77.55014
 18.22571 77.53583
 18.19610 77.49116
 18.18122 77.48878
 17.96877 77.37992
 17.96312 77.38132
 17.95524 77.38411
 17.95038 77.38442
 17.94363 77.38393
 17.93007 77.38171
 17.92402 77.37995
 17.91971 77.37824
 17.91384 77.37359
 17.90441 77.36217
 17.90090 77.35995
 17.89756 77.35897
 17.89441 77.35938
 17.87578 77.36532
 17.86356 77.36734
 17.86098 77.36845
 17.85912 77.37010
 17.85772 77.37217
 17.85718 77.37481
 17.85702 77.37791
 17.85806 77.38680
 17.85720 77.38972
 17.85594 77.39173
 17.85337 77.39458
7 90 17.7032 18.2041 77.1306 77.4912 'Clarendon (Jamaica)'
 17.88510 77.13460
 17.88113 77.14165
 17.84987 77.15808
 17.84077 77.16198
 17.81306 77.15441
 17.81029 77.16169
 17.80292 77.17439
 17.79999 77.18171
 17.79475 77.17911
 17.78461 77.17736
 17.77827 77.17492
 17.78290 77.18562
 17.78339 77.19636
 17.77985 77.20678
 17.77212 77.21646
 17.76179 77.19888
 17.75788 77.18033
 17.75943 77.16088
 17.76529 77.14074
 17.72769 77.13060
 17.71044 77.13366
 17.70319 77.15811
 17.70417 77.17894
 17.70820 77.19758
 17.71670 77.21605
 17.79084 77.30289
 17.81245 77.32087
 17.85337 77.39458
 17.85594 77.39173
 17.85720 77.38972
 17.85806 77.38680
 17.85702 77.37791
 17.85718 77.37481
 17.85772 77.37217
 17.85912 77.37010
 17.86098 77.36845
 17.86356 77.36734
 17.87578 77.36532
 17.89441 77.35938
 17.89756 77.35897
 17.90090 77.35995
 17.90441 77.36217
 17.91384 77.37359
 17.91971 77.37824
 17.92402 77.37995
 17.93007 77.38171
 17.94363 77.38393
 17.95038 77.38442
 17.95524 77.38411
 17.96312 77.38132
 17.96877 77.37992
 18.18122 77.48878
 18.19610 77.49116
 18.18871 77.46764
 18.18455 77.44222
 18.18473 77.43788
 18.18556 77.43315
 18.18835 77.42602
 18.19036 77.42227
 18.19561 77.41529
 18.19672 77.41287
 18.20406 77.37897
 18.20398 77.37483
 18.20318 77.36969
 18.19584 77.35044
 18.18726 77.30137
 18.18610 77.21086
 18.11755 77.18247
 18.09975 77.17851
 18.09264 77.18223
 18.08329 77.18510
 18.06882 77.18743
 18.06391 77.18712
 18.06032 77.18627
 18.05425 77.18223
 18.05241 77.18061
 18.04435 77.17495
 18.03451 77.16939
 18.02789 77.16699
 18.02285 77.16567
 17.98795 77.16539
 17.98030 77.16459
 17.97448 77.16342
 17.97172 77.16224
 17.96939 77.16094
 17.94485 77.14156
 17.94038 77.13983
 17.93619 77.13893
 17.93294 77.13929
 17.88510 77.13460
8 97 17.8334 18.2471 76.85 77.2109 'Saint Catherine (Jamaica)'
 17.99228 76.84997
 17.98197 76.85307
 17.97140 76.85776
 17.95805 76.87017
 17.95035 76.87400
 17.95186 76.88716
 17.94450 76.89104
 17.92168 76.89494
 17.86129 76.91283
 17.84333 76.92610
 17.83356 76.94213
 17.83344 76.95531
 17.83723 76.96402
 17.84243 76.97208
 17.84658 76.98306
 17.84658 77.03832
 17.85399 77.03832
 17.86083 77.01720
 17.86982 77.02798
 17.88715 77.04149
 17.89496 77.05199
 17.89948 77.06420
 17.90249 77.09301
 17.89380 77.11911
 17.88510 77.13460
 17.93294 77.13929
 17.93619 77.13893
 17.94038 77.13983
 17.94485 77.14156
 17.96939 77.16094
 17.97172 77.16224
 17.97448 77.16342
 17.98030 77.16459
 17.98795 77.16539
 18.02285 77.16567
 18.02789 77.16699
 18.03451 77.16939
 18.04435 77.17495
 18.05241 77.18061
 18.05425 77.18223
 18.06032 77.18627
 18.06391 77.18712
 18.06882 77.18743
 18.08329 77.18510
 18.09264 77.18223
 18.09975 77.17851
 18.11755 77.18247
 18.18610 77.21086
 18.20230 77.07676
 18.20977 77.05643
 18.24196 76.99641
 18.24638 76.98106
 18.24692 76.97819
 18.24708 76.97509
 18.24509 76.95592
 18.24281 76.95264
 18.23920 76.94964
 18.22548 76.94362
 18.22108 76.94023
 18.21558 76.93233
 18.21116 76.92806
 18.20339 76.92421
 18.19530 76.92210
 18.18680 76.92085
 18.18253 76.91868
 18.16724 76.90701
 18.15739 76.89641
 18.14830 76.87282
 18.12210 76.87517
 18.11822 76.87468
 18.11192 76.87311
 18.09882 76.86649
 18.09388 76.86554
 18.09008 76.86569
 18.08288 76.86908
 18.08071 76.87037
 18.07879 76.87205
 18.07714 76.87393
 18.07569 76.87592
 18.07042 76.87900
 18.06208 76.88246
 18.04187 76.88840
 18.03316 76.88977
 18.02750 76.88964
 18.02130 76.88241
 18.02024 76.88153
 18.01867 76.88050
 18.01412 76.87864
 18.01200 76.87729
 18.01045 76.87546
 18.00960 76.87311
 18.00960 76.87034
 18.01014 76.86783
 18.01231 76.86269
 18.01285 76.86003
 18.00384 76.85321
 17.99228 76.84997
9 105 17.9297 18.1669 76.6162 76.8898 'Saint Andrew (Jamaica)'
 17.97153 76.81246
 17.97527 76.81906
 17.98636 76.83683
 17.99228 76.84997
 18.00384 76.85321
 18.01285 76.86003
 18.01231 76.86269
 18.01014 76.86783
 18.00960 76.87034
 18.00960 76.87311
 18.01045 76.87546
 18.01200 76.87729
 18.01412 76.87864
 18.01867 76.88050
 18.02024 76.88153
 18.02130 76.88241
 18.02750 76.88964
 18.03316 76.88977
 18.04187 76.88840
 18.06208 76.88246
 18.07042 76.87900
 18.07569 76.87592
 18.07714 76.87393
 18.07879 76.87205
 18.08071 76.87037
 18.08288 76.86908
 18.09008 76.86569
 18.09388 76.86554
 18.09882 76.86649
 18.11192 76.87311
 18.11822 76.87468
 18.12210 76.87517
 18.14830 76.87282
 18.15362 76.85926
 18.15538 76.85698
 18.15804 76.85455
 18.16065 76.85352
 18.16303 76.85218
 18.16468 76.84830
 18.16569 76.84220
 18.16576 76.82944
 18.16693 76.82370
 18.16380 76.80699
 18.13861 76.75143
 18.11833 76.74521
 18.11579 76.74484
 18.09070 76.73590
 18.08856 76.73466
 18.08468 76.73162
 18.08251 76.72790
 18.08063 76.72141
 18.07807 76.70846
 18.07980 76.69841
 18.08171 76.69358
 18.08466 76.69157
 18.08962 76.68934
 18.09179 76.68785
 18.09334 76.68593
 18.09145 76.67296
 18.07363 76.62780
 18.06554 76.63700
 18.05921 76.63870
 18.05109 76.63999
 18.03606 76.64041
 18.02988 76.63906
 18.02422 76.63674
 18.01978 76.63397
 18.00102 76.62847
 17.99771 76.62671
 17.98795 76.61948
 17.98229 76.61625
 17.97885 76.61625
 17.97691 76.61782
 17.97642 76.62059
 17.97725 76.63054
 17.97642 76.63457
 17.97467 76.63844
 17.96831 76.64286
 17.96252 76.64387
 17.95319 76.64330
 17.94883 76.64379
 17.94565 76.64485
 17.93875 76.65116
 17.92969 76.65716
 17.93602 76.68480
 17.94001 76.69229
 17.94595 76.70767
 17.94477 76.72842
 17.93659 76.76464
 17.93480 76.78010
 17.93659 76.83226
 17.94343 76.83226
 17.94961 76.72240
 17.95379 76.72696
 17.95676 76.72144
 17.96976 76.72234
 17.98833 76.73069
 17.99332 76.74058
 17.99660 76.75544
 17.99539 76.78123
 17.99327 76.78973
 17.98937 76.79967
 17.98454 76.80743
 17.98087 76.80916
 17.97153 76.81246
10 18 17.9538 17.9966 76.7214 76.8125 'Kingston (Jamaica)'
 17.95379 76.72696
 17.95596 76.72932
 17.96060 76.73436
 17.96345 76.74747
 17.96385 76.77766
 17.96342 76.79816
 17.97153 76.81246
 17.98087 76.80916
 17.98454 76.80743
 17.98937 76.79967
 17.99327 76.78973
 17.99539 76.78123
 17.99660 76.75544
 17.99332 76.74058
 17.98833 76.73069
 17.96976 76.72234
 17.95676 76.72144
 17.95379 76.72696
11 96 17.8603 18.0736 76.188 76.6572 'Saint Thomas (Jamaica)'
 17.99634 76.25679
 17.97785 76.24877
 17.95392 76.23404
 17.93496 76.21524
 17.91547 76.18798
 17.90742 76.19839
 17.89496 76.25007
 17.87588 76.28649
 17.87010 76.30736
 17.87450 76.32518
 17.87930 76.31823
 17.88272 76.31542
 17.89496 76.31151
 17.88866 76.32958
 17.86587 76.34561
 17.86083 76.36303
 17.86506 76.37853
 17.87299 76.39656
 17.87751 76.41491
 17.86677 76.44494
 17.86026 76.52355
 17.86831 76.57901
 17.86799 76.58707
 17.86660 76.59459
 17.86762 76.60277
 17.87450 76.61315
 17.88353 76.61767
 17.89509 76.61970
 17.90502 76.62271
 17.90925 76.63052
 17.91161 76.63858
 17.91722 76.64395
 17.92390 76.64859
 17.92914 76.65477
 17.92969 76.65716
 17.93875 76.65116
 17.94565 76.64485
 17.94883 76.64379
 17.95319 76.64330
 17.96252 76.64387
 17.96831 76.64286
 17.97467 76.63844
 17.97642 76.63457
 17.97725 76.63054
 17.97642 76.62059
 17.97691 76.61782
 17.97885 76.61625
 17.98229 76.61625
 17.98795 76.61948
 17.99771 76.62671
 18.00102 76.62847
 18.01978 76.63397
 18.02422 76.63674
 18.02988 76.63906
 18.03606 76.64041
 18.05109 76.63999
 18.05921 76.63870
 18.06554 76.63700
 18.07363 76.62780
 18.06138 76.60904
 18.05153 76.60144
 18.04975 76.59961
 18.04805 76.59754
 18.04373 76.59090
 18.04032 76.58338
 18.02603 76.53602
 18.02216 76.52899
 18.02177 76.52519
 18.02221 76.52054
 18.02508 76.51243
 18.02748 76.50855
 18.03161 76.50408
 18.03316 76.50207
 18.03430 76.49972
 18.03477 76.49566
 18.03484 76.48155
 18.03549 76.47654
 18.03642 76.47295
 18.03993 76.46626
 18.04197 76.46119
 18.04179 76.45711
 18.04058 76.45215
 18.02841 76.43019
 18.02355 76.39748
 18.01518 76.36789
 18.01304 76.36254
 18.01161 76.36068
 18.00970 76.35900
 18.00066 76.35247
 17.99787 76.34968
 17.99469 76.34577
 17.99146 76.33223
 17.98673 76.29578
 17.98789 76.28526
 17.99616 76.25738
 17.99634 76.25679
12 78 17.9867 18.2668 76.2568 76.7514 'Portland (Jamaica)'
 18.26678 76.70146
 18.26557 76.69571
 18.25812 76.68102
 18.23981 76.66198
 18.23078 76.64733
 18.22573 76.63036
 18.22775 76.59716
 18.21603 76.57977
 18.21467 76.57421
 18.21011 76.56920
 18.20596 76.56306
 18.20409 76.55480
 18.20409 76.47973
 18.20108 76.47448
 18.18675 76.46662
 18.18236 76.46300
 18.16918 76.38939
 18.15599 76.35114
 18.13520 76.34626
 18.10928 76.31786
 18.07917 76.29581
 18.01236 76.26374
 17.99634 76.25679
 17.99616 76.25738
 17.98789 76.28526
 17.98673 76.29578
 17.99146 76.33223
 17.99469 76.34577
 17.99787 76.34968
 18.00066 76.35247
 18.00970 76.35900
 18.01161 76.36068
 18.01304 76.36254
 18.01518 76.36789
 18.02355 76.39748
 18.02841 76.43019
 18.04058 76.45215
 18.04179 76.45711
 18.04197 76.46119
 18.03993 76.46626
 18.03642 76.47295
 18.03549 76.47654
 18.03484 76.48155
 18.03477 76.49566
 18.03430 76.49972
 18.03316 76.50207
 18.03161 76.50408
 18.02748 76.50855
 18.02508 76.51243
 18.02221 76.52054
 18.02177 76.52519
 18.02216 76.52899
 18.02603 76.53602
 18.04032 76.58338
 18.04373 76.59090
 18.04805 76.59754
 18.04975 76.59961
 18.05153 76.60144
 18.06138 76.60904
 18.07363 76.62780
 18.09145 76.67296
 18.09334 76.68593
 18.09179 76.68785
 18.08962 76.68934
 18.08466 76.69157
 18.08171 76.69358
 18.07980 76.69841
 18.07807 76.70846
 18.08063 76.72141
 18.08251 76.72790
 18.08468 76.73162
 18.08856 76.73466
 18.09070 76.73590
 18.11579 76.74484
 18.11833 76.74521
 18.13861 76.75143
 18.26354 76.70443
 18.26678 76.70146
13 72 18.1386 18.4163 76.7015 77.0704 'Saint Mary (Jamaica)'
 18.41337 77.07035
 18.41633 77.05199
 18.41348 77.04003
 18.40412 77.01915
 18.40209 77.00731
 18.40449 76.94815
 18.41030 76.93662
 18.41220 76.92034
 18.41121 76.90712
 18.40925 76.89492
 18.40055 76.88783
 18.38995 76.89092
 18.37644 76.89095
 18.36677 76.87978
 18.34545 76.84421
 18.32801 76.81275
 18.31831 76.80762
 18.29206 76.79833
 18.28339 76.79239
 18.27782 76.78283
 18.27302 76.76464
 18.26919 76.71288
 18.26678 76.70146
 18.26354 76.70443
 18.13861 76.75143
 18.16380 76.80699
 18.16693 76.82370
 18.16576 76.82944
 18.16569 76.84220
 18.16468 76.84830
 18.16303 76.85218
 18.16065 76.85352
 18.15804 76.85455
 18.15538 76.85698
 18.15362 76.85926
 18.14830 76.87282
 18.15739 76.89641
 18.16724 76.90701
 18.18253 76.91868
 18.18680 76.92085
 18.19530 76.92210
 18.20339 76.92421
 18.21116 76.92806
 18.21558 76.93233
 18.22108 76.94023
 18.22548 76.94362
 18.23920 76.94964
 18.24281 76.95264
 18.24509 76.95592
 18.24708 76.97509
 18.24692 76.97819
 18.24638 76.98106
 18.24196 76.99641
 18.26033 77.01558
 18.26883 77.02222
 18.27147 77.02343
 18.27695 77.02503
 18.28545 77.02643
 18.29465 77.02950
 18.30100 77.03374
 18.31501 77.04614
 18.31870 77.04824
 18.32172 77.04860
 18.34415 77.04645
 18.34790 77.04829
 18.35154 77.05100
 18.35635 77.05625
 18.35989 77.05831
 18.36707 77.06028
 18.37226 77.06090
 18.40885 77.06953
 18.41337 77.07035
