0 12 -14.0047 -13.4628 171.791 172.414 'Gaga'emauga (Samoa)'
 -13.46282 172.36616
 -13.46299 172.34443
 -13.46689 172.32238
 -13.47650 172.30077
 -13.49358 172.28051
 -13.55836 172.22277
 -13.56170 172.29724
 -13.63951 172.31097
 -13.63858 172.34745
 -13.63746 172.39102
 -13.63687 172.41418
 -13.46282 172.36616
1 5 -14.0047 -13.4628 171.791 172.414 'Gaga'emauga (Samoa)'
 -13.81162 171.81491
 -13.81650 171.79231
 -13.87067 171.79143
 -13.86609 171.81203
 -13.81162 171.81491
2 5 -14.0047 -13.4628 171.791 172.414 'Gaga'emauga (Samoa)'
 -14.00189 171.85407
 -14.00469 171.87565
 -13.94162 171.87154
 -13.94375 171.84793
 -14.00189 171.85407
3 15 -13.6369 -13.4628 172.366 172.639 'Gaga'ifomauga (Samoa)'
 -13.52207 172.63899
 -13.50937 172.61535
 -13.50644 172.60399
 -13.50449 172.58186
 -13.50140 172.56920
 -13.48789 172.54223
 -13.48398 172.53063
 -13.48398 172.45185
 -13.48089 172.43147
 -13.46697 172.38923
 -13.46282 172.36616
 -13.63687 172.41418
 -13.63265 172.57875
 -13.59987 172.63181
 -13.52207 172.63899
4 19 -13.6166 -13.5105 172.632 172.783 'Vaisigano (Samoa)'
 -13.61663 172.70348
 -13.60280 172.71874
 -13.59783 172.72187
 -13.58733 172.72301
 -13.58196 172.72558
 -13.57887 172.73127
 -13.58001 172.74450
 -13.57830 172.74975
 -13.56504 172.76118
 -13.54209 172.77648
 -13.52028 172.78258
 -13.51051 172.76655
 -13.51051 172.73237
 -13.52418 172.69514
 -13.52516 172.66120
 -13.52207 172.63899
 -13.59987 172.63181
 -13.58458 172.65656
 -13.61663 172.70348
5 11 -13.784 -13.5846 172.318 172.703 'Satupa'itea (Samoa)'
 -13.69305 172.60896
 -13.68776 172.62255
 -13.68190 172.63305
 -13.64918 172.65453
 -13.63388 172.66747
 -13.62412 172.69335
 -13.61663 172.70348
 -13.58458 172.65656
 -13.59987 172.63181
 -13.63265 172.57875
 -13.69305 172.60896
6 5 -13.784 -13.5846 172.318 172.703 'Satupa'itea (Samoa)'
 -13.77125 172.31843
 -13.78399 172.35449
 -13.63746 172.39102
 -13.63858 172.34745
 -13.77125 172.31843
7 18 -13.8054 -13.6326 172.213 172.609 'Palauli (Samoa)'
 -13.78399 172.35449
 -13.78900 172.36864
 -13.80535 172.52318
 -13.79860 172.53291
 -13.78525 172.54316
 -13.77752 172.55114
 -13.76881 172.56737
 -13.76279 172.57514
 -13.75400 172.57848
 -13.74481 172.58056
 -13.72479 172.58996
 -13.71266 172.59211
 -13.70062 172.59712
 -13.69305 172.60896
 -13.63265 172.57875
 -13.63687 172.41418
 -13.63746 172.39102
 -13.78399 172.35449
8 14 -13.8054 -13.6326 172.213 172.609 'Palauli (Samoa)'
 -13.80096 172.21296
 -13.80535 172.21906
 -13.80511 172.24279
 -13.80291 172.25324
 -13.79803 172.26378
 -13.78484 172.27953
 -13.77500 172.28771
 -13.76979 172.29756
 -13.77125 172.31843
 -13.63858 172.34745
 -13.63951 172.31097
 -13.75624 172.25375
 -13.77226 172.23544
 -13.80096 172.21296
9 25 -13.801 -13.5584 172.176 172.311 'Fa'asaleleaga (Samoa)'
 -13.55836 172.22277
 -13.56260 172.22187
 -13.57391 172.22358
 -13.57830 172.22277
 -13.58278 172.21752
 -13.58766 172.20531
 -13.59254 172.20104
 -13.60312 172.19758
 -13.61386 172.19567
 -13.63690 172.19489
 -13.65602 172.19026
 -13.66766 172.18139
 -13.68027 172.17565
 -13.70241 172.18061
 -13.71795 172.19066
 -13.73016 172.20214
 -13.74456 172.21150
 -13.76767 172.21532
 -13.79062 172.21235
 -13.80096 172.21296
 -13.77226 172.23544
 -13.75624 172.25375
 -13.63951 172.31097
 -13.56170 172.29724
 -13.55836 172.22277
10 27 -14.0528 -13.8713 171.438 171.666 'Atua (Samoa)'
 -13.89674 171.56758
 -13.91522 171.55744
 -13.92539 171.55907
 -13.92789 171.58545
 -13.96909 171.59231
 -13.98282 171.55798
 -13.97595 171.51907
 -13.99197 171.48474
 -13.96941 171.46935
 -14.00612 171.43769
 -14.03753 171.44819
 -14.04144 171.44530
 -14.05185 171.44074
 -14.05283 171.46618
 -14.04567 171.53694
 -14.04949 171.57921
 -14.04778 171.59883
 -14.03753 171.61950
 -14.04616 171.63581
 -14.04518 171.65241
 -13.93018 171.66555
 -13.87127 171.65022
 -13.87615 171.60692
 -13.88388 171.58515
 -13.90729 171.59918
 -13.90958 171.58774
 -13.89674 171.56758
11 5 -13.992 -13.8839 171.469 171.599 'Va'a-o-Fonoti (Samoa)'
 -13.88388 171.58515
 -13.89674 171.56758
 -13.90958 171.58774
 -13.90729 171.59918
 -13.88388 171.58515
12 12 -13.992 -13.8839 171.469 171.599 'Va'a-o-Fonoti (Samoa)'
 -13.92539 171.55907
 -13.93141 171.56574
 -13.93816 171.57002
 -13.94940 171.56428
 -13.94476 171.51948
 -13.96941 171.46935
 -13.99197 171.48474
 -13.97595 171.51907
 -13.98282 171.55798
 -13.96909 171.59231
 -13.92789 171.58545
 -13.92539 171.55907
13 26 -14.0519 -13.8063 171.65 171.858 'Tuamasaga (Samoa)'
 -13.81650 171.79231
 -13.87127 171.65022
 -13.93018 171.66555
 -14.04518 171.65241
 -14.03753 171.68403
 -14.03900 171.70014
 -14.05185 171.74299
 -14.05153 171.75329
 -14.04876 171.76203
 -14.04323 171.76806
 -14.03484 171.77033
 -14.02630 171.77453
 -14.02223 171.78437
 -14.01775 171.80443
 -14.00848 171.82221
 -14.00319 171.83796
 -14.00189 171.85407
 -13.94375 171.84793
 -13.90729 171.84407
 -13.87296 171.85323
 -13.80635 171.85789
 -13.80739 171.83454
 -13.81162 171.81491
 -13.86609 171.81203
 -13.87067 171.79143
 -13.81650 171.79231
14 22 -14.007 -13.8054 171.844 172.056 'A'ana (Samoa)'
 -13.82821 171.99261
 -13.81854 171.96520
 -13.80535 171.88020
 -13.80635 171.85789
 -13.87296 171.85323
 -13.90729 171.84407
 -13.94375 171.84793
 -13.94162 171.87154
 -14.00469 171.87565
 -14.00701 171.89350
 -14.00644 171.91112
 -14.00115 171.92663
 -13.99041 171.94099
 -13.95810 171.96190
 -13.94622 171.97240
 -13.94940 171.98200
 -13.94940 171.98884
 -13.92498 172.00630
 -13.91790 172.01802
 -13.91522 172.04064
 -13.87296 171.97224
 -13.82821 171.99261
15 6 -14.007 -13.8054 171.844 172.056 'A'ana (Samoa)'
 -13.86191 172.05561
 -13.84637 172.04406
 -13.84072 172.02805
 -13.86381 172.01801
 -13.87067 172.03174
 -13.86191 172.05561
16 10 -13.9152 -13.8282 171.972 172.064 'Aiga-i-le-Tai (Samoa)'
 -13.84072 172.02805
 -13.82821 171.99261
 -13.87296 171.97224
 -13.91522 172.04064
 -13.90618 172.06102
 -13.88502 172.06367
 -13.86191 172.05561
 -13.87067 172.03174
 -13.86381 172.01801
 -13.84072 172.02805
