0 241 20.869 22.496 -102.975 -101.516 'Phôngsali (Laos)'
 22.49604 -101.75062
 22.49553 -101.75506
 22.47222 -101.78488
 22.40633 -101.81780
 22.38334 -101.84260
 22.37884 -101.86792
 22.39186 -101.87727
 22.41217 -101.88151
 22.42969 -101.89164
 22.43589 -101.90937
 22.43687 -101.95288
 22.44514 -101.97422
 22.44742 -101.99499
 22.44607 -102.01458
 22.43243 -102.07592
 22.42912 -102.08553
 22.42313 -102.09535
 22.41486 -102.09995
 22.40577 -102.10062
 22.39755 -102.10735
 22.39755 -102.11866
 22.38365 -102.12542
 22.37373 -102.13137
 22.34215 -102.14139
 22.33859 -102.14418
 22.33249 -102.15287
 22.32810 -102.15612
 22.32267 -102.15612
 22.31084 -102.15281
 22.30469 -102.15436
 22.28965 -102.16888
 22.27838 -102.18620
 22.26546 -102.20056
 22.24541 -102.20697
 22.22841 -102.22625
 22.20004 -102.28645
 22.13472 -102.35807
 22.11710 -102.38944
 22.10888 -102.39879
 22.09829 -102.40541
 22.07349 -102.41523
 22.06222 -102.42215
 22.04744 -102.44261
 22.03401 -102.46763
 22.02140 -102.48287
 22.00889 -102.47409
 22.00600 -102.47124
 22.00284 -102.46907
 21.99923 -102.46732
 21.99535 -102.46639
 21.95758 -102.47806
 21.93918 -102.51589
 21.92543 -102.56023
 21.90135 -102.59103
 21.82864 -102.62514
 21.78777 -102.63459
 21.72911 -102.62979
 21.70627 -102.63191
 21.68364 -102.63681
 21.66803 -102.64333
 21.65780 -102.65066
 21.65630 -102.65345
 21.65842 -102.65743
 21.65930 -102.71030
 21.66168 -102.72115
 21.68090 -102.75216
 21.70788 -102.77469
 21.73991 -102.78668
 21.82032 -102.78916
 21.83608 -102.80673
 21.82130 -102.82647
 21.77562 -102.83494
 21.73578 -102.83189
 21.71645 -102.83515
 21.70446 -102.84719
 21.70565 -102.86450
 21.73506 -102.93700
 21.73898 -102.94264
 21.73712 -102.94780
 21.72395 -102.95602
 21.71304 -102.95990
 21.70152 -102.96176
 21.63284 -102.96083
 21.60860 -102.96413
 21.58669 -102.97411
 21.58390 -102.97493
 21.58101 -102.97530
 21.57817 -102.97493
 21.57533 -102.97411
 21.55729 -102.95411
 21.51357 -102.91659
 21.49528 -102.89499
 21.42541 -102.84967
 21.43218 -102.86476
 21.44407 -102.88476
 21.45270 -102.90419
 21.45011 -102.91804
 21.43864 -102.91680
 21.38836 -102.88383
 21.36790 -102.87964
 21.32216 -102.87882
 21.30532 -102.87520
 21.29379 -102.86300
 21.28589 -102.82915
 21.27390 -102.81277
 21.25483 -102.80130
 21.25059 -102.80916
 21.25245 -102.82817
 21.25168 -102.85019
 21.24620 -102.86512
 21.23762 -102.87814
 21.22692 -102.88786
 21.21509 -102.89297
 21.20599 -102.89179
 21.18610 -102.88300
 21.17643 -102.88300
 21.16641 -102.88910
 21.16455 -102.89592
 21.16419 -102.90419
 21.15840 -102.91442
 21.14166 -102.92563
 21.14064 -102.92588
 21.14062 -102.92564
 21.13491 -102.84523
 21.13972 -102.82890
 21.13964 -102.81401
 21.12137 -102.80389
 21.07396 -102.79644
 21.04753 -102.79613
 21.03158 -102.78704
 21.02885 -102.75820
 21.02616 -102.74932
 21.01825 -102.74518
 21.01257 -102.74425
 20.98668 -102.67728
 20.97869 -102.66302
 20.94823 -102.64700
 20.95324 -102.61320
 20.94753 -102.58819
 20.93423 -102.56648
 20.86904 -102.50892
 20.88911 -102.45383
 20.90862 -102.44959
 20.92038 -102.43719
 20.92534 -102.40815
 20.92668 -102.37818
 20.94567 -102.34624
 20.96249 -102.30945
 20.98906 -102.28464
 21.00936 -102.25012
 21.02148 -102.21570
 21.01259 -102.18180
 21.01523 -102.14770
 21.03435 -102.11349
 21.05998 -102.08517
 21.11840 -102.03835
 21.13370 -102.00745
 21.15367 -101.92962
 21.16478 -101.91867
 21.17395 -101.90306
 21.17904 -101.88549
 21.21199 -101.83981
 21.22107 -101.82149
 21.22413 -101.82281
 21.23447 -101.82374
 21.24728 -101.82022
 21.25814 -101.81227
 21.26708 -101.80116
 21.27421 -101.78855
 21.29229 -101.73651
 21.30423 -101.72250
 21.32113 -101.71511
 21.33818 -101.71558
 21.37539 -101.72555
 21.47425 -101.72969
 21.49559 -101.74426
 21.51450 -101.74824
 21.55440 -101.73475
 21.57088 -101.73620
 21.57967 -101.75093
 21.58251 -101.77268
 21.58824 -101.79356
 21.60597 -101.80617
 21.62592 -101.80384
 21.63403 -101.78953
 21.63884 -101.77082
 21.64865 -101.75594
 21.65914 -101.75232
 21.68002 -101.75563
 21.68979 -101.75480
 21.69806 -101.74912
 21.71144 -101.73279
 21.71754 -101.72855
 21.73268 -101.72798
 21.75051 -101.73165
 21.80637 -101.75155
 21.81614 -101.75108
 21.83727 -101.72617
 21.84435 -101.72126
 21.86957 -101.70871
 21.89861 -101.68587
 21.90714 -101.68307
 21.91484 -101.68245
 21.92264 -101.68059
 21.93138 -101.67367
 21.94088 -101.63812
 21.95365 -101.61631
 21.96760 -101.60680
 22.00750 -101.60039
 22.02811 -101.59218
 22.06951 -101.56494
 22.09033 -101.55543
 22.11240 -101.55502
 22.13007 -101.56184
 22.14935 -101.56696
 22.17612 -101.56153
 22.19353 -101.54903
 22.22821 -101.51823
 22.24536 -101.51575
 22.26340 -101.53171
 22.27146 -101.54065
 22.27668 -101.55099
 22.27678 -101.56370
 22.27311 -101.57574
 22.27135 -101.58799
 22.27699 -101.60122
 22.28484 -101.60613
 22.32644 -101.61987
 22.34236 -101.62251
 22.34665 -101.62370
 22.36329 -101.64111
 22.36468 -101.64370
 22.38453 -101.64571
 22.40401 -101.64416
 22.42421 -101.64509
 22.44612 -101.65455
 22.46230 -101.66866
 22.47889 -101.68912
 22.49155 -101.71315
 22.49604 -101.74178
 22.49604 -101.75062
1 145 19.8213 21.2211 -102.355 -100.742 'Oudômxai (Laos)'
 21.20294 -101.79604
 21.20449 -101.80524
 21.20956 -101.81330
 21.21597 -101.81929
 21.22107 -101.82149
 21.21199 -101.83981
 21.17904 -101.88549
 21.17395 -101.90306
 21.16478 -101.91867
 21.15367 -101.92962
 21.13370 -102.00745
 21.11840 -102.03835
 21.05998 -102.08517
 21.03435 -102.11349
 21.01523 -102.14770
 21.01259 -102.18180
 21.02148 -102.21570
 21.00936 -102.25012
 20.98906 -102.28464
 20.96249 -102.30945
 20.93498 -102.31048
 20.89503 -102.34262
 20.86942 -102.35130
 20.84821 -102.35192
 20.80842 -102.33590
 20.78444 -102.34076
 20.77114 -102.33952
 20.75816 -102.34810
 20.74090 -102.35513
 20.72147 -102.35368
 20.67468 -102.33859
 20.63931 -102.30376
 20.62980 -102.23565
 20.60621 -102.23214
 20.55332 -102.20640
 20.49942 -102.18697
 20.40940 -102.14315
 20.37951 -102.14005
 20.36196 -102.15349
 20.34703 -102.17075
 20.31920 -102.17364
 20.29186 -102.15989
 20.24907 -102.15783
 20.21194 -102.18801
 20.17949 -102.20217
 20.14533 -102.19503
 20.12226 -102.16837
 20.09164 -102.15214
 20.08846 -102.11917
 20.05813 -102.06357
 20.05369 -102.04714
 20.05953 -101.99226
 20.05369 -101.97448
 20.03415 -101.95019
 19.97932 -101.89862
 19.95749 -101.86523
 19.94803 -101.82937
 19.94111 -101.74803
 19.93080 -101.70762
 19.92227 -101.69584
 19.89504 -101.66649
 19.88923 -101.65636
 19.88470 -101.64117
 19.87439 -101.61946
 19.86310 -101.60685
 19.85569 -101.61884
 19.83130 -101.59693
 19.82347 -101.55941
 19.82130 -101.25793
 19.82776 -101.23468
 19.86897 -101.16957
 19.87819 -101.15045
 19.88377 -101.14197
 19.88866 -101.13133
 19.88923 -101.11861
 19.88563 -101.10931
 19.86874 -101.08440
 19.84582 -101.05960
 19.84083 -101.04327
 19.85569 -101.02983
 19.85569 -101.02239
 19.85011 -101.01960
 19.84106 -101.01309
 19.83398 -101.00937
 19.85954 -100.97454
 19.87323 -100.92803
 19.89202 -100.80587
 19.89101 -100.79212
 19.88483 -100.77951
 19.87067 -100.76318
 19.91589 -100.74313
 19.95703 -100.74169
 19.98485 -100.82282
 19.98795 -100.91418
 19.99723 -100.93651
 20.00886 -100.95769
 20.03154 -100.98167
 20.05666 -101.00193
 20.09198 -101.01175
 20.11151 -101.04327
 20.11823 -101.08244
 20.07795 -101.14114
 20.07381 -101.17504
 20.08932 -101.20657
 20.11102 -101.22920
 20.13601 -101.24398
 20.24750 -101.24667
 20.26334 -101.24450
 20.28540 -101.23468
 20.30830 -101.22858
 20.31879 -101.22744
 20.31563 -101.27654
 20.32168 -101.37689
 20.35566 -101.45523
 20.41454 -101.48820
 20.43764 -101.50577
 20.45490 -101.52510
 20.47565 -101.54029
 20.55461 -101.56830
 20.63321 -101.56065
 20.64851 -101.55228
 20.67577 -101.51580
 20.70070 -101.50526
 20.73181 -101.40852
 20.74938 -101.44438
 20.81602 -101.48056
 20.85464 -101.52593
 20.86343 -101.56458
 20.87048 -101.58019
 20.87020 -101.62349
 20.88555 -101.62887
 20.90051 -101.61688
 20.93877 -101.61998
 20.96634 -101.65346
 20.98500 -101.69202
 20.99867 -101.73088
 21.02962 -101.75268
 21.06538 -101.76829
 21.14158 -101.78018
 21.16045 -101.76845
 21.17044 -101.77020
 21.18465 -101.76359
 21.19597 -101.76007
 21.20739 -101.77356
 21.20294 -101.79604
2 143 20.2995 21.5527 -101.78 -100.516 'Louang Namtha (Laos)'
 21.55269 -101.15902
 21.55166 -101.17453
 21.53533 -101.18657
 21.50587 -101.18776
 21.42453 -101.16827
 21.40340 -101.17143
 21.39818 -101.17913
 21.38350 -101.20796
 21.37089 -101.22646
 21.37177 -101.23080
 21.37172 -101.23313
 21.36366 -101.23478
 21.33508 -101.22284
 21.31482 -101.20744
 21.30867 -101.20951
 21.29994 -101.21840
 21.29627 -101.22036
 21.28247 -101.21907
 21.24553 -101.20899
 21.23369 -101.22036
 21.20625 -101.23478
 21.19287 -101.24434
 21.17948 -101.25974
 21.17411 -101.27530
 21.17607 -101.29271
 21.18475 -101.31390
 21.21581 -101.36227
 21.22248 -101.38149
 21.24284 -101.49513
 21.24263 -101.51761
 21.23886 -101.53910
 21.22816 -101.57290
 21.22759 -101.57967
 21.22439 -101.58396
 21.21333 -101.58820
 21.20424 -101.58665
 21.19473 -101.58096
 21.18517 -101.57724
 21.17566 -101.58179
 21.17339 -101.59652
 21.18946 -101.63595
 21.18920 -101.65512
 21.17705 -101.67016
 21.14584 -101.68829
 21.13509 -101.70426
 21.13447 -101.71790
 21.13757 -101.73749
 21.14326 -101.75599
 21.15065 -101.76674
 21.16045 -101.76845
 21.14158 -101.78018
 21.06538 -101.76829
 21.02962 -101.75268
 20.99867 -101.73088
 20.98500 -101.69202
 20.96634 -101.65346
 20.93877 -101.61998
 20.90051 -101.61688
 20.88555 -101.62887
 20.87020 -101.62349
 20.87048 -101.58019
 20.86343 -101.56458
 20.85464 -101.52593
 20.81602 -101.48056
 20.74938 -101.44438
 20.73181 -101.40852
 20.70070 -101.50526
 20.67577 -101.51580
 20.64851 -101.55228
 20.63321 -101.56065
 20.55461 -101.56830
 20.47565 -101.54029
 20.45490 -101.52510
 20.43764 -101.50577
 20.41454 -101.48820
 20.35566 -101.45523
 20.32168 -101.37689
 20.31563 -101.27654
 20.31879 -101.22744
 20.30830 -101.22858
 20.31550 -101.19716
 20.29948 -101.12740
 20.31406 -101.06590
 20.32186 -101.04389
 20.35095 -101.00699
 20.37653 -101.00410
 20.40930 -101.00431
 20.44462 -100.98777
 20.47617 -100.96596
 20.49609 -100.93806
 20.48756 -100.86395
 20.49983 -100.83202
 20.55182 -100.82375
 20.59381 -100.82416
 20.63921 -100.79853
 20.66194 -100.78892
 20.68186 -100.77362
 20.69752 -100.75171
 20.71626 -100.73424
 20.76116 -100.71760
 20.78995 -100.68102
 20.80315 -100.63513
 20.83775 -100.60888
 20.83988 -100.60778
 20.85351 -100.62660
 20.87661 -100.65213
 20.88276 -100.65213
 20.88855 -100.62309
 20.87392 -100.53420
 20.88648 -100.51570
 20.90632 -100.51782
 20.94694 -100.52707
 20.96844 -100.52924
 20.97345 -100.53327
 20.98534 -100.55198
 20.99200 -100.55725
 20.99986 -100.55575
 21.02740 -100.54345
 21.03510 -100.56185
 21.04394 -100.60676
 21.05412 -100.62552
 21.06967 -100.63756
 21.15933 -100.68939
 21.28067 -100.72107
 21.29271 -100.72256
 21.30366 -100.72200
 21.31167 -100.72541
 21.31477 -100.73838
 21.31426 -100.74773
 21.31245 -100.75667
 21.30919 -100.76499
 21.30423 -100.77259
 21.29736 -100.79197
 21.30020 -100.81460
 21.31477 -100.85134
 21.32330 -100.86245
 21.35575 -100.89604
 21.36009 -100.90994
 21.40598 -101.00343
 21.51342 -101.14316
 21.51967 -101.15711
 21.53471 -101.16114
 21.55269 -101.15902
3 137 19.7786 20.8399 -101.247 -100.097 'Bokeo (Laos)'
 20.80700 -100.51338
 20.80767 -100.53668
 20.81780 -100.56903
 20.83346 -100.59890
 20.83988 -100.60778
 20.83775 -100.60888
 20.80315 -100.63513
 20.78995 -100.68102
 20.76116 -100.71760
 20.71626 -100.73424
 20.69752 -100.75171
 20.68186 -100.77362
 20.66194 -100.78892
 20.63921 -100.79853
 20.59381 -100.82416
 20.55182 -100.82375
 20.49983 -100.83202
 20.48756 -100.86395
 20.49609 -100.93806
 20.47617 -100.96596
 20.44462 -100.98777
 20.40930 -101.00431
 20.37653 -101.00410
 20.35095 -101.00699
 20.32186 -101.04389
 20.31406 -101.06590
 20.29948 -101.12740
 20.31550 -101.19716
 20.30830 -101.22858
 20.28540 -101.23468
 20.26334 -101.24450
 20.24750 -101.24667
 20.13601 -101.24398
 20.11102 -101.22920
 20.08932 -101.20657
 20.07381 -101.17504
 20.07795 -101.14114
 20.11823 -101.08244
 20.11151 -101.04327
 20.09198 -101.01175
 20.05666 -101.00193
 20.03154 -100.98167
 20.00886 -100.95769
 19.99723 -100.93651
 19.98795 -100.91418
 19.98485 -100.82282
 19.95703 -100.74169
 19.91589 -100.74313
 19.87067 -100.76318
 19.85799 -100.74851
 19.81874 -100.67823
 19.81499 -100.66882
 19.81349 -100.65549
 19.81641 -100.64185
 19.81590 -100.63193
 19.81039 -100.62169
 19.80282 -100.60164
 19.80396 -100.58025
 19.78618 -100.54986
 19.77972 -100.51669
 19.77859 -100.48279
 19.78934 -100.43979
 19.79426 -100.40766
 19.81045 -100.42052
 19.83827 -100.43142
 19.84721 -100.43845
 19.85212 -100.44625
 19.85977 -100.46563
 19.86535 -100.47426
 19.88070 -100.48397
 19.89698 -100.48795
 19.93165 -100.49266
 19.99542 -100.51855
 19.99550 -100.51855
 20.06658 -100.54335
 20.10653 -100.55059
 20.15802 -100.54867
 20.16792 -100.54650
 20.16673 -100.54196
 20.15347 -100.53668
 20.14973 -100.52924
 20.15528 -100.51281
 20.16487 -100.49638
 20.17334 -100.48894
 20.17877 -100.48563
 20.18572 -100.46878
 20.19071 -100.46103
 20.19639 -100.45731
 20.21024 -100.45214
 20.21804 -100.44734
 20.25019 -100.42160
 20.36896 -100.36440
 20.38997 -100.34434
 20.39969 -100.30652
 20.39183 -100.27024
 20.37281 -100.24037
 20.34899 -100.22068
 20.31300 -100.20916
 20.31114 -100.20720
 20.31031 -100.20172
 20.30248 -100.17950
 20.30062 -100.17640
 20.29261 -100.16709
 20.25362 -100.16771
 20.23915 -100.15252
 20.23910 -100.13464
 20.24802 -100.11661
 20.26360 -100.10296
 20.28323 -100.09728
 20.31780 -100.09930
 20.33494 -100.09764
 20.34837 -100.09707
 20.36222 -100.09981
 20.37483 -100.11113
 20.38878 -100.12095
 20.40640 -100.12524
 20.42785 -100.12741
 20.45922 -100.13666
 20.54810 -100.14927
 20.58267 -100.16007
 20.60908 -100.17293
 20.62210 -100.17293
 20.63817 -100.18017
 20.66794 -100.20234
 20.68075 -100.20720
 20.69739 -100.21133
 20.70959 -100.22161
 20.73197 -100.24874
 20.76199 -100.27453
 20.77501 -100.29019
 20.78602 -100.32967
 20.79951 -100.34197
 20.81532 -100.35111
 20.82819 -100.36481
 20.83170 -100.38367
 20.81827 -100.47085
 20.80700 -100.51338
4 362 17.4612 19.9308 -101.906 -100.379 'Xaignabouri (Laos)'
 19.72439 -100.39005
 19.73200 -100.38383
 19.74567 -100.37917
 19.76386 -100.38352
 19.79426 -100.40766
 19.78934 -100.43979
 19.77859 -100.48279
 19.77972 -100.51669
 19.78618 -100.54986
 19.80396 -100.58025
 19.80282 -100.60164
 19.81039 -100.62169
 19.81590 -100.63193
 19.81641 -100.64185
 19.81349 -100.65549
 19.81499 -100.66882
 19.81874 -100.67823
 19.85799 -100.74851
 19.87067 -100.76318
 19.88483 -100.77951
 19.89101 -100.79212
 19.89202 -100.80587
 19.87323 -100.92803
 19.85954 -100.97454
 19.83398 -101.00937
 19.84106 -101.01309
 19.85011 -101.01960
 19.85569 -101.02239
 19.85569 -101.02983
 19.84083 -101.04327
 19.84582 -101.05960
 19.86874 -101.08440
 19.88563 -101.10931
 19.88923 -101.11861
 19.88866 -101.13133
 19.88377 -101.14197
 19.87819 -101.15045
 19.86897 -101.16957
 19.82776 -101.23468
 19.82130 -101.25793
 19.82347 -101.55941
 19.83130 -101.59693
 19.85569 -101.61884
 19.86310 -101.60685
 19.87439 -101.61946
 19.88470 -101.64117
 19.88923 -101.65636
 19.89504 -101.66649
 19.92227 -101.69584
 19.93080 -101.70762
 19.90426 -101.72995
 19.88667 -101.74462
 19.87225 -101.76075
 19.85328 -101.77170
 19.80554 -101.77304
 19.75972 -101.75537
 19.74125 -101.74597
 19.68081 -101.74679
 19.65542 -101.75795
 19.65418 -101.78648
 19.65673 -101.81490
 19.64963 -101.82431
 19.61495 -101.81501
 19.48145 -101.81666
 19.46711 -101.82090
 19.45406 -101.82916
 19.44078 -101.84136
 19.43119 -101.85697
 19.41432 -101.89634
 19.40321 -101.90627
 19.39336 -101.89944
 19.36024 -101.86616
 19.34487 -101.85841
 19.32538 -101.85335
 19.29223 -101.83030
 19.27908 -101.82431
 19.26012 -101.82400
 19.20087 -101.83051
 19.18074 -101.82875
 19.14723 -101.82028
 19.04992 -101.81035
 19.03253 -101.80860
 19.02119 -101.80488
 19.01052 -101.80312
 19.00194 -101.80694
 18.99429 -101.81232
 18.98499 -101.81501
 18.96440 -101.81687
 18.94122 -101.81594
 18.90414 -101.80570
 18.88557 -101.80322
 18.87024 -101.80891
 18.82660 -101.85097
 18.79332 -101.86172
 18.76335 -101.85428
 18.70369 -101.82431
 18.68263 -101.81955
 18.64075 -101.81521
 18.62176 -101.81066
 18.56882 -101.77935
 18.54954 -101.76385
 18.50220 -101.74255
 18.49143 -101.73212
 18.48843 -101.72995
 18.47094 -101.70762
 18.46670 -101.69605
 18.46435 -101.68323
 18.46528 -101.67072
 18.47094 -101.65977
 18.45758 -101.64458
 18.42110 -101.62639
 18.40547 -101.61512
 18.39092 -101.59300
 18.38505 -101.57781
 18.37567 -101.57430
 18.36441 -101.57347
 18.35487 -101.57109
 18.34128 -101.56148
 18.32532 -101.54701
 18.31201 -101.52996
 18.30645 -101.51239
 18.30297 -101.49048
 18.29377 -101.48118
 18.28067 -101.47621
 18.26550 -101.46743
 18.21470 -101.42082
 18.18217 -101.40325
 18.14135 -101.39911
 18.12778 -101.40428
 18.09631 -101.42299
 18.08394 -101.42702
 18.01226 -101.43322
 17.98255 -101.43095
 17.95461 -101.42464
 17.92888 -101.42361
 17.89488 -101.44490
 17.88477 -101.44945
 17.87733 -101.45627
 17.87446 -101.47115
 17.87906 -101.49544
 17.87581 -101.50412
 17.86080 -101.50898
 17.86080 -101.51580
 17.86658 -101.52314
 17.87356 -101.53740
 17.87511 -101.55115
 17.86452 -101.55745
 17.85705 -101.55476
 17.82666 -101.53688
 17.82046 -101.53688
 17.81550 -101.54350
 17.81390 -101.54525
 17.81367 -101.54550
 17.80956 -101.53404
 17.79215 -101.55626
 17.77912 -101.53652
 17.76538 -101.50272
 17.74579 -101.48298
 17.73799 -101.47900
 17.73060 -101.47420
 17.72259 -101.47043
 17.72037 -101.46831
 17.73949 -101.45911
 17.74579 -101.45735
 17.75018 -101.45606
 17.75101 -101.45348
 17.74925 -101.44981
 17.74579 -101.44526
 17.73360 -101.43203
 17.73236 -101.41699
 17.73375 -101.40185
 17.72931 -101.38800
 17.72073 -101.38190
 17.71778 -101.38836
 17.71716 -101.39875
 17.71556 -101.40402
 17.70946 -101.40309
 17.70667 -101.40159
 17.68492 -101.38376
 17.68264 -101.37746
 17.68316 -101.36986
 17.67903 -101.35731
 17.59216 -101.24703
 17.56849 -101.22863
 17.53128 -101.20853
 17.52317 -101.20217
 17.51873 -101.19029
 17.51640 -101.17696
 17.51061 -101.16672
 17.49573 -101.16424
 17.47247 -101.14719
 17.46715 -101.14182
 17.46167 -101.13231
 17.46116 -101.12890
 17.46395 -101.12466
 17.47527 -101.09603
 17.49222 -101.06616
 17.49573 -101.04931
 17.51263 -101.03547
 17.52663 -101.01903
 17.53821 -101.00084
 17.54761 -100.98152
 17.55549 -100.93774
 17.56193 -100.90193
 17.57376 -100.88602
 17.59588 -100.88566
 17.61696 -100.89945
 17.65453 -100.93294
 17.69980 -100.95382
 17.70753 -100.95588
 17.72559 -100.96069
 17.74579 -100.95873
 17.75592 -100.95640
 17.76414 -100.95857
 17.77060 -100.96488
 17.77551 -100.97428
 17.77762 -100.97521
 17.77979 -100.97552
 17.78191 -100.97521
 17.78398 -100.97428
 17.79101 -100.96772
 17.79762 -100.96519
 17.80382 -100.96705
 17.80925 -100.97428
 17.81772 -100.99480
 17.83049 -101.00027
 17.86460 -100.99712
 17.88480 -101.00084
 17.89524 -101.00828
 17.91203 -101.03981
 17.93400 -101.06616
 17.95834 -101.08197
 17.98438 -101.09489
 18.01130 -101.11231
 18.02133 -101.12543
 18.04045 -101.15753
 18.05342 -101.16517
 18.06745 -101.16207
 18.10474 -101.14497
 18.12396 -101.14161
 18.14194 -101.14564
 18.17951 -101.16052
 18.19530 -101.16280
 18.20406 -101.15928
 18.20907 -101.15277
 18.21300 -101.14554
 18.21871 -101.13965
 18.23886 -101.13174
 18.24573 -101.12838
 18.28095 -101.12797
 18.29116 -101.13014
 18.29839 -101.13541
 18.31638 -101.15241
 18.32289 -101.15541
 18.33625 -101.14554
 18.36420 -101.08228
 18.37161 -101.07409
 18.39247 -101.05102
 18.41045 -101.03702
 18.42779 -101.03030
 18.44784 -101.03562
 18.47642 -101.06471
 18.49567 -101.07195
 18.50577 -101.07381
 18.51042 -101.07789
 18.54430 -101.14207
 18.55672 -101.15535
 18.56770 -101.15913
 18.58998 -101.15815
 18.59980 -101.16088
 18.60636 -101.16776
 18.61253 -101.18533
 18.61680 -101.19411
 18.64204 -101.22191
 18.65845 -101.23473
 18.67364 -101.24010
 18.68948 -101.23478
 18.71191 -101.21127
 18.73007 -101.20584
 18.74632 -101.20920
 18.77854 -101.22398
 18.79562 -101.22863
 18.85549 -101.22331
 18.87477 -101.22491
 18.89272 -101.23292
 18.91949 -101.25726
 18.93445 -101.26729
 18.96706 -101.27700
 18.98148 -101.28393
 19.02055 -101.32640
 19.05013 -101.31788
 19.07899 -101.29116
 19.11579 -101.24744
 19.12811 -101.23571
 19.14359 -101.22915
 19.16715 -101.22677
 19.22580 -101.22987
 19.30942 -101.20951
 19.31559 -101.20925
 19.32063 -101.21091
 19.32637 -101.21127
 19.33469 -101.20775
 19.33867 -101.20197
 19.34200 -101.18502
 19.34662 -101.17845
 19.37639 -101.17236
 19.41721 -101.17778
 19.45279 -101.19287
 19.46636 -101.21530
 19.47230 -101.23824
 19.49444 -101.25173
 19.52279 -101.25695
 19.54715 -101.25488
 19.56031 -101.25106
 19.57028 -101.24620
 19.57819 -101.23824
 19.58521 -101.22501
 19.58955 -101.20796
 19.58687 -101.19732
 19.58074 -101.18832
 19.57475 -101.17685
 19.56837 -101.15267
 19.56511 -101.12466
 19.56728 -101.09582
 19.57713 -101.06823
 19.60286 -101.02430
 19.61061 -101.00255
 19.61348 -100.97428
 19.61245 -100.88566
 19.61358 -100.87982
 19.61291 -100.87460
 19.60715 -100.86504
 19.60260 -100.86121
 19.58253 -100.84902
 19.53653 -100.80845
 19.49548 -100.76261
 19.48243 -100.75300
 19.48501 -100.74551
 19.49504 -100.73817
 19.50465 -100.72923
 19.51245 -100.71476
 19.54217 -100.63327
 19.54093 -100.60702
 19.52597 -100.58598
 19.50835 -100.57476
 19.49563 -100.56666
 19.49455 -100.54929
 19.50261 -100.52061
 19.51447 -100.49183
 19.52499 -100.47426
 19.53710 -100.46196
 19.55183 -100.45896
 19.56806 -100.45896
 19.58467 -100.45555
 19.59777 -100.44749
 19.62180 -100.42708
 19.63436 -100.41886
 19.65157 -100.41292
 19.68425 -100.41049
 19.69994 -100.40724
 19.71164 -100.40047
 19.72439 -100.39005
5 258 17.8615 19.1041 -105.257 -102.822 'Bolikhamxai (Laos)'
 18.42198 -103.46994
 18.42531 -103.45155
 18.44141 -103.39677
 18.44146 -103.38664
 18.42567 -103.30685
 18.41557 -103.28256
 18.40020 -103.26076
 18.38007 -103.24406
 18.35578 -103.23399
 18.34927 -103.23368
 18.34526 -103.23533
 18.34157 -103.23802
 18.33599 -103.24019
 18.33263 -103.24866
 18.30514 -103.29042
 18.29689 -103.29652
 18.29517 -103.29630
 18.28777 -103.29538
 18.28033 -103.28634
 18.27607 -103.27352
 18.27000 -103.23673
 18.26230 -103.21492
 18.25775 -103.18521
 18.25486 -103.17673
 18.24977 -103.16820
 18.23703 -103.15730
 18.22150 -103.15089
 18.18801 -103.14510
 18.16672 -103.13859
 18.15186 -103.12666
 18.14181 -103.11007
 18.13479 -103.08909
 18.13522 -103.08940
 18.13616 -103.09009
 18.13685 -103.09059
 18.14119 -103.09276
 18.14088 -103.09213
 18.13867 -103.08770
 18.13969 -103.08676
 18.16786 -103.06826
 18.16354 -103.05669
 18.14396 -103.04738
 18.12615 -103.03550
 18.12034 -103.02444
 18.12003 -103.01390
 18.12538 -103.00491
 18.13659 -102.99819
 18.14757 -102.99685
 18.15489 -103.00057
 18.16096 -103.00542
 18.16794 -103.00790
 18.17786 -103.01007
 18.18685 -103.01318
 18.19385 -103.01100
 18.21315 -103.01028
 18.23008 -103.00356
 18.25093 -102.99550
 18.27718 -102.95447
 18.29351 -102.90393
 18.34320 -102.91385
 18.39322 -102.90207
 18.41317 -102.87871
 18.43606 -102.85753
 18.51065 -102.82166
 18.52486 -102.88781
 18.51324 -103.08387
 18.52732 -103.16862
 18.53295 -103.28933
 18.55137 -103.36830
 18.59003 -103.43816
 18.61096 -103.46472
 18.63284 -103.48767
 18.66891 -103.49873
 18.71111 -103.49862
 18.74439 -103.49397
 18.77570 -103.48560
 18.80779 -103.48157
 18.83154 -103.49160
 18.83229 -103.50689
 18.83880 -103.51795
 18.84655 -103.51361
 18.84882 -103.50214
 18.87595 -103.48963
 18.90510 -103.48426
 18.93037 -103.48415
 18.94768 -103.53759
 18.94980 -103.57076
 18.91140 -103.61148
 18.90226 -103.64187
 18.88846 -103.67071
 18.86880 -103.69603
 18.85340 -103.72455
 18.83704 -103.74853
 18.82717 -103.77540
 18.83366 -103.80269
 18.85099 -103.82450
 18.86549 -103.85436
 18.87714 -103.88547
 18.86893 -103.92185
 18.82903 -104.01012
 18.81890 -104.02283
 18.81193 -104.03720
 18.81162 -104.06272
 18.81368 -104.08929
 18.82585 -104.12163
 18.85647 -104.14396
 18.88055 -104.16556
 18.89913 -104.19067
 18.92169 -104.20432
 18.94809 -104.21041
 18.96512 -104.23284
 18.98437 -104.25331
 19.01866 -104.25362
 19.05341 -104.24814
 19.08535 -104.25785
 19.10413 -104.25960
 19.10405 -104.25992
 19.09346 -104.27434
 19.08049 -104.28726
 19.06866 -104.30286
 19.06047 -104.32198
 19.05519 -104.33914
 19.04788 -104.35516
 19.03357 -104.37201
 18.99228 -104.40074
 18.98311 -104.41324
 18.97933 -104.43107
 18.98241 -104.46213
 18.97771 -104.48094
 18.96799 -104.49768
 18.95636 -104.50988
 18.90681 -104.54430
 18.89647 -104.55608
 18.87911 -104.58967
 18.86869 -104.60398
 18.84237 -104.63122
 18.83255 -104.64620
 18.82970 -104.65633
 18.82821 -104.67566
 18.82477 -104.68558
 18.81932 -104.69085
 18.80247 -104.70253
 18.79609 -104.71028
 18.79201 -104.72196
 18.78645 -104.76289
 18.77513 -104.80164
 18.77366 -104.81539
 18.77798 -104.87291
 18.77061 -104.89936
 18.74568 -104.90923
 18.73558 -104.91972
 18.73116 -104.93724
 18.73167 -104.95688
 18.73607 -104.97383
 18.73302 -104.99016
 18.70501 -105.04034
 18.69664 -105.06457
 18.69752 -105.07698
 18.70057 -105.08865
 18.70206 -105.10028
 18.69834 -105.11268
 18.65307 -105.14111
 18.63899 -105.16286
 18.63057 -105.16948
 18.61833 -105.16948
 18.61486 -105.16948
 18.59819 -105.16209
 18.59680 -105.15206
 18.60047 -105.14033
 18.59892 -105.12814
 18.58083 -105.11361
 18.55117 -105.10049
 18.49577 -105.08524
 18.45435 -105.07997
 18.42652 -105.09077
 18.40513 -105.11398
 18.38317 -105.14545
 18.36601 -105.16286
 18.35389 -105.16224
 18.34064 -105.15599
 18.31984 -105.15666
 18.30679 -105.16617
 18.27785 -105.21475
 18.27080 -105.22048
 18.25532 -105.22927
 18.24946 -105.23593
 18.24638 -105.24647
 18.24746 -105.25692
 18.17561 -105.24105
 18.11179 -105.19216
 18.05427 -105.15878
 17.99115 -105.13222
 17.95033 -105.09429
 17.94082 -105.03972
 17.95689 -104.92789
 17.97684 -104.90443
 17.99810 -104.87125
 18.00384 -104.83126
 18.04017 -104.82423
 18.07587 -104.79301
 18.12902 -104.69442
 18.18615 -104.61618
 18.20160 -104.57835
 18.22953 -104.54972
 18.21749 -104.52853
 18.21494 -104.52006
 18.21158 -104.51169
 18.19966 -104.51148
 18.18974 -104.47262
 18.18489 -104.43293
 18.13453 -104.40193
 18.07425 -104.38343
 18.04634 -104.37092
 18.01732 -104.36276
 17.91304 -104.29816
 17.86149 -104.28198
 17.86465 -104.27827
 17.87400 -104.27031
 17.88465 -104.26431
 17.91498 -104.25511
 18.00862 -104.21088
 18.01864 -104.20333
 18.02557 -104.19811
 18.07967 -104.13569
 18.09528 -104.12236
 18.11455 -104.11094
 18.21540 -104.06841
 18.29912 -104.01864
 18.31844 -104.00004
 18.33067 -103.97544
 18.33299 -103.95126
 18.32759 -103.92929
 18.31532 -103.91002
 18.29726 -103.89369
 18.29116 -103.88950
 18.28700 -103.88594
 18.28441 -103.88129
 18.28323 -103.87395
 18.28648 -103.85777
 18.29635 -103.84899
 18.30912 -103.84222
 18.32067 -103.83209
 18.33036 -103.81726
 18.33826 -103.80139
 18.34389 -103.78460
 18.34668 -103.76719
 18.34971 -103.70910
 18.35322 -103.69556
 18.37795 -103.63861
 18.38322 -103.62993
 18.39076 -103.62135
 18.40040 -103.60714
 18.41541 -103.54880
 18.41769 -103.52317
 18.42373 -103.49774
 18.42443 -103.48911
 18.42216 -103.47480
 18.42198 -103.46994
6 202 16.9072 18.2534 -106.404 -104.282 'Khammouan (Laos)'
 16.94353 -104.74634
 17.00258 -104.74036
 17.02480 -104.74532
 17.17167 -104.80991
 17.19404 -104.81446
 17.24024 -104.81834
 17.30008 -104.81642
 17.34892 -104.81999
 17.36106 -104.81932
 17.37279 -104.81642
 17.42349 -104.79270
 17.42896 -104.78893
 17.43527 -104.78165
 17.44441 -104.76464
 17.44994 -104.75679
 17.45816 -104.74966
 17.48689 -104.73426
 17.51526 -104.71452
 17.52730 -104.70263
 17.55609 -104.65509
 17.56244 -104.63638
 17.64042 -104.48120
 17.66595 -104.45200
 17.69980 -104.42229
 17.70760 -104.41784
 17.72739 -104.41164
 17.73370 -104.40890
 17.73995 -104.40487
 17.75716 -104.39030
 17.80057 -104.36777
 17.81933 -104.35263
 17.85674 -104.28757
 17.86149 -104.28198
 17.91304 -104.29816
 18.01732 -104.36276
 18.04634 -104.37092
 18.07425 -104.38343
 18.13453 -104.40193
 18.18489 -104.43293
 18.18974 -104.47262
 18.19966 -104.51148
 18.21158 -104.51169
 18.21494 -104.52006
 18.21749 -104.52853
 18.22953 -104.54972
 18.20160 -104.57835
 18.18615 -104.61618
 18.12902 -104.69442
 18.07587 -104.79301
 18.04017 -104.82423
 18.00384 -104.83126
 17.99810 -104.87125
 17.97684 -104.90443
 17.95689 -104.92789
 17.94082 -105.03972
 17.95033 -105.09429
 17.99115 -105.13222
 18.05427 -105.15878
 18.11179 -105.19216
 18.17561 -105.24105
 18.24746 -105.25692
 18.25018 -105.28311
 18.25341 -105.28802
 18.25274 -105.29252
 18.24204 -105.29929
 18.23093 -105.30084
 18.20695 -105.29438
 18.19561 -105.29505
 18.18106 -105.30559
 18.17008 -105.32187
 18.16264 -105.34011
 18.15874 -105.35593
 18.15522 -105.36332
 18.15104 -105.36554
 18.14995 -105.36833
 18.15569 -105.37747
 18.16277 -105.38156
 18.18494 -105.38610
 18.19421 -105.39200
 18.20189 -105.41003
 18.20054 -105.43137
 18.19271 -105.45142
 18.18096 -105.46672
 18.17199 -105.47282
 18.14481 -105.48088
 18.13871 -105.48119
 18.13349 -105.47912
 18.12964 -105.47685
 18.12732 -105.47602
 18.12365 -105.48062
 18.12107 -105.49199
 18.11815 -105.49607
 18.08283 -105.51250
 18.07590 -105.52067
 18.06673 -105.53814
 18.05895 -105.54651
 18.04794 -105.55188
 18.02515 -105.55555
 18.01534 -105.55932
 18.00826 -105.56615
 17.99575 -105.58981
 17.99560 -105.58981
 17.96918 -105.60343
 17.96412 -105.60604
 17.88811 -105.59415
 17.85426 -105.60521
 17.82010 -105.64397
 17.77308 -105.66981
 17.74409 -105.69203
 17.72760 -105.70123
 17.68946 -105.71384
 17.67350 -105.72309
 17.66404 -105.73528
 17.64208 -105.78742
 17.62156 -105.81988
 17.59800 -105.84602
 17.51681 -105.91114
 17.49573 -105.93217
 17.49573 -105.93232
 17.39449 -106.01930
 17.25740 -106.18544
 17.24629 -106.20729
 17.24489 -106.22182
 17.25197 -106.23339
 17.26623 -106.24791
 17.27455 -106.25236
 17.28318 -106.25479
 17.28923 -106.25995
 17.28985 -106.27261
 17.28479 -106.28455
 17.27657 -106.28667
 17.26598 -106.28569
 17.25378 -106.28796
 17.24691 -106.29313
 17.23295 -106.30698
 17.22711 -106.31054
 17.21792 -106.30977
 17.20200 -106.30166
 17.19156 -106.30083
 17.17652 -106.30636
 17.12857 -106.33654
 17.08537 -106.38465
 17.06800 -106.39493
 17.06222 -106.39436
 17.05167 -106.38790
 17.04718 -106.38713
 17.01464 -106.40402
 17.01462 -106.40377
 17.00938 -106.34145
 17.02788 -106.28481
 17.03224 -106.25453
 17.04382 -106.22683
 17.08898 -106.18125
 17.10363 -106.15428
 17.10743 -106.12627
 17.09214 -106.12089
 17.07658 -106.11728
 17.06697 -106.10611
 17.05878 -106.09392
 17.04485 -105.99325
 17.05123 -105.88835
 17.07583 -105.80835
 17.10950 -105.72867
 17.11720 -105.69094
 17.11056 -105.65456
 17.06917 -105.64847
 17.04335 -105.63389
 17.05276 -105.59369
 17.10040 -105.48434
 17.09431 -105.42285
 17.09704 -105.37231
 17.06898 -105.34471
 17.05289 -105.30720
 17.06162 -105.28208
 17.05878 -105.26999
 17.05426 -105.25821
 17.05570 -105.22823
 17.07224 -105.20446
 17.09622 -105.18772
 17.11138 -105.16478
 17.10133 -105.14069
 17.08524 -105.11723
 17.07475 -105.08664
 17.07885 -105.05305
 17.09901 -105.03083
 17.08674 -104.97905
 17.09785 -104.95052
 17.08764 -104.92944
 17.07141 -104.91352
 17.07679 -104.88913
 17.08583 -104.86340
 17.07661 -104.84025
 17.04831 -104.83694
 17.03431 -104.81596
 17.01160 -104.79529
 16.99361 -104.79415
 17.00690 -104.81389
 16.99036 -104.83115
 16.93230 -104.84583
 16.90721 -104.83219
 16.91401 -104.77648
 16.94353 -104.74634
7 200 15.8801 17.1172 -106.796 -104.746 'Savannakhét (Laos)'
 16.81889 -104.75791
 16.82192 -104.75844
 16.84466 -104.76521
 16.85613 -104.76707
 16.86817 -104.76640
 16.87907 -104.76289
 16.89985 -104.75302
 16.91080 -104.74966
 16.94353 -104.74634
 16.91401 -104.77648
 16.90721 -104.83219
 16.93230 -104.84583
 16.99036 -104.83115
 17.00690 -104.81389
 16.99361 -104.79415
 17.01160 -104.79529
 17.03431 -104.81596
 17.04831 -104.83694
 17.07661 -104.84025
 17.08583 -104.86340
 17.07679 -104.88913
 17.07141 -104.91352
 17.08764 -104.92944
 17.09785 -104.95052
 17.08674 -104.97905
 17.09901 -105.03083
 17.07885 -105.05305
 17.07475 -105.08664
 17.08524 -105.11723
 17.10133 -105.14069
 17.11138 -105.16478
 17.09622 -105.18772
 17.07224 -105.20446
 17.05570 -105.22823
 17.05426 -105.25821
 17.05878 -105.26999
 17.06162 -105.28208
 17.05289 -105.30720
 17.06898 -105.34471
 17.09704 -105.37231
 17.09431 -105.42285
 17.10040 -105.48434
 17.05276 -105.59369
 17.04335 -105.63389
 17.06917 -105.64847
 17.11056 -105.65456
 17.11720 -105.69094
 17.10950 -105.72867
 17.07583 -105.80835
 17.05123 -105.88835
 17.04485 -105.99325
 17.05878 -106.09392
 17.06697 -106.10611
 17.07658 -106.11728
 17.09214 -106.12089
 17.10743 -106.12627
 17.10363 -106.15428
 17.08898 -106.18125
 17.04382 -106.22683
 17.03224 -106.25453
 17.02788 -106.28481
 17.00938 -106.34145
 17.01462 -106.40377
 17.01464 -106.40402
 17.00537 -106.40883
 16.99581 -106.41136
 16.99571 -106.41136
 16.98868 -106.42025
 16.98046 -106.43720
 16.97359 -106.45653
 16.97070 -106.47374
 16.96393 -106.49684
 16.98925 -106.52454
 16.97266 -106.53342
 16.95064 -106.53355
 16.68353 -106.53508
 16.65914 -106.54066
 16.63780 -106.54975
 16.61356 -106.57244
 16.60245 -106.59141
 16.59460 -106.61156
 16.59351 -106.62494
 16.58664 -106.64019
 16.57532 -106.64432
 16.52178 -106.63967
 16.51036 -106.64117
 16.47083 -106.65517
 16.44442 -106.67068
 16.42789 -106.69290
 16.43249 -106.72266
 16.42163 -106.72256
 16.41714 -106.72571
 16.41755 -106.73248
 16.42153 -106.74240
 16.42827 -106.75151
 16.42388 -106.75837
 16.42429 -106.77098
 16.42254 -106.78297
 16.39838 -106.79579
 16.36841 -106.79155
 16.34342 -106.77863
 16.32174 -106.73005
 16.31952 -106.70411
 16.33368 -106.68148
 16.32017 -106.66463
 16.27368 -106.63972
 16.24968 -106.63724
 16.21671 -106.64386
 16.19315 -106.63032
 16.18341 -106.59983
 16.17240 -106.58205
 16.17413 -106.55787
 16.18622 -106.53399
 16.17925 -106.50588
 16.15759 -106.48283
 16.14850 -106.44821
 16.14684 -106.41245
 16.13610 -106.38723
 16.14560 -106.33277
 16.14193 -106.31489
 16.11822 -106.31065
 16.09982 -106.30403
 16.12258 -106.28429
 16.15367 -106.27055
 16.16679 -106.25060
 16.17421 -106.22693
 16.17886 -106.19531
 16.17653 -106.16389
 16.17049 -106.16058
 16.16403 -106.15624
 16.16093 -106.13939
 16.15413 -106.12833
 16.14281 -106.12110
 16.11703 -106.11945
 16.09256 -106.12678
 16.04124 -106.12782
 16.01610 -106.13857
 15.99091 -106.14022
 15.97393 -106.12038
 15.95156 -106.06880
 15.95091 -106.03966
 15.95882 -106.01134
 15.95789 -105.98271
 15.91546 -105.93940
 15.88014 -105.89321
 15.88296 -105.86716
 15.89164 -105.84225
 15.88544 -105.79006
 15.91234 -105.74024
 15.91203 -105.70965
 15.91931 -105.69911
 15.92753 -105.68939
 15.95233 -105.62614
 15.97040 -105.56000
 15.99773 -105.50026
 16.00510 -105.42367
 16.00504 -105.42323
 16.00988 -105.42207
 16.01520 -105.41447
 16.01882 -105.40491
 16.04739 -105.28854
 16.04915 -105.24740
 16.05080 -105.23722
 16.09585 -105.10698
 16.10543 -105.07930
 16.12119 -105.05811
 16.14144 -105.04246
 16.16527 -105.03259
 16.19147 -105.02887
 16.23601 -105.02974
 16.25767 -105.02638
 16.27673 -105.01548
 16.28355 -105.00742
 16.29396 -104.98803
 16.29864 -104.97931
 16.30433 -104.97150
 16.32443 -104.95207
 16.33084 -104.94406
 16.34557 -104.91730
 16.35337 -104.90805
 16.36246 -104.90159
 16.37275 -104.89704
 16.40391 -104.88774
 16.42184 -104.87947
 16.43843 -104.86893
 16.45409 -104.85549
 16.46773 -104.83885
 16.49708 -104.78273
 16.51134 -104.76516
 16.52891 -104.75452
 16.54933 -104.74950
 16.57191 -104.74842
 16.61480 -104.75302
 16.65676 -104.76371
 16.69402 -104.77756
 16.70487 -104.77901
 16.71583 -104.77834
 16.79846 -104.75679
 16.80988 -104.75632
 16.81889 -104.75791
8 220 15.2884 16.531 -107.136 -105.361 'Saravan (Laos)'
 15.76281 -105.46238
 15.76488 -105.44796
 15.77165 -105.43566
 15.78390 -105.42300
 15.79976 -105.41205
 15.88213 -105.37257
 15.91939 -105.36063
 15.95479 -105.36249
 15.98078 -105.38652
 15.98890 -105.40740
 15.99474 -105.41814
 16.00213 -105.42393
 16.00504 -105.42323
 16.00510 -105.42367
 15.99773 -105.50026
 15.97040 -105.56000
 15.95233 -105.62614
 15.92753 -105.68939
 15.91931 -105.69911
 15.91203 -105.70965
 15.91234 -105.74024
 15.88544 -105.79006
 15.89164 -105.84225
 15.88296 -105.86716
 15.88014 -105.89321
 15.91546 -105.93940
 15.95789 -105.98271
 15.95882 -106.01134
 15.95091 -106.03966
 15.95156 -106.06880
 15.97393 -106.12038
 15.99091 -106.14022
 16.01610 -106.13857
 16.04124 -106.12782
 16.09256 -106.12678
 16.11703 -106.11945
 16.14281 -106.12110
 16.15413 -106.12833
 16.16093 -106.13939
 16.16403 -106.15624
 16.17049 -106.16058
 16.17653 -106.16389
 16.17886 -106.19531
 16.17421 -106.22693
 16.16679 -106.25060
 16.15367 -106.27055
 16.12258 -106.28429
 16.09982 -106.30403
 16.11822 -106.31065
 16.14193 -106.31489
 16.14560 -106.33277
 16.13610 -106.38723
 16.14684 -106.41245
 16.14850 -106.44821
 16.15759 -106.48283
 16.17925 -106.50588
 16.18622 -106.53399
 16.17413 -106.55787
 16.17240 -106.58205
 16.18341 -106.59983
 16.19315 -106.63032
 16.21671 -106.64386
 16.24968 -106.63724
 16.27368 -106.63972
 16.32017 -106.66463
 16.33368 -106.68148
 16.31952 -106.70411
 16.32174 -106.73005
 16.34342 -106.77863
 16.36841 -106.79155
 16.39838 -106.79579
 16.42254 -106.78297
 16.42429 -106.77098
 16.42388 -106.75837
 16.42827 -106.75151
 16.42902 -106.75253
 16.43657 -106.75439
 16.44427 -106.75460
 16.45249 -106.75915
 16.46913 -106.78612
 16.47946 -106.79734
 16.49610 -106.80142
 16.53098 -106.82286
 16.53005 -106.84669
 16.50406 -106.86405
 16.46385 -106.86684
 16.43057 -106.86260
 16.42789 -106.86136
 16.42463 -106.85821
 16.42034 -106.85589
 16.41466 -106.85589
 16.41182 -106.85986
 16.41404 -106.86653
 16.41735 -106.87284
 16.41802 -106.87630
 16.39089 -106.88844
 16.37854 -106.89774
 16.36474 -106.91500
 16.35172 -106.93950
 16.34614 -106.94601
 16.33632 -106.95066
 16.31384 -106.95407
 16.30707 -106.95655
 16.29988 -106.96730
 16.29833 -106.98022
 16.29942 -107.01433
 16.29523 -107.05339
 16.29081 -107.06798
 16.29001 -107.07060
 16.28107 -107.08910
 16.26748 -107.10827
 16.25462 -107.11685
 16.20098 -107.12750
 16.18821 -107.13334
 16.18478 -107.13599
 16.18457 -107.13592
 16.18232 -107.13520
 16.15628 -107.12052
 16.13687 -107.10037
 16.11429 -107.08187
 16.09488 -107.07649
 16.07757 -107.06905
 16.06677 -107.03267
 16.05005 -107.00900
 16.03879 -106.98430
 16.04605 -106.95660
 16.03633 -106.94772
 16.02858 -106.93469
 16.02962 -106.89883
 16.03548 -106.86462
 16.04724 -106.84230
 16.04925 -106.81759
 16.02305 -106.80116
 15.99254 -106.79300
 15.97786 -106.80033
 15.96202 -106.80436
 15.95314 -106.79403
 15.94479 -106.78152
 15.89686 -106.73502
 15.84735 -106.70008
 15.79312 -106.67373
 15.77601 -106.65202
 15.75268 -106.65492
 15.73627 -106.67962
 15.71591 -106.69936
 15.70367 -106.68437
 15.68238 -106.67342
 15.65566 -106.69088
 15.62390 -106.69812
 15.61817 -106.69243
 15.60732 -106.68551
 15.59442 -106.68572
 15.58179 -106.68820
 15.55900 -106.69057
 15.54518 -106.67910
 15.55262 -106.62784
 15.53058 -106.59239
 15.52991 -106.53306
 15.53618 -106.49606
 15.53073 -106.46216
 15.50603 -106.45152
 15.49182 -106.43064
 15.49732 -106.40253
 15.50960 -106.37762
 15.51303 -106.35116
 15.50412 -106.32780
 15.47918 -106.32243
 15.47598 -106.31116
 15.46779 -106.30011
 15.42009 -106.31654
 15.39994 -106.37349
 15.39090 -106.34196
 15.38578 -106.30662
 15.37573 -106.27923
 15.36046 -106.25360
 15.31850 -106.20988
 15.28842 -106.16068
 15.29948 -106.13412
 15.36232 -106.07500
 15.39131 -106.08131
 15.41294 -106.10177
 15.43738 -106.09237
 15.45988 -106.07273
 15.45983 -106.05061
 15.45451 -106.02787
 15.45353 -106.00369
 15.44510 -105.98095
 15.45805 -105.95718
 15.44981 -105.93062
 15.44247 -105.89672
 15.44123 -105.83378
 15.44342 -105.82489
 15.44309 -105.81466
 15.43603 -105.80546
 15.43193 -105.79440
 15.43647 -105.78252
 15.44260 -105.77115
 15.45143 -105.76246
 15.45859 -105.75368
 15.45567 -105.74128
 15.44655 -105.73177
 15.44159 -105.70851
 15.44702 -105.68505
 15.45663 -105.66118
 15.45389 -105.63410
 15.43733 -105.61922
 15.42746 -105.59565
 15.42755 -105.59224
 15.43921 -105.60428
 15.45717 -105.61038
 15.49947 -105.61203
 15.52128 -105.61627
 15.58331 -105.64087
 15.63460 -105.65100
 15.68199 -105.64092
 15.72147 -105.61291
 15.74938 -105.56852
 15.76348 -105.52542
 15.76617 -105.50341
 15.76281 -105.46238
9 119 17.8101 18.4346 -103.088 -102.039 'Vientiane [prefecture] (Laos)'
 18.21238 -102.10739
 18.21380 -102.07850
 18.20850 -102.07127
 18.19234 -102.05553
 18.19258 -102.05530
 18.19742 -102.05075
 18.20700 -102.04641
 18.21599 -102.04083
 18.26692 -102.03876
 18.34710 -102.05830
 18.37384 -102.05892
 18.39637 -102.04321
 18.41743 -102.05065
 18.41118 -102.07535
 18.39728 -102.10243
 18.40815 -102.12496
 18.42815 -102.14460
 18.43459 -102.17540
 18.43345 -102.20661
 18.41423 -102.22707
 18.39146 -102.24402
 18.35808 -102.25498
 18.33599 -102.28826
 18.32446 -102.33115
 18.30901 -102.37208
 18.30392 -102.40081
 18.30798 -102.43006
 18.30286 -102.44267
 18.29511 -102.45631
 18.29780 -102.48918
 18.28162 -102.50582
 18.27695 -102.51078
 18.27491 -102.52204
 18.27054 -102.53320
 18.25878 -102.53796
 18.24168 -102.53765
 18.23736 -102.53910
 18.23850 -102.54220
 18.23395 -102.56917
 18.23796 -102.58364
 18.22617 -102.59790
 18.22535 -102.61940
 18.26351 -102.66498
 18.26824 -102.70477
 18.27976 -102.74208
 18.29341 -102.76937
 18.30873 -102.85132
 18.29351 -102.90393
 18.27718 -102.95447
 18.25093 -102.99550
 18.23008 -103.00356
 18.21315 -103.01028
 18.19385 -103.01100
 18.18685 -103.01318
 18.17786 -103.01007
 18.16794 -103.00790
 18.16096 -103.00542
 18.15489 -103.00057
 18.14757 -102.99685
 18.13659 -102.99819
 18.12538 -103.00491
 18.12003 -103.01390
 18.12034 -103.02444
 18.12615 -103.03550
 18.14396 -103.04738
 18.16354 -103.05669
 18.16786 -103.06826
 18.13969 -103.08676
 18.13867 -103.08770
 18.13479 -103.07994
 18.12556 -103.07131
 18.11225 -103.06635
 18.09404 -103.06480
 18.03552 -103.07307
 18.02577 -103.06821
 18.01926 -103.05829
 18.00500 -103.04940
 17.99069 -103.03793
 17.98423 -103.02046
 17.98857 -103.00382
 18.00774 -102.97292
 18.01213 -102.95493
 18.00893 -102.93861
 17.97203 -102.85272
 17.96376 -102.83804
 17.95312 -102.83189
 17.92273 -102.77407
 17.89043 -102.73738
 17.88180 -102.72218
 17.87354 -102.68673
 17.86537 -102.67299
 17.85007 -102.66761
 17.83178 -102.67335
 17.81736 -102.68291
 17.81008 -102.68291
 17.81287 -102.66079
 17.83700 -102.60943
 17.84082 -102.59527
 17.85007 -102.59558
 17.91529 -102.61232
 17.95518 -102.59961
 17.97084 -102.56752
 17.97115 -102.48204
 17.97777 -102.44551
 17.99420 -102.41223
 18.01606 -102.38515
 18.03880 -102.36639
 18.03704 -102.33652
 18.05146 -102.30671
 18.09404 -102.25658
 18.12417 -102.23312
 18.12820 -102.22557
 18.13161 -102.22180
 18.15207 -102.19157
 18.16923 -102.18211
 18.18597 -102.17839
 18.20029 -102.17193
 18.21010 -102.15354
 18.21238 -102.10739
10 259 17.8137 19.4093 -103.894 -101.399 'Vientiane (Laos)'
 18.19234 -102.05553
 18.03712 -101.90430
 18.03084 -101.88379
 18.05213 -101.84518
 18.06239 -101.80606
 18.07357 -101.79666
 18.07357 -101.79041
 18.05856 -101.77392
 18.04032 -101.76576
 17.99782 -101.75692
 17.93203 -101.73258
 17.91219 -101.72907
 17.89483 -101.63620
 17.88465 -101.61987
 17.86553 -101.61114
 17.85436 -101.60039
 17.86811 -101.57755
 17.85292 -101.57755
 17.83979 -101.57507
 17.82889 -101.57052
 17.82031 -101.56401
 17.81367 -101.54550
 17.81390 -101.54525
 17.81550 -101.54350
 17.82046 -101.53688
 17.82666 -101.53688
 17.85705 -101.55476
 17.86452 -101.55745
 17.87511 -101.55115
 17.87356 -101.53740
 17.86658 -101.52314
 17.86080 -101.51580
 17.86080 -101.50898
 17.87581 -101.50412
 17.87906 -101.49544
 17.87446 -101.47115
 17.87733 -101.45627
 17.88477 -101.44945
 17.89488 -101.44490
 17.92888 -101.42361
 17.95461 -101.42464
 17.98255 -101.43095
 18.01226 -101.43322
 18.08394 -101.42702
 18.09631 -101.42299
 18.12778 -101.40428
 18.14135 -101.39911
 18.18217 -101.40325
 18.21470 -101.42082
 18.26550 -101.46743
 18.28067 -101.47621
 18.29377 -101.48118
 18.30297 -101.49048
 18.30645 -101.51239
 18.31201 -101.52996
 18.32532 -101.54701
 18.34128 -101.56148
 18.35487 -101.57109
 18.36441 -101.57347
 18.37567 -101.57430
 18.38505 -101.57781
 18.39092 -101.59300
 18.40547 -101.61512
 18.42110 -101.62639
 18.45758 -101.64458
 18.47094 -101.65977
 18.46528 -101.67072
 18.46435 -101.68323
 18.46670 -101.69605
 18.47094 -101.70762
 18.48843 -101.72995
 18.49143 -101.73212
 18.50220 -101.74255
 18.54954 -101.76385
 18.56882 -101.77935
 18.62176 -101.81066
 18.64075 -101.81521
 18.68263 -101.81955
 18.70369 -101.82431
 18.76335 -101.85428
 18.79332 -101.86172
 18.82660 -101.85097
 18.87024 -101.80891
 18.88557 -101.80322
 18.90414 -101.80570
 18.94122 -101.81594
 18.96440 -101.81687
 18.98499 -101.81501
 18.99429 -101.81232
 19.00194 -101.80694
 19.01052 -101.80312
 19.02119 -101.80488
 19.03253 -101.80860
 19.04992 -101.81035
 19.07155 -101.83878
 19.08617 -101.85986
 19.09677 -101.86885
 19.10473 -101.87815
 19.11002 -101.90782
 19.15348 -101.95681
 19.21283 -101.98657
 19.25420 -101.99670
 19.26797 -102.00755
 19.27407 -102.02719
 19.28399 -102.04093
 19.29789 -102.05158
 19.30993 -102.06770
 19.32296 -102.08217
 19.38435 -102.09695
 19.40174 -102.12723
 19.40765 -102.16341
 19.40925 -102.18987
 19.40326 -102.21519
 19.38840 -102.22883
 19.37582 -102.24464
 19.38264 -102.27854
 19.36244 -102.30934
 19.37941 -102.34221
 19.38920 -102.37094
 19.37827 -102.38551
 19.36812 -102.40246
 19.36582 -102.43089
 19.36809 -102.45962
 19.35089 -102.45414
 19.33487 -102.44639
 19.32634 -102.46727
 19.32130 -102.48763
 19.30112 -102.50003
 19.27838 -102.50861
 19.24906 -102.54075
 19.22425 -102.57579
 19.25797 -102.64896
 19.27368 -102.70384
 19.31438 -102.74590
 19.29053 -102.75893
 19.27624 -102.79355
 19.26696 -102.80926
 19.26678 -102.80936
 19.26399 -102.82177
 19.23265 -102.85267
 19.21919 -102.88109
 19.20195 -102.90507
 19.19800 -102.92078
 19.20141 -102.93628
 19.20348 -102.95571
 19.18451 -103.04118
 19.17630 -103.06206
 19.14826 -103.09224
 19.14250 -103.12707
 19.14051 -103.16397
 19.12199 -103.26319
 19.12545 -103.27590
 19.13031 -103.28592
 19.13196 -103.32086
 19.14361 -103.34835
 19.13950 -103.37047
 19.13819 -103.39227
 19.12258 -103.41263
 19.12240 -103.43734
 19.14439 -103.44457
 19.15123 -103.46038
 19.15382 -103.47723
 19.14935 -103.50824
 19.13080 -103.53428
 19.10622 -103.55702
 19.08592 -103.58151
 19.08356 -103.61252
 19.06824 -103.65644
 19.07137 -103.72073
 19.05072 -103.76062
 19.03873 -103.79173
 19.04080 -103.82884
 19.03122 -103.86108
 19.00894 -103.88578
 18.94406 -103.89384
 18.87714 -103.88547
 18.86549 -103.85436
 18.85099 -103.82450
 18.83366 -103.80269
 18.82717 -103.77540
 18.83704 -103.74853
 18.85340 -103.72455
 18.86880 -103.69603
 18.88846 -103.67071
 18.90226 -103.64187
 18.91140 -103.61148
 18.94980 -103.57076
 18.94768 -103.53759
 18.93037 -103.48415
 18.90510 -103.48426
 18.87595 -103.48963
 18.84882 -103.50214
 18.84655 -103.51361
 18.83880 -103.51795
 18.83229 -103.50689
 18.83154 -103.49160
 18.80779 -103.48157
 18.77570 -103.48560
 18.74439 -103.49397
 18.71111 -103.49862
 18.66891 -103.49873
 18.63284 -103.48767
 18.61096 -103.46472
 18.59003 -103.43816
 18.55137 -103.36830
 18.53295 -103.28933
 18.52732 -103.16862
 18.51324 -103.08387
 18.52486 -102.88781
 18.51065 -102.82166
 18.43606 -102.85753
 18.41317 -102.87871
 18.39322 -102.90207
 18.34320 -102.91385
 18.29351 -102.90393
 18.30873 -102.85132
 18.29341 -102.76937
 18.27976 -102.74208
 18.26824 -102.70477
 18.26351 -102.66498
 18.22535 -102.61940
 18.22617 -102.59790
 18.23796 -102.58364
 18.23395 -102.56917
 18.23850 -102.54220
 18.23736 -102.53910
 18.24168 -102.53765
 18.25878 -102.53796
 18.27054 -102.53320
 18.27491 -102.52204
 18.27695 -102.51078
 18.28162 -102.50582
 18.29780 -102.48918
 18.29511 -102.45631
 18.30286 -102.44267
 18.30798 -102.43006
 18.30392 -102.40081
 18.30901 -102.37208
 18.32446 -102.33115
 18.33599 -102.28826
 18.35808 -102.25498
 18.39146 -102.24402
 18.41423 -102.22707
 18.43345 -102.20661
 18.43459 -102.17540
 18.42815 -102.14460
 18.40815 -102.12496
 18.39728 -102.10243
 18.41118 -102.07535
 18.41743 -102.05065
 18.39637 -102.04321
 18.37384 -102.05892
 18.34710 -102.05830
 18.26692 -102.03876
 18.21599 -102.04083
 18.20700 -102.04641
 18.19742 -102.05075
 18.19258 -102.05530
 18.19234 -102.05553
11 281 13.9155 15.4599 -106.822 -105.184 'Champasak (Laos)'
 15.32106 -105.51938
 15.32467 -105.49902
 15.33452 -105.48331
 15.35281 -105.47747
 15.37490 -105.48625
 15.38759 -105.50620
 15.40203 -105.55281
 15.42379 -105.58837
 15.42755 -105.59224
 15.42746 -105.59565
 15.43733 -105.61922
 15.45389 -105.63410
 15.45663 -105.66118
 15.44702 -105.68505
 15.44159 -105.70851
 15.44655 -105.73177
 15.45567 -105.74128
 15.45859 -105.75368
 15.45143 -105.76246
 15.44260 -105.77115
 15.43647 -105.78252
 15.43193 -105.79440
 15.43603 -105.80546
 15.44309 -105.81466
 15.44342 -105.82489
 15.44123 -105.83378
 15.44247 -105.89672
 15.44981 -105.93062
 15.45805 -105.95718
 15.44510 -105.98095
 15.45353 -106.00369
 15.45451 -106.02787
 15.45983 -106.05061
 15.45988 -106.07273
 15.43738 -106.09237
 15.41294 -106.10177
 15.39131 -106.08131
 15.36232 -106.07500
 15.29948 -106.13412
 15.28842 -106.16068
 15.31850 -106.20988
 15.36046 -106.25360
 15.37573 -106.27923
 15.38578 -106.30662
 15.39090 -106.34196
 15.39994 -106.37349
 15.38149 -106.42465
 15.32511 -106.47095
 15.31108 -106.50485
 15.30966 -106.53999
 15.30261 -106.56200
 15.22233 -106.66618
 15.13750 -106.67166
 15.13675 -106.67734
 15.13820 -106.68396
 15.13430 -106.68303
 15.13089 -106.68075
 15.11913 -106.69832
 15.11481 -106.72034
 15.12406 -106.76127
 15.11068 -106.77563
 15.09257 -106.78638
 15.08161 -106.80013
 15.06611 -106.81201
 15.01603 -106.82214
 14.96513 -106.82224
 14.93483 -106.80354
 14.89460 -106.81925
 14.89733 -106.79703
 14.88597 -106.75558
 14.87325 -106.74473
 14.85927 -106.72685
 14.83770 -106.70814
 14.80990 -106.70639
 14.78615 -106.69130
 14.78055 -106.66112
 14.78176 -106.63104
 14.76817 -106.61078
 14.78452 -106.55994
 14.78649 -106.53182
 14.80235 -106.50537
 14.82664 -106.48521
 14.85258 -106.48428
 14.87935 -106.48924
 14.89162 -106.48635
 14.90591 -106.48748
 14.93147 -106.49865
 14.96224 -106.50216
 14.98213 -106.48159
 14.97219 -106.45452
 14.95371 -106.43188
 14.96560 -106.40832
 14.99312 -106.39633
 15.00562 -106.37142
 15.00565 -106.34207
 14.99242 -106.31809
 14.96653 -106.30372
 14.93439 -106.26083
 14.88932 -106.21494
 14.82692 -106.17329
 14.75339 -106.17598
 14.72608 -106.19055
 14.70355 -106.21050
 14.68802 -106.23871
 14.66872 -106.26342
 14.58852 -106.28429
 14.57027 -106.30238
 14.55340 -106.32315
 14.52811 -106.34103
 14.50015 -106.34527
 14.48692 -106.34537
 14.47506 -106.35168
 14.44922 -106.34010
 14.44899 -106.34000
 14.44811 -106.33344
 14.44449 -106.32016
 14.44548 -106.30646
 14.44788 -106.29675
 14.48436 -106.23597
 14.49046 -106.23008
 14.47348 -106.22078
 14.42139 -106.21065
 14.39990 -106.20394
 14.37889 -106.18916
 14.36967 -106.17324
 14.36755 -106.15412
 14.36951 -106.11903
 14.37365 -106.09500
 14.37272 -106.07945
 14.37344 -106.06865
 14.37292 -106.06353
 14.36884 -106.06059
 14.35310 -106.05810
 14.34843 -106.05542
 14.34765 -106.03816
 14.36241 -105.99413
 14.36584 -105.97398
 14.35486 -105.96943
 14.34336 -105.96783
 14.33202 -105.96917
 14.32130 -105.97398
 14.30595 -105.99341
 14.28998 -106.00452
 14.27076 -106.00798
 14.24593 -106.00405
 14.22577 -106.01247
 14.21304 -106.02627
 14.19185 -106.06059
 14.17451 -106.07619
 14.11516 -106.10172
 14.10030 -106.11526
 14.08700 -106.13128
 14.07240 -106.14456
 14.05356 -106.14947
 14.03501 -106.14208
 14.02201 -106.12642
 14.01036 -106.10849
 13.99618 -106.09407
 13.98096 -106.08198
 13.93401 -106.08384
 13.91654 -106.06916
 13.91546 -106.04922
 13.92830 -105.99744
 13.92928 -105.97398
 13.91959 -105.94917
 13.91711 -105.92457
 13.92261 -105.89966
 13.92480 -105.89558
 13.93685 -105.87305
 14.01015 -105.78711
 14.03470 -105.77016
 14.06248 -105.75890
 14.08694 -105.74402
 14.10154 -105.71601
 14.10201 -105.70515
 14.09886 -105.68366
 14.10041 -105.66934
 14.10705 -105.65327
 14.11345 -105.64314
 14.11402 -105.63291
 14.10299 -105.61725
 14.12074 -105.60986
 14.13635 -105.59457
 14.14402 -105.57653
 14.13816 -105.56139
 14.14609 -105.55555
 14.15312 -105.54894
 14.15919 -105.54124
 14.16433 -105.53318
 14.14506 -105.50527
 14.13692 -105.49049
 14.13252 -105.47385
 14.11715 -105.45008
 14.10787 -105.42217
 14.10374 -105.39246
 14.10405 -105.36409
 14.10607 -105.34786
 14.10999 -105.33779
 14.11756 -105.32947
 14.15239 -105.30394
 14.15684 -105.29660
 14.16126 -105.28218
 14.16482 -105.27531
 14.18244 -105.25691
 14.27029 -105.19743
 14.29102 -105.18798
 14.31417 -105.18426
 14.34574 -105.18431
 14.34522 -105.19821
 14.35719 -105.25045
 14.36437 -105.26859
 14.37210 -105.27572
 14.39328 -105.28771
 14.39907 -105.29474
 14.39819 -105.30466
 14.38638 -105.32223
 14.38571 -105.33510
 14.39010 -105.34084
 14.40827 -105.35965
 14.41455 -105.36766
 14.41824 -105.37923
 14.42305 -105.40569
 14.42816 -105.41597
 14.43522 -105.42031
 14.45816 -105.42889
 14.46793 -105.43385
 14.47534 -105.44036
 14.49596 -105.46367
 14.53712 -105.49545
 14.56405 -105.50754
 14.59358 -105.51013
 14.65988 -105.49576
 14.69042 -105.49736
 14.73636 -105.50512
 14.74595 -105.50155
 14.76380 -105.49070
 14.78633 -105.48915
 14.80899 -105.49385
 14.82734 -105.50155
 14.83041 -105.50620
 14.83346 -105.52005
 14.83724 -105.52439
 14.84253 -105.52408
 14.85654 -105.51695
 14.87168 -105.51586
 14.87767 -105.51778
 14.87871 -105.52191
 14.87803 -105.53762
 14.88010 -105.54305
 14.90230 -105.55064
 14.93402 -105.53416
 14.95309 -105.54392
 14.97759 -105.58356
 14.99079 -105.59307
 14.99593 -105.56646
 14.99593 -105.56635
 14.99593 -105.56615
 15.00534 -105.55354
 15.04596 -105.52429
 15.05004 -105.52284
 15.06117 -105.52315
 15.06614 -105.52088
 15.06714 -105.51654
 15.06490 -105.50356
 15.06614 -105.49829
 15.09063 -105.47385
 15.09476 -105.45194
 15.11135 -105.44362
 15.13381 -105.44378
 15.15530 -105.44770
 15.17553 -105.45442
 15.18944 -105.46310
 15.23106 -105.50393
 15.25289 -105.53157
 15.27093 -105.56025
 15.27253 -105.56397
 15.29945 -105.56480
 15.32090 -105.56149
 15.32514 -105.55803
 15.32152 -105.53855
 15.32106 -105.51938
12 223 19.0499 21.1406 -103.39 -101.708 'Louangphrabang (Laos)'
 21.14064 -102.92588
 21.10238 -102.93530
 21.08486 -102.94217
 21.07587 -102.94682
 21.06900 -102.95158
 21.06580 -102.95948
 21.06766 -102.97411
 21.05737 -102.99917
 21.04053 -103.01452
 20.99546 -103.03710
 20.93128 -103.06821
 20.90198 -103.08671
 20.86839 -103.11529
 20.85490 -103.13001
 20.85046 -103.13637
 20.84602 -103.14696
 20.84369 -103.16505
 20.84121 -103.17523
 20.83708 -103.18365
 20.82783 -103.19709
 20.82457 -103.20691
 20.82436 -103.21859
 20.82641 -103.22583
 20.82989 -103.23812
 20.83072 -103.24711
 20.82638 -103.26339
 20.79785 -103.31982
 20.78907 -103.34768
 20.78772 -103.35832
 20.78762 -103.36380
 20.79429 -103.38911
 20.78871 -103.39021
 20.78318 -103.38814
 20.77824 -103.38494
 20.75220 -103.33305
 20.73496 -103.27548
 20.72259 -103.25016
 20.70701 -103.22660
 20.66636 -103.21399
 20.61885 -103.20975
 20.55872 -103.21482
 20.50082 -103.20066
 20.47518 -103.17730
 20.44754 -103.18970
 20.42007 -103.20913
 20.41467 -103.22670
 20.41410 -103.24531
 20.39971 -103.23910
 20.38757 -103.23239
 20.35134 -103.23745
 20.31248 -103.23559
 20.28600 -103.21492
 20.22295 -103.14733
 20.17637 -103.11415
 20.15306 -103.12697
 20.11257 -103.16231
 20.09963 -103.16862
 20.08797 -103.15932
 20.07965 -103.14681
 20.06642 -103.14020
 20.05108 -103.14082
 20.02901 -103.13668
 19.95783 -103.13348
 19.91506 -103.13823
 19.89287 -103.12531
 19.87700 -103.10568
 19.87370 -103.05555
 19.86416 -103.03147
 19.84943 -103.00976
 19.83582 -102.97928
 19.81879 -102.95251
 19.77153 -102.95096
 19.72464 -102.94424
 19.71717 -102.90745
 19.71921 -102.86683
 19.69559 -102.87096
 19.67735 -102.85794
 19.63761 -102.81205
 19.59909 -102.75242
 19.58079 -102.73309
 19.55932 -102.71655
 19.52630 -102.67108
 19.47344 -102.66064
 19.42194 -102.67345
 19.39905 -102.70115
 19.37156 -102.72513
 19.31438 -102.74590
 19.27368 -102.70384
 19.25797 -102.64896
 19.22425 -102.57579
 19.24906 -102.54075
 19.27838 -102.50861
 19.30112 -102.50003
 19.32130 -102.48763
 19.32634 -102.46727
 19.33487 -102.44639
 19.35089 -102.45414
 19.36809 -102.45962
 19.36582 -102.43089
 19.36812 -102.40246
 19.37827 -102.38551
 19.38920 -102.37094
 19.37941 -102.34221
 19.36244 -102.30934
 19.38264 -102.27854
 19.37582 -102.24464
 19.38840 -102.22883
 19.40326 -102.21519
 19.40925 -102.18987
 19.40765 -102.16341
 19.40174 -102.12723
 19.38435 -102.09695
 19.32296 -102.08217
 19.30993 -102.06770
 19.29789 -102.05158
 19.28399 -102.04093
 19.27407 -102.02719
 19.26797 -102.00755
 19.25420 -101.99670
 19.21283 -101.98657
 19.15348 -101.95681
 19.11002 -101.90782
 19.10473 -101.87815
 19.09677 -101.86885
 19.08617 -101.85986
 19.07155 -101.83878
 19.04992 -101.81035
 19.14723 -101.82028
 19.18074 -101.82875
 19.20087 -101.83051
 19.26012 -101.82400
 19.27908 -101.82431
 19.29223 -101.83030
 19.32538 -101.85335
 19.34487 -101.85841
 19.36024 -101.86616
 19.39336 -101.89944
 19.40321 -101.90627
 19.41432 -101.89634
 19.43119 -101.85697
 19.44078 -101.84136
 19.45406 -101.82916
 19.46711 -101.82090
 19.48145 -101.81666
 19.61495 -101.81501
 19.64963 -101.82431
 19.65673 -101.81490
 19.65418 -101.78648
 19.65542 -101.75795
 19.68081 -101.74679
 19.74125 -101.74597
 19.75972 -101.75537
 19.80554 -101.77304
 19.85328 -101.77170
 19.87225 -101.76075
 19.88667 -101.74462
 19.90426 -101.72995
 19.93080 -101.70762
 19.94111 -101.74803
 19.94803 -101.82937
 19.95749 -101.86523
 19.97932 -101.89862
 20.03415 -101.95019
 20.05369 -101.97448
 20.05953 -101.99226
 20.05369 -102.04714
 20.05813 -102.06357
 20.08846 -102.11917
 20.09164 -102.15214
 20.12226 -102.16837
 20.14533 -102.19503
 20.17949 -102.20217
 20.21194 -102.18801
 20.24907 -102.15783
 20.29186 -102.15989
 20.31920 -102.17364
 20.34703 -102.17075
 20.36196 -102.15349
 20.37951 -102.14005
 20.40940 -102.14315
 20.49942 -102.18697
 20.55332 -102.20640
 20.60621 -102.23214
 20.62980 -102.23565
 20.63931 -102.30376
 20.67468 -102.33859
 20.72147 -102.35368
 20.74090 -102.35513
 20.75816 -102.34810
 20.77114 -102.33952
 20.78444 -102.34076
 20.80842 -102.33590
 20.84821 -102.35192
 20.86942 -102.35130
 20.89503 -102.34262
 20.93498 -102.31048
 20.96249 -102.30945
 20.94567 -102.34624
 20.92668 -102.37818
 20.92534 -102.40815
 20.92038 -102.43719
 20.90862 -102.44959
 20.88911 -102.45383
 20.86904 -102.50892
 20.93423 -102.56648
 20.94753 -102.58819
 20.95324 -102.61320
 20.94823 -102.64700
 20.97869 -102.66302
 20.98668 -102.67728
 21.01257 -102.74425
 21.01825 -102.74518
 21.02616 -102.74932
 21.02885 -102.75820
 21.03158 -102.78704
 21.04753 -102.79613
 21.07396 -102.79644
 21.12137 -102.80389
 21.13964 -102.81401
 21.13972 -102.82890
 21.13491 -102.84523
 21.14062 -102.92564
 21.14064 -102.92588
13 276 19.5994 20.9612 -104.964 -103.114 'Houaphan (Laos)'
 20.96120 -104.09228
 20.95769 -104.09915
 20.94704 -104.11424
 20.94317 -104.12262
 20.94167 -104.13207
 20.94126 -104.15476
 20.93976 -104.16540
 20.92989 -104.19388
 20.92544 -104.20127
 20.91764 -104.20711
 20.89702 -104.21755
 20.89201 -104.22106
 20.89232 -104.22804
 20.89826 -104.25057
 20.89893 -104.26002
 20.89619 -104.26907
 20.89154 -104.27894
 20.88575 -104.28788
 20.87981 -104.29527
 20.86462 -104.30720
 20.83387 -104.32322
 20.81904 -104.33635
 20.81367 -104.34467
 20.80809 -104.36033
 20.80312 -104.36798
 20.79573 -104.37335
 20.77837 -104.38167
 20.77098 -104.38906
 20.76519 -104.40932
 20.76576 -104.43216
 20.76359 -104.45262
 20.74964 -104.46616
 20.71822 -104.47567
 20.70210 -104.49231
 20.67874 -104.54388
 20.66055 -104.60073
 20.64649 -104.61520
 20.64262 -104.61407
 20.61905 -104.60724
 20.53570 -104.54264
 20.51927 -104.52073
 20.51193 -104.49582
 20.51616 -104.46967
 20.53461 -104.44497
 20.49544 -104.42379
 20.49544 -104.42368
 20.45849 -104.36643
 20.43974 -104.35981
 20.42067 -104.39154
 20.41105 -104.43236
 20.41405 -104.57551
 20.40682 -104.58936
 20.37674 -104.61230
 20.36581 -104.62842
 20.35178 -104.66641
 20.34098 -104.68093
 20.33305 -104.68465
 20.32171 -104.68770
 20.31000 -104.68930
 20.30104 -104.68863
 20.28747 -104.68186
 20.28530 -104.67411
 20.28571 -104.66584
 20.27962 -104.65736
 20.26646 -104.65354
 20.24610 -104.65199
 20.22579 -104.65302
 20.21270 -104.65705
 20.19655 -104.69085
 20.20476 -104.73359
 20.21903 -104.77880
 20.22099 -104.81916
 20.17533 -104.90799
 20.16781 -104.90898
 20.15709 -104.90345
 20.13464 -104.90489
 20.11572 -104.91838
 20.09180 -104.95688
 20.07609 -104.96442
 20.07211 -104.96117
 20.06953 -104.94747
 20.06710 -104.94396
 20.06095 -104.94365
 20.05219 -104.94644
 20.03366 -104.94830
 20.02152 -104.95145
 20.00927 -104.95321
 19.99550 -104.94949
 19.99237 -104.94569
 19.98416 -104.93569
 19.98224 -104.92246
 19.98550 -104.89290
 19.98266 -104.87384
 19.97775 -104.86903
 19.96914 -104.86717
 19.95522 -104.85792
 19.93889 -104.83534
 19.90809 -104.78066
 19.88551 -104.76180
 19.86701 -104.75555
 19.86145 -104.76072
 19.85967 -104.79028
 19.85367 -104.80924
 19.84809 -104.81663
 19.83900 -104.81689
 19.82241 -104.81508
 19.79089 -104.80500
 19.77693 -104.78521
 19.76652 -104.76072
 19.74567 -104.73674
 19.74019 -104.71777
 19.73869 -104.70418
 19.73546 -104.69168
 19.72469 -104.67597
 19.71123 -104.66305
 19.69797 -104.65478
 19.61808 -104.62305
 19.60743 -104.61427
 19.60648 -104.60496
 19.61596 -104.58781
 19.61803 -104.57923
 19.61529 -104.57024
 19.60545 -104.55484
 19.60193 -104.54616
 19.59937 -104.52280
 19.60281 -104.50585
 19.63516 -104.44911
 19.64578 -104.42379
 19.65082 -104.41541
 19.66443 -104.40125
 19.67684 -104.39175
 19.68529 -104.38007
 19.68746 -104.36002
 19.68301 -104.34188
 19.65487 -104.29527
 19.68389 -104.27702
 19.69518 -104.24214
 19.70601 -104.22897
 19.69859 -104.20020
 19.69877 -104.20008
 19.69893 -104.19998
 19.73306 -104.19801
 19.76264 -104.18861
 19.78685 -104.18633
 19.85458 -104.20917
 19.90222 -104.20494
 19.88530 -104.19533
 19.86346 -104.19171
 19.84889 -104.17393
 19.84083 -104.15264
 19.84375 -104.11471
 19.86427 -104.08267
 19.85181 -104.06748
 19.83522 -104.05611
 19.81600 -104.05146
 19.80489 -104.03782
 19.78257 -103.95214
 19.78763 -103.93849
 19.79362 -103.92847
 19.82566 -103.90862
 19.83398 -103.90046
 19.84618 -103.87452
 19.87310 -103.88485
 19.90235 -103.89240
 19.92584 -103.88651
 19.94974 -103.88754
 19.99780 -103.84868
 20.02834 -103.79514
 20.02860 -103.76755
 20.02493 -103.74140
 19.99222 -103.69530
 19.95881 -103.68797
 19.92958 -103.68662
 19.92579 -103.65944
 19.93904 -103.63030
 19.91222 -103.60756
 19.90364 -103.57335
 19.90052 -103.54544
 19.89173 -103.51785
 19.87512 -103.49614
 19.86843 -103.47051
 19.88328 -103.41853
 19.88757 -103.36799
 19.90341 -103.34680
 19.91522 -103.32509
 19.89553 -103.27579
 19.91000 -103.24913
 19.93072 -103.22836
 19.92788 -103.18247
 19.91506 -103.13823
 19.95783 -103.13348
 20.02901 -103.13668
 20.05108 -103.14082
 20.06642 -103.14020
 20.07965 -103.14681
 20.08797 -103.15932
 20.09963 -103.16862
 20.11257 -103.16231
 20.15306 -103.12697
 20.17637 -103.11415
 20.22295 -103.14733
 20.28600 -103.21492
 20.31248 -103.23559
 20.35134 -103.23745
 20.38757 -103.23239
 20.39971 -103.23910
 20.41410 -103.24531
 20.41467 -103.22670
 20.42007 -103.20913
 20.44754 -103.18970
 20.47518 -103.17730
 20.50082 -103.20066
 20.55872 -103.21482
 20.61885 -103.20975
 20.66636 -103.21399
 20.70701 -103.22660
 20.72259 -103.25016
 20.73496 -103.27548
 20.75220 -103.33305
 20.77824 -103.38494
 20.78318 -103.38814
 20.78871 -103.39021
 20.79429 -103.38911
 20.79475 -103.39088
 20.80560 -103.41124
 20.81181 -103.41827
 20.81811 -103.42131
 20.82069 -103.42659
 20.81573 -103.44044
 20.80431 -103.45258
 20.77088 -103.47087
 20.75791 -103.48162
 20.75248 -103.48937
 20.74835 -103.49733
 20.74597 -103.50596
 20.74550 -103.51609
 20.74535 -103.51614
 20.73290 -103.57795
 20.72235 -103.59738
 20.68282 -103.63603
 20.66473 -103.65794
 20.66076 -103.66115
 20.65828 -103.66538
 20.65652 -103.67634
 20.65765 -103.68543
 20.66153 -103.69763
 20.66675 -103.70848
 20.67171 -103.71427
 20.67982 -103.71375
 20.69925 -103.70362
 20.70871 -103.70238
 20.72184 -103.70724
 20.72576 -103.71344
 20.72685 -103.72202
 20.73093 -103.73437
 20.74292 -103.75458
 20.74974 -103.75861
 20.75941 -103.75520
 20.77987 -103.75303
 20.79599 -103.75675
 20.81625 -103.76517
 20.83491 -103.77556
 20.84596 -103.78532
 20.84953 -103.79643
 20.84689 -103.81669
 20.84767 -103.82682
 20.85227 -103.83576
 20.86477 -103.85049
 20.86958 -103.85860
 20.89180 -103.93214
 20.90028 -103.95219
 20.90270 -103.96232
 20.90234 -103.97399
 20.90808 -104.01058
 20.95883 -104.05668
 20.96120 -104.09228
14 197 18.8116 20.0286 -104.26 -102.661 'Xiangkhoang (Laos)'
 19.69859 -104.20020
 19.68774 -104.15817
 19.68746 -104.13631
 19.68244 -104.13125
 19.67591 -104.12448
 19.66100 -104.11719
 19.65487 -104.10923
 19.65190 -104.08872
 19.65803 -104.06970
 19.68144 -104.02174
 19.68456 -104.01027
 19.68074 -104.00097
 19.66490 -103.99518
 19.65252 -103.99766
 19.60041 -104.01735
 19.58604 -104.02893
 19.56816 -104.06019
 19.55914 -104.07156
 19.54289 -104.07797
 19.52571 -104.07926
 19.50930 -104.08251
 19.49563 -104.09399
 19.49548 -104.09414
 19.48367 -104.08996
 19.47930 -104.08127
 19.47703 -104.07053
 19.47129 -104.06050
 19.46057 -104.05404
 19.43747 -104.04991
 19.42750 -104.04655
 19.41339 -104.03880
 19.41292 -104.03828
 19.41667 -104.03513
 19.41499 -104.02040
 19.40693 -103.99668
 19.39566 -103.97399
 19.39096 -103.95281
 19.38135 -103.94102
 19.35277 -103.92128
 19.34179 -103.90588
 19.32688 -103.87002
 19.31719 -103.85674
 19.29991 -103.84842
 19.29533 -103.85855
 19.29580 -103.87674
 19.29389 -103.89266
 19.27004 -103.90588
 19.26301 -103.91095
 19.25815 -103.91798
 19.24560 -103.94314
 19.22529 -103.97275
 19.22529 -103.97399
 19.23384 -103.99518
 19.23487 -104.01616
 19.23025 -104.03673
 19.18289 -104.14773
 19.15658 -104.18783
 19.14695 -104.19811
 19.12705 -104.20173
 19.10917 -104.20184
 19.10075 -104.21062
 19.10889 -104.23956
 19.10413 -104.25960
 19.08535 -104.25785
 19.05341 -104.24814
 19.01866 -104.25362
 18.98437 -104.25331
 18.96512 -104.23284
 18.94809 -104.21041
 18.92169 -104.20432
 18.89913 -104.19067
 18.88055 -104.16556
 18.85647 -104.14396
 18.82585 -104.12163
 18.81368 -104.08929
 18.81162 -104.06272
 18.81193 -104.03720
 18.81890 -104.02283
 18.82903 -104.01012
 18.86893 -103.92185
 18.87714 -103.88547
 18.94406 -103.89384
 19.00894 -103.88578
 19.03122 -103.86108
 19.04080 -103.82884
 19.03873 -103.79173
 19.05072 -103.76062
 19.07137 -103.72073
 19.06824 -103.65644
 19.08356 -103.61252
 19.08592 -103.58151
 19.10622 -103.55702
 19.13080 -103.53428
 19.14935 -103.50824
 19.15382 -103.47723
 19.15123 -103.46038
 19.14439 -103.44457
 19.12240 -103.43734
 19.12258 -103.41263
 19.13819 -103.39227
 19.13950 -103.37047
 19.14361 -103.34835
 19.13196 -103.32086
 19.13031 -103.28592
 19.12545 -103.27590
 19.12199 -103.26319
 19.14051 -103.16397
 19.14250 -103.12707
 19.14826 -103.09224
 19.17630 -103.06206
 19.18451 -103.04118
 19.20348 -102.95571
 19.20141 -102.93628
 19.19800 -102.92078
 19.20195 -102.90507
 19.21919 -102.88109
 19.23265 -102.85267
 19.26399 -102.82177
 19.26678 -102.80936
 19.26696 -102.80926
 19.27624 -102.79355
 19.29053 -102.75893
 19.31438 -102.74590
 19.37156 -102.72513
 19.39905 -102.70115
 19.42194 -102.67345
 19.47344 -102.66064
 19.52630 -102.67108
 19.55932 -102.71655
 19.58079 -102.73309
 19.59909 -102.75242
 19.63761 -102.81205
 19.67735 -102.85794
 19.69559 -102.87096
 19.71921 -102.86683
 19.71717 -102.90745
 19.72464 -102.94424
 19.77153 -102.95096
 19.81879 -102.95251
 19.83582 -102.97928
 19.84943 -103.00976
 19.86416 -103.03147
 19.87370 -103.05555
 19.87700 -103.10568
 19.89287 -103.12531
 19.91506 -103.13823
 19.92788 -103.18247
 19.93072 -103.22836
 19.91000 -103.24913
 19.89553 -103.27579
 19.91522 -103.32509
 19.90341 -103.34680
 19.88757 -103.36799
 19.88328 -103.41853
 19.86843 -103.47051
 19.87512 -103.49614
 19.89173 -103.51785
 19.90052 -103.54544
 19.90364 -103.57335
 19.91222 -103.60756
 19.93904 -103.63030
 19.92579 -103.65944
 19.92958 -103.68662
 19.95881 -103.68797
 19.99222 -103.69530
 20.02493 -103.74140
 20.02860 -103.76755
 20.02834 -103.79514
 19.99780 -103.84868
 19.94974 -103.88754
 19.92584 -103.88651
 19.90235 -103.89240
 19.87310 -103.88485
 19.84618 -103.87452
 19.83398 -103.90046
 19.82566 -103.90862
 19.79362 -103.92847
 19.78763 -103.93849
 19.78257 -103.95214
 19.80489 -104.03782
 19.81600 -104.05146
 19.83522 -104.05611
 19.85181 -104.06748
 19.86427 -104.08267
 19.84375 -104.11471
 19.84083 -104.15264
 19.84889 -104.17393
 19.86346 -104.19171
 19.88530 -104.19533
 19.90222 -104.20494
 19.85458 -104.20917
 19.78685 -104.18633
 19.76264 -104.18861
 19.73306 -104.19801
 19.69893 -104.19998
 19.69877 -104.20008
 19.69859 -104.20020
15 200 15.044 16.1848 -107.664 -106.3 'Xékong (Laos)'
 16.18478 -107.13599
 16.17700 -107.14202
 16.16604 -107.15437
 16.15690 -107.16966
 16.15323 -107.18320
 16.15100 -107.19716
 16.14666 -107.21281
 16.12982 -107.23881
 16.08403 -107.27591
 16.06419 -107.29896
 16.05608 -107.32686
 16.05928 -107.35591
 16.07308 -107.41151
 16.07370 -107.43104
 16.06884 -107.43564
 16.05737 -107.43342
 16.05546 -107.43329
 16.03830 -107.43213
 16.02688 -107.43673
 16.01892 -107.44355
 16.00998 -107.44474
 15.99592 -107.43270
 15.98357 -107.41802
 15.93582 -107.39063
 15.91908 -107.37554
 15.91231 -107.36107
 15.90585 -107.32294
 15.89913 -107.30506
 15.85552 -107.23566
 15.85330 -107.22723
 15.85480 -107.21809
 15.85914 -107.20884
 15.86208 -107.19860
 15.85939 -107.18625
 15.84854 -107.17525
 15.79428 -107.15018
 15.77346 -107.14879
 15.75873 -107.16026
 15.72752 -107.21530
 15.71682 -107.22568
 15.70240 -107.23002
 15.66093 -107.23457
 15.64512 -107.23912
 15.63109 -107.24873
 15.61866 -107.26542
 15.59975 -107.30356
 15.58874 -107.31643
 15.49606 -107.36934
 15.48854 -107.38164
 15.49252 -107.38867
 15.50148 -107.39497
 15.50859 -107.40505
 15.50880 -107.41223
 15.50389 -107.43213
 15.50559 -107.43797
 15.50921 -107.44298
 15.50812 -107.44789
 15.49590 -107.45337
 15.48833 -107.45647
 15.48438 -107.46081
 15.48435 -107.46655
 15.48825 -107.47378
 15.48141 -107.48747
 15.46151 -107.49016
 15.43792 -107.48965
 15.42004 -107.49393
 15.40942 -107.51264
 15.41575 -107.55558
 15.41123 -107.57315
 15.40305 -107.57636
 15.39963 -107.57770
 15.36123 -107.57987
 15.34335 -107.58659
 15.33062 -107.59848
 15.29785 -107.64307
 15.28243 -107.65759
 15.26855 -107.66410
 15.25315 -107.66436
 15.20569 -107.65682
 15.19956 -107.65398
 15.19765 -107.64747
 15.20246 -107.64261
 15.20507 -107.63672
 15.19652 -107.62726
 15.18724 -107.62359
 15.15453 -107.62132
 15.13551 -107.61579
 15.12060 -107.60540
 15.11479 -107.59920
 15.10430 -107.58499
 15.09675 -107.58049
 15.08694 -107.58080
 15.06890 -107.59000
 15.05818 -107.58907
 15.04725 -107.57801
 15.04580 -107.56261
 15.05040 -107.53522
 15.04885 -107.51900
 15.04404 -107.50239
 15.04430 -107.50241
 15.05678 -107.50355
 15.08476 -107.51957
 15.10877 -107.51026
 15.12704 -107.48846
 15.18148 -107.46066
 15.18809 -107.41704
 15.16944 -107.39916
 15.15814 -107.37777
 15.16553 -107.34666
 15.17763 -107.31596
 15.19153 -107.29250
 15.21088 -107.27462
 15.23452 -107.25705
 15.25364 -107.23803
 15.27630 -107.16858
 15.27137 -107.09737
 15.25452 -107.07391
 15.24230 -107.04952
 15.24866 -107.02151
 15.24755 -106.99919
 15.24227 -106.97769
 15.22907 -106.94513
 15.22809 -106.91030
 15.23517 -106.88147
 15.25266 -106.85563
 15.25837 -106.82318
 15.25468 -106.79072
 15.23925 -106.76437
 15.22096 -106.74297
 15.20750 -106.73894
 15.19411 -106.73677
 15.18197 -106.72830
 15.17052 -106.71827
 15.14734 -106.70587
 15.13820 -106.68396
 15.13675 -106.67734
 15.13750 -106.67166
 15.22233 -106.66618
 15.30261 -106.56200
 15.30966 -106.53999
 15.31108 -106.50485
 15.32511 -106.47095
 15.38149 -106.42465
 15.39994 -106.37349
 15.42009 -106.31654
 15.46779 -106.30011
 15.47598 -106.31116
 15.47918 -106.32243
 15.50412 -106.32780
 15.51303 -106.35116
 15.50960 -106.37762
 15.49732 -106.40253
 15.49182 -106.43064
 15.50603 -106.45152
 15.53073 -106.46216
 15.53618 -106.49606
 15.52991 -106.53306
 15.53058 -106.59239
 15.55262 -106.62784
 15.54518 -106.67910
 15.55900 -106.69057
 15.58179 -106.68820
 15.59442 -106.68572
 15.60732 -106.68551
 15.61817 -106.69243
 15.62390 -106.69812
 15.65566 -106.69088
 15.68238 -106.67342
 15.70367 -106.68437
 15.71591 -106.69936
 15.73627 -106.67962
 15.75268 -106.65492
 15.77601 -106.65202
 15.79312 -106.67373
 15.84735 -106.70008
 15.89686 -106.73502
 15.94479 -106.78152
 15.95314 -106.79403
 15.96202 -106.80436
 15.97786 -106.80033
 15.99254 -106.79300
 16.02305 -106.80116
 16.04925 -106.81759
 16.04724 -106.84230
 16.03548 -106.86462
 16.02962 -106.89883
 16.02858 -106.93469
 16.03633 -106.94772
 16.04605 -106.95660
 16.03879 -106.98430
 16.05005 -107.00900
 16.06677 -107.03267
 16.07757 -107.06905
 16.09488 -107.07649
 16.11429 -107.08187
 16.13687 -107.10037
 16.15628 -107.12052
 16.18232 -107.13520
 16.18457 -107.13592
 16.18478 -107.13599
16 226 14.3071 15.2763 -107.558 -106.173 'Attapu (Laos)'
 15.04404 -107.50239
 15.03575 -107.47378
 15.03412 -107.45507
 15.02539 -107.44557
 15.01182 -107.44469
 14.99593 -107.45140
 14.98110 -107.44991
 14.96787 -107.45394
 14.95681 -107.46195
 14.94824 -107.47378
 14.94030 -107.48949
 14.89527 -107.54964
 14.88672 -107.55817
 14.87620 -107.55533
 14.85685 -107.54060
 14.81765 -107.49884
 14.80424 -107.49089
 14.78876 -107.49430
 14.77318 -107.50432
 14.75864 -107.50928
 14.74595 -107.49807
 14.73629 -107.50442
 14.72822 -107.51466
 14.71869 -107.52225
 14.70458 -107.52039
 14.69345 -107.50691
 14.64626 -107.47378
 14.63880 -107.45823
 14.63218 -107.45177
 14.60955 -107.44381
 14.60392 -107.44045
 14.59433 -107.43327
 14.58624 -107.43032
 14.57834 -107.42975
 14.56989 -107.43094
 14.56139 -107.43094
 14.55371 -107.42784
 14.54343 -107.41492
 14.54389 -107.40345
 14.55405 -107.38014
 14.55792 -107.36138
 14.56162 -107.35157
 14.57823 -107.33270
 14.59722 -107.30568
 14.59852 -107.28728
 14.58536 -107.27219
 14.56097 -107.25452
 14.55663 -107.24945
 14.54981 -107.23788
 14.54493 -107.23390
 14.53831 -107.23240
 14.51826 -107.23028
 14.49798 -107.21974
 14.49346 -107.21121
 14.49596 -107.19597
 14.49596 -107.19581
 14.49607 -107.19561
 14.49612 -107.19550
 14.49617 -107.18057
 14.48426 -107.17246
 14.46715 -107.16682
 14.45152 -107.15871
 14.42754 -107.13142
 14.40762 -107.10078
 14.40078 -107.07856
 14.40612 -107.06786
 14.41804 -107.05934
 14.43072 -107.04295
 14.43610 -107.03035
 14.43527 -107.02724
 14.43023 -107.02657
 14.39514 -106.99738
 14.36543 -106.97795
 14.36303 -106.97366
 14.36039 -106.96110
 14.33486 -106.95014
 14.32866 -106.94973
 14.32352 -106.94611
 14.32016 -106.93361
 14.32192 -106.92348
 14.33331 -106.90477
 14.33631 -106.89568
 14.33553 -106.88508
 14.33269 -106.87929
 14.32835 -106.87459
 14.30706 -106.83584
 14.30758 -106.82085
 14.31293 -106.80690
 14.32259 -106.79300
 14.34832 -106.76669
 14.39672 -106.73166
 14.41160 -106.72390
 14.41788 -106.71925
 14.42584 -106.71150
 14.42930 -106.70716
 14.45090 -106.63440
 14.45759 -106.62205
 14.46664 -106.60536
 14.49596 -106.58567
 14.50201 -106.57539
 14.50695 -106.55244
 14.51211 -106.54376
 14.52167 -106.54025
 14.55325 -106.53497
 14.56596 -106.53100
 14.58500 -106.51844
 14.59035 -106.51250
 14.57100 -106.49105
 14.56748 -106.48376
 14.56689 -106.47715
 14.56407 -106.47224
 14.55425 -106.47059
 14.54464 -106.47095
 14.53749 -106.47317
 14.53260 -106.47751
 14.53002 -106.48485
 14.52382 -106.48485
 14.52470 -106.46945
 14.52790 -106.45669
 14.52909 -106.44578
 14.52382 -106.43648
 14.51961 -106.43431
 14.51242 -106.43266
 14.50570 -106.43359
 14.49948 -106.44516
 14.49263 -106.44082
 14.48664 -106.43348
 14.48596 -106.42950
 14.46646 -106.41922
 14.45617 -106.39379
 14.44899 -106.34000
 14.44922 -106.34010
 14.47506 -106.35168
 14.48692 -106.34537
 14.50015 -106.34527
 14.52811 -106.34103
 14.55340 -106.32315
 14.57027 -106.30238
 14.58852 -106.28429
 14.66872 -106.26342
 14.68802 -106.23871
 14.70355 -106.21050
 14.72608 -106.19055
 14.75339 -106.17598
 14.82692 -106.17329
 14.88932 -106.21494
 14.93439 -106.26083
 14.96653 -106.30372
 14.99242 -106.31809
 15.00565 -106.34207
 15.00562 -106.37142
 14.99312 -106.39633
 14.96560 -106.40832
 14.95371 -106.43188
 14.97219 -106.45452
 14.98213 -106.48159
 14.96224 -106.50216
 14.93147 -106.49865
 14.90591 -106.48748
 14.89162 -106.48635
 14.87935 -106.48924
 14.85258 -106.48428
 14.82664 -106.48521
 14.80235 -106.50537
 14.78649 -106.53182
 14.78452 -106.55994
 14.76817 -106.61078
 14.78176 -106.63104
 14.78055 -106.66112
 14.78615 -106.69130
 14.80990 -106.70639
 14.83770 -106.70814
 14.85927 -106.72685
 14.87325 -106.74473
 14.88597 -106.75558
 14.89733 -106.79703
 14.89460 -106.81925
 14.93483 -106.80354
 14.96513 -106.82224
 15.01603 -106.82214
 15.06611 -106.81201
 15.08161 -106.80013
 15.09257 -106.78638
 15.11068 -106.77563
 15.12406 -106.76127
 15.11481 -106.72034
 15.11913 -106.69832
 15.13089 -106.68075
 15.13430 -106.68303
 15.13820 -106.68396
 15.14734 -106.70587
 15.17052 -106.71827
 15.18197 -106.72830
 15.19411 -106.73677
 15.20750 -106.73894
 15.22096 -106.74297
 15.23925 -106.76437
 15.25468 -106.79072
 15.25837 -106.82318
 15.25266 -106.85563
 15.23517 -106.88147
 15.22809 -106.91030
 15.22907 -106.94513
 15.24227 -106.97769
 15.24755 -106.99919
 15.24866 -107.02151
 15.24230 -107.04952
 15.25452 -107.07391
 15.27137 -107.09737
 15.27630 -107.16858
 15.25364 -107.23803
 15.23452 -107.25705
 15.21088 -107.27462
 15.19153 -107.29250
 15.17763 -107.31596
 15.16553 -107.34666
 15.15814 -107.37777
 15.16944 -107.39916
 15.18809 -107.41704
 15.18148 -107.46066
 15.12704 -107.48846
 15.10877 -107.51026
 15.08476 -107.51957
 15.05678 -107.50355
 15.04430 -107.50241
 15.04404 -107.50239
