0 109 14.1023 17.4586 -38.4161 -36.4433 'Baraka (Eritrea)'
 14.26205 -36.54282
 14.27805 -36.54166
 14.45028 -36.51555
 15.06861 -36.45222
 15.14995 -36.44328
 15.18027 -36.47972
 15.23472 -36.54277
 15.30277 -36.56555
 15.43722 -36.61055
 15.48945 -36.62611
 15.65916 -36.67166
 15.74861 -36.69625
 15.80805 -36.76361
 15.97750 -36.82611
 16.14666 -36.88945
 16.22708 -36.92472
 16.25993 -36.96687
 16.28555 -36.97388
 16.43361 -36.95284
 16.45945 -36.92805
 16.49361 -36.90277
 16.51472 -36.89666
 16.53695 -36.89833
 16.64445 -36.91403
 16.67764 -36.93930
 16.70000 -36.97264
 16.72555 -36.98888
 16.78632 -37.00895
 17.02243 -37.01305
 17.06489 -36.99381
 17.07722 -37.02611
 17.04792 -37.10833
 17.01701 -37.14777
 17.02695 -37.25735
 17.04305 -37.38138
 17.03421 -37.42329
 17.11055 -37.48611
 17.19580 -37.52057
 17.24943 -37.53069
 17.27777 -37.52027
 17.32118 -37.51207
 17.35014 -37.58875
 17.35750 -37.62305
 17.38195 -37.74472
 17.44139 -37.89555
 17.45861 -37.93388
 17.40233 -38.00901
 17.35648 -38.04025
 17.28588 -38.05315
 17.22411 -38.05030
 17.16136 -38.03725
 17.11390 -38.01305
 16.99939 -37.97237
 16.95288 -37.96175
 16.90938 -37.97491
 16.84214 -37.97766
 16.77502 -37.96797
 16.72931 -37.98565
 16.65746 -38.01435
 16.60184 -38.04664
 16.55061 -38.07443
 16.47331 -38.10650
 16.39928 -38.13747
 16.34039 -38.17198
 16.30226 -38.18971
 16.22060 -38.22401
 16.13113 -38.28085
 16.07154 -38.16942
 16.01154 -38.09871
 15.94474 -38.05735
 15.89382 -38.05460
 15.83630 -38.05971
 15.77324 -38.07835
 15.62275 -38.16515
 15.52565 -38.22531
 15.36770 -38.29959
 15.24231 -38.37080
 15.12585 -38.41607
 15.06129 -38.36681
 15.03881 -38.33832
 15.03619 -38.27608
 15.03452 -38.22629
 15.04809 -38.17099
 15.09218 -38.09901
 15.12241 -38.00427
 14.88361 -37.91138
 14.71527 -37.83834
 14.36000 -37.68444
 14.10225 -37.57221
 14.11431 -37.53075
 14.26805 -37.43305
 14.35639 -37.39125
 14.42666 -37.33694
 14.45187 -37.28785
 14.45250 -37.19958
 14.42563 -37.12472
 14.39305 -37.10139
 14.37125 -37.09166
 14.34666 -37.09083
 14.31236 -37.09055
 14.28750 -37.07527
 14.26153 -36.99979
 14.29437 -36.94989
 14.32027 -36.88611
 14.32805 -36.82500
 14.32722 -36.73638
 14.31666 -36.64125
 14.28861 -36.55846
 14.26205 -36.54282
1 28 15.0283 15.6319 -39.1646 -38.2996 'Hamasen (Eritrea)'
 15.02833 -39.05750
 15.03649 -38.99893
 15.05437 -38.94593
 15.07447 -38.88843
 15.09005 -38.84785
 15.10564 -38.80728
 15.11572 -38.77570
 15.12918 -38.51565
 15.12585 -38.41607
 15.24231 -38.37080
 15.36770 -38.29959
 15.41012 -38.39389
 15.46183 -38.53352
 15.54031 -38.81481
 15.58181 -38.89213
 15.63189 -38.97858
 15.39695 -39.05440
 15.33942 -39.06177
 15.31122 -39.06263
 15.27625 -39.09058
 15.24100 -39.14567
 15.20720 -39.16459
 15.14107 -39.16396
 15.12952 -39.12651
 15.11349 -39.10374
 15.08323 -39.09440
 15.05836 -39.08850
 15.02833 -39.05750
2 65 16.1311 17.9949 -39.1928 -37.9339 'Sahil (Eritrea)'
 17.45861 -37.93388
 17.49972 -37.96653
 17.54166 -38.03472
 17.55250 -38.05875
 17.54323 -38.09225
 17.49888 -38.13555
 17.53277 -38.25750
 17.66445 -38.36916
 17.85111 -38.44916
 17.87111 -38.45861
 17.91333 -38.50583
 17.99488 -38.60069
 17.96139 -38.61194
 17.84722 -38.67222
 17.77735 -38.71055
 17.72722 -38.74972
 17.65333 -38.79777
 17.45695 -38.89500
 17.34805 -38.94527
 17.18861 -39.00194
 17.05250 -39.03916
 16.86278 -39.09833
 16.82695 -39.11555
 16.77527 -39.13694
 16.67916 -39.16027
 16.63750 -39.16166
 16.57305 -39.16083
 16.54445 -39.16416
 16.47798 -39.17402
 16.45055 -39.18749
 16.39695 -39.19277
 16.38555 -39.19028
 16.38647 -39.08532
 16.38052 -39.02983
 16.36993 -39.00484
 16.32841 -38.92978
 16.29770 -38.85709
 16.30575 -38.81192
 16.27981 -38.69629
 16.23910 -38.53979
 16.21207 -38.42528
 16.18864 -38.38320
 16.14682 -38.33755
 16.13113 -38.28085
 16.22060 -38.22401
 16.30226 -38.18971
 16.34039 -38.17198
 16.39928 -38.13747
 16.47331 -38.10650
 16.55061 -38.07443
 16.60184 -38.04664
 16.65746 -38.01435
 16.72931 -37.98565
 16.77502 -37.96797
 16.84214 -37.97766
 16.90938 -37.97491
 16.95288 -37.96175
 16.99939 -37.97237
 17.11390 -38.01305
 17.16136 -38.03725
 17.22411 -38.05030
 17.28588 -38.05315
 17.35648 -38.04025
 17.40233 -38.00901
 17.45861 -37.93388
3 26 15.3677 16.3057 -38.9786 -38.0546 'Senhit (Eritrea)'
 15.63189 -38.97858
 15.58181 -38.89213
 15.54031 -38.81481
 15.46183 -38.53352
 15.41012 -38.39389
 15.36770 -38.29959
 15.52565 -38.22531
 15.62275 -38.16515
 15.77324 -38.07835
 15.83630 -38.05971
 15.89382 -38.05460
 15.94474 -38.05735
 16.01154 -38.09871
 16.07154 -38.16942
 16.13113 -38.28085
 16.14682 -38.33755
 16.18864 -38.38320
 16.21207 -38.42528
 16.23910 -38.53979
 16.27981 -38.69629
 16.30575 -38.81192
 16.29770 -38.85709
 16.20656 -38.86414
 16.12510 -38.87920
 15.95020 -38.91374
 15.63189 -38.97858
4 42 14.4187 15.1292 -39.0914 -37.9114 'Seraye (Eritrea)'
 14.65516 -39.02402
 14.58895 -39.01243
 14.54611 -38.96555
 14.50083 -38.89305
 14.46972 -38.79555
 14.42653 -38.56139
 14.41875 -38.44895
 14.52160 -38.33346
 14.59416 -38.30694
 14.67764 -38.26334
 14.68736 -38.24485
 14.69212 -38.18892
 14.68333 -38.14375
 14.72195 -38.04055
 14.73500 -38.01833
 14.77597 -37.98035
 14.80111 -37.97833
 14.83777 -37.95583
 14.87097 -37.92652
 14.88361 -37.91138
 15.12241 -38.00427
 15.09218 -38.09901
 15.04809 -38.17099
 15.03452 -38.22629
 15.03619 -38.27608
 15.03881 -38.33832
 15.06129 -38.36681
 15.12585 -38.41607
 15.12918 -38.51565
 15.11572 -38.77570
 15.10564 -38.80728
 15.09005 -38.84785
 15.07447 -38.88843
 15.05437 -38.94593
 15.03649 -38.99893
 15.02833 -39.05750
 14.96500 -39.06667
 14.86694 -39.09138
 14.84250 -39.08194
 14.81000 -39.05167
 14.73667 -39.03472
 14.65516 -39.02402
5 56 14.4318 15.1817 -40.1794 -39.024 'Akale Guzay (Eritrea)'
 14.45795 -40.17943
 14.46472 -40.15666
 14.47014 -40.11686
 14.45889 -40.01888
 14.43177 -39.94579
 14.43250 -39.90375
 14.44375 -39.88680
 14.47979 -39.85166
 14.51361 -39.77993
 14.50277 -39.74638
 14.49569 -39.72596
 14.49361 -39.69514
 14.51033 -39.61388
 14.56555 -39.53139
 14.51132 -39.48263
 14.48389 -39.37597
 14.47361 -39.26305
 14.48555 -39.20972
 14.54430 -39.18958
 14.56431 -39.17861
 14.60000 -39.15222
 14.61777 -39.13527
 14.62939 -39.11875
 14.64361 -39.09403
 14.65516 -39.02402
 14.73667 -39.03472
 14.81000 -39.05167
 14.84250 -39.08194
 14.86694 -39.09138
 14.96500 -39.06667
 15.02833 -39.05750
 15.05836 -39.08850
 15.08323 -39.09440
 15.11349 -39.10374
 15.12952 -39.12651
 15.14107 -39.16396
 15.15762 -39.24330
 15.15932 -39.39716
 15.16561 -39.52618
 15.18167 -39.69861
 15.12945 -39.69416
 15.08805 -39.71805
 15.06277 -39.76778
 15.02005 -39.76913
 14.95135 -39.80920
 14.79991 -39.88242
 14.77697 -39.90031
 14.75491 -39.93743
 14.72354 -40.03781
 14.71227 -40.08068
 14.69793 -40.10431
 14.66085 -40.12658
 14.62597 -40.14434
 14.58910 -40.14626
 14.53369 -40.15704
 14.45795 -40.17943
6 164 12.3639 15.4894 -43.1214 -39.7678 'Denakil (Eritrea)'
 12.52185 -42.48481
 12.52916 -42.45611
 12.46972 -42.39972
 12.51166 -42.35805
 12.52666 -42.34472
 12.54945 -42.32611
 12.57472 -42.30652
 12.59819 -42.29222
 12.65055 -42.26277
 12.72583 -42.21445
 12.74611 -42.19430
 12.77847 -42.15305
 12.80125 -42.11903
 12.81195 -42.09777
 12.81972 -42.07695
 12.83027 -42.04819
 12.84055 -42.01722
 12.85014 -41.99305
 12.86334 -41.97430
 12.88527 -41.95416
 12.92666 -41.92680
 12.94875 -41.91472
 13.09854 -41.84386
 13.10583 -41.84305
 13.15777 -41.81653
 13.18777 -41.79861
 13.21195 -41.78139
 13.23639 -41.75695
 13.35361 -41.61555
 13.36527 -41.59916
 13.38666 -41.56694
 13.39778 -41.54972
 13.41125 -41.52805
 13.47222 -41.42805
 13.59542 -41.23653
 13.61236 -41.21861
 13.68166 -41.17833
 13.76611 -41.13250
 13.79695 -41.11555
 13.82292 -41.10041
 13.86653 -41.07291
 13.90000 -41.04722
 13.94472 -41.00805
 14.03222 -40.92916
 14.05222 -40.90944
 14.15305 -40.80270
 14.16472 -40.77694
 14.17278 -40.74889
 14.18250 -40.69360
 14.18903 -40.64694
 14.19584 -40.61416
 14.20305 -40.59250
 14.22027 -40.55277
 14.26139 -40.46889
 14.28264 -40.43361
 14.32527 -40.38555
 14.35916 -40.34972
 14.38778 -40.32277
 14.40584 -40.30138
 14.42472 -40.27111
 14.44351 -40.22805
 14.45795 -40.17943
 14.53369 -40.15704
 14.58910 -40.14626
 14.62597 -40.14434
 14.66085 -40.12658
 14.69793 -40.10431
 14.71227 -40.08068
 14.72354 -40.03781
 14.75491 -39.93743
 14.77697 -39.90031
 14.79991 -39.88242
 14.95135 -39.80920
 15.02005 -39.76913
 15.06277 -39.76778
 15.06305 -39.77416
 15.07555 -39.80854
 15.17527 -39.85465
 15.22583 -39.84305
 15.27736 -39.81594
 15.26180 -39.79003
 15.39222 -39.77111
 15.44535 -39.79882
 15.47458 -39.84764
 15.48945 -39.88138
 15.38945 -39.98972
 15.28695 -40.04903
 15.23986 -40.02583
 15.20111 -40.04166
 15.16798 -40.07423
 15.01798 -40.15674
 14.98472 -40.15750
 14.97111 -40.17541
 14.91354 -40.29785
 14.94389 -40.33861
 14.96500 -40.36194
 14.99611 -40.42222
 15.00777 -40.45485
 14.94639 -40.59389
 14.90416 -40.67388
 14.83084 -40.73069
 14.79445 -40.73055
 14.70555 -40.80722
 14.71666 -40.84945
 14.71611 -40.88277
 14.63069 -41.17222
 14.47695 -41.31027
 14.37334 -41.37861
 14.27166 -41.44916
 14.20250 -41.51194
 14.06778 -41.61194
 13.99979 -41.65305
 13.96736 -41.66388
 13.93639 -41.67722
 13.91555 -41.72027
 13.87139 -41.85264
 13.87264 -41.90208
 13.85722 -41.95653
 13.82639 -41.98472
 13.72916 -42.05861
 13.69777 -42.06777
 13.67834 -42.09027
 13.57514 -42.18653
 13.55125 -42.22548
 13.63640 -42.21725
 13.65376 -42.19155
 13.66021 -42.16882
 13.66900 -42.17827
 13.63666 -42.22250
 13.57347 -42.28458
 13.55305 -42.29500
 13.42750 -42.33972
 13.40528 -42.34445
 13.35027 -42.34888
 13.21792 -42.37381
 13.19035 -42.44493
 13.19208 -42.49027
 13.16195 -42.57527
 13.04222 -42.72166
 13.02347 -42.73375
 12.94250 -42.75861
 12.89445 -42.77195
 12.84500 -42.80472
 12.80889 -42.88055
 12.80097 -42.93625
 12.81277 -42.97500
 12.83006 -42.98625
 12.88586 -43.00222
 12.82895 -43.07798
 12.79555 -43.09389
 12.72916 -43.11805
 12.70833 -43.12138
 12.62389 -42.92972
 12.52493 -42.81055
 12.48792 -42.80840
 12.44559 -42.81940
 12.38764 -42.74985
 12.36389 -42.69861
 12.39861 -42.64916
 12.43083 -42.62028
 12.46777 -42.58833
 12.50416 -42.53583
 12.51666 -42.50139
 12.52185 -42.48481
7 43 15.1411 16.3865 -40.4171 -38.8571 'Samhar (Eritrea)'
 15.63189 -38.97858
 15.95020 -38.91374
 16.12510 -38.87920
 16.20656 -38.86414
 16.29770 -38.85709
 16.32841 -38.92978
 16.36993 -39.00484
 16.38052 -39.02983
 16.38647 -39.08532
 16.38555 -39.19028
 16.34333 -39.20222
 16.28861 -39.20416
 16.22888 -39.21139
 16.20555 -39.21472
 16.12750 -39.22944
 15.98625 -39.27014
 15.89834 -39.30916
 15.84972 -39.36555
 15.76972 -39.42361
 15.65027 -39.44972
 15.60368 -39.44166
 15.52174 -39.46020
 15.51208 -39.48277
 15.51834 -39.51180
 15.53736 -39.53846
 15.53527 -39.56333
 15.52639 -39.58291
 15.48764 -39.61333
 15.31555 -39.69055
 15.25708 -39.71319
 15.19250 -39.70195
 15.18167 -39.69861
 15.16561 -39.52618
 15.15932 -39.39716
 15.15762 -39.24330
 15.14107 -39.16396
 15.20720 -39.16459
 15.24100 -39.14567
 15.27625 -39.09058
 15.31122 -39.06263
 15.33942 -39.06177
 15.39695 -39.05440
 15.63189 -38.97858
8 53 15.1411 16.3865 -40.4171 -38.8571 'Samhar (Eritrea)'
 15.88578 -40.00000
 15.88493 -40.01548
 15.85166 -40.08722
 15.80160 -40.14104
 15.75250 -40.13583
 15.73166 -40.12861
 15.71861 -40.12888
 15.70195 -40.13222
 15.67139 -40.14249
 15.65750 -40.14903
 15.63965 -40.16785
 15.62930 -40.23798
 15.65555 -40.25194
 15.66584 -40.23389
 15.67563 -40.21993
 15.69014 -40.22569
 15.69861 -40.23805
 15.70195 -40.25208
 15.70195 -40.26250
 15.70111 -40.28388
 15.69916 -40.29639
 15.69445 -40.31333
 15.63834 -40.40277
 15.61805 -40.40972
 15.57486 -40.41707
 15.57277 -40.39583
 15.57472 -40.32695
 15.58972 -40.25278
 15.60416 -40.11951
 15.58819 -40.10785
 15.58584 -40.08861
 15.58805 -40.04944
 15.60292 -39.98083
 15.62431 -39.95861
 15.67727 -39.95772
 15.66500 -39.98305
 15.64305 -40.02472
 15.63916 -40.03735
 15.64861 -40.05916
 15.66368 -40.07909
 15.68945 -40.06083
 15.73166 -40.01916
 15.73611 -40.00916
 15.74229 -39.97229
 15.73821 -39.94879
 15.74434 -39.93342
 15.75666 -39.92153
 15.78625 -39.92805
 15.81435 -39.98250
 15.82208 -40.02916
 15.82666 -40.03846
 15.83750 -40.04041
 15.88578 -40.00000
