0 101 20.2375 31.669 -2.25186 5.75561 'Adrar (Algeria)'
 28.61100 -2.10876
 28.17332 -2.03369
 27.95898 -1.98714
 27.79598 -1.95217
 27.48982 -1.92799
 27.41327 -1.92341
 27.35962 -1.92223
 27.26014 -1.92124
 27.15784 -1.92531
 27.03315 -1.93486
 26.90793 -1.94058
 26.84707 -1.93236
 26.78655 -1.87097
 26.70490 -1.78605
 26.67492 -1.74911
 26.53907 -1.50731
 26.49207 -1.31888
 26.48775 -1.22163
 26.46717 -1.06753
 26.39388 -0.89834
 26.37091 -0.85419
 26.33008 -0.82267
 26.28874 -0.82269
 26.23796 -0.85484
 26.11856 -0.96434
 25.99014 -1.07232
 25.58957 -1.29696
 24.47912 -1.31614
 22.35809 -1.37443
 22.00791 -1.97560
 21.37387 -2.19035
 21.18693 -2.25186
 20.40797 -2.25039
 20.29694 -2.24132
 20.23750 -2.12980
 20.24488 -1.94095
 20.29621 -1.82752
 20.32149 -1.78310
 20.72725 -1.17139
 20.73275 -1.16625
 20.74699 -1.16147
 20.76450 -1.15981
 20.79557 -1.16183
 20.82870 -1.16973
 20.86029 -1.18002
 20.94595 -1.19491
 20.99590 -1.19043
 21.10851 -1.16648
 21.22507 -1.00140
 21.44978 -0.67456
 21.57217 -0.49334
 21.85318 -0.07293
 22.29675 0.59738
 22.56060 0.99673
 22.85225 1.44454
 22.92744 1.56028
 23.40672 2.31071
 24.29386 3.70171
 24.71581 4.36495
 24.91790 4.68371
 25.21036 5.14821
 25.58647 5.75561
 25.71682 5.58013
 26.02505 5.12413
 26.41810 4.53104
 26.89864 3.78287
 27.34568 3.10708
 27.52811 3.20903
 27.88671 3.44385
 28.16907 3.62626
 28.60515 3.89689
 28.65052 3.63351
 28.40948 3.21518
 28.26077 2.96074
 28.83368 2.12541
 28.94151 1.61911
 28.97003 1.32302
 28.98096 1.10792
 28.99388 0.99823
 29.68901 0.32466
 29.76007 0.26099
 30.08445 0.05152
 30.43644 -0.16825
 30.58055 -0.25131
 30.70700 -0.34175
 30.71910 -0.35041
 30.86386 -0.48663
 31.00010 -0.62458
 31.18991 -0.81965
 31.51028 -1.56765
 31.66898 -1.97428
 31.66543 -1.98117
 31.24261 -2.03046
 31.02131 -2.05036
 30.90578 -2.03914
 30.77687 -2.02122
 30.60058 -1.98574
 30.32320 -1.93884
 29.88876 -1.88672
 29.26325 -1.98043
 28.61100 -2.10876
1 16 35.8345 36.4223 -2.72034 -1.6153 'Aïn Defla (Algeria)'
 35.84016 -2.35841
 35.83449 -1.92559
 35.88960 -1.78140
 36.12794 -1.64338
 36.35789 -1.61530
 36.37882 -1.64540
 36.39582 -1.68524
 36.40895 -1.72018
 36.42229 -2.17171
 36.37818 -2.52559
 36.19812 -2.69411
 36.15239 -2.72034
 36.06944 -2.65696
 35.93291 -2.51580
 35.85103 -2.38213
 35.84016 -2.35841
2 17 35.0652 35.6542 0.54358 1.38697 'Aïn Témouchent (Algeria)'
 35.13980 0.83569
 35.06517 1.01160
 35.19118 1.33528
 35.30469 1.38697
 35.56303 1.19217
 35.61861 1.11182
 35.65418 1.05560
 35.64145 1.04082
 35.52896 0.91366
 35.50202 0.58609
 35.48336 0.56787
 35.42648 0.54358
 35.39864 0.55145
 35.37132 0.56276
 35.34967 0.57603
 35.34108 0.58642
 35.13980 0.83569
3 75 28.2608 32.3425 -0.34175 5.32618 'Béchar (Algeria)'
 32.34250 0.09643
 32.00182 0.23159
 31.80063 0.31844
 31.63069 0.39673
 31.45674 0.47734
 31.42093 0.48415
 31.37685 0.48091
 31.29765 0.42232
 31.19725 0.30344
 31.02548 0.09568
 30.89337 -0.08012
 30.70700 -0.34175
 30.08445 0.05152
 29.76007 0.26099
 29.68901 0.32466
 28.99388 0.99823
 28.98096 1.10792
 28.97003 1.32302
 28.94151 1.61911
 28.83368 2.12541
 28.26077 2.96074
 28.40948 3.21518
 28.65052 3.63351
 28.60515 3.89689
 28.85707 4.14527
 29.59764 4.95801
 29.72683 5.12116
 29.89074 5.31594
 29.90117 5.32618
 29.99396 5.21725
 30.00000 5.20773
 29.99983 5.13004
 30.01700 5.10827
 30.06928 5.06358
 30.11660 5.03107
 30.16634 5.00207
 30.22226 4.98120
 30.37800 4.92887
 30.42895 4.91277
 30.59765 4.85436
 30.62885 4.83826
 30.64122 4.82199
 30.64925 4.80503
 30.65473 4.78903
 30.69015 4.64690
 30.69767 4.60441
 30.70114 4.49430
 30.70583 4.40575
 30.71519 4.33088
 30.73416 4.24594
 30.74383 4.21436
 30.92295 3.65413
 31.15721 3.77965
 31.22201 3.80728
 31.23626 3.80580
 31.33634 3.78823
 31.34466 3.78445
 31.61393 3.65620
 31.62305 3.64653
 31.62707 3.63967
 31.63482 3.60504
 31.69032 3.31078
 31.94283 2.91728
 31.97124 2.91850
 32.00970 2.89938
 32.04060 2.82861
 32.09896 2.38577
 32.10239 2.23816
 32.09038 2.02988
 32.07527 1.95529
 32.06120 1.85396
 32.06120 1.75286
 32.06463 1.26553
 32.10852 0.96543
 32.34250 0.09643
4 36 36.1881 36.8951 -5.534 -4.41388 'Béjaïa (Algeria)'
 36.55824 -5.52878
 36.52216 -5.53400
 36.49083 -5.52619
 36.43992 -5.50627
 36.37057 -5.38028
 36.36016 -5.35749
 36.33849 -5.30284
 36.33036 -5.27740
 36.36814 -5.25406
 36.40113 -5.24373
 36.42995 -5.24295
 36.49288 -5.25072
 36.51119 -5.24947
 36.53119 -5.22806
 36.54189 -5.20202
 36.54663 -5.13174
 36.49799 -4.94471
 36.46504 -4.87078
 36.35367 -4.76443
 36.24074 -4.69444
 36.21787 -4.67823
 36.18872 -4.55540
 36.18813 -4.51019
 36.20271 -4.47945
 36.26433 -4.44035
 36.27750 -4.43217
 36.32833 -4.41388
 36.45378 -4.49731
 36.52873 -4.60552
 36.54602 -4.62294
 36.64039 -4.68045
 36.71144 -4.71685
 36.89515 -4.75994
 36.83640 -4.93310
 36.67012 -5.47804
 36.55824 -5.52878
5 44 33.582 35.0662 -6.81516 -4.22528 'Biskra (Algeria)'
 34.77077 -6.53849
 34.74203 -6.62044
 34.75370 -6.64923
 34.88518 -6.65817
 34.88906 -6.71493
 34.88863 -6.75403
 34.87947 -6.77475
 34.80644 -6.80668
 34.75436 -6.81516
 34.73222 -6.81244
 34.36463 -6.75898
 34.31347 -6.66419
 34.29481 -6.58600
 34.30784 -6.53694
 34.38773 -6.07520
 34.41463 -5.65665
 34.20260 -5.37173
 34.12378 -5.40079
 33.90348 -5.39473
 33.81948 -5.37323
 33.68397 -5.24845
 33.62533 -5.19300
 33.58204 -5.10573
 33.83461 -4.51608
 33.90221 -4.39024
 34.23491 -4.27476
 34.42779 -4.23232
 34.50136 -4.22528
 34.52182 -4.23076
 34.75073 -4.43249
 34.76365 -4.45008
 34.77364 -4.47443
 34.78041 -4.51647
 34.77183 -4.54972
 34.76707 -4.58517
 34.77691 -4.65886
 34.80474 -4.85185
 34.84029 -5.05763
 35.04588 -5.60183
 35.06617 -5.64543
 35.02685 -5.99397
 34.83393 -6.48660
 34.79265 -6.51919
 34.77077 -6.53849
6 15 36.3292 36.6449 -3.38143 -2.54468 'Blida (Algeria)'
 36.37767 -3.20102
 36.32922 -3.06411
 36.33012 -2.72656
 36.33753 -2.55268
 36.39741 -2.54468
 36.44442 -2.54969
 36.61541 -2.89616
 36.63607 -3.09212
 36.63861 -3.13511
 36.64491 -3.32069
 36.61740 -3.38143
 36.52838 -3.37725
 36.48112 -3.37571
 36.46553 -3.35931
 36.37767 -3.20102
7 16 35.7413 36.3239 -5.30753 -4.15136 'Bordj Bou Arréridj (Algeria)'
 35.74375 -5.10674
 35.74128 -5.05040
 35.83989 -4.51433
 35.96981 -4.18840
 36.00219 -4.15136
 36.13321 -4.24477
 36.22532 -4.33913
 36.23706 -4.35903
 36.26433 -4.44035
 36.32389 -4.84538
 36.27127 -5.05336
 36.18886 -5.30287
 36.16933 -5.30753
 36.13578 -5.29833
 36.02734 -5.25237
 35.74375 -5.10674
8 20 35.864 36.5704 -4.35903 -3.37571 'Bouira (Algeria)'
 36.43431 -4.01984
 36.43326 -4.07138
 36.44177 -4.27031
 36.23706 -4.35903
 35.89651 -4.08884
 35.86397 -3.94365
 35.88746 -3.81898
 35.92003 -3.73749
 35.99861 -3.62190
 36.02703 -3.58108
 36.48112 -3.37571
 36.52838 -3.37725
 36.53251 -3.39454
 36.56425 -3.55169
 36.57037 -3.61397
 36.56612 -3.69829
 36.55774 -3.80290
 36.45123 -3.94860
 36.43707 -3.99275
 36.43431 -4.01984
9 23 36.5268 36.9214 -4.11783 -3.30188 'Boumerdès (Algeria)'
 36.79534 -4.09336
 36.74058 -4.01110
 36.59764 -3.79067
 36.54285 -3.50783
 36.52680 -3.37067
 36.53972 -3.35845
 36.60661 -3.32809
 36.67397 -3.30188
 36.76795 -3.30708
 36.79074 -3.30939
 36.78465 -3.33725
 36.77313 -3.39918
 36.76994 -3.41824
 36.76709 -3.44993
 36.76643 -3.46754
 36.76734 -3.48511
 36.76775 -3.48872
 36.76931 -3.49912
 36.92141 -3.92257
 36.89728 -4.07242
 36.88982 -4.11169
 36.81531 -4.11783
 36.79534 -4.09336
10 16 35.8367 36.5612 -1.75881 -0.73983 'Chlef (Algeria)'
 35.84201 -1.47075
 35.83667 -1.44826
 35.93011 -1.17122
 36.16306 -0.73983
 36.20629 -0.75020
 36.31157 -0.77859
 36.36304 -0.83974
 36.44930 -0.95271
 36.47502 -1.03819
 36.51400 -1.18108
 36.51471 -1.18562
 36.53729 -1.39346
 36.56119 -1.75881
 36.37882 -1.64540
 36.02124 -1.71883
 35.84201 -1.47075
11 44 32.8779 35.7428 -5.10573 -2.34168 'Djelfa (Algeria)'
 34.78779 -3.75759
 33.90221 -4.39024
 33.83461 -4.51608
 33.78673 -4.62826
 33.75183 -4.72999
 33.68390 -4.89742
 33.59724 -5.08888
 33.58204 -5.10573
 33.05307 -5.03684
 32.95559 -5.01326
 32.87789 -4.99178
 32.89218 -4.82508
 33.00980 -4.26204
 33.98607 -3.21834
 34.05402 -3.21452
 34.16017 -3.18574
 34.19482 -3.17498
 34.23120 -3.16017
 34.24429 -3.14004
 34.27550 -3.01810
 34.09554 -2.68497
 34.08038 -2.54460
 34.40493 -2.34410
 34.46158 -2.35109
 34.53593 -2.36793
 34.71439 -2.42405
 34.78960 -2.46156
 35.22935 -2.47565
 35.32885 -2.34229
 35.37936 -2.34168
 35.40985 -2.34490
 35.43593 -2.35525
 35.60847 -2.95376
 35.66367 -3.24942
 35.74277 -3.43597
 35.48047 -3.78034
 35.45666 -3.77755
 35.40968 -3.76717
 35.32073 -3.74454
 35.28324 -3.73034
 35.21550 -3.63889
 35.19293 -3.59628
 35.14204 -3.52059
 34.78779 -3.75759
12 56 30.707 34.4375 -2.38417 0.48415 'El Bayadh (Algeria)'
 30.93680 -0.57070
 30.70700 -0.34175
 30.89337 -0.08012
 31.02548 0.09568
 31.19725 0.30344
 31.29765 0.42232
 31.37685 0.48091
 31.42093 0.48415
 31.45674 0.47734
 31.63069 0.39673
 31.80063 0.31844
 32.00182 0.23159
 32.35902 0.08983
 32.43390 0.07383
 32.59696 0.04656
 32.66275 0.04784
 32.79419 0.06516
 33.17910 0.01960
 33.28450 0.00638
 33.33490 -0.02826
 33.40031 -0.06012
 33.46006 -0.08328
 33.54651 -0.10153
 33.70427 -0.12807
 33.81389 -0.12250
 33.91954 -0.10812
 33.97242 -0.03027
 33.98203 0.02483
 33.99119 0.06228
 34.01320 0.09375
 34.08526 0.11216
 34.33114 0.05530
 34.39416 -0.42093
 34.43755 -0.75650
 34.41783 -0.91366
 34.41614 -0.93392
 34.39007 -1.04918
 34.12826 -1.40655
 33.85485 -1.76598
 33.59162 -1.94832
 33.53513 -1.98693
 33.48038 -2.01335
 32.79918 -2.27070
 32.72147 -2.29577
 32.69817 -2.30189
 32.65608 -2.31294
 32.20644 -2.38389
 32.13614 -2.38417
 31.82791 -2.28382
 31.79677 -2.27009
 31.67224 -1.98759
 31.66898 -1.97428
 31.51028 -1.56765
 31.27836 -1.05233
 31.08974 -0.72137
 30.93680 -0.57070
13 65 28.9587 33.0103 -4.99178 -1.88672 'Ghardaïa (Algeria)'
 32.73779 -4.96394
 32.62246 -4.89821
 32.52562 -4.78648
 32.41098 -4.64753
 32.33365 -4.55037
 32.17268 -4.40100
 32.07841 -4.32835
 31.77614 -4.19436
 31.63731 -4.13603
 31.39289 -4.05134
 31.29516 -4.02513
 30.99575 -3.97232
 30.85267 -3.94821
 30.65270 -3.91852
 30.46249 -3.90170
 30.25774 -3.88387
 30.03854 -3.83366
 29.97413 -3.81222
 29.39929 -3.46667
 29.36412 -3.43204
 29.12353 -3.06888
 29.12261 -2.88342
 29.10194 -2.52441
 29.02035 -2.23462
 28.97840 -2.10024
 28.95872 -2.01866
 29.04119 -2.00070
 29.88876 -1.88672
 30.32320 -1.93884
 30.60058 -1.98574
 30.77687 -2.02122
 30.90578 -2.03914
 31.02131 -2.05036
 31.24261 -2.03046
 31.49799 -1.99958
 31.66543 -1.98117
 31.67224 -1.98759
 31.79677 -2.27009
 31.82791 -2.28382
 32.13614 -2.38417
 32.20644 -2.38389
 32.28877 -2.34907
 32.34548 -2.30848
 32.46439 -2.29613
 32.69817 -2.30189
 32.70234 -2.31562
 32.72428 -2.41387
 32.73115 -2.50789
 32.74348 -2.70467
 32.73959 -2.79652
 32.73268 -2.90104
 32.73003 -3.09285
 32.74758 -3.26033
 32.75781 -3.35251
 32.78273 -3.46255
 32.81454 -3.55671
 32.86550 -3.69716
 32.89216 -3.76109
 32.92719 -3.82328
 32.98602 -3.97436
 33.00157 -4.08250
 33.01026 -4.26918
 32.88920 -4.93453
 32.87789 -4.99178
 32.73779 -4.96394
14 48 32.7243 34.6758 -4.26204 -1.43496 'Laghouat (Algeria)'
 33.90849 -2.62565
 33.90226 -2.70042
 34.09554 -2.68497
 34.27550 -3.01810
 34.24429 -3.14004
 34.23120 -3.16017
 34.19482 -3.17498
 34.16017 -3.18574
 34.05402 -3.21452
 33.98607 -3.21834
 33.46404 -3.78520
 33.38977 -3.93499
 33.28692 -4.08364
 33.18023 -4.17186
 33.03519 -4.25118
 33.00980 -4.26204
 32.78273 -3.46255
 32.75781 -3.35251
 32.74758 -3.26033
 32.73003 -3.09285
 32.72428 -2.41387
 32.79918 -2.27070
 33.13213 -2.02551
 33.29966 -1.96674
 33.33297 -1.98601
 33.40961 -2.01929
 33.48038 -2.01335
 33.53513 -1.98693
 33.59162 -1.94832
 33.85485 -1.76598
 33.88871 -1.66381
 33.89957 -1.58992
 33.91426 -1.52622
 33.94505 -1.46870
 33.98795 -1.44722
 34.09065 -1.43496
 34.41092 -1.81268
 34.42638 -1.83330
 34.57409 -2.12179
 34.59600 -2.16582
 34.63863 -2.25529
 34.66750 -2.32480
 34.67577 -2.39402
 34.67547 -2.40330
 34.37755 -2.41872
 33.93822 -2.51503
 33.92129 -2.53783
 33.90849 -2.62565
15 20 34.9842 35.7332 -0.93245 0.49871 'Mascara (Algeria)'
 35.00726 -0.45104
 34.98422 -0.28300
 34.98955 -0.24316
 35.03981 -0.02790
 35.09439 0.12448
 35.40423 0.49871
 35.42938 0.48088
 35.57111 0.34960
 35.64311 0.24341
 35.73316 0.08953
 35.66151 -0.25660
 35.58547 -0.30488
 35.52155 -0.52195
 35.42172 -0.90854
 35.37215 -0.93177
 35.34663 -0.93245
 35.27441 -0.87734
 35.24050 -0.84499
 35.02576 -0.49215
 35.00726 -0.45104
16 23 35.4359 36.4811 -3.65358 -2.28723 'Médéa (Algeria)'
 36.40936 -3.64069
 35.82285 -3.65358
 35.76131 -3.62135
 35.74877 -3.54488
 35.60847 -2.95376
 35.47246 -2.78251
 35.45280 -2.75591
 35.43990 -2.71980
 35.43590 -2.68111
 35.43653 -2.35749
 35.61396 -2.28723
 35.70580 -2.31416
 36.27788 -2.59129
 36.33012 -2.72656
 36.35668 -2.82315
 36.38851 -2.97841
 36.36209 -3.00777
 36.33144 -3.02309
 36.32922 -3.06411
 36.37767 -3.20102
 36.48112 -3.37571
 36.42770 -3.63635
 36.40936 -3.64069
17 17 35.6343 36.3432 -0.77859 0.108606 'Mostaganem (Algeria)'
 35.76102 -0.36334
 35.63433 -0.21339
 35.63783 -0.15049
 35.69231 -0.00836
 35.72348 0.05139
 35.76640 0.09401
 35.78865 0.10861
 36.05033 -0.14887
 36.10220 -0.20399
 36.20850 -0.40594
 36.31046 -0.63914
 36.32896 -0.70312
 36.34318 -0.77601
 36.31157 -0.77859
 36.15976 -0.74956
 35.94092 -0.56547
 35.76102 -0.36334
18 58 34.223 36.015 -5.28504 -3.43597 'Msila (Algeria)'
 35.80930 -4.72161
 35.74128 -5.05040
 35.74375 -5.10674
 35.63586 -5.28504
 35.49610 -5.16543
 35.50088 -5.11386
 35.49745 -4.99704
 35.41997 -4.96752
 35.21622 -4.92449
 35.09124 -5.04645
 35.06115 -5.06811
 34.94793 -5.10414
 34.92389 -5.10927
 34.85478 -5.07609
 34.84029 -5.05763
 34.80474 -4.85185
 34.77691 -4.65886
 34.76707 -4.58517
 34.77183 -4.54972
 34.78041 -4.51647
 34.77364 -4.47443
 34.76365 -4.45008
 34.75073 -4.43249
 34.52182 -4.23076
 34.50136 -4.22528
 34.42779 -4.23232
 34.38353 -4.24649
 34.33137 -4.29039
 34.29608 -4.32529
 34.28254 -4.35753
 34.26289 -4.36501
 34.24876 -4.35088
 34.23700 -4.33002
 34.22298 -4.26004
 34.33806 -4.08670
 34.78779 -3.75759
 35.14204 -3.52059
 35.19293 -3.59628
 35.21550 -3.63889
 35.28324 -3.73034
 35.32073 -3.74454
 35.40968 -3.76717
 35.45666 -3.77755
 35.48047 -3.78034
 35.49643 -3.75804
 35.55116 -3.67820
 35.61736 -3.54193
 35.66756 -3.49355
 35.70756 -3.45591
 35.74277 -3.43597
 35.78703 -3.47950
 35.88060 -3.71068
 36.00219 -4.15136
 36.01497 -4.56677
 35.93319 -4.60107
 35.91170 -4.59539
 35.88371 -4.58321
 35.80930 -4.72161
19 40 32.1085 34.2906 -0.12807 1.73858 'Naama (Algeria)'
 33.89769 0.31456
 33.88623 0.28999
 33.95383 0.26295
 33.98336 0.25921
 34.01195 0.23644
 34.07087 0.11743
 33.97242 -0.03027
 33.91954 -0.10812
 33.81389 -0.12250
 33.70427 -0.12807
 33.54651 -0.10153
 33.46006 -0.08328
 33.40031 -0.06012
 33.33490 -0.02826
 33.28450 0.00638
 33.17910 0.01960
 32.79419 0.06516
 32.66275 0.04784
 32.59696 0.04656
 32.43390 0.07383
 32.35902 0.08983
 32.34250 0.09643
 32.10852 0.96543
 32.26206 1.10579
 32.95727 1.54373
 33.26928 1.66448
 33.28201 1.66911
 33.70348 1.73858
 34.03427 1.66337
 34.07564 1.65323
 34.18083 1.45414
 34.18836 1.43730
 34.23392 1.06579
 34.29060 0.56601
 34.27900 0.50996
 34.26717 0.47301
 34.21043 0.45195
 34.12909 0.43234
 33.92684 0.36857
 33.89769 0.31456
20 17 35.4265 35.9067 0.223349 1.0556 'Oran (Algeria)'
 35.46865 0.44074
 35.42648 0.54358
 35.43835 0.96577
 35.45710 0.97441
 35.65418 1.05560
 35.65681 1.05469
 35.66197 1.05074
 35.66727 1.04572
 35.67324 1.03604
 35.68039 1.02317
 35.70731 0.96206
 35.75589 0.78504
 35.84534 0.48259
 35.90672 0.33680
 35.80460 0.22335
 35.64311 0.24341
 35.46865 0.44074
21 21 35.4551 36.1883 -1.47817 -0.2566 'Relizane (Algeria)'
 35.46650 -0.95597
 35.45512 -0.75873
 35.53638 -0.36039
 35.54678 -0.33065
 35.56330 -0.30846
 35.66151 -0.25660
 35.67728 -0.25665
 36.10525 -0.66354
 36.14360 -0.71138
 36.15976 -0.74956
 36.18832 -0.97050
 36.16451 -0.98298
 36.10580 -1.00860
 36.08308 -0.99955
 36.00829 -1.06118
 35.93011 -1.17122
 35.83667 -1.44826
 35.82649 -1.47066
 35.80984 -1.47817
 35.66877 -1.33905
 35.46650 -0.95597
22 38 33.8862 35.1011 -0.95728 0.45195 'Saïda (Algeria)'
 34.98955 -0.24316
 34.98422 -0.28300
 35.00726 -0.45104
 35.02576 -0.49215
 35.05810 -0.52637
 35.07552 -0.52996
 35.08743 -0.66366
 35.08863 -0.70076
 35.08090 -0.71658
 35.00501 -0.80387
 34.98061 -0.82997
 34.60239 -0.95728
 34.43755 -0.75650
 34.39416 -0.42093
 34.33114 0.05530
 34.21539 0.06442
 34.07087 0.11743
 33.88623 0.28999
 33.89769 0.31456
 33.92684 0.36857
 34.12909 0.43234
 34.21043 0.45195
 34.46910 0.04841
 34.55172 0.00478
 34.60944 0.01623
 34.65755 0.04745
 34.68406 0.06891
 34.71384 0.09794
 34.74949 0.15444
 34.76316 0.18061
 34.78587 0.25071
 34.85691 0.31733
 34.96787 0.27477
 35.06681 0.20450
 35.10107 0.09357
 35.07057 -0.14097
 35.02045 -0.20863
 34.98955 -0.24316
23 15 35.5975 36.5147 -6.05771 -4.97366 'Sétif (Algeria)'
 35.61328 -5.48378
 35.59749 -5.42217
 35.63586 -5.28504
 35.72002 -5.11659
 35.74375 -5.10674
 36.26290 -4.97366
 36.47738 -5.11261
 36.48614 -5.58874
 36.51474 -5.81408
 36.39907 -5.90298
 36.06475 -6.05284
 36.00081 -6.05771
 35.92763 -6.05653
 35.81707 -6.01247
 35.61328 -5.48378
24 36 34.1897 35.397 0.00478005 1.0944 'Sidi Bel Abbès (Algeria)'
 34.21043 0.45195
 34.18975 0.80553
 34.19365 0.84644
 34.22649 1.04180
 34.23392 1.06579
 34.26364 1.08681
 34.27675 1.09440
 34.30616 1.07062
 34.34359 1.02227
 34.36929 0.97639
 34.41955 0.88180
 34.45510 0.84352
 34.68956 0.72585
 34.71459 0.72420
 34.84309 0.84282
 34.90160 0.91174
 35.08557 0.97236
 35.28708 0.82451
 35.39695 0.50386
 35.37766 0.38575
 35.32559 0.13300
 35.31066 0.12664
 35.09439 0.12448
 35.06681 0.20450
 34.96787 0.27477
 34.85691 0.31733
 34.78587 0.25071
 34.76316 0.18061
 34.74949 0.15444
 34.71384 0.09794
 34.68406 0.06891
 34.65755 0.04745
 34.60944 0.01623
 34.55172 0.00478
 34.46910 0.04841
 34.21043 0.45195
25 40 34.0906 35.6658 -2.72644 -0.52996 'Tiaret (Algeria)'
 35.52505 -1.70757
 35.51047 -1.74195
 35.52023 -2.21822
 35.52804 -2.32049
 35.32885 -2.34229
 35.22935 -2.47565
 35.27239 -2.55690
 35.29649 -2.58762
 35.30865 -2.59265
 35.25369 -2.69492
 35.22012 -2.71768
 35.17449 -2.72644
 34.81263 -2.49345
 34.67547 -2.40330
 34.67577 -2.39402
 34.66750 -2.32480
 34.63863 -2.25529
 34.59600 -2.16582
 34.57409 -2.12179
 34.42638 -1.83330
 34.41092 -1.81268
 34.37054 -1.77205
 34.31126 -1.72380
 34.28563 -1.73448
 34.25394 -1.73079
 34.13684 -1.52362
 34.09065 -1.43496
 34.21988 -1.12514
 34.59228 -0.85816
 35.07552 -0.52996
 35.12090 -0.54058
 35.23063 -0.64891
 35.54588 -1.02507
 35.63452 -1.24699
 35.64059 -1.26843
 35.66579 -1.43026
 35.64118 -1.50682
 35.62946 -1.53092
 35.57642 -1.62792
 35.52505 -1.70757
26 37 25.5865 29.9012 3.10708 8.67022 'Tindouf (Algeria)'
 25.71682 5.58013
 25.58647 5.75561
 25.69479 5.93450
 25.89220 6.24482
 25.94988 6.33317
 26.01494 6.43779
 26.30384 6.90589
 26.77540 7.67621
 26.84990 7.79893
 27.20833 8.39733
 27.32403 8.59467
 27.36488 8.66732
 28.31244 8.67022
 28.72890 8.66715
 29.24450 7.82122
 29.39628 7.54650
 29.57434 7.18308
 29.65401 6.50898
 29.73072 5.98807
 29.81887 5.83507
 29.82093 5.83052
 29.82908 5.78421
 29.87165 5.51523
 29.90117 5.32618
 29.45637 4.75951
 29.16519 4.43117
 28.75626 4.03128
 28.68229 3.96005
 28.60515 3.89689
 28.16907 3.62626
 27.88671 3.44385
 27.52811 3.20903
 27.34568 3.10708
 26.89864 3.78287
 26.41810 4.53104
 26.02505 5.12413
 25.71682 5.58013
27 19 36.3318 36.8054 -3.08263 -1.70564 'Tipaza (Algeria)'
 36.70869 -3.08263
 36.44801 -2.68146
 36.42899 -2.64835
 36.37818 -2.52559
 36.33177 -1.76960
 36.41898 -1.70564
 36.55807 -1.76532
 36.61315 -2.22924
 36.62075 -2.40911
 36.59548 -2.44865
 36.59100 -2.52781
 36.59143 -2.54832
 36.59257 -2.55591
 36.60112 -2.60330
 36.60929 -2.62264
 36.61086 -2.62629
 36.62255 -2.65223
 36.80544 -3.04399
 36.70869 -3.08263
28 22 35.5105 35.9641 -2.40604 -1.32844 'Tissemsilt (Algeria)'
 35.88960 -1.78140
 35.83449 -1.92559
 35.84338 -2.01154
 35.84985 -2.03932
 35.87147 -2.03958
 35.89676 -2.07107
 35.88763 -2.18249
 35.86511 -2.29369
 35.84330 -2.37924
 35.83086 -2.40604
 35.60328 -2.36858
 35.52804 -2.32049
 35.52023 -2.21822
 35.51047 -1.74195
 35.60109 -1.34494
 35.61776 -1.32844
 35.74751 -1.34150
 35.76301 -1.35057
 35.91458 -1.48784
 35.96409 -1.60046
 35.90892 -1.77544
 35.88960 -1.78140
29 21 36.4333 36.9082 -4.71961 -3.79067 'Tizi Ouzou (Algeria)'
 36.44290 -4.45329
 36.43326 -4.07138
 36.43431 -4.01984
 36.43707 -3.99275
 36.45123 -3.94860
 36.54342 -3.81901
 36.55589 -3.80335
 36.59764 -3.79067
 36.89152 -4.11635
 36.90783 -4.15336
 36.90788 -4.16086
 36.90820 -4.29659
 36.88669 -4.65095
 36.77356 -4.71167
 36.74513 -4.71961
 36.71144 -4.71685
 36.64039 -4.68045
 36.54602 -4.62294
 36.52873 -4.60552
 36.45378 -4.49731
 36.44290 -4.45329
30 24 34.0756 35.2495 0.7242 1.9615 'Tlemcen (Algeria)'
 34.07617 1.63800
 34.07564 1.65323
 34.38892 1.78071
 35.07373 1.96150
 35.07433 1.95448
 35.07481 1.95207
 35.11911 1.77484
 35.12000 1.77244
 35.12476 1.76308
 35.13364 1.74752
 35.24954 1.57346
 35.18834 1.23754
 35.17335 1.16706
 35.06250 0.92569
 35.04739 0.89381
 35.02590 0.88106
 34.71459 0.72420
 34.68956 0.72585
 34.45510 0.84352
 34.41955 0.88180
 34.22170 1.17315
 34.19200 1.22155
 34.17648 1.25253
 34.07617 1.63800
31 17 36.5701 36.9917 -7.83199 -7.35905 'Annaba (Algeria)'
 36.58411 -7.71114
 36.57006 -7.67868
 36.57117 -7.64172
 36.57907 -7.56401
 36.58191 -7.53765
 36.66332 -7.46292
 36.68044 -7.45152
 36.89380 -7.35905
 36.95569 -7.47695
 36.97480 -7.52109
 36.98835 -7.55292
 36.99174 -7.56153
 36.96017 -7.77021
 36.95757 -7.78064
 36.84537 -7.83199
 36.74566 -7.82570
 36.58411 -7.71114
32 28 34.9627 35.9009 -6.83925 -4.83544 'Batna (Algeria)'
 35.84399 -6.10054
 35.80194 -6.34697
 35.83448 -6.42784
 35.81084 -6.55537
 35.80750 -6.57041
 35.76619 -6.70650
 35.70938 -6.79583
 35.66658 -6.82782
 35.56106 -6.83925
 35.52435 -6.82661
 35.49870 -6.81536
 35.06394 -6.46208
 35.00128 -6.26195
 34.96274 -6.04759
 35.03759 -5.21455
 35.09814 -4.95669
 35.11810 -4.87501
 35.14248 -4.83544
 35.17287 -4.84150
 35.49745 -4.99704
 35.79953 -5.61600
 35.88555 -5.82269
 35.89059 -5.83939
 35.89937 -5.87145
 35.90091 -5.87826
 35.88958 -6.00109
 35.88315 -6.04969
 35.84399 -6.10054
33 12 36.0975 36.579 -7.0604 -6.37217 'Constantine (Algeria)'
 36.28130 -7.06040
 36.09748 -6.97135
 36.15253 -6.58607
 36.32396 -6.37409
 36.33900 -6.37217
 36.44815 -6.46356
 36.57383 -6.59294
 36.57898 -6.63053
 36.57629 -6.73793
 36.49548 -6.91863
 36.38903 -7.01608
 36.28130 -7.06040
34 45 31.7475 34.4604 -9.1637 -5.193 'El Oued (Algeria)'
 34.38462 -6.03680
 34.29481 -6.58600
 34.31347 -6.66419
 34.34516 -6.71815
 34.31144 -6.75428
 34.14148 -7.04247
 34.08379 -7.37377
 33.90621 -7.52918
 33.73816 -7.56749
 33.71738 -7.57286
 33.64786 -7.59536
 33.25424 -7.74195
 33.21836 -7.77397
 33.19691 -7.79734
 33.18506 -7.81868
 33.18249 -7.84535
 33.18266 -7.86443
 33.17940 -7.89788
 33.09528 -8.11777
 33.09099 -8.12187
 33.01546 -8.17773
 32.82234 -8.31899
 32.60450 -8.34883
 32.53235 -8.36029
 32.51781 -8.36271
 32.51198 -8.37022
 32.15166 -8.99637
 32.09347 -9.09443
 31.74748 -9.16370
 31.78013 -8.64879
 31.83084 -7.77616
 31.85435 -7.19770
 32.40261 -6.92035
 32.83078 -6.73120
 33.55067 -6.40821
 33.62533 -5.19300
 33.73117 -5.27224
 33.77240 -5.32767
 33.81948 -5.37323
 33.90348 -5.39473
 34.12378 -5.40079
 34.20260 -5.37173
 34.28915 -5.28774
 34.46037 -5.45873
 34.38462 -6.03680
35 19 36.3885 36.941 -8.64452 -7.73085 'El Tarf (Algeria)'
 36.94103 -8.64232
 36.85999 -8.64452
 36.41187 -8.40876
 36.40527 -8.40344
 36.39489 -8.39504
 36.38854 -8.38555
 36.41802 -8.21474
 36.54414 -7.84521
 36.62477 -7.73085
 36.65163 -7.74957
 36.74566 -7.82570
 36.84403 -7.91068
 36.92932 -8.18396
 36.89519 -8.42642
 36.89585 -8.43314
 36.90010 -8.46808
 36.90491 -8.50252
 36.90779 -8.51501
 36.94103 -8.64232
36 23 36.011 36.6228 -8.06817 -7.01503 'Guelma (Algeria)'
 36.01495 -7.18282
 36.01098 -7.14505
 36.01464 -7.11056
 36.02611 -7.10158
 36.07987 -7.06268
 36.10500 -7.05874
 36.37843 -7.01719
 36.39902 -7.01503
 36.41964 -7.02613
 36.52351 -7.14177
 36.56686 -7.25781
 36.60457 -7.36099
 36.61951 -7.43821
 36.62284 -7.47620
 36.62062 -7.50479
 36.58411 -7.71114
 36.56431 -7.81664
 36.50353 -7.99031
 36.47675 -8.06372
 36.46357 -8.06817
 36.30292 -7.89311
 36.02394 -7.21954
 36.01495 -7.18282
37 133 23.0067 30.113 -12.0008 -5.86583 'Illizi (Algeria)'
 28.99841 -9.87738
 28.78366 -9.90204
 28.75277 -9.90263
 28.44463 -9.85634
 28.33357 -9.83919
 28.22336 -9.82105
 28.16551 -9.85825
 28.05170 -9.91026
 27.89824 -9.96000
 27.87987 -9.96486
 27.86699 -9.96486
 27.72692 -9.94492
 27.67679 -9.92690
 27.60727 -9.89433
 27.48676 -9.83145
 27.46016 -9.82178
 27.35630 -9.78700
 27.28128 -9.78295
 27.25905 -9.78577
 27.16627 -9.80055
 26.93464 -9.86340
 26.92758 -9.86640
 26.91041 -9.88123
 26.90620 -9.89133
 26.88277 -9.93503
 26.87599 -9.94177
 26.85822 -9.94533
 26.79995 -9.94949
 26.79488 -9.94939
 26.64957 -9.91569
 26.52100 -9.86618
 26.38401 -9.51344
 26.23233 -9.40702
 26.18214 -9.41107
 25.80860 -9.67544
 25.72723 -9.73417
 25.46459 -9.92588
 25.39979 -9.97876
 25.32331 -10.02711
 25.00128 -10.02938
 24.95708 -10.03175
 24.68140 -10.19562
 24.64911 -10.21581
 24.64549 -10.21834
 24.54517 -10.35278
 24.53693 -10.36389
 24.53350 -10.41145
 24.53264 -10.42617
 24.53299 -10.45297
 24.53505 -10.54998
 24.54002 -10.57923
 24.54123 -10.58622
 24.56783 -10.63208
 24.57230 -10.66529
 24.57487 -10.70644
 24.57230 -10.83154
 24.55582 -10.89911
 24.53350 -10.94721
 24.24545 -11.35397
 23.50061 -12.00077
 23.00674 -11.12493
 23.01514 -11.08686
 23.10081 -10.10544
 23.16538 -9.17839
 23.19595 -8.58841
 23.21874 -8.54215
 23.26220 -8.53354
 23.60694 -8.53505
 23.67247 -8.55015
 23.75544 -8.59180
 23.77926 -8.63298
 23.82340 -8.67009
 23.89486 -8.71723
 23.99110 -8.73191
 24.00152 -8.73095
 24.09556 -8.71382
 24.18726 -8.68393
 24.24305 -8.62847
 24.26507 -8.57675
 24.30415 -8.39293
 24.37794 -8.15204
 24.40142 -8.08198
 24.49365 -7.88147
 24.61062 -7.62929
 24.69718 -7.48546
 24.86513 -7.30706
 24.96652 -7.23147
 25.09672 -7.16053
 25.19022 -7.18038
 25.23070 -7.19900
 25.26891 -7.23001
 25.30016 -7.26625
 25.35433 -7.27887
 25.77740 -7.09035
 25.88908 -6.75835
 25.95184 -6.67753
 26.32082 -6.25906
 26.36679 -6.27023
 26.79388 -6.21783
 26.91757 -6.05592
 26.95397 -6.03993
 27.35771 -5.87686
 27.39391 -5.86583
 27.44613 -5.87596
 27.47412 -5.90599
 27.82565 -6.29920
 27.85497 -6.33593
 27.88962 -6.40691
 27.90191 -6.44920
 27.90097 -6.56766
 27.90464 -6.72033
 27.95466 -6.71544
 28.09286 -6.67629
 28.54066 -6.11280
 28.54477 -6.10963
 28.90965 -6.94513
 28.91834 -6.97669
 28.92048 -7.01693
 28.90239 -7.05856
 28.86820 -7.07204
 28.82864 -7.08067
 28.79763 -7.12277
 28.78739 -7.18807
 28.81552 -7.24602
 29.31077 -8.00739
 29.94612 -9.02789
 30.01908 -9.13908
 30.05900 -9.18356
 30.11305 -9.40175
 29.68480 -9.66549
 29.42688 -9.78545
 29.05111 -9.86857
 28.99841 -9.87738
38 18 36.4861 36.9173 -6.56381 -5.48714 'Jijel (Algeria)'
 36.56765 -6.43489
 36.48614 -5.58874
 36.56346 -5.48714
 36.67767 -5.49978
 36.74442 -5.55538
 36.76441 -5.57386
 36.82087 -5.70604
 36.82403 -5.72250
 36.91728 -6.30896
 36.83880 -6.33668
 36.71780 -6.43675
 36.67250 -6.47885
 36.65808 -6.50946
 36.64807 -6.55500
 36.63168 -6.56381
 36.60783 -6.54981
 36.57793 -6.51998
 36.56765 -6.43489
39 34 34.1267 35.5973 -7.60836 -6.56453 'Khenchela (Algeria)'
 34.94260 -7.39065
 34.54544 -7.33676
 34.12755 -7.20913
 34.12670 -7.20504
 34.14148 -7.04247
 34.31144 -6.75428
 34.34516 -6.71815
 34.43699 -6.75009
 34.54111 -6.77687
 34.73222 -6.81244
 34.75436 -6.81516
 34.80644 -6.80668
 34.87947 -6.77475
 34.88863 -6.75403
 34.88906 -6.71493
 34.88299 -6.67132
 34.88808 -6.64073
 34.90658 -6.62261
 35.02147 -6.58473
 35.09896 -6.56453
 35.42531 -6.63276
 35.43632 -6.64785
 35.56106 -6.83925
 35.58497 -6.88014
 35.59734 -7.27719
 35.59673 -7.30413
 35.54474 -7.43892
 35.49666 -7.53308
 35.47348 -7.55428
 35.41222 -7.60836
 35.38208 -7.48584
 35.36772 -7.44622
 35.03321 -7.36648
 34.94260 -7.39065
40 17 35.8691 36.5915 -6.59294 -5.81408 'Mila (Algeria)'
 36.58825 -6.40414
 36.57793 -6.51998
 36.58894 -6.55962
 36.58482 -6.56944
 36.57383 -6.59294
 36.15253 -6.58607
 36.13130 -6.57577
 35.99554 -6.45383
 35.97031 -6.43084
 35.86911 -6.19134
 35.92763 -6.05653
 36.08661 -5.98106
 36.40136 -5.83339
 36.51474 -5.81408
 36.51791 -5.82690
 36.59147 -6.33156
 36.58825 -6.40414
41 63 28.4812 33.6255 -9.55051 -3.06888 'Ouargla (Algeria)'
 29.31077 -8.00739
 28.81552 -7.24602
 28.78739 -7.18807
 28.79763 -7.12277
 28.82864 -7.08067
 28.84789 -6.83354
 28.69460 -6.46973
 28.53905 -6.09596
 28.51635 -5.73469
 28.48120 -4.77732
 28.48741 -4.58555
 28.55363 -3.85525
 28.65217 -3.71103
 28.78431 -3.52926
 29.11677 -3.07461
 29.12353 -3.06888
 29.13621 -3.07604
 29.20286 -3.15197
 29.24656 -3.20740
 29.32531 -3.31494
 29.56559 -3.51507
 29.88857 -3.75823
 29.97413 -3.81222
 30.03854 -3.83366
 30.25774 -3.88387
 30.46249 -3.90170
 30.65270 -3.91852
 30.85267 -3.94821
 30.99575 -3.97232
 31.29516 -4.02513
 31.39289 -4.05134
 31.63731 -4.13603
 31.77614 -4.19436
 32.07841 -4.32835
 32.17268 -4.40100
 32.33365 -4.55037
 32.41098 -4.64753
 32.52562 -4.78648
 32.62246 -4.89821
 32.73779 -4.96394
 33.05307 -5.03684
 33.12466 -5.00884
 33.23452 -4.98779
 33.34559 -4.98227
 33.41469 -4.98244
 33.52424 -5.03029
 33.58204 -5.10573
 33.62553 -5.18965
 33.62533 -5.19300
 33.55067 -6.40821
 32.83078 -6.73120
 32.40261 -6.92035
 31.85435 -7.19770
 31.83084 -7.77616
 31.78013 -8.64879
 31.74748 -9.16370
 31.20735 -9.30428
 30.85699 -9.39334
 30.28193 -9.53878
 30.22785 -9.55051
 30.11305 -9.40175
 29.94612 -9.02789
 29.31077 -8.00739
42 35 35.4122 36.1678 -7.93236 -6.17934 'Oum el Bouaghi (Algeria)'
 35.91486 -7.49546
 35.84490 -7.75349
 35.86237 -7.77209
 35.89497 -7.81121
 35.91016 -7.84285
 35.90495 -7.85913
 35.85581 -7.91244
 35.83627 -7.92627
 35.81270 -7.93147
 35.58880 -7.93236
 35.42757 -7.64778
 35.41688 -7.62632
 35.41222 -7.60836
 35.48380 -7.49765
 35.56938 -7.35831
 35.59673 -7.30413
 35.80750 -6.57041
 35.81084 -6.55537
 35.83448 -6.42784
 35.80194 -6.34697
 35.81338 -6.30674
 35.83008 -6.25917
 35.84923 -6.22005
 35.86057 -6.20367
 35.86911 -6.19134
 35.90282 -6.17934
 35.96986 -6.19762
 36.03385 -6.22339
 36.08768 -6.30006
 36.13412 -6.58915
 36.16778 -6.86453
 36.12908 -7.02622
 36.11720 -7.05883
 36.01495 -7.18282
 35.91486 -7.49546
43 50 36.5147 37.0881 -7.46292 -6.23953 'Skikda (Algeria)'
 36.88649 -6.90167
 36.88055 -6.93091
 36.88256 -6.95441
 36.90794 -7.13149
 36.91037 -7.14119
 36.91948 -7.16437
 36.92579 -7.17685
 36.92651 -7.17817
 36.92864 -7.18149
 36.93697 -7.19306
 36.95434 -7.21551
 36.96748 -7.22914
 36.99072 -7.25195
 37.02137 -7.25704
 37.02726 -7.25522
 37.08798 -7.21438
 37.04486 -7.44838
 36.66332 -7.46292
 36.60701 -7.38143
 36.52351 -7.14177
 36.51472 -6.88076
 36.57486 -6.57884
 36.58894 -6.55962
 36.67250 -6.47885
 36.71780 -6.43675
 36.83880 -6.33668
 36.94638 -6.26131
 36.97212 -6.24548
 36.98232 -6.23953
 36.98756 -6.24009
 37.02365 -6.26155
 37.02494 -6.26278
 37.06950 -6.34600
 37.07779 -6.36632
 37.08624 -6.41172
 37.08676 -6.41530
 37.08812 -6.47495
 37.08807 -6.47821
 37.08755 -6.48239
 37.08524 -6.49246
 37.08500 -6.49311
 37.07713 -6.50959
 37.07322 -6.51316
 37.02654 -6.54999
 36.99203 -6.56386
 36.98932 -6.56485
 36.98226 -6.57030
 36.98025 -6.57311
 36.88773 -6.89636
 36.88649 -6.90167
44 15 35.781 36.4636 -8.38555 -7.39796 'Souk Ahras (Algeria)'
 35.78431 -7.69440
 35.78102 -7.63248
 35.91486 -7.49546
 36.02057 -7.40133
 36.03237 -7.39796
 36.10671 -7.39816
 36.12185 -7.42006
 36.38371 -7.89696
 36.46357 -8.06817
 36.38854 -8.38555
 36.31788 -8.37759
 36.09129 -8.32143
 35.97104 -8.27307
 35.78897 -7.72592
 35.78431 -7.69440
45 146 18.9547 29.1235 -11.1249 -0.82267 'Tamanghasset (Algeria)'
 28.48741 -4.58555
 28.48120 -4.77732
 28.51635 -5.73469
 28.53212 -5.90488
 28.54477 -6.10963
 28.09286 -6.67629
 27.95466 -6.71544
 27.90464 -6.72033
 27.90097 -6.56766
 27.90191 -6.44920
 27.88962 -6.40691
 27.85497 -6.33593
 27.82565 -6.29920
 27.47412 -5.90599
 27.44613 -5.87596
 27.39391 -5.86583
 27.35771 -5.87686
 26.95397 -6.03993
 26.91757 -6.05592
 26.79388 -6.21783
 26.36679 -6.27023
 26.32082 -6.25906
 25.95184 -6.67753
 25.88908 -6.75835
 25.77740 -7.09035
 25.35433 -7.27887
 25.30016 -7.26625
 25.26891 -7.23001
 25.23070 -7.19900
 25.19022 -7.18038
 25.09672 -7.16053
 24.96652 -7.23147
 24.86513 -7.30706
 24.69718 -7.48546
 24.61062 -7.62929
 24.49365 -7.88147
 24.40142 -8.08198
 24.37794 -8.15204
 24.30415 -8.39293
 24.26507 -8.57675
 24.24305 -8.62847
 24.18726 -8.68393
 24.09556 -8.71382
 24.00152 -8.73095
 23.99110 -8.73191
 23.89486 -8.71723
 23.82340 -8.67009
 23.77926 -8.63298
 23.75544 -8.59180
 23.67247 -8.55015
 23.60694 -8.53505
 23.26220 -8.53354
 23.21874 -8.54215
 23.19595 -8.58841
 23.16538 -9.17839
 23.10081 -10.10544
 23.01514 -11.08686
 23.00674 -11.12493
 22.68934 -10.58077
 22.56111 -10.34998
 22.33315 -9.95204
 22.18002 -9.69005
 22.10020 -9.55434
 21.93712 -9.27964
 21.65834 -8.81048
 21.50145 -8.54752
 21.20035 -8.04789
 20.88964 -7.53531
 20.59370 -7.16934
 19.96508 -6.41934
 19.68235 -6.08639
 19.56923 -5.95731
 19.44374 -5.81758
 19.31671 -5.17164
 19.18367 -4.50299
 19.07879 -3.98662
 18.97699 -3.49551
 18.95742 -3.40917
 18.95562 -3.40572
 18.95468 -3.39882
 18.96378 -3.37626
 18.97322 -3.35647
 18.99991 -3.30072
 19.12823 -3.12341
 19.15140 -3.11405
 19.16496 -3.11512
 19.33439 -3.18458
 19.43138 -3.24600
 19.55807 -3.24143
 19.71428 -3.22977
 19.84079 -3.21662
 19.90808 -3.07259
 19.94001 -3.00321
 19.95203 -2.97527
 20.09022 -2.52085
 20.09966 -2.47369
 20.09554 -2.46054
 20.08764 -2.44446
 20.40797 -2.25039
 21.18693 -2.25186
 21.37387 -2.19035
 22.00791 -1.97560
 22.35809 -1.37443
 24.47912 -1.31614
 25.58957 -1.29696
 25.99014 -1.07232
 26.11856 -0.96434
 26.23796 -0.85484
 26.28874 -0.82269
 26.33008 -0.82267
 26.37091 -0.85419
 26.39388 -0.89834
 26.46717 -1.06753
 26.48775 -1.22163
 26.49207 -1.31888
 26.53907 -1.50731
 26.67492 -1.74911
 26.70490 -1.78605
 26.78655 -1.87097
 26.84707 -1.93236
 26.90793 -1.94058
 27.03315 -1.93486
 27.15784 -1.92531
 27.26014 -1.92124
 27.35962 -1.92223
 27.41327 -1.92341
 27.48982 -1.92799
 27.79598 -1.95217
 27.95898 -1.98714
 28.17332 -2.03369
 28.31338 -2.06865
 28.54553 -2.12218
 28.61100 -2.10876
 28.67554 -2.08248
 28.77580 -2.05719
 28.90162 -2.02847
 28.95872 -2.01866
 29.02035 -2.23462
 29.10194 -2.52441
 29.12261 -2.88342
 29.12353 -3.06888
 29.11677 -3.07461
 28.78431 -3.52926
 28.65217 -3.71103
 28.55363 -3.85525
 28.48741 -4.58555
46 31 34.0753 35.9804 -8.34065 -7.20242 'Tébessa (Algeria)'
 34.08491 -7.57558
 34.07529 -7.42700
 34.08379 -7.37377
 34.10341 -7.29538
 34.12838 -7.20242
 34.17182 -7.20852
 34.26092 -7.22179
 34.43832 -7.27842
 34.54544 -7.33676
 34.94260 -7.39065
 35.03321 -7.36648
 35.29507 -7.45507
 35.85857 -7.93623
 35.87526 -7.95897
 35.93346 -8.04242
 35.95246 -8.07439
 35.98037 -8.24183
 35.97104 -8.27307
 35.95900 -8.29116
 35.94589 -8.27222
 35.93894 -8.26532
 35.75432 -8.26141
 35.32036 -8.31485
 35.31160 -8.31758
 35.06905 -8.34065
 34.76675 -8.28441
 34.65088 -8.25905
 34.64247 -8.25717
 34.61432 -8.23194
 34.20456 -7.80586
 34.08491 -7.57558
