0 643 -2.52922 5.15055 -24.4214 -16.5284 'Equateur (Congo, DRC)'
 0.67111 -22.86138
 0.63111 -22.89027
 0.50639 -22.93945
 0.47834 -22.94555
 0.40681 -22.97583
 0.37500 -22.99361
 0.34945 -23.01083
 0.21250 -23.10945
 0.09195 -23.19861
 0.03584 -23.24639
 -0.14861 -23.37195
 -0.19958 -23.40416
 -0.24181 -23.41195
 -0.26389 -23.39445
 -0.31695 -23.28695
 -0.31278 -23.25916
 -0.29250 -23.20847
 -0.27750 -23.16153
 -0.28326 -23.12659
 -0.30555 -23.09166
 -0.40639 -22.97027
 -0.41111 -23.00945
 -0.41805 -23.09083
 -0.42000 -23.14027
 -0.42139 -23.18000
 -0.43042 -23.22292
 -0.45834 -23.23416
 -0.49000 -23.24958
 -0.49528 -23.26916
 -0.49055 -23.29500
 -0.48305 -23.32111
 -0.47361 -23.34722
 -0.45778 -23.38500
 -0.44750 -23.40834
 -0.43819 -23.43972
 -0.43750 -23.46236
 -0.45528 -23.48250
 -0.49945 -23.50750
 -0.53028 -23.52527
 -0.55778 -23.54445
 -0.58028 -23.56166
 -0.59945 -23.58445
 -0.63000 -23.62472
 -0.65264 -23.61930
 -0.66639 -23.59555
 -0.67125 -23.56819
 -0.67889 -23.53416
 -0.68931 -23.50347
 -0.69889 -23.48555
 -0.72195 -23.45208
 -0.74472 -23.42195
 -0.80166 -23.35777
 -0.84361 -23.38639
 -0.88528 -23.42666
 -0.98028 -23.53361
 -0.99916 -23.56722
 -1.01181 -23.59805
 -1.02445 -23.62945
 -1.04361 -23.66584
 -1.08334 -23.72972
 -1.10861 -23.74945
 -1.19555 -23.82416
 -1.27028 -23.90084
 -1.29431 -23.93042
 -1.31042 -23.95500
 -1.35334 -24.03250
 -1.36750 -24.05861
 -1.38202 -24.09638
 -1.38889 -24.12916
 -1.39028 -24.15305
 -1.38666 -24.20389
 -1.38195 -24.24277
 -1.38305 -24.28666
 -1.39847 -24.30764
 -1.53139 -24.37305
 -1.56416 -24.38277
 -1.60805 -24.39416
 -1.64722 -24.40333
 -1.69916 -24.41083
 -1.78679 -24.42140
 -1.77805 -24.34222
 -1.75889 -24.19833
 -1.74222 -24.11416
 -1.73931 -24.02875
 -1.76708 -23.99180
 -1.76972 -23.94611
 -1.76361 -23.90222
 -1.76139 -23.87208
 -1.76666 -23.83125
 -1.77819 -23.80639
 -1.80014 -23.78611
 -1.92389 -23.76111
 -2.02000 -23.68639
 -2.01361 -23.63027
 -2.00805 -23.60555
 -2.00528 -23.58027
 -2.00584 -23.54445
 -2.01000 -23.50000
 -2.01834 -23.44945
 -2.02445 -23.42111
 -2.04778 -23.31834
 -2.08305 -23.22695
 -2.07139 -23.20472
 -2.03695 -23.18278
 -2.00764 -23.16764
 -1.98834 -23.15472
 -1.95875 -23.12861
 -1.94264 -23.10292
 -1.93195 -23.07389
 -1.92805 -23.03819
 -1.93375 -23.00042
 -1.91084 -22.90597
 -1.88416 -22.87028
 -1.85972 -22.82264
 -1.80805 -22.68527
 -1.80111 -22.62555
 -1.83834 -22.61000
 -1.86861 -22.59416
 -1.90569 -22.56597
 -1.95493 -22.51819
 -1.95611 -22.45695
 -1.95472 -22.43389
 -1.94834 -22.37972
 -1.94028 -22.32139
 -1.93416 -22.29472
 -1.90500 -22.20485
 -1.90542 -22.17819
 -1.92416 -22.16416
 -1.94916 -22.16847
 -1.97028 -22.17666
 -2.13416 -22.22472
 -2.35861 -22.28500
 -2.38903 -22.29250
 -2.42639 -22.29472
 -2.45166 -22.28208
 -2.46584 -22.25792
 -2.45861 -22.21958
 -2.44125 -22.19347
 -2.41750 -22.18375
 -2.38528 -22.18833
 -2.36000 -22.19472
 -2.32986 -22.19500
 -2.30750 -22.18819
 -2.29084 -22.17611
 -2.27639 -22.14597
 -2.28736 -22.12236
 -2.32028 -22.09111
 -2.36472 -22.05514
 -2.38153 -22.02777
 -2.39722 -21.98389
 -2.42139 -21.94653
 -2.49060 -21.89883
 -2.49695 -21.88888
 -2.52922 -21.82688
 -2.45861 -21.68555
 -2.40695 -21.59500
 -2.38611 -21.57027
 -2.36972 -21.46416
 -2.47569 -21.44736
 -2.51069 -21.28083
 -2.51278 -21.24555
 -2.51305 -21.17527
 -2.51139 -21.15445
 -2.48896 -21.00686
 -2.44361 -21.00555
 -2.40139 -21.00305
 -2.37611 -20.99195
 -2.22778 -20.86584
 -2.15805 -20.80639
 -2.07111 -20.73361
 -2.04584 -20.71305
 -2.01584 -20.69527
 -2.00055 -20.67945
 -2.03847 -20.52875
 -2.05458 -20.50278
 -2.06834 -20.48277
 -2.08375 -20.45097
 -2.08889 -20.42458
 -2.08416 -20.40139
 -2.03264 -20.27486
 -1.99292 -20.25153
 -1.97069 -20.23305
 -1.94986 -20.19264
 -1.94500 -20.17250
 -1.94084 -20.12250
 -1.94028 -20.09833
 -1.94305 -20.07305
 -1.94722 -20.04639
 -1.94945 -20.01000
 -1.94305 -19.95250
 -1.93264 -19.91375
 -1.90250 -19.88805
 -1.80945 -19.84889
 -1.78055 -19.83805
 -1.71084 -19.81777
 -1.69069 -19.80195
 -1.65666 -19.72833
 -1.67222 -19.70235
 -1.69569 -19.67833
 -1.71416 -19.66389
 -1.74084 -19.64611
 -1.77139 -19.62903
 -1.79389 -19.60750
 -1.80319 -19.57021
 -1.78250 -19.51347
 -1.76000 -19.51334
 -1.73278 -19.51111
 -1.63472 -19.48778
 -1.60153 -19.47695
 -1.58195 -19.46722
 -1.53945 -19.44195
 -1.50334 -19.41666
 -1.46222 -19.38445
 -1.43472 -19.36722
 -1.41000 -19.35555
 -1.34778 -19.33027
 -1.30945 -19.31916
 -1.23666 -19.26500
 -1.20875 -19.23195
 -1.18889 -19.21305
 -1.14555 -19.18222
 -0.98945 -19.08111
 -0.95528 -19.07250
 -0.91334 -19.06639
 -0.88528 -19.06514
 -0.84958 -19.06264
 -0.79472 -19.04305
 -0.76292 -19.02555
 -0.73965 -18.98465
 -0.77695 -18.96250
 -0.80305 -18.95778
 -0.82875 -18.94097
 -0.84416 -18.92388
 -0.87028 -18.88277
 -0.87972 -18.85666
 -0.89208 -18.82527
 -0.91195 -18.80403
 -0.93055 -18.79500
 -0.95958 -18.79195
 -1.01514 -18.79542
 -1.03472 -18.80334
 -1.06250 -18.82153
 -1.08195 -18.84222
 -1.10445 -18.86361
 -1.13805 -18.87958
 -1.15916 -18.87111
 -1.21722 -18.82584
 -1.23236 -18.80291
 -1.23819 -18.77583
 -1.23889 -18.75389
 -1.23250 -18.69319
 -1.23416 -18.67305
 -1.24125 -18.64042
 -1.26292 -18.58666
 -1.26750 -18.55028
 -1.26653 -18.51722
 -1.26139 -18.49416
 -1.25250 -18.47084
 -1.21986 -18.41916
 -1.15805 -18.35750
 -1.14000 -18.26388
 -1.13389 -18.22222
 -1.12972 -18.19055
 -1.13514 -18.14430
 -1.18416 -18.12555
 -1.21000 -18.11111
 -1.25805 -18.07195
 -1.27861 -18.05222
 -1.31222 -18.01805
 -1.34778 -17.97055
 -1.36000 -17.95416
 -1.37500 -17.93083
 -1.39305 -17.89111
 -1.40195 -17.84666
 -1.40666 -17.81861
 -1.43000 -17.74945
 -1.50528 -17.56361
 -1.51889 -17.53472
 -1.53416 -17.50611
 -1.67111 -17.27389
 -1.70805 -17.21139
 -1.73334 -17.17027
 -1.76695 -17.12583
 -1.81361 -16.99695
 -1.81000 -16.97555
 -1.80389 -16.93584
 -1.79222 -16.85445
 -1.78945 -16.82416
 -1.80597 -16.80945
 -1.83611 -16.81735
 -1.86389 -16.87472
 -1.88403 -16.89445
 -1.91500 -16.89889
 -2.00055 -16.90084
 -2.00055 -16.62334
 -1.96361 -16.60416
 -1.92250 -16.58027
 -1.87861 -16.54458
 -1.86246 -16.52844
 -1.85334 -16.53277
 -1.83028 -16.54416
 -1.72445 -16.60361
 -1.68639 -16.62750
 -1.64000 -16.65680
 -1.59889 -16.66945
 -1.59131 -16.67136
 -1.57278 -16.67805
 -1.48889 -16.71111
 -1.46972 -16.71972
 -1.43361 -16.73861
 -1.41111 -16.75055
 -1.32445 -16.80153
 -1.25445 -16.86195
 -1.23666 -16.87861
 -1.17361 -16.94639
 -1.15389 -16.96805
 -1.06834 -17.12195
 -1.05424 -17.15916
 -1.04472 -17.21250
 -1.03945 -17.24889
 -1.03445 -17.27125
 -1.02069 -17.29861
 -1.00416 -17.32305
 -0.94111 -17.39777
 -0.77972 -17.54889
 -0.76381 -17.55830
 -0.69514 -17.61861
 -0.60375 -17.68180
 -0.57472 -17.69750
 -0.54472 -17.71222
 -0.51000 -17.72195
 -0.44972 -17.73611
 -0.41334 -17.74139
 -0.37639 -17.74583
 -0.33916 -17.74236
 -0.31695 -17.73666
 -0.25945 -17.71527
 -0.22695 -17.71000
 -0.20403 -17.70916
 -0.17416 -17.71000
 -0.14208 -17.71569
 -0.11472 -17.72611
 -0.06416 -17.74305
 0.01834 -17.77027
 0.11945 -17.79653
 0.14361 -17.80195
 0.21889 -17.83972
 0.25750 -17.87305
 0.30111 -17.91250
 0.32334 -17.93111
 0.34278 -17.94583
 0.36986 -17.95597
 0.39972 -17.96111
 0.45305 -17.96833
 0.47500 -17.96653
 0.55750 -17.92215
 0.60000 -17.89500
 0.68750 -17.88958
 0.74236 -17.90375
 0.79639 -17.90762
 0.82889 -17.90583
 0.86305 -17.89930
 0.89931 -17.88930
 0.93329 -17.88159
 0.97055 -17.87555
 0.99236 -17.87361
 1.02986 -17.87735
 1.05305 -17.88500
 1.08028 -17.89889
 1.11514 -17.92555
 1.13958 -17.93875
 1.17389 -17.95250
 1.24555 -17.97888
 1.52889 -18.07027
 1.56334 -18.07569
 1.66889 -18.07861
 1.72889 -18.07777
 1.75695 -18.07305
 1.87500 -18.06528
 2.03639 -18.07250
 2.06695 -18.07500
 2.22243 -18.09187
 2.28055 -18.11055
 2.30181 -18.12680
 2.32736 -18.16250
 2.38861 -18.20695
 2.41597 -18.22375
 2.45778 -18.22722
 2.49055 -18.22736
 2.52174 -18.23708
 2.54903 -18.27458
 2.56375 -18.30055
 2.57750 -18.31722
 2.61278 -18.34278
 2.70166 -18.38277
 2.77611 -18.41333
 2.91584 -18.47000
 3.07629 -18.54085
 3.08972 -18.55916
 3.10305 -18.57972
 3.11861 -18.59805
 3.13805 -18.61583
 3.20750 -18.64180
 3.31847 -18.64361
 3.45361 -18.63235
 3.47945 -18.62495
 3.54945 -18.61861
 3.66611 -18.59833
 3.70084 -18.59250
 3.72584 -18.59069
 3.76916 -18.59500
 3.86695 -18.61055
 3.96722 -18.64333
 3.99305 -18.64819
 4.02750 -18.64708
 4.05389 -18.64389
 4.13472 -18.63027
 4.22875 -18.59250
 4.26097 -18.56736
 4.28834 -18.54375
 4.31166 -18.53576
 4.34000 -18.54445
 4.36181 -18.56722
 4.37007 -18.59104
 4.35424 -18.62875
 4.36722 -18.70750
 4.37889 -18.73305
 4.39055 -18.75166
 4.41528 -18.77125
 4.46028 -18.79389
 4.48472 -18.80361
 4.54375 -18.82250
 4.57778 -18.83945
 4.71222 -18.95555
 4.74055 -18.98792
 4.81500 -19.02861
 4.88965 -19.06416
 4.91472 -19.08542
 4.93250 -19.10639
 4.94424 -19.18541
 4.96916 -19.20777
 4.99986 -19.22792
 5.13104 -19.41590
 5.15055 -19.55722
 5.14278 -19.64930
 5.13666 -19.70048
 5.11834 -19.76000
 5.09986 -19.81264
 5.08451 -19.84139
 5.06185 -19.85811
 5.01166 -19.88042
 4.99514 -19.90139
 4.98722 -19.92722
 4.98445 -19.95166
 4.98375 -19.97805
 4.97722 -20.00208
 4.87222 -20.17834
 4.76750 -20.33930
 4.61931 -20.45798
 4.52379 -20.45330
 4.52238 -20.45278
 4.49889 -20.47666
 4.41750 -20.57195
 4.40798 -20.59979
 4.42666 -20.71527
 4.44889 -20.83555
 4.44528 -20.87389
 4.43250 -20.96986
 4.40889 -21.03445
 4.38924 -21.07792
 4.35028 -21.10326
 4.30555 -21.16375
 4.28889 -21.20861
 4.24722 -21.51388
 4.24625 -21.54826
 4.25528 -21.57639
 4.27195 -21.59708
 4.29250 -21.63069
 4.29916 -21.65514
 4.29569 -21.73666
 4.26527 -21.83083
 4.24639 -21.98695
 4.22527 -22.03735
 4.21584 -22.09750
 4.20403 -22.11945
 4.17632 -22.15097
 4.15555 -22.19305
 4.14861 -22.21319
 4.13653 -22.25195
 4.12945 -22.28555
 4.12750 -22.34666
 4.12826 -22.38645
 4.13445 -22.42153
 4.14458 -22.45360
 4.11361 -22.53722
 4.10472 -22.55542
 4.08416 -22.58528
 3.98778 -22.71416
 3.91153 -22.76347
 3.88597 -22.79764
 3.85958 -22.85555
 3.85035 -22.89333
 3.86834 -22.96472
 3.88722 -23.08416
 3.89584 -23.14403
 3.88195 -23.20195
 3.86055 -23.23555
 3.84764 -23.25174
 3.81045 -23.36038
 3.83208 -23.39729
 3.81625 -23.51416
 3.76639 -23.50097
 3.73834 -23.48695
 3.62958 -23.38805
 3.61250 -23.36292
 3.61014 -23.33903
 3.63819 -23.30750
 3.67611 -23.18819
 3.67431 -23.16527
 3.65361 -23.13695
 3.63361 -23.12111
 3.57972 -23.07445
 3.55153 -23.04333
 3.53715 -23.00701
 3.53625 -22.96000
 3.54805 -22.92861
 3.44834 -22.67014
 3.41805 -22.64083
 3.38889 -22.62361
 3.36222 -22.62500
 3.34222 -22.62945
 3.32111 -22.64985
 3.31042 -22.67389
 3.30055 -22.73055
 3.29361 -22.75305
 3.27653 -22.78222
 3.25334 -22.79834
 3.22361 -22.80069
 3.15000 -22.78945
 3.13028 -22.78527
 3.10764 -22.77985
 3.06389 -22.77972
 3.03722 -22.78250
 3.01445 -22.79277
 3.00014 -22.80930
 2.99319 -22.83361
 3.00681 -22.85792
 3.02819 -22.87916
 3.06028 -22.90195
 3.12334 -22.95389
 3.14250 -22.97583
 3.16166 -23.00111
 3.16931 -23.01972
 3.17292 -23.04472
 3.16375 -23.06722
 3.14111 -23.08375
 3.11375 -23.08334
 3.07750 -23.07527
 2.92750 -23.02527
 2.79416 -22.99916
 2.67472 -22.96215
 2.64111 -22.96931
 2.55805 -23.03805
 2.52611 -23.07069
 2.51222 -23.09597
 2.50389 -23.12083
 2.50222 -23.14472
 2.51555 -23.21555
 2.52278 -23.23861
 2.53195 -23.28500
 2.53528 -23.30805
 2.53264 -23.33930
 2.51875 -23.36569
 2.49611 -23.38555
 2.46555 -23.40750
 2.45195 -23.42250
 2.43611 -23.44722
 2.41778 -23.49055
 2.40055 -23.52889
 2.38958 -23.54847
 2.33597 -23.62139
 2.29847 -23.63916
 2.24584 -23.64666
 2.19250 -23.65139
 2.18181 -23.63430
 2.18555 -23.60500
 2.19555 -23.57653
 2.21222 -23.54666
 2.22250 -23.51403
 2.25097 -23.36055
 2.24861 -23.33695
 2.23166 -23.31222
 2.18222 -23.25195
 2.14347 -23.19403
 2.10750 -23.12945
 2.09584 -23.10611
 2.09458 -23.08403
 2.10416 -23.06111
 2.13361 -23.03000
 2.16125 -23.00638
 2.18319 -22.97930
 2.15805 -22.95250
 2.12945 -22.93889
 2.09639 -22.91222
 2.06778 -22.88472
 2.04584 -22.86084
 2.03000 -22.83750
 2.01097 -22.75445
 2.04000 -22.69485
 2.06250 -22.68014
 2.09840 -22.66021
 2.12105 -22.59951
 2.10403 -22.57153
 2.08042 -22.57695
 2.05472 -22.58764
 1.98278 -22.55305
 1.95750 -22.53805
 1.90889 -22.51431
 1.87945 -22.50638
 1.82666 -22.49805
 1.77389 -22.49333
 1.74139 -22.48889
 1.70695 -22.47834
 1.68764 -22.46945
 1.65805 -22.44611
 1.62916 -22.41319
 1.60889 -22.38445
 1.59666 -22.36055
 1.58000 -22.33445
 1.55750 -22.31111
 1.53416 -22.29750
 1.50166 -22.28882
 1.50472 -22.32416
 1.49584 -22.38305
 1.48972 -22.41527
 1.47861 -22.44334
 1.43278 -22.53861
 1.36166 -22.62416
 1.12861 -22.74361
 1.03472 -22.78472
 0.95111 -22.81195
 0.72861 -22.85055
 0.67111 -22.86138
1 644 -2.11084 5.38069 -31.3028 -22.2888 'Haut-Zaire (Congo, DRC)'
 -0.56805 -27.72666
 -0.56722 -27.71583
 -0.56055 -27.69166
 -0.55305 -27.66861
 -0.51722 -27.56027
 -0.49222 -27.49555
 -0.48166 -27.34611
 -0.42972 -27.17250
 -0.41195 -27.13222
 -0.37195 -27.09000
 -0.35500 -27.07277
 -0.33528 -27.06222
 -0.26166 -26.96277
 -0.23028 -26.88583
 -0.22055 -26.82889
 -0.26055 -26.81139
 -0.28028 -26.74945
 -0.30931 -26.64222
 -0.33535 -26.61500
 -0.36445 -26.57042
 -0.37153 -26.47264
 -0.36389 -26.45292
 -0.24778 -26.33334
 -0.22834 -26.32542
 -0.19472 -26.31090
 -0.10305 -26.19388
 -0.09069 -26.17014
 -0.08834 -26.14389
 -0.15305 -26.08750
 -0.17584 -26.09889
 -0.30695 -26.24805
 -0.34861 -26.30611
 -0.38584 -26.36028
 -0.41861 -26.39111
 -0.44361 -26.40277
 -0.46834 -26.40250
 -0.49403 -26.38680
 -0.51861 -26.35750
 -0.56778 -26.29819
 -0.59166 -26.27695
 -0.61639 -26.26445
 -0.64097 -26.26236
 -0.74555 -26.27750
 -0.77500 -26.28222
 -0.84514 -26.29277
 -0.87153 -26.29084
 -0.89528 -26.27847
 -0.91639 -26.25375
 -0.93250 -26.22195
 -0.94389 -26.19166
 -0.95000 -26.16708
 -0.97695 -26.15055
 -1.01264 -26.14416
 -1.05945 -26.13888
 -1.08111 -26.13750
 -1.18195 -26.13750
 -1.22181 -26.13903
 -1.25736 -26.12653
 -1.48087 -26.01277
 -1.49125 -25.97333
 -1.48445 -25.93389
 -1.43431 -25.89659
 -1.38890 -25.85815
 -1.41916 -25.85500
 -1.51347 -25.85063
 -1.55028 -25.85527
 -1.57278 -25.86042
 -1.63181 -25.86083
 -1.81875 -25.83666
 -1.85966 -25.81207
 -1.87931 -25.70611
 -1.87639 -25.67305
 -1.86458 -25.65235
 -1.85055 -25.62361
 -1.84445 -25.59527
 -1.84805 -25.57222
 -1.86139 -25.53861
 -1.88278 -25.50916
 -1.90014 -25.48930
 -2.00861 -25.38666
 -2.03611 -25.36611
 -2.07000 -25.33764
 -2.08889 -25.31527
 -2.10334 -25.27416
 -2.10805 -25.24945
 -2.11084 -25.21389
 -2.11069 -25.16139
 -2.09257 -25.06903
 -2.06243 -25.05861
 -2.01945 -25.07403
 -1.99605 -25.07006
 -1.93348 -25.01276
 -1.93305 -24.96722
 -1.93750 -24.92528
 -1.94222 -24.90222
 -1.95528 -24.76833
 -1.94639 -24.51083
 -1.93895 -24.45043
 -1.81750 -24.43278
 -1.78679 -24.42140
 -1.69916 -24.41083
 -1.64722 -24.40333
 -1.60805 -24.39416
 -1.56416 -24.38277
 -1.53139 -24.37305
 -1.39847 -24.30764
 -1.38305 -24.28666
 -1.38195 -24.24277
 -1.38666 -24.20389
 -1.39028 -24.15305
 -1.38889 -24.12916
 -1.38202 -24.09638
 -1.36750 -24.05861
 -1.35334 -24.03250
 -1.31042 -23.95500
 -1.29431 -23.93042
 -1.27028 -23.90084
 -1.19555 -23.82416
 -1.10861 -23.74945
 -1.08334 -23.72972
 -1.04361 -23.66584
 -1.02445 -23.62945
 -1.01181 -23.59805
 -0.99916 -23.56722
 -0.98028 -23.53361
 -0.88528 -23.42666
 -0.84361 -23.38639
 -0.80166 -23.35777
 -0.74472 -23.42195
 -0.72195 -23.45208
 -0.69889 -23.48555
 -0.68931 -23.50347
 -0.67889 -23.53416
 -0.67125 -23.56819
 -0.66639 -23.59555
 -0.65264 -23.61930
 -0.63000 -23.62472
 -0.59945 -23.58445
 -0.58028 -23.56166
 -0.55778 -23.54445
 -0.53028 -23.52527
 -0.49945 -23.50750
 -0.45528 -23.48250
 -0.43750 -23.46236
 -0.43819 -23.43972
 -0.44750 -23.40834
 -0.45778 -23.38500
 -0.47361 -23.34722
 -0.48305 -23.32111
 -0.49055 -23.29500
 -0.49528 -23.26916
 -0.49000 -23.24958
 -0.45834 -23.23416
 -0.43042 -23.22292
 -0.42139 -23.18000
 -0.42000 -23.14027
 -0.41805 -23.09083
 -0.41111 -23.00945
 -0.40639 -22.97027
 -0.30555 -23.09166
 -0.28326 -23.12659
 -0.27750 -23.16153
 -0.29250 -23.20847
 -0.31278 -23.25916
 -0.31695 -23.28695
 -0.26389 -23.39445
 -0.24181 -23.41195
 -0.19958 -23.40416
 -0.14861 -23.37195
 0.03584 -23.24639
 0.09195 -23.19861
 0.21250 -23.10945
 0.34945 -23.01083
 0.37500 -22.99361
 0.40681 -22.97583
 0.47834 -22.94555
 0.50639 -22.93945
 0.63111 -22.89027
 0.67111 -22.86138
 0.72861 -22.85055
 0.95111 -22.81195
 1.03472 -22.78472
 1.12861 -22.74361
 1.36166 -22.62416
 1.43278 -22.53861
 1.47861 -22.44334
 1.48972 -22.41527
 1.49584 -22.38305
 1.50472 -22.32416
 1.50166 -22.28882
 1.53416 -22.29750
 1.55750 -22.31111
 1.58000 -22.33445
 1.59666 -22.36055
 1.60889 -22.38445
 1.62916 -22.41319
 1.65805 -22.44611
 1.68764 -22.46945
 1.70695 -22.47834
 1.74139 -22.48889
 1.77389 -22.49333
 1.82666 -22.49805
 1.87945 -22.50638
 1.90889 -22.51431
 1.95750 -22.53805
 1.98278 -22.55305
 2.05472 -22.58764
 2.08042 -22.57695
 2.10403 -22.57153
 2.12105 -22.59951
 2.09840 -22.66021
 2.06250 -22.68014
 2.04000 -22.69485
 2.01097 -22.75445
 2.03000 -22.83750
 2.04584 -22.86084
 2.06778 -22.88472
 2.09639 -22.91222
 2.12945 -22.93889
 2.15805 -22.95250
 2.18319 -22.97930
 2.16125 -23.00638
 2.13361 -23.03000
 2.10416 -23.06111
 2.09458 -23.08403
 2.09584 -23.10611
 2.10750 -23.12945
 2.14347 -23.19403
 2.18222 -23.25195
 2.23166 -23.31222
 2.24861 -23.33695
 2.25097 -23.36055
 2.22250 -23.51403
 2.21222 -23.54666
 2.19555 -23.57653
 2.18555 -23.60500
 2.18181 -23.63430
 2.19250 -23.65139
 2.24584 -23.64666
 2.29847 -23.63916
 2.33597 -23.62139
 2.38958 -23.54847
 2.40055 -23.52889
 2.41778 -23.49055
 2.43611 -23.44722
 2.45195 -23.42250
 2.46555 -23.40750
 2.49611 -23.38555
 2.51875 -23.36569
 2.53264 -23.33930
 2.53528 -23.30805
 2.53195 -23.28500
 2.52278 -23.23861
 2.51555 -23.21555
 2.50222 -23.14472
 2.50389 -23.12083
 2.51222 -23.09597
 2.52611 -23.07069
 2.55805 -23.03805
 2.64111 -22.96931
 2.67472 -22.96215
 2.79416 -22.99916
 2.92750 -23.02527
 3.07750 -23.07527
 3.11375 -23.08334
 3.14111 -23.08375
 3.16375 -23.06722
 3.17292 -23.04472
 3.16931 -23.01972
 3.16166 -23.00111
 3.14250 -22.97583
 3.12334 -22.95389
 3.06028 -22.90195
 3.02819 -22.87916
 3.00681 -22.85792
 2.99319 -22.83361
 3.00014 -22.80930
 3.01445 -22.79277
 3.03722 -22.78250
 3.06389 -22.77972
 3.10764 -22.77985
 3.13028 -22.78527
 3.15000 -22.78945
 3.22361 -22.80069
 3.25334 -22.79834
 3.27653 -22.78222
 3.29361 -22.75305
 3.30055 -22.73055
 3.31042 -22.67389
 3.32111 -22.64985
 3.34222 -22.62945
 3.36222 -22.62500
 3.38889 -22.62361
 3.41805 -22.64083
 3.44834 -22.67014
 3.54805 -22.92861
 3.53625 -22.96000
 3.53715 -23.00701
 3.55153 -23.04333
 3.57972 -23.07445
 3.63361 -23.12111
 3.65361 -23.13695
 3.67431 -23.16527
 3.67611 -23.18819
 3.63819 -23.30750
 3.61014 -23.33903
 3.61250 -23.36292
 3.62958 -23.38805
 3.73834 -23.48695
 3.76639 -23.50097
 3.81625 -23.51416
 3.83208 -23.39729
 3.81045 -23.36038
 3.84764 -23.25174
 3.86055 -23.23555
 3.88195 -23.20195
 3.89584 -23.14403
 3.88722 -23.08416
 3.86834 -22.96472
 3.85035 -22.89333
 3.85958 -22.85555
 3.88597 -22.79764
 3.91153 -22.76347
 3.98778 -22.71416
 4.08416 -22.58528
 4.10472 -22.55542
 4.11361 -22.53722
 4.14458 -22.45360
 4.17889 -22.49722
 4.21924 -22.53826
 4.33195 -22.57027
 4.41166 -22.58722
 4.45334 -22.58805
 4.47431 -22.59930
 4.48722 -22.62875
 4.48278 -22.66111
 4.47986 -22.68368
 4.57278 -22.72597
 4.65389 -22.75445
 4.71243 -22.78028
 4.72313 -22.84757
 4.82014 -22.89333
 4.83118 -22.97069
 4.79277 -22.99750
 4.74958 -23.01680
 4.70750 -23.09882
 4.68195 -23.21194
 4.60007 -23.32590
 4.58805 -23.38250
 4.59375 -23.42451
 4.63181 -23.42958
 4.65048 -23.43972
 4.73236 -23.57972
 4.81937 -23.82666
 4.82389 -23.88861
 4.90166 -24.06305
 4.94195 -24.19166
 4.95889 -24.23972
 5.00889 -24.36750
 5.03528 -24.39792
 5.05701 -24.35735
 5.11215 -24.38729
 5.10542 -24.45945
 5.09843 -24.47622
 5.07722 -24.52555
 5.02201 -24.60500
 4.97305 -24.64277
 4.91084 -24.73445
 4.91528 -24.77777
 4.93889 -24.81834
 4.98584 -24.95083
 4.98750 -24.97416
 4.98264 -24.99569
 4.97361 -25.08972
 4.99584 -25.18195
 5.00695 -25.22777
 5.02500 -25.29000
 5.04145 -25.31618
 5.11166 -25.34361
 5.14285 -25.34868
 5.15319 -25.32861
 5.17528 -25.31042
 5.19611 -25.31222
 5.26334 -25.33916
 5.31472 -25.36195
 5.38069 -25.54014
 5.36486 -25.58458
 5.30527 -25.63555
 5.28305 -25.71555
 5.23639 -25.81555
 5.19250 -25.89166
 5.17861 -25.91139
 5.19069 -26.02805
 5.19750 -26.06555
 5.20666 -26.08958
 5.23416 -26.10861
 5.24916 -26.12750
 5.23278 -26.19750
 5.13278 -26.39389
 5.08819 -26.44611
 5.05916 -26.46271
 5.04555 -26.49472
 5.04195 -26.52084
 5.06861 -26.62083
 5.08805 -26.68027
 5.09250 -26.71555
 5.08764 -26.75840
 5.05805 -26.79305
 5.03097 -26.86945
 5.06611 -26.88472
 5.10305 -26.90834
 5.14361 -26.94153
 5.17778 -27.00861
 5.18584 -27.02750
 5.20111 -27.06666
 5.20347 -27.09027
 5.19500 -27.14208
 5.12361 -27.31333
 5.08458 -27.40235
 5.06972 -27.42458
 5.01639 -27.45527
 4.94361 -27.52444
 4.89618 -27.66021
 4.78777 -27.76889
 4.75750 -27.78291
 4.69740 -27.77771
 4.66611 -27.77166
 4.60014 -27.78945
 4.55708 -27.86527
 4.55111 -27.92972
 4.50222 -28.02805
 4.43278 -28.08445
 4.34785 -28.20111
 4.29000 -28.36305
 4.33084 -28.47722
 4.35000 -28.48833
 4.37305 -28.50584
 4.40195 -28.58472
 4.41681 -28.63347
 4.42542 -28.65250
 4.45584 -28.67277
 4.48458 -28.68777
 4.51097 -28.69340
 4.53750 -28.71250
 4.55736 -28.78250
 4.51910 -28.80361
 4.49708 -28.80291
 4.48271 -28.82743
 4.47778 -28.89027
 4.48382 -28.97722
 4.49698 -29.01145
 4.41222 -29.13138
 4.38611 -29.15945
 4.34208 -29.21027
 4.34611 -29.24361
 4.39000 -29.32500
 4.52555 -29.43278
 4.59195 -29.46416
 4.63472 -29.46653
 4.66389 -29.46777
 4.68354 -29.49424
 4.65611 -29.61472
 4.64361 -29.64333
 4.61750 -29.69861
 4.55903 -29.81354
 4.49611 -29.80639
 4.46889 -29.80000
 4.43305 -29.79250
 4.37535 -29.79916
 4.34687 -29.83875
 4.29139 -29.95945
 4.23389 -29.98778
 4.13139 -30.06180
 4.12236 -30.07972
 4.11681 -30.11951
 4.09958 -30.14805
 4.03972 -30.16666
 3.96166 -30.20777
 3.95528 -30.24305
 3.95931 -30.27521
 3.94028 -30.33611
 3.92528 -30.36138
 3.88584 -30.43472
 3.86507 -30.49445
 3.87305 -30.52722
 3.86382 -30.55104
 3.70014 -30.58166
 3.66889 -30.58139
 3.64166 -30.57514
 3.61326 -30.56201
 3.60493 -30.59187
 3.61111 -30.63111
 3.63778 -30.73521
 3.66000 -30.78639
 3.52834 -30.84722
 3.49339 -30.85882
 3.52472 -30.90597
 3.51076 -30.92479
 3.41389 -30.93445
 3.32472 -30.88277
 3.29028 -30.85972
 3.24028 -30.82805
 3.13000 -30.78222
 3.05174 -30.76347
 3.02875 -30.77236
 3.01361 -30.80625
 2.96285 -30.85235
 2.88590 -30.87945
 2.84000 -30.87653
 2.78548 -30.85166
 2.73916 -30.81722
 2.67472 -30.78695
 2.60111 -30.75597
 2.47334 -30.73097
 2.44805 -30.72972
 2.33681 -30.88625
 2.34250 -30.91472
 2.36084 -30.92694
 2.40028 -30.93972
 2.41195 -30.96403
 2.40931 -30.98486
 2.39695 -31.00305
 2.32528 -31.06916
 2.22916 -31.20250
 2.16285 -31.29920
 2.12139 -31.30277
 1.98750 -31.20972
 1.76555 -31.03666
 1.61889 -30.84833
 1.50000 -30.69548
 1.47334 -30.67139
 1.32166 -30.54888
 1.24125 -30.48389
 1.21278 -30.45611
 1.20215 -30.43764
 1.19834 -30.37083
 1.16708 -30.27458
 1.13084 -30.23437
 1.06500 -30.21375
 1.04361 -30.21931
 0.99445 -30.21736
 0.90910 -30.15555
 0.89521 -30.13118
 0.89334 -30.08639
 0.87472 -30.03611
 0.86666 -30.01583
 0.85055 -29.99084
 0.84671 -29.98673
 0.85528 -29.96555
 0.87250 -29.93111
 0.88611 -29.90528
 0.90361 -29.88985
 0.96389 -29.85514
 0.94445 -29.80389
 0.93416 -29.78111
 0.88611 -29.67694
 0.82958 -29.57861
 0.81486 -29.55708
 0.81972 -29.51666
 0.83334 -29.48361
 0.85764 -29.43416
 0.85834 -29.40861
 0.81834 -29.37889
 0.79361 -29.36527
 0.76139 -29.35875
 0.72805 -29.37861
 0.71236 -29.40250
 0.70389 -29.43222
 0.69834 -29.45916
 0.68569 -29.47597
 0.66097 -29.47819
 0.63708 -29.45389
 0.62195 -29.42777
 0.61486 -29.40361
 0.61916 -29.37889
 0.64889 -29.33305
 0.65764 -29.31347
 0.68639 -29.17972
 0.68611 -29.15000
 0.66458 -29.10472
 0.62166 -29.05277
 0.61334 -29.01916
 0.61416 -28.97111
 0.62445 -28.88888
 0.62972 -28.85750
 0.63222 -28.82277
 0.62722 -28.75055
 0.62305 -28.72389
 0.60916 -28.66277
 0.60069 -28.63125
 0.59000 -28.59833
 0.58389 -28.57083
 0.59042 -28.54014
 0.60305 -28.51375
 0.63250 -28.47639
 0.66069 -28.45139
 0.70584 -28.41416
 0.72778 -28.39000
 0.73736 -28.37055
 0.74055 -28.34208
 0.71750 -28.15583
 0.70945 -28.10305
 0.70111 -28.06250
 0.68750 -28.01861
 0.67916 -27.99666
 0.66514 -27.96722
 0.61819 -27.92472
 0.59945 -27.90041
 0.59000 -27.87445
 0.58181 -27.82333
 0.58431 -27.78500
 0.57431 -27.74292
 0.55486 -27.73625
 0.49111 -27.84083
 0.48385 -27.87854
 0.49389 -27.91527
 0.47916 -27.99666
 0.46250 -28.01945
 0.42375 -28.04597
 0.23278 -28.09222
 0.10916 -28.10472
 0.08166 -28.09805
 0.01945 -28.08861
 -0.05139 -28.09735
 -0.12972 -28.11166
 -0.15181 -28.12042
 -0.19445 -28.11805
 -0.22889 -28.10639
 -0.25084 -28.09472
 -0.26861 -28.07764
 -0.28695 -28.04611
 -0.29889 -28.01861
 -0.31695 -27.96416
 -0.33403 -27.93875
 -0.36069 -27.91819
 -0.38681 -27.90695
 -0.41722 -27.89527
 -0.44611 -27.87680
 -0.47834 -27.85000
 -0.50695 -27.82166
 -0.53500 -27.78916
 -0.55361 -27.76305
 -0.56292 -27.74389
 -0.56805 -27.72666
2 393 -8.10778 -0.739655 -21.0069 -15.8905 'Bandundu (Congo, DRC)'
 -7.37902 -17.09526
 -7.33916 -17.06472
 -7.29736 -16.99458
 -7.19903 -16.94312
 -7.11250 -16.93500
 -7.06764 -16.95792
 -7.01792 -16.96979
 -6.89222 -16.93000
 -6.86389 -16.90312
 -6.85757 -16.87097
 -6.79223 -16.83416
 -6.68166 -16.78277
 -6.46723 -16.70805
 -6.40500 -16.68847
 -6.35500 -16.69361
 -6.19745 -16.72523
 -6.16847 -16.71569
 -6.13687 -16.68527
 -6.02722 -16.60611
 -5.98166 -16.60527
 -5.92166 -16.59611
 -5.90084 -16.57972
 -5.87584 -16.51416
 -5.85305 -16.36833
 -5.85222 -16.31972
 -5.85250 -16.21583
 -5.85639 -16.14305
 -5.85937 -16.10007
 -5.83847 -16.10916
 -5.81666 -16.13695
 -5.78805 -16.18042
 -5.69181 -16.22563
 -5.63875 -16.23708
 -5.60805 -16.23778
 -5.52695 -16.23083
 -5.44972 -16.22055
 -5.40834 -16.22111
 -5.36486 -16.22695
 -5.33445 -16.23361
 -5.26973 -16.25195
 -5.23861 -16.25889
 -5.21166 -16.26166
 -5.12778 -16.25000
 -5.10250 -16.25000
 -5.06792 -16.25236
 -5.02847 -16.26472
 -5.00278 -16.27726
 -4.99542 -16.27889
 -4.91195 -16.27611
 -4.88472 -16.27333
 -4.83084 -16.26166
 -4.79472 -16.25805
 -4.77681 -16.26708
 -4.75528 -16.28792
 -4.72500 -16.31305
 -4.70819 -16.32403
 -4.56861 -16.40361
 -4.54528 -16.41389
 -4.52625 -16.42500
 -4.50764 -16.44666
 -4.50834 -16.48291
 -4.46514 -16.51347
 -4.36250 -16.54972
 -4.29153 -16.54298
 -4.25834 -16.52750
 -4.09542 -16.38764
 -3.99584 -16.20666
 -3.98292 -16.17319
 -3.97666 -16.13972
 -3.97472 -16.11639
 -3.97542 -16.07222
 -3.98028 -16.04084
 -3.98555 -16.01416
 -3.98778 -15.98375
 -3.98389 -15.95430
 -3.97264 -15.93139
 -3.94301 -15.89050
 -3.88500 -15.92445
 -3.76639 -15.97916
 -3.60681 -16.05834
 -3.58778 -16.08430
 -3.56084 -16.10583
 -3.52166 -16.12861
 -3.41389 -16.18750
 -3.34834 -16.21916
 -3.32834 -16.22695
 -3.30250 -16.22708
 -3.28347 -16.21861
 -3.26389 -16.19695
 -3.13334 -16.18861
 -3.09611 -16.19334
 -3.00055 -16.19583
 -2.94202 -16.18753
 -2.93528 -16.18611
 -2.91166 -16.18222
 -2.87875 -16.18264
 -2.75305 -16.20277
 -2.72361 -16.20805
 -2.70208 -16.21403
 -2.52722 -16.21569
 -2.39458 -16.18805
 -2.35916 -16.18611
 -2.30695 -16.18389
 -2.24584 -16.18389
 -2.21416 -16.18722
 -2.18097 -16.19403
 -2.15889 -16.20695
 -2.11319 -16.24389
 -2.09084 -16.26972
 -2.04889 -16.33750
 -2.02389 -16.36750
 -1.98805 -16.40750
 -1.93750 -16.46222
 -1.88250 -16.51361
 -1.86246 -16.52844
 -1.87861 -16.54458
 -1.92250 -16.58027
 -1.96361 -16.60416
 -2.00055 -16.62334
 -2.00055 -16.90084
 -1.91500 -16.89889
 -1.88403 -16.89445
 -1.86389 -16.87472
 -1.83611 -16.81735
 -1.80597 -16.80945
 -1.78945 -16.82416
 -1.79222 -16.85445
 -1.80389 -16.93584
 -1.81000 -16.97555
 -1.81361 -16.99695
 -1.76695 -17.12583
 -1.73334 -17.17027
 -1.70805 -17.21139
 -1.67111 -17.27389
 -1.53416 -17.50611
 -1.51889 -17.53472
 -1.50528 -17.56361
 -1.43000 -17.74945
 -1.40666 -17.81861
 -1.40195 -17.84666
 -1.39305 -17.89111
 -1.37500 -17.93083
 -1.36000 -17.95416
 -1.34778 -17.97055
 -1.31222 -18.01805
 -1.27861 -18.05222
 -1.25805 -18.07195
 -1.21000 -18.11111
 -1.18416 -18.12555
 -1.13514 -18.14430
 -1.12972 -18.19055
 -1.13389 -18.22222
 -1.14000 -18.26388
 -1.15805 -18.35750
 -1.21986 -18.41916
 -1.25250 -18.47084
 -1.26139 -18.49416
 -1.26653 -18.51722
 -1.26750 -18.55028
 -1.26292 -18.58666
 -1.24125 -18.64042
 -1.23416 -18.67305
 -1.23250 -18.69319
 -1.23889 -18.75389
 -1.23819 -18.77583
 -1.23236 -18.80291
 -1.21722 -18.82584
 -1.15916 -18.87111
 -1.13805 -18.87958
 -1.10445 -18.86361
 -1.08195 -18.84222
 -1.06250 -18.82153
 -1.03472 -18.80334
 -1.01514 -18.79542
 -0.95958 -18.79195
 -0.93055 -18.79500
 -0.91195 -18.80403
 -0.89208 -18.82527
 -0.87972 -18.85666
 -0.87028 -18.88277
 -0.84416 -18.92388
 -0.82875 -18.94097
 -0.80305 -18.95778
 -0.77695 -18.96250
 -0.73965 -18.98465
 -0.76292 -19.02555
 -0.79472 -19.04305
 -0.84958 -19.06264
 -0.88528 -19.06514
 -0.91334 -19.06639
 -0.95528 -19.07250
 -0.98945 -19.08111
 -1.14555 -19.18222
 -1.18889 -19.21305
 -1.20875 -19.23195
 -1.23666 -19.26500
 -1.30945 -19.31916
 -1.34778 -19.33027
 -1.41000 -19.35555
 -1.43472 -19.36722
 -1.46222 -19.38445
 -1.50334 -19.41666
 -1.53945 -19.44195
 -1.58195 -19.46722
 -1.60153 -19.47695
 -1.63472 -19.48778
 -1.73278 -19.51111
 -1.76000 -19.51334
 -1.78250 -19.51347
 -1.80319 -19.57021
 -1.79389 -19.60750
 -1.77139 -19.62903
 -1.74084 -19.64611
 -1.71416 -19.66389
 -1.69569 -19.67833
 -1.67222 -19.70235
 -1.65666 -19.72833
 -1.69069 -19.80195
 -1.71084 -19.81777
 -1.78055 -19.83805
 -1.80945 -19.84889
 -1.90250 -19.88805
 -1.93264 -19.91375
 -1.94305 -19.95250
 -1.94945 -20.01000
 -1.94722 -20.04639
 -1.94305 -20.07305
 -1.94028 -20.09833
 -1.94084 -20.12250
 -1.94500 -20.17250
 -1.94986 -20.19264
 -1.97069 -20.23305
 -1.99292 -20.25153
 -2.03264 -20.27486
 -2.08416 -20.40139
 -2.08889 -20.42458
 -2.08375 -20.45097
 -2.06834 -20.48277
 -2.05458 -20.50278
 -2.03847 -20.52875
 -2.00055 -20.67945
 -2.01584 -20.69527
 -2.04584 -20.71305
 -2.07111 -20.73361
 -2.15805 -20.80639
 -2.22778 -20.86584
 -2.37611 -20.99195
 -2.40139 -21.00305
 -2.44361 -21.00555
 -2.48896 -21.00686
 -2.53611 -20.98111
 -2.56055 -20.96805
 -2.58861 -20.95916
 -2.61708 -20.95666
 -2.65639 -20.96055
 -2.68028 -20.95777
 -2.69958 -20.95042
 -2.72431 -20.93208
 -2.76389 -20.88916
 -2.79055 -20.86584
 -2.82347 -20.84361
 -2.84889 -20.82945
 -2.91111 -20.80277
 -2.93834 -20.79195
 -3.19722 -20.69250
 -3.28195 -20.66361
 -3.30722 -20.65611
 -3.34889 -20.65000
 -3.37695 -20.64805
 -3.50278 -20.64250
 -3.53445 -20.64195
 -3.59445 -20.64584
 -3.77861 -20.66361
 -4.06722 -20.67777
 -4.10805 -20.67750
 -4.13250 -20.67528
 -4.15166 -20.66916
 -4.19889 -20.61847
 -4.22278 -20.57333
 -4.25416 -20.50945
 -4.27334 -20.44583
 -4.36361 -20.35889
 -4.36916 -20.24166
 -4.32750 -20.20472
 -4.27986 -20.13097
 -4.27584 -20.11097
 -4.27805 -20.03889
 -4.30055 -20.03334
 -4.35202 -20.03986
 -4.37535 -20.05951
 -4.42778 -20.08805
 -4.49958 -20.11785
 -4.53722 -20.09972
 -4.54924 -20.08111
 -4.59889 -20.06153
 -4.68889 -20.05305
 -4.73916 -20.04972
 -4.77507 -20.05722
 -4.79834 -20.07514
 -5.09972 -20.17666
 -5.13666 -20.18695
 -5.15916 -20.19166
 -5.27361 -20.19639
 -5.31945 -20.16833
 -5.34639 -20.14944
 -5.41069 -20.14305
 -5.52278 -20.14445
 -5.54611 -20.14833
 -5.57313 -20.15785
 -5.61764 -20.17722
 -5.63972 -20.18097
 -5.68445 -20.18000
 -5.74611 -20.16458
 -5.83639 -20.11084
 -5.96319 -19.99911
 -5.98722 -19.96714
 -5.98778 -19.93940
 -6.00135 -19.88615
 -6.03111 -19.84027
 -6.15028 -19.69833
 -6.19334 -19.68882
 -6.45361 -19.71250
 -6.49945 -19.71945
 -6.53750 -19.72555
 -6.58208 -19.73930
 -6.60903 -19.75333
 -6.68445 -19.80500
 -6.70834 -19.82305
 -6.73166 -19.84222
 -6.75334 -19.86278
 -6.78584 -19.89139
 -6.82000 -19.91889
 -6.84250 -19.93250
 -6.88653 -19.94903
 -6.95000 -19.95916
 -6.97305 -19.96194
 -6.99555 -19.96277
 -6.99661 -19.53895
 -7.15236 -19.50292
 -7.17945 -19.49889
 -7.28695 -19.49014
 -7.31625 -19.49027
 -7.36972 -19.50222
 -7.43500 -19.52826
 -7.47750 -19.53062
 -7.56895 -19.46819
 -7.57278 -19.39930
 -7.57925 -19.37502
 -7.60111 -19.37250
 -7.61972 -19.38138
 -7.69247 -19.40139
 -7.76319 -19.38750
 -7.79069 -19.37347
 -7.81292 -19.36125
 -7.89319 -19.34930
 -7.91431 -19.35236
 -7.93528 -19.35889
 -7.99334 -19.37277
 -7.99945 -19.00166
 -7.99897 -18.79176
 -7.97236 -18.77305
 -7.93796 -18.76612
 -7.93708 -18.52695
 -7.95764 -18.51916
 -7.98903 -18.52555
 -8.00916 -18.40333
 -7.99750 -18.32972
 -7.99666 -18.19611
 -8.02862 -18.11257
 -8.08136 -18.10943
 -8.10711 -18.11542
 -8.10778 -18.04138
 -8.10708 -18.00486
 -8.08305 -17.97695
 -8.06153 -17.95277
 -8.04666 -17.92222
 -8.04236 -17.88972
 -8.06666 -17.75666
 -8.09278 -17.66027
 -8.09805 -17.63111
 -8.08305 -17.55527
 -8.08068 -17.55020
 -8.05361 -17.52555
 -8.00334 -17.50527
 -7.87666 -17.43833
 -7.85500 -17.41972
 -7.84584 -17.39069
 -7.75611 -17.30945
 -7.67945 -17.28361
 -7.51305 -17.18666
 -7.45278 -17.15111
 -7.42223 -17.10555
 -7.37902 -17.09526
3 303 -7.90486 -2.36972 -23.7406 -19.6888 'Kasai-Occidental (Congo, DRC)'
 -2.49060 -21.89883
 -2.50500 -21.91972
 -2.53278 -21.95375
 -2.55166 -21.96639
 -2.59479 -21.97479
 -2.63764 -21.97985
 -2.67458 -21.98736
 -2.69278 -21.99583
 -2.72416 -22.03222
 -2.75916 -22.06861
 -2.78986 -22.09458
 -2.81805 -22.11444
 -2.84055 -22.12889
 -2.91097 -22.16930
 -2.95834 -22.18680
 -2.99834 -22.19472
 -3.02403 -22.19153
 -3.07334 -22.17666
 -3.17111 -22.14250
 -3.22916 -22.12000
 -3.39750 -22.05083
 -3.43542 -22.03195
 -3.48097 -21.98458
 -3.50000 -21.97389
 -3.52278 -21.97055
 -3.55416 -21.96861
 -3.58389 -21.97041
 -3.60958 -21.97597
 -3.63556 -21.98972
 -3.65542 -22.01055
 -3.66555 -22.03291
 -3.67028 -22.06166
 -3.68097 -22.10486
 -3.69500 -22.12847
 -3.74084 -22.15416
 -3.76555 -22.16445
 -3.83445 -22.19111
 -3.87250 -22.20277
 -3.90055 -22.19666
 -3.91028 -22.17666
 -3.91069 -22.14527
 -3.90597 -22.10597
 -3.91208 -22.06889
 -3.92319 -22.04319
 -3.93916 -22.02805
 -3.96472 -22.01750
 -4.02931 -22.13403
 -4.03521 -22.16680
 -4.01361 -22.21445
 -3.99347 -22.25389
 -3.98834 -22.29888
 -4.05528 -22.35416
 -4.12055 -22.40458
 -4.13805 -22.42277
 -4.17500 -22.47000
 -4.18805 -22.48778
 -4.20500 -22.51472
 -4.21861 -22.55445
 -4.23111 -22.58305
 -4.24611 -22.61333
 -4.26389 -22.64000
 -4.28695 -22.67014
 -4.38055 -22.76334
 -4.42028 -22.79861
 -4.43889 -22.81333
 -4.47250 -22.83403
 -4.49069 -22.85764
 -4.49750 -22.87778
 -4.51445 -23.01139
 -4.52222 -23.10111
 -4.53028 -23.13138
 -4.56166 -23.14916
 -4.58555 -23.15750
 -4.68805 -23.17722
 -4.71195 -23.17945
 -4.74264 -23.17695
 -4.77090 -23.14764
 -4.78222 -23.11416
 -4.79055 -23.07389
 -4.81375 -22.99333
 -4.82805 -22.97777
 -4.87646 -22.95590
 -4.90722 -22.95250
 -4.95916 -22.95514
 -4.98514 -22.96319
 -5.00139 -22.97777
 -5.01389 -22.99361
 -5.02889 -23.01889
 -5.07028 -23.07027
 -5.09305 -23.09777
 -5.14653 -23.15625
 -5.19195 -23.19222
 -5.24555 -23.23235
 -5.25611 -23.26945
 -5.24916 -23.30792
 -5.22264 -23.37527
 -5.21347 -23.41403
 -5.22903 -23.43389
 -5.25445 -23.43972
 -5.27111 -23.45416
 -5.33861 -23.62055
 -5.38361 -23.73000
 -5.40695 -23.73653
 -5.47639 -23.74000
 -5.56305 -23.74055
 -5.60681 -23.73958
 -5.62202 -23.71354
 -5.61910 -23.66750
 -5.68472 -23.51750
 -5.70222 -23.49666
 -5.75195 -23.37750
 -5.74166 -23.28000
 -5.75945 -23.05472
 -5.76736 -23.00847
 -5.78125 -22.98542
 -5.82416 -22.96361
 -5.85319 -22.95389
 -5.92500 -22.95195
 -5.97472 -22.95389
 -6.00000 -22.95690
 -6.02334 -22.96222
 -6.06416 -22.97777
 -6.09555 -22.99569
 -6.13097 -23.02555
 -6.23861 -23.06639
 -6.47611 -22.98527
 -6.52111 -22.95861
 -6.56055 -22.93750
 -6.60021 -22.92319
 -6.63764 -22.92639
 -6.66111 -22.93472
 -6.68208 -22.95416
 -6.70014 -22.99055
 -6.71916 -23.01527
 -6.75250 -23.03889
 -6.79278 -23.05861
 -6.82166 -23.07903
 -6.83931 -23.10195
 -6.85611 -23.13834
 -6.86750 -23.16903
 -6.89000 -23.20000
 -6.93250 -23.23625
 -6.95611 -23.24680
 -7.01861 -23.22583
 -7.04584 -23.21361
 -7.07903 -23.20125
 -7.12945 -23.19000
 -7.16160 -23.20326
 -7.19528 -23.20945
 -7.33889 -23.21361
 -7.38223 -23.21305
 -7.42028 -23.20750
 -7.51584 -23.18653
 -7.54889 -23.18195
 -7.57528 -23.18000
 -7.67028 -23.17666
 -7.76805 -23.16389
 -7.79735 -23.15795
 -7.83084 -23.11264
 -7.84861 -23.07361
 -7.88111 -22.98083
 -7.89195 -22.94472
 -7.90486 -22.88208
 -7.88375 -22.73875
 -7.87319 -22.70305
 -7.85783 -22.67724
 -7.83775 -22.67080
 -7.77431 -22.65861
 -7.74889 -22.65069
 -7.72681 -22.63222
 -7.71834 -22.60653
 -7.72778 -22.58472
 -7.75028 -22.56389
 -7.78528 -22.51875
 -7.79605 -22.48527
 -7.81069 -22.25819
 -7.80916 -22.23750
 -7.80334 -22.18695
 -7.77895 -22.08645
 -7.75889 -22.03889
 -7.73778 -22.00597
 -7.71292 -21.98347
 -7.69916 -21.96527
 -7.64542 -21.82597
 -7.63555 -21.83305
 -7.59166 -21.85111
 -7.47695 -21.85972
 -7.36778 -21.84000
 -7.31195 -21.81277
 -7.28125 -21.77785
 -7.28222 -21.60305
 -7.28305 -21.20805
 -7.28362 -20.54872
 -7.24965 -20.53090
 -7.18055 -20.53347
 -7.11542 -20.54618
 -7.03084 -20.58777
 -6.97278 -20.61597
 -6.91388 -20.62975
 -6.91473 -20.33153
 -6.95111 -20.31750
 -6.97139 -20.31791
 -6.99472 -20.31139
 -6.99555 -19.96277
 -6.97305 -19.96194
 -6.95000 -19.95916
 -6.88653 -19.94903
 -6.84250 -19.93250
 -6.82000 -19.91889
 -6.78584 -19.89139
 -6.75334 -19.86278
 -6.73166 -19.84222
 -6.70834 -19.82305
 -6.68445 -19.80500
 -6.60903 -19.75333
 -6.58208 -19.73930
 -6.53750 -19.72555
 -6.49945 -19.71945
 -6.45361 -19.71250
 -6.19334 -19.68882
 -6.15028 -19.69833
 -6.03111 -19.84027
 -6.00135 -19.88615
 -5.98778 -19.93940
 -5.98722 -19.96714
 -5.96319 -19.99911
 -5.83639 -20.11084
 -5.74611 -20.16458
 -5.68445 -20.18000
 -5.63972 -20.18097
 -5.61764 -20.17722
 -5.57313 -20.15785
 -5.54611 -20.14833
 -5.52278 -20.14445
 -5.41069 -20.14305
 -5.34639 -20.14944
 -5.31945 -20.16833
 -5.27361 -20.19639
 -5.15916 -20.19166
 -5.13666 -20.18695
 -5.09972 -20.17666
 -4.79834 -20.07514
 -4.77507 -20.05722
 -4.73916 -20.04972
 -4.68889 -20.05305
 -4.59889 -20.06153
 -4.54924 -20.08111
 -4.53722 -20.09972
 -4.49958 -20.11785
 -4.42778 -20.08805
 -4.37535 -20.05951
 -4.35202 -20.03986
 -4.30055 -20.03334
 -4.27805 -20.03889
 -4.27584 -20.11097
 -4.27986 -20.13097
 -4.32750 -20.20472
 -4.36916 -20.24166
 -4.36361 -20.35889
 -4.27334 -20.44583
 -4.25416 -20.50945
 -4.22278 -20.57333
 -4.19889 -20.61847
 -4.15166 -20.66916
 -4.13250 -20.67528
 -4.10805 -20.67750
 -4.06722 -20.67777
 -3.77861 -20.66361
 -3.59445 -20.64584
 -3.53445 -20.64195
 -3.50278 -20.64250
 -3.37695 -20.64805
 -3.34889 -20.65000
 -3.30722 -20.65611
 -3.28195 -20.66361
 -3.19722 -20.69250
 -2.93834 -20.79195
 -2.91111 -20.80277
 -2.84889 -20.82945
 -2.82347 -20.84361
 -2.79055 -20.86584
 -2.76389 -20.88916
 -2.72431 -20.93208
 -2.69958 -20.95042
 -2.68028 -20.95777
 -2.65639 -20.96055
 -2.61708 -20.95666
 -2.58861 -20.95916
 -2.56055 -20.96805
 -2.53611 -20.98111
 -2.48896 -21.00686
 -2.51139 -21.15445
 -2.51305 -21.17527
 -2.51278 -21.24555
 -2.51069 -21.28083
 -2.47569 -21.44736
 -2.36972 -21.46416
 -2.38611 -21.57027
 -2.40695 -21.59500
 -2.45861 -21.68555
 -2.52922 -21.82688
 -2.49695 -21.88888
 -2.49060 -21.89883
4 168 -6.01666 -4.28278 -16.2773 -12.2146 'Bas-Zaire (Congo, DRC)'
 -5.00278 -16.27726
 -5.02847 -16.26472
 -5.06792 -16.25236
 -5.10250 -16.25000
 -5.12778 -16.25000
 -5.21166 -16.26166
 -5.23861 -16.25889
 -5.26973 -16.25195
 -5.33445 -16.23361
 -5.36486 -16.22695
 -5.40834 -16.22111
 -5.44972 -16.22055
 -5.52695 -16.23083
 -5.60805 -16.23778
 -5.63875 -16.23708
 -5.69181 -16.22563
 -5.78805 -16.18042
 -5.81666 -16.13695
 -5.83847 -16.10916
 -5.85937 -16.10007
 -5.86139 -15.92834
 -5.86972 -15.81264
 -5.85708 -15.68611
 -5.86278 -15.07639
 -5.87250 -14.85111
 -5.87802 -14.75847
 -5.88042 -14.71243
 -5.90805 -14.59639
 -5.89334 -14.34166
 -5.88555 -14.24277
 -5.86639 -14.08027
 -5.84861 -13.99750
 -5.83639 -13.97334
 -5.84084 -13.93861
 -5.86250 -13.75972
 -5.86479 -13.54104
 -5.85416 -13.51334
 -5.84847 -13.45861
 -5.85445 -13.40527
 -5.86139 -13.24500
 -5.85633 -13.17888
 -5.86916 -13.10792
 -5.84334 -12.99805
 -5.82771 -12.97479
 -5.81195 -12.89792
 -5.86097 -12.75819
 -5.91195 -12.72264
 -5.95076 -12.71424
 -5.97931 -12.65972
 -6.00695 -12.52472
 -6.01666 -12.43584
 -5.86472 -12.26500
 -5.81292 -12.23500
 -5.76855 -12.21455
 -5.75507 -12.22986
 -5.73666 -12.27458
 -5.73055 -12.36722
 -5.72528 -12.48500
 -5.72416 -12.52666
 -5.27361 -12.53527
 -5.11584 -12.53222
 -5.02181 -12.57222
 -4.99805 -12.60695
 -4.90743 -12.70951
 -4.87805 -12.71222
 -4.73750 -12.82055
 -4.71514 -12.85666
 -4.66847 -13.04222
 -4.66986 -13.07764
 -4.64611 -13.09264
 -4.63305 -13.09139
 -4.61945 -13.08778
 -4.57903 -13.09521
 -4.57361 -13.11945
 -4.58569 -13.14195
 -4.63097 -13.17569
 -4.65764 -13.18319
 -4.68195 -13.19305
 -4.88278 -13.41208
 -4.79319 -13.51479
 -4.77521 -13.50354
 -4.75309 -13.54347
 -4.77909 -13.57903
 -4.78166 -13.60035
 -4.72584 -13.69958
 -4.56222 -13.73945
 -4.53611 -13.74111
 -4.51055 -13.73958
 -4.47666 -13.72903
 -4.44834 -13.73027
 -4.42389 -13.78305
 -4.42195 -13.81527
 -4.43916 -13.85014
 -4.48944 -13.90547
 -4.49486 -13.96035
 -4.45334 -14.00834
 -4.30834 -14.30139
 -4.28334 -14.37222
 -4.28278 -14.40584
 -4.42931 -14.48708
 -4.45639 -14.47666
 -4.48834 -14.44639
 -4.51389 -14.41722
 -4.52458 -14.39347
 -4.55510 -14.36733
 -4.62500 -14.38361
 -4.75639 -14.41889
 -4.82722 -14.41166
 -4.87396 -14.41446
 -4.88722 -14.41889
 -4.84090 -14.48826
 -4.86181 -14.56277
 -4.88493 -14.58625
 -4.90715 -14.63875
 -4.90722 -14.66930
 -4.89264 -14.70611
 -4.81903 -14.83201
 -4.73778 -14.87527
 -4.70000 -14.89305
 -4.66945 -14.91083
 -4.64986 -14.92666
 -4.55931 -15.01542
 -4.52000 -15.07250
 -4.50208 -15.09250
 -4.45014 -15.13361
 -4.42356 -15.14944
 -4.45916 -15.17416
 -4.52278 -15.21527
 -4.55000 -15.23166
 -4.57611 -15.25083
 -4.61305 -15.28639
 -4.64125 -15.31666
 -4.65965 -15.34972
 -4.65389 -15.38834
 -4.63416 -15.40334
 -4.61014 -15.41014
 -4.58625 -15.40403
 -4.56306 -15.40819
 -4.54250 -15.42764
 -4.53139 -15.45028
 -4.52645 -15.48451
 -4.54945 -15.63611
 -4.68389 -15.75014
 -4.70708 -15.75458
 -4.84889 -15.72236
 -4.86972 -15.70445
 -4.87931 -15.68166
 -4.88195 -15.65819
 -4.88500 -15.63222
 -4.90389 -15.61584
 -4.92736 -15.62264
 -4.95139 -15.64319
 -4.98639 -15.68666
 -5.00416 -15.71555
 -5.01389 -15.73472
 -5.02139 -15.75805
 -5.02750 -15.78277
 -5.03222 -15.80861
 -5.03222 -15.83958
 -5.02125 -15.86555
 -4.99973 -15.88027
 -4.97389 -15.88611
 -4.91611 -15.89695
 -4.93861 -15.93000
 -4.95916 -15.95334
 -4.98250 -15.97805
 -5.00000 -16.00250
 -5.00278 -16.27726
5 99 -5.03222 -3.94301 -16.5497 -15.1494 'Kinshasa (Congo, DRC)'
 -4.30666 -15.27305
 -4.29584 -15.28430
 -4.27722 -15.32805
 -4.27832 -15.33262
 -4.28166 -15.35139
 -4.29042 -15.39125
 -4.29569 -15.41584
 -4.27292 -15.45139
 -4.25181 -15.46805
 -4.21764 -15.48584
 -4.17736 -15.48805
 -4.15329 -15.48312
 -4.14014 -15.48584
 -4.09639 -15.51611
 -4.07819 -15.52069
 -4.05819 -15.53527
 -4.03916 -15.56445
 -4.03195 -15.58445
 -3.99555 -15.69195
 -3.98611 -15.76805
 -3.97181 -15.83583
 -3.96055 -15.86222
 -3.95111 -15.88028
 -3.94301 -15.89050
 -3.97264 -15.93139
 -3.98389 -15.95430
 -3.98778 -15.98375
 -3.98555 -16.01416
 -3.98028 -16.04084
 -3.97542 -16.07222
 -3.97472 -16.11639
 -3.97666 -16.13972
 -3.98292 -16.17319
 -3.99584 -16.20666
 -4.09542 -16.38764
 -4.25834 -16.52750
 -4.29153 -16.54298
 -4.36250 -16.54972
 -4.46514 -16.51347
 -4.50834 -16.48291
 -4.50764 -16.44666
 -4.52625 -16.42500
 -4.54528 -16.41389
 -4.56861 -16.40361
 -4.70819 -16.32403
 -4.72500 -16.31305
 -4.75528 -16.28792
 -4.77681 -16.26708
 -4.79472 -16.25805
 -4.83084 -16.26166
 -4.88472 -16.27333
 -4.91195 -16.27611
 -4.99542 -16.27889
 -5.00278 -16.27726
 -5.00000 -16.00250
 -4.98250 -15.97805
 -4.95916 -15.95334
 -4.93861 -15.93000
 -4.91611 -15.89695
 -4.97389 -15.88611
 -4.99973 -15.88027
 -5.02125 -15.86555
 -5.03222 -15.83958
 -5.03222 -15.80861
 -5.02750 -15.78277
 -5.02139 -15.75805
 -5.01389 -15.73472
 -5.00416 -15.71555
 -4.98639 -15.68666
 -4.95139 -15.64319
 -4.92736 -15.62264
 -4.90389 -15.61584
 -4.88500 -15.63222
 -4.88195 -15.65819
 -4.87931 -15.68166
 -4.86972 -15.70445
 -4.84889 -15.72236
 -4.70708 -15.75458
 -4.68389 -15.75014
 -4.54945 -15.63611
 -4.52645 -15.48451
 -4.53139 -15.45028
 -4.54250 -15.42764
 -4.56306 -15.40819
 -4.58625 -15.40403
 -4.61014 -15.41014
 -4.63416 -15.40334
 -4.65389 -15.38834
 -4.65965 -15.34972
 -4.64125 -15.31666
 -4.61305 -15.28639
 -4.57611 -15.25083
 -4.55000 -15.23166
 -4.52278 -15.21527
 -4.45916 -15.17416
 -4.42356 -15.14944
 -4.35389 -15.19639
 -4.33403 -15.21805
 -4.30666 -15.27305
6 375 -5.00177 0.963891 -29.9867 -24.4504 'Kivu (Congo, DRC)'
 -3.27186 -29.23696
 -3.29035 -29.21445
 -3.31166 -29.20834
 -3.33361 -29.21361
 -3.38778 -29.22527
 -3.42278 -29.23195
 -3.45916 -29.23750
 -3.49611 -29.24195
 -3.59445 -29.24695
 -3.69292 -29.24014
 -3.71972 -29.23638
 -3.74334 -29.23250
 -3.75096 -29.22990
 -3.78965 -29.22375
 -3.88500 -29.23250
 -3.92084 -29.23861
 -3.94584 -29.25847
 -3.96028 -29.27500
 -3.98250 -29.29416
 -4.00500 -29.31305
 -4.03708 -29.33639
 -4.05486 -29.34625
 -4.13361 -29.37833
 -4.16805 -29.38903
 -4.19528 -29.39305
 -4.22889 -29.39445
 -4.29584 -29.39750
 -4.36916 -29.40750
 -4.44750 -29.42334
 -4.45584 -29.42694
 -4.50111 -29.43027
 -4.54507 -29.42972
 -4.57834 -29.42027
 -4.60334 -29.41111
 -4.63805 -29.39778
 -4.70166 -29.37180
 -4.72973 -29.35875
 -4.76334 -29.34777
 -4.79778 -29.34139
 -4.85028 -29.34083
 -4.88389 -29.34195
 -4.93042 -29.34791
 -4.95139 -29.35139
 -4.99528 -29.36305
 -5.00000 -29.36527
 -5.00000 -29.11358
 -5.00000 -26.26941
 -5.00177 -25.06212
 -4.96084 -25.03597
 -4.91555 -25.01445
 -4.82945 -24.97333
 -4.75528 -24.90250
 -4.69278 -24.86472
 -4.63729 -24.85632
 -4.59305 -24.87389
 -4.51445 -24.94055
 -4.48666 -24.96722
 -4.40722 -24.99111
 -4.24000 -24.99861
 -4.19611 -24.99945
 -4.15815 -25.00000
 -4.06278 -24.97805
 -3.97666 -24.89861
 -3.91584 -24.83000
 -3.80250 -24.73695
 -3.77507 -24.73235
 -3.72722 -24.75945
 -3.64347 -24.78458
 -3.58500 -24.76833
 -3.46569 -24.78256
 -3.41334 -24.83972
 -3.36945 -24.87195
 -3.18416 -24.99945
 -3.13912 -25.01819
 -3.07454 -25.02027
 -3.02927 -25.01416
 -2.97750 -25.02444
 -2.87472 -25.07139
 -2.79264 -25.11014
 -2.75819 -25.11264
 -2.71778 -25.09445
 -2.69584 -25.08889
 -2.59931 -25.07611
 -2.56805 -25.08583
 -2.54319 -25.09195
 -2.44694 -25.09413
 -2.44903 -25.05180
 -2.45588 -25.00000
 -2.46055 -24.95888
 -2.46278 -24.93555
 -2.46695 -24.88361
 -2.46972 -24.80416
 -2.46931 -24.75000
 -2.46264 -24.71569
 -2.44945 -24.69375
 -2.39139 -24.67055
 -2.34084 -24.64861
 -2.30528 -24.63222
 -2.26611 -24.61084
 -2.24486 -24.59680
 -2.21472 -24.57055
 -2.16500 -24.53139
 -2.12305 -24.50250
 -2.09153 -24.48403
 -2.06555 -24.47277
 -2.01069 -24.45972
 -1.93895 -24.45043
 -1.94639 -24.51083
 -1.95528 -24.76833
 -1.94222 -24.90222
 -1.93750 -24.92528
 -1.93305 -24.96722
 -1.93348 -25.01276
 -1.99605 -25.07006
 -2.01945 -25.07403
 -2.06243 -25.05861
 -2.09257 -25.06903
 -2.11069 -25.16139
 -2.11084 -25.21389
 -2.10805 -25.24945
 -2.10334 -25.27416
 -2.08889 -25.31527
 -2.07000 -25.33764
 -2.03611 -25.36611
 -2.00861 -25.38666
 -1.90014 -25.48930
 -1.88278 -25.50916
 -1.86139 -25.53861
 -1.84805 -25.57222
 -1.84445 -25.59527
 -1.85055 -25.62361
 -1.86458 -25.65235
 -1.87639 -25.67305
 -1.87931 -25.70611
 -1.85966 -25.81207
 -1.81875 -25.83666
 -1.63181 -25.86083
 -1.57278 -25.86042
 -1.55028 -25.85527
 -1.51347 -25.85063
 -1.41916 -25.85500
 -1.38890 -25.85815
 -1.43431 -25.89659
 -1.48445 -25.93389
 -1.49125 -25.97333
 -1.48087 -26.01277
 -1.25736 -26.12653
 -1.22181 -26.13903
 -1.18195 -26.13750
 -1.08111 -26.13750
 -1.05945 -26.13888
 -1.01264 -26.14416
 -0.97695 -26.15055
 -0.95000 -26.16708
 -0.94389 -26.19166
 -0.93250 -26.22195
 -0.91639 -26.25375
 -0.89528 -26.27847
 -0.87153 -26.29084
 -0.84514 -26.29277
 -0.77500 -26.28222
 -0.74555 -26.27750
 -0.64097 -26.26236
 -0.61639 -26.26445
 -0.59166 -26.27695
 -0.56778 -26.29819
 -0.51861 -26.35750
 -0.49403 -26.38680
 -0.46834 -26.40250
 -0.44361 -26.40277
 -0.41861 -26.39111
 -0.38584 -26.36028
 -0.34861 -26.30611
 -0.30695 -26.24805
 -0.17584 -26.09889
 -0.15305 -26.08750
 -0.08834 -26.14389
 -0.09069 -26.17014
 -0.10305 -26.19388
 -0.19472 -26.31090
 -0.22834 -26.32542
 -0.24778 -26.33334
 -0.36389 -26.45292
 -0.37153 -26.47264
 -0.36445 -26.57042
 -0.33535 -26.61500
 -0.30931 -26.64222
 -0.28028 -26.74945
 -0.26055 -26.81139
 -0.22055 -26.82889
 -0.23028 -26.88583
 -0.26166 -26.96277
 -0.33528 -27.06222
 -0.35500 -27.07277
 -0.37195 -27.09000
 -0.41195 -27.13222
 -0.42972 -27.17250
 -0.48166 -27.34611
 -0.49222 -27.49555
 -0.51722 -27.56027
 -0.55305 -27.66861
 -0.56055 -27.69166
 -0.56722 -27.71583
 -0.56805 -27.72666
 -0.56292 -27.74389
 -0.55361 -27.76305
 -0.53500 -27.78916
 -0.50695 -27.82166
 -0.47834 -27.85000
 -0.44611 -27.87680
 -0.41722 -27.89527
 -0.38681 -27.90695
 -0.36069 -27.91819
 -0.33403 -27.93875
 -0.31695 -27.96416
 -0.29889 -28.01861
 -0.28695 -28.04611
 -0.26861 -28.07764
 -0.25084 -28.09472
 -0.22889 -28.10639
 -0.19445 -28.11805
 -0.15181 -28.12042
 -0.12972 -28.11166
 -0.05139 -28.09735
 0.01945 -28.08861
 0.08166 -28.09805
 0.10916 -28.10472
 0.23278 -28.09222
 0.42375 -28.04597
 0.46250 -28.01945
 0.47916 -27.99666
 0.49389 -27.91527
 0.48385 -27.87854
 0.49111 -27.84083
 0.55486 -27.73625
 0.57431 -27.74292
 0.58431 -27.78500
 0.58181 -27.82333
 0.59000 -27.87445
 0.59945 -27.90041
 0.61819 -27.92472
 0.66514 -27.96722
 0.67916 -27.99666
 0.68750 -28.01861
 0.70111 -28.06250
 0.70945 -28.10305
 0.71750 -28.15583
 0.74055 -28.34208
 0.73736 -28.37055
 0.72778 -28.39000
 0.70584 -28.41416
 0.66069 -28.45139
 0.63250 -28.47639
 0.60305 -28.51375
 0.59042 -28.54014
 0.58389 -28.57083
 0.59000 -28.59833
 0.60069 -28.63125
 0.60916 -28.66277
 0.62305 -28.72389
 0.62722 -28.75055
 0.63222 -28.82277
 0.62972 -28.85750
 0.62445 -28.88888
 0.61416 -28.97111
 0.61334 -29.01916
 0.62166 -29.05277
 0.66458 -29.10472
 0.68611 -29.15000
 0.68639 -29.17972
 0.65764 -29.31347
 0.64889 -29.33305
 0.61916 -29.37889
 0.61486 -29.40361
 0.62195 -29.42777
 0.63708 -29.45389
 0.66097 -29.47819
 0.68569 -29.47597
 0.69834 -29.45916
 0.70389 -29.43222
 0.71236 -29.40250
 0.72805 -29.37861
 0.76139 -29.35875
 0.79361 -29.36527
 0.81834 -29.37889
 0.85834 -29.40861
 0.85764 -29.43416
 0.83334 -29.48361
 0.81972 -29.51666
 0.81486 -29.55708
 0.82958 -29.57861
 0.88611 -29.67694
 0.93416 -29.78111
 0.94445 -29.80389
 0.96389 -29.85514
 0.90361 -29.88985
 0.88611 -29.90528
 0.87250 -29.93111
 0.85528 -29.96555
 0.84671 -29.98673
 0.83591 -29.96711
 0.81834 -29.95750
 0.78778 -29.94750
 0.62458 -29.93875
 0.55166 -29.95583
 0.48375 -29.95986
 0.42905 -29.91245
 0.36666 -29.85833
 0.27750 -29.83945
 0.16278 -29.80695
 0.17347 -29.78048
 0.10472 -29.73195
 0.07708 -29.71861
 0.04285 -29.71819
 -0.00316 -29.73333
 -0.07445 -29.70900
 -0.20278 -29.68776
 -0.30472 -29.67083
 -0.43972 -29.64861
 -0.47666 -29.65277
 -0.58055 -29.66666
 -0.64139 -29.63472
 -0.74347 -29.61930
 -0.78778 -29.63305
 -0.89160 -29.61889
 -0.89569 -29.58445
 -0.91639 -29.57514
 -1.18750 -29.57430
 -1.21437 -29.59903
 -1.32069 -29.60611
 -1.38584 -29.59695
 -1.39347 -29.57333
 -1.41361 -29.53833
 -1.44958 -29.49528
 -1.48250 -29.47000
 -1.50416 -29.45639
 -1.50416 -29.44277
 -1.51090 -29.36201
 -1.62639 -29.27084
 -1.65472 -29.25139
 -1.81514 -29.14347
 -1.85105 -29.12993
 -1.91605 -29.12430
 -1.94889 -29.12805
 -1.97639 -29.13527
 -2.01436 -29.14821
 -2.06861 -29.16750
 -2.09334 -29.17055
 -2.13319 -29.16639
 -2.16084 -29.15639
 -2.18916 -29.14389
 -2.21295 -29.13049
 -2.24111 -29.11833
 -2.26855 -29.09777
 -2.33445 -28.98500
 -2.36639 -28.89347
 -2.39868 -28.86743
 -2.52611 -28.85445
 -2.66000 -28.90222
 -2.68000 -28.92347
 -2.69125 -28.94292
 -2.69424 -28.97590
 -2.72403 -29.01712
 -2.74472 -29.02444
 -2.75666 -29.00006
 -2.78431 -28.98500
 -2.81431 -28.99069
 -2.99611 -29.14861
 -3.02132 -29.18514
 -3.02166 -29.21555
 -3.06028 -29.23722
 -3.11778 -29.24055
 -3.15368 -29.21292
 -3.25007 -29.21785
 -3.27186 -29.23696
7 411 -7.94 -1.73931 -26.2694 -21.8988 'Kasai-Oriental (Congo, DRC)'
 -2.49060 -21.89883
 -2.42139 -21.94653
 -2.39722 -21.98389
 -2.38153 -22.02777
 -2.36472 -22.05514
 -2.32028 -22.09111
 -2.28736 -22.12236
 -2.27639 -22.14597
 -2.29084 -22.17611
 -2.30750 -22.18819
 -2.32986 -22.19500
 -2.36000 -22.19472
 -2.38528 -22.18833
 -2.41750 -22.18375
 -2.44125 -22.19347
 -2.45861 -22.21958
 -2.46584 -22.25792
 -2.45166 -22.28208
 -2.42639 -22.29472
 -2.38903 -22.29250
 -2.35861 -22.28500
 -2.13416 -22.22472
 -1.97028 -22.17666
 -1.94916 -22.16847
 -1.92416 -22.16416
 -1.90542 -22.17819
 -1.90500 -22.20485
 -1.93416 -22.29472
 -1.94028 -22.32139
 -1.94834 -22.37972
 -1.95472 -22.43389
 -1.95611 -22.45695
 -1.95493 -22.51819
 -1.90569 -22.56597
 -1.86861 -22.59416
 -1.83834 -22.61000
 -1.80111 -22.62555
 -1.80805 -22.68527
 -1.85972 -22.82264
 -1.88416 -22.87028
 -1.91084 -22.90597
 -1.93375 -23.00042
 -1.92805 -23.03819
 -1.93195 -23.07389
 -1.94264 -23.10292
 -1.95875 -23.12861
 -1.98834 -23.15472
 -2.00764 -23.16764
 -2.03695 -23.18278
 -2.07139 -23.20472
 -2.08305 -23.22695
 -2.04778 -23.31834
 -2.02445 -23.42111
 -2.01834 -23.44945
 -2.01000 -23.50000
 -2.00584 -23.54445
 -2.00528 -23.58027
 -2.00805 -23.60555
 -2.01361 -23.63027
 -2.02000 -23.68639
 -1.92389 -23.76111
 -1.80014 -23.78611
 -1.77819 -23.80639
 -1.76666 -23.83125
 -1.76139 -23.87208
 -1.76361 -23.90222
 -1.76972 -23.94611
 -1.76708 -23.99180
 -1.73931 -24.02875
 -1.74222 -24.11416
 -1.75889 -24.19833
 -1.77805 -24.34222
 -1.78679 -24.42140
 -1.81750 -24.43278
 -1.93895 -24.45043
 -2.01069 -24.45972
 -2.06555 -24.47277
 -2.09153 -24.48403
 -2.12305 -24.50250
 -2.16500 -24.53139
 -2.21472 -24.57055
 -2.24486 -24.59680
 -2.26611 -24.61084
 -2.30528 -24.63222
 -2.34084 -24.64861
 -2.39139 -24.67055
 -2.44945 -24.69375
 -2.46264 -24.71569
 -2.46931 -24.75000
 -2.46972 -24.80416
 -2.46695 -24.88361
 -2.46278 -24.93555
 -2.46055 -24.95888
 -2.45588 -25.00000
 -2.44903 -25.05180
 -2.44694 -25.09413
 -2.54319 -25.09195
 -2.56805 -25.08583
 -2.59931 -25.07611
 -2.69584 -25.08889
 -2.71778 -25.09445
 -2.75819 -25.11264
 -2.79264 -25.11014
 -2.87472 -25.07139
 -2.97750 -25.02444
 -3.02927 -25.01416
 -3.07454 -25.02027
 -3.13912 -25.01819
 -3.18416 -24.99945
 -3.36945 -24.87195
 -3.41334 -24.83972
 -3.46569 -24.78256
 -3.58500 -24.76833
 -3.64347 -24.78458
 -3.72722 -24.75945
 -3.77507 -24.73235
 -3.80250 -24.73695
 -3.91584 -24.83000
 -3.97666 -24.89861
 -4.06278 -24.97805
 -4.15815 -25.00000
 -4.19611 -24.99945
 -4.24000 -24.99861
 -4.40722 -24.99111
 -4.48666 -24.96722
 -4.51445 -24.94055
 -4.59305 -24.87389
 -4.63729 -24.85632
 -4.69278 -24.86472
 -4.75528 -24.90250
 -4.82945 -24.97333
 -4.91555 -25.01445
 -4.96084 -25.03597
 -5.00177 -25.06212
 -5.00000 -26.26941
 -5.05972 -26.24000
 -5.24306 -26.14527
 -5.26666 -26.12861
 -5.29055 -26.11472
 -5.39292 -26.08229
 -5.42834 -26.09750
 -5.45416 -26.11472
 -5.48681 -26.13875
 -5.51055 -26.14333
 -5.52695 -26.13166
 -5.55445 -26.10111
 -5.58458 -26.07736
 -5.61000 -26.06834
 -5.64986 -26.06861
 -5.67584 -26.08097
 -5.69903 -26.10042
 -5.73764 -26.14764
 -5.75861 -26.16972
 -5.77973 -26.17639
 -5.94000 -26.16333
 -6.09403 -26.13527
 -6.11500 -26.13666
 -6.14625 -26.15111
 -6.18264 -26.17403
 -6.20792 -26.17986
 -6.23166 -26.17208
 -6.25945 -26.14632
 -6.26028 -26.03583
 -6.24000 -25.94097
 -6.22278 -25.91833
 -6.20084 -25.85458
 -6.19084 -25.81195
 -6.19236 -25.78153
 -6.21653 -25.74542
 -6.29069 -25.66764
 -6.30958 -25.64472
 -6.35500 -25.51541
 -6.35528 -25.48986
 -6.34584 -25.45834
 -6.33389 -25.40611
 -6.33055 -25.37916
 -6.32834 -25.34166
 -6.33181 -25.31485
 -6.34708 -25.28777
 -6.36472 -25.27111
 -6.40916 -25.25767
 -6.45838 -25.28800
 -6.53660 -25.36582
 -6.54778 -25.40859
 -6.54584 -25.43222
 -6.53722 -25.46695
 -6.54458 -25.51506
 -6.57500 -25.52138
 -6.70591 -25.44320
 -6.75903 -25.32347
 -6.76319 -25.29375
 -6.75055 -25.27777
 -6.72389 -25.25278
 -6.69569 -25.21180
 -6.67305 -25.15583
 -6.66445 -25.11535
 -6.65805 -25.05805
 -6.65805 -25.03472
 -6.65991 -25.00000
 -6.66458 -24.95555
 -6.67931 -24.93180
 -6.71486 -24.90903
 -6.73750 -24.90361
 -6.80584 -24.87722
 -6.88166 -24.78527
 -6.90528 -24.74945
 -6.91750 -24.72153
 -6.95111 -24.63195
 -6.99903 -24.51111
 -7.04292 -24.49069
 -7.06166 -24.47750
 -7.07278 -24.44750
 -7.07250 -24.42485
 -7.05584 -24.37000
 -7.03305 -24.31805
 -6.99000 -24.23903
 -6.96834 -24.22916
 -6.92986 -24.23333
 -6.90792 -24.22680
 -6.88514 -24.20861
 -6.87528 -24.19055
 -6.87951 -24.14343
 -6.93788 -24.12728
 -6.96613 -24.14385
 -7.01195 -24.15014
 -7.03928 -24.14298
 -7.06376 -24.11198
 -7.07197 -24.07020
 -7.20702 -23.96625
 -7.29500 -23.96972
 -7.34445 -23.97750
 -7.37889 -23.99583
 -7.51437 -23.95022
 -7.52923 -23.93019
 -7.57139 -23.92500
 -7.72404 -23.92124
 -7.75737 -23.93871
 -7.77805 -23.95376
 -7.80208 -23.95916
 -7.82497 -23.95554
 -7.82666 -23.89750
 -7.82805 -23.87430
 -7.83847 -23.83653
 -7.85861 -23.81834
 -7.88305 -23.81292
 -7.90375 -23.78264
 -7.92500 -23.50166
 -7.90139 -23.36861
 -7.89319 -23.27986
 -7.92903 -23.25472
 -7.94000 -23.23083
 -7.93445 -23.20792
 -7.91458 -23.18958
 -7.79735 -23.15795
 -7.76805 -23.16389
 -7.67028 -23.17666
 -7.57528 -23.18000
 -7.54889 -23.18195
 -7.51584 -23.18653
 -7.42028 -23.20750
 -7.38223 -23.21305
 -7.33889 -23.21361
 -7.19528 -23.20945
 -7.16160 -23.20326
 -7.12945 -23.19000
 -7.07903 -23.20125
 -7.04584 -23.21361
 -7.01861 -23.22583
 -6.95611 -23.24680
 -6.93250 -23.23625
 -6.89000 -23.20000
 -6.86750 -23.16903
 -6.85611 -23.13834
 -6.83931 -23.10195
 -6.82166 -23.07903
 -6.79278 -23.05861
 -6.75250 -23.03889
 -6.71916 -23.01527
 -6.70014 -22.99055
 -6.68208 -22.95416
 -6.66111 -22.93472
 -6.63764 -22.92639
 -6.60021 -22.92319
 -6.56055 -22.93750
 -6.52111 -22.95861
 -6.47611 -22.98527
 -6.23861 -23.06639
 -6.13097 -23.02555
 -6.09555 -22.99569
 -6.06416 -22.97777
 -6.02334 -22.96222
 -6.00000 -22.95690
 -5.97472 -22.95389
 -5.92500 -22.95195
 -5.85319 -22.95389
 -5.82416 -22.96361
 -5.78125 -22.98542
 -5.76736 -23.00847
 -5.75945 -23.05472
 -5.74166 -23.28000
 -5.75195 -23.37750
 -5.70222 -23.49666
 -5.68472 -23.51750
 -5.61910 -23.66750
 -5.62202 -23.71354
 -5.60681 -23.73958
 -5.56305 -23.74055
 -5.47639 -23.74000
 -5.40695 -23.73653
 -5.38361 -23.73000
 -5.33861 -23.62055
 -5.27111 -23.45416
 -5.25445 -23.43972
 -5.22903 -23.43389
 -5.21347 -23.41403
 -5.22264 -23.37527
 -5.24916 -23.30792
 -5.25611 -23.26945
 -5.24555 -23.23235
 -5.19195 -23.19222
 -5.14653 -23.15625
 -5.09305 -23.09777
 -5.07028 -23.07027
 -5.02889 -23.01889
 -5.01389 -22.99361
 -5.00139 -22.97777
 -4.98514 -22.96319
 -4.95916 -22.95514
 -4.90722 -22.95250
 -4.87646 -22.95590
 -4.82805 -22.97777
 -4.81375 -22.99333
 -4.79055 -23.07389
 -4.78222 -23.11416
 -4.77090 -23.14764
 -4.74264 -23.17695
 -4.71195 -23.17945
 -4.68805 -23.17722
 -4.58555 -23.15750
 -4.56166 -23.14916
 -4.53028 -23.13138
 -4.52222 -23.10111
 -4.51445 -23.01139
 -4.49750 -22.87778
 -4.49069 -22.85764
 -4.47250 -22.83403
 -4.43889 -22.81333
 -4.42028 -22.79861
 -4.38055 -22.76334
 -4.28695 -22.67014
 -4.26389 -22.64000
 -4.24611 -22.61333
 -4.23111 -22.58305
 -4.21861 -22.55445
 -4.20500 -22.51472
 -4.18805 -22.48778
 -4.17500 -22.47000
 -4.13805 -22.42277
 -4.12055 -22.40458
 -4.05528 -22.35416
 -3.98834 -22.29888
 -3.99347 -22.25389
 -4.01361 -22.21445
 -4.03521 -22.16680
 -4.02931 -22.13403
 -3.96472 -22.01750
 -3.93916 -22.02805
 -3.92319 -22.04319
 -3.91208 -22.06889
 -3.90597 -22.10597
 -3.91069 -22.14527
 -3.91028 -22.17666
 -3.90055 -22.19666
 -3.87250 -22.20277
 -3.83445 -22.19111
 -3.76555 -22.16445
 -3.74084 -22.15416
 -3.69500 -22.12847
 -3.68097 -22.10486
 -3.67028 -22.06166
 -3.66555 -22.03291
 -3.65542 -22.01055
 -3.63556 -21.98972
 -3.60958 -21.97597
 -3.58389 -21.97041
 -3.55416 -21.96861
 -3.52278 -21.97055
 -3.50000 -21.97389
 -3.48097 -21.98458
 -3.43542 -22.03195
 -3.39750 -22.05083
 -3.22916 -22.12000
 -3.17111 -22.14250
 -3.07334 -22.17666
 -3.02403 -22.19153
 -2.99834 -22.19472
 -2.95834 -22.18680
 -2.91097 -22.16930
 -2.84055 -22.12889
 -2.81805 -22.11444
 -2.78986 -22.09458
 -2.75916 -22.06861
 -2.72416 -22.03222
 -2.69278 -21.99583
 -2.67458 -21.98736
 -2.63764 -21.97985
 -2.59479 -21.97479
 -2.55166 -21.96639
 -2.53278 -21.95375
 -2.50500 -21.91972
 -2.49060 -21.89883
8 549 -13.4581 -5 -30.7712 -21.749 'Shaba (Congo, DRC)'
 -10.87046 -23.98621
 -10.93375 -23.95403
 -11.01472 -23.88611
 -11.02715 -23.85861
 -11.01084 -23.66514
 -10.99028 -23.61027
 -10.98000 -23.58583
 -10.96695 -23.54305
 -10.96223 -23.52000
 -10.95889 -23.49666
 -10.95834 -23.47639
 -10.95916 -23.45611
 -10.96319 -23.42195
 -10.97028 -23.39750
 -10.98278 -23.36805
 -11.02695 -23.29389
 -11.06166 -23.24195
 -11.07660 -23.21701
 -11.09639 -23.08805
 -11.09611 -23.01695
 -11.09305 -22.94125
 -11.06493 -22.90680
 -11.04945 -22.85695
 -11.05597 -22.83625
 -11.07472 -22.80695
 -11.09145 -22.77507
 -11.09334 -22.71666
 -11.08111 -22.66611
 -11.07278 -22.64666
 -11.06111 -22.62347
 -11.04125 -22.59819
 -11.03361 -22.56750
 -11.04416 -22.51861
 -11.06473 -22.50458
 -11.09378 -22.49993
 -11.13063 -22.48076
 -11.23722 -22.29888
 -11.20973 -22.25389
 -11.18375 -22.25889
 -11.06834 -22.24403
 -11.01889 -22.21750
 -10.96723 -22.19445
 -10.85993 -22.16645
 -10.82570 -22.19014
 -10.80916 -22.20888
 -10.79000 -22.25222
 -10.72750 -22.31514
 -10.67528 -22.30611
 -10.61278 -22.30805
 -10.58305 -22.30334
 -10.51305 -22.27250
 -10.42278 -22.30445
 -10.37500 -22.31382
 -10.27778 -22.26889
 -10.20222 -22.22819
 -10.15416 -22.20722
 -10.08334 -22.20084
 -9.96250 -22.17542
 -9.92431 -22.15833
 -9.90195 -22.13208
 -9.88285 -22.06125
 -9.84972 -22.02319
 -9.66500 -21.87472
 -9.64236 -21.85945
 -9.62028 -21.85027
 -9.41139 -21.79153
 -9.34639 -21.80722
 -9.30223 -21.82527
 -9.15416 -21.84139
 -9.07111 -21.83528
 -8.93389 -21.85277
 -8.80111 -21.87583
 -8.73223 -21.89027
 -8.58416 -21.92445
 -8.54639 -21.93500
 -8.49611 -21.94000
 -8.42097 -21.93653
 -8.38990 -21.91385
 -8.34355 -21.90361
 -8.33214 -21.90925
 -8.28361 -21.87903
 -8.20014 -21.85889
 -8.13167 -21.83611
 -8.05347 -21.80389
 -8.02347 -21.77333
 -8.00375 -21.75506
 -7.93569 -21.74903
 -7.83555 -21.76334
 -7.77347 -21.77375
 -7.65445 -21.81695
 -7.64542 -21.82597
 -7.69916 -21.96527
 -7.71292 -21.98347
 -7.73778 -22.00597
 -7.75889 -22.03889
 -7.77895 -22.08645
 -7.80334 -22.18695
 -7.80916 -22.23750
 -7.81069 -22.25819
 -7.79605 -22.48527
 -7.78528 -22.51875
 -7.75028 -22.56389
 -7.72778 -22.58472
 -7.71834 -22.60653
 -7.72681 -22.63222
 -7.74889 -22.65069
 -7.77431 -22.65861
 -7.83775 -22.67080
 -7.85783 -22.67724
 -7.87319 -22.70305
 -7.88375 -22.73875
 -7.90486 -22.88208
 -7.89195 -22.94472
 -7.88111 -22.98083
 -7.84861 -23.07361
 -7.83084 -23.11264
 -7.79735 -23.15795
 -7.91458 -23.18958
 -7.93445 -23.20792
 -7.94000 -23.23083
 -7.92903 -23.25472
 -7.89319 -23.27986
 -7.90139 -23.36861
 -7.92500 -23.50166
 -7.90375 -23.78264
 -7.88305 -23.81292
 -7.85861 -23.81834
 -7.83847 -23.83653
 -7.82805 -23.87430
 -7.82666 -23.89750
 -7.82497 -23.95554
 -7.80208 -23.95916
 -7.77805 -23.95376
 -7.75737 -23.93871
 -7.72404 -23.92124
 -7.57139 -23.92500
 -7.52923 -23.93019
 -7.51437 -23.95022
 -7.37889 -23.99583
 -7.34445 -23.97750
 -7.29500 -23.96972
 -7.20702 -23.96625
 -7.07197 -24.07020
 -7.06376 -24.11198
 -7.03928 -24.14298
 -7.01195 -24.15014
 -6.96613 -24.14385
 -6.93788 -24.12728
 -6.87951 -24.14343
 -6.87528 -24.19055
 -6.88514 -24.20861
 -6.90792 -24.22680
 -6.92986 -24.23333
 -6.96834 -24.22916
 -6.99000 -24.23903
 -7.03305 -24.31805
 -7.05584 -24.37000
 -7.07250 -24.42485
 -7.07278 -24.44750
 -7.06166 -24.47750
 -7.04292 -24.49069
 -6.99903 -24.51111
 -6.95111 -24.63195
 -6.91750 -24.72153
 -6.90528 -24.74945
 -6.88166 -24.78527
 -6.80584 -24.87722
 -6.73750 -24.90361
 -6.71486 -24.90903
 -6.67931 -24.93180
 -6.66458 -24.95555
 -6.65991 -25.00000
 -6.65805 -25.03472
 -6.65805 -25.05805
 -6.66445 -25.11535
 -6.67305 -25.15583
 -6.69569 -25.21180
 -6.72389 -25.25278
 -6.75055 -25.27777
 -6.76319 -25.29375
 -6.75903 -25.32347
 -6.70591 -25.44320
 -6.57500 -25.52138
 -6.54458 -25.51506
 -6.53722 -25.46695
 -6.54584 -25.43222
 -6.54778 -25.40859
 -6.53660 -25.36582
 -6.45838 -25.28800
 -6.40916 -25.25767
 -6.36472 -25.27111
 -6.34708 -25.28777
 -6.33181 -25.31485
 -6.32834 -25.34166
 -6.33055 -25.37916
 -6.33389 -25.40611
 -6.34584 -25.45834
 -6.35528 -25.48986
 -6.35500 -25.51541
 -6.30958 -25.64472
 -6.29069 -25.66764
 -6.21653 -25.74542
 -6.19236 -25.78153
 -6.19084 -25.81195
 -6.20084 -25.85458
 -6.22278 -25.91833
 -6.24000 -25.94097
 -6.26028 -26.03583
 -6.25945 -26.14632
 -6.23166 -26.17208
 -6.20792 -26.17986
 -6.18264 -26.17403
 -6.14625 -26.15111
 -6.11500 -26.13666
 -6.09403 -26.13527
 -5.94000 -26.16333
 -5.77973 -26.17639
 -5.75861 -26.16972
 -5.73764 -26.14764
 -5.69903 -26.10042
 -5.67584 -26.08097
 -5.64986 -26.06861
 -5.61000 -26.06834
 -5.58458 -26.07736
 -5.55445 -26.10111
 -5.52695 -26.13166
 -5.51055 -26.14333
 -5.48681 -26.13875
 -5.45416 -26.11472
 -5.42834 -26.09750
 -5.39292 -26.08229
 -5.29055 -26.11472
 -5.26666 -26.12861
 -5.24306 -26.14527
 -5.05972 -26.24000
 -5.00000 -26.26941
 -5.00000 -29.11358
 -5.00000 -29.36527
 -5.04111 -29.37972
 -5.10139 -29.40333
 -5.12528 -29.41416
 -5.14750 -29.43000
 -5.17666 -29.45430
 -5.23666 -29.47611
 -5.29361 -29.48722
 -5.38555 -29.51361
 -5.42750 -29.52722
 -5.44805 -29.53445
 -5.46639 -29.54389
 -5.49639 -29.56222
 -5.52055 -29.57305
 -5.57916 -29.59750
 -5.68555 -29.62611
 -5.72195 -29.63166
 -5.75486 -29.63000
 -5.80722 -29.60875
 -5.82847 -29.59208
 -5.85195 -29.57000
 -5.89000 -29.53833
 -5.92305 -29.51639
 -5.94584 -29.50472
 -5.97973 -29.49777
 -6.00889 -29.49500
 -6.05639 -29.49834
 -6.26305 -29.54084
 -6.29528 -29.55028
 -6.33125 -29.56722
 -6.39973 -29.61305
 -6.58639 -29.70389
 -6.61181 -29.72042
 -6.63458 -29.73916
 -6.65389 -29.76139
 -6.75084 -29.88542
 -6.76611 -29.91472
 -6.77889 -29.95000
 -6.79278 -29.98416
 -6.80222 -30.00250
 -6.82264 -30.03715
 -6.84576 -30.06485
 -6.85139 -30.07055
 -6.91916 -30.14166
 -6.94416 -30.17208
 -6.96250 -30.18833
 -7.01500 -30.22666
 -7.04361 -30.24666
 -7.14375 -30.31500
 -7.18750 -30.33805
 -7.22028 -30.35445
 -7.27973 -30.37916
 -7.36431 -30.40945
 -7.40528 -30.42083
 -7.42778 -30.42611
 -7.45597 -30.42945
 -7.48500 -30.43195
 -7.53000 -30.43972
 -7.55972 -30.44861
 -7.58028 -30.45583
 -7.61347 -30.47139
 -7.67945 -30.50972
 -7.69639 -30.52055
 -7.77805 -30.57750
 -7.83389 -30.61750
 -7.88042 -30.65055
 -7.91500 -30.66889
 -7.97028 -30.69695
 -7.99500 -30.70722
 -8.14500 -30.75945
 -8.19225 -30.77124
 -8.19166 -30.76305
 -8.19555 -30.73527
 -8.23111 -30.50611
 -8.24195 -30.43666
 -8.27055 -30.25611
 -8.29750 -30.08250
 -8.32223 -29.92277
 -8.37361 -29.58945
 -8.37376 -29.57515
 -8.37666 -29.56861
 -8.40334 -29.39500
 -8.42778 -29.23527
 -8.43305 -29.20055
 -8.46417 -28.99195
 -8.47473 -28.92250
 -8.47861 -28.90166
 -8.48041 -28.89975
 -8.52945 -28.93069
 -8.59695 -28.95361
 -8.63555 -28.96055
 -8.66472 -28.96195
 -8.68667 -28.95277
 -8.74195 -28.92583
 -8.82695 -28.86833
 -8.85750 -28.84361
 -8.90278 -28.80527
 -8.99195 -28.72861
 -9.01708 -28.70514
 -9.09389 -28.62250
 -9.10861 -28.60388
 -9.16834 -28.51695
 -9.19153 -28.47389
 -9.20555 -28.44277
 -9.21764 -28.41569
 -9.22750 -28.39764
 -9.25042 -28.37715
 -9.27917 -28.37222
 -9.30278 -28.39027
 -9.32292 -28.42889
 -9.33695 -28.48735
 -9.35903 -28.51895
 -9.47084 -28.53777
 -9.74861 -28.66972
 -9.79576 -28.69555
 -9.85250 -28.66083
 -9.92584 -28.63111
 -9.94778 -28.62583
 -9.98639 -28.62222
 -10.14750 -28.62305
 -10.24611 -28.59500
 -10.51924 -28.63347
 -10.55695 -28.66333
 -10.65187 -28.69875
 -10.71076 -28.66139
 -10.71500 -28.62541
 -10.79028 -28.57638
 -10.83278 -28.55361
 -10.85555 -28.54903
 -10.95584 -28.53028
 -11.16250 -28.48555
 -11.22305 -28.47111
 -11.24458 -28.46500
 -11.36945 -28.41055
 -11.43436 -28.36670
 -11.47584 -28.35805
 -11.52445 -28.35743
 -11.55555 -28.36541
 -11.57666 -28.37916
 -11.59500 -28.39527
 -11.61889 -28.40695
 -11.66250 -28.42583
 -11.72416 -28.44486
 -11.77639 -28.44861
 -11.87055 -28.50027
 -11.95639 -28.63222
 -11.98111 -28.67694
 -11.98819 -28.69764
 -12.09695 -28.83555
 -12.18153 -28.91972
 -12.20056 -28.93542
 -12.30528 -29.00083
 -12.35576 -29.02500
 -12.37695 -29.02708
 -12.38723 -29.05708
 -12.39111 -29.10388
 -12.37625 -29.14888
 -12.36903 -29.17680
 -12.36542 -29.26104
 -12.43389 -29.40000
 -12.45750 -29.47055
 -12.45945 -29.48166
 -12.44250 -29.51708
 -12.42528 -29.52764
 -12.39566 -29.52368
 -12.39355 -29.48958
 -12.33875 -29.44695
 -12.24910 -29.47354
 -12.19084 -29.56888
 -12.15416 -29.77027
 -12.15525 -29.80505
 -12.16389 -29.80639
 -12.22555 -29.80666
 -12.47250 -29.80583
 -12.54111 -29.80555
 -12.78084 -29.80445
 -13.17139 -29.80305
 -13.41778 -29.80222
 -13.44973 -29.80166
 -13.45805 -29.72666
 -13.43472 -29.65458
 -13.41555 -29.63403
 -13.38223 -29.62111
 -13.31639 -29.65097
 -13.30021 -29.68195
 -13.26687 -29.68347
 -13.22347 -29.59472
 -13.22278 -29.57042
 -13.23473 -29.54514
 -13.26028 -29.51861
 -13.28972 -29.48555
 -13.30334 -29.46430
 -13.37305 -29.30833
 -13.43382 -29.19739
 -13.38916 -29.09805
 -13.38744 -29.06585
 -13.39653 -29.04028
 -13.39847 -29.01875
 -13.36014 -28.97042
 -13.33111 -28.95798
 -13.27473 -28.95445
 -13.25084 -28.95055
 -13.15424 -28.92021
 -13.02667 -28.82500
 -12.90868 -28.74298
 -12.84063 -28.67354
 -12.84000 -28.63715
 -12.86361 -28.61750
 -12.89202 -28.59743
 -12.89181 -28.57271
 -12.75500 -28.49792
 -12.72819 -28.49507
 -12.70715 -28.51569
 -12.68916 -28.53055
 -12.65681 -28.53055
 -12.52584 -28.44625
 -12.44042 -28.34653
 -12.43305 -28.31945
 -12.42445 -28.22945
 -12.42945 -28.16361
 -12.36778 -28.04916
 -12.31160 -27.96395
 -12.29084 -27.93584
 -12.27750 -27.91445
 -12.26472 -27.88555
 -12.25472 -27.86028
 -12.25979 -27.83819
 -12.28334 -27.82195
 -12.29778 -27.79743
 -12.30223 -27.67701
 -12.29028 -27.65542
 -12.26264 -27.64069
 -12.24528 -27.62333
 -12.23336 -27.60006
 -12.22639 -27.58694
 -12.21347 -27.56847
 -12.18166 -27.54138
 -12.17334 -27.53583
 -12.16139 -27.53027
 -12.05889 -27.49403
 -12.02084 -27.48695
 -12.00028 -27.48666
 -11.97153 -27.48084
 -11.93695 -27.45389
 -11.90945 -27.41889
 -11.88416 -27.37472
 -11.87139 -27.35277
 -11.81334 -27.26388
 -11.79736 -27.24472
 -11.77584 -27.23111
 -11.74361 -27.22861
 -11.71702 -27.22916
 -11.68222 -27.22833
 -11.60500 -27.21889
 -11.57649 -27.20897
 -11.59695 -27.03312
 -11.75973 -26.99680
 -11.83569 -26.99445
 -11.87723 -26.98472
 -11.89584 -26.97583
 -11.91458 -26.95986
 -11.96111 -26.90222
 -11.97174 -26.87395
 -11.98445 -26.75083
 -11.98917 -26.67805
 -11.97139 -26.59861
 -11.92723 -26.47750
 -11.91555 -26.45764
 -11.91042 -26.43666
 -11.90223 -26.19805
 -11.90473 -26.07195
 -11.90500 -26.04389
 -11.90250 -26.00472
 -11.89569 -25.98347
 -11.80223 -25.84250
 -11.76750 -25.69222
 -11.71000 -25.49834
 -11.64299 -25.36361
 -11.55445 -25.32611
 -11.51611 -25.31611
 -11.36563 -25.29160
 -11.32722 -25.32250
 -11.27805 -25.34500
 -11.20528 -25.34445
 -11.19445 -25.32021
 -11.20750 -25.28445
 -11.22715 -25.25527
 -11.25236 -25.18930
 -11.26236 -25.12695
 -11.26111 -25.06639
 -11.26195 -25.02945
 -11.26500 -24.98027
 -11.31708 -24.73972
 -11.34000 -24.69277
 -11.40479 -24.60292
 -11.43778 -24.58416
 -11.46139 -24.52639
 -11.46264 -24.44916
 -11.40473 -24.37527
 -11.34986 -24.36597
 -11.28007 -24.41000
 -11.21660 -24.41653
 -11.11181 -24.39861
 -11.08861 -24.37680
 -11.05132 -24.31847
 -11.02958 -24.18555
 -10.97945 -24.14222
 -10.91666 -24.13195
 -10.89361 -24.09222
 -10.87861 -24.05847
 -10.86916 -23.99472
 -10.87046 -23.98621
