0 16 14.018 14.1119 60.901 60.98 'Gros Islet (Saint Lucia)'
 14.04352 60.97997
 14.06118 60.97606
 14.06810 60.97208
 14.10228 60.94762
 14.11188 60.93346
 14.10570 60.91413
 14.08845 60.91861
 14.07949 60.91194
 14.07339 60.90103
 14.06449 60.91546
 14.05322 60.92799
 14.03692 60.93300
 14.01796 60.93559
 14.02188 60.95807
 14.03442 60.96559
 14.04352 60.97997
1 24 13.879 14.0435 60.9356 61.0266 'Castries (Saint Lucia)'
 13.98737 61.02660
 14.02314 61.00227
 14.02717 60.99706
 14.03254 60.98729
 14.03734 60.98233
 14.04352 60.97997
 14.03442 60.96559
 14.02188 60.95807
 14.01796 60.93559
 14.00935 60.93676
 13.97927 60.94052
 13.95421 60.94679
 13.92789 60.95681
 13.90032 60.96057
 13.87901 60.96057
 13.88277 60.97185
 13.89280 60.98063
 13.91160 60.98063
 13.92413 60.98063
 13.94543 60.98188
 13.96549 60.98439
 13.97802 60.99191
 13.98178 61.00945
 13.98737 61.02660
2 19 13.8665 13.9874 60.9806 61.0669 'Anse-la-Raye (Saint Lucia)'
 13.90900 61.06688
 13.91730 61.06493
 13.93122 61.05948
 13.96491 61.03555
 13.98737 61.02660
 13.98178 61.00945
 13.97802 60.99191
 13.96549 60.98439
 13.94543 60.98188
 13.92413 60.98063
 13.91160 60.98063
 13.89280 60.98063
 13.87400 60.98313
 13.86648 60.99065
 13.87149 61.01071
 13.89405 61.02449
 13.90533 61.04078
 13.90909 61.05582
 13.90900 61.06688
3 29 13.7922 13.9091 60.9606 61.0785 'Soufrière (Saint Lucia)'
 13.79218 61.06810
 13.79873 61.07421
 13.80630 61.07811
 13.82197 61.07116
 13.83210 61.07006
 13.85179 61.07116
 13.85822 61.07274
 13.86327 61.07559
 13.86961 61.07811
 13.87979 61.07852
 13.89037 61.07592
 13.90900 61.06688
 13.90909 61.05582
 13.90533 61.04078
 13.89405 61.02449
 13.87149 61.01071
 13.86648 60.99065
 13.87400 60.98313
 13.89280 60.98063
 13.88277 60.97185
 13.87901 60.96057
 13.86898 60.96057
 13.84517 60.96433
 13.83923 60.97522
 13.83577 60.98158
 13.83013 60.99191
 13.81760 61.02574
 13.80632 61.04956
 13.79218 61.06810
4 14 13.7562 13.8358 60.9809 61.0681 'Choiseul (Saint Lucia)'
 13.75625 61.01892
 13.76732 61.04817
 13.78693 61.06493
 13.79218 61.06810
 13.80632 61.04956
 13.81760 61.02574
 13.83013 60.99191
 13.83577 60.98158
 13.83080 60.98094
 13.82783 60.98566
 13.81939 60.98882
 13.79197 61.00113
 13.77087 61.01203
 13.75625 61.01892
5 15 13.7306 13.8308 60.9625 61.0189 'Laborie (Saint Lucia)'
 13.73064 60.96709
 13.73900 60.97338
 13.75625 61.01892
 13.77087 61.01203
 13.79197 61.00113
 13.81939 60.98882
 13.82783 60.98566
 13.83080 60.98094
 13.82643 60.98038
 13.81342 60.97687
 13.79091 60.97019
 13.77579 60.96386
 13.75540 60.96280
 13.74168 60.96245
 13.73064 60.96709
6 22 13.7147 13.8392 60.918 60.9816 'Vieux Fort (Saint Lucia)'
 13.77400 60.91804
 13.77269 60.92284
 13.76992 60.92711
 13.76032 60.93175
 13.72211 60.94079
 13.71629 60.94701
 13.71467 60.95010
 13.71467 60.95507
 13.73064 60.96709
 13.74168 60.96245
 13.75540 60.96280
 13.77579 60.96386
 13.79091 60.97019
 13.81342 60.97687
 13.82643 60.98038
 13.83080 60.98094
 13.83577 60.98158
 13.83923 60.97522
 13.82387 60.96183
 13.80256 60.94178
 13.78877 60.92924
 13.77400 60.91804
7 13 13.774 13.8452 60.8922 60.9752 'Micoud (Saint Lucia)'
 13.83320 60.89220
 13.78425 60.90461
 13.77733 60.90730
 13.77611 60.91031
 13.77400 60.91804
 13.78877 60.92924
 13.80256 60.94178
 13.82387 60.96183
 13.83923 60.97522
 13.84517 60.96433
 13.84016 60.94303
 13.83264 60.91546
 13.83320 60.89220
8 13 13.8326 13.9085 60.8902 60.9643 'Praslin (Saint Lucia)'
 13.90848 60.89023
 13.87735 60.89509
 13.83320 60.89220
 13.83264 60.91546
 13.84016 60.94303
 13.84517 60.96433
 13.86898 60.96057
 13.87901 60.96057
 13.90032 60.96057
 13.90408 60.93927
 13.89781 60.92172
 13.90533 60.90668
 13.90848 60.89023
9 13 13.8978 13.983 60.883 60.9606 'Dennery (Saint Lucia)'
 13.98062 60.88296
 13.95441 60.88305
 13.90848 60.89023
 13.90533 60.90668
 13.89781 60.92172
 13.90408 60.93927
 13.90032 60.96057
 13.92789 60.95681
 13.95421 60.94679
 13.97927 60.94052
 13.98178 60.92047
 13.98303 60.90167
 13.98062 60.88296
10 14 13.9793 14.0734 60.883 60.9405 'Dauphin (Saint Lucia)'
 14.07339 60.90103
 14.06468 60.89297
 14.05223 60.89021
 14.01008 60.88679
 13.98062 60.88296
 13.98303 60.90167
 13.98178 60.92047
 13.97927 60.94052
 14.00935 60.93676
 14.01796 60.93559
 14.03692 60.93300
 14.05322 60.92799
 14.06449 60.91546
 14.07339 60.90103
