0 225 9.82452 11.0704 84.1577 85.4412 'Alajuela (Costa Rica)'
 10.99463 84.35547
 10.98990 84.34598
 10.98238 84.34366
 10.97228 84.34387
 10.95990 84.34180
 10.95267 84.33741
 10.93618 84.32410
 10.92915 84.32131
 10.91941 84.31074
 10.90182 84.26428
 10.89471 84.25366
 10.88492 84.24472
 10.87531 84.22566
 10.86097 84.20837
 10.83699 84.20465
 10.82983 84.21852
 10.82704 84.22266
 10.81931 84.22710
 10.81368 84.22524
 10.80942 84.22116
 10.80596 84.21889
 10.78852 84.19687
 10.78172 84.19160
 10.78976 84.18041
 10.78945 84.16483
 10.78842 84.15773
 10.78425 84.15798
 10.57114 84.16052
 10.41011 84.16269
 10.29570 84.16419
 10.15840 84.16579
 10.00683 84.17736
 10.00435 84.17762
 9.98508 84.19602
 9.97717 84.20098
 9.97417 84.20160
 9.97138 84.20186
 9.96601 84.20175
 9.95722 84.19997
 9.94146 84.21467
 9.93252 84.24245
 9.91402 84.30924
 9.91154 84.32707
 9.91314 84.33234
 9.91454 84.34433
 9.91567 84.34914
 9.91697 84.35296
 9.92012 84.37275
 9.92565 84.39216
 9.92095 84.41657
 9.91728 84.46104
 9.90384 84.49184
 9.89893 84.49993
 9.89748 84.50091
 9.89511 84.50218
 9.88374 84.51383
 9.87485 84.53104
 9.86999 84.53763
 9.86648 84.54054
 9.86389 84.54026
 9.86064 84.54073
 9.83795 84.55920
 9.83418 84.56085
 9.82658 84.56215
 9.82472 84.56377
 9.82452 84.57106
 9.85315 84.59279
 9.86007 84.60178
 9.86245 84.61374
 9.86317 84.62677
 9.86762 84.64330
 9.87588 84.66421
 9.88064 84.67108
 9.88436 84.67441
 9.88963 84.67297
 9.89552 84.67304
 9.89826 84.67255
 9.90048 84.67085
 9.90198 84.66924
 9.90508 84.66219
 9.93386 84.64369
 9.94125 84.63599
 9.94461 84.62491
 9.97634 84.57571
 9.98254 84.56000
 9.98513 84.55507
 9.98812 84.55176
 9.99029 84.55088
 9.99774 84.55010
 10.01830 84.56279
 10.02171 84.56997
 10.02068 84.57246
 10.01463 84.58034
 10.01252 84.58806
 10.01262 84.59139
 10.01324 84.59351
 10.01469 84.59444
 10.01779 84.59581
 10.02016 84.59643
 10.02978 84.60269
 10.04921 84.61904
 10.06223 84.62710
 10.08228 84.64346
 10.09122 84.64938
 10.11380 84.66043
 10.12977 84.66493
 10.15494 84.66113
 10.15871 84.66152
 10.16429 84.66260
 10.17431 84.66816
 10.17840 84.66896
 10.18207 84.66896
 10.20449 84.66320
 10.21188 84.66020
 10.23100 84.64963
 10.23607 84.64850
 10.23979 84.64888
 10.24149 84.65046
 10.24614 84.65648
 10.25178 84.66051
 10.26728 84.66607
 10.27875 84.68392
 10.27984 84.69154
 10.27891 84.69415
 10.27787 84.69645
 10.27400 84.70299
 10.27007 84.71668
 10.26671 84.73573
 10.26635 84.74392
 10.26671 84.74955
 10.27090 84.75604
 10.27245 84.75784
 10.28010 84.76425
 10.31534 84.78663
 10.34547 84.77061
 10.35539 84.76890
 10.35973 84.77128
 10.36169 84.77268
 10.36857 84.77547
 10.38707 84.77939
 10.44215 84.76399
 10.48515 84.78578
 10.49662 84.79327
 10.54003 84.85040
 10.54912 84.86846
 10.56328 84.92339
 10.56876 84.93732
 10.58054 84.94801
 10.60411 84.97470
 10.60772 84.97793
 10.61625 84.98359
 10.62323 84.98654
 10.65015 84.99111
 10.67046 85.00253
 10.69273 85.01672
 10.69935 85.02300
 10.70322 85.02933
 10.70891 85.04284
 10.71211 85.05403
 10.72462 85.10710
 10.72984 85.12273
 10.73433 85.12891
 10.74126 85.13635
 10.76126 85.16604
 10.76513 85.17374
 10.76751 85.17958
 10.76803 85.18593
 10.76782 85.19252
 10.76627 85.20482
 10.76100 85.22670
 10.75852 85.25280
 10.75955 85.28272
 10.80771 85.30732
 10.82094 85.31605
 10.82415 85.32047
 10.82549 85.32277
 10.82657 85.32525
 10.82745 85.32778
 10.83024 85.35034
 10.83241 85.35644
 10.84637 85.38083
 10.85494 85.39220
 10.90688 85.43754
 10.90859 85.43878
 10.91277 85.44101
 10.91541 85.44119
 10.91768 85.44072
 10.92202 85.43700
 10.92450 85.40302
 10.92843 85.39388
 10.93298 85.39098
 10.93742 85.38897
 10.99023 85.31047
 11.04336 85.26267
 11.04594 85.25895
 11.04677 85.25626
 11.04728 85.25234
 11.04940 85.24629
 11.05111 85.23885
 11.05310 85.23648
 11.00065 85.09284
 10.94189 84.93140
 10.93936 84.90840
 10.94768 84.88497
 11.01488 84.78177
 11.06305 84.70777
 11.07041 84.67645
 11.06274 84.65873
 11.03576 84.62067
 11.03328 84.60323
 11.03447 84.58168
 11.02721 84.55861
 11.00553 84.50874
 11.00403 84.50334
 11.00199 84.49817
 10.99941 84.49331
 10.99636 84.48913
 10.96845 84.46639
 10.96135 84.45784
 10.95633 84.44887
 10.95220 84.43820
 10.95112 84.42725
 10.95504 84.41776
 10.98961 84.36397
 10.99463 84.35547
1 441 9.72482 11.2099 84.764 85.9464 'Guanacaste (Costa Rica)'
 11.20994 85.59779
 11.19539 85.56916
 11.17033 85.54095
 11.15242 85.50863
 11.11545 85.40742
 11.06620 85.27236
 11.05310 85.23648
 11.05111 85.23885
 11.04940 85.24629
 11.04728 85.25234
 11.04677 85.25626
 11.04594 85.25895
 11.04336 85.26267
 10.99023 85.31047
 10.93742 85.38897
 10.93298 85.39098
 10.92843 85.39388
 10.92450 85.40302
 10.92202 85.43700
 10.91768 85.44072
 10.91541 85.44119
 10.91277 85.44101
 10.90859 85.43878
 10.90688 85.43754
 10.85494 85.39220
 10.84637 85.38083
 10.83241 85.35644
 10.83024 85.35034
 10.82745 85.32778
 10.82657 85.32525
 10.82549 85.32277
 10.82415 85.32047
 10.82094 85.31605
 10.80771 85.30732
 10.75955 85.28272
 10.75852 85.25280
 10.76100 85.22670
 10.76627 85.20482
 10.76782 85.19252
 10.76803 85.18593
 10.76751 85.17958
 10.76513 85.17374
 10.76126 85.16604
 10.74126 85.13635
 10.73433 85.12891
 10.72984 85.12273
 10.72462 85.10710
 10.71211 85.05403
 10.70891 85.04284
 10.70322 85.02933
 10.69935 85.02300
 10.69273 85.01672
 10.67046 85.00253
 10.65015 84.99111
 10.62323 84.98654
 10.61625 84.98359
 10.60772 84.97793
 10.60411 84.97470
 10.58054 84.94801
 10.56876 84.93732
 10.56328 84.92339
 10.54912 84.86846
 10.54003 84.85040
 10.49662 84.79327
 10.48515 84.78578
 10.44215 84.76399
 10.38707 84.77939
 10.36857 84.77547
 10.36169 84.77268
 10.35973 84.77128
 10.35539 84.76890
 10.34547 84.77061
 10.31534 84.78663
 10.32785 84.80226
 10.32981 84.80668
 10.33167 84.81239
 10.33198 84.81740
 10.33167 84.82492
 10.33079 84.82918
 10.32971 84.83252
 10.32567 84.83843
 10.31653 84.84709
 10.31343 84.85081
 10.30878 84.85988
 10.30480 84.86582
 10.30030 84.87024
 10.29627 84.87298
 10.29286 84.87481
 10.28991 84.87543
 10.28697 84.87543
 10.28433 84.87489
 10.28216 84.87373
 10.28020 84.87228
 10.27348 84.86492
 10.27152 84.86360
 10.26888 84.86285
 10.26625 84.86249
 10.26356 84.86295
 10.25033 84.86763
 10.23111 84.86988
 10.22811 84.87089
 10.21550 84.87698
 10.21209 84.87791
 10.20940 84.87794
 10.20692 84.87714
 10.20475 84.87618
 10.20269 84.87481
 10.19907 84.87164
 10.19617 84.87024
 10.19240 84.86954
 10.18517 84.87009
 10.18176 84.87174
 10.17912 84.87381
 10.17090 84.89298
 10.16806 84.89734
 10.15235 84.91541
 10.14667 84.92011
 10.14222 84.92280
 10.13613 84.92362
 10.13303 84.92370
 10.12729 84.92264
 10.11659 84.91887
 10.11277 84.91835
 10.11122 84.91993
 10.11101 84.92233
 10.11163 84.92504
 10.11246 84.92758
 10.11737 84.93685
 10.12331 84.94471
 10.12693 84.94838
 10.14212 84.96057
 10.14853 84.96804
 10.14998 84.97005
 10.15494 84.97925
 10.15685 84.98421
 10.15747 84.98716
 10.15762 84.99039
 10.15700 84.99437
 10.15545 84.99948
 10.15514 85.00109
 10.15499 85.00351
 10.15561 85.00618
 10.15659 85.00850
 10.15804 85.01059
 10.16114 85.01437
 10.16217 85.01656
 10.16279 85.01920
 10.16274 85.02196
 10.16165 85.02762
 10.16103 85.03387
 10.16114 85.03708
 10.16165 85.04015
 10.16181 85.04837
 10.15587 85.06839
 10.15582 85.06857
 10.15876 85.07287
 10.16059 85.07677
 10.17239 85.08987
 10.16657 85.10790
 10.16555 85.17557
 10.17011 85.19347
 10.18118 85.20946
 10.20710 85.23453
 10.21332 85.23453
 10.23159 85.22879
 10.25263 85.24625
 10.28225 85.28917
 10.26203 85.28307
 10.24116 85.25418
 10.21674 85.24755
 10.17036 85.24490
 10.14313 85.23888
 10.12458 85.22708
 10.11628 85.24010
 10.10244 85.23827
 10.08938 85.22647
 10.07876 85.19591
 10.06708 85.18505
 10.04206 85.17186
 10.04206 85.16564
 10.04536 85.15758
 10.04267 85.15408
 10.03583 85.15258
 10.03518 85.16128
 10.03632 85.17028
 10.03885 85.17882
 10.04206 85.18615
 10.03583 85.18615
 10.01940 85.16740
 9.98699 85.17751
 9.97882 85.18337
 9.97360 85.20534
 9.97148 85.21032
 9.95676 85.23614
 9.95546 85.24079
 9.95650 85.24283
 9.95815 85.24471
 9.95986 85.24626
 9.96146 85.24807
 9.96079 85.25487
 9.95753 85.26531
 9.94575 85.28993
 9.93738 85.29910
 9.92968 85.30329
 9.92394 85.30158
 9.91939 85.29822
 9.91604 85.29440
 9.91392 85.29016
 9.91325 85.28593
 9.91449 85.27660
 9.91454 85.27337
 9.91443 85.27032
 9.91283 85.26143
 9.91175 85.25898
 9.90927 85.25466
 9.90823 85.25218
 9.90761 85.24939
 9.90772 85.23993
 9.90648 85.23420
 9.90276 85.22753
 9.90012 85.21983
 9.89893 85.21748
 9.89733 85.21557
 9.89144 85.21130
 9.88648 85.20580
 9.88229 85.20309
 9.87991 85.20200
 9.87774 85.20066
 9.87304 85.19864
 9.86710 85.19777
 9.86152 85.19632
 9.85945 85.19500
 9.85800 85.19291
 9.85712 85.19035
 9.85371 85.17573
 9.85180 85.17384
 9.84937 85.17340
 9.84322 85.17635
 9.83294 85.18014
 9.79460 85.19040
 9.78845 85.19066
 9.78431 85.18926
 9.78111 85.18645
 9.77883 85.18601
 9.77697 85.18694
 9.77243 85.19265
 9.76938 85.19467
 9.76504 85.19684
 9.75636 85.19968
 9.75217 85.20185
 9.74953 85.20425
 9.74783 85.20683
 9.74540 85.20975
 9.73222 85.21619
 9.73067 85.21864
 9.73026 85.22074
 9.72757 85.22663
 9.72494 85.22918
 9.72482 85.22930
 9.73733 85.23453
 9.74201 85.23864
 9.74775 85.24791
 9.75800 85.27298
 9.76594 85.27505
 9.77505 85.27469
 9.78201 85.27550
 9.80801 85.29931
 9.82661 85.33243
 9.86453 85.43997
 9.86249 85.44957
 9.85261 85.46390
 9.85025 85.47037
 9.85248 85.48001
 9.86225 85.49356
 9.86453 85.50455
 9.86506 85.51098
 9.86664 85.51321
 9.86966 85.51452
 9.87417 85.51818
 9.87739 85.52518
 9.87588 85.53100
 9.87271 85.53482
 9.87075 85.53555
 9.88874 85.59207
 9.89289 85.61913
 9.89680 85.62552
 9.90156 85.63060
 9.90546 85.63858
 9.90497 85.64981
 9.90054 85.65722
 9.90009 85.66381
 9.91169 85.67272
 9.93032 85.66556
 9.95551 85.67614
 10.07990 85.77855
 10.09089 85.78466
 10.11782 85.79271
 10.13666 85.80504
 10.23102 85.84402
 10.25934 85.84756
 10.27656 85.85184
 10.28909 85.85770
 10.30244 85.84390
 10.31204 85.83816
 10.32014 85.84032
 10.34699 85.86160
 10.35505 85.87499
 10.36489 85.86758
 10.37849 85.85025
 10.39545 85.83853
 10.41201 85.83035
 10.40530 85.81326
 10.41592 85.80399
 10.43142 85.79674
 10.44729 85.77550
 10.46524 85.78372
 10.48395 85.79882
 10.49453 85.80923
 10.49881 85.80297
 10.50027 85.80028
 10.50137 85.79564
 10.50821 85.79564
 10.50821 85.80923
 10.51504 85.80923
 10.51716 85.79784
 10.52412 85.79052
 10.54300 85.78197
 10.54300 85.77514
 10.53181 85.76122
 10.53982 85.74161
 10.55093 85.72159
 10.54914 85.70629
 10.54914 85.70006
 10.56228 85.70141
 10.56863 85.69799
 10.57209 85.69229
 10.57648 85.68700
 10.59211 85.67785
 10.59125 85.67422
 10.59011 85.66185
 10.62116 85.63174
 10.62946 85.63402
 10.63581 85.63931
 10.64472 85.65225
 10.60379 85.69323
 10.60708 85.69420
 10.61001 85.69408
 10.61164 85.69518
 10.61123 85.70006
 10.61746 85.70006
 10.62995 85.68847
 10.63520 85.68139
 10.63788 85.67272
 10.64472 85.67955
 10.64383 85.68045
 10.64191 85.68179
 10.63980 85.68387
 10.63788 85.68700
 10.64619 85.68448
 10.64907 85.68399
 10.65217 85.67272
 10.65839 85.67272
 10.65839 85.67955
 10.66584 85.67955
 10.67898 85.66287
 10.71296 85.65958
 10.77884 85.66527
 10.79633 85.68029
 10.81086 85.71337
 10.81619 85.74649
 10.80610 85.76150
 10.80610 85.76749
 10.82864 85.79507
 10.83718 85.80309
 10.83564 85.79833
 10.83832 85.79239
 10.84390 85.78991
 10.85086 85.79564
 10.85248 85.80297
 10.85061 85.82230
 10.85086 85.83035
 10.86176 85.85977
 10.87515 85.88292
 10.88642 85.90880
 10.89114 85.94644
 10.89859 85.94644
 10.90420 85.92382
 10.92316 85.88150
 10.92593 85.85770
 10.93207 85.86148
 10.93586 85.86449
 10.93814 85.86913
 10.93960 85.87816
 10.94636 85.87816
 10.94929 85.82872
 10.94636 85.81615
 10.93867 85.81090
 10.92971 85.81216
 10.92227 85.81461
 10.91909 85.81265
 10.91718 85.80850
 10.90546 85.79564
 10.90546 85.78942
 10.91287 85.78197
 10.91909 85.78197
 10.93024 85.79337
 10.93745 85.78246
 10.94058 85.76114
 10.93960 85.74100
 10.93643 85.73416
 10.92768 85.72521
 10.92593 85.71707
 10.92829 85.71056
 10.93403 85.70779
 10.94082 85.70889
 10.94636 85.71373
 10.95380 85.71373
 10.95926 85.69888
 10.97024 85.69469
 10.98322 85.69815
 10.99482 85.70629
 11.00003 85.71353
 11.00690 85.73038
 11.01187 85.73758
 11.02066 85.74600
 11.02302 85.74600
 11.02407 85.74096
 11.02896 85.73416
 11.04291 85.71886
 11.03811 85.70999
 11.02863 85.69962
 11.02896 85.67955
 11.03986 85.66751
 11.05439 85.67020
 11.06839 85.68102
 11.07734 85.69323
 11.08088 85.70174
 11.11963 85.67758
 11.15883 85.65931
 11.19622 85.63115
 11.20994 85.59779
2 301 9.07064 10.938 82.5628 83.9427 'Limón (Costa Rica)'
 9.54133 82.71973
 9.54490 82.72936
 9.57986 82.77109
 9.60272 82.82902
 9.60066 82.84747
 9.58507 82.86605
 9.56918 82.87739
 9.55991 82.87925
 9.53864 82.86713
 9.51120 82.86021
 9.50544 82.85592
 9.50348 82.84938
 9.50069 82.84478
 9.49255 82.84639
 9.48410 82.86129
 9.47686 82.91462
 9.47033 82.93331
 9.45635 82.94170
 9.43715 82.94429
 9.35431 82.94320
 9.23442 82.94165
 9.07064 82.93952
 9.07123 82.94023
 9.07893 82.94950
 9.08100 82.95266
 9.08606 82.96883
 9.10286 82.98581
 9.11025 82.99090
 9.12751 82.99715
 9.13583 83.00247
 9.13836 83.00661
 9.14125 83.01286
 9.15076 83.04730
 9.15252 83.05030
 9.15500 83.05309
 9.16016 83.05611
 9.16389 83.05748
 9.21763 83.06839
 9.22745 83.07195
 9.23179 83.07428
 9.23375 83.07575
 9.23541 83.07756
 9.23696 83.07963
 9.25711 83.11544
 9.25995 83.11939
 9.26677 83.12660
 9.31685 83.16567
 9.31809 83.17001
 9.31881 83.17657
 9.31726 83.19807
 9.31473 83.21192
 9.31473 83.21533
 9.31566 83.22063
 9.31778 83.22771
 9.32568 83.24334
 9.33204 83.25287
 9.33452 83.25768
 9.34062 83.27615
 9.34289 83.28127
 9.34429 83.28357
 9.34537 83.28584
 9.36129 83.30434
 9.36418 83.30873
 9.36656 83.31346
 9.36672 83.31680
 9.36594 83.32114
 9.36212 83.32845
 9.35974 83.33214
 9.35726 83.33473
 9.34103 83.34641
 9.33933 83.34806
 9.33793 83.35230
 9.33617 83.37100
 9.33483 83.37658
 9.33307 83.38031
 9.32946 83.38385
 9.32801 83.38571
 9.32667 83.38795
 9.32646 83.39012
 9.32739 83.39237
 9.33514 83.39501
 9.33840 83.39563
 9.34103 83.39640
 9.34413 83.40005
 9.34610 83.40328
 9.35369 83.42940
 9.36232 83.44165
 9.36573 83.44516
 9.37731 83.45363
 9.46759 83.48686
 9.47828 83.49043
 9.49146 83.49684
 9.49436 83.49895
 9.49777 83.50216
 9.50051 83.50402
 9.51404 83.51007
 9.52640 83.51213
 9.53585 83.51430
 9.56644 83.51092
 9.59456 83.49699
 9.66329 83.43911
 9.71972 83.41663
 9.73212 83.40875
 9.76834 83.37855
 9.82100 83.33592
 9.83826 83.32925
 9.85645 83.33183
 9.89190 83.34338
 9.91392 83.34486
 9.93159 83.34155
 9.94792 83.33364
 9.96575 83.32129
 9.96962 83.31891
 9.97360 83.33899
 9.97603 83.44490
 9.97717 83.58905
 9.98657 83.61523
 10.03174 83.71326
 10.05995 83.77356
 10.08042 83.81746
 10.13623 83.94273
 10.18119 83.92908
 10.19013 83.92255
 10.19896 83.91355
 10.24873 83.86648
 10.25353 83.86340
 10.27927 83.85108
 10.28650 83.84842
 10.29198 83.84723
 10.29477 83.84772
 10.30692 83.84687
 10.32123 83.84361
 10.32831 83.84273
 10.33322 83.84291
 10.33549 83.84413
 10.33932 83.84723
 10.34335 83.84986
 10.34841 83.85175
 10.35926 83.85480
 10.38376 83.86813
 10.38753 83.86942
 10.40210 83.87167
 10.40805 83.87108
 10.41234 83.87028
 10.41952 83.86679
 10.42360 83.86395
 10.43885 83.85594
 10.44122 83.85392
 10.44226 83.85165
 10.44257 83.84901
 10.44329 83.84625
 10.44448 83.84400
 10.44603 83.84206
 10.45011 83.83803
 10.46365 83.82904
 10.48463 83.82343
 10.48959 83.82341
 10.49233 83.82387
 10.50220 83.82788
 10.50520 83.82850
 10.50861 83.82865
 10.51677 83.82772
 10.52008 83.82762
 10.52298 83.82803
 10.52530 83.82919
 10.52742 83.83059
 10.53114 83.83377
 10.53321 83.83524
 10.53558 83.83620
 10.54148 83.83635
 10.58437 83.83069
 10.59377 83.83136
 10.62426 83.82997
 10.63336 83.82865
 10.63925 83.82700
 10.64106 83.82539
 10.64426 83.82157
 10.64969 83.81312
 10.65465 83.80351
 10.65764 83.79956
 10.66829 83.78953
 10.67909 83.77258
 10.68255 83.76214
 10.68374 83.75633
 10.68622 83.72716
 10.68886 83.71662
 10.68896 83.71277
 10.68865 83.70917
 10.68715 83.70458
 10.68808 83.70357
 10.68979 83.70370
 10.69299 83.70579
 10.69583 83.70827
 10.69893 83.71199
 10.70415 83.72065
 10.70736 83.72457
 10.71077 83.72793
 10.71459 83.73101
 10.71811 83.73189
 10.72296 83.73227
 10.74301 83.72928
 10.74653 83.72943
 10.74984 83.73000
 10.75464 83.73274
 10.75914 83.73651
 10.76399 83.74155
 10.76565 83.74385
 10.76715 83.74625
 10.76834 83.74935
 10.77149 83.76080
 10.77368 83.76382
 10.78916 83.69814
 10.80702 83.66303
 10.83417 83.66013
 10.86975 83.66931
 10.89172 83.66985
 10.89701 83.67983
 10.91030 83.67685
 10.91615 83.67880
 10.91712 83.68098
 10.93459 83.68875
 10.93659 83.69650
 10.93797 83.68687
 10.93543 83.68177
 10.93595 83.67834
 10.93323 83.67299
 10.93129 83.67299
 10.92941 83.67556
 10.92598 83.67556
 10.92649 83.67128
 10.93122 83.66620
 10.93532 83.66535
 10.93439 83.66076
 10.92593 83.64436
 10.90290 83.62426
 10.85659 83.59870
 10.80732 83.58056
 10.77570 83.58288
 10.79361 83.59756
 10.85761 83.62385
 10.77778 83.60692
 10.74551 83.60863
 10.72110 83.63752
 10.72386 83.62222
 10.73086 83.61189
 10.73957 83.60216
 10.74775 83.58910
 10.74266 83.59366
 10.73656 83.59472
 10.72932 83.59301
 10.72110 83.58910
 10.73286 83.58528
 10.75580 83.58104
 10.76826 83.57543
 10.63605 83.52697
 10.49453 83.46618
 10.37604 83.39452
 10.12934 83.20372
 10.11774 83.18838
 10.04059 83.12466
 10.00214 83.08532
 10.01533 83.06151
 10.00959 83.05240
 10.00503 83.02603
 9.99738 83.02058
 9.97871 83.01985
 9.96312 83.01667
 9.94929 83.00935
 9.93594 82.99633
 9.86758 82.94978
 9.85708 82.93489
 9.78010 82.87727
 9.73949 82.83381
 9.74722 82.80826
 9.73151 82.80248
 9.69123 82.79699
 9.67276 82.78775
 9.66104 82.77233
 9.63793 82.70523
 9.63548 82.68139
 9.63630 82.65795
 9.63451 82.63589
 9.62434 82.61644
 9.58698 82.59142
 9.57681 82.57457
 9.57620 82.57360
 9.53870 82.56284
 9.53823 82.57061
 9.54624 82.58588
 9.54867 82.60110
 9.53787 82.60821
 9.49950 82.61239
 9.48671 82.61885
 9.48467 82.63213
 9.48785 82.65071
 9.49317 82.66821
 9.49777 82.67805
 9.50945 82.68867
 9.53355 82.70146
 9.54500 82.71169
 9.54133 82.71973
3 772 5.51508 10.332 82.7194 87.1177 'Puntarenas (Costa Rica)'
 9.07064 82.93952
 9.05958 82.93938
 9.07201 82.90946
 9.07206 82.90023
 9.06694 82.89328
 9.05937 82.88969
 9.05149 82.88687
 9.04534 82.88243
 9.04193 82.87656
 9.03198 82.85409
 8.99837 82.80817
 8.98299 82.76270
 8.97408 82.74913
 8.93093 82.72334
 8.92152 82.71936
 8.92024 82.72016
 8.89799 82.73386
 8.87995 82.76378
 8.83807 82.86693
 8.82977 82.87858
 8.81693 82.88832
 8.81238 82.88357
 8.80753 82.87563
 8.79391 82.87579
 8.78319 82.88512
 8.76479 82.91488
 8.75616 82.92297
 8.74120 82.92416
 8.72707 82.91922
 8.71391 82.91034
 8.67906 82.87894
 8.65570 82.86222
 8.62986 82.84980
 8.59948 82.84186
 8.52976 82.83597
 8.49462 82.83892
 8.46517 82.84830
 8.43812 82.87041
 8.42535 82.89651
 8.41675 82.92478
 8.40210 82.95351
 8.36016 82.99777
 8.33474 83.04330
 8.32763 83.05211
 8.31510 83.05325
 8.30536 83.04407
 8.28900 83.01607
 8.28337 83.01077
 8.26924 83.00110
 8.26482 82.99552
 8.26446 82.98919
 8.26924 82.97713
 8.26797 82.96801
 8.25883 82.95051
 8.24857 82.94367
 8.21684 82.93909
 8.10219 82.88641
 8.05755 82.89137
 8.03475 82.89763
 8.04536 82.91124
 8.06061 82.90970
 8.07746 82.90213
 8.09280 82.89761
 8.10505 82.90038
 8.22122 82.96850
 8.24641 82.99258
 8.33613 83.11685
 8.36929 83.15087
 8.40493 83.12149
 8.40778 83.11608
 8.41804 83.11046
 8.43134 83.09960
 8.44668 83.09268
 8.46271 83.09903
 8.50320 83.13170
 8.51455 83.13720
 8.52932 83.13773
 8.53449 83.13060
 8.53815 83.11815
 8.54804 83.10245
 8.55178 83.11425
 8.55024 83.14342
 8.55549 83.15770
 8.56375 83.16515
 8.60269 83.18505
 8.60786 83.18175
 8.61135 83.18017
 8.61697 83.17821
 8.61697 83.17138
 8.60073 83.16173
 8.59280 83.15880
 8.57941 83.15770
 8.57718 83.15331
 8.58902 83.12357
 8.59646 83.12357
 8.60220 83.13724
 8.61286 83.15172
 8.62564 83.16405
 8.63748 83.17138
 8.63748 83.17821
 8.62519 83.18578
 8.62446 83.20397
 8.62686 83.22476
 8.62381 83.24026
 8.63723 83.24759
 8.65131 83.25931
 8.65847 83.27318
 8.65107 83.28738
 8.66958 83.31908
 8.68460 83.32836
 8.70572 83.32217
 8.70620 83.32901
 8.70572 83.33580
 8.72207 83.33170
 8.72993 83.34586
 8.73428 83.36693
 8.73981 83.38366
 8.72809 83.38952
 8.72895 83.39481
 8.73371 83.40140
 8.73367 83.41153
 8.72830 83.41629
 8.72126 83.41751
 8.71516 83.42166
 8.71255 83.43517
 8.71747 83.46825
 8.71259 83.48172
 8.69269 83.48668
 8.69843 83.47912
 8.69888 83.47924
 8.69888 83.47301
 8.64643 83.43790
 8.63052 83.43326
 8.59846 83.41275
 8.58902 83.40477
 8.58230 83.39159
 8.57107 83.35424
 8.56916 83.33922
 8.56098 83.32547
 8.54507 83.31237
 8.53437 83.29971
 8.54182 83.28738
 8.51716 83.28685
 8.50703 83.28885
 8.50027 83.29491
 8.49343 83.29491
 8.47293 83.27982
 8.43793 83.27371
 8.40156 83.27636
 8.37674 83.28738
 8.37592 83.30984
 8.38760 83.34642
 8.40412 83.38089
 8.41767 83.39725
 8.41767 83.39110
 8.41413 83.38663
 8.41250 83.38296
 8.41092 83.36937
 8.41950 83.38866
 8.42459 83.39647
 8.43195 83.40477
 8.41767 83.40477
 8.44269 83.46243
 8.44562 83.48294
 8.43826 83.54418
 8.43818 83.56115
 8.44497 83.57559
 8.45856 83.58890
 8.49002 83.61327
 8.57034 83.70023
 8.57941 83.70580
 8.58051 83.71011
 8.58881 83.73058
 8.59272 83.73681
 8.62381 83.73990
 8.67036 83.70946
 8.67841 83.70238
 8.68769 83.68668
 8.69180 83.67593
 8.68891 83.67101
 8.68293 83.66784
 8.68985 83.66092
 8.72675 83.63659
 8.73367 83.63003
 8.74954 83.64257
 8.76740 83.62747
 8.78205 83.60001
 8.78828 83.57543
 8.79446 83.57543
 8.79702 83.59708
 8.79605 83.60794
 8.79011 83.61539
 8.77774 83.62694
 8.77228 83.63866
 8.78189 83.64257
 8.79885 83.63781
 8.81558 83.62381
 8.82754 83.59903
 8.83535 83.58764
 8.84663 83.58288
 8.85676 83.58910
 8.86380 83.60208
 8.87324 83.61388
 8.89069 83.61636
 8.88089 83.59704
 8.87800 83.58768
 8.87763 83.57543
 8.88496 83.58141
 8.89053 83.58898
 8.89814 83.60338
 8.90314 83.60949
 8.90778 83.61295
 8.91096 83.61828
 8.91177 83.63003
 8.91901 83.61791
 8.92426 83.61962
 8.92825 83.62658
 8.93167 83.63003
 8.94265 83.62552
 8.95083 83.62039
 8.95808 83.61339
 8.96638 83.60338
 9.03535 83.62987
 9.04409 83.63476
 9.06196 83.65115
 9.05520 83.65799
 9.08413 83.68045
 9.11787 83.70092
 9.14431 83.72720
 9.15139 83.76720
 9.17719 83.76488
 9.19925 83.78690
 9.21450 83.81713
 9.22028 83.83951
 9.29475 83.91808
 9.33023 83.99511
 9.33975 84.00744
 9.37726 84.10363
 9.37726 84.10985
 9.37259 84.11632
 9.37263 84.12194
 9.37690 84.12662
 9.38471 84.13036
 9.37885 84.14407
 9.38532 84.15225
 9.39472 84.16153
 9.39777 84.17870
 9.41621 84.16796
 9.44221 84.18224
 9.46499 84.20836
 9.47346 84.23339
 9.46670 84.23339
 9.46499 84.22460
 9.46255 84.21866
 9.45303 84.20543
 9.45755 84.23143
 9.48159 84.27269
 9.48713 84.29886
 9.48908 84.32421
 9.52603 84.45792
 9.52810 84.48351
 9.52603 84.49547
 9.52200 84.50829
 9.51931 84.52160
 9.52131 84.53502
 9.53107 84.54674
 9.54287 84.55069
 9.55239 84.55541
 9.55545 84.56912
 9.55142 84.56656
 9.54841 84.56509
 9.54116 84.56298
 9.55435 84.57950
 9.57807 84.61657
 9.59296 84.62377
 9.60672 84.62731
 9.61335 84.63610
 9.61770 84.64721
 9.62434 84.65795
 9.63447 84.66137
 9.64492 84.65994
 9.65168 84.66271
 9.65103 84.67837
 9.66238 84.67443
 9.67329 84.67553
 9.68354 84.67809
 9.69257 84.67837
 9.70380 84.67247
 9.72077 84.65526
 9.73770 84.64847
 9.74612 84.64147
 9.75703 84.63443
 9.77143 84.63121
 9.78339 84.63455
 9.79377 84.64236
 9.80927 84.65795
 9.86884 84.69839
 9.87759 84.70971
 9.88447 84.72594
 9.89960 84.72378
 9.92255 84.70971
 9.94257 84.73428
 9.95230 84.73880
 9.96695 84.73363
 9.97565 84.76232
 9.96695 84.85094
 9.97439 84.85094
 9.97915 84.83865
 9.98086 84.82291
 9.98062 84.78824
 9.98745 84.78824
 9.98896 84.82010
 9.99396 84.84854
 10.00263 84.87426
 10.01533 84.89810
 10.04011 84.92825
 10.04548 84.93285
 10.04694 84.93932
 10.05545 84.95202
 10.06489 84.96097
 10.06936 84.95617
 10.07795 84.97289
 10.11599 85.01391
 10.12674 85.03576
 10.13614 85.04605
 10.13825 85.05236
 10.13601 85.05736
 10.13227 85.06168
 10.13142 85.06737
 10.13825 85.07620
 10.14887 85.07030
 10.15567 85.06835
 10.15582 85.06857
 10.15587 85.06839
 10.16181 85.04837
 10.16165 85.04015
 10.16114 85.03708
 10.16103 85.03387
 10.16165 85.02762
 10.16274 85.02196
 10.16279 85.01920
 10.16217 85.01656
 10.16114 85.01437
 10.15804 85.01059
 10.15659 85.00850
 10.15561 85.00618
 10.15499 85.00351
 10.15514 85.00109
 10.15545 84.99948
 10.15700 84.99437
 10.15762 84.99039
 10.15747 84.98716
 10.15685 84.98421
 10.15494 84.97925
 10.14998 84.97005
 10.14853 84.96804
 10.14212 84.96057
 10.12693 84.94838
 10.12331 84.94471
 10.11737 84.93685
 10.11246 84.92758
 10.11163 84.92504
 10.11101 84.92233
 10.11122 84.91993
 10.11277 84.91835
 10.11659 84.91887
 10.12729 84.92264
 10.13303 84.92370
 10.13613 84.92362
 10.14222 84.92280
 10.14667 84.92011
 10.15235 84.91541
 10.16806 84.89734
 10.17090 84.89298
 10.17912 84.87381
 10.18176 84.87174
 10.18517 84.87009
 10.19240 84.86954
 10.19617 84.87024
 10.19907 84.87164
 10.20269 84.87481
 10.20475 84.87618
 10.20692 84.87714
 10.20940 84.87794
 10.21209 84.87791
 10.21550 84.87698
 10.22811 84.87089
 10.23111 84.86988
 10.25033 84.86763
 10.26356 84.86295
 10.26625 84.86249
 10.26888 84.86285
 10.27152 84.86360
 10.27348 84.86492
 10.28020 84.87228
 10.28216 84.87373
 10.28433 84.87489
 10.28697 84.87543
 10.28991 84.87543
 10.29286 84.87481
 10.29627 84.87298
 10.30030 84.87024
 10.30480 84.86582
 10.30878 84.85988
 10.31343 84.85081
 10.31653 84.84709
 10.32567 84.83843
 10.32971 84.83252
 10.33079 84.82918
 10.33167 84.82492
 10.33198 84.81740
 10.33167 84.81239
 10.32981 84.80668
 10.32785 84.80226
 10.31534 84.78663
 10.28010 84.76425
 10.27245 84.75784
 10.27090 84.75604
 10.26671 84.74955
 10.26635 84.74392
 10.26671 84.73573
 10.27007 84.71668
 10.27400 84.70299
 10.27787 84.69645
 10.27891 84.69415
 10.27984 84.69154
 10.27875 84.68392
 10.26728 84.66607
 10.25178 84.66051
 10.24614 84.65648
 10.24149 84.65046
 10.23979 84.64888
 10.23607 84.64850
 10.23100 84.64963
 10.21188 84.66020
 10.20449 84.66320
 10.18207 84.66896
 10.17840 84.66896
 10.17431 84.66816
 10.16429 84.66260
 10.15871 84.66152
 10.15494 84.66113
 10.12977 84.66493
 10.11380 84.66043
 10.09122 84.64938
 10.08228 84.64346
 10.06223 84.62710
 10.04921 84.61904
 10.02978 84.60269
 10.02016 84.59643
 10.01779 84.59581
 10.01469 84.59444
 10.01324 84.59351
 10.01262 84.59139
 10.01252 84.58806
 10.01463 84.58034
 10.02068 84.57246
 10.02171 84.56997
 10.01830 84.56279
 9.99774 84.55010
 9.99029 84.55088
 9.98812 84.55176
 9.98513 84.55507
 9.98254 84.56000
 9.97634 84.57571
 9.94461 84.62491
 9.94125 84.63599
 9.93386 84.64369
 9.90508 84.66219
 9.90198 84.66924
 9.90048 84.67085
 9.89826 84.67255
 9.89552 84.67304
 9.88963 84.67297
 9.88436 84.67441
 9.88064 84.67108
 9.87588 84.66421
 9.86762 84.64330
 9.86317 84.62677
 9.86245 84.61374
 9.86007 84.60178
 9.85315 84.59279
 9.82452 84.57106
 9.81733 84.57997
 9.81304 84.57044
 9.80912 84.56326
 9.80612 84.55928
 9.80271 84.55553
 9.80075 84.55383
 9.79279 84.54806
 9.78359 84.54318
 9.77971 84.54235
 9.77418 84.54181
 9.76592 84.54328
 9.76194 84.54491
 9.75940 84.54690
 9.75806 84.54886
 9.75703 84.55129
 9.75636 84.55403
 9.75599 84.55711
 9.75703 84.57630
 9.75630 84.58225
 9.75548 84.58504
 9.75419 84.58744
 9.75263 84.58938
 9.75062 84.59072
 9.74824 84.59150
 9.74550 84.59163
 9.74287 84.59132
 9.71765 84.58364
 9.70561 84.58121
 9.68628 84.58194
 9.68318 84.58163
 9.67729 84.57925
 9.63869 84.55706
 9.63641 84.55631
 9.60319 84.54972
 9.59569 84.54700
 9.58639 84.54259
 9.57807 84.53638
 9.57146 84.52925
 9.56929 84.52610
 9.56805 84.51582
 9.57306 84.48494
 9.57022 84.47784
 9.56986 84.47535
 9.56991 84.47132
 9.57394 84.45574
 9.57399 84.45269
 9.57368 84.44965
 9.57265 84.44727
 9.57120 84.44507
 9.56588 84.44034
 9.56417 84.43843
 9.56293 84.43621
 9.56210 84.43378
 9.56185 84.43086
 9.56221 84.42815
 9.56355 84.42505
 9.56603 84.42233
 9.57812 84.41626
 9.58019 84.41484
 9.58277 84.41213
 9.59177 84.40084
 9.59518 84.39730
 9.59823 84.39510
 9.60076 84.39417
 9.60670 84.39363
 9.62649 84.39712
 9.62902 84.39696
 9.63068 84.39448
 9.63182 84.38877
 9.63161 84.37709
 9.63657 84.35084
 9.63879 84.30813
 9.63745 84.29330
 9.63269 84.28805
 9.62996 84.28418
 9.62158 84.27743
 9.62008 84.27586
 9.61822 84.26521
 9.61910 84.22961
 9.61352 84.21659
 9.61228 84.20165
 9.61626 84.15690
 9.61523 84.14791
 9.61440 84.14550
 9.61166 84.14212
 9.60727 84.13941
 9.59941 84.13729
 9.59476 84.13698
 9.59084 84.13731
 9.58246 84.13923
 9.57606 84.13977
 9.57301 84.13954
 9.56934 84.13783
 9.56520 84.13432
 9.55838 84.12672
 9.55564 84.11907
 9.55471 84.11442
 9.55626 84.10535
 9.55652 84.09230
 9.55518 84.08323
 9.55332 84.07809
 9.55187 84.07566
 9.54820 84.07344
 9.54278 84.07140
 9.53027 84.06936
 9.52428 84.06938
 9.52004 84.07013
 9.51544 84.07280
 9.51048 84.07484
 9.50428 84.07109
 9.49451 84.04936
 9.46340 84.03300
 9.44144 84.01024
 9.39819 83.94472
 9.39333 83.92934
 9.39560 83.92802
 9.39736 83.92632
 9.39891 83.92451
 9.40025 83.92237
 9.40129 83.92012
 9.40211 83.91751
 9.40253 83.91469
 9.40253 83.91159
 9.40201 83.90883
 9.39974 83.90575
 9.39622 83.90242
 9.38351 83.89526
 9.37958 83.89374
 9.36026 83.88955
 9.35778 83.88849
 9.32532 83.85614
 9.31659 83.84953
 9.31023 83.84594
 9.30041 83.84723
 9.29432 83.84710
 9.28331 83.84547
 9.26321 83.83909
 9.25349 83.83423
 9.24946 83.83152
 9.24522 83.82782
 9.23907 83.82095
 9.21691 83.77124
 9.21494 83.76377
 9.21536 83.76098
 9.21613 83.75850
 9.21763 83.75664
 9.21949 83.75493
 9.23148 83.74617
 9.23293 83.74434
 9.23417 83.74204
 9.23520 83.73938
 9.23597 83.73646
 9.23644 83.73320
 9.23644 83.73057
 9.23597 83.72773
 9.23520 83.72504
 9.23055 83.71527
 9.21737 83.70140
 9.18962 83.67863
 9.18363 83.67509
 9.18094 83.67484
 9.17835 83.67429
 9.15262 83.66675
 9.15045 83.66564
 9.14663 83.66300
 9.13862 83.65615
 9.08038 83.56536
 9.07934 83.56306
 9.08007 83.55216
 9.08131 83.54371
 9.08136 83.54112
 9.08105 83.53761
 9.08007 83.53513
 9.07697 83.53089
 9.07164 83.52639
 9.07004 83.52474
 9.06746 83.52035
 9.06663 83.51751
 9.06606 83.51485
 9.06632 83.51224
 9.06699 83.50988
 9.06828 83.50782
 9.07009 83.50601
 9.08508 83.49521
 9.08844 83.49162
 9.09050 83.48846
 9.09154 83.48629
 9.09288 83.48420
 9.09464 83.48229
 9.09826 83.48097
 9.10348 83.48027
 9.12642 83.48314
 9.13071 83.48252
 9.13577 83.48089
 9.14973 83.47322
 9.15593 83.47131
 9.16781 83.47190
 9.17339 83.47312
 9.17742 83.47462
 9.17949 83.47601
 9.18213 83.47673
 9.18430 83.47784
 9.18559 83.47958
 9.18564 83.48213
 9.18518 83.48474
 9.18518 83.48743
 9.18600 83.48970
 9.18745 83.49162
 9.18921 83.49317
 9.19086 83.49503
 9.19200 83.49730
 9.19375 83.50603
 9.19499 83.50818
 9.19696 83.50944
 9.19965 83.50965
 9.25008 83.49983
 9.25267 83.49898
 9.25752 83.49572
 9.28796 83.46836
 9.29194 83.46609
 9.29768 83.46356
 9.32202 83.45684
 9.32718 83.45394
 9.33096 83.45126
 9.35369 83.42940
 9.34610 83.40328
 9.34413 83.40005
 9.34103 83.39640
 9.33840 83.39563
 9.33514 83.39501
 9.32739 83.39237
 9.32646 83.39012
 9.32667 83.38795
 9.32801 83.38571
 9.32946 83.38385
 9.33307 83.38031
 9.33483 83.37658
 9.33617 83.37100
 9.33793 83.35230
 9.33933 83.34806
 9.34103 83.34641
 9.35726 83.33473
 9.35974 83.33214
 9.36212 83.32845
 9.36594 83.32114
 9.36672 83.31680
 9.36656 83.31346
 9.36418 83.30873
 9.36129 83.30434
 9.34537 83.28584
 9.34429 83.28357
 9.34289 83.28127
 9.34062 83.27615
 9.33452 83.25768
 9.33204 83.25287
 9.32568 83.24334
 9.31778 83.22771
 9.31566 83.22063
 9.31473 83.21533
 9.31473 83.21192
 9.31726 83.19807
 9.31881 83.17657
 9.31809 83.17001
 9.31685 83.16567
 9.26677 83.12660
 9.25995 83.11939
 9.25711 83.11544
 9.23696 83.07963
 9.23541 83.07756
 9.23375 83.07575
 9.23179 83.07428
 9.22745 83.07195
 9.21763 83.06839
 9.16389 83.05748
 9.16016 83.05611
 9.15500 83.05309
 9.15252 83.05030
 9.15076 83.04730
 9.14125 83.01286
 9.13836 83.00661
 9.13583 83.00247
 9.12751 82.99715
 9.11025 82.99090
 9.10286 82.98581
 9.08606 82.96883
 9.08100 82.95266
 9.07893 82.94950
 9.07123 82.94023
 9.07064 82.93952
4 122 5.51508 10.332 82.7194 87.1177 'Puntarenas (Costa Rica)'
 10.01940 85.16740
 9.99934 85.14452
 9.97492 85.08385
 9.97065 85.07620
 9.97342 85.06908
 9.96695 85.05313
 9.94497 85.01452
 9.93928 84.99669
 9.93879 84.97757
 9.94648 84.95958
 9.93716 84.94778
 9.92145 84.92260
 9.91169 84.91112
 9.90546 84.91112
 9.90070 84.93106
 9.88630 84.93017
 9.86953 84.91808
 9.85708 84.90494
 9.85432 84.91308
 9.84894 84.92077
 9.83662 84.93285
 9.83002 84.91808
 9.82807 84.90062
 9.82917 84.86461
 9.82294 84.86461
 9.81354 84.87869
 9.80610 84.89660
 9.79584 84.91202
 9.77827 84.91861
 9.77420 84.92235
 9.76089 84.94591
 9.75357 84.95035
 9.73513 84.95547
 9.72736 84.95958
 9.74274 84.99096
 9.74409 85.00760
 9.73078 85.01480
 9.72260 85.01037
 9.70327 84.99498
 9.69941 84.99743
 9.68374 85.02982
 9.68240 85.03527
 9.67727 85.03893
 9.66531 85.06261
 9.65738 85.06749
 9.58857 85.08934
 9.57107 85.09850
 9.55545 85.11046
 9.55545 85.11783
 9.61262 85.14578
 9.72439 85.22912
 9.72482 85.22930
 9.72494 85.22918
 9.72757 85.22663
 9.73026 85.22074
 9.73067 85.21864
 9.73222 85.21619
 9.74540 85.20975
 9.74783 85.20683
 9.74953 85.20425
 9.75217 85.20185
 9.75636 85.19968
 9.76504 85.19684
 9.76938 85.19467
 9.77243 85.19265
 9.77697 85.18694
 9.77883 85.18601
 9.78111 85.18645
 9.78431 85.18926
 9.78845 85.19066
 9.79460 85.19040
 9.83294 85.18014
 9.84322 85.17635
 9.84937 85.17340
 9.85180 85.17384
 9.85371 85.17573
 9.85712 85.19035
 9.85800 85.19291
 9.85945 85.19500
 9.86152 85.19632
 9.86710 85.19777
 9.87304 85.19864
 9.87774 85.20066
 9.87991 85.20200
 9.88229 85.20309
 9.88648 85.20580
 9.89144 85.21130
 9.89733 85.21557
 9.89893 85.21748
 9.90012 85.21983
 9.90276 85.22753
 9.90648 85.23420
 9.90772 85.23993
 9.90761 85.24939
 9.90823 85.25218
 9.90927 85.25466
 9.91175 85.25898
 9.91283 85.26143
 9.91443 85.27032
 9.91454 85.27337
 9.91449 85.27660
 9.91325 85.28593
 9.91392 85.29016
 9.91604 85.29440
 9.91939 85.29822
 9.92394 85.30158
 9.92968 85.30329
 9.93738 85.29910
 9.94575 85.28993
 9.95753 85.26531
 9.96079 85.25487
 9.96146 85.24807
 9.95986 85.24626
 9.95815 85.24471
 9.95650 85.24283
 9.95546 85.24079
 9.95676 85.23614
 9.97148 85.21032
 9.97360 85.20534
 9.97882 85.18337
 9.98699 85.17751
 10.01940 85.16740
5 21 5.51508 10.332 82.7194 87.1177 'Puntarenas (Costa Rica)'
 10.09870 85.13134
 10.09638 85.12157
 10.09170 85.11604
 10.08954 85.10790
 10.08983 85.09732
 10.08364 85.09732
 10.07929 85.10949
 10.07563 85.12483
 10.07416 85.14184
 10.07616 85.15880
 10.08324 85.17614
 10.09243 85.18529
 10.11774 85.19913
 10.12401 85.18029
 10.12458 85.17186
 10.11921 85.13996
 10.11030 85.11046
 10.10346 85.11046
 10.10346 85.14513
 10.09846 85.13565
 10.09870 85.13134
6 10 5.51508 10.332 82.7194 87.1177 'Puntarenas (Costa Rica)'
 5.51602 87.09903
 5.51508 87.11767
 5.53742 87.10460
 5.54670 87.09252
 5.55508 87.07852
 5.55785 87.06461
 5.54759 87.06461
 5.53461 87.06554
 5.52066 87.07852
 5.51602 87.09903
7 7 5.51508 10.332 82.7194 87.1177 'Puntarenas (Costa Rica)'
 8.70649 83.89662
 8.71299 83.88346
 8.71359 83.86911
 8.70178 83.87031
 8.69882 83.87808
 8.70118 83.89063
 8.70649 83.89662
8 154 9.94565 10.7894 83.7036 84.2019 'Heredia (Costa Rica)'
 10.72178 83.85953
 10.72400 83.85581
 10.74761 83.83534
 10.77247 83.76896
 10.77368 83.76382
 10.77149 83.76080
 10.76834 83.74935
 10.76715 83.74625
 10.76565 83.74385
 10.76399 83.74155
 10.75914 83.73651
 10.75464 83.73274
 10.74984 83.73000
 10.74653 83.72943
 10.74301 83.72928
 10.72296 83.73227
 10.71811 83.73189
 10.71459 83.73101
 10.71077 83.72793
 10.70736 83.72457
 10.70415 83.72065
 10.69893 83.71199
 10.69583 83.70827
 10.69299 83.70579
 10.68979 83.70370
 10.68808 83.70357
 10.68715 83.70458
 10.68865 83.70917
 10.68896 83.71277
 10.68886 83.71662
 10.68622 83.72716
 10.68374 83.75633
 10.68255 83.76214
 10.67909 83.77258
 10.66829 83.78953
 10.65764 83.79956
 10.65465 83.80351
 10.64969 83.81312
 10.64426 83.82157
 10.64106 83.82539
 10.63925 83.82700
 10.63336 83.82865
 10.62426 83.82997
 10.59377 83.83136
 10.58437 83.83069
 10.54148 83.83635
 10.53558 83.83620
 10.53321 83.83524
 10.53114 83.83377
 10.52742 83.83059
 10.52530 83.82919
 10.52298 83.82803
 10.52008 83.82762
 10.51677 83.82772
 10.50861 83.82865
 10.50520 83.82850
 10.50220 83.82788
 10.49233 83.82387
 10.48959 83.82341
 10.48463 83.82343
 10.46365 83.82904
 10.45011 83.83803
 10.44603 83.84206
 10.44448 83.84400
 10.44329 83.84625
 10.44257 83.84901
 10.44226 83.85165
 10.44122 83.85392
 10.43885 83.85594
 10.42360 83.86395
 10.41952 83.86679
 10.41234 83.87028
 10.40805 83.87108
 10.40210 83.87167
 10.38753 83.86942
 10.38376 83.86813
 10.35926 83.85480
 10.34841 83.85175
 10.34335 83.84986
 10.33932 83.84723
 10.33549 83.84413
 10.33322 83.84291
 10.32831 83.84273
 10.32123 83.84361
 10.30692 83.84687
 10.29477 83.84772
 10.29198 83.84723
 10.28650 83.84842
 10.27927 83.85108
 10.25353 83.86340
 10.24873 83.86648
 10.19896 83.91355
 10.19514 83.95053
 10.17044 83.96993
 10.16424 83.97598
 10.16258 83.98079
 10.16093 84.00293
 10.15680 84.02228
 10.15339 84.06641
 10.15153 84.07140
 10.14656 84.07063
 10.13855 84.06706
 10.10491 84.04409
 10.09086 84.03091
 10.08285 84.02830
 10.05887 84.02665
 10.05003 84.01851
 10.04580 84.01368
 10.04228 84.01042
 10.03494 84.00941
 10.01510 84.01551
 9.98203 84.02799
 9.97050 84.04747
 9.96218 84.07391
 9.96022 84.08422
 9.96234 84.10993
 9.96203 84.11455
 9.94565 84.15132
 9.95040 84.16274
 9.96022 84.18240
 9.95722 84.19997
 9.96601 84.20175
 9.97138 84.20186
 9.97417 84.20160
 9.97717 84.20098
 9.98508 84.19602
 10.00435 84.17762
 10.00683 84.17736
 10.15840 84.16579
 10.29570 84.16419
 10.41011 84.16269
 10.57114 84.16052
 10.78425 84.15798
 10.78842 84.15773
 10.78717 84.14902
 10.78916 84.13700
 10.77123 84.11843
 10.76691 84.10693
 10.77552 84.09543
 10.77552 84.08856
 10.76381 84.07644
 10.77955 84.05163
 10.77552 84.03456
 10.78722 84.02270
 10.78945 84.00923
 10.78206 83.99820
 10.76500 83.99363
 10.71805 83.93332
 10.71490 83.92658
 10.71348 83.91728
 10.71537 83.90748
 10.72493 83.89356
 10.72715 83.88686
 10.72178 83.85953
9 407 9.06606 10.199 83.4294 84.5916 'San José (Costa Rica)'
 9.96022 84.08422
 9.96218 84.07391
 9.97050 84.04747
 9.98203 84.02799
 10.01510 84.01551
 10.03494 84.00941
 10.04228 84.01042
 10.04580 84.01368
 10.05003 84.01851
 10.05887 84.02665
 10.08285 84.02830
 10.09086 84.03091
 10.10491 84.04409
 10.13855 84.06706
 10.14656 84.07063
 10.15153 84.07140
 10.15339 84.06641
 10.15680 84.02228
 10.16093 84.00293
 10.16258 83.98079
 10.16424 83.97598
 10.17044 83.96993
 10.19514 83.95053
 10.19896 83.91355
 10.19013 83.92255
 10.18119 83.92908
 10.13623 83.94273
 10.08869 83.92864
 10.08471 83.92637
 10.08021 83.92260
 10.07256 83.91386
 10.06667 83.90539
 10.06430 83.90087
 10.06290 83.89883
 10.04047 83.87883
 10.03484 83.87508
 10.02605 83.87239
 10.00006 83.87043
 9.97800 83.86596
 9.96988 83.86821
 9.96590 83.87123
 9.96260 83.87500
 9.96063 83.88059
 9.95924 83.89268
 9.94565 83.90523
 9.94461 83.90849
 9.94379 83.91224
 9.94466 83.91516
 9.94585 83.91751
 9.94730 83.92668
 9.94699 83.95301
 9.94647 83.95397
 9.93030 83.99996
 9.88715 84.02634
 9.87898 84.02807
 9.87769 84.02642
 9.87547 84.02259
 9.86684 84.00262
 9.82069 84.03145
 9.81273 84.03890
 9.80436 84.05127
 9.78865 84.06884
 9.77780 84.07551
 9.77134 84.07861
 9.76695 84.07928
 9.76385 84.07918
 9.76106 84.07871
 9.75858 84.07763
 9.75672 84.07613
 9.75558 84.07393
 9.75548 84.07109
 9.75579 84.06822
 9.76044 84.05605
 9.76256 84.04797
 9.76282 84.04502
 9.76199 84.03905
 9.76064 84.03329
 9.76881 83.99639
 9.76767 83.98815
 9.75816 83.98598
 9.75331 83.98386
 9.74824 83.98213
 9.73610 83.97551
 9.72985 83.95619
 9.72509 83.95076
 9.72277 83.95014
 9.72085 83.94983
 9.70607 83.94092
 9.67755 83.91875
 9.67279 83.91345
 9.67207 83.91056
 9.66773 83.89839
 9.65760 83.87785
 9.65647 83.87283
 9.65729 83.87035
 9.65858 83.86821
 9.65998 83.86526
 9.66070 83.86115
 9.65982 83.85314
 9.65838 83.84906
 9.65641 83.84614
 9.65450 83.84454
 9.64215 83.83697
 9.62794 83.83020
 9.62546 83.82945
 9.62081 83.82751
 9.61285 83.82328
 9.60500 83.81829
 9.60127 83.81496
 9.59879 83.81188
 9.59786 83.80917
 9.59332 83.78721
 9.59363 83.78245
 9.59569 83.76328
 9.58019 83.75201
 9.57812 83.74938
 9.57502 83.74439
 9.56996 83.72925
 9.56737 83.72478
 9.56479 83.72204
 9.56231 83.72103
 9.55167 83.71801
 9.53844 83.71587
 9.53689 83.71416
 9.53668 83.71202
 9.54345 83.69817
 9.54531 83.69318
 9.54593 83.69026
 9.54484 83.67863
 9.54495 83.67525
 9.54531 83.67228
 9.54598 83.66951
 9.54696 83.66695
 9.54805 83.66478
 9.54944 83.66292
 9.55105 83.66101
 9.55301 83.65951
 9.56190 83.65455
 9.56634 83.65057
 9.56991 83.63874
 9.54350 83.61321
 9.53637 83.60453
 9.53167 83.59469
 9.53079 83.59215
 9.46759 83.48686
 9.37731 83.45363
 9.36573 83.44516
 9.36232 83.44165
 9.35369 83.42940
 9.33096 83.45126
 9.32718 83.45394
 9.32202 83.45684
 9.29768 83.46356
 9.29194 83.46609
 9.28796 83.46836
 9.25752 83.49572
 9.25267 83.49898
 9.25008 83.49983
 9.19965 83.50965
 9.19696 83.50944
 9.19499 83.50818
 9.19375 83.50603
 9.19200 83.49730
 9.19086 83.49503
 9.18921 83.49317
 9.18745 83.49162
 9.18600 83.48970
 9.18518 83.48743
 9.18518 83.48474
 9.18564 83.48213
 9.18559 83.47958
 9.18430 83.47784
 9.18213 83.47673
 9.17949 83.47601
 9.17742 83.47462
 9.17339 83.47312
 9.16781 83.47190
 9.15593 83.47131
 9.14973 83.47322
 9.13577 83.48089
 9.13071 83.48252
 9.12642 83.48314
 9.10348 83.48027
 9.09826 83.48097
 9.09464 83.48229
 9.09288 83.48420
 9.09154 83.48629
 9.09050 83.48846
 9.08844 83.49162
 9.08508 83.49521
 9.07009 83.50601
 9.06828 83.50782
 9.06699 83.50988
 9.06632 83.51224
 9.06606 83.51485
 9.06663 83.51751
 9.06746 83.52035
 9.07004 83.52474
 9.07164 83.52639
 9.07697 83.53089
 9.08007 83.53513
 9.08105 83.53761
 9.08136 83.54112
 9.08131 83.54371
 9.08007 83.55216
 9.07934 83.56306
 9.08038 83.56536
 9.13862 83.65615
 9.14663 83.66300
 9.15045 83.66564
 9.15262 83.66675
 9.17835 83.67429
 9.18094 83.67484
 9.18363 83.67509
 9.18962 83.67863
 9.21737 83.70140
 9.23055 83.71527
 9.23520 83.72504
 9.23597 83.72773
 9.23644 83.73057
 9.23644 83.73320
 9.23597 83.73646
 9.23520 83.73938
 9.23417 83.74204
 9.23293 83.74434
 9.23148 83.74617
 9.21949 83.75493
 9.21763 83.75664
 9.21613 83.75850
 9.21536 83.76098
 9.21494 83.76377
 9.21691 83.77124
 9.23907 83.82095
 9.24522 83.82782
 9.24946 83.83152
 9.25349 83.83423
 9.26321 83.83909
 9.28331 83.84547
 9.29432 83.84710
 9.30041 83.84723
 9.31023 83.84594
 9.31659 83.84953
 9.32532 83.85614
 9.35778 83.88849
 9.36026 83.88955
 9.37958 83.89374
 9.38351 83.89526
 9.39622 83.90242
 9.39974 83.90575
 9.40201 83.90883
 9.40253 83.91159
 9.40253 83.91469
 9.40211 83.91751
 9.40129 83.92012
 9.40025 83.92237
 9.39891 83.92451
 9.39736 83.92632
 9.39560 83.92802
 9.39333 83.92934
 9.39819 83.94472
 9.44144 84.01024
 9.46340 84.03300
 9.49451 84.04936
 9.50428 84.07109
 9.51048 84.07484
 9.51544 84.07280
 9.52004 84.07013
 9.52428 84.06938
 9.53027 84.06936
 9.54278 84.07140
 9.54820 84.07344
 9.55187 84.07566
 9.55332 84.07809
 9.55518 84.08323
 9.55652 84.09230
 9.55626 84.10535
 9.55471 84.11442
 9.55564 84.11907
 9.55838 84.12672
 9.56520 84.13432
 9.56934 84.13783
 9.57301 84.13954
 9.57606 84.13977
 9.58246 84.13923
 9.59084 84.13731
 9.59476 84.13698
 9.59941 84.13729
 9.60727 84.13941
 9.61166 84.14212
 9.61440 84.14550
 9.61523 84.14791
 9.61626 84.15690
 9.61228 84.20165
 9.61352 84.21659
 9.61910 84.22961
 9.61822 84.26521
 9.62008 84.27586
 9.62158 84.27743
 9.62996 84.28418
 9.63269 84.28805
 9.63745 84.29330
 9.63879 84.30813
 9.63657 84.35084
 9.63161 84.37709
 9.63182 84.38877
 9.63068 84.39448
 9.62902 84.39696
 9.62649 84.39712
 9.60670 84.39363
 9.60076 84.39417
 9.59823 84.39510
 9.59518 84.39730
 9.59177 84.40084
 9.58277 84.41213
 9.58019 84.41484
 9.57812 84.41626
 9.56603 84.42233
 9.56355 84.42505
 9.56221 84.42815
 9.56185 84.43086
 9.56210 84.43378
 9.56293 84.43621
 9.56417 84.43843
 9.56588 84.44034
 9.57120 84.44507
 9.57265 84.44727
 9.57368 84.44965
 9.57399 84.45269
 9.57394 84.45574
 9.56991 84.47132
 9.56986 84.47535
 9.57022 84.47784
 9.57306 84.48494
 9.56805 84.51582
 9.56929 84.52610
 9.57146 84.52925
 9.57807 84.53638
 9.58639 84.54259
 9.59569 84.54700
 9.60319 84.54972
 9.63641 84.55631
 9.63869 84.55706
 9.67729 84.57925
 9.68318 84.58163
 9.68628 84.58194
 9.70561 84.58121
 9.71765 84.58364
 9.74287 84.59132
 9.74550 84.59163
 9.74824 84.59150
 9.75062 84.59072
 9.75263 84.58938
 9.75419 84.58744
 9.75548 84.58504
 9.75630 84.58225
 9.75703 84.57630
 9.75599 84.55711
 9.75636 84.55403
 9.75703 84.55129
 9.75806 84.54886
 9.75940 84.54690
 9.76194 84.54491
 9.76592 84.54328
 9.77418 84.54181
 9.77971 84.54235
 9.78359 84.54318
 9.79279 84.54806
 9.80075 84.55383
 9.80271 84.55553
 9.80612 84.55928
 9.80912 84.56326
 9.81304 84.57044
 9.81733 84.57997
 9.82452 84.57106
 9.82472 84.56377
 9.82658 84.56215
 9.83418 84.56085
 9.83795 84.55920
 9.86064 84.54073
 9.86389 84.54026
 9.86648 84.54054
 9.86999 84.53763
 9.87485 84.53104
 9.88374 84.51383
 9.89511 84.50218
 9.89748 84.50091
 9.89893 84.49993
 9.90384 84.49184
 9.91728 84.46104
 9.92095 84.41657
 9.92565 84.39216
 9.92012 84.37275
 9.91697 84.35296
 9.91567 84.34914
 9.91454 84.34433
 9.91314 84.33234
 9.91154 84.32707
 9.91402 84.30924
 9.93252 84.24245
 9.94146 84.21467
 9.95722 84.19997
 9.96022 84.18240
 9.95040 84.16274
 9.94565 84.15132
 9.96203 84.11455
 9.96234 84.10993
 9.96022 84.08422
10 150 9.46759 10.1362 83.3189 84.0793 'Cartago (Costa Rica)'
 9.94379 83.91224
 9.94461 83.90849
 9.94565 83.90523
 9.95924 83.89268
 9.96063 83.88059
 9.96260 83.87500
 9.96590 83.87123
 9.96988 83.86821
 9.97800 83.86596
 10.00006 83.87043
 10.02605 83.87239
 10.03484 83.87508
 10.04047 83.87883
 10.06290 83.89883
 10.06430 83.90087
 10.06667 83.90539
 10.07256 83.91386
 10.08021 83.92260
 10.08471 83.92637
 10.08869 83.92864
 10.13623 83.94273
 10.08042 83.81746
 10.05995 83.77356
 10.03174 83.71326
 9.98657 83.61523
 9.97717 83.58905
 9.97603 83.44490
 9.97360 83.33899
 9.96962 83.31891
 9.96575 83.32129
 9.94792 83.33364
 9.93159 83.34155
 9.91392 83.34486
 9.89190 83.34338
 9.85645 83.33183
 9.83826 83.32925
 9.82100 83.33592
 9.76834 83.37855
 9.73212 83.40875
 9.71972 83.41663
 9.66329 83.43911
 9.59456 83.49699
 9.56644 83.51092
 9.53585 83.51430
 9.52640 83.51213
 9.51404 83.51007
 9.50051 83.50402
 9.49777 83.50216
 9.49436 83.49895
 9.49146 83.49684
 9.47828 83.49043
 9.46759 83.48686
 9.53079 83.59215
 9.53167 83.59469
 9.53637 83.60453
 9.54350 83.61321
 9.56991 83.63874
 9.56634 83.65057
 9.56190 83.65455
 9.55301 83.65951
 9.55105 83.66101
 9.54944 83.66292
 9.54805 83.66478
 9.54696 83.66695
 9.54598 83.66951
 9.54531 83.67228
 9.54495 83.67525
 9.54484 83.67863
 9.54593 83.69026
 9.54531 83.69318
 9.54345 83.69817
 9.53668 83.71202
 9.53689 83.71416
 9.53844 83.71587
 9.55167 83.71801
 9.56231 83.72103
 9.56479 83.72204
 9.56737 83.72478
 9.56996 83.72925
 9.57502 83.74439
 9.57812 83.74938
 9.58019 83.75201
 9.59569 83.76328
 9.59363 83.78245
 9.59332 83.78721
 9.59786 83.80917
 9.59879 83.81188
 9.60127 83.81496
 9.60500 83.81829
 9.61285 83.82328
 9.62081 83.82751
 9.62546 83.82945
 9.62794 83.83020
 9.64215 83.83697
 9.65450 83.84454
 9.65641 83.84614
 9.65838 83.84906
 9.65982 83.85314
 9.66070 83.86115
 9.65998 83.86526
 9.65858 83.86821
 9.65729 83.87035
 9.65647 83.87283
 9.65760 83.87785
 9.66773 83.89839
 9.67207 83.91056
 9.67279 83.91345
 9.67755 83.91875
 9.70607 83.94092
 9.72085 83.94983
 9.72277 83.95014
 9.72509 83.95076
 9.72985 83.95619
 9.73610 83.97551
 9.74824 83.98213
 9.75331 83.98386
 9.75816 83.98598
 9.76767 83.98815
 9.76881 83.99639
 9.76064 84.03329
 9.76199 84.03905
 9.76282 84.04502
 9.76256 84.04797
 9.76044 84.05605
 9.75579 84.06822
 9.75548 84.07109
 9.75558 84.07393
 9.75672 84.07613
 9.75858 84.07763
 9.76106 84.07871
 9.76385 84.07918
 9.76695 84.07928
 9.77134 84.07861
 9.77780 84.07551
 9.78865 84.06884
 9.80436 84.05127
 9.81273 84.03890
 9.82069 84.03145
 9.86684 84.00262
 9.87547 84.02259
 9.87769 84.02642
 9.87898 84.02807
 9.88715 84.02634
 9.93030 83.99996
 9.94647 83.95397
 9.94699 83.95301
 9.94730 83.92668
 9.94585 83.91751
 9.94466 83.91516
 9.94379 83.91224
