0 25 -12.3735 -12.2369 -43.8616 -43.6299 'Moûhîlî (Comoros)'
 -12.30804 -43.78875
 -12.31162 -43.79705
 -12.34612 -43.85011
 -12.36338 -43.86158
 -12.37135 -43.85816
 -12.37347 -43.84295
 -12.37347 -43.81935
 -12.35996 -43.75148
 -12.35809 -43.68141
 -12.35247 -43.66521
 -12.34498 -43.66082
 -12.32773 -43.66179
 -12.31829 -43.65895
 -12.31024 -43.65024
 -12.30641 -43.64112
 -12.30104 -43.63396
 -12.28777 -43.63103
 -12.25172 -43.62989
 -12.23691 -43.63575
 -12.24261 -43.65211
 -12.25010 -43.66635
 -12.25791 -43.70834
 -12.26360 -43.72722
 -12.29762 -43.77931
 -12.30804 -43.78875
1 44 -12.3803 -12.0641 -44.5291 -44.2064 'Andjouân (Comoros)'
 -12.23284 -44.52906
 -12.35475 -44.52849
 -12.37282 -44.52296
 -12.38030 -44.51149
 -12.37672 -44.50270
 -12.36826 -44.49244
 -12.35801 -44.48414
 -12.34930 -44.48072
 -12.33685 -44.47877
 -12.32977 -44.47332
 -12.27996 -44.39959
 -12.26702 -44.39137
 -12.25172 -44.38526
 -12.24432 -44.37013
 -12.23626 -44.33058
 -12.20501 -44.26840
 -12.19842 -44.26002
 -12.17498 -44.21990
 -12.16058 -44.20639
 -12.16009 -44.22250
 -12.16334 -44.23585
 -12.17425 -44.26157
 -12.17864 -44.27898
 -12.18328 -44.31129
 -12.18792 -44.32309
 -12.18377 -44.32838
 -12.17864 -44.33839
 -12.17425 -44.34352
 -12.18035 -44.37355
 -12.15651 -44.40008
 -12.11932 -44.41529
 -12.08554 -44.41179
 -12.08270 -44.42156
 -12.07480 -44.43531
 -12.07187 -44.44606
 -12.06976 -44.45102
 -12.06658 -44.45533
 -12.06414 -44.46013
 -12.06439 -44.46705
 -12.06854 -44.47283
 -12.08245 -44.48072
 -12.08554 -44.48414
 -12.21885 -44.52638
 -12.23284 -44.52906
2 58 -11.9329 -11.3613 -43.4988 -43.2132 'Andjazîdja (Comoros)'
 -11.82171 -43.46656
 -11.83172 -43.46909
 -11.84303 -43.47535
 -11.87363 -43.49879
 -11.88201 -43.49830
 -11.89983 -43.48699
 -11.90993 -43.48373
 -11.91717 -43.48260
 -11.92278 -43.47999
 -11.92791 -43.47267
 -11.93092 -43.46315
 -11.93288 -43.44955
 -11.93157 -43.43767
 -11.92409 -43.43238
 -11.91155 -43.42595
 -11.86061 -43.36997
 -11.85459 -43.35515
 -11.85215 -43.31227
 -11.84954 -43.30177
 -11.84336 -43.29029
 -11.82822 -43.27101
 -11.81805 -43.26287
 -11.80918 -43.26010
 -11.80047 -43.25880
 -11.79070 -43.25424
 -11.76629 -43.22877
 -11.75026 -43.21778
 -11.72576 -43.21323
 -11.71600 -43.21599
 -11.70387 -43.22250
 -11.67295 -43.24415
 -11.66229 -43.24440
 -11.65154 -43.24155
 -11.63983 -43.24057
 -11.46307 -43.25441
 -11.45135 -43.25229
 -11.44061 -43.24684
 -11.42327 -43.25660
 -11.39870 -43.26612
 -11.37957 -43.27654
 -11.37916 -43.28834
 -11.36500 -43.33082
 -11.36126 -43.35572
 -11.36858 -43.37403
 -11.38405 -43.38600
 -11.40016 -43.39487
 -11.41839 -43.39942
 -11.60508 -43.37713
 -11.64560 -43.38608
 -11.70818 -43.43051
 -11.74912 -43.44663
 -11.75937 -43.44711
 -11.78053 -43.44557
 -11.79070 -43.44663
 -11.79803 -43.45118
 -11.80438 -43.45777
 -11.81162 -43.46388
 -11.82171 -43.46656
