0 132 59.9722 62.7637 42.1075 47.9662 'Kommune Kujalleq (Greenland)'
 61.62738 42.30909
 61.20546 42.56569
 60.81345 42.77671
 60.72324 42.74417
 60.67886 42.75319
 60.09779 43.07694
 60.08878 43.08415
 60.08803 43.08479
 60.07671 43.09974
 60.06679 43.11816
 60.06652 43.11870
 60.06564 43.12402
 60.07699 43.26923
 60.16525 43.95175
 60.21933 44.21100
 60.13770 44.31259
 59.98706 44.56386
 59.97946 44.58510
 59.97223 44.61252
 59.98460 44.76202
 59.98501 44.76579
 59.99135 44.80400
 59.99183 44.80677
 60.08826 45.04578
 60.21274 45.18424
 60.42259 45.19723
 60.47338 45.50246
 60.71320 46.17541
 60.73543 46.23106
 60.73706 46.23316
 60.76409 46.22860
 60.80074 46.21359
 60.80984 46.20637
 60.82289 46.17364
 60.82546 46.16695
 60.85181 46.09736
 60.88632 45.99876
 60.89143 45.97996
 60.91001 45.90549
 60.91764 45.87248
 60.92614 45.81829
 60.93046 45.78892
 60.92934 45.77605
 60.92431 45.75494
 60.92297 45.75338
 60.92357 45.74172
 60.93394 45.67674
 60.93409 45.67591
 60.94144 45.63752
 60.97867 45.49332
 60.98210 45.48429
 61.09574 45.24659
 61.18355 45.19763
 61.18509 45.19728
 61.19016 45.20279
 61.19548 45.22077
 61.13651 45.43163
 61.10596 45.46538
 61.08562 45.48563
 61.00654 45.60886
 61.00460 45.61221
 60.99470 45.63127
 60.98485 45.65734
 60.95152 45.76465
 60.95138 45.76525
 60.89662 46.02040
 60.92082 46.06166
 60.95876 46.11733
 60.95987 46.11856
 60.96322 46.11565
 60.96923 46.10089
 60.98137 46.05784
 61.01520 45.93660
 61.13194 45.64798
 61.30612 45.70560
 61.30942 45.70694
 61.31047 45.70945
 61.32289 45.78553
 61.32303 45.78687
 61.32233 45.79879
 61.31850 45.81086
 61.31818 45.81176
 61.31656 45.81426
 61.21488 45.92969
 61.17338 45.86281
 61.17007 45.85534
 61.15496 45.84338
 61.13076 45.83215
 61.11789 45.83552
 61.06750 45.93884
 60.99644 46.13057
 60.98013 46.17761
 60.97549 46.19213
 60.79105 46.84855
 60.78732 46.86450
 60.78686 46.86741
 60.78267 46.94309
 60.81475 47.04220
 60.82129 47.05598
 60.85534 47.06812
 60.86194 47.06918
 60.86354 47.06778
 60.87608 47.04888
 60.88418 47.02320
 60.89227 46.99466
 60.98742 47.00997
 60.81305 47.44768
 60.80503 47.60414
 60.80444 47.62563
 60.80383 47.67436
 60.80366 47.69371
 60.81422 47.80618
 60.82983 47.94840
 60.83067 47.95302
 60.83337 47.96446
 60.83501 47.96624
 60.88859 47.95721
 60.89307 47.95551
 60.90199 47.94895
 60.91171 47.94008
 60.93307 47.91922
 60.93410 47.91774
 61.06544 47.60909
 62.18181 44.91663
 62.76258 43.51591
 62.76369 43.17338
 62.60795 42.53270
 62.55650 42.37081
 62.37768 42.14343
 62.37740 42.14332
 61.99632 42.10752
 61.62738 42.30909
1 558 61.0266 71.9237 21.4822 52.1569 'Kommuneqarfik Sermersooq (Greenland)'
 61.68579 49.08931
 61.68576 49.08892
 61.68610 49.08509
 61.70166 49.06055
 61.70075 49.06372
 61.68579 49.08931
 61.68695 49.10430
 61.70349 49.22962
 61.70990 49.27623
 61.81056 49.42124
 61.97081 49.63333
 62.10898 49.71076
 62.48479 50.31572
 62.48507 50.31586
 62.58293 50.26898
 62.93492 50.39164
 62.95908 50.59784
 63.13697 51.02002
 63.13879 51.02399
 63.16109 51.04984
 63.17361 51.05906
 63.37084 51.20247
 63.41501 51.23196
 63.43270 51.23932
 63.43593 51.23770
 63.46863 51.18189
 63.47238 51.17357
 63.47803 51.14245
 63.50202 50.95818
 63.51266 50.85693
 63.51354 50.76858
 63.51785 50.79718
 63.51641 50.82117
 63.51266 50.85693
 63.50939 51.18372
 63.52081 51.43482
 63.52827 51.45219
 63.63546 51.53262
 63.64188 51.53021
 63.64752 51.52249
 63.64781 51.52033
 63.64759 51.51753
 63.64117 51.48389
 63.59239 51.36308
 63.61169 51.39892
 63.63434 51.44899
 63.63487 51.45092
 63.64117 51.48389
 63.65101 51.50826
 63.66480 51.53963
 63.67174 51.55206
 63.69247 51.56766
 64.00858 51.64669
 64.01004 51.64688
 64.02300 51.62906
 64.03124 51.60771
 64.03364 51.59988
 64.04485 51.55732
 64.16683 50.70363
 64.17243 50.62500
 64.17079 50.37301
 64.12152 50.09598
 64.12107 50.09317
 64.12423 50.08760
 64.12464 50.08733
 64.18396 50.11373
 64.21101 50.14052
 64.23711 50.16987
 64.24230 50.17831
 64.23357 50.60419
 64.17226 50.80658
 64.14084 50.97028
 64.12591 51.04886
 64.07496 51.46159
 64.08275 51.57096
 64.09389 51.60230
 64.16290 51.74150
 64.16616 51.74779
 64.16908 51.75172
 64.17972 51.74723
 64.18027 51.74637
 64.18936 51.72873
 64.19509 51.71052
 64.20224 51.67243
 64.20338 51.66442
 64.21377 51.59039
 64.21505 51.58018
 64.21856 51.40194
 64.36340 50.96100
 64.42268 50.83516
 64.56859 50.90721
 64.57663 50.92296
 64.58767 50.92696
 64.59127 50.92456
 64.61598 50.88323
 64.62023 50.86991
 64.67420 50.69499
 64.67627 50.68403
 64.69379 50.54790
 64.69491 50.53783
 64.69468 50.50912
 64.69463 50.50716
 64.69409 50.50449
 64.69010 50.48503
 64.65723 50.32628
 64.64736 50.30515
 64.64642 50.30354
 64.64433 50.30148
 64.62755 50.29232
 64.61968 50.29283
 64.61103 50.28958
 64.58259 50.27523
 64.52681 50.23176
 64.46692 50.18124
 64.46566 50.17827
 64.39382 49.95903
 64.31984 49.71740
 64.31794 49.71103
 64.31699 49.70634
 64.31699 49.69938
 64.31811 49.68157
 64.32024 49.66646
 64.32536 49.64309
 64.32552 49.64274
 64.32802 49.63997
 64.33412 49.63819
 64.33594 49.63819
 64.33922 49.64001
 64.34648 49.64855
 64.34894 49.65222
 64.71715 50.33977
 64.74082 50.57849
 64.73533 50.65507
 64.61600 51.22939
 64.49944 51.45383
 64.28702 51.69315
 64.15280 51.88663
 64.11930 51.96055
 64.10059 52.03960
 64.10052 52.04048
 64.10159 52.04883
 64.11091 52.07575
 64.12595 52.09298
 64.53251 52.15692
 64.55727 52.14606
 64.58749 52.04375
 64.59240 52.02125
 64.59626 51.98462
 64.74072 51.62703
 64.90165 51.25908
 65.10893 50.86375
 65.12283 50.85089
 65.14060 50.81231
 65.25742 50.54094
 65.28488 50.45234
 65.30823 50.36703
 65.32745 50.27843
 65.34668 50.17999
 65.35629 50.04546
 65.33844 49.88796
 65.29175 49.72061
 65.21347 49.59920
 65.16815 48.84071
 65.17090 45.00120
 68.65911 44.95459
 68.69933 44.95470
 70.97316 44.98634
 70.97317 44.96102
 70.98198 28.83602
 71.07330 28.24537
 71.35895 26.45113
 71.42143 26.22125
 71.44238 26.21369
 71.47315 26.18596
 71.48347 26.02770
 71.48407 26.01739
 71.48458 25.96216
 71.48267 25.90794
 71.47538 25.82169
 71.47510 25.81884
 71.46649 25.75046
 71.45604 25.71769
 71.36459 25.46693
 71.36233 25.46218
 71.34755 25.44025
 71.34663 25.43908
 71.32431 25.41217
 71.32180 25.41233
 71.27455 25.41607
 71.26556 25.42709
 71.16923 25.58064
 71.14214 25.66660
 71.12085 25.75782
 70.95447 26.48117
 70.92551 26.71820
 70.92414 26.73038
 70.91873 27.24205
 70.91758 27.50654
 70.85636 27.87347
 70.84752 27.86760
 70.84666 27.86760
 70.83610 27.87006
 70.68106 27.99369
 70.68066 27.99412
 70.66544 28.01755
 70.57349 28.18417
 70.57066 28.18968
 70.54086 28.25637
 70.52335 28.32043
 70.51594 28.35767
 70.49770 28.51955
 70.49453 28.54873
 70.49377 28.58410
 70.49310 28.74755
 70.45251 29.08597
 70.43875 29.11459
 70.43700 29.11694
 70.43661 29.11693
 70.41693 29.10949
 70.38555 29.08713
 70.38155 29.08227
 70.37828 29.07280
 70.36987 29.02340
 70.36987 29.01843
 70.37029 29.01317
 70.39112 28.90193
 70.41537 28.26322
 70.41692 27.52775
 70.47286 26.72458
 70.47311 26.71037
 70.47370 26.66989
 70.47317 26.62333
 70.46591 26.50732
 70.46370 26.49307
 70.45516 26.46352
 70.42258 26.38925
 70.38076 26.29809
 70.36589 26.29490
 70.36289 26.29777
 70.35922 26.30474
 70.31817 26.43858
 70.30224 26.53777
 70.29409 26.61783
 70.28998 26.69105
 70.28998 26.69216
 70.29018 26.71875
 70.29208 26.74538
 70.29221 26.74647
 70.30137 26.82586
 70.31167 26.85373
 70.31688 26.87789
 70.31593 26.92015
 70.31221 26.95731
 70.11359 27.92452
 70.06125 28.01169
 70.05745 27.47512
 70.16397 27.13594
 70.17615 27.11364
 70.18600 27.09217
 70.20019 27.05133
 70.20366 27.03873
 70.24775 26.85921
 70.24937 26.71018
 70.24746 26.68138
 70.24563 26.65822
 70.24156 26.61194
 70.24032 26.60094
 70.23791 26.58138
 70.23945 26.11136
 70.33008 25.68394
 70.34849 25.59698
 70.39846 25.34971
 70.40272 25.32703
 70.40985 25.28814
 70.41148 25.27348
 70.41012 25.22294
 70.40844 25.20217
 70.40702 25.19539
 70.35554 24.95673
 70.32641 24.82856
 70.29675 24.70408
 70.26349 24.55566
 70.24316 24.46325
 70.21980 24.32481
 70.12326 23.59971
 70.11672 23.54434
 70.09852 23.14821
 70.09350 23.00295
 70.09007 22.86281
 70.09009 22.79515
 70.09022 22.73022
 70.09628 22.57213
 70.10243 22.49887
 70.11391 22.37656
 70.12230 22.30998
 70.13202 22.23335
 70.13646 22.23032
 70.14367 22.22104
 70.14438 22.21895
 70.14871 22.19807
 70.15317 22.16842
 70.15337 22.16632
 70.15610 22.11476
 70.15566 22.09798
 70.15315 22.07085
 70.15119 22.05772
 70.14969 22.05284
 70.14617 22.04753
 70.13551 22.05168
 70.13357 22.05342
 70.09136 22.09490
 70.08938 22.09832
 70.07955 22.11805
 70.06428 22.14957
 69.99274 22.32241
 69.98113 22.36526
 69.94472 22.59092
 69.87729 23.01600
 69.69712 23.63726
 69.65461 23.60180
 69.59319 23.60045
 69.58837 23.60046
 69.58527 23.60284
 69.57713 23.61323
 69.55956 23.65716
 69.18276 24.98368
 69.17505 24.98577
 69.15536 24.99211
 69.10026 25.05009
 68.86712 25.74058
 68.69739 26.43802
 68.69719 26.43894
 68.69163 26.48329
 68.68884 26.51831
 68.68592 26.73345
 68.69039 26.75024
 68.69433 26.75946
 68.50982 27.61961
 68.46694 28.43499
 68.44239 28.51421
 68.38341 28.62255
 68.22981 29.41908
 68.12503 30.16471
 68.08213 30.51303
 68.06346 31.10295
 68.06353 31.10909
 68.08290 31.60058
 68.08502 31.61105
 68.10446 31.69941
 68.10473 31.70059
 68.10732 31.70763
 68.28923 32.05575
 68.50302 32.37018
 68.62826 32.46993
 68.62982 32.47571
 68.63009 32.47698
 68.63303 32.50724
 68.63402 32.52338
 68.63602 32.56362
 68.56585 32.80366
 68.56155 32.81258
 68.55306 32.81352
 68.54400 32.81078
 68.54343 32.81027
 68.39688 32.51218
 68.39514 32.50824
 68.38979 32.49020
 68.38647 32.47658
 68.36702 32.39229
 68.36294 32.37415
 68.35980 32.35404
 68.36379 32.29467
 68.36363 32.29255
 68.35823 32.26300
 68.35443 32.24987
 68.35285 32.24777
 68.14098 32.01692
 68.04830 32.01438
 67.90452 32.09879
 67.85508 32.15317
 67.84693 32.16662
 67.84493 32.17298
 67.84590 32.19078
 67.82940 32.55102
 67.67979 33.06157
 67.54154 33.27215
 67.20697 33.57535
 66.70986 34.10375
 66.61736 34.23844
 66.36615 34.68613
 66.31646 34.82578
 66.25138 35.09186
 66.24970 35.09890
 66.24812 35.10651
 66.24802 35.10773
 66.24501 35.15252
 66.24473 35.16714
 66.24498 35.19464
 66.24541 35.21115
 66.25432 35.54928
 66.12491 35.69914
 65.97788 35.95933
 65.94604 36.02045
 65.92429 36.08379
 65.92153 36.09571
 65.92177 36.10826
 65.92507 36.18755
 65.92976 36.23177
 65.93140 36.24267
 65.95317 36.60186
 65.83864 36.94712
 65.75469 37.18093
 65.75317 37.19266
 65.90698 37.67584
 66.05598 37.68933
 66.06675 37.64100
 66.27697 37.30905
 66.30906 37.34766
 66.35320 37.76244
 66.35554 37.78551
 66.37364 37.98695
 66.37459 38.00108
 66.37051 38.02528
 66.36152 38.04552
 66.35952 38.04909
 66.34559 38.06877
 66.34527 38.06922
 66.34052 38.07408
 66.33742 38.07537
 66.33311 38.07398
 66.33159 38.07224
 66.32498 38.06194
 66.32455 38.06108
 66.32283 38.05553
 66.32146 38.03353
 66.31751 37.98633
 66.30781 37.87291
 66.29691 37.77803
 66.29571 37.77142
 66.28198 37.72536
 66.26747 37.69443
 66.26335 37.68931
 66.26000 37.68526
 66.25271 37.67822
 66.24902 37.67566
 65.66141 38.12953
 65.64386 38.14756
 65.62675 38.18238
 65.62604 38.18410
 65.56136 38.54457
 65.56787 38.84617
 65.62175 39.02220
 65.67403 39.56675
 65.57084 39.93409
 65.55528 39.97709
 65.55473 39.97842
 65.49714 40.08986
 65.49681 40.09033
 65.48888 40.09338
 65.48818 40.09307
 65.48385 40.08706
 65.34616 39.83257
 65.29922 39.73931
 65.29419 39.73078
 65.27823 39.70988
 65.24814 39.69068
 64.99278 40.20893
 64.99077 40.22105
 64.99116 40.22751
 64.99142 40.22836
 65.02676 40.34667
 65.05473 40.41804
 65.07352 40.44944
 65.15793 40.67970
 65.09335 40.98935
 64.98670 41.15679
 64.96309 41.18578
 64.96052 41.18692
 64.95929 41.18518
 64.95446 41.17805
 64.88779 41.07175
 64.74619 40.80058
 64.73423 40.77594
 64.40192 40.36650
 64.35182 40.34199
 64.35096 40.34199
 64.34349 40.35331
 64.34186 40.35688
 64.33765 40.37074
 64.31817 40.54426
 64.29963 41.10789
 64.33688 41.31511
 64.33800 41.31472
 64.34057 41.32039
 64.34274 41.33545
 64.34443 41.34964
 64.34065 41.39626
 64.33859 41.41204
 64.32530 41.47573
 64.31298 41.51426
 64.31182 41.51691
 64.30426 41.52646
 64.29997 41.53148
 64.29052 41.53759
 64.26262 41.55091
 64.25963 41.55090
 64.16429 41.44894
 64.15930 41.43553
 64.15879 41.43382
 64.15828 41.42748
 64.14419 40.96355
 64.16119 40.92517
 64.16625 40.88778
 64.16702 40.87637
 64.16247 40.78643
 64.15077 40.71775
 64.11596 40.59648
 64.11478 40.59280
 64.11234 40.58782
 64.07501 40.54018
 64.07433 40.53999
 63.69317 40.51046
 63.69283 40.51074
 63.68972 40.51421
 63.49149 40.76820
 63.32477 41.02460
 63.32494 41.18446
 63.29344 41.61703
 63.21325 41.49118
 63.05806 41.31411
 63.05624 41.31512
 62.91528 41.62074
 62.81853 41.77512
 62.80650 41.83439
 62.69078 42.49401
 62.66876 42.68784
 62.70108 42.91150
 62.74571 43.09695
 62.74598 43.09754
 62.75248 43.12117
 62.76369 43.17338
 62.76258 43.51591
 62.17354 44.93656
 61.06544 47.60909
 61.04038 47.66728
 61.02665 47.71554
 61.02699 47.78863
 61.03249 47.83121
 61.12422 48.40546
 61.12438 48.40605
 61.12707 48.41474
 61.20464 48.62544
 61.35141 48.97824
 61.39398 49.05942
 61.55113 49.28922
 61.58726 49.25702
 61.59572 49.24338
 61.68579 49.08931
2 129 61.0266 71.9237 21.4822 52.1569 'Kommuneqarfik Sermersooq (Greenland)'
 71.61812 23.14360
 71.61731 23.14105
 71.61820 23.03361
 71.61868 23.01777
 71.62029 23.01113
 71.74802 22.60000
 71.77455 22.50000
 71.75875 22.20821
 71.73757 21.90440
 71.73659 21.89977
 71.73620 21.89943
 71.73223 21.90489
 71.71466 21.92971
 71.70724 21.94438
 71.68038 22.01421
 71.62209 22.18725
 71.59464 22.27980
 71.59035 22.41984
 71.58829 22.44541
 71.58606 22.45546
 71.58408 22.46062
 71.56031 22.52265
 71.55710 22.52840
 71.55258 22.53190
 71.51190 22.55329
 71.46280 22.57123
 71.25046 22.49560
 71.24908 22.49132
 71.24874 22.48811
 71.24382 22.44026
 71.24750 22.42138
 71.26264 22.36057
 71.26450 22.35638
 71.31097 22.34218
 71.33422 22.33739
 71.33787 22.34737
 71.33992 22.35925
 71.34381 22.36420
 71.34705 22.36679
 71.36251 22.36217
 71.42341 22.30326
 71.44310 22.26944
 71.46383 22.21866
 71.47139 22.19813
 71.49863 22.10289
 71.49938 22.09698
 71.52040 21.81445
 71.51988 21.81174
 71.51542 21.80119
 71.49619 21.76237
 71.49181 21.75445
 71.44650 21.70745
 71.40962 21.67399
 71.07497 21.68596
 70.81552 21.73542
 70.72683 21.63312
 70.68365 21.57646
 70.55051 21.48316
 70.53751 21.48219
 70.52095 21.50377
 70.49301 21.54259
 70.47674 21.57515
 70.44259 21.65182
 70.44109 21.66474
 70.40897 21.94500
 70.44051 23.14517
 70.44897 23.28792
 70.45487 23.34830
 70.46031 23.38159
 70.46051 23.38261
 70.49117 23.49633
 70.52587 23.62004
 70.57768 23.80199
 70.59918 23.87105
 70.62349 23.94827
 70.64302 23.99659
 70.67596 24.06605
 70.83859 24.19627
 70.84542 24.20020
 70.89607 24.22839
 70.90849 24.22744
 70.99751 24.20963
 71.06163 24.28065
 71.09545 24.32778
 71.31355 24.65664
 71.32891 24.73697
 71.30153 24.84641
 71.29852 24.86837
 71.29483 24.90130
 71.28874 25.07827
 71.29131 25.10934
 71.29852 25.13451
 71.34915 25.24920
 71.43877 25.37623
 71.44890 25.37284
 71.46091 25.35663
 71.46469 25.34799
 71.46366 25.33611
 71.43493 25.07464
 71.41375 24.98419
 71.39191 24.88761
 71.38813 24.85959
 71.38607 24.82726
 71.38504 24.78846
 71.38573 24.75397
 71.40392 24.56106
 71.41113 24.54273
 71.43105 24.52765
 71.50864 24.51471
 71.55533 24.50875
 71.58794 24.50875
 71.70682 24.47475
 71.72871 24.46303
 71.74158 24.45479
 71.79823 24.40467
 71.80488 24.39643
 71.83162 24.35438
 71.87355 23.90451
 71.92273 23.31056
 71.92371 22.75044
 71.91221 22.61842
 71.73889 22.99791
 71.69266 23.09783
 71.67587 23.13344
 71.67453 23.13597
 71.66891 23.14312
 71.65992 23.14915
 71.63035 23.15357
 71.61812 23.14360
3 1675 70.9732 83.6576 11.4769 61.9543 'Northeast Greenland National Park (Greenland)'
 81.27063 22.04491
 81.27093 22.04572
 81.27292 22.16218
 81.26834 22.23943
 81.24596 22.37130
 81.27063 22.04491
 81.25299 21.99705
 81.24793 21.98969
 81.24119 22.00303
 81.14803 22.26396
 81.06634 22.58042
 80.96838 22.97352
 80.84904 23.19496
 80.79901 23.22414
 80.76916 23.28249
 80.75851 23.30499
 80.74655 23.33256
 80.65015 23.70336
 80.62126 23.82611
 80.59141 23.96850
 80.58440 23.98889
 80.57713 23.98222
 80.57368 23.96297
 80.57397 23.94013
 80.58987 23.81741
 80.60248 23.73351
 80.67995 23.22472
 80.73342 23.01899
 80.73719 23.00873
 80.80993 22.85315
 80.83769 22.81900
 80.89630 22.71662
 81.03988 21.95603
 81.23926 20.98200
 81.48230 20.04331
 81.55869 20.00848
 81.66450 19.99600
 81.66484 19.99474
 81.67403 19.92819
 81.67860 19.88053
 81.67785 19.79364
 81.67763 19.78748
 81.67651 19.77564
 81.60194 19.44349
 81.45594 18.81072
 81.41431 17.77629
 81.37090 17.40555
 81.38392 17.11862
 81.44864 16.90198
 81.65289 16.29661
 81.71184 16.34251
 81.73264 16.35194
 81.76062 16.35609
 81.76371 16.34716
 81.76403 16.34395
 81.71911 15.76786
 81.75029 15.33718
 81.76752 15.09022
 81.76950 14.88884
 81.76944 14.85005
 81.75020 13.63969
 81.74152 13.44174
 81.73119 13.30972
 81.72821 13.27708
 81.59893 12.29596
 81.59168 12.24254
 81.55041 11.94336
 81.52967 11.81087
 81.51965 11.74992
 81.48047 11.66230
 81.35585 11.47848
 81.35427 11.47693
 81.35258 11.47751
 81.31713 11.51605
 81.29584 11.60123
 81.25474 11.85724
 81.22829 12.06349
 81.20629 12.29423
 81.10398 12.90351
 81.09174 12.96842
 81.08250 13.00673
 81.05565 13.02216
 81.04538 13.03806
 80.98032 13.34995
 80.97041 13.40556
 80.96730 13.44203
 80.96240 13.53860
 80.96125 13.57971
 80.96125 13.67182
 80.96345 13.77546
 80.93019 14.44846
 80.74127 14.62842
 80.72737 15.08942
 80.71330 15.28149
 80.70990 15.30595
 80.69922 15.34770
 80.69120 15.35972
 80.61669 15.56753
 80.60631 16.08868
 80.61025 16.13419
 80.65157 16.54620
 80.71387 17.20817
 80.71718 17.24639
 80.71698 17.26171
 80.71132 17.42586
 80.63304 17.49189
 80.56862 17.95085
 80.56377 18.00985
 80.55479 18.16192
 80.55458 18.16574
 80.55340 18.19165
 80.55350 18.22317
 80.58027 18.63740
 80.59556 18.76009
 80.61978 18.98955
 80.63914 19.20451
 80.64146 19.23572
 80.64418 19.28488
 80.65126 19.42849
 80.64922 19.47610
 80.54909 20.52961
 80.53213 20.56507
 80.49177 20.19419
 80.54442 19.77760
 80.55226 19.73214
 80.56222 19.68750
 80.56536 19.67479
 80.56828 19.66485
 80.58858 19.60070
 80.60506 19.52841
 80.61437 19.39593
 80.61460 19.36561
 80.61315 19.32079
 80.61296 19.31864
 80.58660 19.04284
 80.55890 18.85109
 80.48639 18.07542
 80.48197 17.97661
 80.47371 17.72053
 80.49463 17.43266
 80.51134 17.25426
 80.52887 17.09857
 80.53124 17.07599
 80.54466 16.93127
 80.54353 16.80957
 80.54082 16.76802
 80.53902 16.74197
 80.43594 15.77015
 80.41948 15.67957
 80.41464 15.67671
 80.40106 15.70496
 80.22782 16.32881
 80.22352 16.34752
 80.18363 16.64300
 80.18277 16.65019
 80.17849 16.69513
 80.16942 16.79809
 80.16705 16.84788
 80.16611 16.90639
 80.16442 17.01862
 80.15995 18.04718
 80.16046 18.13182
 80.16455 18.19540
 80.17132 18.28356
 80.19854 18.61067
 80.22210 18.86284
 80.23146 18.95297
 80.23371 18.97910
 80.25529 19.31299
 80.25673 19.37126
 80.25558 19.39762
 80.23232 19.53031
 80.22709 19.55873
 80.21610 19.59981
 80.10331 20.01768
 79.83977 20.51770
 79.73515 20.55700
 79.72026 20.53245
 79.84260 19.95586
 79.94189 19.74442
 79.96038 19.68750
 79.96718 19.66053
 79.96968 19.64797
 79.97846 19.58675
 80.05132 18.95544
 80.05306 18.92753
 80.08105 17.72721
 80.07972 17.57314
 80.07150 17.45955
 80.06852 17.43518
 80.04816 17.31823
 80.04091 17.27819
 80.02619 17.21444
 80.02079 17.19689
 80.01935 17.19401
 80.00711 17.18328
 80.00049 17.18395
 79.98994 17.18812
 79.98687 17.18945
 79.98399 17.19287
 79.76382 17.71705
 79.75180 17.75215
 79.74640 17.77503
 79.70188 17.98893
 79.69259 18.03468
 79.68226 18.23708
 79.69013 18.31483
 79.69753 18.37801
 79.70215 18.40977
 79.71185 18.50789
 79.72539 18.65133
 79.73950 18.89157
 79.73990 18.90034
 79.74225 18.95709
 79.74150 18.99749
 79.74069 19.04027
 79.73992 19.05738
 79.73972 19.06077
 79.73201 19.12513
 79.73177 19.12715
 79.71379 19.24357
 79.70105 19.29422
 79.67981 19.34536
 79.59220 19.49311
 79.43888 19.68123
 79.41766 19.70658
 79.41240 19.70962
 79.31560 19.55754
 79.29011 19.51561
 79.27688 19.22615
 79.26962 19.12250
 79.24311 18.97698
 79.24219 18.97576
 79.23840 18.98033
 79.13211 19.18529
 79.11728 19.25383
 79.11448 19.26745
 79.08071 19.57653
 79.07830 19.60058
 79.06397 19.80600
 78.98406 20.28054
 78.78268 20.94301
 78.48675 21.03010
 78.21581 21.25092
 77.95550 21.59125
 77.95383 21.59516
 77.86225 21.68282
 77.55249 21.97929
 77.55077 21.97872
 77.54717 21.95879
 77.54580 21.94684
 77.52331 21.54363
 77.52314 21.52052
 77.52399 21.51092
 77.53137 21.46803
 77.59677 21.27383
 77.61180 21.28825
 77.61222 21.28887
 77.64668 21.32713
 77.71516 21.32013
 77.72569 21.31142
 77.74197 21.29120
 77.76130 21.25642
 77.79053 21.20344
 77.90276 20.99176
 77.90304 20.99113
 77.93011 20.92241
 77.94995 20.83823
 77.95518 20.81162
 77.95997 20.78377
 77.96075 20.77659
 77.96066 20.76767
 77.92629 20.55866
 77.91843 20.52501
 77.90054 20.50422
 77.87851 20.54192
 77.86089 20.45455
 77.79774 20.11239
 77.74957 19.76706
 77.74938 19.76556
 77.74489 19.72981
 77.73219 19.50102
 77.72370 19.29048
 77.72398 19.26138
 77.72372 19.25584
 77.72302 19.24899
 77.71062 19.18233
 77.70912 19.17568
 77.67734 19.06708
 77.57539 18.88563
 77.56919 18.87892
 77.56807 18.87892
 77.56537 18.88084
 77.56350 18.88340
 77.55862 18.89729
 77.51683 19.21143
 77.51925 19.26524
 77.52402 19.32195
 77.55273 19.48008
 77.55323 19.48241
 77.55566 19.49126
 77.56969 19.52042
 77.58780 19.57818
 77.60785 19.66396
 77.65685 19.89251
 77.66583 19.93791
 77.67432 20.16260
 77.67182 20.22862
 77.62883 20.68417
 77.60477 20.74605
 77.33615 19.98856
 77.20117 18.96389
 77.30899 18.87169
 77.27006 18.38986
 77.26557 18.34863
 77.26511 18.34492
 77.22307 18.24702
 77.20141 18.20726
 77.19495 18.20246
 77.17781 18.18972
 77.17424 18.18873
 77.14543 18.18335
 77.13693 18.18217
 76.93436 18.16931
 76.89639 18.18478
 76.82971 18.27054
 76.81895 18.28483
 76.75791 18.39314
 76.75283 18.40883
 76.75058 18.42425
 76.74790 18.65849
 76.82034 19.38155
 76.82325 19.39185
 76.84260 19.41330
 76.87985 19.59002
 76.92405 19.86488
 76.95306 20.57160
 76.95556 20.68095
 76.95734 21.52113
 76.95610 21.52676
 76.95413 21.52405
 76.95398 21.52338
 76.94962 21.49004
 76.93827 21.35714
 76.93719 21.34268
 76.93362 21.29490
 76.93331 21.28023
 76.93255 21.22433
 76.93378 21.19715
 76.93962 20.95355
 76.92781 20.67951
 76.92278 20.64296
 76.89549 20.53872
 76.88963 20.53751
 76.80093 20.83550
 76.62899 21.64362
 76.62688 21.65921
 76.62686 21.66077
 76.63439 21.70978
 76.64053 21.73282
 76.64218 21.73752
 76.65785 21.77258
 76.80508 22.02534
 76.86000 22.10410
 76.88294 22.15043
 76.88473 22.15856
 76.88588 22.19613
 76.88109 22.23168
 76.87992 22.23678
 76.87541 22.25164
 76.70504 22.72019
 76.69944 22.72560
 76.69803 22.72510
 76.68764 22.70929
 76.68597 22.70569
 76.67870 22.68761
 76.67556 22.67591
 76.66756 22.63785
 76.62082 22.38088
 76.63162 22.18975
 76.63436 22.17327
 76.63456 22.17165
 76.63720 22.13696
 76.63503 22.07445
 76.59912 21.86169
 76.52274 21.68687
 76.52157 21.68517
 76.47685 21.67399
 76.44115 21.74492
 76.42415 21.90011
 76.42281 21.96100
 76.45343 22.25443
 76.41353 22.23441
 76.28339 21.69380
 76.25282 21.37790
 76.29033 20.84613
 76.24967 19.98245
 76.24718 19.95294
 76.23516 19.90406
 76.22807 19.89053
 76.21659 19.86874
 76.16268 19.77593
 76.12251 19.74126
 75.53882 19.37536
 75.51298 19.36381
 75.49986 19.35864
 75.44419 19.34413
 75.43111 19.34285
 75.37801 19.34334
 75.30750 19.35975
 75.26534 19.38222
 75.20719 19.44268
 75.19406 19.46005
 75.12963 19.60540
 75.12925 19.60792
 75.12971 19.64412
 75.12981 19.64717
 75.14434 19.88687
 75.29969 20.71042
 75.30647 20.74526
 75.38415 21.09489
 75.41307 21.19979
 75.42755 21.21547
 75.44155 21.21869
 75.44904 21.21279
 75.45917 21.22271
 75.46037 21.22510
 75.47796 21.26376
 75.48500 21.28154
 75.54628 21.46671
 75.58680 21.64074
 75.61435 21.77624
 75.65898 22.03234
 75.66919 22.10400
 75.67142 22.12755
 75.67031 22.18675
 75.66988 22.20129
 75.66868 22.20613
 75.64550 22.21860
 75.64001 22.21375
 75.63538 22.20198
 75.62954 22.17705
 75.61306 22.05878
 75.59031 21.91287
 75.58173 21.86583
 75.54697 21.70164
 75.51229 21.55679
 75.49830 21.49983
 75.19601 20.59118
 75.18974 20.57709
 75.13927 20.50318
 75.13764 20.50217
 75.13558 20.50819
 75.12142 20.58668
 75.11155 20.67220
 75.11052 20.68456
 75.07988 21.32469
 75.05825 21.89012
 75.07138 21.91124
 75.08211 21.93996
 75.12177 22.08121
 75.13558 22.14733
 75.14236 22.18759
 75.17052 22.37565
 75.17395 22.42694
 75.17429 22.44136
 75.17326 22.44639
 75.16125 22.45041
 75.00555 21.96954
 74.96504 21.84099
 74.95757 21.80462
 74.95628 21.79801
 74.95173 21.75734
 74.95045 21.69087
 74.95096 21.68195
 74.95474 21.63679
 74.96839 21.53276
 74.97886 21.47015
 74.98984 21.41980
 75.00220 21.36613
 75.02229 21.30670
 75.07765 21.03872
 75.06160 20.68612
 75.05928 20.66548
 75.05113 20.62286
 75.02501 20.62392
 74.77473 20.64616
 74.67270 20.60564
 74.58138 19.81082
 74.57803 19.71661
 74.58429 19.69306
 74.65109 19.50544
 74.49261 18.99379
 74.48362 18.97202
 74.48184 18.97121
 74.48034 18.97272
 74.34277 19.18266
 74.33440 19.20404
 74.27583 19.36691
 74.24389 19.51709
 74.24003 19.63464
 74.24026 19.64686
 74.24277 19.68893
 74.25217 19.82052
 74.27697 20.14915
 74.28530 20.18798
 74.29370 20.21446
 74.30097 20.22574
 74.32459 20.23377
 74.33504 20.22202
 74.35020 20.22698
 74.38428 20.25440
 74.39218 20.26627
 74.44326 20.37078
 74.45283 20.40650
 74.45684 20.46974
 74.46487 20.63623
 74.47520 21.20864
 74.47330 21.28462
 74.44562 21.61903
 74.41530 21.61984
 74.45334 21.28429
 74.45556 21.24878
 74.45529 21.20025
 74.45254 21.07370
 74.44752 20.99190
 74.41158 20.63481
 74.33828 20.45313
 74.23831 20.34080
 74.16096 20.33899
 74.10609 20.99700
 74.11566 21.34819
 74.18779 21.81974
 74.19423 21.85678
 74.21153 21.93353
 74.22332 21.97472
 74.22001 22.07947
 74.19781 22.20285
 74.16310 22.36406
 74.16141 22.37009
 74.07540 22.47925
 74.06193 22.49332
 74.06064 22.49394
 74.02920 22.30275
 74.00023 21.93335
 74.01713 21.92632
 74.02392 21.90797
 74.03140 21.87413
 74.06055 21.73427
 74.06092 21.73179
 74.06104 21.72871
 74.05852 21.68046
 74.05833 21.67844
 74.02871 21.49547
 74.00634 21.37474
 73.89177 20.76673
 73.74332 20.53578
 73.53137 20.37701
 73.51082 20.38092
 73.48633 20.41090
 73.48335 20.41644
 73.46206 20.48552
 73.45628 20.50455
 73.44844 20.55038
 73.44729 20.56431
 73.44818 21.06725
 73.45036 21.25185
 73.25300 22.17858
 73.24816 22.20920
 73.24840 22.33992
 73.25551 22.45161
 73.33097 22.96370
 73.37552 23.18042
 73.44965 23.50058
 73.45897 23.53678
 73.53199 23.79584
 73.57586 23.94679
 73.58743 23.98562
 73.60556 24.02463
 73.61543 24.04036
 73.66312 24.08763
 73.67502 24.08862
 73.71402 24.05477
 73.72375 24.04438
 73.72427 24.03826
 73.72371 24.01338
 73.71010 23.65287
 73.73375 23.74222
 73.81249 24.12616
 73.78033 24.29854
 73.75166 24.39725
 73.70716 24.50358
 73.69503 24.50514
 73.67801 24.50400
 73.65531 24.50000
 73.63533 24.49439
 73.64891 25.02003
 73.90249 25.55568
 73.91004 25.57210
 73.94508 25.68901
 73.94560 25.69091
 73.95743 25.74555
 73.95816 25.75398
 73.95768 25.76038
 73.95599 25.76852
 73.95341 25.77579
 73.94528 25.78946
 73.92380 25.80545
 73.81788 25.59638
 73.80212 25.55932
 73.63301 25.11332
 73.53010 24.70589
 73.52383 24.68749
 73.51227 24.68514
 73.50830 24.68883
 73.25588 25.74731
 73.25198 25.76924
 73.24812 25.79539
 73.24084 25.96521
 73.23786 26.14259
 73.23780 26.14977
 73.23887 26.17364
 73.27701 26.41724
 73.27748 26.41820
 73.28233 26.43584
 73.28510 26.45310
 73.28736 26.47533
 73.28778 26.48606
 73.33124 26.76365
 73.34344 26.82761
 73.37462 26.96436
 73.37927 26.98157
 73.39489 27.01778
 73.44624 27.12557
 73.45550 27.14491
 73.47656 27.17965
 73.49476 27.23885
 73.50342 27.31276
 73.46418 27.41100
 73.45410 27.41411
 73.44747 27.41100
 73.35117 27.09149
 73.34436 27.06311
 73.30588 26.85632
 73.29817 26.81018
 73.29471 26.74697
 73.29473 26.67783
 73.29046 26.55402
 73.28778 26.48606
 73.27701 26.41724
 73.27299 26.40918
 73.23598 26.36663
 73.17812 26.58044
 73.15730 26.91523
 73.16457 26.94392
 73.17610 27.00724
 73.18273 27.05972
 73.18464 27.09237
 73.18806 27.25732
 73.18654 27.27418
 73.15963 27.57075
 73.14512 27.68996
 73.14287 27.69637
 73.13146 27.70514
 73.12598 27.70716
 73.12251 27.70628
 73.12157 27.69918
 73.12037 27.67819
 73.11115 27.40296
 73.11195 27.29033
 73.11726 27.28153
 73.12500 27.25822
 73.12848 27.23627
 73.14164 27.14640
 73.14565 27.10249
 73.15730 26.91523
 73.15242 26.89599
 73.13762 26.80861
 73.13616 26.79801
 73.13731 26.74057
 73.13803 26.73151
 73.13930 26.72388
 73.17812 26.58044
 73.18743 26.43075
 73.18771 26.42610
 73.18909 26.39045
 73.19218 26.04489
 73.18331 25.91051
 73.18190 25.89999
 73.07317 25.12738
 73.06974 25.11145
 73.06043 25.08615
 73.04919 25.06392
 73.01660 25.00564
 73.00478 24.99494
 73.00415 24.99493
 72.99879 24.99847
 72.99292 25.00674
 72.99239 25.00809
 72.94573 25.13094
 72.90294 25.30490
 72.80239 25.97903
 72.79242 26.05981
 72.78522 26.12904
 72.77823 26.19748
 72.77375 26.26044
 72.77344 26.27293
 72.77421 26.28850
 72.77485 26.29315
 72.77719 26.30376
 72.86030 26.63398
 72.85344 27.37378
 72.85295 27.39438
 72.83537 27.43529
 72.83324 27.43769
 72.83250 27.43772
 72.83108 27.43511
 72.81000 27.25603
 72.74162 26.33687
 72.81592 25.45776
 72.70924 24.84153
 72.69894 24.79145
 72.68377 24.71876
 72.67130 24.70453
 72.66890 24.70338
 72.52075 24.65359
 72.51663 24.65929
 72.49723 24.70660
 72.49603 24.71059
 72.49432 24.71971
 72.46582 24.87702
 72.45878 24.92375
 72.43578 25.15174
 72.43320 25.18705
 72.43114 25.22184
 72.43303 25.26744
 72.43338 25.27314
 72.44144 25.32729
 72.44282 25.35434
 72.44428 25.49519
 72.43256 25.78488
 72.40271 26.26949
 72.39916 26.29971
 72.39587 26.31359
 72.38769 26.32819
 72.38557 26.32912
 72.38445 26.32628
 72.38394 26.31805
 72.37930 26.17069
 72.38033 26.12327
 72.38677 26.05314
 72.39887 25.80356
 72.41003 25.49019
 72.43064 24.79974
 72.41955 24.57729
 72.41636 24.55684
 72.40534 24.52829
 72.39463 24.50746
 72.37260 24.48319
 72.36539 24.48465
 72.35371 24.45004
 72.33691 24.38466
 72.17674 23.70553
 72.09787 23.28784
 72.07409 23.14147
 72.06499 23.11024
 71.94934 22.72782
 71.92371 22.75044
 71.92273 23.31056
 71.87355 23.90451
 71.83162 24.35438
 71.80488 24.39643
 71.79823 24.40467
 71.74158 24.45479
 71.72871 24.46303
 71.70682 24.47475
 71.58794 24.50875
 71.55533 24.50875
 71.50864 24.51471
 71.43105 24.52765
 71.41113 24.54273
 71.40392 24.56106
 71.38573 24.75397
 71.38504 24.78846
 71.38607 24.82726
 71.38813 24.85959
 71.39191 24.88761
 71.45233 25.32639
 71.53184 25.79835
 71.54682 26.00901
 71.56746 26.36269
 71.55183 26.49738
 71.53128 26.58112
 71.52672 26.60705
 71.52518 26.62319
 71.52185 26.69210
 71.52168 26.70893
 71.52391 26.74855
 71.53317 26.83127
 71.53698 26.85656
 71.57224 27.02463
 71.57712 27.04017
 71.65081 27.22794
 71.82259 27.64380
 71.86053 27.64289
 71.86415 27.64183
 71.87222 27.64844
 71.87479 27.65395
 71.90277 27.74902
 71.90604 27.76298
 71.91741 27.81236
 71.91804 27.81513
 72.07914 28.60149
 72.06113 28.83823
 72.06096 28.83880
 72.05819 28.84136
 72.05090 28.83779
 72.04964 28.83689
 72.04436 28.82813
 71.89367 28.45391
 71.88088 28.12902
 71.85711 27.96264
 71.73641 27.62269
 71.58408 27.60657
 71.50768 27.06749
 71.46785 26.72730
 71.46474 26.66229
 71.46980 26.61745
 71.48070 26.52173
 71.35895 26.45113
 71.07330 28.24537
 70.98198 28.83602
 70.97320 44.91663
 70.97320 44.91663
 70.97316 44.98634
 73.61938 45.02317
 75.77325 44.97436
 77.82715 44.92781
 77.83452 44.98009
 80.01343 60.42504
 80.09675 60.43146
 80.45802 60.45902
 80.45868 60.45907
 80.95825 60.49712
 81.04956 61.01060
 81.19740 61.59535
 81.21052 61.63119
 81.23219 61.67376
 81.34196 61.86932
 81.34494 61.86933
 81.34950 61.85355
 81.39383 61.68109
 81.40568 61.62413
 81.58244 61.59616
 81.67346 61.87597
 81.68057 61.88781
 81.71244 61.93152
 81.73138 61.95432
 81.73263 61.95432
 81.75670 61.91144
 81.77121 61.87500
 81.77412 61.86576
 81.79422 61.77851
 81.80064 61.74857
 81.80267 61.73444
 81.84198 61.43524
 81.85230 61.34981
 81.90676 60.85446
 81.91055 60.80143
 81.91015 60.76152
 81.86548 59.90456
 81.85851 59.78392
 81.84958 59.66561
 81.82843 59.53228
 81.82312 59.51407
 81.82232 59.51226
 81.80724 59.49420
 81.70812 59.45567
 81.39502 57.72606
 81.33838 57.35141
 81.33773 57.34465
 81.33921 57.25101
 81.34109 57.24399
 81.35925 57.28807
 81.37124 57.32788
 81.52202 57.94621
 81.59289 58.24477
 81.61571 58.41592
 81.60877 58.43778
 81.60500 58.44320
 81.60474 58.44553
 81.60414 58.45552
 81.60469 58.49530
 81.60484 58.49744
 81.61510 58.57201
 81.64679 58.77966
 81.66257 58.85311
 81.73561 59.05417
 81.74094 59.06882
 81.75039 59.08534
 81.75829 59.09531
 81.77673 59.11347
 81.85686 59.24363
 81.86509 59.26859
 81.87402 59.30744
 81.87987 59.33472
 81.91825 59.61885
 81.92967 59.71832
 81.93421 59.82068
 81.94106 59.93636
 81.95896 60.17742
 81.96109 60.19284
 81.97502 60.27174
 81.97538 60.27354
 81.97950 60.29003
 81.98251 60.29005
 81.98350 60.28796
 81.99014 60.25798
 82.00684 60.15735
 82.01112 60.12842
 82.03659 59.93733
 82.06666 59.68827
 82.10317 59.29027
 82.12215 58.96828
 82.12692 58.88334
 82.14757 58.48401
 82.19789 57.47645
 82.16893 57.16133
 82.20411 56.96281
 82.21480 56.94986
 82.22528 56.93062
 82.22866 56.92140
 82.22895 56.92011
 82.31954 55.61844
 82.33733 55.24698
 82.33735 55.22469
 82.33115 55.16201
 82.32826 55.14264
 82.29392 54.97819
 82.26047 54.84569
 82.16783 54.59184
 82.07402 54.43965
 81.85561 54.40284
 81.82547 54.41449
 81.77360 54.48004
 81.76304 54.52862
 81.72584 54.66318
 81.65661 54.81776
 81.64635 54.81776
 81.58569 54.79224
 81.56688 54.77132
 81.56456 54.76553
 81.56436 54.76269
 81.56397 54.74357
 81.56250 54.53209
 81.56250 54.52449
 81.78397 53.88887
 81.78633 53.88267
 81.79300 53.87483
 81.80992 53.85919
 81.86497 53.83618
 81.87793 53.83762
 81.97397 53.58845
 81.93148 53.34804
 81.85659 52.80086
 81.85625 52.79775
 81.84595 52.61299
 81.84161 52.40760
 81.79254 52.12207
 81.73504 51.79327
 81.71353 51.77640
 81.69831 51.74194
 81.54755 51.26300
 81.51833 51.12497
 81.49583 50.82543
 81.49590 50.82002
 81.50014 50.78704
 81.50488 50.76251
 81.52521 50.68050
 81.64104 51.06418
 81.65639 51.15899
 81.65817 51.17135
 81.67764 51.42672
 81.69622 51.51343
 81.86705 52.07349
 81.86787 52.07347
 81.87070 52.06795
 81.87498 52.03442
 81.87869 51.99620
 81.87983 51.95762
 81.87438 51.89412
 81.85491 51.75252
 81.83850 51.61258
 81.83154 51.50323
 81.82034 51.19896
 81.87887 50.94382
 81.92026 50.84041
 81.95606 51.03013
 82.08970 51.49948
 82.11523 51.57485
 82.12850 51.59514
 82.15620 51.62983
 82.37911 51.81325
 82.38351 51.81347
 82.44141 51.80430
 82.44182 51.80407
 82.44964 51.79558
 82.45571 51.76721
 82.46202 51.53554
 82.46342 51.39767
 82.46345 51.37691
 82.46317 51.28570
 82.46091 50.85843
 82.46059 50.84210
 82.45277 50.57516
 82.44983 50.50935
 82.44967 50.50664
 82.43531 50.27275
 82.43058 50.20697
 82.42991 50.19861
 82.42355 50.14069
 82.40472 50.01106
 82.39021 49.92788
 82.35344 49.72581
 82.34639 49.69415
 82.32575 49.62135
 82.31551 49.60507
 82.31480 49.60507
 82.20738 48.98073
 82.05288 47.94691
 82.00639 47.46441
 81.98831 47.32428
 81.98697 47.31663
 81.96366 47.19265
 81.91949 47.01359
 81.90521 46.96805
 81.79450 46.67256
 81.66308 46.18345
 81.62381 45.97692
 81.58271 45.74859
 81.57622 45.70042
 81.56842 45.60526
 81.57063 45.58077
 81.57257 45.57928
 81.63723 45.75857
 81.65600 45.82924
 81.81543 45.88202
 81.84563 45.85984
 82.09473 45.60608
 82.14604 45.46273
 82.17253 45.32069
 82.18306 45.23897
 82.20058 45.06383
 82.20480 45.00000
 82.20524 44.99223
 82.20505 44.96134
 82.20458 44.94401
 82.19612 44.74367
 82.19203 44.68690
 82.16428 44.36670
 82.09506 43.30026
 82.09561 43.21550
 82.10260 43.16962
 82.11321 43.11254
 82.14621 43.32324
 82.15159 43.37094
 82.15759 43.44487
 82.16236 43.58549
 82.16239 43.68189
 82.16629 43.85210
 82.17356 43.99901
 82.17780 44.07101
 82.18987 44.23562
 82.21508 44.48956
 82.22140 44.52226
 82.22790 44.54152
 82.27107 44.56184
 82.44412 45.25612
 82.54206 45.70368
 82.64728 46.28707
 82.65889 46.34596
 82.66646 46.37998
 82.69908 46.49421
 82.69957 46.49470
 82.70612 46.47495
 82.71032 46.44445
 82.71373 46.40625
 82.71435 46.39494
 82.71788 46.28255
 82.72176 45.86720
 82.70431 44.71569
 82.71484 44.24154
 82.71872 43.62171
 82.71900 43.28977
 82.71631 43.19563
 82.70451 42.97002
 82.69082 42.73298
 82.68734 42.70524
 82.68549 42.70545
 82.68292 42.71293
 82.61719 42.69748
 82.47579 42.45320
 82.39777 42.31351
 82.39352 42.30080
 82.38855 42.23988
 82.39098 42.16442
 82.39218 42.12752
 82.43708 42.14187
 82.56906 42.23416
 82.58301 42.26195
 82.59926 42.32642
 82.60621 42.35985
 82.62397 42.48202
 82.63434 42.53646
 82.65222 42.56671
 82.68122 42.45275
 82.68351 42.43963
 82.68381 42.42973
 82.68342 42.36904
 82.68319 42.36341
 82.67308 42.14306
 82.66857 42.05397
 82.66091 41.96682
 82.65063 41.86752
 82.49777 40.76110
 82.38194 40.48651
 82.36634 40.49480
 82.35037 40.49065
 82.34227 40.47375
 82.34163 40.47199
 82.28053 40.29314
 82.27327 40.20555
 82.27325 40.17849
 82.27406 40.11046
 82.30259 40.08435
 82.31217 40.07865
 82.56647 40.33899
 82.62904 40.46893
 82.64524 40.53632
 82.66098 40.64224
 82.66292 40.65647
 82.66738 40.71072
 82.67212 40.81296
 82.67264 40.84370
 82.67302 40.93863
 82.71526 41.69077
 82.76944 42.27059
 82.78257 42.41605
 82.78271 42.41864
 82.78480 42.47516
 82.79573 42.85883
 82.79641 42.88575
 82.79959 43.04654
 82.79967 43.31228
 82.79852 43.38646
 82.79708 43.45596
 82.79136 43.70992
 82.78399 43.99811
 82.78300 44.11743
 82.77933 44.81495
 82.78212 45.00327
 82.78736 45.33579
 82.78832 45.36807
 82.79810 45.45344
 82.85710 45.74334
 82.85840 45.74962
 82.86455 45.77261
 83.07135 46.29433
 83.08212 46.29203
 83.08444 46.28596
 83.08488 46.28336
 83.09825 46.19454
 83.09986 46.17035
 83.11712 45.32716
 83.15166 44.77988
 83.15209 44.77834
 83.22060 44.11375
 83.22106 44.10896
 83.22775 43.98731
 83.22789 43.98387
 83.23351 43.74813
 83.24128 43.23979
 83.24128 43.23275
 83.24017 43.19192
 83.23388 43.03433
 83.22514 42.88479
 83.22216 42.86088
 83.08510 42.22511
 82.93657 41.34599
 82.93642 41.34260
 82.92388 40.83134
 82.93045 40.42373
 82.93022 40.17977
 82.92818 40.12788
 82.91639 40.04636
 82.87656 39.83557
 82.84159 39.65290
 82.83552 39.65067
 82.81884 39.59777
 82.80372 39.54587
 82.79964 39.52743
 82.72535 39.10783
 82.72125 39.08073
 82.72117 39.06272
 82.72451 39.05022
 82.72614 39.04925
 82.77477 39.04349
 82.78654 39.05171
 82.79775 39.08787
 82.80134 39.10020
 82.84395 39.43005
 82.94294 39.81800
 82.94905 39.81533
 82.98088 39.72347
 82.99012 39.66106
 82.99041 39.65538
 82.99078 39.63941
 82.99696 38.77578
 82.98403 37.88764
 82.98334 37.83780
 82.98363 37.83298
 82.98886 37.80713
 82.98908 37.80814
 83.01291 38.06448
 83.02800 38.26392
 83.03376 38.49182
 83.02648 38.57580
 83.02175 38.59493
 83.01704 38.59140
 83.01593 38.76199
 83.01593 38.99433
 83.02216 39.43887
 83.02240 39.44258
 83.02975 39.47699
 83.04058 39.48920
 83.05843 39.43415
 83.05859 39.43234
 83.09682 38.92486
 83.11321 38.60296
 83.11772 38.46165
 83.11698 38.34341
 83.12056 37.91011
 83.14271 37.60221
 83.15490 37.65152
 83.16324 38.40194
 83.19135 39.35016
 83.20455 39.49530
 83.20884 39.53385
 83.23391 39.70038
 83.40057 39.86994
 83.40481 39.87385
 83.44127 39.79646
 83.53653 38.78226
 83.54238 38.71906
 83.54350 38.68366
 83.54345 38.63149
 83.54203 38.60264
 83.53200 38.47203
 83.46528 37.69118
 83.43878 37.57014
 83.42468 37.53876
 83.39772 37.43076
 83.39010 37.35082
 83.36505 37.00547
 83.38448 37.03838
 83.38626 37.04144
 83.47629 37.26850
 83.49794 37.42544
 83.50332 37.48481
 83.51012 37.56834
 83.52085 37.72240
 83.52525 37.76680
 83.52916 37.76680
 83.55198 37.74191
 83.55454 37.73538
 83.55753 37.72018
 83.55991 37.69462
 83.56161 37.67186
 83.59288 37.16273
 83.60484 36.62403
 83.62534 35.64028
 83.63618 34.51675
 83.65102 33.54601
 83.65701 33.30255
 83.62292 32.94193
 83.61833 32.86620
 83.61079 31.97061
 83.61265 31.84400
 83.61704 31.77629
 83.63179 31.56411
 83.63210 31.56138
 83.63555 31.54347
 83.64098 31.54288
 83.64623 31.51418
 83.64698 31.50844
 83.65456 31.39960
 83.65757 31.25071
 83.65757 31.24253
 83.64229 30.65057
 83.63873 30.58896
 83.61237 30.16727
 83.59786 29.53589
 83.60799 29.30056
 83.61238 29.07680
 83.61130 29.00586
 83.60861 28.92685
 83.60686 28.89754
 83.60578 28.88573
 83.60275 28.86940
 83.57167 28.83256
 83.54670 29.02971
 83.54583 29.04752
 83.54557 29.13092
 83.55024 29.24438
 83.55629 29.39703
 83.55240 29.48700
 83.54937 29.50613
 83.53651 29.44036
 83.49010 29.09644
 83.48906 28.79589
 83.49254 28.71477
 83.50038 28.58406
 83.50812 28.46577
 83.51152 28.44591
 83.51332 28.48877
 83.51718 28.63417
 83.51846 28.70360
 83.51761 28.74831
 83.51761 28.79072
 83.51929 28.82573
 83.52295 28.84602
 83.53243 28.83579
 83.58177 28.39320
 83.58348 28.33793
 83.58558 28.13436
 83.58535 28.12376
 83.55037 27.30735
 83.53998 27.08860
 83.52159 26.78438
 83.48315 26.22251
 83.48138 26.20048
 83.42034 25.57926
 83.41755 25.55273
 83.39608 25.43848
 83.39012 25.42831
 83.38964 25.42932
 83.31943 25.75851
 83.29393 25.92762
 83.29362 25.93017
 83.22324 26.85332
 83.21990 26.93505
 83.21683 27.01949
 83.20146 27.77595
 83.20142 27.80590
 83.20426 28.11184
 83.20594 28.20699
 83.21289 28.48123
 83.22008 28.73678
 83.22994 29.10980
 83.23189 29.77149
 83.22845 30.03072
 83.21280 30.73246
 83.20418 31.03326
 83.19975 31.12168
 83.14869 31.52481
 83.10501 31.97775
 83.08615 32.20117
 83.07978 32.33158
 83.07764 32.52568
 83.07927 32.62954
 83.08094 32.66644
 83.08627 32.71428
 83.10294 32.83310
 83.12544 33.03966
 83.12813 33.07642
 83.14056 33.27285
 83.17517 33.89124
 83.17743 33.95249
 83.17832 34.03395
 83.17458 34.09190
 83.17427 34.09495
 83.16976 34.12099
 83.16672 34.10937
 83.16532 34.09884
 83.14453 33.89249
 83.14334 33.87874
 83.14153 33.82952
 83.14153 33.82362
 83.14258 33.75000
 83.14422 33.68205
 83.14425 33.65769
 83.14394 33.63304
 83.14251 33.59437
 83.14223 33.58922
 83.11970 33.18828
 83.08748 33.01870
 83.08297 32.99845
 83.08252 32.99846
 83.05734 33.01863
 83.05033 33.06485
 83.03653 33.21045
 83.02969 33.47614
 83.00443 34.01799
 82.93701 35.20195
 82.91068 35.93375
 82.77039 35.95029
 82.76046 35.95052
 82.75458 35.94349
 82.74830 35.93264
 82.74630 35.92830
 82.73981 35.90877
 82.73647 35.89604
 82.73541 35.88438
 82.73528 35.88208
 82.73524 35.81703
 82.80048 35.70830
 82.83940 35.76420
 82.84404 35.76938
 82.89529 35.48486
 82.90540 35.40163
 82.90730 35.36507
 82.96435 33.93358
 83.00370 32.65384
 83.08838 31.44698
 83.16027 30.61708
 83.16238 30.59042
 83.17892 29.92090
 83.17966 29.88869
 83.17966 29.83937
 83.17882 29.74824
 83.17683 29.54161
 83.15767 28.72221
 83.14062 28.10973
 83.12770 26.99324
 83.15694 26.34027
 83.18632 25.99325
 83.19569 25.85853
 83.22382 25.37927
 83.23553 25.16552
 83.25280 24.83486
 83.25269 24.73878
 83.25264 24.73375
 83.24361 24.49671
 83.23685 24.47435
 83.20335 24.38844
 83.08265 24.10940
 83.07119 24.10478
 83.05545 24.11617
 82.90863 24.52751
 82.88938 24.61183
 82.85638 24.79959
 82.82181 24.99963
 82.81722 24.91762
 82.87815 24.39127
 82.92034 24.04145
 82.95794 23.65120
 82.91032 22.40839
 82.86074 21.99507
 82.82378 21.37380
 82.81423 21.06309
 82.71509 20.41107
 82.67465 20.17068
 82.62698 19.91049
 82.62654 19.90835
 82.59491 19.79194
 82.59011 19.78696
 82.58612 19.78562
 82.57059 19.81740
 82.57018 19.81850
 82.55513 19.87421
 82.54815 19.90407
 82.54708 19.91025
 82.49009 20.37918
 82.38882 20.97901
 82.35882 21.09375
 82.31699 21.38965
 82.31225 21.44667
 82.30924 21.49382
 82.29991 21.66119
 82.28875 21.88280
 82.28056 22.08274
 82.27731 22.26047
 82.27737 22.64030
 82.28646 22.75086
 82.28519 22.89927
 82.26015 23.34069
 82.24995 23.42108
 82.23944 23.49915
 82.20835 23.72520
 82.20136 23.76057
 82.18995 23.83215
 82.16457 24.18108
 82.14954 24.41605
 82.14684 24.68167
 82.14963 25.30685
 82.14996 25.33498
 82.15437 25.67099
 82.16186 26.01217
 82.16748 26.12773
 82.17501 26.31213
 82.18412 26.60830
 82.18610 26.71875
 82.19273 27.21293
 82.19477 27.47796
 82.19534 27.63122
 82.18384 28.25041
 82.18129 28.37597
 82.17627 28.55600
 82.17615 28.55949
 82.16679 28.74359
 82.16330 28.81098
 82.15796 28.84936
 82.15366 28.90005
 82.15237 28.93493
 82.14348 29.21251
 82.14202 29.29519
 82.14202 29.37016
 82.14402 29.73239
 82.15555 29.96872
 82.16596 30.12433
 82.18469 30.36965
 82.19085 30.74601
 82.20762 32.08690
 82.24383 33.42088
 82.24913 33.68506
 82.25555 34.27270
 82.25558 34.32243
 82.24156 34.73933
 82.23022 35.13497
 82.22687 35.27479
 82.22607 35.33702
 82.22649 35.36989
 82.23794 35.57559
 82.23937 35.62597
 82.23914 35.69126
 82.23714 35.81047
 82.23490 35.87255
 82.23010 35.93214
 82.22433 35.97163
 82.21684 35.98679
 82.21647 35.98663
 82.21628 35.98132
 82.20120 35.30359
 82.21766 34.80267
 82.22659 34.58182
 82.23239 34.39082
 82.23242 34.36903
 82.22960 33.69512
 82.19910 31.55819
 82.17436 30.48101
 82.17365 30.46184
 82.17336 30.45741
 82.15117 30.16438
 82.15084 30.16013
 82.14724 30.13776
 82.14047 30.10224
 82.09277 29.94035
 82.08972 29.95140
 82.06710 30.20014
 82.06690 30.20262
 82.03979 30.54007
 82.01755 30.86688
 81.96591 31.43151
 81.94827 31.61129
 81.91446 31.95495
 81.89557 32.13725
 81.84224 32.61698
 81.83440 32.67977
 81.82310 32.73857
 81.82269 32.74045
 81.80973 32.77448
 81.80223 32.78420
 81.75966 32.80000
 81.64728 32.55844
 81.66632 32.11264
 81.67034 32.08550
 81.67892 32.07099
 81.69413 32.07629
 81.70299 32.08450
 81.70349 32.08261
 81.72925 31.95942
 81.74584 31.86814
 81.78201 31.64778
 81.79311 31.57653
 81.81811 31.40395
 81.82586 31.33859
 81.83210 31.24722
 81.99058 28.82414
 81.99073 28.82170
 82.00259 28.58010
 82.01221 28.37349
 82.01234 28.37044
 82.01751 28.25201
 82.01811 28.23643
 82.02194 28.10973
 82.03206 27.57822
 82.03317 27.33492
 82.03317 27.06500
 82.03317 26.87889
 82.03312 26.73249
 82.02335 26.07685
 82.00363 24.89102
 82.00054 24.75640
 81.99547 24.57810
 81.99504 24.56578
 81.99408 24.55344
 81.99244 24.54069
 81.99135 24.53711
 81.98945 24.53552
 81.85115 24.57297
 81.79324 24.61378
 81.78029 24.63027
 81.77993 24.63121
 81.76910 24.67373
 81.74244 24.83448
 81.72276 24.98256
 81.70762 25.09681
 81.66438 25.44437
 81.64986 25.58881
 81.62587 25.83035
 81.60378 26.05419
 81.57669 26.31497
 81.56798 26.38735
 81.49121 26.65728
 81.47981 26.69685
 81.47825 26.69966
 81.47659 26.69809
 81.42105 26.51633
 81.41727 26.48619
 81.41690 26.45686
 81.41691 26.45505
 81.42125 26.39193
 81.42691 26.32892
 81.43080 26.29688
 81.44206 26.21849
 81.47388 26.04490
 81.48954 25.98616
 81.64371 24.36934
 81.71063 23.61282
 81.86593 23.29298
 81.93853 23.28721
 81.95293 23.27899
 81.99073 23.24244
 81.99374 23.23152
 81.99526 23.22098
 82.00360 23.15552
 82.02262 22.88110
 82.02787 22.79850
 82.03234 22.69538
 82.04018 22.50000
 82.04317 22.42366
 82.04485 22.33256
 82.05306 21.27621
 82.05256 21.27052
 82.04479 21.24296
 82.03467 21.21521
 82.03377 21.21323
 81.97545 21.09375
 81.97203 21.08732
 81.95791 21.06421
 81.91521 21.00074
 81.91253 20.99858
 81.85104 20.98549
 81.73942 21.01654
 81.70711 21.02773
 81.65237 21.07685
 81.61352 21.11485
 81.49186 21.25971
 81.45218 21.31202
 81.32449 21.63881
 81.30956 21.70216
 81.29241 21.79100
 81.29023 21.80495
 81.28407 21.86719
 81.27063 22.04491
4 819 67.4785 81.202 44.9278 72.9663 'Qaasuitsup Kommunia (Greenland)'
 68.19669 52.68037
 68.17261 52.50926
 68.15152 52.45081
 68.06326 52.07072
 68.05004 52.01020
 68.04440 51.98307
 68.04179 51.96618
 67.99755 51.00651
 67.90895 50.56975
 67.92139 50.37078
 67.92536 50.35329
 67.95002 50.37202
 68.01685 50.77316
 68.09901 51.14514
 68.17685 51.41422
 68.19594 51.43588
 68.20409 51.42682
 68.26762 51.32016
 68.27462 51.23933
 68.27505 51.23446
 68.28835 51.21637
 68.29994 51.21382
 68.31822 51.23521
 68.26762 51.32016
 68.16855 52.46366
 68.16841 52.47942
 68.17261 52.50926
 68.17769 52.52332
 68.18081 52.52648
 68.18132 52.52755
 68.19388 52.58035
 68.19412 52.58229
 68.19669 52.68037
 68.22681 52.89442
 68.28471 53.11117
 68.31865 53.10675
 68.51920 52.66020
 68.60397 52.43950
 68.65286 52.24670
 68.64837 51.90354
 68.64658 51.89164
 68.63288 51.84029
 68.63073 51.83417
 68.60601 51.82077
 68.60198 51.82665
 68.56229 51.94652
 68.55410 52.00842
 68.55258 52.00630
 68.50367 51.88189
 68.52751 51.53190
 68.55973 51.17434
 68.57490 51.04572
 68.82132 50.66680
 68.82637 50.67660
 68.83196 50.70418
 68.83400 50.77150
 68.83424 50.79275
 68.83115 50.80302
 68.79126 50.93279
 68.77392 50.98414
 68.73831 51.04510
 68.72761 51.13650
 68.73165 51.24990
 68.73310 51.27787
 68.73918 51.30264
 68.74063 51.30424
 68.74208 51.30370
 69.13596 51.09753
 69.13633 51.09705
 69.13781 51.09179
 69.13807 51.08002
 69.13581 50.75841
 69.13562 50.75424
 69.13058 50.60664
 69.13167 50.31434
 69.13464 50.24289
 69.15879 49.96790
 69.16138 49.96026
 69.16492 49.95661
 69.18085 49.95561
 69.18888 49.95794
 69.20906 49.99048
 69.26119 50.16574
 69.24736 50.18887
 69.23312 50.20321
 69.22611 50.20109
 69.21886 50.20058
 69.21511 50.21008
 69.20455 50.25033
 69.19869 50.30201
 69.19009 50.47072
 69.16744 50.92552
 69.16769 50.95820
 69.17140 50.99833
 69.17445 51.01917
 69.19812 51.13216
 69.19964 51.13680
 69.20360 51.14525
 69.20577 51.14901
 69.62661 50.87546
 69.63240 50.87106
 69.72157 50.75033
 69.77639 50.64654
 69.78150 50.62614
 69.78153 50.62500
 69.77347 50.53090
 69.76398 50.43400
 69.86624 50.31688
 70.01074 50.21668
 70.01744 50.21981
 70.04786 50.24878
 70.05024 50.25458
 70.07176 51.07699
 70.07214 51.10051
 70.07214 51.10573
 70.06857 51.23986
 70.06414 51.27155
 70.06041 51.28328
 70.05260 51.29538
 70.04486 51.30472
 70.02693 51.31897
 69.97923 51.40991
 69.97608 51.41660
 69.97044 51.43832
 69.96853 51.44973
 69.96738 51.46301
 69.96738 51.46523
 69.96857 51.48000
 70.02089 52.02585
 70.04522 52.22494
 70.06561 52.34498
 70.09840 52.41221
 70.18860 52.60186
 70.19586 52.61860
 70.21889 52.67368
 70.27216 52.82926
 70.27542 52.83955
 70.28007 52.85709
 70.31250 53.00298
 70.33200 53.13391
 70.34009 53.19602
 70.34033 53.19792
 70.34173 53.21135
 70.35042 53.31185
 70.36310 53.46985
 70.37615 53.65024
 70.38250 53.77102
 70.38750 53.88336
 70.39733 53.95138
 70.41614 54.04844
 70.41874 54.05785
 70.41911 54.05897
 70.46303 54.16041
 70.66448 54.59748
 70.71594 54.58303
 70.71900 54.57932
 70.80954 54.24734
 70.82868 54.14062
 70.83113 54.12665
 70.83296 54.10519
 70.83307 54.10351
 70.83364 54.02284
 70.83307 54.01009
 70.76750 52.92523
 70.66485 52.40074
 70.47440 51.78157
 70.43199 51.55360
 70.43179 51.55241
 70.32464 50.73406
 70.32428 50.73010
 70.32397 50.72438
 70.32694 50.64846
 70.32868 50.62045
 70.33252 50.58466
 70.35342 50.55953
 70.36599 50.56227
 70.45530 50.60705
 70.49677 50.66777
 70.42787 50.76311
 70.42351 50.77233
 70.41720 50.82376
 70.41744 50.84877
 70.42352 50.96415
 70.42834 51.02867
 70.43269 51.06029
 70.44232 51.09348
 70.50059 51.22916
 70.50405 51.23669
 70.55483 51.34557
 70.56341 51.35554
 70.56466 51.35634
 70.56611 51.35424
 70.57885 51.32956
 70.58099 51.32474
 70.58126 51.32361
 70.60059 51.19683
 70.54453 51.04452
 70.51046 50.92376
 70.53244 50.78413
 70.61388 50.65205
 70.62235 50.64161
 70.64107 50.64821
 70.64248 50.65035
 70.64277 50.65122
 70.67157 50.78223
 70.68478 50.86667
 70.68661 50.88624
 70.68675 50.88816
 70.68781 50.92950
 70.68636 50.96855
 70.68618 50.96945
 70.68209 50.98228
 70.66808 51.00455
 70.66378 51.02374
 70.65251 51.08664
 70.70455 51.41698
 70.70722 51.43010
 70.70760 51.43124
 70.71024 51.43625
 70.71973 51.45273
 70.72403 51.45776
 70.95150 51.63866
 71.03937 51.66428
 71.01262 51.53484
 70.97353 51.29111
 70.97341 51.29028
 70.97053 51.26698
 70.96432 51.20610
 70.96319 51.16390
 70.97604 50.97226
 70.97638 50.97054
 70.97922 50.96308
 71.01440 50.93058
 71.01574 50.92943
 71.01682 50.93148
 71.01747 50.93340
 71.01785 50.93591
 71.12675 51.73089
 71.24682 51.54031
 71.25270 51.53171
 71.26717 51.51851
 71.29952 51.50597
 71.30678 51.51192
 71.30926 51.51597
 71.36430 51.65406
 71.36353 51.68124
 71.34958 51.76238
 71.34622 51.77528
 71.32359 51.85345
 71.31134 51.88525
 71.27790 51.96047
 71.27244 51.97175
 71.26186 51.98601
 71.24537 52.02460
 71.23748 52.04823
 71.23331 52.06279
 71.15084 52.37907
 71.14735 52.44071
 71.14706 52.44984
 71.14743 52.48122
 71.15399 52.50968
 71.15517 52.51249
 71.15591 52.51306
 71.18692 52.53179
 71.35642 52.27795
 71.41927 52.00374
 71.43607 51.85203
 71.45278 51.64814
 71.45612 51.60060
 71.45574 51.59108
 71.45096 51.48755
 71.44471 51.45554
 71.43952 51.41570
 71.43809 51.37127
 71.43894 51.36175
 71.44021 51.35733
 71.47176 51.34145
 71.48140 51.35180
 71.48880 51.37919
 71.49179 51.39565
 71.50815 51.52507
 71.51364 51.59753
 71.49830 51.77489
 71.43914 52.09186
 71.41831 52.18465
 71.39641 52.30661
 71.38117 52.45525
 71.37782 52.49333
 71.37675 52.53484
 71.37838 52.63768
 71.40616 52.92781
 71.41445 52.97429
 71.42066 52.99385
 71.42700 52.99311
 71.43015 52.98744
 71.69847 53.12256
 71.97882 53.40059
 72.03027 53.50305
 71.85540 53.39379
 71.44624 53.89810
 71.44458 53.90936
 71.39115 54.30279
 71.37117 54.46427
 71.36029 54.70220
 71.38902 55.17273
 71.39572 55.26649
 71.39586 55.26779
 71.40910 55.35778
 71.41105 55.36747
 71.41248 55.37195
 71.44710 55.46459
 71.47078 55.50978
 71.47303 55.51347
 71.68658 55.86302
 71.68747 55.86385
 71.69293 55.86046
 71.73396 55.79340
 71.75388 55.74246
 71.88562 55.29255
 71.89453 55.23722
 71.89869 55.18790
 71.89976 55.15657
 71.89729 55.07519
 71.89488 55.00970
 71.89568 54.98375
 71.89806 54.96061
 71.90520 54.90711
 71.91268 54.86154
 71.92177 54.82327
 71.99170 54.62891
 72.03139 54.56555
 72.03862 54.55489
 72.04470 54.54861
 72.17063 54.46952
 72.17928 54.46895
 72.19209 54.48060
 72.19228 54.48174
 72.19038 54.50090
 72.19027 54.50162
 72.18877 54.50476
 72.16929 54.53373
 72.16895 54.53417
 72.14279 54.56595
 72.08604 54.62084
 72.05998 54.64028
 72.04577 54.64784
 72.04114 54.64291
 72.02093 54.65362
 71.95684 54.83880
 71.94517 54.88034
 71.94386 54.88546
 71.93661 54.93498
 71.93362 54.96289
 71.93082 55.11196
 71.93268 55.19001
 71.93549 55.25926
 71.99041 55.59265
 71.99244 55.59614
 71.99617 55.59824
 72.01773 55.58713
 72.02858 55.58040
 72.04050 55.55151
 72.10657 55.37254
 72.35019 55.23968
 72.52647 55.43346
 72.51940 54.76879
 72.84022 54.37550
 72.84439 54.37302
 72.86195 54.38108
 72.86372 54.38332
 72.94941 54.51395
 72.95677 54.52865
 72.95877 54.53602
 73.05211 55.16412
 73.33863 55.33254
 73.58952 55.65197
 73.77208 55.92829
 74.28311 56.16058
 74.21693 56.33682
 74.16055 56.51538
 74.15563 56.55740
 74.13511 56.74944
 74.09260 57.27792
 74.10056 57.29691
 74.10389 57.29871
 74.11680 57.28834
 74.13044 57.26816
 74.13679 57.24337
 74.15986 57.12627
 74.18899 56.90453
 74.19150 56.88342
 74.19639 56.74756
 74.22706 56.57193
 74.27512 56.34749
 74.37621 56.08488
 74.37806 56.08166
 74.37996 56.08069
 74.38851 56.08681
 74.54032 56.20594
 74.55202 56.24108
 74.70990 56.81509
 74.90787 57.29974
 75.05679 58.04714
 75.34269 58.51149
 75.41960 58.37670
 75.56124 58.29623
 75.69710 58.44619
 75.72152 58.76222
 75.85710 59.50896
 76.06816 60.46177
 76.17910 61.32294
 76.25208 62.29823
 76.31955 62.90373
 76.35505 63.09434
 76.38120 63.39603
 76.38083 63.39825
 76.36454 63.44837
 76.36132 63.45172
 76.29370 63.51169
 76.16964 63.69592
 76.15705 63.72765
 76.12905 63.93590
 76.12894 63.93824
 76.12896 63.94229
 76.13199 64.00121
 76.13844 64.04897
 76.14725 64.08947
 76.20924 64.15610
 76.25181 64.37499
 76.26593 64.62317
 76.26044 64.66544
 76.24157 64.66413
 76.18269 64.65808
 76.16925 64.65600
 76.12612 64.68808
 76.03023 65.31756
 76.02096 65.41073
 76.02096 65.43830
 76.02127 65.48683
 76.02378 65.60088
 76.02684 65.62566
 76.03345 65.64540
 76.07767 65.75429
 76.12524 65.76706
 76.18738 65.65689
 76.23464 65.51727
 76.23770 65.52052
 76.24044 65.52673
 76.25497 65.57589
 76.27306 65.69944
 76.27561 65.72499
 76.27598 65.73045
 76.28047 65.88969
 76.28121 66.15961
 76.28029 66.16801
 76.20016 66.28974
 76.14151 66.34353
 76.21209 66.72964
 76.26380 66.84659
 76.26989 66.87121
 76.27430 66.94458
 76.27286 66.96823
 76.25180 67.10731
 76.19771 67.24854
 76.19149 67.26047
 76.17899 67.28075
 76.17326 67.28537
 76.16986 67.28539
 76.16783 67.28371
 76.15952 67.27309
 76.15748 67.26976
 76.15600 67.26349
 76.15379 67.24492
 76.11114 66.97106
 76.01105 66.66401
 75.94768 66.47301
 75.94061 66.45578
 75.92813 66.42615
 75.92038 66.41520
 75.91498 66.41257
 75.91090 66.41179
 75.90970 66.41821
 75.90603 66.45515
 75.90523 66.47900
 75.90615 66.50061
 75.90642 66.50265
 75.92116 66.59206
 75.92556 66.60687
 75.92577 66.60741
 75.95218 66.75014
 75.96783 66.88402
 75.99424 67.15609
 76.01400 67.37787
 76.04390 67.74181
 76.04968 67.87760
 76.05002 67.96858
 76.05714 68.10008
 76.08466 68.48304
 76.09130 68.51680
 76.30741 69.27219
 76.44192 69.37321
 76.54660 68.82269
 76.58513 68.55042
 76.58299 68.33196
 76.58017 68.00036
 76.58819 67.97256
 76.58856 67.97160
 76.59738 67.95553
 76.60265 67.94957
 76.60773 67.94584
 76.61222 67.94584
 76.62727 67.95180
 76.69613 67.98224
 76.71805 68.00016
 76.70696 68.07956
 76.69339 68.13970
 76.68976 68.17718
 76.66992 68.40186
 76.66654 68.47422
 76.66158 68.61247
 76.66384 68.74547
 76.68156 69.11588
 76.69024 69.28631
 76.79611 70.59835
 76.80704 70.64632
 76.82454 70.71740
 76.84078 70.77734
 76.88544 70.93817
 77.00226 71.32761
 77.01731 71.35368
 77.06745 71.31892
 77.13391 71.15249
 77.19513 70.86613
 77.20248 70.81079
 77.20570 70.77252
 77.22502 70.46264
 77.22926 70.39166
 77.24267 70.16311
 77.24274 70.15021
 77.24173 70.07841
 77.22667 69.49045
 77.20843 69.22580
 77.20624 69.18561
 77.20360 69.13525
 77.17693 68.62169
 77.17252 68.52869
 77.16971 68.45760
 77.16769 68.35751
 77.16769 68.34263
 77.16772 68.19400
 77.17236 68.07038
 77.17290 68.06269
 77.18343 68.03125
 77.18429 68.02925
 77.19157 68.02138
 77.19193 68.02026
 77.19623 67.99984
 77.20068 67.95389
 77.20365 67.89227
 77.20368 67.86118
 77.20333 67.79816
 77.20170 67.73430
 77.20043 67.71490
 77.15787 67.14087
 77.14177 67.00556
 77.14428 66.83822
 77.20501 67.56028
 77.21074 68.05937
 77.20243 68.13868
 77.20792 68.41732
 77.21197 68.48129
 77.21822 68.57788
 77.25173 68.97490
 77.26567 69.06768
 77.26706 69.07501
 77.26943 69.08694
 77.27301 69.09373
 77.27498 69.09427
 77.27612 69.09324
 77.27843 69.08138
 77.28978 69.01227
 77.36176 68.45549
 77.36578 68.41679
 77.37286 68.32857
 77.37437 68.30152
 77.38843 67.58371
 77.38864 67.57268
 77.38972 67.49012
 77.38971 67.48826
 77.38859 67.36593
 77.38779 67.33169
 77.38516 67.25047
 77.38463 67.23844
 77.36108 66.81891
 77.43369 66.10259
 77.44021 66.06109
 77.44556 66.03746
 77.44694 66.03260
 77.45284 66.02527
 77.45870 66.02128
 77.47006 66.01755
 77.50233 66.01620
 77.60332 66.17255
 77.70853 66.63363
 77.70929 66.64598
 77.70686 66.70603
 77.68948 66.99003
 77.66828 67.08860
 77.66772 67.09119
 77.66420 67.10128
 77.66337 67.10230
 77.62556 67.13459
 77.58939 67.16359
 77.58834 67.16486
 77.58191 67.17897
 77.57347 67.20493
 77.57199 67.21165
 77.55435 67.31888
 77.53591 67.43611
 77.52285 67.57324
 77.52226 67.58034
 77.51821 67.63441
 77.51755 67.64328
 77.51340 67.70345
 77.45777 69.15789
 77.45818 69.18319
 77.54303 70.00485
 77.68443 70.63063
 77.76207 71.21144
 77.76290 71.22588
 77.76333 71.22973
 77.77880 71.34886
 77.78153 71.36588
 77.93945 72.22110
 78.15333 72.96628
 78.35350 72.84059
 78.50152 72.43500
 78.60973 71.53230
 78.69876 70.57119
 78.80176 69.78776
 78.94177 69.11527
 78.95810 69.04632
 79.03905 68.56103
 79.05000 68.44686
 79.06526 68.27790
 79.13449 67.43573
 79.13463 67.43291
 79.14758 67.12008
 79.14920 67.07593
 79.14921 67.07259
 79.13308 66.55046
 79.12410 66.27335
 79.12398 66.27136
 79.12328 66.26737
 79.11803 66.25842
 79.24513 65.63809
 79.37359 65.08216
 79.56487 64.62062
 79.59807 64.55359
 79.92890 64.22046
 79.93123 64.22182
 80.09322 64.47873
 80.06850 64.87156
 80.01640 65.74160
 80.01936 66.08832
 80.05500 67.01784
 80.05848 67.03381
 80.18700 67.45964
 80.18759 67.46054
 80.19723 67.46256
 80.32946 67.48819
 80.33461 67.48627
 80.34062 67.48295
 80.34883 67.47124
 80.35345 67.44296
 80.35566 67.41792
 80.39895 67.11997
 80.45401 66.79811
 80.46130 66.75758
 80.56060 66.43149
 80.64190 66.19354
 80.71757 65.76048
 80.75555 65.47592
 80.83380 65.15152
 80.89449 65.11644
 80.95602 64.99431
 80.96498 64.97155
 81.11615 64.09804
 81.11928 64.06690
 81.11948 64.06362
 81.11995 64.00459
 81.11800 63.95186
 81.11117 63.91928
 81.09001 63.85851
 81.08149 63.84394
 81.05738 63.81194
 81.03790 63.80415
 81.00537 63.76095
 80.94505 63.65836
 80.92228 63.59865
 80.79591 63.26384
 80.76522 63.17776
 80.75066 63.10258
 80.75023 63.08664
 80.76055 63.07291
 80.77384 63.07118
 80.78560 63.09232
 80.84786 63.22286
 80.88241 63.30363
 80.90811 63.39785
 80.91607 63.43393
 80.92061 63.45700
 80.92704 63.48823
 80.94866 63.54066
 80.96803 63.58367
 81.02908 63.67233
 81.12881 63.79698
 81.13396 63.79698
 81.13662 63.79323
 81.15280 63.73199
 81.18430 63.58555
 81.19620 63.52310
 81.19887 63.50634
 81.20001 63.49534
 81.20142 63.46639
 81.20196 63.43417
 81.20154 63.42724
 81.20029 63.41663
 81.19646 63.40027
 81.18230 63.25744
 81.14006 62.52746
 81.13269 62.26972
 81.13404 62.26967
 81.13555 62.26594
 81.13651 62.26179
 81.14397 62.21089
 81.16205 62.05897
 81.16218 62.05637
 81.17157 61.79660
 81.17181 61.76956
 81.17147 61.73514
 81.14850 61.56117
 81.13653 61.48286
 80.95825 60.49712
 80.45868 60.45907
 80.45802 60.45902
 80.09675 60.43146
 80.01343 60.42504
 77.82715 44.92781
 75.77325 44.97436
 73.61938 45.02317
 70.97316 44.98634
 68.69933 44.95470
 68.67554 44.95437
 67.53211 44.96965
 67.52040 50.06896
 67.51562 50.32056
 67.51493 50.61905
 67.72202 51.47693
 67.68450 51.71724
 67.68294 51.74579
 67.68454 51.75273
 67.76643 52.10325
 67.86921 52.14950
 67.87615 51.97850
 67.87814 51.94795
 67.87949 51.93468
 67.88509 51.90216
 67.95108 51.56229
 67.95371 51.55886
 67.96074 51.55229
 67.96256 51.55229
 67.96428 51.55486
 67.96685 51.56958
 67.96712 51.57444
 67.96836 51.60059
 67.96814 51.60344
 67.95198 51.75637
 67.89070 52.21594
 67.74651 53.02304
 67.69315 53.13874
 67.67956 53.16800
 67.66211 53.18642
 67.65522 53.19162
 67.64273 53.19590
 67.63458 53.20587
 67.61340 53.23924
 67.54435 53.43373
 67.53073 53.47512
 67.49732 53.58386
 67.49406 53.59627
 67.47921 53.66894
 67.47854 53.67588
 67.47965 53.68382
 67.48044 53.68643
 67.50780 53.74455
 67.50839 53.74510
 67.57940 53.77793
 67.74316 53.79523
 67.74783 53.79523
 67.76347 53.78710
 67.86962 53.50244
 68.05801 53.10228
 68.12028 53.20292
 68.12059 53.28166
 68.14081 53.48056
 68.14307 53.49461
 68.14352 53.49612
 68.14464 53.49760
 68.14951 53.49154
 68.16045 53.47753
 68.16543 53.46167
 68.17168 53.42594
 68.17184 53.42479
 68.20086 53.15975
 68.19942 52.79551
 68.19935 52.78241
 68.19837 52.74440
 68.19669 52.68037
5 250 64.5839 67.7742 44.9696 53.8852 'Qeqqata Kommunia (Greenland)'
 65.39716 52.40208
 65.43594 52.23028
 65.54229 51.89644
 65.54530 51.89199
 65.57883 51.90119
 65.60316 51.92243
 65.60451 51.92283
 65.64132 51.83776
 65.69060 51.70384
 65.69369 51.69175
 65.70983 51.61690
 65.71268 51.60362
 65.73475 51.48148
 65.74596 51.38240
 65.75704 51.27153
 65.75818 51.25715
 65.76730 50.97656
 65.76615 50.96802
 65.75002 50.90111
 65.72592 50.84721
 65.71320 50.82061
 65.70379 50.80840
 65.69284 50.77738
 65.69229 50.77308
 65.69239 50.77223
 65.69683 50.77342
 65.74997 50.84728
 65.76250 50.89132
 65.76699 50.90903
 65.76751 50.91192
 65.77448 50.97199
 65.77458 50.97386
 65.77956 51.25422
 65.76722 51.35863
 65.75460 51.45754
 65.73686 51.56126
 65.73209 51.58553
 65.71194 51.68391
 65.71098 51.68790
 65.69659 51.73434
 65.67110 51.81620
 65.64841 51.88853
 65.64662 51.89292
 65.64216 51.90229
 65.62134 51.92770
 65.60451 51.92283
 65.39716 52.40208
 65.37860 52.48435
 65.42197 52.64975
 65.66676 53.22537
 65.66976 53.23155
 65.66996 53.23164
 65.90195 53.27349
 65.90468 53.27225
 65.90753 53.26868
 65.92500 53.22506
 65.92916 53.20811
 65.95343 53.15408
 65.92500 53.22506
 65.91951 53.24742
 65.91924 53.24894
 65.92056 53.43677
 65.95383 53.48887
 65.98061 53.48864
 66.02429 53.47836
 66.03148 53.47564
 66.03195 53.47528
 66.03725 53.46821
 66.04987 53.43879
 66.08355 53.34178
 66.13483 53.20216
 66.16716 53.08442
 66.18697 53.01486
 66.19742 52.98234
 66.22172 52.91055
 66.24189 52.85668
 66.46770 52.29141
 66.57219 52.04915
 66.62151 51.92227
 66.87692 51.08055
 66.87176 50.91818
 66.97893 50.77085
 66.97921 50.77101
 66.98469 50.77859
 66.97312 50.89926
 66.96619 50.96673
 66.91217 51.18815
 66.89767 51.24307
 66.87779 51.31430
 66.80962 51.52639
 66.67524 51.85138
 66.57881 52.03381
 66.57219 52.04915
 66.31990 52.69824
 66.13483 53.20216
 66.09858 53.33414
 66.09020 53.46502
 66.09314 53.54029
 66.09968 53.66525
 66.10199 53.67356
 66.10838 53.67992
 66.10904 53.68007
 66.12273 53.68112
 66.44908 53.69567
 66.46949 53.69621
 66.47782 53.69320
 66.48033 53.68994
 66.50640 53.63305
 66.50680 53.63204
 66.52266 53.57950
 66.53562 53.52080
 66.54379 53.26043
 66.53620 53.20217
 66.53718 53.12411
 66.55370 52.94460
 66.54379 53.26043
 66.56616 53.43226
 66.56817 53.43683
 66.59507 53.49256
 66.60601 53.50148
 66.60660 53.50149
 66.60941 53.50011
 66.63377 53.47479
 66.64844 53.43750
 66.69807 53.30000
 66.70401 53.28278
 66.70448 53.27992
 66.70726 53.23236
 66.70726 53.23140
 66.70587 53.22337
 66.69929 53.20354
 66.68502 53.10873
 66.67693 53.00754
 66.67693 52.99207
 66.69257 52.65057
 66.69291 52.64802
 66.71104 52.59751
 66.73459 52.59675
 66.82197 52.65759
 66.82909 52.67207
 66.89751 52.85494
 66.91046 53.42606
 66.91044 53.43750
 66.91273 53.49538
 66.91693 53.59765
 66.91965 53.66118
 66.93206 53.69840
 66.95810 53.77069
 66.96415 53.78261
 66.96917 53.78843
 66.98343 53.80376
 67.06083 53.82479
 67.17670 53.78390
 67.34152 52.45013
 67.37583 52.11847
 67.34675 51.66573
 67.33116 51.49643
 67.32708 51.46013
 67.32021 51.43901
 67.31147 51.42104
 67.30583 51.39563
 67.31118 51.39374
 67.31374 51.39583
 67.33221 51.42886
 67.34567 51.47244
 67.34902 51.50076
 67.35661 51.58496
 67.39422 52.18280
 67.39425 52.19148
 67.39000 52.23458
 67.28172 53.22288
 67.20650 53.66084
 67.20315 53.68664
 67.19439 53.76049
 67.21031 53.87872
 67.21047 53.87947
 67.21303 53.88215
 67.21336 53.88248
 67.21785 53.88449
 67.23166 53.88522
 67.30730 53.87097
 67.33484 53.86482
 67.33982 53.86339
 67.39433 53.82145
 67.40781 53.80409
 67.41238 53.79585
 67.43647 53.73545
 67.73022 52.98413
 67.74914 52.78097
 67.74993 52.77149
 67.76820 52.55025
 67.77000 52.52714
 67.77419 52.47191
 67.77418 52.45690
 67.77341 52.41808
 67.76606 52.37230
 67.76577 52.37120
 67.76357 52.36437
 67.70066 52.12554
 67.63533 51.86958
 67.63149 51.80169
 67.63040 51.77446
 67.63603 51.70574
 67.64467 51.64961
 67.66360 51.54615
 67.66538 51.53309
 67.67031 51.40735
 67.66485 51.29342
 67.59581 50.93419
 67.56527 50.83991
 67.54715 50.79368
 67.53904 50.78656
 67.51013 50.72692
 67.50283 50.69214
 67.48086 50.58316
 67.47837 50.54595
 67.47614 50.19043
 67.50764 50.09194
 67.51329 50.10128
 67.52040 50.06896
 67.53211 44.96965
 65.17090 45.00120
 65.16815 48.84071
 65.21347 49.59920
 65.29175 49.72061
 65.33844 49.88796
 65.35629 50.04546
 65.34668 50.17999
 65.32745 50.27843
 65.30823 50.36703
 65.28488 50.45234
 65.25742 50.54094
 65.14060 50.81231
 65.12283 50.85089
 64.71359 51.62858
 64.64046 51.70734
 64.62879 51.72902
 64.61952 51.75864
 64.61609 51.78026
 64.60927 51.83224
 64.58389 52.07977
 64.60781 52.10975
 64.64579 52.15567
 64.64890 52.15823
 65.19406 52.53331
 65.30880 52.57240
 65.32854 52.55614
 65.33079 52.55339
 65.33413 52.54778
 65.39716 52.40208
