0 193 50.3232 52.5261 -9.45514 -5.865 'Nordrhein-Westfalen (Germany)'
 51.64895 -9.43999
 51.52055 -9.30278
 51.43854 -9.15042
 51.44055 -9.12000
 51.45701 -9.08813
 51.48617 -9.08368
 51.51111 -9.02055
 51.49888 -8.96527
 51.47357 -8.90288
 51.42111 -8.91666
 51.38166 -8.80861
 51.37360 -8.73055
 51.36416 -8.68305
 51.34527 -8.65445
 51.28972 -8.58792
 51.27014 -8.57597
 51.24222 -8.60458
 51.24055 -8.62458
 51.25695 -8.67834
 51.26395 -8.72292
 51.21750 -8.74333
 51.17785 -8.75334
 51.12611 -8.69584
 51.09111 -8.64528
 51.06305 -8.53916
 50.97611 -8.49166
 50.87694 -8.39861
 50.86166 -8.37111
 50.86076 -8.32264
 50.87961 -8.29351
 50.82583 -8.19500
 50.76916 -8.13892
 50.74521 -8.17326
 50.70527 -8.16722
 50.68388 -8.13445
 50.70000 -8.05445
 50.83805 -7.91778
 50.92010 -7.86115
 50.93361 -7.80222
 50.90833 -7.75160
 50.86735 -7.76042
 50.83583 -7.76445
 50.77625 -7.69542
 50.76445 -7.66305
 50.73611 -7.58084
 50.71695 -7.52264
 50.70583 -7.44889
 50.67694 -7.38278
 50.64250 -7.37153
 50.62916 -7.34334
 50.61972 -7.29584
 50.58527 -7.09695
 50.55728 -6.94445
 50.48250 -6.82166
 50.40416 -6.77834
 50.36222 -6.80201
 50.34125 -6.73722
 50.33749 -6.70945
 50.36375 -6.67334
 50.37805 -6.59500
 50.36972 -6.53028
 50.35611 -6.44916
 50.34083 -6.42278
 50.32317 -6.39820
 50.44319 -6.37340
 50.48694 -6.33916
 50.49722 -6.31347
 50.49777 -6.26472
 50.58916 -6.24777
 50.61985 -6.27042
 50.65639 -6.16722
 50.72361 -6.05472
 50.75727 -6.01180
 50.80222 -6.00805
 50.84166 -6.01666
 50.85048 -6.05816
 50.87208 -6.08445
 50.91472 -6.08084
 50.97798 -6.02493
 50.98430 -5.94375
 50.97312 -5.90201
 51.01888 -5.86945
 51.04535 -5.86500
 51.06312 -5.90555
 51.08416 -6.00305
 51.13110 -6.09750
 51.17426 -6.08445
 51.21409 -6.07166
 51.24138 -6.07764
 51.29527 -6.14305
 51.36319 -6.22250
 51.46735 -6.22208
 51.51346 -6.20486
 51.55833 -6.15861
 51.57083 -6.13403
 51.60583 -6.09361
 51.70666 -6.02889
 51.74753 -5.95205
 51.76722 -5.98275
 51.80666 -5.96361
 51.82999 -6.00305
 51.88805 -6.12361
 51.89527 -6.18222
 51.84805 -6.35111
 51.85361 -6.46278
 51.87445 -6.52750
 51.89611 -6.59472
 51.91166 -6.68465
 51.89791 -6.72250
 51.90611 -6.74639
 51.92472 -6.78305
 51.97575 -6.82895
 52.00875 -6.79750
 52.03527 -6.72861
 52.07666 -6.73639
 52.11456 -6.75943
 52.12048 -6.85604
 52.14235 -6.87507
 52.17222 -6.90264
 52.19027 -6.96472
 52.23166 -7.04222
 52.23776 -7.05309
 52.26361 -7.12305
 52.26555 -7.19472
 52.26500 -7.27000
 52.26847 -7.29264
 52.37360 -7.53084
 52.43027 -7.57834
 52.44694 -7.69584
 52.39416 -7.75555
 52.37445 -7.80500
 52.38110 -7.90640
 52.35388 -7.93584
 52.31042 -7.97584
 52.23277 -7.92611
 52.08653 -7.88819
 52.05375 -7.91695
 52.03583 -7.97361
 52.08083 -8.19722
 52.10222 -8.21611
 52.11583 -8.23389
 52.13256 -8.26813
 52.12319 -8.35083
 52.11535 -8.36930
 52.11333 -8.40229
 52.17166 -8.48861
 52.18805 -8.50055
 52.22388 -8.45666
 52.23250 -8.45861
 52.28444 -8.46055
 52.30499 -8.46055
 52.33875 -8.44903
 52.36653 -8.43153
 52.38333 -8.38945
 52.44083 -8.37222
 52.50139 -8.54861
 52.52611 -8.63861
 52.51347 -8.67792
 52.48340 -8.70111
 52.44638 -8.70375
 52.40440 -8.70989
 52.38805 -8.82945
 52.38888 -8.86000
 52.40027 -8.93334
 52.40653 -8.95500
 52.42972 -8.97625
 52.46000 -8.99542
 52.48013 -9.02596
 52.48916 -9.05166
 52.49834 -9.08792
 52.47333 -9.13805
 52.40207 -9.12486
 52.33944 -9.05945
 52.34076 -9.02208
 52.33298 -9.00160
 52.26562 -8.98208
 52.19583 -9.02584
 52.13611 -9.07528
 52.13333 -9.12750
 52.12805 -9.14819
 51.97222 -9.29000
 51.89854 -9.33618
 51.85388 -9.33139
 51.86138 -9.36139
 51.86250 -9.43500
 51.85025 -9.45112
 51.79819 -9.45514
 51.76423 -9.43083
 51.75319 -9.40625
 51.73355 -9.39228
 51.65329 -9.37465
 51.63805 -9.40084
 51.64895 -9.43999
1 182 47.5374 49.7855 -10.4722 -7.51208 'Baden-Wurttemberg (Germany)'
 47.57361 -8.43584
 47.57999 -8.39084
 47.60909 -8.28910
 47.61944 -8.24084
 47.62035 -8.19576
 47.57107 -8.10184
 47.55611 -8.03334
 47.55423 -7.91771
 47.55333 -7.76972
 47.54333 -7.69722
 47.55055 -7.65611
 47.56110 -7.62111
 47.57604 -7.66882
 47.60500 -7.67569
 47.60388 -7.64055
 47.58448 -7.58827
 47.59892 -7.58876
 47.63916 -7.56416
 47.66243 -7.52764
 47.69514 -7.51208
 47.78805 -7.52666
 47.86278 -7.55722
 47.90333 -7.58416
 47.97305 -7.62319
 47.99653 -7.61977
 48.02722 -7.58389
 48.04411 -7.57049
 48.08722 -7.56931
 48.11720 -7.57838
 48.16418 -7.60773
 48.27638 -7.69334
 48.33579 -7.74871
 48.37111 -7.74305
 48.39403 -7.73666
 48.42495 -7.74540
 48.57583 -7.80222
 48.66416 -7.88000
 48.72416 -7.96195
 48.80360 -8.09222
 48.81945 -8.10514
 48.84361 -8.11139
 48.86500 -8.12166
 48.89319 -8.13750
 48.95542 -8.19833
 48.96442 -8.22608
 48.96930 -8.24500
 48.98695 -8.27334
 49.00805 -8.29139
 49.09722 -8.35278
 49.11610 -8.36139
 49.13611 -8.36861
 49.18861 -8.37861
 49.23006 -8.39042
 49.27707 -8.45736
 49.36791 -8.49319
 49.44062 -8.48895
 49.45750 -8.44777
 49.53388 -8.42611
 49.56805 -8.42166
 49.58160 -8.42023
 49.58888 -8.45805
 49.62256 -8.67715
 49.59399 -8.69368
 49.54617 -8.71125
 49.46694 -8.82930
 49.41572 -8.81163
 49.39472 -8.85292
 49.45298 -8.94645
 49.50361 -9.00055
 49.50055 -9.04222
 49.50916 -9.11361
 49.52584 -9.12805
 49.57509 -9.11045
 49.57222 -9.13416
 49.57819 -9.26153
 49.64403 -9.41861
 49.68777 -9.42750
 49.70867 -9.42548
 49.71819 -9.40292
 49.72445 -9.35555
 49.73090 -9.31638
 49.76444 -9.31375
 49.78555 -9.42584
 49.78416 -9.49750
 49.77694 -9.63250
 49.72153 -9.70736
 49.71750 -9.79666
 49.69888 -9.82555
 49.57750 -9.91805
 49.55500 -9.92958
 49.51777 -9.93277
 49.47944 -9.94111
 49.47893 -10.00000
 49.48271 -10.03014
 49.50555 -10.05111
 49.53055 -10.05785
 49.54083 -10.09354
 49.50958 -10.12958
 49.38176 -10.13323
 49.34027 -10.11597
 49.25916 -10.12805
 49.20666 -10.14834
 49.18583 -10.18055
 49.15416 -10.21889
 49.04666 -10.27805
 49.04194 -10.29750
 49.03777 -10.32834
 49.03235 -10.35687
 48.97777 -10.42000
 48.95833 -10.44139
 48.94055 -10.45819
 48.91638 -10.46986
 48.72583 -10.47222
 48.67222 -10.43195
 48.61695 -10.33722
 48.56110 -10.32361
 48.53361 -10.31472
 48.46715 -10.16000
 48.47962 -10.13569
 48.46733 -10.05764
 48.39091 -10.00000
 48.36777 -9.98916
 48.34107 -10.01777
 48.31069 -10.05028
 48.28635 -10.06639
 48.10861 -10.13583
 48.08666 -10.14000
 48.05042 -10.13666
 47.90834 -10.11305
 47.86888 -10.10222
 47.81389 -10.12805
 47.69888 -10.12666
 47.67666 -10.10611
 47.66972 -10.08334
 47.65388 -9.94084
 47.65777 -9.91986
 47.67479 -9.86285
 47.60666 -9.65750
 47.58972 -9.61361
 47.58611 -9.60916
 47.55767 -9.58717
 47.53742 -9.57792
 47.54045 -9.56673
 47.57585 -9.47832
 47.66285 -9.26110
 47.68542 -9.08264
 47.68833 -9.03334
 47.68083 -9.00084
 47.67014 -8.97945
 47.65749 -8.94777
 47.65180 -8.92597
 47.65083 -8.89889
 47.65415 -8.88330
 47.69888 -8.85584
 47.71805 -8.83528
 47.73604 -8.80548
 47.71597 -8.77437
 47.68173 -8.80014
 47.69361 -8.75334
 47.69663 -8.72022
 47.70829 -8.73225
 47.75707 -8.73645
 47.78666 -8.68555
 47.79805 -8.66139
 47.80388 -8.61166
 47.80666 -8.56292
 47.77062 -8.47708
 47.70180 -8.40695
 47.67388 -8.41903
 47.64708 -8.48542
 47.65166 -8.52208
 47.66430 -8.54055
 47.66861 -8.58055
 47.66774 -8.61025
 47.65621 -8.62496
 47.60055 -8.59305
 47.59137 -8.57642
 47.59854 -8.56943
 47.61840 -8.56292
 47.63270 -8.52347
 47.60735 -8.47125
 47.57361 -8.43584
2 5 47.5374 49.7855 -10.4722 -7.51208 'Baden-Wurttemberg (Germany)'
 47.69681 -8.71025
 47.69335 -8.67859
 47.70285 -8.67395
 47.71104 -8.70548
 47.69681 -8.71025
3 148 49.3947 51.6489 -10.1942 -7.77151 'Hessen (Germany)'
 49.58160 -8.42023
 49.58500 -8.41500
 49.61611 -8.38445
 49.63638 -8.37084
 49.69228 -8.36225
 49.76916 -8.41834
 49.95435 -8.33823
 49.97666 -8.31764
 50.02581 -8.23733
 50.03249 -8.20722
 50.03292 -8.17972
 50.02014 -8.11875
 50.00472 -8.06389
 49.98000 -7.97069
 49.97277 -7.90916
 49.97409 -7.87451
 50.05339 -7.77151
 50.19888 -7.91764
 50.25027 -8.03111
 50.27138 -8.11754
 50.31499 -8.10611
 50.37166 -8.04889
 50.38805 -8.03028
 50.39139 -8.00334
 50.39715 -7.97597
 50.51639 -7.99903
 50.54361 -8.03805
 50.54625 -8.06208
 50.52923 -8.08924
 50.52722 -8.11236
 50.53993 -8.13604
 50.58680 -8.16750
 50.61055 -8.14722
 50.64916 -8.12163
 50.68388 -8.13445
 50.70527 -8.16722
 50.74521 -8.17326
 50.76916 -8.13892
 50.82583 -8.19500
 50.87961 -8.29351
 50.86076 -8.32264
 50.86166 -8.37111
 50.87694 -8.39861
 50.97611 -8.49166
 51.06305 -8.53916
 51.09111 -8.64528
 51.12611 -8.69584
 51.17785 -8.75334
 51.21750 -8.74333
 51.26395 -8.72292
 51.25695 -8.67834
 51.24055 -8.62458
 51.24222 -8.60458
 51.27014 -8.57597
 51.28972 -8.58792
 51.34527 -8.65445
 51.36416 -8.68305
 51.37360 -8.73055
 51.38166 -8.80861
 51.42111 -8.91666
 51.47357 -8.90288
 51.49888 -8.96527
 51.51111 -9.02055
 51.48617 -9.08368
 51.45701 -9.08813
 51.44055 -9.12000
 51.43854 -9.15042
 51.52055 -9.30278
 51.64895 -9.43999
 51.63638 -9.49027
 51.63000 -9.53277
 51.63000 -9.55778
 51.62972 -9.62334
 51.60750 -9.65750
 51.56340 -9.68475
 51.55555 -9.64000
 51.51798 -9.59153
 51.48222 -9.61278
 51.45555 -9.62778
 51.40756 -9.64514
 51.39999 -9.61278
 51.39889 -9.58639
 51.36298 -9.53163
 51.29194 -9.72625
 51.30903 -9.76625
 51.33895 -9.77584
 51.33041 -9.74986
 51.35819 -9.71403
 51.39833 -9.80000
 51.39972 -9.90834
 51.38166 -9.94916
 51.36978 -9.92660
 51.34791 -9.92590
 51.28805 -9.97416
 51.22416 -10.07250
 51.04527 -10.19416
 50.99776 -10.12390
 50.94136 -10.04555
 50.79639 -9.94195
 50.74083 -9.93639
 50.66333 -9.95000
 50.67630 -10.00104
 50.66692 -10.05805
 50.62182 -10.07529
 50.58290 -10.04833
 50.51822 -10.04849
 50.51632 -10.05495
 50.49485 -10.04326
 50.45990 -10.01212
 50.43911 -9.98750
 50.42222 -9.94639
 50.40777 -9.89916
 50.29902 -9.74445
 50.22652 -9.62584
 50.22562 -9.55771
 50.23250 -9.53195
 50.23458 -9.50521
 50.18069 -9.49819
 50.14194 -9.50972
 50.11354 -9.51542
 50.08791 -9.42319
 50.11111 -9.38875
 50.12625 -9.37014
 50.14027 -9.32722
 50.14472 -9.23708
 50.12527 -9.10666
 50.10208 -9.01583
 50.04833 -8.97424
 49.85666 -9.04722
 49.83583 -9.05778
 49.76194 -9.11833
 49.68833 -9.10416
 49.62055 -9.08334
 49.59222 -9.09750
 49.57509 -9.11045
 49.52584 -9.12805
 49.50916 -9.11361
 49.50055 -9.04222
 49.50361 -9.00055
 49.45298 -8.94645
 49.39472 -8.85292
 49.41572 -8.81163
 49.46694 -8.82930
 49.54617 -8.71125
 49.59399 -8.69368
 49.62256 -8.67715
 49.58888 -8.45805
 49.58160 -8.42023
4 20 53.0244 53.6172 -8.98861 -8.49845 'Bremen (Germany)'
 53.02444 -8.91445
 53.02444 -8.90805
 53.02999 -8.84514
 53.05639 -8.70222
 53.09333 -8.67916
 53.13444 -8.63500
 53.17833 -8.57416
 53.19256 -8.52389
 53.22011 -8.49845
 53.22666 -8.52187
 53.20945 -8.59555
 53.18916 -8.67305
 53.16125 -8.93142
 53.14889 -8.96028
 53.13666 -8.97666
 53.09611 -8.98861
 53.05347 -8.97389
 53.04027 -8.95416
 53.02694 -8.92278
 53.02444 -8.91445
5 11 53.0244 53.6172 -8.98861 -8.49845 'Bremen (Germany)'
 53.61722 -8.51174
 53.60416 -8.60222
 53.59333 -8.62222
 53.56499 -8.63555
 53.52499 -8.64208
 53.50305 -8.62500
 53.49020 -8.59729
 53.50111 -8.57097
 53.51544 -8.56086
 53.52905 -8.56552
 53.61722 -8.51174
6 299 51.2919 53.8939 -11.5813 -6.68958 'Niedersachsen (Germany)'
 51.64895 -9.43999
 51.63805 -9.40084
 51.65329 -9.37465
 51.73355 -9.39228
 51.75319 -9.40625
 51.76423 -9.43083
 51.79819 -9.45514
 51.85025 -9.45112
 51.86250 -9.43500
 51.86138 -9.36139
 51.85388 -9.33139
 51.89854 -9.33618
 51.97222 -9.29000
 52.12805 -9.14819
 52.13333 -9.12750
 52.13611 -9.07528
 52.19583 -9.02584
 52.26562 -8.98208
 52.33298 -9.00160
 52.34076 -9.02208
 52.33944 -9.05945
 52.40207 -9.12486
 52.47333 -9.13805
 52.49834 -9.08792
 52.48916 -9.05166
 52.48013 -9.02596
 52.46000 -8.99542
 52.42972 -8.97625
 52.40653 -8.95500
 52.40027 -8.93334
 52.38888 -8.86000
 52.38805 -8.82945
 52.40440 -8.70989
 52.44638 -8.70375
 52.48340 -8.70111
 52.51347 -8.67792
 52.52611 -8.63861
 52.50139 -8.54861
 52.44083 -8.37222
 52.38333 -8.38945
 52.36653 -8.43153
 52.33875 -8.44903
 52.30499 -8.46055
 52.28444 -8.46055
 52.23250 -8.45861
 52.22388 -8.45666
 52.18805 -8.50055
 52.17166 -8.48861
 52.11333 -8.40229
 52.11535 -8.36930
 52.12319 -8.35083
 52.13256 -8.26813
 52.11583 -8.23389
 52.10222 -8.21611
 52.08083 -8.19722
 52.03583 -7.97361
 52.05375 -7.91695
 52.08653 -7.88819
 52.23277 -7.92611
 52.31042 -7.97584
 52.35388 -7.93584
 52.38110 -7.90640
 52.37445 -7.80500
 52.39416 -7.75555
 52.44694 -7.69584
 52.43027 -7.57834
 52.37360 -7.53084
 52.26847 -7.29264
 52.26500 -7.27000
 52.26555 -7.19472
 52.26361 -7.12305
 52.23776 -7.05309
 52.27826 -7.02910
 52.30583 -7.03514
 52.33764 -7.05812
 52.35583 -7.07042
 52.39096 -7.06298
 52.45735 -6.98403
 52.43722 -6.95424
 52.46096 -6.75889
 52.48819 -6.70403
 52.55055 -6.68958
 52.55944 -6.72250
 52.56465 -6.75813
 52.61861 -6.72777
 52.62678 -6.71892
 52.62944 -6.72084
 52.65117 -6.76576
 52.64812 -6.90622
 52.63319 -7.03375
 52.64958 -7.05347
 52.72138 -7.06361
 52.76042 -7.06500
 52.79250 -7.06625
 52.81972 -7.07334
 52.83691 -7.09106
 52.88888 -7.13305
 52.93416 -7.17972
 52.96250 -7.19618
 53.00888 -7.21097
 53.17611 -7.20722
 53.24281 -7.20836
 53.31604 -7.25584
 53.31694 -7.32486
 53.30725 -7.35090
 53.32305 -7.33708
 53.33639 -7.22695
 53.34083 -7.18389
 53.34000 -7.12639
 53.33708 -7.08292
 53.34111 -7.04993
 53.37535 -7.01895
 53.40985 -7.01500
 53.44250 -7.02195
 53.48235 -7.03236
 53.58819 -7.09354
 53.64222 -7.18472
 53.66722 -7.23208
 53.68527 -7.29584
 53.68861 -7.34111
 53.68596 -7.46875
 53.67208 -7.51347
 53.68139 -7.58166
 53.70027 -7.69834
 53.71416 -7.84334
 53.71750 -7.88250
 53.71945 -7.90750
 53.71750 -7.94916
 53.71527 -7.98166
 53.70833 -8.01431
 53.68962 -8.02496
 53.63138 -8.05208
 53.58472 -8.12389
 53.55868 -8.16125
 53.52888 -8.16660
 53.50972 -8.12945
 53.50305 -8.09375
 53.50090 -8.06243
 53.46819 -8.07298
 53.44445 -8.09777
 53.40305 -8.21027
 53.40055 -8.23445
 53.40180 -8.24625
 53.42089 -8.28604
 53.45632 -8.31187
 53.50555 -8.31993
 53.52485 -8.30500
 53.52027 -8.26819
 53.52312 -8.23368
 53.55778 -8.23695
 53.58611 -8.24305
 53.60749 -8.26958
 53.61695 -8.30611
 53.61527 -8.33222
 53.55499 -8.49445
 53.50958 -8.51334
 53.48924 -8.49493
 53.46208 -8.48403
 53.41222 -8.48472
 53.37735 -8.48972
 53.36235 -8.50389
 53.42972 -8.50542
 53.45653 -8.49736
 53.48319 -8.50437
 53.51544 -8.56086
 53.50111 -8.57097
 53.49020 -8.59729
 53.50305 -8.62500
 53.52499 -8.64208
 53.56499 -8.63555
 53.59333 -8.62222
 53.60416 -8.60222
 53.61722 -8.51174
 53.64888 -8.49083
 53.68632 -8.48410
 53.81833 -8.54805
 53.85500 -8.57736
 53.87902 -8.60458
 53.89264 -8.65903
 53.89389 -8.68222
 53.87035 -8.71160
 53.84666 -8.75639
 53.84055 -8.77555
 53.83583 -8.79722
 53.82972 -8.85305
 53.82805 -8.90750
 53.84666 -9.02055
 53.86333 -9.10527
 53.86610 -9.12889
 53.86485 -9.21597
 53.85555 -9.28340
 53.82819 -9.32236
 53.79805 -9.35139
 53.76083 -9.37945
 53.72750 -9.41236
 53.60444 -9.55500
 53.58861 -9.57792
 53.55555 -9.67278
 53.55028 -9.69584
 53.54373 -9.76475
 53.53805 -9.76361
 53.50985 -9.76597
 53.45575 -9.81833
 53.43194 -9.85750
 53.41195 -9.91250
 53.41333 -9.98611
 53.42860 -10.03195
 53.42585 -10.26774
 53.42767 -10.32746
 53.40361 -10.42027
 53.38277 -10.47945
 53.37425 -10.50654
 53.36235 -10.57930
 53.36583 -10.60111
 53.36972 -10.62233
 53.36767 -10.69865
 53.35277 -10.72819
 53.31048 -10.73451
 53.27083 -10.80695
 53.18944 -11.00222
 53.16190 -11.12639
 53.16750 -11.15555
 53.14555 -11.23084
 53.12499 -11.26500
 53.07735 -11.41695
 53.07888 -11.44097
 53.07764 -11.46125
 53.03704 -11.58132
 53.03025 -11.58078
 53.00555 -11.56250
 52.90632 -11.41222
 52.88861 -11.33750
 52.88416 -11.31722
 52.88055 -11.29750
 52.88364 -11.24392
 52.89805 -11.21416
 52.91527 -11.08695
 52.91555 -11.04180
 52.90399 -10.99924
 52.87777 -10.97945
 52.85367 -10.94472
 52.85388 -10.87416
 52.84875 -10.79736
 52.84069 -10.76250
 52.78555 -10.75674
 52.71708 -10.80042
 52.66305 -10.87805
 52.62055 -10.92000
 52.61250 -10.92916
 52.53416 -10.96889
 52.49888 -10.98055
 52.21388 -11.04111
 52.18610 -11.01945
 52.16274 -11.06239
 52.13945 -11.04834
 52.05895 -10.95687
 52.05235 -10.72389
 52.05028 -10.69334
 52.04434 -10.65604
 52.00583 -10.57035
 51.97611 -10.59000
 51.94445 -10.61722
 51.88705 -10.63826
 51.85514 -10.60340
 51.74333 -10.62722
 51.68805 -10.66416
 51.66555 -10.67055
 51.63711 -10.69735
 51.60444 -10.62805
 51.52195 -10.33916
 51.49069 -10.29347
 51.43166 -10.13805
 51.41888 -10.07555
 51.41694 -10.00916
 51.41235 -10.00792
 51.39805 -9.99000
 51.38166 -9.94916
 51.39972 -9.90834
 51.39833 -9.80000
 51.35819 -9.71403
 51.33041 -9.74986
 51.33895 -9.77584
 51.30903 -9.76625
 51.29194 -9.72625
 51.36298 -9.53163
 51.39889 -9.58639
 51.39999 -9.61278
 51.40756 -9.64514
 51.45555 -9.62778
 51.48222 -9.61278
 51.51798 -9.59153
 51.55555 -9.64000
 51.56340 -9.68475
 51.60750 -9.65750
 51.62972 -9.62334
 51.63000 -9.55778
 51.63000 -9.53277
 51.63638 -9.49027
 51.64895 -9.43999
7 20 51.2919 53.8939 -11.5813 -6.68958 'Niedersachsen (Germany)'
 53.02444 -8.91445
 53.02694 -8.92278
 53.04027 -8.95416
 53.05347 -8.97389
 53.09611 -8.98861
 53.13666 -8.97666
 53.14889 -8.96028
 53.16125 -8.93142
 53.18916 -8.67305
 53.20945 -8.59555
 53.22666 -8.52187
 53.22011 -8.49845
 53.19256 -8.52389
 53.17833 -8.57416
 53.13444 -8.63500
 53.09333 -8.67916
 53.05639 -8.70222
 53.02999 -8.84514
 53.02444 -8.90805
 53.02444 -8.91445
8 106 50.207 51.6371 -12.5552 -9.9259 'Thuringen (Germany)'
 50.26888 -11.24361
 50.27777 -11.18278
 50.29475 -11.13767
 50.35277 -11.07750
 50.38722 -10.94334
 50.38888 -10.85889
 50.38166 -10.80945
 50.35722 -10.71576
 50.32035 -10.71334
 50.29222 -10.76861
 50.21472 -10.72666
 50.21334 -10.72695
 50.20701 -10.72395
 50.22596 -10.61403
 50.35472 -10.49333
 50.47277 -10.33834
 50.49000 -10.31500
 50.55138 -10.19736
 50.55805 -10.12861
 50.54639 -10.09584
 50.51632 -10.05495
 50.51822 -10.04849
 50.58290 -10.04833
 50.62182 -10.07529
 50.66692 -10.05805
 50.67630 -10.00104
 50.66333 -9.95000
 50.74083 -9.93639
 50.79639 -9.94195
 50.94136 -10.04555
 50.99776 -10.12390
 51.04527 -10.19416
 51.22416 -10.07250
 51.28805 -9.97416
 51.34791 -9.92590
 51.36978 -9.92660
 51.38166 -9.94916
 51.39805 -9.99000
 51.41235 -10.00792
 51.41694 -10.00916
 51.41888 -10.07555
 51.43166 -10.13805
 51.49069 -10.29347
 51.52195 -10.33916
 51.60444 -10.62805
 51.63711 -10.69735
 51.62833 -10.72889
 51.63055 -10.82222
 51.61833 -10.87333
 51.59861 -10.94417
 51.57416 -10.94888
 51.57097 -10.91388
 51.53611 -10.91805
 51.42222 -10.96611
 51.40749 -11.00028
 51.38288 -11.14509
 51.36111 -11.26305
 51.30810 -11.29717
 51.26402 -11.29584
 51.20889 -11.32667
 51.09694 -11.42916
 51.08916 -11.45083
 51.08805 -11.58028
 51.07747 -11.70099
 51.01972 -11.76111
 51.02250 -11.86597
 51.00000 -11.92667
 50.98235 -11.95153
 50.94971 -11.99417
 50.92527 -12.19846
 50.94250 -12.22416
 51.02014 -12.27403
 51.03527 -12.24028
 51.06110 -12.24694
 51.07555 -12.26777
 51.06607 -12.34223
 50.96318 -12.49355
 50.89502 -12.55515
 50.83500 -12.40917
 50.80666 -12.33611
 50.80277 -12.29556
 50.79180 -12.25916
 50.74555 -12.24028
 50.72334 -12.23819
 50.67916 -12.27861
 50.67367 -12.31493
 50.64750 -12.29861
 50.56333 -12.14917
 50.53180 -12.03986
 50.54763 -11.99819
 50.52305 -11.95417
 50.50139 -11.92861
 50.42833 -11.89639
 50.41499 -11.90528
 50.40166 -11.87084
 50.38972 -11.82472
 50.37680 -11.52639
 50.44875 -11.41798
 50.49083 -11.42672
 50.51715 -11.42000
 50.52194 -11.35195
 50.47485 -11.24903
 50.37186 -11.27639
 50.30305 -11.26805
 50.27465 -11.25469
 50.26888 -11.24361
9 28 53.4119 53.7167 -10.3275 -9.74 'Hamburg (Germany)'
 53.56500 -9.74108
 53.57277 -9.74000
 53.60722 -9.75139
 53.62999 -9.77548
 53.61833 -9.81222
 53.61777 -9.87611
 53.71673 -10.08555
 53.71472 -10.15333
 53.70555 -10.17945
 53.63416 -10.22583
 53.58375 -10.20819
 53.51611 -10.22069
 53.45361 -10.30722
 53.43333 -10.32445
 53.42767 -10.32746
 53.42585 -10.26774
 53.42860 -10.03195
 53.41333 -9.98611
 53.41195 -9.91250
 53.43194 -9.85750
 53.45575 -9.81833
 53.50985 -9.76597
 53.53805 -9.76361
 53.54373 -9.76475
 53.53375 -9.80937
 53.54170 -9.82906
 53.56208 -9.77903
 53.56500 -9.74108
10 188 53.3624 55.0565 -11.3125 -8.28055 'Schleswig-Holstein (Germany)'
 54.82540 -9.44535
 54.80798 -9.43945
 54.82555 -9.57834
 54.81222 -9.66055
 54.78611 -9.78555
 54.79111 -9.90215
 54.78195 -9.93584
 54.76075 -9.97201
 54.66824 -10.03736
 54.63307 -10.04000
 54.55527 -10.03250
 54.52374 -10.00430
 54.50750 -9.97055
 54.48195 -9.89305
 54.47749 -9.87111
 54.47673 -9.84555
 54.45729 -9.86604
 54.45389 -9.89333
 54.47424 -10.00666
 54.48944 -10.10611
 54.48972 -10.12695
 54.43555 -10.36833
 54.36055 -10.60972
 54.33743 -10.64625
 54.30930 -10.69055
 54.30722 -10.77250
 54.31235 -10.79500
 54.33035 -10.83187
 54.36194 -10.88527
 54.38451 -10.94645
 54.38055 -10.97945
 54.37895 -10.95826
 54.37194 -10.98695
 54.36999 -11.01695
 54.36972 -11.04472
 54.37639 -11.07389
 54.20548 -11.09395
 54.17722 -11.06000
 54.09076 -10.88055
 54.09083 -10.83222
 54.08944 -10.80139
 54.05652 -10.76222
 54.03583 -10.75736
 54.00666 -10.77708
 53.99555 -10.79555
 53.99416 -10.82222
 53.99389 -10.86139
 53.98590 -10.87979
 53.95430 -10.89014
 53.91694 -10.86361
 53.89005 -10.81854
 53.86965 -10.76826
 53.84576 -10.75281
 53.77416 -10.76805
 53.72083 -10.81416
 53.70027 -10.85729
 53.70197 -10.88885
 53.69846 -10.91666
 53.67944 -10.94458
 53.65149 -10.95629
 53.57444 -10.92125
 53.57083 -10.88028
 53.57277 -10.84527
 53.51361 -10.81639
 53.48715 -10.75695
 53.48000 -10.70555
 53.45117 -10.63986
 53.41180 -10.62775
 53.39096 -10.62778
 53.36583 -10.60111
 53.36235 -10.57930
 53.37425 -10.50654
 53.38277 -10.47945
 53.40361 -10.42027
 53.42767 -10.32746
 53.43333 -10.32445
 53.45361 -10.30722
 53.51611 -10.22069
 53.58375 -10.20819
 53.63416 -10.22583
 53.70555 -10.17945
 53.71472 -10.15333
 53.71673 -10.08555
 53.61777 -9.87611
 53.61833 -9.81222
 53.62999 -9.77548
 53.60722 -9.75139
 53.57277 -9.74000
 53.56500 -9.74108
 53.56555 -9.72416
 53.56833 -9.69945
 53.57527 -9.67278
 53.61361 -9.57528
 53.62764 -9.55389
 53.74402 -9.43416
 53.77111 -9.41722
 53.79222 -9.40777
 53.82264 -9.39375
 53.85500 -9.33277
 53.87555 -9.28236
 53.88638 -9.23445
 53.88972 -9.21305
 53.89805 -9.06305
 53.89187 -8.98416
 53.90722 -8.94750
 53.91972 -8.92750
 53.93472 -8.90680
 53.96111 -8.88305
 54.00889 -8.85000
 54.03475 -8.84427
 54.04472 -8.88569
 54.03722 -8.92666
 54.02638 -8.95305
 54.01819 -8.97500
 54.02708 -9.00180
 54.04694 -9.01195
 54.08500 -9.01722
 54.13166 -8.97111
 54.12798 -8.85236
 54.15166 -8.82736
 54.17500 -8.81277
 54.19861 -8.81986
 54.25416 -8.84563
 54.29416 -8.88361
 54.29333 -8.83000
 54.26756 -8.69021
 54.26819 -8.66250
 54.27610 -8.63764
 54.30500 -8.60958
 54.32638 -8.60048
 54.37861 -8.62195
 54.39708 -8.64243
 54.41083 -8.76861
 54.41472 -8.82653
 54.40541 -8.84493
 54.41416 -8.88695
 54.45195 -8.99472
 54.47499 -9.01395
 54.50346 -9.01125
 54.54235 -8.96403
 54.54791 -8.94361
 54.56111 -8.91889
 54.62083 -8.85083
 54.67694 -8.80958
 54.71166 -8.75445
 54.72111 -8.73445
 54.74694 -8.69695
 54.80673 -8.65132
 54.83222 -8.64139
 54.85738 -8.57618
 54.87061 -8.54561
 54.86694 -8.39011
 54.85645 -8.30090
 54.82527 -8.29445
 54.77861 -8.29660
 54.74281 -8.29084
 54.77499 -8.28055
 54.82666 -8.28208
 54.90055 -8.29334
 54.93305 -8.30722
 55.03334 -8.37334
 55.04916 -8.38819
 55.05653 -8.40805
 55.05097 -8.45424
 55.02416 -8.43833
 55.00930 -8.40764
 54.99416 -8.37195
 54.96611 -8.35319
 54.91965 -8.42042
 54.89997 -8.46122
 54.90055 -8.49046
 54.91077 -8.60048
 54.91309 -8.66455
 54.89583 -8.69277
 54.89111 -8.71945
 54.89805 -8.75889
 54.90611 -8.78583
 54.91379 -8.83509
 54.90805 -8.92000
 54.90555 -8.94111
 54.86500 -9.16889
 54.84958 -9.22889
 54.82930 -9.23084
 54.81264 -9.24834
 54.81055 -9.35084
 54.82764 -9.37722
 54.83333 -9.41472
 54.82540 -9.44535
11 17 53.3624 55.0565 -11.3125 -8.28055 'Schleswig-Holstein (Germany)'
 54.49445 -11.24375
 54.45874 -11.27393
 54.42402 -11.30222
 54.40834 -11.31250
 54.40666 -11.13916
 54.40695 -11.12389
 54.43875 -11.02105
 54.44722 -11.00903
 54.45764 -11.00611
 54.47695 -11.01139
 54.49083 -11.01861
 54.50458 -11.02875
 54.51833 -11.04389
 54.53458 -11.06680
 54.52000 -11.18416
 54.50305 -11.23222
 54.49445 -11.24375
12 15 53.3624 55.0565 -11.3125 -8.28055 'Schleswig-Holstein (Germany)'
 54.68416 -8.56361
 54.68555 -8.48834
 54.68695 -8.47834
 54.71020 -8.39834
 54.73264 -8.40986
 54.74222 -8.42584
 54.74833 -8.44472
 54.75194 -8.46166
 54.75527 -8.53861
 54.75388 -8.55111
 54.75027 -8.56972
 54.74451 -8.58514
 54.71985 -8.59486
 54.68735 -8.57000
 54.68416 -8.56361
13 5 53.3624 55.0565 -11.3125 -8.28055 'Schleswig-Holstein (Germany)'
 54.38055 -10.97945
 54.38195 -10.99500
 54.37916 -11.01645
 54.37749 -10.99458
 54.38055 -10.97945
14 133 48.9644 50.9336 -8.49319 -6.11305 'Rheinland-Pfalz (Germany)'
 49.16878 -7.36902
 49.16812 -7.34674
 49.20333 -7.29625
 49.24191 -7.29035
 49.28361 -7.33528
 49.33430 -7.38708
 49.36798 -7.38805
 49.37916 -7.35111
 49.47583 -7.30416
 49.56722 -7.24805
 49.62792 -7.01611
 49.62944 -6.94493
 49.61076 -6.90007
 49.60027 -6.88111
 49.56833 -6.77639
 49.55111 -6.71736
 49.53055 -6.61222
 49.53000 -6.59222
 49.53222 -6.45389
 49.52586 -6.35649
 49.66584 -6.42084
 49.69298 -6.47250
 49.70663 -6.50584
 49.80770 -6.52403
 49.81110 -6.48195
 49.80888 -6.42972
 49.81777 -6.39555
 49.84833 -6.32111
 49.85532 -6.31594
 49.88235 -6.25278
 49.89750 -6.23416
 49.95111 -6.17416
 49.99389 -6.14055
 50.01388 -6.13055
 50.05735 -6.11305
 50.09083 -6.11834
 50.11916 -6.12916
 50.12785 -6.13441
 50.15445 -6.13972
 50.22472 -6.16666
 50.28361 -6.28084
 50.31277 -6.34972
 50.32317 -6.39820
 50.34083 -6.42278
 50.35611 -6.44916
 50.36972 -6.53028
 50.37805 -6.59500
 50.36375 -6.67334
 50.33749 -6.70945
 50.34125 -6.73722
 50.36222 -6.80201
 50.40416 -6.77834
 50.48250 -6.82166
 50.55728 -6.94445
 50.58527 -7.09695
 50.61972 -7.29584
 50.62916 -7.34334
 50.64250 -7.37153
 50.67694 -7.38278
 50.70583 -7.44889
 50.71695 -7.52264
 50.73611 -7.58084
 50.76445 -7.66305
 50.77625 -7.69542
 50.83583 -7.76445
 50.86735 -7.76042
 50.90833 -7.75160
 50.93361 -7.80222
 50.92010 -7.86115
 50.83805 -7.91778
 50.70000 -8.05445
 50.68388 -8.13445
 50.64916 -8.12163
 50.61055 -8.14722
 50.58680 -8.16750
 50.53993 -8.13604
 50.52722 -8.11236
 50.52923 -8.08924
 50.54625 -8.06208
 50.54361 -8.03805
 50.51639 -7.99903
 50.39715 -7.97597
 50.39139 -8.00334
 50.38805 -8.03028
 50.37166 -8.04889
 50.31499 -8.10611
 50.27138 -8.11754
 50.25027 -8.03111
 50.19888 -7.91764
 50.05339 -7.77151
 49.97409 -7.87451
 49.97277 -7.90916
 49.98000 -7.97069
 50.00472 -8.06389
 50.02014 -8.11875
 50.03292 -8.17972
 50.03249 -8.20722
 50.02581 -8.23733
 49.97666 -8.31764
 49.95435 -8.33823
 49.76916 -8.41834
 49.69228 -8.36225
 49.63638 -8.37084
 49.61611 -8.38445
 49.58500 -8.41500
 49.58160 -8.42023
 49.56805 -8.42166
 49.53388 -8.42611
 49.45750 -8.44777
 49.44062 -8.48895
 49.36791 -8.49319
 49.27707 -8.45736
 49.23006 -8.39042
 49.18861 -8.37861
 49.13611 -8.36861
 49.11610 -8.36139
 49.09722 -8.35278
 49.00805 -8.29139
 48.98695 -8.27334
 48.96930 -8.24500
 48.96442 -8.22608
 48.97639 -8.15555
 49.00819 -8.04583
 49.04888 -7.93597
 49.04639 -7.82139
 49.04277 -7.73750
 49.04222 -7.66889
 49.04494 -7.65209
 49.06722 -7.62805
 49.16416 -7.48695
 49.17645 -7.42555
 49.17236 -7.37861
 49.16878 -7.36902
15 40 49.1117 49.6294 -7.38805 -6.35649 'Saarland (Germany)'
 49.45939 -6.36217
 49.48916 -6.36278
 49.52586 -6.35649
 49.53222 -6.45389
 49.53000 -6.59222
 49.53055 -6.61222
 49.55111 -6.71736
 49.56833 -6.77639
 49.60027 -6.88111
 49.61076 -6.90007
 49.62944 -6.94493
 49.62792 -7.01611
 49.56722 -7.24805
 49.47583 -7.30416
 49.37916 -7.35111
 49.36798 -7.38805
 49.33430 -7.38708
 49.28361 -7.33528
 49.24191 -7.29035
 49.20333 -7.29625
 49.16812 -7.34674
 49.16878 -7.36902
 49.15194 -7.36403
 49.11166 -7.28972
 49.12111 -7.15166
 49.12749 -7.09055
 49.18749 -7.01945
 49.22020 -6.92986
 49.21205 -6.84607
 49.18176 -6.85635
 49.15506 -6.83410
 49.16764 -6.72924
 49.18729 -6.71507
 49.24499 -6.68695
 49.36305 -6.59472
 49.42388 -6.54125
 49.44277 -6.50834
 49.46139 -6.46834
 49.47569 -6.41375
 49.45939 -6.36217
16 269 47.2747 50.5581 -13.8336 -8.97424 'Bayern (Germany)'
 47.58611 -9.60916
 47.58972 -9.61361
 47.60666 -9.65750
 47.67479 -9.86285
 47.65777 -9.91986
 47.65388 -9.94084
 47.66972 -10.08334
 47.67666 -10.10611
 47.69888 -10.12666
 47.81389 -10.12805
 47.86888 -10.10222
 47.90834 -10.11305
 48.05042 -10.13666
 48.08666 -10.14000
 48.10861 -10.13583
 48.28635 -10.06639
 48.31069 -10.05028
 48.34107 -10.01777
 48.36777 -9.98916
 48.39091 -10.00000
 48.46733 -10.05764
 48.47962 -10.13569
 48.46715 -10.16000
 48.53361 -10.31472
 48.56110 -10.32361
 48.61695 -10.33722
 48.67222 -10.43195
 48.72583 -10.47222
 48.91638 -10.46986
 48.94055 -10.45819
 48.95833 -10.44139
 48.97777 -10.42000
 49.03235 -10.35687
 49.03777 -10.32834
 49.04194 -10.29750
 49.04666 -10.27805
 49.15416 -10.21889
 49.18583 -10.18055
 49.20666 -10.14834
 49.25916 -10.12805
 49.34027 -10.11597
 49.38176 -10.13323
 49.50958 -10.12958
 49.54083 -10.09354
 49.53055 -10.05785
 49.50555 -10.05111
 49.48271 -10.03014
 49.47893 -10.00000
 49.47944 -9.94111
 49.51777 -9.93277
 49.55500 -9.92958
 49.57750 -9.91805
 49.69888 -9.82555
 49.71750 -9.79666
 49.72153 -9.70736
 49.77694 -9.63250
 49.78416 -9.49750
 49.78555 -9.42584
 49.76444 -9.31375
 49.73090 -9.31638
 49.72445 -9.35555
 49.71819 -9.40292
 49.70867 -9.42548
 49.68777 -9.42750
 49.64403 -9.41861
 49.57819 -9.26153
 49.57222 -9.13416
 49.57509 -9.11045
 49.59222 -9.09750
 49.62055 -9.08334
 49.68833 -9.10416
 49.76194 -9.11833
 49.83583 -9.05778
 49.85666 -9.04722
 50.04833 -8.97424
 50.10208 -9.01583
 50.12527 -9.10666
 50.14472 -9.23708
 50.14027 -9.32722
 50.12625 -9.37014
 50.11111 -9.38875
 50.08791 -9.42319
 50.11354 -9.51542
 50.14194 -9.50972
 50.18069 -9.49819
 50.23458 -9.50521
 50.23250 -9.53195
 50.22562 -9.55771
 50.22652 -9.62584
 50.29902 -9.74445
 50.40777 -9.89916
 50.42222 -9.94639
 50.43911 -9.98750
 50.45990 -10.01212
 50.49485 -10.04326
 50.51632 -10.05495
 50.54639 -10.09584
 50.55805 -10.12861
 50.55138 -10.19736
 50.49000 -10.31500
 50.47277 -10.33834
 50.35472 -10.49333
 50.22596 -10.61403
 50.20701 -10.72395
 50.21334 -10.72695
 50.21472 -10.72666
 50.29222 -10.76861
 50.32035 -10.71334
 50.35722 -10.71576
 50.38166 -10.80945
 50.38888 -10.85889
 50.38722 -10.94334
 50.35277 -11.07750
 50.29475 -11.13767
 50.27777 -11.18278
 50.26888 -11.24361
 50.27465 -11.25469
 50.30305 -11.26805
 50.37186 -11.27639
 50.47485 -11.24903
 50.52194 -11.35195
 50.51715 -11.42000
 50.49083 -11.42672
 50.44875 -11.41798
 50.37680 -11.52639
 50.38972 -11.82472
 50.40166 -11.87084
 50.41499 -11.90528
 50.41878 -11.92625
 50.37555 -11.98125
 50.34972 -11.98292
 50.32923 -12.03833
 50.32254 -12.09370
 50.30846 -12.12208
 50.16361 -12.20916
 50.13632 -12.19382
 50.10621 -12.20615
 50.06611 -12.26555
 50.04749 -12.30750
 49.99389 -12.42945
 49.98584 -12.47111
 49.97583 -12.49139
 49.90958 -12.54597
 49.78347 -12.46847
 49.69555 -12.45555
 49.69083 -12.47611
 49.67722 -12.51548
 49.61666 -12.55472
 49.56055 -12.57861
 49.52750 -12.59777
 49.42500 -12.67445
 49.33985 -12.79722
 49.34038 -12.88720
 49.33493 -12.95903
 49.28777 -13.03111
 49.16722 -13.17305
 49.10083 -13.31847
 49.04916 -13.39611
 49.00619 -13.40255
 48.97250 -13.50972
 48.97366 -13.56483
 48.95743 -13.59535
 48.94764 -13.62611
 48.90444 -13.65195
 48.88945 -13.67222
 48.87930 -13.69945
 48.88132 -13.72813
 48.87075 -13.74563
 48.84596 -13.76166
 48.83402 -13.78014
 48.80021 -13.81201
 48.77985 -13.81826
 48.77361 -13.83361
 48.73805 -13.81472
 48.63111 -13.82542
 48.58264 -13.80375
 48.51559 -13.72600
 48.53229 -13.67695
 48.55166 -13.65472
 48.56805 -13.60277
 48.58458 -13.51861
 48.56024 -13.44323
 48.51555 -13.45750
 48.42944 -13.43792
 48.39104 -13.42187
 48.36610 -13.39500
 48.32861 -13.33500
 48.31583 -13.31305
 48.30527 -13.28527
 48.29888 -13.25805
 48.29222 -13.15445
 48.25944 -13.01777
 48.20291 -12.87125
 48.12173 -12.75972
 48.08222 -12.76625
 48.05458 -12.79916
 48.03000 -12.83750
 48.01194 -12.85705
 47.99460 -12.86535
 47.95777 -12.91889
 47.90695 -12.96666
 47.85416 -13.00889
 47.81055 -12.97055
 47.78875 -12.94416
 47.72500 -12.91395
 47.71416 -12.99375
 47.72416 -13.02305
 47.70611 -13.05834
 47.68735 -13.07750
 47.64292 -13.10014
 47.49756 -13.05334
 47.46979 -13.01250
 47.47702 -12.95787
 47.55472 -12.80666
 47.58354 -12.78819
 47.61485 -12.80597
 47.62125 -12.82785
 47.68271 -12.73695
 47.68500 -12.66584
 47.67229 -12.60340
 47.64416 -12.57639
 47.64194 -12.56666
 47.63325 -12.51445
 47.66777 -12.45500
 47.65749 -12.20111
 47.63337 -12.20732
 47.61299 -12.20155
 47.61111 -12.14139
 47.61472 -12.11111
 47.62055 -12.06000
 47.62445 -12.00639
 47.61416 -11.92000
 47.58472 -11.68305
 47.52409 -11.57986
 47.51555 -11.55445
 47.50916 -11.50528
 47.51222 -11.45750
 47.42889 -11.29639
 47.39653 -11.10403
 47.39527 -11.02861
 47.39583 -11.00834
 47.40027 -10.97666
 47.51805 -10.90945
 47.55389 -10.69084
 47.54027 -10.56945
 47.58652 -10.48180
 47.58048 -10.43368
 47.52916 -10.43639
 47.48291 -10.46618
 47.43764 -10.47375
 47.39611 -10.42972
 47.31270 -10.33666
 47.28889 -10.27445
 47.27604 -10.22889
 47.27472 -10.17334
 47.32249 -10.21166
 47.37375 -10.23174
 47.49528 -10.04305
 47.53972 -9.95500
 47.59416 -9.81097
 47.59125 -9.77542
 47.56583 -9.74625
 47.54112 -9.73279
 47.52952 -9.69253
 47.52952 -9.65151
 47.52952 -9.60877
 47.53742 -9.57792
 47.55767 -9.58717
 47.58611 -9.60916
17 21 52.3383 52.6408 -13.7496 -13.0927 'Berlin (Germany)'
 52.33834 -13.64864
 52.37771 -13.64250
 52.39750 -13.56389
 52.40861 -13.47555
 52.38169 -13.42385
 52.37916 -13.39555
 52.40724 -13.27065
 52.41750 -13.23708
 52.41694 -13.21403
 52.40001 -13.16455
 52.40081 -13.12246
 52.41430 -13.09271
 52.59319 -13.14777
 52.62805 -13.22222
 52.64083 -13.27695
 52.60905 -13.50504
 52.51361 -13.62611
 52.48764 -13.67430
 52.45375 -13.74958
 52.42444 -13.74027
 52.33834 -13.64864
18 152 51.3453 53.4164 -14.7608 -11.5752 'Brandenburg (Germany)'
 53.04333 -11.63361
 53.08395 -11.67204
 53.12059 -11.66397
 53.13765 -11.64630
 53.16635 -11.59269
 53.18904 -11.57518
 53.23372 -11.60360
 53.25542 -11.67672
 53.24298 -11.78517
 53.25000 -11.89389
 53.31514 -11.99833
 53.33944 -11.98861
 53.37721 -12.03055
 53.36944 -12.20278
 53.33916 -12.23222
 53.26555 -12.43722
 53.27194 -12.52194
 53.23555 -12.66416
 53.20611 -12.73972
 53.16277 -12.97472
 53.16861 -13.00361
 53.20805 -13.08083
 53.22277 -13.10250
 53.24500 -13.11778
 53.25945 -13.15111
 53.27760 -13.24577
 53.25954 -13.35407
 53.27561 -13.42704
 53.29544 -13.45541
 53.31437 -13.48249
 53.34238 -13.49232
 53.38695 -13.52980
 53.41477 -13.55776
 53.41398 -13.63027
 53.40717 -13.73888
 53.41130 -13.87498
 53.41642 -13.92045
 53.40458 -13.97453
 53.36986 -14.06424
 53.33583 -14.09051
 53.26444 -14.09222
 53.26221 -14.18806
 53.26333 -14.23472
 53.28361 -14.24861
 53.30861 -14.28445
 53.33895 -14.41326
 53.30445 -14.41277
 53.14416 -14.39169
 53.11014 -14.38027
 53.04888 -14.34736
 53.01877 -14.29374
 52.98888 -14.22542
 52.98472 -14.20028
 52.97333 -14.16889
 52.95924 -14.14764
 52.86278 -14.14916
 52.81861 -14.20542
 52.74833 -14.35500
 52.73083 -14.38334
 52.67528 -14.44833
 52.65250 -14.47875
 52.63916 -14.51445
 52.62722 -14.55458
 52.60683 -14.59578
 52.57298 -14.63958
 52.49055 -14.63354
 52.43985 -14.58514
 52.43319 -14.56319
 52.42187 -14.54395
 52.39625 -14.53445
 52.28833 -14.57986
 52.27277 -14.59889
 52.26027 -14.65584
 52.25444 -14.69250
 52.24562 -14.70792
 52.06986 -14.76076
 51.94311 -14.71755
 51.89695 -14.68986
 51.86527 -14.64542
 51.84819 -14.61014
 51.82006 -14.60097
 51.72388 -14.66798
 51.70222 -14.69805
 51.69096 -14.72208
 51.66674 -14.75611
 51.60749 -14.75924
 51.55472 -14.71500
 51.57476 -14.67706
 51.53028 -14.63051
 51.52505 -14.59410
 51.53709 -14.52190
 51.52644 -14.46722
 51.50465 -14.40316
 51.48355 -14.27566
 51.49628 -14.14001
 51.47429 -14.09408
 51.43504 -14.08394
 51.39046 -14.04646
 51.36666 -13.96167
 51.35527 -13.88361
 51.35000 -13.79194
 51.34528 -13.70472
 51.34972 -13.60944
 51.35695 -13.54722
 51.36555 -13.52750
 51.40555 -13.39194
 51.39611 -13.33028
 51.37944 -13.18583
 51.40694 -13.17305
 51.42886 -13.20139
 51.49166 -13.21250
 51.52472 -13.20111
 51.56860 -13.17500
 51.58722 -13.13750
 51.63277 -13.03416
 51.65950 -13.10186
 51.69294 -13.12997
 51.80558 -13.11492
 51.84528 -13.09389
 51.87167 -13.06417
 51.90944 -12.93806
 51.93083 -12.86333
 51.97805 -12.64833
 51.96555 -12.61528
 51.96833 -12.56972
 52.00750 -12.43056
 52.03958 -12.36337
 52.12861 -12.25667
 52.16472 -12.21583
 52.19028 -12.19583
 52.30138 -12.20417
 52.38445 -12.22917
 52.43111 -12.25778
 52.48528 -12.28889
 52.51722 -12.30333
 52.51083 -12.24722
 52.51639 -12.15611
 52.54749 -12.12000
 52.63694 -12.19500
 52.80722 -12.23528
 52.86333 -12.21083
 52.89205 -12.09814
 52.88573 -12.04563
 52.88083 -11.99306
 52.88447 -11.96299
 52.89472 -11.90555
 52.92027 -11.83125
 52.95014 -11.84861
 52.96750 -11.77583
 52.97971 -11.69861
 53.03638 -11.63889
 53.04333 -11.63361
19 21 51.3453 53.4164 -14.7608 -11.5752 'Brandenburg (Germany)'
 52.33834 -13.64864
 52.42444 -13.74027
 52.45375 -13.74958
 52.48764 -13.67430
 52.51361 -13.62611
 52.60905 -13.50504
 52.64083 -13.27695
 52.62805 -13.22222
 52.59319 -13.14777
 52.41430 -13.09271
 52.40081 -13.12246
 52.40001 -13.16455
 52.41694 -13.21403
 52.41750 -13.23708
 52.40724 -13.27065
 52.37916 -13.39555
 52.38169 -13.42385
 52.40861 -13.47555
 52.39750 -13.56389
 52.37771 -13.64250
 52.33834 -13.64864
20 125 50.9253 53.0433 -13.13 -10.5703 'Sachsen-Anhalt (Germany)'
 53.04333 -11.63361
 53.03638 -11.63889
 52.97971 -11.69861
 52.96750 -11.77583
 52.95014 -11.84861
 52.92027 -11.83125
 52.89472 -11.90555
 52.88447 -11.96299
 52.88083 -11.99306
 52.88573 -12.04563
 52.89205 -12.09814
 52.86333 -12.21083
 52.80722 -12.23528
 52.63694 -12.19500
 52.54749 -12.12000
 52.51639 -12.15611
 52.51083 -12.24722
 52.51722 -12.30333
 52.48528 -12.28889
 52.43111 -12.25778
 52.38445 -12.22917
 52.30138 -12.20417
 52.19028 -12.19583
 52.16472 -12.21583
 52.12861 -12.25667
 52.03958 -12.36337
 52.00750 -12.43056
 51.96833 -12.56972
 51.96555 -12.61528
 51.97805 -12.64833
 51.93083 -12.86333
 51.90944 -12.93806
 51.87167 -13.06417
 51.84528 -13.09389
 51.80558 -13.11492
 51.69294 -13.12997
 51.65950 -13.10186
 51.63277 -13.03416
 51.63333 -12.99695
 51.64375 -12.93666
 51.65834 -12.86805
 51.63187 -12.69785
 51.60055 -12.64945
 51.60249 -12.53084
 51.60530 -12.44455
 51.57235 -12.43639
 51.55111 -12.30750
 51.55514 -12.25903
 51.56472 -12.23389
 51.52638 -12.19278
 51.29333 -12.13222
 51.18638 -12.16333
 51.12846 -12.18208
 51.09264 -12.21180
 51.07555 -12.26777
 51.06110 -12.24694
 51.03527 -12.24028
 51.02014 -12.27403
 50.94250 -12.22416
 50.92527 -12.19846
 50.94971 -11.99417
 50.98235 -11.95153
 51.00000 -11.92667
 51.02250 -11.86597
 51.01972 -11.76111
 51.07747 -11.70099
 51.08805 -11.58028
 51.08916 -11.45083
 51.09694 -11.42916
 51.20889 -11.32667
 51.26402 -11.29584
 51.30810 -11.29717
 51.36111 -11.26305
 51.38288 -11.14509
 51.40749 -11.00028
 51.42222 -10.96611
 51.53611 -10.91805
 51.57097 -10.91388
 51.57416 -10.94888
 51.59861 -10.94417
 51.61833 -10.87333
 51.63055 -10.82222
 51.62833 -10.72889
 51.63711 -10.69735
 51.66555 -10.67055
 51.68805 -10.66416
 51.74333 -10.62722
 51.85514 -10.60340
 51.88705 -10.63826
 51.94445 -10.61722
 51.97611 -10.59000
 52.00583 -10.57035
 52.04434 -10.65604
 52.05028 -10.69334
 52.05235 -10.72389
 52.05895 -10.95687
 52.13945 -11.04834
 52.16274 -11.06239
 52.18610 -11.01945
 52.21388 -11.04111
 52.49888 -10.98055
 52.53416 -10.96889
 52.61250 -10.92916
 52.62055 -10.92000
 52.66305 -10.87805
 52.71708 -10.80042
 52.78555 -10.75674
 52.84069 -10.76250
 52.84875 -10.79736
 52.85388 -10.87416
 52.85367 -10.94472
 52.87777 -10.97945
 52.90399 -10.99924
 52.91555 -11.04180
 52.91527 -11.08695
 52.89805 -11.21416
 52.88364 -11.24392
 52.88055 -11.29750
 52.88416 -11.31722
 52.88861 -11.33750
 52.90632 -11.41222
 53.00555 -11.56250
 53.03025 -11.58078
 53.03704 -11.58132
 53.04333 -11.63361
21 146 50.2067 51.6583 -15.0338 -11.8964 'Sachsen (Germany)'
 51.07555 -12.26777
 51.09264 -12.21180
 51.12846 -12.18208
 51.18638 -12.16333
 51.29333 -12.13222
 51.52638 -12.19278
 51.56472 -12.23389
 51.55514 -12.25903
 51.55111 -12.30750
 51.57235 -12.43639
 51.60530 -12.44455
 51.60249 -12.53084
 51.60055 -12.64945
 51.63187 -12.69785
 51.65834 -12.86805
 51.64375 -12.93666
 51.63333 -12.99695
 51.63277 -13.03416
 51.58722 -13.13750
 51.56860 -13.17500
 51.52472 -13.20111
 51.49166 -13.21250
 51.42886 -13.20139
 51.40694 -13.17305
 51.37944 -13.18583
 51.39611 -13.33028
 51.40555 -13.39194
 51.36555 -13.52750
 51.35695 -13.54722
 51.34972 -13.60944
 51.34528 -13.70472
 51.35000 -13.79194
 51.35527 -13.88361
 51.36666 -13.96167
 51.39046 -14.04646
 51.43504 -14.08394
 51.47429 -14.09408
 51.49628 -14.14001
 51.48355 -14.27566
 51.50465 -14.40316
 51.52644 -14.46722
 51.53709 -14.52190
 51.52505 -14.59410
 51.53028 -14.63051
 51.57476 -14.67706
 51.55472 -14.71500
 51.52653 -14.73945
 51.49860 -14.83750
 51.48195 -14.92111
 51.46999 -14.95305
 51.44083 -14.97555
 51.36805 -14.98184
 51.35722 -14.97166
 51.33361 -14.98334
 51.31680 -15.00264
 51.28666 -15.03382
 51.23916 -15.03222
 51.11861 -14.99445
 51.07833 -14.97889
 51.05222 -14.96555
 51.00249 -14.93111
 50.95945 -14.89695
 50.88305 -14.82618
 50.86583 -14.82834
 50.85638 -14.82500
 50.81972 -14.80292
 50.81833 -14.77153
 50.82388 -14.73972
 50.82916 -14.71778
 50.84722 -14.65166
 50.85825 -14.61924
 50.88110 -14.63139
 50.92361 -14.62834
 50.98250 -14.59722
 51.00555 -14.56916
 51.03666 -14.49166
 51.05249 -14.30625
 51.03750 -14.28555
 50.99514 -14.25805
 50.94611 -14.32125
 50.93500 -14.36833
 50.88222 -14.31139
 50.84305 -14.15555
 50.81445 -13.99069
 50.78819 -13.90361
 50.76888 -13.89111
 50.73083 -13.73416
 50.72583 -13.66945
 50.72222 -13.63472
 50.70945 -13.58222
 50.68972 -13.54111
 50.65055 -13.51083
 50.64187 -13.51847
 50.60166 -13.46340
 50.60527 -13.43666
 50.61138 -13.41486
 50.62944 -13.37834
 50.58916 -13.24958
 50.55142 -13.22323
 50.52041 -13.20611
 50.50277 -13.18722
 50.49805 -13.07945
 50.43930 -13.01527
 50.42111 -12.99195
 50.41833 -12.98555
 50.41000 -12.94472
 50.41472 -12.91722
 50.42527 -12.89834
 50.44222 -12.85584
 50.45305 -12.82514
 50.44500 -12.77222
 50.43152 -12.74042
 50.41195 -12.67139
 50.41195 -12.62097
 50.39249 -12.51542
 50.37305 -12.48611
 50.30916 -12.39861
 50.23611 -12.32555
 50.20666 -12.32305
 50.21846 -12.28111
 50.31458 -12.18264
 50.32254 -12.09370
 50.32923 -12.03833
 50.34972 -11.98292
 50.37555 -11.98125
 50.41878 -11.92625
 50.41499 -11.90528
 50.42833 -11.89639
 50.50139 -11.92861
 50.52305 -11.95417
 50.54763 -11.99819
 50.53180 -12.03986
 50.56333 -12.14917
 50.64750 -12.29861
 50.67367 -12.31493
 50.67916 -12.27861
 50.72334 -12.23819
 50.74555 -12.24028
 50.79180 -12.25916
 50.80277 -12.29556
 50.80666 -12.33611
 50.83500 -12.40917
 50.89502 -12.55515
 50.96318 -12.49355
 51.06607 -12.34223
 51.07555 -12.26777
22 156 53.037 54.6825 -14.4133 -10.6011 'Mecklenburg-Vorpommern (Germany)'
 53.03704 -11.58132
 53.07764 -11.46125
 53.07888 -11.44097
 53.07735 -11.41695
 53.12499 -11.26500
 53.14555 -11.23084
 53.16750 -11.15555
 53.16190 -11.12639
 53.18944 -11.00222
 53.27083 -10.80695
 53.31048 -10.73451
 53.35277 -10.72819
 53.36767 -10.69865
 53.36972 -10.62233
 53.36583 -10.60111
 53.39096 -10.62778
 53.41180 -10.62775
 53.45117 -10.63986
 53.48000 -10.70555
 53.48715 -10.75695
 53.51361 -10.81639
 53.57277 -10.84527
 53.57083 -10.88028
 53.57444 -10.92125
 53.65149 -10.95629
 53.67944 -10.94458
 53.69846 -10.91666
 53.70197 -10.88885
 53.70027 -10.85729
 53.72083 -10.81416
 53.77416 -10.76805
 53.84576 -10.75281
 53.86965 -10.76826
 53.89005 -10.81854
 53.93111 -10.89889
 53.95735 -10.90444
 53.98027 -10.96472
 53.99528 -11.01305
 54.00735 -11.05539
 54.01361 -11.09472
 54.01194 -11.18354
 53.93878 -11.25163
 53.91972 -11.41277
 53.96027 -11.48084
 53.99458 -11.49277
 54.03326 -11.52208
 54.02638 -11.54472
 54.02694 -11.55472
 54.03430 -11.57681
 54.08239 -11.62635
 54.11117 -11.62611
 54.15325 -11.68750
 54.15639 -11.74750
 54.17334 -11.98611
 54.19111 -12.12972
 54.28666 -12.32695
 54.30319 -12.34986
 54.39111 -12.43695
 54.44416 -12.48055
 54.47416 -12.52695
 54.45888 -12.54055
 54.44895 -12.63861
 54.44611 -12.66045
 54.44495 -12.68077
 54.44250 -12.80334
 54.44235 -12.90069
 54.42746 -12.92153
 54.41195 -12.88055
 54.41305 -12.75834
 54.42336 -12.72924
 54.42967 -12.70380
 54.41462 -12.67069
 54.41389 -12.64322
 54.39514 -12.46389
 54.37250 -12.42584
 54.30520 -12.36569
 54.26243 -12.37437
 54.24875 -12.40819
 54.24972 -12.45160
 54.25895 -12.42395
 54.28145 -12.41916
 54.33194 -12.48014
 54.36055 -12.54972
 54.36833 -12.58195
 54.37277 -12.62472
 54.37611 -12.68278
 54.37250 -12.76472
 54.39972 -13.02389
 54.27645 -13.11861
 54.25194 -13.21250
 54.23486 -13.28514
 54.17444 -13.37916
 54.09708 -13.45458
 54.08735 -13.48708
 54.08611 -13.49972
 54.11945 -13.48403
 54.17083 -13.71083
 54.10972 -13.78889
 54.08416 -13.79903
 54.05000 -13.78611
 53.98638 -13.82972
 53.90416 -13.86527
 53.87639 -13.82111
 53.85478 -13.80854
 53.77499 -13.95916
 53.70083 -14.22389
 53.69735 -14.25639
 53.69906 -14.27563
 53.55555 -14.30972
 53.33895 -14.41326
 53.30861 -14.28445
 53.28361 -14.24861
 53.26333 -14.23472
 53.26221 -14.18806
 53.26444 -14.09222
 53.33583 -14.09051
 53.36986 -14.06424
 53.40458 -13.97453
 53.41642 -13.92045
 53.41130 -13.87498
 53.40717 -13.73888
 53.41398 -13.63027
 53.41477 -13.55776
 53.38695 -13.52980
 53.34238 -13.49232
 53.31437 -13.48249
 53.29544 -13.45541
 53.27561 -13.42704
 53.25954 -13.35407
 53.27760 -13.24577
 53.25945 -13.15111
 53.24500 -13.11778
 53.22277 -13.10250
 53.20805 -13.08083
 53.16861 -13.00361
 53.16277 -12.97472
 53.20611 -12.73972
 53.23555 -12.66416
 53.27194 -12.52194
 53.26555 -12.43722
 53.33916 -12.23222
 53.36944 -12.20278
 53.37721 -12.03055
 53.33944 -11.98861
 53.31514 -11.99833
 53.25000 -11.89389
 53.24298 -11.78517
 53.25542 -11.67672
 53.23372 -11.60360
 53.18904 -11.57518
 53.16635 -11.59269
 53.13765 -11.64630
 53.12059 -11.66397
 53.08395 -11.67204
 53.04333 -11.63361
 53.03704 -11.58132
23 94 53.037 54.6825 -14.4133 -10.6011 'Mecklenburg-Vorpommern (Germany)'
 54.25972 -13.35750
 54.26514 -13.40695
 54.26027 -13.42097
 54.24792 -13.42764
 54.23583 -13.42695
 54.22166 -13.39542
 54.24860 -13.31861
 54.25500 -13.26805
 54.25722 -13.25334
 54.30555 -13.15611
 54.33673 -13.11882
 54.37138 -13.13395
 54.37527 -13.15403
 54.37277 -13.20055
 54.36972 -13.22014
 54.37166 -13.23584
 54.38000 -13.26389
 54.41147 -13.23898
 54.42811 -13.20779
 54.43435 -13.16464
 54.46500 -13.22861
 54.48582 -13.23223
 54.51337 -13.16724
 54.54561 -13.14696
 54.55250 -13.23139
 54.55132 -13.25562
 54.55028 -13.30397
 54.56640 -13.33776
 54.58044 -13.36740
 54.55808 -13.37780
 54.54196 -13.39495
 54.52169 -13.42043
 54.48894 -13.44746
 54.48374 -13.48385
 54.49310 -13.50309
 54.51337 -13.51661
 54.54976 -13.50257
 54.55080 -13.45942
 54.57005 -13.42615
 54.57835 -13.38352
 54.61007 -13.37467
 54.60435 -13.35544
 54.58277 -13.32972
 54.57333 -13.31055
 54.56430 -13.28414
 54.55778 -13.24875
 54.64118 -13.22653
 54.65666 -13.24472
 54.66666 -13.26334
 54.67139 -13.27861
 54.67334 -13.29222
 54.67945 -13.36445
 54.68083 -13.38389
 54.68250 -13.42708
 54.67478 -13.44160
 54.65861 -13.42555
 54.65069 -13.39389
 54.64194 -13.38430
 54.60695 -13.39131
 54.58875 -13.40743
 54.57784 -13.43343
 54.57315 -13.45630
 54.57472 -13.48177
 54.57680 -13.51609
 54.58472 -13.59305
 54.58611 -13.61777
 54.58493 -13.63847
 54.56659 -13.67451
 54.54250 -13.67916
 54.52944 -13.67653
 54.52152 -13.66861
 54.51416 -13.64416
 54.48319 -13.58736
 54.46735 -13.57736
 54.45694 -13.57728
 54.44166 -13.58361
 54.40333 -13.61903
 54.40111 -13.63111
 54.40138 -13.64639
 54.40153 -13.67139
 54.38805 -13.70250
 54.38097 -13.71069
 54.35472 -13.73111
 54.33111 -13.74389
 54.27514 -13.72916
 54.27194 -13.71305
 54.28201 -13.69535
 54.29695 -13.71084
 54.32264 -13.71250
 54.34875 -13.68695
 54.34222 -13.50639
 54.32833 -13.46945
 54.27319 -13.35764
 54.25972 -13.35750
24 43 53.037 54.6825 -14.4133 -10.6011 'Mecklenburg-Vorpommern (Germany)'
 53.86902 -14.21889
 53.87500 -14.19347
 53.87333 -14.08250
 53.86978 -14.03937
 53.85180 -14.00027
 53.84361 -13.94916
 53.84014 -13.88527
 53.85951 -13.82919
 53.87805 -13.87195
 53.89750 -13.92916
 53.91486 -13.93963
 53.94111 -13.95757
 53.96255 -13.98206
 53.94943 -14.01269
 53.94265 -14.03960
 53.98486 -14.05600
 54.00543 -14.04769
 54.01417 -14.01400
 54.03320 -14.00328
 54.05661 -13.97988
 54.06055 -13.95407
 54.05902 -13.92410
 54.03157 -13.91915
 54.01194 -13.90042
 53.99944 -13.85903
 54.03666 -13.82277
 54.07162 -13.80868
 54.10447 -13.81081
 54.14735 -13.75805
 54.16583 -13.76847
 54.16674 -13.81277
 54.14256 -13.82708
 54.10666 -13.86611
 54.09030 -13.89238
 54.07958 -13.92979
 54.07324 -13.96545
 54.06536 -14.00132
 53.99860 -14.10500
 53.94638 -14.18403
 53.93249 -14.21416
 53.92860 -14.22555
 53.89999 -14.21583
 53.86902 -14.21889
