0 92 37.6593 38.3385 -24.0869 -23.1052 'Attiki (Greece)'
 38.19021 -24.06570
 37.90598 -24.04517
 37.90277 -24.04670
 37.79647 -24.08576
 37.78783 -24.08656
 37.77893 -24.08688
 37.77831 -24.08690
 37.74413 -24.08225
 37.68262 -24.07326
 37.67555 -24.06799
 37.65933 -24.03369
 37.66039 -23.98254
 37.66842 -23.94451
 37.66854 -23.94414
 37.67023 -23.94037
 37.67145 -23.93805
 37.67171 -23.93771
 37.67200 -23.93748
 37.72861 -23.90474
 37.73146 -23.90311
 37.82019 -23.81334
 37.93751 -23.68472
 38.02348 -23.60281
 38.02416 -23.60255
 38.02607 -23.60066
 38.03392 -23.59206
 38.04136 -23.58178
 38.04415 -23.57670
 38.04441 -23.57610
 38.04501 -23.57446
 38.04669 -23.56936
 38.04681 -23.56894
 38.04690 -23.56840
 38.04365 -23.52039
 38.02346 -23.45122
 38.02323 -23.45061
 37.98569 -23.39868
 37.97664 -23.40331
 37.95887 -23.20447
 37.97278 -23.15854
 37.97729 -23.14384
 37.98373 -23.12886
 37.99102 -23.11280
 37.99939 -23.10518
 38.06012 -23.11852
 38.06102 -23.11913
 38.06207 -23.12029
 38.06292 -23.12222
 38.06320 -23.12295
 38.06348 -23.12375
 38.06437 -23.12647
 38.07371 -23.16382
 38.09883 -23.21461
 38.09949 -23.21546
 38.09970 -23.21561
 38.10003 -23.21577
 38.10343 -23.21697
 38.10398 -23.21714
 38.15075 -23.22467
 38.15359 -23.22401
 38.15614 -23.22179
 38.15643 -23.22132
 38.15671 -23.22078
 38.15697 -23.22025
 38.15721 -23.21974
 38.16290 -23.19860
 38.22502 -23.29436
 38.23540 -23.29057
 38.23993 -23.29142
 38.25996 -23.31539
 38.26849 -23.38126
 38.26778 -23.38652
 38.26590 -23.39839
 38.26552 -23.39914
 38.25067 -23.40278
 38.23500 -23.39583
 38.20972 -23.41957
 38.16110 -23.46969
 38.15756 -23.47434
 38.13619 -23.53695
 38.13655 -23.54398
 38.13867 -23.55990
 38.14080 -23.56681
 38.17125 -23.62418
 38.21118 -23.63395
 38.33523 -23.73144
 38.33855 -23.76585
 38.28526 -23.95437
 38.28344 -23.95682
 38.21340 -24.04878
 38.20473 -24.05884
 38.19021 -24.06570
1 65 37.3836 39.1784 -22.3859 -20.8262 'Dytiki Ellada (Greece)'
 37.38638 -21.82062
 37.38359 -21.68712
 37.39525 -21.67320
 37.40684 -21.66732
 37.41601 -21.66246
 37.44273 -21.64763
 37.48266 -21.62163
 37.48441 -21.62033
 37.48462 -21.62015
 37.49682 -21.60945
 37.50966 -21.59781
 37.51292 -21.59471
 37.51515 -21.59257
 37.53006 -21.57820
 37.53860 -21.56977
 37.54064 -21.56767
 37.55463 -21.55042
 37.57410 -21.52415
 37.77346 -21.28952
 37.78627 -21.27288
 37.78760 -21.27082
 37.79461 -21.25905
 37.79629 -21.25622
 37.79693 -21.25510
 37.79888 -21.25155
 37.79933 -21.25069
 37.80251 -21.24430
 37.80389 -21.24151
 37.80500 -21.23924
 37.80734 -21.23415
 37.80753 -21.23372
 37.80769 -21.23335
 37.81013 -21.22772
 37.81040 -21.22702
 37.81068 -21.22630
 37.81215 -21.22231
 37.81578 -21.21218
 37.82296 -21.19190
 37.93194 -21.19421
 38.16537 -21.50958
 38.33895 -21.85389
 38.32153 -21.96951
 38.17690 -22.33515
 38.17673 -22.33556
 38.17653 -22.33593
 38.14807 -22.36826
 38.14223 -22.37416
 38.13183 -22.38015
 38.12121 -22.38585
 38.09288 -22.38344
 38.04119 -22.37174
 38.02018 -22.36665
 37.84198 -22.26355
 37.84009 -22.26206
 37.79217 -22.03436
 37.60023 -21.88466
 37.54556 -21.94781
 37.51406 -21.98393
 37.51317 -21.98495
 37.50610 -21.99264
 37.49501 -21.98460
 37.40295 -21.89013
 37.38763 -21.84099
 37.38652 -21.82361
 37.38638 -21.82062
2 52 37.3836 39.1784 -22.3859 -20.8262 'Dytiki Ellada (Greece)'
 38.72404 -21.59936
 38.67866 -21.76801
 38.73080 -21.91630
 38.66646 -21.97847
 38.58733 -22.01460
 38.50794 -21.99281
 38.39077 -21.82642
 38.34752 -21.69266
 38.35026 -21.48307
 38.36440 -21.46345
 38.41000 -21.37897
 38.39082 -21.33650
 38.35012 -21.28038
 38.30574 -21.20497
 38.29980 -21.18386
 38.29960 -21.18289
 38.29858 -21.17794
 38.29830 -21.16913
 38.29830 -21.16031
 38.30031 -21.15210
 38.34539 -21.10574
 38.36533 -21.10368
 38.36916 -21.10445
 38.36929 -21.10475
 38.38139 -21.12159
 38.38459 -21.12491
 38.38495 -21.12527
 38.40984 -21.14040
 38.60987 -21.02025
 38.66868 -20.98851
 38.66899 -20.98829
 38.66935 -20.98796
 38.77005 -20.87863
 38.77758 -20.82622
 38.92097 -20.90307
 39.06200 -21.09447
 39.08034 -21.09322
 39.10139 -21.09546
 39.12090 -21.12060
 39.12418 -21.12633
 39.12495 -21.12907
 39.17536 -21.35732
 39.17838 -21.37344
 39.16574 -21.39723
 39.15375 -21.39553
 39.13938 -21.39524
 39.13847 -21.39524
 39.05069 -21.39990
 39.00861 -21.40907
 38.73987 -21.57038
 38.73601 -21.57509
 38.72404 -21.59936
3 212 36.4275 38.1422 -23.3529 -21.5657 'Peloponnisos (Greece)'
 38.11286 -22.52967
 38.07445 -22.93886
 38.07619 -22.94346
 38.07834 -22.95013
 38.07914 -22.95326
 38.07935 -22.95410
 38.07964 -22.95681
 38.07965 -22.95728
 38.07972 -22.96262
 38.07973 -22.96377
 38.07971 -22.96425
 38.07938 -22.96613
 38.05459 -23.06881
 38.01591 -23.11716
 37.96914 -23.17297
 37.96270 -23.17733
 37.95176 -23.18141
 37.95156 -23.18146
 37.92170 -23.13982
 37.92152 -23.13946
 37.92137 -23.13910
 37.92015 -23.13496
 37.91939 -23.13193
 37.91721 -23.11803
 37.66728 -23.15848
 37.61253 -23.17424
 37.58485 -23.18842
 37.52209 -23.22289
 37.47299 -23.31006
 37.46825 -23.32342
 37.46295 -23.35295
 37.41393 -23.34815
 37.41413 -23.34473
 37.40647 -23.27118
 37.40634 -23.27011
 37.40613 -23.26889
 37.40583 -23.26790
 37.40548 -23.26717
 37.40510 -23.26653
 37.40483 -23.26610
 37.38359 -23.23532
 37.41167 -23.13993
 37.41211 -23.14032
 37.41262 -23.14078
 37.41451 -23.14247
 37.41501 -23.14291
 37.41542 -23.14313
 37.41584 -23.14314
 37.41624 -23.14299
 37.43884 -23.13193
 37.43913 -23.13174
 37.44884 -23.12339
 37.44929 -23.12297
 37.45079 -23.12112
 37.51632 -22.97676
 37.59051 -22.77695
 37.59062 -22.77643
 37.59081 -22.77114
 37.59041 -22.76771
 37.59006 -22.76596
 37.58943 -22.76309
 37.58923 -22.76234
 37.58852 -22.75988
 37.58739 -22.75611
 37.58615 -22.75229
 37.58505 -22.74920
 37.58030 -22.73864
 37.57717 -22.73252
 37.57422 -22.72799
 37.57301 -22.72650
 37.56545 -22.71916
 37.56509 -22.71884
 37.56468 -22.71849
 37.56433 -22.71824
 37.56403 -22.71804
 37.56374 -22.71788
 37.56340 -22.71770
 37.56262 -22.71730
 37.55851 -22.71731
 37.49029 -22.72720
 37.45215 -22.74646
 37.28398 -22.83765
 37.11568 -22.93396
 36.98435 -22.99968
 36.86610 -23.05032
 36.74305 -23.06283
 36.74326 -23.06263
 36.74401 -23.06112
 36.74435 -23.06041
 36.74475 -23.05918
 36.74506 -23.05743
 36.74289 -23.04934
 36.73239 -23.03064
 36.73090 -23.02878
 36.72714 -23.02584
 36.72213 -23.02430
 36.71901 -23.02341
 36.71833 -23.02326
 36.71753 -23.02327
 36.65581 -23.02601
 36.62619 -23.03224
 36.62584 -23.03238
 36.50010 -23.12983
 36.46033 -23.19575
 36.45985 -23.19616
 36.45832 -23.19724
 36.45022 -23.20274
 36.44717 -23.20274
 36.44015 -23.20170
 36.43633 -23.20031
 36.43479 -23.19869
 36.42753 -23.13113
 36.42753 -23.13020
 36.43666 -23.09557
 36.43680 -23.09532
 36.43771 -23.09414
 36.52198 -22.96816
 36.63012 -22.88119
 36.68792 -22.83605
 36.79621 -22.78572
 36.79649 -22.78553
 36.79678 -22.78529
 36.79704 -22.78495
 36.79852 -22.78282
 36.79874 -22.78219
 36.79887 -22.78176
 36.80018 -22.77716
 36.80270 -22.76816
 36.80354 -22.75934
 36.80493 -22.74102
 36.80525 -22.72852
 36.80608 -22.65055
 36.80545 -22.62441
 36.80532 -22.62347
 36.80512 -22.62287
 36.80458 -22.62166
 36.80426 -22.62100
 36.77787 -22.56846
 36.77515 -22.56513
 36.72108 -22.53490
 36.61442 -22.47713
 36.61370 -22.47676
 36.59305 -22.47391
 36.53837 -22.47720
 36.58344 -22.37226
 36.69712 -22.34878
 36.81014 -22.29624
 37.01419 -22.15351
 37.01581 -22.15213
 37.01608 -22.15179
 37.01633 -22.15134
 37.01661 -22.15080
 37.01786 -22.14844
 37.01932 -22.14512
 37.01948 -22.14467
 37.01974 -22.14366
 37.02281 -22.13148
 37.02295 -22.13087
 37.02309 -22.13001
 37.02398 -22.12373
 37.02782 -22.08455
 37.02846 -22.07216
 37.02846 -22.06482
 37.02762 -22.05365
 37.02616 -22.04476
 37.02295 -22.02984
 37.02117 -22.02175
 37.01236 -21.99203
 37.01074 -21.98747
 37.00680 -21.97664
 36.99631 -21.95414
 36.98926 -21.93993
 36.98900 -21.93942
 36.98653 -21.93524
 36.98432 -21.93268
 36.98402 -21.93239
 36.98265 -21.93131
 36.98221 -21.93104
 36.98163 -21.93082
 36.97189 -21.92769
 36.96823 -21.92678
 36.86902 -21.92194
 36.85087 -21.92540
 36.82213 -21.93228
 36.81712 -21.93410
 36.81672 -21.93427
 36.81638 -21.93442
 36.80719 -21.93934
 36.80675 -21.93973
 36.79025 -21.95322
 36.76687 -21.93232
 36.75408 -21.92076
 36.72190 -21.87789
 36.72161 -21.87459
 36.81515 -21.70598
 36.81704 -21.70286
 37.06038 -21.57567
 37.14801 -21.56644
 37.15921 -21.56568
 37.16416 -21.56569
 37.17993 -21.57095
 37.19243 -21.57693
 37.19480 -21.57806
 37.37256 -21.68332
 37.79217 -22.03436
 37.84009 -22.26206
 37.84198 -22.26355
 38.02018 -22.36665
 38.04119 -22.37174
 38.09288 -22.38344
 38.14219 -22.38271
 38.11286 -22.52967
4 78 40.7184 41.734 -26.6353 -23.6224 'Anatoliki Makedonia Kai Thraki (Greece)'
 41.32276 -26.58719
 41.25006 -26.39493
 41.24937 -26.39231
 41.24933 -26.38907
 41.25066 -26.36160
 41.02599 -26.36034
 41.02509 -26.36199
 41.02346 -26.36449
 41.02089 -26.36643
 41.01789 -26.36700
 40.96252 -26.34936
 40.90013 -26.30072
 40.89540 -26.29641
 40.76855 -26.12826
 40.86007 -25.56733
 40.94161 -25.18816
 40.94614 -25.16778
 40.95569 -25.13048
 40.95584 -25.12992
 40.95602 -25.12946
 40.95628 -25.12899
 40.81788 -24.30805
 40.73916 -24.14524
 40.73569 -24.13663
 40.72185 -24.08943
 40.71907 -24.07463
 40.71843 -24.04592
 40.73277 -23.99085
 40.73999 -23.96332
 40.75552 -23.91448
 40.75647 -23.91193
 40.75663 -23.91155
 40.75928 -23.90592
 40.77219 -23.88141
 40.77242 -23.88107
 40.77545 -23.87687
 40.77636 -23.87608
 41.32372 -23.63337
 41.35511 -23.62237
 41.37724 -23.62386
 41.39511 -23.64878
 41.41039 -23.67463
 41.55012 -24.09931
 41.55064 -24.10137
 41.57141 -24.25930
 41.57141 -24.26504
 41.53502 -24.55053
 41.50257 -24.56041
 41.47528 -24.57530
 41.43700 -24.60122
 41.42532 -24.61175
 41.42326 -24.61496
 41.39030 -24.74295
 41.30756 -25.18074
 41.30568 -25.89327
 41.30568 -25.90082
 41.31958 -25.97694
 41.35314 -26.11414
 41.35709 -26.12981
 41.35820 -26.13164
 41.37846 -26.14913
 41.43545 -26.19677
 41.73397 -26.20797
 41.69204 -26.38364
 41.68389 -26.40859
 41.65563 -26.48850
 41.61055 -26.57144
 41.57467 -26.59067
 41.38627 -26.63499
 41.38412 -26.63533
 41.36009 -26.63075
 41.35468 -26.62949
 41.34644 -26.62732
 41.34198 -26.62343
 41.33872 -26.62046
 41.33537 -26.61657
 41.32456 -26.59188
 41.32276 -26.58719
5 26 40.114 40.4516 -24.3996 -23.9932 'Agio Oros (Greece)'
 40.11493 -24.31208
 40.11405 -24.30492
 40.11554 -24.30125
 40.30152 -24.01995
 40.30667 -24.01284
 40.31322 -24.00675
 40.31946 -24.00602
 40.43962 -23.99322
 40.44271 -23.99345
 40.44862 -24.00046
 40.45122 -24.00442
 40.45161 -24.00767
 40.34859 -24.18425
 40.30978 -24.24794
 40.19267 -24.37495
 40.18617 -24.38146
 40.18127 -24.38594
 40.16250 -24.39566
 40.15510 -24.39801
 40.14178 -24.39961
 40.14066 -24.39906
 40.13963 -24.39810
 40.13704 -24.39314
 40.11527 -24.31403
 40.11515 -24.31355
 40.11493 -24.31208
6 141 39.9471 41.4059 -24.1171 -21.7134 'Kentriki Makedonia (Greece)'
 41.40438 -23.45474
 41.39957 -23.47510
 41.40404 -23.52019
 41.40421 -23.52682
 41.37709 -23.62018
 41.08910 -24.03220
 41.00621 -24.11713
 40.95716 -24.11506
 40.91397 -24.09039
 40.83243 -23.98471
 40.82634 -23.97487
 40.82356 -23.96431
 40.81687 -23.93168
 40.55715 -23.83356
 40.09025 -23.79135
 40.11651 -23.77306
 40.12851 -23.76205
 40.16668 -23.72388
 40.19208 -23.69727
 40.19226 -23.69704
 40.21608 -23.66607
 40.21703 -23.66477
 40.21843 -23.66260
 40.22021 -23.65970
 40.22315 -23.65484
 40.22391 -23.65323
 40.22419 -23.65259
 40.27658 -23.42838
 40.27731 -23.42470
 40.27914 -23.40503
 40.27931 -23.40180
 40.27881 -23.39991
 40.27868 -23.39950
 40.27452 -23.38866
 40.27137 -23.38416
 40.27110 -23.38381
 40.26911 -23.38146
 40.24352 -23.35349
 40.23175 -23.34303
 40.23048 -23.34197
 40.23005 -23.34163
 40.22974 -23.34140
 40.22866 -23.34065
 40.21441 -23.33252
 40.21219 -23.33141
 40.21172 -23.33122
 40.21103 -23.33105
 40.21026 -23.33085
 40.20855 -23.33047
 40.20710 -23.33015
 40.20218 -23.33008
 40.19847 -23.33122
 40.15643 -23.35474
 40.14613 -23.36323
 40.05115 -23.47050
 40.05027 -23.47165
 40.03366 -23.49438
 40.02870 -23.50348
 40.02362 -23.51403
 40.02349 -23.51432
 40.01488 -23.53835
 40.05571 -23.34132
 40.32995 -23.01890
 40.50157 -22.88635
 40.50258 -22.89452
 40.50328 -22.89974
 40.50645 -22.91460
 40.51109 -22.93056
 40.51222 -22.93404
 40.51351 -22.93795
 40.51855 -22.94861
 40.51954 -22.95063
 40.52569 -22.96135
 40.52755 -22.96439
 40.53613 -22.97633
 40.53669 -22.97677
 40.54005 -22.97908
 40.54035 -22.97924
 40.54091 -22.97943
 40.54223 -22.97977
 40.54966 -22.98158
 40.55040 -22.98148
 40.55091 -22.98129
 40.62126 -22.95183
 40.62680 -22.94785
 40.63114 -22.94175
 40.64401 -22.89609
 40.64412 -22.89239
 40.52502 -22.66164
 40.52484 -22.66114
 40.52464 -22.66089
 40.47238 -22.59416
 40.46991 -22.59128
 40.46948 -22.59086
 40.46914 -22.59058
 40.46841 -22.59000
 40.46807 -22.58974
 40.46777 -22.58953
 40.46748 -22.58936
 40.46714 -22.58917
 40.46636 -22.58876
 40.46271 -22.58691
 40.46167 -22.58643
 40.46078 -22.58620
 40.45997 -22.58620
 40.15675 -22.54911
 40.15494 -22.54867
 40.14436 -22.54787
 40.14386 -22.54787
 40.14228 -22.54821
 40.06906 -22.56730
 40.05533 -22.57116
 40.05491 -22.57131
 40.01523 -22.59243
 40.01490 -22.59262
 40.01372 -22.59336
 40.01130 -22.59493
 40.00979 -22.59689
 39.98367 -22.63661
 39.98248 -22.63947
 39.98182 -22.64116
 39.98040 -22.64474
 39.97893 -22.64858
 39.96466 -22.60880
 39.95530 -22.57301
 39.94715 -22.53156
 39.94886 -22.52440
 39.95007 -22.51992
 39.96109 -22.50390
 40.15370 -22.26445
 40.23365 -22.17139
 40.49011 -21.92732
 40.78863 -21.73154
 40.82687 -21.71340
 40.85283 -21.71340
 40.97591 -21.80242
 41.09179 -21.91030
 41.12904 -21.97546
 41.40404 -23.29366
 41.40593 -23.44490
 41.40438 -23.45474
7 133 38.1362 39.285 -23.6558 -21.3952 'Sterea Ellada (Greece)'
 38.97351 -22.91973
 38.97275 -22.94625
 38.98552 -22.98179
 38.94771 -22.97856
 38.88875 -22.83119
 38.88756 -22.82809
 38.87602 -22.78595
 38.87591 -22.78548
 38.86883 -22.75352
 38.88163 -22.67128
 38.88337 -22.66711
 38.88796 -22.66031
 38.88830 -22.65997
 38.89238 -22.65644
 38.89776 -22.65185
 38.89967 -22.65061
 38.90040 -22.65004
 38.90303 -22.64794
 38.90317 -22.64776
 38.90339 -22.64716
 38.90352 -22.64681
 38.90365 -22.64639
 38.91111 -22.62086
 38.91121 -22.61984
 38.91121 -22.61312
 38.91000 -22.60800
 38.90956 -22.60622
 38.90937 -22.60555
 38.90819 -22.60238
 38.88136 -22.54909
 38.88086 -22.54829
 38.88018 -22.54761
 38.87951 -22.54722
 38.87806 -22.54637
 38.87725 -22.54606
 38.87620 -22.54596
 38.86524 -22.54559
 38.84126 -22.55157
 38.84014 -22.55165
 38.83900 -22.55183
 38.83803 -22.55206
 38.83377 -22.55330
 38.83346 -22.55350
 38.83309 -22.55405
 38.83243 -22.55512
 38.82356 -22.57866
 38.82173 -22.60335
 38.82202 -22.60789
 38.83202 -22.66153
 38.67950 -23.06461
 38.63930 -23.08979
 38.62709 -23.10190
 38.62547 -23.10370
 38.62532 -23.10396
 38.62486 -23.10535
 38.62460 -23.10624
 38.62411 -23.10848
 38.62431 -23.11013
 38.62455 -23.11119
 38.64935 -23.19013
 38.64974 -23.19055
 38.65020 -23.19096
 38.65112 -23.19145
 38.65368 -23.19256
 38.65446 -23.19269
 38.65558 -23.19262
 38.65634 -23.19232
 38.65664 -23.19199
 38.65692 -23.19167
 38.65705 -23.19149
 38.66126 -23.18506
 38.66346 -23.17968
 38.66970 -23.21281
 38.64224 -23.31307
 38.63866 -23.32040
 38.63838 -23.32091
 38.62442 -23.33557
 38.62426 -23.33575
 38.62106 -23.33742
 38.60522 -23.34094
 38.60463 -23.34091
 38.60268 -23.33983
 38.59748 -23.33311
 38.59191 -23.32276
 38.59163 -23.32221
 38.59099 -23.32079
 38.58853 -23.31497
 38.56749 -23.31300
 38.51780 -23.33315
 38.48006 -23.51313
 38.47996 -23.51361
 38.48005 -23.51454
 38.48043 -23.51672
 38.48063 -23.51733
 38.48604 -23.52194
 38.50356 -23.53373
 38.44718 -23.57956
 38.35264 -23.65578
 38.21118 -23.63395
 38.17125 -23.62418
 38.14080 -23.56681
 38.13867 -23.55990
 38.13655 -23.54398
 38.13619 -23.53695
 38.18427 -22.93857
 38.18868 -22.91172
 38.23270 -22.77831
 38.24228 -22.76293
 38.24263 -22.76260
 38.34413 -22.68640
 38.35185 -22.59420
 38.38203 -22.50320
 38.40483 -22.38471
 38.34549 -22.31530
 38.33825 -22.19469
 38.38394 -21.91303
 38.47421 -21.90520
 38.67866 -21.76801
 38.72404 -21.59936
 38.73601 -21.57509
 38.73987 -21.57038
 39.00861 -21.40907
 39.05069 -21.39990
 39.13847 -21.39524
 39.13938 -21.39524
 39.15375 -21.39553
 39.16574 -21.39723
 39.20616 -21.45215
 39.23233 -21.50401
 39.28505 -21.65124
 39.17323 -21.89540
 38.97486 -22.90195
 38.97351 -22.91973
8 131 38.9728 40.1823 -23.3517 -21.1214 'Thessalia (Greece)'
 39.94886 -22.52440
 39.94715 -22.53156
 39.95530 -22.57301
 39.92973 -22.71503
 39.34019 -23.24097
 39.29077 -23.28416
 39.18907 -23.35116
 39.18863 -23.35138
 39.18804 -23.35156
 39.18728 -23.35170
 39.18636 -23.35169
 39.18240 -23.35133
 39.18204 -23.35117
 39.17618 -23.34781
 39.17135 -23.34478
 39.17058 -23.34426
 39.16993 -23.34359
 39.15166 -23.32458
 39.14007 -23.30631
 39.08636 -23.12945
 39.08625 -23.12904
 39.08494 -23.12295
 39.08462 -23.07517
 39.08468 -23.07384
 39.08492 -23.07278
 39.08518 -23.07212
 39.09090 -23.05920
 39.09601 -23.05002
 39.09624 -23.04983
 39.09663 -23.04982
 39.09711 -23.04997
 39.10157 -23.05184
 39.13712 -23.06742
 39.13911 -23.06836
 39.13953 -23.06875
 39.14645 -23.07840
 39.14699 -23.07974
 39.14713 -23.08019
 39.14727 -23.08083
 39.15131 -23.10874
 39.13480 -23.11892
 39.12812 -23.11611
 39.12211 -23.11325
 39.12154 -23.11288
 39.11186 -23.12497
 39.12515 -23.17363
 39.14779 -23.21340
 39.14793 -23.21364
 39.14976 -23.21519
 39.15015 -23.21544
 39.15050 -23.21564
 39.15084 -23.21581
 39.15126 -23.21596
 39.17574 -23.22126
 39.18056 -23.22102
 39.18617 -23.21885
 39.18650 -23.21870
 39.24966 -23.18088
 39.25000 -23.18062
 39.27247 -23.16382
 39.28982 -23.14321
 39.29008 -23.14288
 39.30520 -23.11944
 39.35097 -22.99281
 39.35123 -22.99154
 39.36101 -22.94153
 39.36108 -22.94089
 39.35298 -22.92868
 39.27621 -22.82193
 39.27414 -22.81955
 39.27278 -22.81862
 39.27225 -22.81835
 39.26854 -22.81702
 39.25758 -22.81450
 39.25494 -22.81450
 39.23787 -22.81493
 39.21657 -22.81994
 39.21136 -22.82136
 39.21073 -22.82157
 39.20467 -22.82391
 39.20426 -22.82409
 39.20393 -22.82424
 39.15535 -22.84948
 39.15500 -22.84967
 39.15471 -22.84984
 39.15443 -22.85004
 39.15412 -22.85027
 39.15377 -22.85059
 39.15308 -22.85273
 39.15292 -22.85329
 39.15283 -22.85418
 39.15278 -22.85488
 39.15272 -22.85634
 39.15270 -22.86009
 39.15281 -22.86072
 39.15300 -22.86152
 39.15329 -22.86215
 39.15433 -22.86389
 39.15448 -22.86409
 39.15498 -22.86445
 39.16975 -22.87363
 39.15929 -22.91198
 39.11489 -22.96642
 39.09697 -22.98144
 39.01506 -23.02720
 38.98552 -22.98179
 38.97275 -22.94625
 38.97351 -22.91973
 38.97486 -22.90195
 39.04936 -22.52442
 39.05732 -22.50177
 39.15811 -22.14923
 39.24174 -21.60166
 39.16574 -21.39723
 39.16746 -21.38018
 39.17283 -21.37305
 39.19010 -21.35441
 39.47083 -21.19442
 39.66944 -21.12256
 39.67438 -21.12200
 39.68317 -21.12144
 39.80463 -21.22658
 39.85441 -21.28580
 40.16290 -22.12242
 40.17235 -22.17121
 40.18226 -22.31667
 40.10012 -22.36674
 40.05079 -22.40127
 39.96109 -22.50390
 39.95007 -22.51992
 39.94886 -22.52440
9 19 39.8466 40.9303 -22.1968 -20.9189 'Dytiki Makedonia (Greece)'
 40.23365 -22.17139
 39.84658 -21.91397
 39.86020 -21.16697
 39.86042 -21.15830
 39.86514 -21.13145
 39.87758 -21.10264
 39.98820 -21.02948
 40.11447 -20.97197
 40.29744 -20.91887
 40.46350 -20.93608
 40.85472 -21.12775
 40.91738 -21.41839
 40.93025 -21.73170
 40.54395 -21.89507
 40.49011 -21.92732
 40.44492 -22.02928
 40.39443 -22.09337
 40.29095 -22.19677
 40.23365 -22.17139
10 53 39.0151 40.3428 -21.4303 -20.1866 'Ipeiros (Greece)'
 39.36346 -21.29553
 39.35547 -21.31286
 39.35675 -21.31684
 39.35825 -21.34530
 39.35863 -21.36297
 39.35840 -21.37132
 39.35825 -21.37365
 39.35795 -21.37695
 39.35765 -21.37898
 39.35525 -21.38831
 39.35480 -21.38918
 39.35390 -21.39025
 39.35254 -21.39122
 39.35172 -21.39180
 39.29524 -21.43009
 39.29179 -21.43029
 39.27992 -21.42582
 39.17838 -21.37344
 39.12727 -21.29085
 39.11935 -21.27392
 39.01507 -20.97263
 39.02070 -20.75553
 39.27409 -20.41881
 39.28210 -20.34832
 39.28317 -20.34040
 39.28492 -20.33716
 39.31906 -20.29374
 39.32448 -20.28863
 39.32674 -20.28656
 39.40441 -20.23231
 39.44071 -20.21676
 39.60726 -20.18659
 40.00000 -20.31032
 40.07452 -20.46324
 40.22387 -20.72473
 40.33875 -20.80897
 40.34276 -20.84518
 40.33190 -20.87650
 40.29744 -20.91887
 40.25425 -20.95692
 40.21507 -20.98470
 40.18486 -21.00385
 40.15331 -21.00424
 40.14473 -20.98740
 40.13937 -20.97140
 40.13078 -20.96944
 40.11447 -20.97197
 39.66944 -21.12256
 39.47083 -21.19442
 39.37976 -21.27152
 39.37500 -21.27682
 39.37215 -21.28128
 39.36346 -21.29553
