0 18 46.7528 46.8116 56.1448 56.2403 'Saint-Pierre (Saint Pierre and Miquelon)'
 46.79365 56.15095
 46.78925 56.15648
 46.78437 56.16080
 46.77888 56.16381
 46.77253 56.16519
 46.76691 56.15022
 46.76569 56.14476
 46.75727 56.16808
 46.75275 56.19579
 46.75462 56.22191
 46.76569 56.24031
 46.78828 56.21890
 46.79784 56.20751
 46.80663 56.19188
 46.80956 56.18025
 46.81159 56.16137
 46.80785 56.14753
 46.79365 56.15095
1 64 46.7807 47.1413 56.2355 56.3966 'Miquelon-Langlade (Saint Pierre and Miquelon)'
 46.89545 56.27379
 46.87202 56.23550
 46.84227 56.24926
 46.81379 56.28930
 46.78360 56.34626
 46.78075 56.35851
 46.78620 56.37068
 46.79902 56.37792
 46.80695 56.37507
 46.81395 56.37511
 46.82404 56.39110
 46.83637 56.39635
 46.85151 56.37987
 46.87556 56.34276
 46.91494 56.32828
 46.95425 56.33678
 47.03563 56.38500
 47.05183 56.38817
 47.08784 56.39110
 47.10399 56.39660
 47.11359 56.39590
 47.12539 56.38768
 47.13426 56.37743
 47.14020 56.36628
 47.14126 56.35464
 47.13565 56.34276
 47.12596 56.36132
 47.11616 56.37169
 47.10590 56.37116
 47.09467 56.35700
 47.08906 56.34032
 47.08316 56.30480
 47.05370 56.25333
 47.04389 56.25170
 47.03022 56.25231
 47.01801 56.25601
 47.00845 56.26936
 46.99909 56.27379
 46.98969 56.28034
 46.98542 56.29186
 46.98753 56.29760
 46.99225 56.30028
 46.99698 56.30199
 46.99909 56.30517
 46.99836 56.31216
 46.99225 56.32970
 46.99592 56.34358
 46.99461 56.35021
 46.98542 56.35017
 46.97993 56.34577
 46.97907 56.33971
 46.97956 56.33385
 46.97647 56.32592
 46.97639 56.32006
 46.97565 56.31371
 46.97175 56.30858
 46.96499 56.30675
 46.96015 56.30968
 46.95669 56.31387
 46.95380 56.31603
 46.91279 56.31603
 46.90013 56.31176
 46.89631 56.30118
 46.89545 56.27379
