0 269 36.6925 37.3755 -44.0995 -42.3572 'Dihok (Iraq)'
 37.37550 -42.78047
 37.37433 -42.79246
 37.36909 -42.80114
 37.35186 -42.80548
 37.34682 -42.81406
 37.32491 -42.89674
 37.32015 -42.93705
 37.33183 -42.97963
 37.34726 -43.00516
 37.36025 -43.04350
 37.36883 -43.08371
 37.37113 -43.11481
 37.36726 -43.13197
 37.31070 -43.26338
 37.30868 -43.27031
 37.30775 -43.27863
 37.30914 -43.28752
 37.31674 -43.29687
 37.31997 -43.30566
 37.32222 -43.32416
 37.32023 -43.33615
 37.30391 -43.36251
 37.29553 -43.37604
 37.27917 -43.41676
 37.24868 -43.46327
 37.24336 -43.47960
 37.24476 -43.49241
 37.25230 -43.51712
 37.25390 -43.52952
 37.25230 -43.54244
 37.24874 -43.55060
 37.23770 -43.56890
 37.22946 -43.59422
 37.22698 -43.61830
 37.23261 -43.72082
 37.23065 -43.74692
 37.22584 -43.77064
 37.22036 -43.78056
 37.20357 -43.80206
 37.19969 -43.80940
 37.20238 -43.82201
 37.21711 -43.83999
 37.22491 -43.89363
 37.25308 -43.92417
 37.28747 -43.95378
 37.31250 -43.99037
 37.31824 -44.03559
 37.31373 -44.06902
 37.29940 -44.06432
 37.29455 -44.06773
 37.29333 -44.07093
 37.29170 -44.07331
 37.28741 -44.07548
 37.28581 -44.07620
 37.28452 -44.07775
 37.28354 -44.07982
 37.28266 -44.08210
 37.28132 -44.08396
 37.28002 -44.08695
 37.27744 -44.08830
 37.27413 -44.08830
 37.25959 -44.07930
 37.25302 -44.07651
 37.24902 -44.07589
 37.24530 -44.07620
 37.23956 -44.07796
 37.23359 -44.07889
 37.23073 -44.08075
 37.22897 -44.08334
 37.22793 -44.08706
 37.22778 -44.09326
 37.22716 -44.09512
 37.22571 -44.09667
 37.21427 -44.09936
 37.21039 -44.09946
 37.20768 -44.09853
 37.20388 -44.08757
 37.19688 -44.07672
 37.19065 -44.06897
 37.17781 -44.05698
 37.17223 -44.05388
 37.16830 -44.05326
 37.16140 -44.05781
 37.15856 -44.05574
 37.15538 -44.05047
 37.15125 -44.03755
 37.14236 -44.01678
 37.13835 -44.01120
 37.12140 -43.99621
 37.11590 -43.99249
 37.11156 -43.98670
 37.10758 -43.97864
 37.10076 -43.96066
 37.09836 -43.95208
 37.09595 -43.94774
 37.09285 -43.94949
 37.09068 -43.95166
 37.08867 -43.95135
 37.08624 -43.94681
 37.07415 -43.90939
 37.06608 -43.89193
 37.06205 -43.88614
 37.05611 -43.88273
 37.04528 -43.87839
 37.04032 -43.87446
 37.03668 -43.86981
 37.03503 -43.86164
 37.02960 -43.84800
 37.01185 -43.82816
 37.01790 -43.79663
 37.02676 -43.76873
 37.03676 -43.69866
 37.03939 -43.68718
 37.04722 -43.66951
 37.04838 -43.66476
 37.04862 -43.66052
 37.04776 -43.65731
 37.04575 -43.65370
 37.04203 -43.64936
 37.03854 -43.64636
 37.03032 -43.64161
 37.02753 -43.64068
 37.02399 -43.64078
 37.01570 -43.63943
 37.00774 -43.63582
 37.00030 -43.63334
 36.99648 -43.63272
 36.99299 -43.63292
 36.98999 -43.63334
 36.98526 -43.63613
 36.98250 -43.63664
 36.97963 -43.63788
 36.97643 -43.64047
 36.97048 -43.65070
 36.96836 -43.65576
 36.96707 -43.66176
 36.96661 -43.67571
 36.96537 -43.68346
 36.96175 -43.69183
 36.95738 -43.70878
 36.95638 -43.71499
 36.95441 -43.72046
 36.95134 -43.72367
 36.94676 -43.72615
 36.94175 -43.72739
 36.93679 -43.72821
 36.93219 -43.72790
 36.92733 -43.72615
 36.91351 -43.71778
 36.90930 -43.71302
 36.90687 -43.70847
 36.90511 -43.70300
 36.90284 -43.70227
 36.89690 -43.70424
 36.89343 -43.70475
 36.89028 -43.70475
 36.88783 -43.70486
 36.88537 -43.70548
 36.88036 -43.70579
 36.87754 -43.70672
 36.87390 -43.70754
 36.86871 -43.70723
 36.86245 -43.70610
 36.85124 -43.70165
 36.84842 -43.69835
 36.84827 -43.69463
 36.85013 -43.69111
 36.85468 -43.67406
 36.85349 -43.66486
 36.85033 -43.65762
 36.84669 -43.65432
 36.84163 -43.65256
 36.83592 -43.65256
 36.83106 -43.65163
 36.82651 -43.64884
 36.82623 -43.64223
 36.82848 -43.62796
 36.85979 -43.48296
 36.87227 -43.45102
 36.88550 -43.43325
 36.90292 -43.40307
 36.91441 -43.38963
 36.92449 -43.37402
 36.93100 -43.35873
 36.93457 -43.32069
 36.93023 -43.30467
 36.92149 -43.29062
 36.91147 -43.28328
 36.88160 -43.25259
 36.84271 -43.22323
 36.82013 -43.21445
 36.80225 -43.20535
 36.78646 -43.20091
 36.77799 -43.18582
 36.76411 -43.15254
 36.76132 -43.11234
 36.74688 -42.98149
 36.71011 -42.89953
 36.71236 -42.88744
 36.71228 -42.87276
 36.71042 -42.86119
 36.70466 -42.85168
 36.69252 -42.84341
 36.70810 -42.83483
 36.71458 -42.82977
 36.71980 -42.82233
 36.72582 -42.80796
 36.72631 -42.79969
 36.71215 -42.76445
 36.71151 -42.75401
 36.71980 -42.74719
 36.72742 -42.74967
 36.73337 -42.75887
 36.74029 -42.78130
 36.74763 -42.77251
 36.74957 -42.76466
 36.75024 -42.75659
 36.75396 -42.74719
 36.76675 -42.72962
 36.79429 -42.69923
 36.79959 -42.69035
 36.80176 -42.67825
 36.79974 -42.66936
 36.79522 -42.66389
 36.79073 -42.65955
 36.78871 -42.65469
 36.78933 -42.61252
 36.79602 -42.59650
 36.82654 -42.58286
 36.83659 -42.56601
 36.84953 -42.53490
 36.84336 -42.51485
 36.85132 -42.50400
 36.86181 -42.50865
 36.86320 -42.53490
 36.87984 -42.52395
 36.88728 -42.51547
 36.89653 -42.51320
 36.91844 -42.52064
 36.92173 -42.50400
 36.93782 -42.50328
 36.95787 -42.50793
 36.97307 -42.50762
 36.95513 -42.48808
 36.95482 -42.47062
 36.96550 -42.45263
 36.99555 -42.41460
 37.01704 -42.39755
 37.04071 -42.38380
 37.06200 -42.37681
 37.06224 -42.37719
 37.07676 -42.37688
 37.08794 -42.37119
 37.09815 -42.36365
 37.10998 -42.35724
 37.11414 -42.40189
 37.12931 -42.45914
 37.14089 -42.54524
 37.14662 -42.56126
 37.15205 -42.56467
 37.17923 -42.57697
 37.32535 -42.70233
 37.33323 -42.70616
 37.34015 -42.70740
 37.34718 -42.70946
 37.35529 -42.71567
 37.35891 -42.72218
 37.37490 -42.77158
 37.37550 -42.78047
1 618 35.426 37.3137 -45.0459 -43.3158 'Arbil (Iraq)'
 37.31373 -44.06902
 37.31116 -44.08804
 37.27917 -44.18447
 37.26752 -44.20689
 37.25406 -44.22317
 37.23677 -44.23500
 37.21383 -44.24353
 37.19192 -44.24854
 37.17944 -44.24963
 37.16967 -44.24834
 37.15797 -44.24012
 37.15432 -44.23020
 37.15262 -44.21878
 37.14662 -44.20596
 37.12921 -44.18922
 37.10892 -44.18064
 37.08761 -44.18002
 37.06694 -44.18746
 36.99413 -44.22777
 36.98366 -44.23428
 36.97777 -44.24327
 36.96917 -44.28482
 36.96994 -44.29722
 36.97723 -44.30663
 36.99397 -44.31588
 36.99397 -44.31598
 36.99402 -44.31614
 36.99413 -44.31614
 37.01547 -44.33164
 37.03115 -44.33515
 37.04244 -44.34311
 37.06477 -44.42807
 37.07634 -44.45442
 37.09200 -44.47923
 37.11662 -44.50341
 37.14368 -44.53938
 37.16641 -44.57824
 37.17835 -44.61028
 37.17902 -44.62893
 37.16724 -44.73379
 37.15915 -44.75384
 37.14192 -44.76614
 37.11314 -44.75254
 37.10332 -44.75270
 37.08564 -44.76066
 37.07895 -44.76655
 37.07634 -44.77363
 37.07448 -44.78112
 37.07024 -44.78836
 37.06373 -44.79223
 37.04849 -44.79730
 37.04353 -44.80190
 37.04193 -44.81120
 37.04684 -44.83094
 37.04720 -44.84060
 37.04404 -44.84758
 37.03412 -44.85895
 37.02492 -44.88075
 37.01593 -44.88737
 37.00508 -44.88571
 36.99402 -44.87476
 36.96736 -44.86918
 36.94966 -44.87486
 36.93335 -44.88406
 36.91093 -44.88882
 36.88685 -44.88344
 36.86897 -44.86964
 36.83403 -44.83414
 36.80933 -44.82339
 36.79192 -44.83125
 36.78122 -44.85119
 36.77646 -44.87724
 36.77786 -44.90825
 36.77590 -44.92271
 36.76711 -44.93522
 36.75827 -44.94442
 36.75233 -44.95475
 36.74933 -44.96643
 36.74902 -44.97946
 36.74169 -44.99620
 36.72556 -45.01098
 36.68960 -45.03527
 36.66805 -45.04591
 36.64934 -45.04431
 36.61317 -45.02488
 36.57901 -45.01418
 36.55792 -45.01325
 36.55601 -45.01025
 36.55209 -44.99785
 36.54966 -44.99341
 36.53374 -44.99139
 36.51870 -45.00591
 36.51620 -45.00952
 36.51609 -45.00948
 36.50661 -45.00545
 36.49676 -44.99997
 36.48023 -44.98643
 36.47377 -44.97527
 36.46940 -44.96090
 36.47139 -44.92638
 36.48000 -44.88370
 36.47961 -44.86324
 36.47566 -44.84112
 36.45462 -44.78924
 36.44527 -44.74552
 36.43940 -44.69984
 36.44617 -44.67121
 36.44811 -44.65467
 36.44261 -44.63379
 36.42382 -44.60320
 36.40571 -44.58398
 36.39253 -44.57281
 36.36897 -44.53985
 36.34778 -44.53953
 36.33608 -44.54512
 36.26513 -44.60268
 36.27409 -44.61240
 36.27797 -44.61891
 36.27761 -44.62945
 36.27089 -44.63937
 36.22179 -44.68950
 36.21425 -44.69518
 36.20596 -44.69797
 36.19743 -44.68867
 36.18867 -44.66542
 36.18389 -44.65767
 36.17578 -44.65250
 36.16898 -44.64692
 36.16268 -44.63917
 36.14862 -44.61767
 36.13596 -44.62201
 36.12679 -44.62738
 36.06894 -44.72764
 36.06093 -44.75048
 36.05460 -44.76236
 36.04821 -44.77198
 35.97643 -44.84525
 35.95241 -44.87678
 35.93830 -44.90148
 35.91091 -44.96928
 35.90429 -44.97589
 35.90145 -44.97734
 35.89871 -44.97765
 35.89644 -44.97713
 35.89414 -44.97558
 35.88822 -44.97341
 35.88543 -44.97145
 35.88122 -44.96504
 35.87913 -44.95791
 35.87789 -44.94726
 35.87840 -44.92442
 35.88060 -44.91491
 35.88339 -44.90964
 35.88559 -44.90778
 35.88678 -44.90551
 35.88817 -44.90334
 35.89215 -44.89869
 35.89380 -44.89528
 35.89445 -44.89042
 35.89324 -44.87967
 35.89360 -44.87626
 35.89582 -44.87006
 35.89603 -44.86654
 35.89476 -44.85859
 35.89339 -44.85569
 35.89073 -44.85507
 35.87443 -44.86592
 35.87195 -44.86696
 35.86567 -44.86138
 35.86133 -44.84608
 35.85350 -44.83647
 35.85275 -44.83347
 35.85414 -44.83099
 35.85954 -44.82892
 35.87443 -44.82789
 35.87719 -44.82603
 35.87921 -44.82293
 35.88027 -44.81921
 35.88016 -44.81611
 35.87696 -44.81187
 35.87375 -44.80908
 35.87060 -44.80743
 35.86396 -44.80650
 35.86068 -44.80567
 35.85846 -44.80257
 35.85887 -44.79792
 35.86409 -44.78986
 35.86864 -44.78613
 35.87257 -44.78179
 35.87401 -44.77735
 35.87443 -44.77105
 35.87189 -44.76257
 35.86895 -44.75709
 35.86719 -44.75141
 35.86755 -44.74614
 35.87161 -44.74035
 35.87830 -44.73529
 35.87954 -44.73012
 35.87985 -44.72237
 35.87386 -44.69849
 35.87313 -44.69270
 35.87381 -44.68774
 35.87799 -44.68402
 35.88091 -44.68371
 35.88337 -44.68392
 35.88574 -44.68361
 35.88791 -44.68185
 35.88946 -44.67896
 35.88957 -44.67462
 35.88440 -44.66366
 35.88388 -44.65994
 35.88716 -44.65591
 35.89042 -44.65312
 35.89220 -44.64847
 35.89259 -44.64557
 35.88569 -44.62728
 35.89417 -44.62139
 35.90378 -44.62139
 35.90734 -44.61829
 35.90783 -44.61498
 35.90352 -44.60423
 35.90094 -44.59958
 35.89763 -44.59669
 35.89003 -44.59297
 35.88512 -44.58935
 35.87952 -44.58098
 35.87443 -44.57509
 35.86985 -44.57106
 35.86551 -44.56610
 35.86613 -44.56207
 35.87171 -44.55152
 35.87094 -44.54760
 35.86869 -44.54377
 35.86549 -44.54315
 35.86213 -44.54408
 35.85892 -44.54532
 35.85551 -44.54594
 35.85086 -44.54408
 35.85027 -44.54047
 35.85220 -44.53664
 35.85990 -44.53023
 35.86347 -44.52610
 35.86564 -44.51876
 35.86427 -44.51277
 35.86024 -44.50408
 35.85970 -44.49954
 35.86099 -44.49664
 35.86381 -44.49396
 35.86941 -44.47194
 35.85923 -44.45055
 35.85918 -44.44187
 35.86089 -44.42936
 35.86016 -44.42192
 35.85717 -44.41665
 35.85365 -44.41231
 35.85089 -44.40673
 35.84435 -44.38802
 35.84223 -44.38461
 35.83360 -44.37944
 35.83314 -44.37644
 35.83378 -44.37334
 35.83546 -44.36890
 35.83758 -44.35309
 35.83898 -44.34720
 35.84409 -44.33490
 35.84394 -44.33107
 35.83768 -44.32621
 35.83347 -44.32043
 35.82714 -44.30606
 35.82507 -44.29624
 35.82461 -44.28808
 35.82564 -44.28229
 35.83350 -44.26338
 35.83691 -44.24147
 35.84564 -44.18658
 35.84293 -44.16984
 35.83564 -44.14679
 35.80384 -44.13222
 35.78900 -44.12344
 35.78425 -44.11413
 35.78105 -44.09284
 35.77986 -44.05543
 35.84128 -43.94991
 35.84812 -43.92727
 35.84577 -43.91187
 35.82368 -43.90185
 35.76001 -43.82971
 35.71790 -43.76852
 35.70929 -43.76232
 35.70289 -43.76304
 35.69831 -43.76945
 35.67806 -43.79147
 35.66901 -43.79767
 35.65987 -43.80170
 35.64870 -43.80108
 35.63958 -43.79260
 35.62979 -43.77968
 35.61454 -43.76449
 35.60284 -43.75767
 35.57796 -43.75209
 35.54809 -43.74186
 35.53737 -43.73194
 35.53372 -43.72108
 35.53220 -43.69979
 35.51618 -43.66734
 35.51388 -43.63396
 35.51434 -43.61163
 35.50928 -43.59809
 35.49845 -43.58838
 35.46949 -43.57670
 35.45763 -43.56802
 35.45032 -43.55221
 35.44771 -43.53267
 35.44608 -43.48988
 35.44215 -43.47448
 35.42763 -43.45464
 35.42603 -43.44451
 35.42634 -43.43387
 35.43107 -43.41289
 35.43476 -43.40327
 35.45822 -43.35821
 35.46008 -43.36627
 35.46091 -43.36865
 35.46404 -43.37123
 35.46939 -43.37237
 35.48163 -43.37340
 35.49497 -43.37764
 35.50140 -43.37888
 35.51044 -43.37940
 35.58824 -43.37506
 35.60343 -43.37154
 35.61527 -43.36379
 35.62069 -43.35759
 35.62317 -43.35222
 35.62385 -43.34757
 35.62540 -43.34292
 35.62806 -43.34023
 35.63201 -43.33919
 35.63852 -43.34199
 35.64635 -43.34395
 35.65886 -43.33992
 35.66844 -43.33496
 35.67449 -43.33020
 35.67873 -43.32555
 35.68203 -43.32287
 35.68578 -43.32162
 35.69172 -43.32566
 35.69609 -43.32783
 35.72345 -43.33434
 35.75495 -43.31790
 35.76063 -43.31666
 35.76911 -43.31584
 35.78087 -43.31976
 35.82130 -43.34137
 35.82781 -43.34664
 35.83060 -43.35222
 35.83055 -43.35935
 35.83192 -43.36720
 35.83781 -43.37454
 35.85789 -43.38539
 35.92724 -43.39439
 35.94582 -43.39428
 35.95295 -43.39087
 35.95308 -43.37795
 35.95481 -43.36162
 35.96367 -43.35098
 35.98884 -43.34478
 35.99912 -43.35294
 36.04330 -43.48255
 36.05157 -43.49340
 36.06873 -43.50756
 36.07387 -43.51045
 36.07870 -43.51169
 36.09844 -43.51014
 36.10513 -43.51045
 36.11353 -43.51262
 36.14578 -43.53401
 36.15229 -43.53670
 36.15945 -43.53898
 36.16836 -43.54404
 36.17146 -43.54755
 36.17244 -43.55593
 36.18407 -43.57536
 36.20366 -43.58683
 36.21531 -43.59220
 36.22182 -43.59747
 36.24500 -43.62900
 36.25484 -43.63799
 36.27115 -43.64967
 36.27988 -43.65762
 36.28572 -43.66548
 36.29375 -43.68811
 36.30742 -43.70227
 36.31037 -43.71013
 36.31998 -43.72863
 36.33207 -43.74475
 36.37277 -43.78671
 36.39620 -43.80377
 36.41615 -43.81100
 36.43085 -43.80997
 36.43997 -43.80842
 36.44912 -43.80408
 36.45289 -43.80470
 36.45542 -43.80749
 36.45568 -43.81100
 36.45408 -43.82216
 36.45403 -43.82940
 36.45610 -43.83663
 36.45966 -43.84459
 36.46553 -43.85400
 36.47033 -43.85741
 36.47566 -43.85865
 36.48000 -43.85865
 36.48374 -43.85823
 36.48728 -43.85679
 36.49059 -43.85451
 36.49496 -43.85245
 36.50467 -43.85182
 36.50891 -43.85420
 36.51098 -43.85834
 36.50844 -43.88355
 36.50862 -43.88986
 36.51129 -43.89885
 36.51687 -43.90350
 36.52312 -43.90557
 36.53526 -43.90464
 36.54252 -43.90588
 36.54524 -43.90846
 36.54565 -43.91146
 36.54345 -43.91466
 36.54074 -43.91776
 36.53723 -43.92045
 36.53609 -43.92552
 36.53769 -43.93172
 36.54627 -43.94577
 36.55358 -43.95270
 36.56015 -43.96262
 36.56480 -43.96655
 36.56883 -43.96934
 36.57743 -43.97337
 36.60076 -43.99869
 36.60632 -44.00706
 36.60854 -44.01244
 36.60678 -44.01512
 36.60585 -44.01822
 36.60634 -44.02298
 36.60870 -44.02411
 36.61340 -44.02050
 36.61702 -44.01926
 36.62213 -44.01957
 36.62391 -44.02194
 36.62360 -44.02391
 36.62084 -44.02577
 36.61743 -44.02690
 36.61464 -44.02825
 36.61200 -44.03135
 36.61009 -44.03538
 36.60926 -44.04024
 36.60976 -44.04489
 36.61133 -44.05037
 36.61190 -44.05502
 36.61180 -44.05946
 36.61071 -44.06163
 36.60828 -44.06225
 36.60495 -44.06101
 36.60123 -44.05905
 36.59733 -44.05812
 36.59374 -44.05905
 36.59079 -44.06215
 36.58911 -44.06876
 36.59035 -44.07186
 36.59381 -44.07341
 36.59769 -44.07372
 36.60306 -44.07527
 36.60557 -44.07796
 36.60668 -44.08137
 36.60634 -44.08520
 36.60663 -44.08881
 36.61040 -44.09884
 36.61174 -44.10421
 36.61149 -44.10928
 36.61022 -44.11486
 36.60839 -44.11848
 36.60647 -44.12013
 36.60374 -44.11982
 36.60079 -44.12106
 36.59932 -44.12499
 36.60084 -44.13532
 36.60983 -44.14803
 36.61841 -44.16529
 36.63825 -44.19258
 36.64257 -44.20023
 36.64727 -44.21728
 36.66722 -44.23309
 36.68750 -44.26131
 36.72585 -44.29707
 36.73463 -44.30213
 36.73944 -44.30265
 36.74311 -44.30182
 36.74610 -44.29996
 36.74776 -44.29779
 36.74802 -44.29552
 36.74714 -44.29314
 36.74517 -44.29066
 36.74450 -44.28839
 36.74548 -44.28570
 36.75675 -44.27971
 36.76414 -44.27661
 36.77282 -44.26617
 36.77737 -44.26524
 36.78589 -44.26431
 36.78987 -44.26245
 36.79414 -44.25697
 36.79819 -44.24860
 36.80884 -44.23175
 36.84209 -44.13749
 36.84615 -44.13036
 36.85033 -44.12571
 36.85550 -44.12230
 36.85809 -44.11755
 36.85933 -44.11413
 36.86160 -44.08416
 36.86320 -44.07496
 36.86307 -44.07062
 36.86207 -44.06618
 36.86134 -44.05853
 36.86325 -44.05481
 36.87382 -44.04654
 36.87664 -44.04561
 36.87933 -44.04706
 36.88349 -44.04799
 36.88814 -44.04758
 36.89607 -44.04117
 36.89886 -44.03714
 36.89989 -44.03280
 36.89912 -44.02908
 36.89857 -44.01275
 36.90046 -44.01047
 36.90237 -44.01057
 36.90377 -44.01326
 36.90447 -44.01729
 36.90604 -44.01977
 36.90886 -44.02039
 36.91521 -44.01574
 36.92015 -44.01295
 36.92503 -44.01171
 36.93116 -44.00654
 36.93503 -44.00055
 36.94036 -43.98773
 36.94930 -43.97378
 36.95932 -43.95352
 36.97666 -43.93130
 36.97997 -43.92603
 36.98118 -43.92045
 36.98009 -43.91466
 36.98418 -43.89172
 37.01185 -43.82816
 37.02960 -43.84800
 37.03503 -43.86164
 37.03668 -43.86981
 37.04032 -43.87446
 37.04528 -43.87839
 37.05611 -43.88273
 37.06205 -43.88614
 37.06608 -43.89193
 37.07415 -43.90939
 37.08624 -43.94681
 37.08867 -43.95135
 37.09068 -43.95166
 37.09285 -43.94949
 37.09595 -43.94774
 37.09836 -43.95208
 37.10076 -43.96066
 37.10758 -43.97864
 37.11156 -43.98670
 37.11590 -43.99249
 37.12140 -43.99621
 37.13835 -44.01120
 37.14236 -44.01678
 37.15125 -44.03755
 37.15538 -44.05047
 37.15856 -44.05574
 37.16140 -44.05781
 37.16830 -44.05326
 37.17223 -44.05388
 37.17781 -44.05698
 37.19065 -44.06897
 37.19688 -44.07672
 37.20388 -44.08757
 37.20768 -44.09853
 37.21039 -44.09946
 37.21427 -44.09936
 37.22571 -44.09667
 37.22716 -44.09512
 37.22778 -44.09326
 37.22793 -44.08706
 37.22897 -44.08334
 37.23073 -44.08075
 37.23359 -44.07889
 37.23956 -44.07796
 37.24530 -44.07620
 37.24902 -44.07589
 37.25302 -44.07651
 37.25959 -44.07930
 37.27413 -44.08830
 37.27744 -44.08830
 37.28002 -44.08695
 37.28132 -44.08396
 37.28266 -44.08210
 37.28354 -44.07982
 37.28452 -44.07775
 37.28581 -44.07620
 37.28741 -44.07548
 37.29170 -44.07331
 37.29333 -44.07093
 37.29455 -44.06773
 37.29940 -44.06432
 37.31373 -44.06902
2 133 29.1242 31.2792 -48.5593 -46.5615 'Al-Basrah (Iraq)'
 29.99405 -47.94801
 30.08855 -47.73143
 30.09822 -47.67417
 30.09822 -47.41579
 30.09212 -47.35823
 30.03424 -47.19710
 30.00334 -47.14470
 29.96091 -47.11049
 29.77214 -47.02543
 29.71266 -46.98884
 29.69829 -46.98367
 29.66806 -46.97985
 29.65798 -46.97737
 29.62044 -46.95784
 29.51251 -46.88311
 29.44456 -46.85345
 29.42498 -46.83857
 29.36353 -46.77449
 29.27139 -46.71186
 29.12417 -46.56147
 29.12494 -46.56163
 29.14959 -46.56690
 29.35110 -46.58861
 29.37717 -46.59657
 29.40001 -46.60835
 29.45588 -46.64525
 29.48156 -46.64948
 29.60974 -46.65041
 29.71077 -46.66282
 30.08930 -46.74457
 30.11785 -46.74478
 30.14354 -46.74167
 30.16356 -46.73568
 30.18237 -46.72700
 30.30642 -46.62871
 30.33164 -46.61589
 30.35985 -46.60742
 30.45225 -46.59130
 30.51408 -46.57466
 30.59129 -46.90115
 30.59074 -46.91944
 30.56894 -47.05814
 30.57379 -47.08842
 30.60183 -47.09452
 30.67485 -47.08904
 30.69720 -47.09049
 30.72570 -47.09669
 30.83882 -47.12212
 31.04686 -47.13473
 31.12981 -47.12615
 31.19125 -47.13721
 31.21623 -47.15591
 31.23094 -47.17627
 31.24494 -47.21100
 31.27595 -47.34970
 31.27915 -47.39476
 31.26698 -47.53749
 31.23659 -47.67609
 31.23652 -47.67644
 30.99470 -47.67293
 30.99465 -48.00155
 30.98907 -48.01224
 30.97625 -48.01545
 30.49457 -48.01204
 30.46388 -48.01359
 30.45080 -48.11942
 30.44750 -48.13058
 30.44192 -48.14092
 30.42631 -48.15766
 30.40667 -48.17048
 30.38486 -48.17947
 30.34084 -48.18768
 30.33128 -48.19208
 30.32394 -48.20009
 30.31965 -48.21120
 30.31810 -48.22298
 30.31851 -48.23507
 30.32383 -48.27166
 30.32332 -48.28427
 30.31975 -48.29636
 30.31283 -48.30571
 30.28348 -48.32602
 30.25180 -48.35816
 30.22100 -48.39702
 30.21252 -48.40359
 30.20234 -48.40870
 30.19154 -48.41062
 30.18090 -48.40803
 30.17227 -48.40075
 30.16477 -48.39113
 30.15645 -48.38328
 30.14534 -48.38111
 30.13842 -48.38307
 30.11522 -48.39558
 30.09563 -48.41552
 30.08535 -48.42121
 30.08364 -48.42395
 30.03393 -48.44219
 30.02091 -48.44426
 30.00143 -48.45315
 29.99486 -48.45780
 29.98913 -48.46431
 29.97962 -48.47816
 29.97176 -48.49304
 29.96412 -48.52399
 29.96133 -48.53102
 29.96076 -48.53077
 29.95620 -48.53077
 29.95649 -48.55494
 29.94660 -48.55926
 29.93472 -48.54689
 29.92890 -48.52052
 29.93842 -48.41188
 29.96141 -48.33546
 29.98452 -48.29957
 29.99396 -48.26466
 30.02448 -48.20924
 30.03754 -48.16578
 30.04499 -48.11915
 30.04564 -48.07635
 30.03685 -48.03826
 30.00406 -47.96900
 30.03034 -47.96192
 30.06061 -47.95851
 30.08832 -47.95167
 30.10708 -47.93483
 30.07453 -47.94711
 30.06232 -47.94850
 30.04938 -47.94606
 30.03726 -47.94174
 30.02652 -47.94093
 30.01765 -47.94850
 29.99405 -47.94801
3 154 29.0631 31.7296 -46.7448 -43.824 'Al-Muthannia (Iraq)'
 29.12417 -46.56147
 29.09574 -46.53244
 29.08758 -46.48861
 29.07941 -46.44490
 29.07614 -46.42732
 29.07128 -46.40118
 29.06314 -46.35746
 29.07146 -46.25214
 29.07748 -46.17592
 29.08357 -46.09970
 29.08960 -46.02363
 29.09564 -45.94736
 29.10375 -45.84493
 29.11187 -45.74241
 29.12003 -45.63988
 29.12812 -45.53741
 29.13621 -45.43493
 29.14437 -45.33241
 29.15246 -45.22998
 29.16062 -45.12746
 29.16690 -45.04782
 29.17326 -44.96829
 29.17951 -44.88871
 29.18589 -44.80892
 29.19310 -44.71746
 29.19527 -44.71089
 29.19750 -44.70464
 29.19972 -44.69823
 29.20184 -44.69182
 29.25607 -44.61488
 29.32333 -44.51974
 29.39053 -44.42430
 29.45779 -44.32895
 29.52499 -44.23366
 29.60582 -44.11915
 29.68661 -44.00463
 29.76738 -43.89006
 29.81398 -43.82401
 29.83330 -43.83684
 30.16697 -44.05636
 30.61529 -44.23640
 30.67624 -44.27195
 30.72241 -44.31299
 30.73606 -44.32870
 30.76714 -44.37820
 30.78897 -44.43856
 30.79308 -44.44538
 30.85863 -44.49406
 30.89801 -44.53302
 30.93434 -44.57943
 31.00694 -44.62707
 31.05493 -44.65126
 31.40746 -44.72691
 31.30000 -44.89724
 31.26264 -44.97827
 31.36669 -44.99935
 31.51327 -45.06209
 31.56546 -45.09320
 31.60140 -45.10860
 31.61637 -45.11015
 31.62512 -45.08803
 31.63512 -45.08131
 31.64670 -45.07666
 31.65561 -45.07046
 31.65908 -45.06364
 31.66473 -45.04586
 31.66926 -45.03625
 31.67920 -45.02488
 31.68148 -45.04803
 31.71458 -45.20988
 31.72964 -45.22011
 31.72760 -45.29205
 31.68672 -45.53606
 31.63719 -45.71311
 31.63768 -45.75579
 31.64388 -45.77750
 31.65153 -45.78576
 31.62040 -45.81739
 31.60572 -45.82297
 31.60094 -45.82173
 31.58694 -45.82111
 31.57363 -45.82256
 31.56632 -45.82163
 31.56143 -45.81946
 31.56009 -45.81553
 31.56097 -45.81119
 31.56771 -45.80116
 31.57053 -45.79589
 31.57236 -45.79031
 31.56864 -45.78463
 31.56084 -45.77967
 31.53924 -45.77336
 31.53027 -45.77367
 31.52448 -45.77708
 31.52270 -45.78235
 31.52154 -45.78814
 31.51495 -45.79383
 31.50358 -45.79910
 31.47301 -45.80592
 31.45979 -45.80716
 31.44824 -45.80375
 31.37429 -45.73491
 31.35586 -45.72386
 31.34186 -45.72644
 31.33762 -45.75445
 31.33561 -45.80953
 31.21923 -45.75207
 31.18706 -45.74081
 31.17637 -45.74318
 31.16962 -45.76251
 31.16595 -45.76633
 31.15779 -45.77822
 31.15461 -45.78628
 31.15208 -45.79228
 31.14192 -45.79558
 31.12441 -45.79434
 31.09368 -45.78845
 31.08340 -45.78142
 31.08177 -45.76912
 31.08792 -45.74897
 31.08645 -45.73378
 31.07294 -45.72613
 31.04730 -45.72137
 31.02888 -45.71590
 30.99919 -45.71176
 30.97731 -45.70598
 30.83763 -45.71982
 30.78231 -46.21065
 30.73350 -46.37136
 30.60276 -46.46314
 30.52938 -46.50448
 30.51641 -46.51523
 30.50775 -46.52825
 30.50726 -46.54158
 30.51408 -46.57466
 30.45225 -46.59130
 30.35985 -46.60742
 30.33164 -46.61589
 30.30642 -46.62871
 30.18237 -46.72700
 30.16356 -46.73568
 30.14354 -46.74167
 30.11785 -46.74478
 30.08930 -46.74457
 29.71077 -46.66282
 29.60974 -46.65041
 29.48156 -46.64948
 29.45588 -46.64525
 29.40001 -46.60835
 29.37717 -46.59657
 29.35110 -46.58861
 29.14959 -46.56690
 29.12494 -46.56163
 29.12417 -46.56147
4 511 34.5128 36.5162 -46.3271 -44.5395 'As-Sulaymaniyah (Iraq)'
 36.51620 -45.00952
 36.50521 -45.02534
 36.49400 -45.03816
 36.47984 -45.03909
 36.47163 -45.04550
 36.46496 -45.05408
 36.45535 -45.06209
 36.44238 -45.06689
 36.43251 -45.06855
 36.42341 -45.07227
 36.41282 -45.08374
 36.40253 -45.11082
 36.40439 -45.13996
 36.42243 -45.19598
 36.42093 -45.22130
 36.40300 -45.23887
 36.37794 -45.24962
 36.35478 -45.25448
 36.31169 -45.25701
 36.29427 -45.26393
 36.27489 -45.28269
 36.26223 -45.25851
 36.25019 -45.26419
 36.23841 -45.28280
 36.22673 -45.29737
 36.20756 -45.30202
 36.16141 -45.29954
 36.14038 -45.30460
 36.10772 -45.33561
 36.08751 -45.34832
 36.06746 -45.34419
 36.05160 -45.33189
 36.03103 -45.31959
 36.01041 -45.31370
 35.99429 -45.32021
 35.99408 -45.32021
 35.99403 -45.32031
 35.99398 -45.32052
 35.97930 -45.33809
 35.97687 -45.35959
 35.98297 -45.38181
 35.99398 -45.40155
 35.99403 -45.40160
 35.99403 -45.40186
 35.99408 -45.40196
 35.99424 -45.40217
 35.99827 -45.41995
 36.01165 -45.45312
 36.01201 -45.47927
 36.00543 -45.50142
 35.99398 -45.53999
 35.96623 -45.57694
 35.95961 -45.58986
 35.95543 -45.61704
 35.93321 -45.64686
 35.87988 -45.69321
 35.82831 -45.71874
 35.81513 -45.73104
 35.81099 -45.74902
 35.82024 -45.78674
 35.81838 -45.79791
 35.80934 -45.81419
 35.81053 -45.83475
 35.81833 -45.85408
 35.83523 -45.87832
 35.83487 -45.88850
 35.83218 -45.89878
 35.83130 -45.90911
 35.84035 -45.94126
 35.83797 -46.00492
 35.84329 -46.02497
 35.85228 -46.04430
 35.85724 -46.06042
 35.85699 -46.07696
 35.84743 -46.10776
 35.84644 -46.11505
 35.84288 -46.11985
 35.82247 -46.12481
 35.81554 -46.12910
 35.81001 -46.13520
 35.80453 -46.14336
 35.79751 -46.16352
 35.79818 -46.18496
 35.80572 -46.22744
 35.81141 -46.24641
 35.82112 -46.26351
 35.82831 -46.28139
 35.82655 -46.30299
 35.81688 -46.31963
 35.80350 -46.32707
 35.78784 -46.32506
 35.77151 -46.31338
 35.75989 -46.29751
 35.74412 -46.26713
 35.72774 -46.25349
 35.71555 -46.23788
 35.71358 -46.21700
 35.71539 -46.17773
 35.69369 -46.12760
 35.68981 -46.10704
 35.69157 -46.03707
 35.68573 -46.01650
 35.67426 -46.00379
 35.65839 -45.99588
 35.64087 -45.99237
 35.62439 -45.99231
 35.58594 -46.00203
 35.57215 -45.99924
 35.57974 -45.96870
 35.57974 -45.96389
 35.57871 -45.95934
 35.55850 -45.96803
 35.53949 -45.97924
 35.53530 -45.98312
 35.53106 -45.98456
 35.52698 -45.98322
 35.52300 -45.97924
 35.51804 -45.97133
 35.51148 -45.96606
 35.50342 -45.96358
 35.49417 -45.96399
 35.46533 -45.97702
 35.38156 -46.04099
 35.34115 -46.09629
 35.31852 -46.12016
 35.28906 -46.12740
 35.28499 -46.12529
 35.27490 -46.12006
 35.26276 -46.10766
 35.25005 -46.09877
 35.23428 -46.10145
 35.22633 -46.11541
 35.22664 -46.15416
 35.21625 -46.16925
 35.18995 -46.16548
 35.15961 -46.14383
 35.13140 -46.13039
 35.11160 -46.15106
 35.09951 -46.14311
 35.09476 -46.13236
 35.09274 -46.11995
 35.08582 -46.09453
 35.08969 -46.07665
 35.08882 -46.06657
 35.07553 -46.03975
 35.06427 -46.02508
 35.06091 -46.00921
 35.07156 -45.97924
 35.07073 -45.96637
 35.07424 -45.95604
 35.08546 -45.93495
 35.08964 -45.92017
 35.08732 -45.91320
 35.06861 -45.89940
 35.06391 -45.89837
 35.05161 -45.90116
 35.04691 -45.89909
 35.04437 -45.89309
 35.04324 -45.87904
 35.04143 -45.87248
 35.03280 -45.86188
 35.02127 -45.85702
 35.00805 -45.85682
 34.99440 -45.85971
 34.99425 -45.85971
 34.96836 -45.86896
 34.94955 -45.86633
 34.93131 -45.85785
 34.90681 -45.85020
 34.89017 -45.83501
 34.89787 -45.80804
 34.90306 -45.79620
 34.91423 -45.78979
 35.00598 -45.78029
 35.01282 -45.78153
 35.01448 -45.78390
 35.01406 -45.78669
 35.01468 -45.79434
 35.01432 -45.79837
 35.01293 -45.80282
 35.01226 -45.80674
 35.01233 -45.81171
 35.01324 -45.81615
 35.01443 -45.82008
 35.01608 -45.82318
 35.03042 -45.81243
 35.09003 -45.74401
 35.09726 -45.73843
 35.10124 -45.73378
 35.10664 -45.72613
 35.11003 -45.71951
 35.10992 -45.71300
 35.10680 -45.70711
 35.09892 -45.69822
 35.09375 -45.69688
 35.08698 -45.69605
 35.08186 -45.69233
 35.07561 -45.68696
 35.06528 -45.67621
 35.05876 -45.67104
 35.05070 -45.66691
 35.04693 -45.66422
 35.04378 -45.65616
 35.04233 -45.65337
 35.04011 -45.65047
 35.03908 -45.64799
 35.03970 -45.64644
 35.04171 -45.64624
 35.04461 -45.64644
 35.04678 -45.64562
 35.04864 -45.64334
 35.04753 -45.64004
 35.04435 -45.63621
 35.03525 -45.63011
 35.02990 -45.62753
 35.02197 -45.62815
 35.01970 -45.63073
 35.01918 -45.63353
 35.02029 -45.63683
 35.02076 -45.63900
 35.01913 -45.64055
 35.01590 -45.63942
 35.00848 -45.63508
 35.00412 -45.62660
 34.99996 -45.62257
 34.98564 -45.61916
 34.97851 -45.60934
 34.97257 -45.61151
 34.97187 -45.61440
 34.97125 -45.62391
 34.97063 -45.62763
 34.96939 -45.63063
 34.96761 -45.63218
 34.96544 -45.63249
 34.96259 -45.63228
 34.95996 -45.63228
 34.95360 -45.62970
 34.94440 -45.62443
 34.91407 -45.60138
 34.90498 -45.59322
 34.88570 -45.56748
 34.88549 -45.56449
 34.88606 -45.56118
 34.88575 -45.55808
 34.88374 -45.55549
 34.87841 -45.55467
 34.87345 -45.55270
 34.86725 -45.54836
 34.85844 -45.53854
 34.84317 -45.53100
 34.83149 -45.52759
 34.81309 -45.51922
 34.80896 -45.51777
 34.80581 -45.51560
 34.80353 -45.50971
 34.80023 -45.50485
 34.79514 -45.50020
 34.76679 -45.48718
 34.75067 -45.47622
 34.74338 -45.47260
 34.73791 -45.47043
 34.73488 -45.47033
 34.73077 -45.46919
 34.72711 -45.46909
 34.72375 -45.46940
 34.72106 -45.47033
 34.71837 -45.47095
 34.71553 -45.47043
 34.70801 -45.46785
 34.70315 -45.46537
 34.68690 -45.45390
 34.67760 -45.45059
 34.67468 -45.45028
 34.67202 -45.44935
 34.66693 -45.44449
 34.66204 -45.43736
 34.65339 -45.41876
 34.65000 -45.40853
 34.64830 -45.39974
 34.64820 -45.39354
 34.64634 -45.38351
 34.64605 -45.37979
 34.64654 -45.37235
 34.63701 -45.35902
 34.52887 -45.25009
 34.51280 -45.21732
 34.52831 -45.21453
 34.53301 -45.21267
 34.53606 -45.21009
 34.53665 -45.20606
 34.53668 -45.20296
 34.53709 -45.19934
 34.53921 -45.19159
 34.54120 -45.18869
 34.54562 -45.18632
 34.54949 -45.18621
 34.56045 -45.19345
 34.56706 -45.19624
 34.57316 -45.19779
 34.57866 -45.19800
 34.58368 -45.19717
 34.59861 -45.19117
 34.60463 -45.18993
 34.61047 -45.18962
 34.61517 -45.19097
 34.61962 -45.19376
 34.63236 -45.20761
 34.63763 -45.21205
 34.64148 -45.21360
 34.64577 -45.21360
 34.67127 -45.20234
 34.69403 -45.19676
 34.70091 -45.19583
 34.70556 -45.19562
 34.71041 -45.19624
 34.71667 -45.19614
 34.73920 -45.19190
 34.77457 -45.18911
 34.78364 -45.18570
 34.79434 -45.17733
 34.80227 -45.16957
 34.81178 -45.15603
 34.81604 -45.14611
 34.81937 -45.13361
 34.82147 -45.11232
 34.82051 -45.10084
 34.81847 -45.09196
 34.80710 -45.06860
 34.80565 -45.06281
 34.80695 -45.05599
 34.81098 -45.04958
 34.82160 -45.03997
 34.83873 -45.01920
 34.86748 -44.96597
 34.93862 -44.96349
 34.95205 -44.96680
 34.95660 -44.96742
 34.96042 -44.96649
 34.96477 -44.96401
 34.97673 -44.95191
 35.02626 -44.86592
 35.03184 -44.82851
 35.03567 -44.71906
 35.03060 -44.70190
 35.03567 -44.67937
 35.04202 -44.66294
 35.12907 -44.56207
 35.15979 -44.60640
 35.17989 -44.68433
 35.18834 -44.69487
 35.19669 -44.69766
 35.21049 -44.69084
 35.21790 -44.68929
 35.22645 -44.68991
 35.23555 -44.69384
 35.24816 -44.70407
 35.25508 -44.71616
 35.25927 -44.72536
 35.26113 -44.73280
 35.26557 -44.73632
 35.27172 -44.73911
 35.28516 -44.74190
 35.30635 -44.75275
 35.32182 -44.75699
 35.33673 -44.75306
 35.35360 -44.74686
 35.36841 -44.74397
 35.38797 -44.75151
 35.42841 -44.78800
 35.44523 -44.79823
 35.45921 -44.80339
 35.47063 -44.80226
 35.49217 -44.78303
 35.51176 -44.76174
 35.52179 -44.75492
 35.53160 -44.75244
 35.56036 -44.75606
 35.59630 -44.75916
 35.60798 -44.76319
 35.63354 -44.76536
 35.64408 -44.76939
 35.66886 -44.78634
 35.68560 -44.78541
 35.70542 -44.77714
 35.73901 -44.73074
 35.76441 -44.70790
 35.78699 -44.68247
 35.88569 -44.62728
 35.89259 -44.64557
 35.89220 -44.64847
 35.89042 -44.65312
 35.88716 -44.65591
 35.88388 -44.65994
 35.88440 -44.66366
 35.88957 -44.67462
 35.88946 -44.67896
 35.88791 -44.68185
 35.88574 -44.68361
 35.88337 -44.68392
 35.88091 -44.68371
 35.87799 -44.68402
 35.87381 -44.68774
 35.87313 -44.69270
 35.87386 -44.69849
 35.87985 -44.72237
 35.87954 -44.73012
 35.87830 -44.73529
 35.87161 -44.74035
 35.86755 -44.74614
 35.86719 -44.75141
 35.86895 -44.75709
 35.87189 -44.76257
 35.87443 -44.77105
 35.87401 -44.77735
 35.87257 -44.78179
 35.86864 -44.78613
 35.86409 -44.78986
 35.85887 -44.79792
 35.85846 -44.80257
 35.86068 -44.80567
 35.86396 -44.80650
 35.87060 -44.80743
 35.87375 -44.80908
 35.87696 -44.81187
 35.88016 -44.81611
 35.88027 -44.81921
 35.87921 -44.82293
 35.87719 -44.82603
 35.87443 -44.82789
 35.85954 -44.82892
 35.85414 -44.83099
 35.85275 -44.83347
 35.85350 -44.83647
 35.86133 -44.84608
 35.86567 -44.86138
 35.87195 -44.86696
 35.87443 -44.86592
 35.89073 -44.85507
 35.89339 -44.85569
 35.89476 -44.85859
 35.89603 -44.86654
 35.89582 -44.87006
 35.89360 -44.87626
 35.89324 -44.87967
 35.89445 -44.89042
 35.89380 -44.89528
 35.89215 -44.89869
 35.88817 -44.90334
 35.88678 -44.90551
 35.88559 -44.90778
 35.88339 -44.90964
 35.88060 -44.91491
 35.87840 -44.92442
 35.87789 -44.94726
 35.87913 -44.95791
 35.88122 -44.96504
 35.88543 -44.97145
 35.88822 -44.97341
 35.89414 -44.97558
 35.89644 -44.97713
 35.89871 -44.97765
 35.90145 -44.97734
 35.90429 -44.97589
 35.91091 -44.96928
 35.93830 -44.90148
 35.95241 -44.87678
 35.97643 -44.84525
 36.04821 -44.77198
 36.05460 -44.76236
 36.06093 -44.75048
 36.06894 -44.72764
 36.12679 -44.62738
 36.13596 -44.62201
 36.14862 -44.61767
 36.16268 -44.63917
 36.16898 -44.64692
 36.17578 -44.65250
 36.18389 -44.65767
 36.18867 -44.66542
 36.19743 -44.68867
 36.20596 -44.69797
 36.21425 -44.69518
 36.22179 -44.68950
 36.27089 -44.63937
 36.27761 -44.62945
 36.27797 -44.61891
 36.27409 -44.61240
 36.26513 -44.60268
 36.33608 -44.54512
 36.34778 -44.53953
 36.36897 -44.53985
 36.39253 -44.57281
 36.40571 -44.58398
 36.42382 -44.60320
 36.44261 -44.63379
 36.44811 -44.65467
 36.44617 -44.67121
 36.43940 -44.69984
 36.44527 -44.74552
 36.45462 -44.78924
 36.47566 -44.84112
 36.47961 -44.86324
 36.48000 -44.88370
 36.47139 -44.92638
 36.46940 -44.96090
 36.47377 -44.97527
 36.48023 -44.98643
 36.49676 -44.99997
 36.50661 -45.00545
 36.51609 -45.00948
 36.51620 -45.00952
5 597 33.0003 35.11 -45.9645 -44.2448 'Diyala (Iraq)'
 34.90306 -45.79620
 34.91089 -45.77827
 34.90996 -45.75512
 34.89074 -45.74850
 34.86537 -45.75047
 34.84098 -45.74540
 34.82511 -45.71771
 34.82263 -45.68923
 34.81829 -45.67657
 34.80692 -45.66675
 34.79493 -45.66360
 34.77473 -45.66593
 34.76325 -45.66282
 34.73695 -45.63502
 34.72083 -45.62737
 34.70687 -45.64226
 34.70300 -45.65053
 34.69721 -45.65952
 34.68998 -45.66686
 34.68181 -45.67037
 34.67117 -45.67347
 34.66512 -45.67838
 34.66021 -45.68350
 34.65323 -45.68763
 34.63432 -45.69078
 34.61551 -45.69125
 34.59856 -45.69445
 34.58559 -45.70561
 34.57908 -45.70856
 34.56838 -45.70830
 34.55774 -45.70561
 34.55128 -45.70153
 34.55024 -45.69559
 34.55665 -45.67357
 34.56115 -45.60484
 34.56730 -45.57394
 34.58223 -45.53963
 34.59169 -45.50066
 34.56425 -45.49653
 34.52379 -45.50485
 34.49417 -45.50345
 34.48624 -45.49870
 34.47901 -45.49302
 34.47273 -45.48650
 34.46725 -45.47927
 34.45751 -45.42677
 34.44436 -45.41705
 34.36209 -45.44795
 34.34046 -45.46077
 34.32915 -45.47927
 34.34240 -45.49922
 34.34250 -45.52154
 34.33160 -45.54221
 34.31196 -45.55756
 34.28928 -45.56304
 34.26460 -45.56102
 34.21649 -45.54769
 34.20747 -45.54273
 34.18856 -45.52867
 34.17931 -45.52666
 34.16792 -45.53146
 34.15923 -45.53880
 34.15063 -45.54454
 34.13949 -45.54454
 34.12820 -45.53436
 34.10068 -45.49395
 34.08764 -45.47927
 34.06986 -45.45488
 34.04766 -45.44361
 34.02214 -45.43519
 33.99436 -45.41995
 33.99426 -45.41995
 33.99426 -45.41974
 33.98715 -45.41147
 33.98162 -45.40176
 33.97356 -45.38036
 33.94945 -45.40103
 33.93878 -45.42372
 33.93739 -45.44971
 33.94119 -45.47927
 33.94088 -45.48175
 33.94005 -45.48392
 33.93865 -45.48578
 33.80393 -45.57477
 33.79150 -45.58820
 33.78073 -45.60360
 33.76869 -45.61673
 33.75208 -45.62391
 33.73184 -45.62820
 33.71417 -45.63513
 33.69792 -45.64515
 33.68169 -45.65879
 33.66903 -45.67399
 33.64076 -45.72112
 33.63304 -45.72463
 33.62565 -45.72799
 33.59010 -45.72773
 33.58312 -45.73455
 33.58676 -45.75202
 33.59591 -45.76845
 33.61932 -45.79755
 33.62580 -45.81579
 33.62642 -45.86436
 33.63092 -45.88596
 33.60020 -45.88204
 33.58516 -45.89971
 33.57299 -45.92090
 33.55087 -45.92792
 33.53581 -45.91563
 33.51157 -45.86819
 33.49436 -45.85258
 33.48212 -45.86974
 33.47630 -45.89940
 33.47951 -45.92968
 33.49426 -45.94818
 33.49659 -45.95314
 33.49739 -45.95816
 33.49656 -45.96327
 33.49597 -45.96446
 33.48013 -45.94772
 33.45742 -45.93180
 33.45103 -45.92808
 33.41522 -45.91609
 33.40763 -45.90886
 33.40052 -45.89811
 33.38858 -45.87454
 33.38458 -45.86255
 33.38274 -45.85408
 33.38254 -45.84860
 33.38073 -45.84261
 33.37758 -45.83465
 33.34869 -45.78783
 33.33784 -45.77719
 33.33117 -45.76881
 33.32499 -45.75703
 33.31913 -45.74184
 33.31874 -45.73750
 33.31952 -45.73367
 33.32112 -45.72954
 33.32200 -45.72541
 33.32016 -45.72086
 33.31505 -45.71517
 33.30071 -45.70401
 33.26557 -45.66908
 33.25389 -45.65947
 33.24304 -45.65296
 33.22913 -45.64892
 33.20808 -45.63962
 33.19159 -45.62629
 33.16482 -45.60014
 33.13581 -45.57720
 33.12966 -45.57027
 33.10235 -45.53193
 33.08785 -45.51581
 33.07416 -45.50330
 33.06876 -45.49183
 33.06602 -45.48366
 33.08036 -45.42558
 33.15619 -45.11211
 33.14712 -45.01506
 33.14937 -44.97992
 33.17304 -44.86468
 33.17433 -44.83471
 33.16126 -44.81518
 33.13847 -44.79296
 33.11116 -44.77094
 33.08305 -44.72753
 33.06829 -44.70976
 33.05635 -44.70046
 33.04540 -44.70604
 33.04072 -44.70924
 33.02563 -44.71503
 33.02408 -44.71048
 33.01612 -44.69911
 33.01266 -44.68857
 33.01310 -44.67720
 33.01612 -44.66594
 33.02052 -44.65560
 33.02579 -44.64640
 33.03178 -44.63865
 33.03909 -44.63224
 33.04816 -44.62697
 33.06775 -44.61829
 33.07718 -44.61219
 33.07416 -44.60506
 33.05995 -44.59793
 33.03390 -44.58801
 33.01997 -44.57809
 33.01018 -44.57323
 33.00408 -44.56940
 33.00142 -44.56506
 33.00026 -44.56227
 33.00600 -44.54005
 33.01990 -44.54594
 33.05886 -44.54636
 33.07997 -44.54264
 33.10465 -44.53478
 33.14296 -44.51690
 33.16420 -44.50439
 33.17601 -44.50481
 33.21924 -44.50636
 33.23107 -44.51597
 33.23363 -44.51907
 33.23988 -44.52527
 33.24376 -44.52651
 33.24802 -44.52610
 33.25505 -44.52217
 33.26342 -44.51990
 33.27942 -44.52682
 33.27037 -44.52682
 33.26727 -44.52434
 33.26451 -44.52465
 33.26427 -44.52827
 33.26676 -44.53302
 33.27340 -44.53612
 33.28081 -44.53850
 33.31102 -44.53736
 33.34068 -44.53602
 33.35039 -44.54109
 33.36243 -44.54202
 33.36476 -44.54264
 33.36626 -44.54326
 33.36915 -44.54264
 33.38318 -44.53726
 33.39225 -44.53478
 33.40357 -44.53333
 33.40812 -44.52920
 33.41088 -44.52579
 33.39075 -44.49437
 33.41837 -44.45706
 33.42749 -44.43711
 33.42915 -44.42719
 33.43163 -44.35557
 33.43251 -44.34978
 33.42563 -44.34296
 33.39044 -44.32983
 33.37857 -44.27785
 33.37789 -44.27485
 33.43333 -44.24477
 33.49783 -44.29810
 33.51276 -44.31299
 33.53090 -44.33634
 33.54157 -44.35381
 33.57090 -44.39308
 33.59679 -44.40146
 33.62159 -44.40456
 33.64461 -44.39308
 33.69869 -44.40786
 33.70603 -44.41189
 33.72461 -44.42585
 33.72898 -44.42595
 33.73306 -44.42347
 33.74980 -44.40363
 33.75696 -44.39691
 33.76541 -44.39174
 33.77445 -44.38926
 33.78360 -44.38936
 33.79269 -44.39133
 33.83548 -44.40993
 33.88013 -44.44414
 33.89760 -44.45003
 33.91628 -44.45096
 33.93542 -44.44776
 33.95100 -44.44001
 33.96348 -44.42812
 33.99831 -44.38182
 34.00152 -44.37283
 34.00369 -44.36673
 34.00702 -44.34006
 34.00433 -44.31268
 34.00240 -44.30461
 34.00170 -44.29748
 34.00255 -44.29273
 34.00513 -44.28963
 34.01343 -44.28942
 34.01826 -44.29004
 34.03157 -44.30120
 34.04402 -44.30389
 34.06051 -44.31113
 34.06544 -44.30978
 34.07231 -44.30451
 34.07559 -44.30616
 34.08797 -44.32756
 34.09123 -44.33149
 34.09758 -44.33386
 34.10174 -44.33397
 34.10523 -44.33262
 34.11593 -44.32528
 34.11970 -44.32404
 34.12324 -44.32590
 34.12611 -44.32994
 34.12774 -44.33820
 34.12805 -44.34999
 34.12926 -44.35216
 34.13200 -44.35340
 34.15574 -44.35247
 34.15941 -44.35040
 34.16202 -44.34823
 34.16448 -44.34813
 34.16657 -44.35164
 34.16828 -44.36084
 34.16776 -44.37293
 34.16915 -44.37727
 34.17226 -44.38141
 34.17864 -44.38430
 34.18422 -44.38833
 34.18776 -44.39174
 34.18859 -44.39763
 34.18639 -44.39949
 34.18352 -44.39980
 34.17879 -44.39732
 34.17732 -44.39763
 34.17623 -44.39949
 34.17598 -44.40270
 34.17753 -44.40580
 34.18050 -44.40797
 34.18864 -44.41045
 34.19590 -44.41448
 34.22140 -44.43525
 34.22362 -44.43918
 34.22626 -44.44807
 34.22670 -44.45954
 34.22719 -44.46305
 34.22889 -44.46646
 34.23148 -44.47039
 34.23341 -44.47453
 34.23295 -44.47763
 34.22770 -44.48321
 34.22569 -44.48631
 34.22662 -44.48910
 34.23075 -44.49117
 34.24905 -44.49096
 34.25458 -44.49282
 34.25871 -44.50036
 34.26018 -44.50533
 34.26269 -44.50884
 34.26662 -44.50967
 34.28646 -44.50698
 34.29393 -44.52062
 34.30592 -44.50905
 34.30917 -44.50191
 34.31431 -44.49427
 34.32300 -44.48507
 34.32971 -44.47949
 34.33545 -44.47670
 34.33979 -44.47670
 34.34987 -44.48445
 34.36770 -44.49437
 34.38635 -44.50109
 34.39441 -44.50160
 34.40433 -44.49819
 34.40924 -44.49582
 34.41286 -44.49468
 34.41873 -44.50140
 34.42196 -44.50377
 34.43126 -44.50719
 34.43467 -44.50905
 34.43738 -44.50967
 34.43924 -44.50667
 34.43891 -44.50357
 34.43601 -44.49799
 34.43539 -44.49468
 34.43601 -44.49086
 34.43785 -44.48879
 34.44074 -44.48879
 34.44534 -44.49344
 34.44810 -44.49561
 34.45043 -44.49613
 34.45208 -44.49282
 34.45141 -44.49034
 34.44976 -44.48786
 34.44888 -44.48600
 34.45046 -44.48527
 34.45418 -44.48600
 34.46097 -44.49065
 34.46366 -44.49458
 34.46446 -44.49923
 34.46477 -44.50315
 34.46728 -44.51277
 34.46991 -44.51618
 34.47368 -44.51721
 34.48159 -44.51277
 34.48479 -44.50905
 34.48614 -44.50533
 34.48609 -44.50264
 34.48712 -44.50140
 34.48976 -44.50264
 34.49875 -44.51463
 34.50629 -44.51711
 34.51187 -44.51752
 34.54427 -44.50233
 34.55363 -44.50295
 34.55750 -44.50388
 34.56296 -44.50605
 34.57554 -44.51773
 34.57735 -44.52186
 34.57321 -44.53075
 34.56634 -44.55059
 34.56334 -44.56599
 34.55988 -44.57478
 34.55399 -44.58563
 34.52673 -44.62211
 34.52404 -44.62738
 34.52438 -44.63038
 34.53637 -44.63545
 34.54639 -44.64196
 34.55724 -44.65302
 34.56934 -44.67007
 34.57859 -44.68650
 34.58996 -44.70077
 34.60419 -44.71337
 34.63176 -44.72908
 34.64644 -44.73063
 34.65819 -44.72733
 34.66411 -44.72257
 34.67047 -44.71834
 34.67662 -44.71627
 34.68248 -44.71627
 34.68897 -44.72102
 34.69620 -44.73063
 34.70579 -44.75110
 34.71269 -44.77931
 34.71703 -44.79161
 34.72664 -44.80588
 34.74300 -44.82520
 34.76150 -44.83864
 34.77253 -44.84277
 34.78085 -44.84205
 34.78726 -44.84091
 34.79387 -44.84153
 34.80173 -44.84804
 34.80937 -44.85972
 34.81775 -44.88577
 34.83170 -44.91863
 34.86748 -44.96597
 34.83873 -45.01920
 34.82160 -45.03997
 34.81098 -45.04958
 34.80695 -45.05599
 34.80565 -45.06281
 34.80710 -45.06860
 34.81847 -45.09196
 34.82051 -45.10084
 34.82147 -45.11232
 34.81937 -45.13361
 34.81604 -45.14611
 34.81178 -45.15603
 34.80227 -45.16957
 34.79434 -45.17733
 34.78364 -45.18570
 34.77457 -45.18911
 34.73920 -45.19190
 34.71667 -45.19614
 34.71041 -45.19624
 34.70556 -45.19562
 34.70091 -45.19583
 34.69403 -45.19676
 34.67127 -45.20234
 34.64577 -45.21360
 34.64148 -45.21360
 34.63763 -45.21205
 34.63236 -45.20761
 34.61962 -45.19376
 34.61517 -45.19097
 34.61047 -45.18962
 34.60463 -45.18993
 34.59861 -45.19117
 34.58368 -45.19717
 34.57866 -45.19800
 34.57316 -45.19779
 34.56706 -45.19624
 34.56045 -45.19345
 34.54949 -45.18621
 34.54562 -45.18632
 34.54120 -45.18869
 34.53921 -45.19159
 34.53709 -45.19934
 34.53668 -45.20296
 34.53665 -45.20606
 34.53606 -45.21009
 34.53301 -45.21267
 34.52831 -45.21453
 34.51280 -45.21732
 34.52887 -45.25009
 34.63701 -45.35902
 34.64654 -45.37235
 34.64605 -45.37979
 34.64634 -45.38351
 34.64820 -45.39354
 34.64830 -45.39974
 34.65000 -45.40853
 34.65339 -45.41876
 34.66204 -45.43736
 34.66693 -45.44449
 34.67202 -45.44935
 34.67468 -45.45028
 34.67760 -45.45059
 34.68690 -45.45390
 34.70315 -45.46537
 34.70801 -45.46785
 34.71553 -45.47043
 34.71837 -45.47095
 34.72106 -45.47033
 34.72375 -45.46940
 34.72711 -45.46909
 34.73077 -45.46919
 34.73488 -45.47033
 34.73791 -45.47043
 34.74338 -45.47260
 34.75067 -45.47622
 34.76679 -45.48718
 34.79514 -45.50020
 34.80023 -45.50485
 34.80353 -45.50971
 34.80581 -45.51560
 34.80896 -45.51777
 34.81309 -45.51922
 34.83149 -45.52759
 34.84317 -45.53100
 34.85844 -45.53854
 34.86725 -45.54836
 34.87345 -45.55270
 34.87841 -45.55467
 34.88374 -45.55549
 34.88575 -45.55808
 34.88606 -45.56118
 34.88549 -45.56449
 34.88570 -45.56748
 34.90498 -45.59322
 34.91407 -45.60138
 34.94440 -45.62443
 34.95360 -45.62970
 34.95996 -45.63228
 34.96259 -45.63228
 34.96544 -45.63249
 34.96761 -45.63218
 34.96939 -45.63063
 34.97063 -45.62763
 34.97125 -45.62391
 34.97187 -45.61440
 34.97257 -45.61151
 34.97851 -45.60934
 34.98564 -45.61916
 34.99996 -45.62257
 35.00412 -45.62660
 35.00848 -45.63508
 35.01590 -45.63942
 35.01913 -45.64055
 35.02076 -45.63900
 35.02029 -45.63683
 35.01918 -45.63353
 35.01970 -45.63073
 35.02197 -45.62815
 35.02990 -45.62753
 35.03525 -45.63011
 35.04435 -45.63621
 35.04753 -45.64004
 35.04864 -45.64334
 35.04678 -45.64562
 35.04461 -45.64644
 35.04171 -45.64624
 35.03970 -45.64644
 35.03908 -45.64799
 35.04011 -45.65047
 35.04233 -45.65337
 35.04378 -45.65616
 35.04693 -45.66422
 35.05070 -45.66691
 35.05876 -45.67104
 35.06528 -45.67621
 35.07561 -45.68696
 35.08186 -45.69233
 35.08698 -45.69605
 35.09375 -45.69688
 35.09892 -45.69822
 35.10680 -45.70711
 35.10992 -45.71300
 35.11003 -45.71951
 35.10664 -45.72613
 35.10124 -45.73378
 35.09726 -45.73843
 35.09003 -45.74401
 35.03042 -45.81243
 35.01608 -45.82318
 35.01443 -45.82008
 35.01324 -45.81615
 35.01233 -45.81171
 35.01226 -45.80674
 35.01293 -45.80282
 35.01432 -45.79837
 35.01468 -45.79434
 35.01406 -45.78669
 35.01448 -45.78390
 35.01282 -45.78153
 35.00598 -45.78029
 34.91423 -45.78979
 34.90306 -45.79620
6 230 31.9423 33.496 -46.6037 -44.5233 'Wasit (Iraq)'
 33.49597 -45.96446
 33.49424 -45.96823
 33.49276 -45.97138
 33.49080 -45.97443
 33.45566 -46.00802
 33.43840 -46.01939
 33.41951 -46.02745
 33.39920 -46.03050
 33.38251 -46.03107
 33.36794 -46.03624
 33.34086 -46.06972
 33.29371 -46.10952
 33.27210 -46.14135
 33.26022 -46.15530
 33.24335 -46.16419
 33.23306 -46.16440
 33.21387 -46.15835
 33.20567 -46.15768
 33.19637 -46.16212
 33.19022 -46.17370
 33.18118 -46.17432
 33.16834 -46.16719
 33.15426 -46.15344
 33.13178 -46.12647
 33.11839 -46.10538
 33.11568 -46.08916
 33.11677 -46.07241
 33.11511 -46.05040
 33.10568 -46.03030
 33.09351 -46.02931
 33.08346 -46.04327
 33.07922 -46.08719
 33.07250 -46.10600
 33.06168 -46.12042
 33.04798 -46.12616
 33.03101 -46.11949
 33.01806 -46.10466
 33.00672 -46.08802
 32.99450 -46.07572
 32.99434 -46.07572
 32.95432 -46.09701
 32.94835 -46.15556
 32.95949 -46.27343
 32.93176 -46.37963
 32.89179 -46.47931
 32.86802 -46.50732
 32.82252 -46.60060
 32.79955 -46.58509
 32.78973 -46.57579
 32.77658 -46.55357
 32.76697 -46.54613
 32.60062 -46.48112
 32.55274 -46.47492
 32.49187 -46.47616
 32.48112 -46.47492
 32.47096 -46.47151
 32.45657 -46.46820
 32.45032 -46.46510
 32.43190 -46.45125
 32.42048 -46.44505
 32.41161 -46.44402
 32.40381 -46.45280
 32.39249 -46.46913
 32.38650 -46.47378
 32.37849 -46.47771
 32.36986 -46.47626
 32.26754 -46.43420
 32.24950 -46.42862
 32.23452 -46.43172
 32.22191 -46.45022
 32.17716 -46.57218
 32.15225 -46.59171
 32.13372 -46.60370
 31.98358 -46.57683
 31.98141 -46.55574
 31.98955 -46.51802
 32.00533 -46.48205
 32.00942 -46.44216
 32.00544 -46.31741
 32.00464 -46.05758
 31.99497 -46.02430
 31.99102 -46.01913
 31.98342 -46.01541
 31.98143 -46.01097
 31.98125 -46.00373
 31.98381 -45.98823
 31.98624 -45.97893
 31.98691 -45.97015
 31.98466 -45.96188
 31.96257 -45.92725
 31.96169 -45.92250
 31.96482 -45.91754
 31.96735 -45.91485
 31.96828 -45.91227
 31.96720 -45.90958
 31.96301 -45.90514
 31.96110 -45.90121
 31.96087 -45.89728
 31.96410 -45.89263
 31.96417 -45.88726
 31.94234 -45.82597
 31.94779 -45.72572
 32.04060 -45.67859
 32.04688 -45.67807
 32.05145 -45.68179
 32.05680 -45.68913
 32.06892 -45.68603
 32.08621 -45.61709
 32.10600 -45.55405
 32.11484 -45.53813
 32.12719 -45.52852
 32.14600 -45.51622
 32.16682 -45.49793
 32.24651 -45.39850
 32.26129 -45.38351
 32.27630 -45.37814
 32.29046 -45.38062
 32.31738 -45.39385
 32.32681 -45.39550
 32.33508 -45.39189
 32.34069 -45.36987
 32.35562 -45.35840
 32.36278 -45.28781
 32.37187 -45.26269
 32.38779 -45.25629
 32.39443 -45.19841
 32.41521 -45.19676
 32.44660 -45.19397
 32.44675 -45.18105
 32.44900 -45.12131
 32.45311 -45.10457
 32.46262 -45.08844
 32.47895 -45.06922
 32.49763 -45.05175
 32.57202 -45.01268
 32.69185 -44.96990
 32.70271 -44.96370
 32.71529 -44.95016
 32.72490 -44.93589
 32.73715 -44.91016
 32.74875 -44.87771
 32.75637 -44.87243
 32.75880 -44.86375
 32.76175 -44.82727
 32.77526 -44.77673
 32.80593 -44.71317
 32.80730 -44.70635
 32.81575 -44.56475
 32.81769 -44.55866
 32.82084 -44.55390
 32.82632 -44.54698
 32.84213 -44.54036
 32.86678 -44.53426
 32.96814 -44.53085
 32.99793 -44.52331
 33.00600 -44.54005
 33.00026 -44.56227
 33.00142 -44.56506
 33.00408 -44.56940
 33.01018 -44.57323
 33.01997 -44.57809
 33.03390 -44.58801
 33.05995 -44.59793
 33.07416 -44.60506
 33.07718 -44.61219
 33.06775 -44.61829
 33.04816 -44.62697
 33.03909 -44.63224
 33.03178 -44.63865
 33.02579 -44.64640
 33.02052 -44.65560
 33.01612 -44.66594
 33.01310 -44.67720
 33.01266 -44.68857
 33.01612 -44.69911
 33.02408 -44.71048
 33.02563 -44.71503
 33.04072 -44.70924
 33.04540 -44.70604
 33.05635 -44.70046
 33.06829 -44.70976
 33.08305 -44.72753
 33.11116 -44.77094
 33.13847 -44.79296
 33.16126 -44.81518
 33.17433 -44.83471
 33.17304 -44.86468
 33.14937 -44.97992
 33.14712 -45.01506
 33.15619 -45.11211
 33.08036 -45.42558
 33.06602 -45.48366
 33.06876 -45.49183
 33.07416 -45.50330
 33.08785 -45.51581
 33.10235 -45.53193
 33.12966 -45.57027
 33.13581 -45.57720
 33.16482 -45.60014
 33.19159 -45.62629
 33.20808 -45.63962
 33.22913 -45.64892
 33.24304 -45.65296
 33.25389 -45.65947
 33.26557 -45.66908
 33.30071 -45.70401
 33.31505 -45.71517
 33.32016 -45.72086
 33.32200 -45.72541
 33.32112 -45.72954
 33.31952 -45.73367
 33.31874 -45.73750
 33.31913 -45.74184
 33.32499 -45.75703
 33.33117 -45.76881
 33.33784 -45.77719
 33.34869 -45.78783
 33.37758 -45.83465
 33.38073 -45.84261
 33.38254 -45.84860
 33.38274 -45.85408
 33.38458 -45.86255
 33.38858 -45.87454
 33.40052 -45.89811
 33.40763 -45.90886
 33.41522 -45.91609
 33.45103 -45.92808
 33.45742 -45.93180
 33.48013 -45.94772
 33.49597 -45.96446
7 160 31.1298 32.8225 -47.8373 -46.3109 'Maysan (Iraq)'
 32.82252 -46.60060
 32.82069 -46.60442
 32.78937 -46.65036
 32.75601 -46.71589
 32.71620 -46.75733
 32.49448 -47.05840
 32.49448 -47.05861
 32.49440 -47.05866
 32.47456 -47.09059
 32.46104 -47.12103
 32.45518 -47.15255
 32.45838 -47.18780
 32.46404 -47.20547
 32.48546 -47.25125
 32.48468 -47.26531
 32.46823 -47.32195
 32.45869 -47.34334
 32.44619 -47.35611
 32.43076 -47.36732
 32.41257 -47.38412
 32.39528 -47.41083
 32.38797 -47.41641
 32.37642 -47.41796
 32.36986 -47.41435
 32.36433 -47.40876
 32.34578 -47.39998
 32.34198 -47.39595
 32.33702 -47.39579
 32.32351 -47.40246
 32.31777 -47.40706
 32.29369 -47.43688
 32.28819 -47.44158
 32.28263 -47.44535
 32.26183 -47.46302
 32.25612 -47.46943
 32.25206 -47.47915
 32.23935 -47.48452
 32.22674 -47.50400
 32.21380 -47.50922
 32.19984 -47.50767
 32.19013 -47.50235
 32.18134 -47.49641
 32.17049 -47.49248
 32.15654 -47.49041
 32.14863 -47.49134
 32.14414 -47.49816
 32.14031 -47.51382
 32.13339 -47.52669
 32.12316 -47.53475
 32.11458 -47.54364
 32.11298 -47.55873
 32.10616 -47.57806
 32.10350 -47.58023
 32.08543 -47.59501
 32.04187 -47.61780
 32.02694 -47.63314
 32.01241 -47.66808
 31.99469 -47.67795
 31.99453 -47.67795
 31.97691 -47.68265
 31.92234 -47.71841
 31.91433 -47.72523
 31.90426 -47.74332
 31.89821 -47.75097
 31.88917 -47.75655
 31.87165 -47.76171
 31.86410 -47.76528
 31.84886 -47.78135
 31.82359 -47.82078
 31.80571 -47.83448
 31.78447 -47.83727
 31.76184 -47.83132
 31.40785 -47.67893
 31.23652 -47.67644
 31.23659 -47.67609
 31.26698 -47.53749
 31.27915 -47.39476
 31.27595 -47.34970
 31.24494 -47.21100
 31.23094 -47.17627
 31.21623 -47.15591
 31.19125 -47.13721
 31.12981 -47.12615
 31.14048 -46.95096
 31.13911 -46.84585
 31.15665 -46.80668
 31.16815 -46.79283
 31.19812 -46.74953
 31.20592 -46.74260
 31.21306 -46.73899
 31.22135 -46.73682
 31.23091 -46.73558
 31.24145 -46.73568
 31.27703 -46.74012
 31.28809 -46.74054
 31.29700 -46.73950
 31.30589 -46.73630
 31.31602 -46.73031
 31.33075 -46.71759
 31.34046 -46.70622
 31.34855 -46.69403
 31.39604 -46.60504
 31.43733 -46.58892
 31.44663 -46.58830
 31.45963 -46.58954
 31.47779 -46.59998
 31.49012 -46.60535
 31.51030 -46.60907
 31.52578 -46.60649
 31.54162 -46.59915
 31.55262 -46.58851
 31.57562 -46.55636
 31.58983 -46.53993
 31.63262 -46.50882
 31.63822 -46.50283
 31.65355 -46.47182
 31.69122 -46.43265
 31.74181 -46.40960
 31.75530 -46.41301
 31.77881 -46.41436
 31.88790 -46.33705
 31.93542 -46.31090
 31.95221 -46.32061
 31.96069 -46.33725
 31.96433 -46.35369
 31.97275 -46.35203
 31.98647 -46.33974
 32.00544 -46.31741
 32.00942 -46.44216
 32.00533 -46.48205
 31.98955 -46.51802
 31.98141 -46.55574
 31.98358 -46.57683
 32.13372 -46.60370
 32.15225 -46.59171
 32.17716 -46.57218
 32.22191 -46.45022
 32.23452 -46.43172
 32.24950 -46.42862
 32.26754 -46.43420
 32.36986 -46.47626
 32.37849 -46.47771
 32.38650 -46.47378
 32.39249 -46.46913
 32.40381 -46.45280
 32.41161 -46.44402
 32.42048 -46.44505
 32.43190 -46.45125
 32.45032 -46.46510
 32.45657 -46.46820
 32.47096 -46.47151
 32.48112 -46.47492
 32.49187 -46.47616
 32.55274 -46.47492
 32.60062 -46.48112
 32.76697 -46.54613
 32.77658 -46.55357
 32.78973 -46.57579
 32.79955 -46.58509
 32.82252 -46.60060
8 234 30.551 35.1589 -44.2873 -38.7745 'Al-Anbar (Iraq)'
 31.99448 -40.02880
 32.00611 -39.94860
 32.03489 -39.75099
 32.06373 -39.55328
 32.09256 -39.35556
 32.12135 -39.15774
 32.12057 -39.15495
 32.11975 -39.15216
 32.11892 -39.14927
 32.11814 -39.14637
 32.12584 -39.14617
 32.21287 -39.26647
 32.24452 -39.29200
 32.31196 -39.27112
 32.34268 -39.25634
 32.35286 -39.23578
 32.30849 -39.04633
 32.31335 -39.03620
 32.32834 -39.02876
 32.47210 -38.97998
 32.47373 -38.97863
 32.47497 -38.97822
 32.47569 -38.97863
 32.47605 -38.97998
 32.49660 -39.05718
 32.70558 -38.99000
 32.85234 -38.94277
 32.99434 -38.89719
 33.10072 -38.86257
 33.22903 -38.82102
 33.37169 -38.77451
 33.42711 -38.88510
 33.48248 -38.99569
 33.53793 -39.10627
 33.59333 -39.21686
 33.64872 -39.32745
 33.70409 -39.43804
 33.75949 -39.54862
 33.81481 -39.65921
 33.87023 -39.76970
 33.92560 -39.88039
 33.98098 -39.99087
 34.03637 -40.10146
 34.07228 -40.17311
 34.09180 -40.21205
 34.14717 -40.32263
 34.20254 -40.43322
 34.25799 -40.54381
 34.33150 -40.69047
 34.38607 -40.93603
 34.40185 -40.96528
 34.42852 -40.98802
 34.49417 -41.02399
 34.49433 -41.02399
 34.76847 -41.19566
 34.79312 -41.20423
 34.81932 -41.20651
 34.99404 -41.19803
 35.15890 -41.19233
 35.15840 -41.21374
 35.14850 -41.34221
 35.10866 -41.51119
 35.09985 -41.57837
 35.00678 -41.85215
 34.96427 -41.98424
 34.96084 -42.04935
 34.97593 -42.18991
 34.97278 -42.20800
 34.95918 -42.24303
 34.94844 -42.27332
 34.97272 -42.49129
 34.95867 -42.49842
 34.74008 -42.49987
 34.59530 -42.53976
 34.46345 -42.73386
 34.44304 -42.77727
 34.43940 -42.80920
 34.49588 -42.92878
 34.41028 -42.94769
 34.34811 -42.95235
 34.31824 -42.96020
 34.28765 -42.98573
 34.23419 -43.00092
 34.18140 -43.01084
 34.07559 -43.06324
 33.99950 -43.13187
 33.86535 -43.29217
 33.76533 -43.42963
 33.74884 -43.48255
 33.73383 -43.58993
 33.69267 -43.71282
 33.66758 -43.80346
 33.67107 -43.97120
 33.66350 -44.00148
 33.63699 -44.03631
 33.62273 -44.05192
 33.59415 -44.07031
 33.52868 -44.10163
 33.49705 -44.12354
 33.48785 -44.13346
 33.46599 -44.09998
 33.45674 -44.13718
 33.43703 -44.17108
 33.43333 -44.24477
 33.37789 -44.27485
 33.37857 -44.27785
 33.37414 -44.27919
 33.36902 -44.27929
 33.34954 -44.26978
 33.32107 -44.23816
 33.30143 -44.22627
 33.28218 -44.22224
 33.26117 -44.22245
 33.24084 -44.22720
 33.22361 -44.23712
 33.21389 -44.24880
 33.19978 -44.27557
 33.18916 -44.28725
 33.15397 -44.25738
 33.13891 -44.23919
 33.13384 -44.21811
 33.13950 -44.19620
 33.17123 -44.13222
 33.17754 -44.10731
 33.18038 -44.08323
 33.18089 -43.98815
 33.20056 -43.89957
 33.20557 -43.85420
 33.20170 -43.82035
 33.18061 -43.82537
 33.16658 -43.83870
 33.15627 -43.88800
 33.11508 -43.98525
 33.08940 -44.01574
 33.03005 -44.03972
 32.95515 -44.05750
 32.92822 -44.06990
 32.90192 -44.09729
 32.87631 -44.14090
 32.78115 -44.12964
 32.82580 -43.95818
 32.82572 -43.84366
 32.81681 -43.75901
 32.78415 -43.67974
 32.64465 -43.49267
 32.62964 -43.46560
 32.62700 -43.45464
 32.62447 -43.43335
 32.60984 -43.31088
 32.59478 -43.26395
 32.57098 -43.21073
 32.54070 -43.21765
 32.51013 -43.24184
 32.30823 -43.47738
 32.20344 -43.64233
 32.16845 -43.69059
 32.08342 -43.79581
 32.06370 -43.79477
 32.03376 -43.78950
 32.01564 -43.77183
 32.00172 -43.75467
 31.95782 -43.66166
 31.94032 -43.63613
 31.93324 -43.62280
 31.92821 -43.60667
 31.91971 -43.54290
 31.91544 -43.53112
 31.89873 -43.50136
 31.89715 -43.49360
 31.89557 -43.47273
 31.88904 -43.45650
 31.87700 -43.43800
 31.85030 -43.40916
 31.65352 -43.25352
 31.63153 -43.23925
 31.59960 -43.23801
 31.57159 -43.23243
 31.53461 -43.21765
 31.33987 -43.11151
 31.31566 -43.10221
 31.29840 -43.09942
 31.28525 -43.09942
 31.27667 -43.10128
 31.26954 -43.10500
 31.25473 -43.10582
 31.23331 -43.10159
 31.14425 -43.06221
 31.13174 -43.05890
 31.08278 -43.05208
 31.06177 -43.04547
 31.04803 -43.03813
 30.97963 -42.98180
 30.92902 -42.94749
 30.91400 -42.93994
 30.90416 -42.93653
 30.81595 -42.92423
 30.78091 -42.91152
 30.71918 -42.88175
 30.61488 -42.81685
 30.56121 -42.79091
 30.55105 -42.78341
 30.56563 -42.76393
 30.63668 -42.66916
 30.70764 -42.57449
 30.77864 -42.47971
 30.84158 -42.39517
 30.90452 -42.31073
 30.96746 -42.22629
 31.03041 -42.14164
 31.07986 -42.07540
 31.12528 -41.98620
 31.16998 -41.89856
 31.21468 -41.81071
 31.25939 -41.72307
 31.30403 -41.63542
 31.34873 -41.54757
 31.39343 -41.45983
 31.43813 -41.37218
 31.48283 -41.28454
 31.52759 -41.19669
 31.57229 -41.10905
 31.61693 -41.02130
 31.66163 -40.93355
 31.70633 -40.84591
 31.75109 -40.75816
 31.79568 -40.67031
 31.84043 -40.58267
 31.89283 -40.47983
 31.92053 -40.42413
 31.93847 -40.37028
 31.99438 -40.02932
 31.99443 -40.02911
 31.99448 -40.02901
 31.99448 -40.02880
9 142 29.814 32.3437 -44.7269 -42.7834 'An-Najaf (Iraq)'
 29.81398 -43.82401
 29.84821 -43.77550
 29.92903 -43.66098
 30.00980 -43.54636
 30.09057 -43.43175
 30.17134 -43.31723
 30.23350 -43.22907
 30.29567 -43.14096
 30.35779 -43.05291
 30.42000 -42.96475
 30.49452 -42.85902
 30.49457 -42.85891
 30.49463 -42.85881
 30.49468 -42.85871
 30.55105 -42.78341
 30.56121 -42.79091
 30.61488 -42.81685
 30.71918 -42.88175
 30.78091 -42.91152
 30.81595 -42.92423
 30.90416 -42.93653
 30.91400 -42.93994
 30.92902 -42.94749
 30.97963 -42.98180
 31.04803 -43.03813
 31.06177 -43.04547
 31.08278 -43.05208
 31.13174 -43.05890
 31.14425 -43.06221
 31.23331 -43.10159
 31.25473 -43.10582
 31.26954 -43.10500
 31.27667 -43.10128
 31.28525 -43.09942
 31.29840 -43.09942
 31.31566 -43.10221
 31.33987 -43.11151
 31.53461 -43.21765
 31.57159 -43.23243
 31.59960 -43.23801
 31.63153 -43.23925
 31.65352 -43.25352
 31.85030 -43.40916
 31.87700 -43.43800
 31.88904 -43.45650
 31.89557 -43.47273
 31.89715 -43.49360
 31.89873 -43.50136
 31.91544 -43.53112
 31.91971 -43.54290
 31.92821 -43.60667
 31.93324 -43.62280
 31.94032 -43.63613
 31.95782 -43.66166
 32.00172 -43.75467
 32.01564 -43.77183
 32.03376 -43.78950
 32.06370 -43.79477
 32.08342 -43.79581
 32.16845 -43.69059
 32.28193 -44.15672
 32.30661 -44.25004
 32.30924 -44.27609
 32.30028 -44.28808
 32.29596 -44.29645
 32.30139 -44.30120
 32.31252 -44.30575
 32.31862 -44.30740
 32.34371 -44.31950
 32.29581 -44.33366
 32.28622 -44.34048
 32.28092 -44.34668
 32.26382 -44.34265
 32.25224 -44.31846
 32.24217 -44.31113
 32.23126 -44.31268
 32.21269 -44.32063
 32.18695 -44.33955
 32.18049 -44.34606
 32.17078 -44.35350
 32.16225 -44.35846
 32.14499 -44.37365
 32.17388 -44.40921
 32.18592 -44.42998
 32.18568 -44.43453
 32.18708 -44.44280
 32.18638 -44.45055
 32.21630 -44.49974
 32.20403 -44.52703
 32.18801 -44.54935
 32.17354 -44.57912
 32.15946 -44.62987
 32.11923 -44.61519
 32.11520 -44.61188
 32.11104 -44.60764
 32.11088 -44.60289
 32.10980 -44.59669
 32.10440 -44.58656
 32.09918 -44.58398
 32.09308 -44.58408
 32.08644 -44.58780
 32.08021 -44.59245
 32.07520 -44.59855
 32.06921 -44.60733
 32.06267 -44.61333
 32.05820 -44.61312
 32.05510 -44.60785
 32.04580 -44.57902
 32.02507 -44.54253
 32.01841 -44.52300
 32.00830 -44.51494
 31.98409 -44.50657
 31.95273 -44.49954
 31.81108 -44.53302
 31.77858 -44.52899
 31.71553 -44.52837
 31.64078 -44.54171
 31.61699 -44.52217
 31.62559 -44.50502
 31.63458 -44.47763
 31.63019 -44.45644
 31.60872 -44.43422
 31.58531 -44.42926
 31.55141 -44.45086
 31.48562 -44.51597
 31.47529 -44.53457
 31.40746 -44.72691
 31.05493 -44.65126
 31.00694 -44.62707
 30.93434 -44.57943
 30.89801 -44.53302
 30.85863 -44.49406
 30.79308 -44.44538
 30.78897 -44.43856
 30.76714 -44.37820
 30.73606 -44.32870
 30.72241 -44.31299
 30.67624 -44.27195
 30.61529 -44.23640
 30.16697 -44.05636
 29.83330 -43.83684
 29.81398 -43.82401
10 513 34.9484 37.062 -44.3027 -41.1915 'Ninawa (Iraq)'
 35.99429 -41.26625
 36.04302 -41.24061
 36.06033 -41.23669
 36.07702 -41.23658
 36.32796 -41.26883
 36.35478 -41.27699
 36.49390 -41.36526
 36.49400 -41.36526
 36.49405 -41.36536
 36.49416 -41.36536
 36.51638 -41.38541
 36.52738 -41.41487
 36.53612 -41.47977
 36.58929 -41.78993
 36.59973 -41.81732
 36.61787 -41.84378
 36.73362 -41.97855
 36.90532 -42.17844
 36.99397 -42.28158
 36.99397 -42.28189
 36.99413 -42.28189
 37.04291 -42.34587
 37.06200 -42.37681
 37.04071 -42.38380
 37.01704 -42.39755
 36.99555 -42.41460
 36.96550 -42.45263
 36.95482 -42.47062
 36.95513 -42.48808
 36.97307 -42.50762
 36.95787 -42.50793
 36.93782 -42.50328
 36.92173 -42.50400
 36.91844 -42.52064
 36.89653 -42.51320
 36.88728 -42.51547
 36.87984 -42.52395
 36.86320 -42.53490
 36.86181 -42.50865
 36.85132 -42.50400
 36.84336 -42.51485
 36.84953 -42.53490
 36.83659 -42.56601
 36.82654 -42.58286
 36.79602 -42.59650
 36.78933 -42.61252
 36.78871 -42.65469
 36.79073 -42.65955
 36.79522 -42.66389
 36.79974 -42.66936
 36.80176 -42.67825
 36.79959 -42.69035
 36.79429 -42.69923
 36.76675 -42.72962
 36.75396 -42.74719
 36.75024 -42.75659
 36.74957 -42.76466
 36.74763 -42.77251
 36.74029 -42.78130
 36.73337 -42.75887
 36.72742 -42.74967
 36.71980 -42.74719
 36.71151 -42.75401
 36.71215 -42.76445
 36.72631 -42.79969
 36.72582 -42.80796
 36.71980 -42.82233
 36.71458 -42.82977
 36.70810 -42.83483
 36.69252 -42.84341
 36.70466 -42.85168
 36.71042 -42.86119
 36.71228 -42.87276
 36.71236 -42.88744
 36.71011 -42.89953
 36.74688 -42.98149
 36.76132 -43.11234
 36.76411 -43.15254
 36.77799 -43.18582
 36.78646 -43.20091
 36.80225 -43.20535
 36.82013 -43.21445
 36.84271 -43.22323
 36.88160 -43.25259
 36.91147 -43.28328
 36.92149 -43.29062
 36.93023 -43.30467
 36.93457 -43.32069
 36.93100 -43.35873
 36.92449 -43.37402
 36.91441 -43.38963
 36.90292 -43.40307
 36.88550 -43.43325
 36.87227 -43.45102
 36.85979 -43.48296
 36.82848 -43.62796
 36.82623 -43.64223
 36.82651 -43.64884
 36.83106 -43.65163
 36.83592 -43.65256
 36.84163 -43.65256
 36.84669 -43.65432
 36.85033 -43.65762
 36.85349 -43.66486
 36.85468 -43.67406
 36.85013 -43.69111
 36.84827 -43.69463
 36.84842 -43.69835
 36.85124 -43.70165
 36.86245 -43.70610
 36.86871 -43.70723
 36.87390 -43.70754
 36.87754 -43.70672
 36.88036 -43.70579
 36.88537 -43.70548
 36.88783 -43.70486
 36.89028 -43.70475
 36.89343 -43.70475
 36.89690 -43.70424
 36.90284 -43.70227
 36.90511 -43.70300
 36.90687 -43.70847
 36.90930 -43.71302
 36.91351 -43.71778
 36.92733 -43.72615
 36.93219 -43.72790
 36.93679 -43.72821
 36.94175 -43.72739
 36.94676 -43.72615
 36.95134 -43.72367
 36.95441 -43.72046
 36.95638 -43.71499
 36.95738 -43.70878
 36.96175 -43.69183
 36.96537 -43.68346
 36.96661 -43.67571
 36.96707 -43.66176
 36.96836 -43.65576
 36.97048 -43.65070
 36.97643 -43.64047
 36.97963 -43.63788
 36.98250 -43.63664
 36.98526 -43.63613
 36.98999 -43.63334
 36.99299 -43.63292
 36.99648 -43.63272
 37.00030 -43.63334
 37.00774 -43.63582
 37.01570 -43.63943
 37.02399 -43.64078
 37.02753 -43.64068
 37.03032 -43.64161
 37.03854 -43.64636
 37.04203 -43.64936
 37.04575 -43.65370
 37.04776 -43.65731
 37.04862 -43.66052
 37.04838 -43.66476
 37.04722 -43.66951
 37.03939 -43.68718
 37.03676 -43.69866
 37.02676 -43.76873
 37.01790 -43.79663
 37.01185 -43.82816
 36.98418 -43.89172
 36.98009 -43.91466
 36.98118 -43.92045
 36.97997 -43.92603
 36.97666 -43.93130
 36.95932 -43.95352
 36.94930 -43.97378
 36.94036 -43.98773
 36.93503 -44.00055
 36.93116 -44.00654
 36.92503 -44.01171
 36.92015 -44.01295
 36.91521 -44.01574
 36.90886 -44.02039
 36.90604 -44.01977
 36.90447 -44.01729
 36.90377 -44.01326
 36.90237 -44.01057
 36.90046 -44.01047
 36.89857 -44.01275
 36.89912 -44.02908
 36.89989 -44.03280
 36.89886 -44.03714
 36.89607 -44.04117
 36.88814 -44.04758
 36.88349 -44.04799
 36.87933 -44.04706
 36.87664 -44.04561
 36.87382 -44.04654
 36.86325 -44.05481
 36.86134 -44.05853
 36.86207 -44.06618
 36.86307 -44.07062
 36.86320 -44.07496
 36.86160 -44.08416
 36.85933 -44.11413
 36.85809 -44.11755
 36.85550 -44.12230
 36.85033 -44.12571
 36.84615 -44.13036
 36.84209 -44.13749
 36.80884 -44.23175
 36.79819 -44.24860
 36.79414 -44.25697
 36.78987 -44.26245
 36.78589 -44.26431
 36.77737 -44.26524
 36.77282 -44.26617
 36.76414 -44.27661
 36.75675 -44.27971
 36.74548 -44.28570
 36.74450 -44.28839
 36.74517 -44.29066
 36.74714 -44.29314
 36.74802 -44.29552
 36.74776 -44.29779
 36.74610 -44.29996
 36.74311 -44.30182
 36.73944 -44.30265
 36.73463 -44.30213
 36.72585 -44.29707
 36.68750 -44.26131
 36.66722 -44.23309
 36.64727 -44.21728
 36.64257 -44.20023
 36.63825 -44.19258
 36.61841 -44.16529
 36.60983 -44.14803
 36.60084 -44.13532
 36.59932 -44.12499
 36.60079 -44.12106
 36.60374 -44.11982
 36.60647 -44.12013
 36.60839 -44.11848
 36.61022 -44.11486
 36.61149 -44.10928
 36.61174 -44.10421
 36.61040 -44.09884
 36.60663 -44.08881
 36.60634 -44.08520
 36.60668 -44.08137
 36.60557 -44.07796
 36.60306 -44.07527
 36.59769 -44.07372
 36.59381 -44.07341
 36.59035 -44.07186
 36.58911 -44.06876
 36.59079 -44.06215
 36.59374 -44.05905
 36.59733 -44.05812
 36.60123 -44.05905
 36.60495 -44.06101
 36.60828 -44.06225
 36.61071 -44.06163
 36.61180 -44.05946
 36.61190 -44.05502
 36.61133 -44.05037
 36.60976 -44.04489
 36.60926 -44.04024
 36.61009 -44.03538
 36.61200 -44.03135
 36.61464 -44.02825
 36.61743 -44.02690
 36.62084 -44.02577
 36.62360 -44.02391
 36.62391 -44.02194
 36.62213 -44.01957
 36.61702 -44.01926
 36.61340 -44.02050
 36.60870 -44.02411
 36.60634 -44.02298
 36.60585 -44.01822
 36.60678 -44.01512
 36.60854 -44.01244
 36.60632 -44.00706
 36.60076 -43.99869
 36.57743 -43.97337
 36.56883 -43.96934
 36.56480 -43.96655
 36.56015 -43.96262
 36.55358 -43.95270
 36.54627 -43.94577
 36.53769 -43.93172
 36.53609 -43.92552
 36.53723 -43.92045
 36.54074 -43.91776
 36.54345 -43.91466
 36.54565 -43.91146
 36.54524 -43.90846
 36.54252 -43.90588
 36.53526 -43.90464
 36.52312 -43.90557
 36.51687 -43.90350
 36.51129 -43.89885
 36.50862 -43.88986
 36.50844 -43.88355
 36.51098 -43.85834
 36.50891 -43.85420
 36.50467 -43.85182
 36.49496 -43.85245
 36.49059 -43.85451
 36.48728 -43.85679
 36.48374 -43.85823
 36.48000 -43.85865
 36.47566 -43.85865
 36.47033 -43.85741
 36.46553 -43.85400
 36.45966 -43.84459
 36.45610 -43.83663
 36.45403 -43.82940
 36.45408 -43.82216
 36.45568 -43.81100
 36.45542 -43.80749
 36.45289 -43.80470
 36.44912 -43.80408
 36.43997 -43.80842
 36.43085 -43.80997
 36.41615 -43.81100
 36.39620 -43.80377
 36.37277 -43.78671
 36.33207 -43.74475
 36.31998 -43.72863
 36.31037 -43.71013
 36.30742 -43.70227
 36.29375 -43.68811
 36.28572 -43.66548
 36.27988 -43.65762
 36.27115 -43.64967
 36.25484 -43.63799
 36.24500 -43.62900
 36.22182 -43.59747
 36.21531 -43.59220
 36.20366 -43.58683
 36.18407 -43.57536
 36.17244 -43.55593
 36.17146 -43.54755
 36.16836 -43.54404
 36.15945 -43.53898
 36.15229 -43.53670
 36.14578 -43.53401
 36.11353 -43.51262
 36.10513 -43.51045
 36.09844 -43.51014
 36.07870 -43.51169
 36.07387 -43.51045
 36.06873 -43.50756
 36.05157 -43.49340
 36.04330 -43.48255
 35.99912 -43.35294
 35.98884 -43.34478
 35.96367 -43.35098
 35.95481 -43.36162
 35.95308 -43.37795
 35.95295 -43.39087
 35.94582 -43.39428
 35.92724 -43.39439
 35.85789 -43.38539
 35.83781 -43.37454
 35.83192 -43.36720
 35.83055 -43.35935
 35.83060 -43.35222
 35.82781 -43.34664
 35.82130 -43.34137
 35.78087 -43.31976
 35.76911 -43.31584
 35.76063 -43.31666
 35.75495 -43.31790
 35.72345 -43.33434
 35.71611 -43.32462
 35.70870 -43.32255
 35.69423 -43.31873
 35.68979 -43.30871
 35.68888 -43.29537
 35.68513 -43.28101
 35.67754 -43.27336
 35.65558 -43.25837
 35.64669 -43.24432
 35.64198 -43.22468
 35.63103 -43.20556
 35.60871 -43.14003
 35.54111 -43.01921
 35.54000 -43.00195
 35.53791 -42.99389
 35.53290 -42.98397
 35.51677 -42.96072
 35.51011 -42.94831
 35.49962 -42.91989
 35.49938 -42.91648
 35.49962 -42.91400
 35.49931 -42.91224
 35.49830 -42.91059
 35.49770 -42.90842
 35.49807 -42.90532
 35.49796 -42.90170
 35.49830 -42.89788
 35.49708 -42.89509
 35.49419 -42.89199
 35.49016 -42.88889
 35.48445 -42.88548
 35.48228 -42.88207
 35.48057 -42.88020
 35.47918 -42.87969
 35.46765 -42.88858
 35.44838 -42.89850
 35.44151 -42.90067
 35.43543 -42.89891
 35.42673 -42.89354
 35.42143 -42.88930
 35.41869 -42.88775
 35.40536 -42.88486
 35.39869 -42.88548
 35.39110 -42.88765
 35.38438 -42.89261
 35.37130 -42.89292
 35.36503 -42.89519
 35.33598 -42.92248
 35.32986 -42.93033
 35.31989 -42.94594
 35.31482 -42.95048
 35.30774 -42.95545
 35.30030 -42.95607
 35.29255 -42.95731
 35.26666 -42.96888
 35.26441 -42.97105
 35.26348 -42.97353
 35.26392 -42.97570
 35.26480 -42.97756
 35.26449 -42.97932
 35.26224 -42.97994
 35.25705 -42.97942
 35.24940 -42.97539
 35.24315 -42.97343
 35.23643 -42.97405
 35.21984 -42.97064
 35.21263 -42.97033
 35.21007 -42.97136
 35.20852 -42.97250
 35.20826 -42.97415
 35.20868 -42.97632
 35.20857 -42.97880
 35.20728 -42.98397
 35.19994 -42.98707
 35.18821 -42.99513
 35.18240 -42.99627
 35.18039 -42.99761
 35.17933 -43.00040
 35.17883 -43.00340
 35.17778 -43.00464
 35.17416 -43.00464
 35.17261 -43.00588
 35.17204 -43.00785
 35.17219 -43.01115
 35.17064 -43.01177
 35.16832 -43.01146
 35.16584 -43.00940
 35.16418 -43.00960
 35.16320 -43.01157
 35.16282 -43.01518
 35.16279 -43.01932
 35.16217 -43.02242
 35.16196 -43.02490
 35.16222 -43.02862
 35.16103 -43.03007
 35.15173 -43.03255
 35.14899 -43.03389
 35.14651 -43.03441
 35.14036 -43.03658
 35.13651 -43.03751
 35.13178 -43.03596
 35.12088 -43.03110
 35.11855 -43.03131
 35.11367 -43.03513
 35.10899 -43.03730
 35.10261 -43.03565
 35.09685 -43.02490
 35.09277 -42.98769
 35.09091 -42.63123
 35.07008 -42.51640
 34.97272 -42.49129
 34.94844 -42.27332
 34.95918 -42.24303
 34.97278 -42.20800
 34.97593 -42.18991
 34.96084 -42.04935
 34.96427 -41.98424
 35.00678 -41.85215
 35.09985 -41.57837
 35.10866 -41.51119
 35.14850 -41.34221
 35.15840 -41.21374
 35.15890 -41.19233
 35.18214 -41.19152
 35.24302 -41.20134
 35.36652 -41.24309
 35.46409 -41.25188
 35.49417 -41.26108
 35.49417 -41.26118
 35.49417 -41.26128
 35.49432 -41.26128
 35.55225 -41.30846
 35.59369 -41.34221
 35.62392 -41.35802
 35.65524 -41.36350
 35.79275 -41.35926
 35.82557 -41.35451
 35.85766 -41.34366
 35.99424 -41.26635
 35.99434 -41.26635
 35.99429 -41.26625
11 503 33.4333 35.7235 -44.9674 -42.4913 'Sala ad-Din (Iraq)'
 35.12907 -44.56207
 35.04202 -44.66294
 35.03567 -44.67937
 35.03060 -44.70190
 35.03567 -44.71906
 35.03184 -44.82851
 35.02626 -44.86592
 34.97673 -44.95191
 34.96477 -44.96401
 34.96042 -44.96649
 34.95660 -44.96742
 34.95205 -44.96680
 34.93862 -44.96349
 34.86748 -44.96597
 34.83170 -44.91863
 34.81775 -44.88577
 34.80937 -44.85972
 34.80173 -44.84804
 34.79387 -44.84153
 34.78726 -44.84091
 34.78085 -44.84205
 34.77253 -44.84277
 34.76150 -44.83864
 34.74300 -44.82520
 34.72664 -44.80588
 34.71703 -44.79161
 34.71269 -44.77931
 34.70579 -44.75110
 34.69620 -44.73063
 34.68897 -44.72102
 34.68248 -44.71627
 34.67662 -44.71627
 34.67047 -44.71834
 34.66411 -44.72257
 34.65819 -44.72733
 34.64644 -44.73063
 34.63176 -44.72908
 34.60419 -44.71337
 34.58996 -44.70077
 34.57859 -44.68650
 34.56934 -44.67007
 34.55724 -44.65302
 34.54639 -44.64196
 34.53637 -44.63545
 34.52438 -44.63038
 34.52404 -44.62738
 34.52673 -44.62211
 34.55399 -44.58563
 34.55988 -44.57478
 34.56334 -44.56599
 34.56634 -44.55059
 34.57321 -44.53075
 34.57735 -44.52186
 34.57554 -44.51773
 34.56296 -44.50605
 34.55750 -44.50388
 34.55363 -44.50295
 34.54427 -44.50233
 34.51187 -44.51752
 34.50629 -44.51711
 34.49875 -44.51463
 34.48976 -44.50264
 34.48712 -44.50140
 34.48609 -44.50264
 34.48614 -44.50533
 34.48479 -44.50905
 34.48159 -44.51277
 34.47368 -44.51721
 34.46991 -44.51618
 34.46728 -44.51277
 34.46477 -44.50315
 34.46446 -44.49923
 34.46366 -44.49458
 34.46097 -44.49065
 34.45418 -44.48600
 34.45046 -44.48527
 34.44888 -44.48600
 34.44976 -44.48786
 34.45141 -44.49034
 34.45208 -44.49282
 34.45043 -44.49613
 34.44810 -44.49561
 34.44534 -44.49344
 34.44074 -44.48879
 34.43785 -44.48879
 34.43601 -44.49086
 34.43539 -44.49468
 34.43601 -44.49799
 34.43891 -44.50357
 34.43924 -44.50667
 34.43738 -44.50967
 34.43467 -44.50905
 34.43126 -44.50719
 34.42196 -44.50377
 34.41873 -44.50140
 34.41286 -44.49468
 34.40924 -44.49582
 34.40433 -44.49819
 34.39441 -44.50160
 34.38635 -44.50109
 34.36770 -44.49437
 34.34987 -44.48445
 34.33979 -44.47670
 34.33545 -44.47670
 34.32971 -44.47949
 34.32300 -44.48507
 34.31431 -44.49427
 34.30917 -44.50191
 34.30592 -44.50905
 34.29393 -44.52062
 34.28646 -44.50698
 34.26662 -44.50967
 34.26269 -44.50884
 34.26018 -44.50533
 34.25871 -44.50036
 34.25458 -44.49282
 34.24905 -44.49096
 34.23075 -44.49117
 34.22662 -44.48910
 34.22569 -44.48631
 34.22770 -44.48321
 34.23295 -44.47763
 34.23341 -44.47453
 34.23148 -44.47039
 34.22889 -44.46646
 34.22719 -44.46305
 34.22670 -44.45954
 34.22626 -44.44807
 34.22362 -44.43918
 34.22140 -44.43525
 34.19590 -44.41448
 34.18864 -44.41045
 34.18050 -44.40797
 34.17753 -44.40580
 34.17598 -44.40270
 34.17623 -44.39949
 34.17732 -44.39763
 34.17879 -44.39732
 34.18352 -44.39980
 34.18639 -44.39949
 34.18859 -44.39763
 34.18776 -44.39174
 34.18422 -44.38833
 34.17864 -44.38430
 34.17226 -44.38141
 34.16915 -44.37727
 34.16776 -44.37293
 34.16828 -44.36084
 34.16657 -44.35164
 34.16448 -44.34813
 34.16202 -44.34823
 34.15941 -44.35040
 34.15574 -44.35247
 34.13200 -44.35340
 34.12926 -44.35216
 34.12805 -44.34999
 34.12774 -44.33820
 34.12611 -44.32994
 34.12324 -44.32590
 34.11970 -44.32404
 34.11593 -44.32528
 34.10523 -44.33262
 34.10174 -44.33397
 34.09758 -44.33386
 34.09123 -44.33149
 34.08797 -44.32756
 34.07559 -44.30616
 34.07231 -44.30451
 34.06544 -44.30978
 34.06051 -44.31113
 34.04402 -44.30389
 34.03157 -44.30120
 34.01826 -44.29004
 34.01343 -44.28942
 34.00513 -44.28963
 34.00255 -44.29273
 34.00170 -44.29748
 34.00240 -44.30461
 34.00433 -44.31268
 34.00702 -44.34006
 34.00369 -44.36673
 34.00152 -44.37283
 33.99831 -44.38182
 33.96348 -44.42812
 33.95100 -44.44001
 33.93542 -44.44776
 33.91628 -44.45096
 33.89760 -44.45003
 33.88013 -44.44414
 33.83548 -44.40993
 33.79269 -44.39133
 33.78360 -44.38936
 33.77445 -44.38926
 33.76541 -44.39174
 33.75696 -44.39691
 33.74980 -44.40363
 33.73306 -44.42347
 33.72898 -44.42595
 33.72461 -44.42585
 33.70603 -44.41189
 33.69869 -44.40786
 33.64461 -44.39308
 33.62159 -44.40456
 33.59679 -44.40146
 33.57090 -44.39308
 33.54157 -44.35381
 33.53090 -44.33634
 33.51276 -44.31299
 33.49783 -44.29810
 33.43333 -44.24477
 33.43703 -44.17108
 33.45674 -44.13718
 33.46599 -44.09998
 33.48785 -44.13346
 33.49705 -44.12354
 33.52868 -44.10163
 33.59415 -44.07031
 33.62273 -44.05192
 33.63699 -44.03631
 33.66350 -44.00148
 33.67107 -43.97120
 33.66758 -43.80346
 33.69267 -43.71282
 33.73383 -43.58993
 33.74884 -43.48255
 33.76533 -43.42963
 33.86535 -43.29217
 33.99950 -43.13187
 34.07559 -43.06324
 34.18140 -43.01084
 34.23419 -43.00092
 34.28765 -42.98573
 34.31824 -42.96020
 34.34811 -42.95235
 34.41028 -42.94769
 34.49588 -42.92878
 34.43940 -42.80920
 34.44304 -42.77727
 34.46345 -42.73386
 34.59530 -42.53976
 34.74008 -42.49987
 34.95867 -42.49842
 34.97272 -42.49129
 35.07008 -42.51640
 35.09091 -42.63123
 35.09277 -42.98769
 35.09685 -43.02490
 35.10261 -43.03565
 35.10899 -43.03730
 35.11367 -43.03513
 35.11855 -43.03131
 35.12088 -43.03110
 35.13178 -43.03596
 35.13651 -43.03751
 35.14036 -43.03658
 35.14651 -43.03441
 35.14899 -43.03389
 35.15173 -43.03255
 35.16103 -43.03007
 35.16222 -43.02862
 35.16196 -43.02490
 35.16217 -43.02242
 35.16279 -43.01932
 35.16282 -43.01518
 35.16320 -43.01157
 35.16418 -43.00960
 35.16584 -43.00940
 35.16832 -43.01146
 35.17064 -43.01177
 35.17219 -43.01115
 35.17204 -43.00785
 35.17261 -43.00588
 35.17416 -43.00464
 35.17778 -43.00464
 35.17883 -43.00340
 35.17933 -43.00040
 35.18039 -42.99761
 35.18240 -42.99627
 35.18821 -42.99513
 35.19994 -42.98707
 35.20728 -42.98397
 35.20857 -42.97880
 35.20868 -42.97632
 35.20826 -42.97415
 35.20852 -42.97250
 35.21007 -42.97136
 35.21263 -42.97033
 35.21984 -42.97064
 35.23643 -42.97405
 35.24315 -42.97343
 35.24940 -42.97539
 35.25705 -42.97942
 35.26224 -42.97994
 35.26449 -42.97932
 35.26480 -42.97756
 35.26392 -42.97570
 35.26348 -42.97353
 35.26441 -42.97105
 35.26666 -42.96888
 35.29255 -42.95731
 35.30030 -42.95607
 35.30774 -42.95545
 35.31482 -42.95048
 35.31989 -42.94594
 35.32986 -42.93033
 35.33598 -42.92248
 35.36503 -42.89519
 35.37130 -42.89292
 35.38438 -42.89261
 35.39110 -42.88765
 35.39869 -42.88548
 35.40536 -42.88486
 35.41869 -42.88775
 35.42143 -42.88930
 35.42673 -42.89354
 35.43543 -42.89891
 35.44151 -42.90067
 35.44838 -42.89850
 35.46765 -42.88858
 35.47918 -42.87969
 35.48057 -42.88020
 35.48228 -42.88207
 35.48445 -42.88548
 35.49016 -42.88889
 35.49419 -42.89199
 35.49708 -42.89509
 35.49830 -42.89788
 35.49796 -42.90170
 35.49807 -42.90532
 35.49770 -42.90842
 35.49830 -42.91059
 35.49931 -42.91224
 35.49962 -42.91400
 35.49938 -42.91648
 35.49962 -42.91989
 35.51011 -42.94831
 35.51677 -42.96072
 35.53290 -42.98397
 35.53791 -42.99389
 35.54000 -43.00195
 35.54111 -43.01921
 35.60871 -43.14003
 35.63103 -43.20556
 35.64198 -43.22468
 35.64669 -43.24432
 35.65558 -43.25837
 35.67754 -43.27336
 35.68513 -43.28101
 35.68888 -43.29537
 35.68979 -43.30871
 35.69423 -43.31873
 35.70870 -43.32255
 35.71611 -43.32462
 35.72345 -43.33434
 35.69609 -43.32783
 35.69172 -43.32566
 35.68578 -43.32162
 35.68203 -43.32287
 35.67873 -43.32555
 35.67449 -43.33020
 35.66844 -43.33496
 35.65886 -43.33992
 35.64635 -43.34395
 35.63852 -43.34199
 35.63201 -43.33919
 35.62806 -43.34023
 35.62540 -43.34292
 35.62385 -43.34757
 35.62317 -43.35222
 35.62069 -43.35759
 35.61527 -43.36379
 35.60343 -43.37154
 35.58824 -43.37506
 35.51044 -43.37940
 35.50140 -43.37888
 35.49497 -43.37764
 35.48163 -43.37340
 35.46939 -43.37237
 35.46404 -43.37123
 35.46091 -43.36865
 35.46008 -43.36627
 35.45822 -43.35821
 35.44996 -43.33992
 35.42748 -43.32338
 35.42675 -43.31449
 35.42877 -43.30840
 35.43603 -43.30281
 35.44065 -43.30271
 35.44507 -43.30178
 35.45050 -43.29785
 35.45331 -43.29661
 35.45657 -43.29599
 35.46050 -43.29310
 35.46236 -43.28907
 35.46670 -43.27388
 35.45176 -43.26736
 35.44257 -43.27191
 35.43691 -43.27140
 35.43104 -43.26891
 35.42102 -43.26736
 35.41148 -43.26953
 35.40624 -43.27419
 35.40337 -43.27884
 35.40086 -43.28101
 35.39332 -43.28586
 35.37040 -43.31129
 35.36236 -43.32255
 35.35296 -43.35067
 35.34503 -43.36493
 35.33226 -43.37092
 35.32950 -43.36989
 35.32839 -43.36710
 35.32743 -43.36359
 35.32513 -43.36007
 35.31901 -43.35697
 35.31513 -43.35904
 35.31190 -43.36255
 35.30774 -43.36348
 35.29307 -43.35987
 35.28697 -43.35676
 35.28043 -43.35046
 35.27338 -43.40172
 35.26542 -43.42250
 35.24630 -43.41878
 35.24139 -43.41020
 35.23834 -43.39873
 35.23333 -43.38891
 35.22240 -43.38467
 35.21354 -43.38839
 35.20095 -43.39707
 35.18971 -43.40720
 35.18486 -43.41506
 35.12651 -43.48079
 35.11067 -43.49391
 35.10067 -43.52006
 35.09003 -43.53825
 35.07809 -43.54776
 35.06541 -43.57081
 35.03605 -43.64812
 34.93771 -43.84779
 34.90552 -43.91311
 34.88374 -43.98329
 34.85255 -44.06814
 34.82198 -44.12881
 34.75279 -44.21232
 34.70452 -44.28839
 34.70220 -44.29841
 34.70251 -44.31350
 34.72468 -44.33614
 34.73000 -44.34048
 34.73243 -44.34006
 34.73354 -44.32963
 34.73465 -44.32601
 34.73656 -44.32415
 34.73899 -44.32384
 34.74344 -44.32559
 34.74571 -44.32539
 34.75219 -44.32167
 34.75641 -44.32074
 34.76731 -44.32415
 34.77268 -44.32497
 34.78237 -44.32446
 34.78625 -44.32559
 34.79010 -44.32870
 34.79940 -44.34130
 34.80529 -44.34689
 34.81092 -44.35040
 34.82095 -44.35381
 34.83924 -44.36952
 34.84446 -44.38110
 34.84821 -44.38461
 34.85139 -44.38616
 34.85402 -44.38626
 34.85645 -44.38771
 34.86260 -44.39236
 34.86591 -44.39308
 34.86947 -44.39215
 34.87121 -44.39267
 34.87384 -44.39308
 34.88141 -44.39711
 34.88629 -44.40042
 34.88955 -44.40053
 34.89206 -44.40022
 34.89394 -44.40053
 34.89627 -44.40135
 34.90454 -44.40259
 34.92420 -44.41810
 34.94185 -44.43949
 34.96797 -44.46150
 34.97412 -44.46894
 34.98058 -44.48124
 34.98681 -44.49664
 35.00363 -44.52403
 35.01608 -44.53364
 35.03091 -44.53447
 35.06993 -44.51442
 35.08398 -44.51339
 35.10176 -44.51845
 35.11253 -44.52672
 35.12207 -44.53612
 35.12638 -44.54346
 35.12873 -44.54946
 35.12907 -44.56207
12 268 34.7022 35.9078 -44.8034 -43.2674 'At-Ta'mim (Iraq)'
 35.88569 -44.62728
 35.78699 -44.68247
 35.76441 -44.70790
 35.73901 -44.73074
 35.70542 -44.77714
 35.68560 -44.78541
 35.66886 -44.78634
 35.64408 -44.76939
 35.63354 -44.76536
 35.60798 -44.76319
 35.59630 -44.75916
 35.56036 -44.75606
 35.53160 -44.75244
 35.52179 -44.75492
 35.51176 -44.76174
 35.49217 -44.78303
 35.47063 -44.80226
 35.45921 -44.80339
 35.44523 -44.79823
 35.42841 -44.78800
 35.38797 -44.75151
 35.36841 -44.74397
 35.35360 -44.74686
 35.33673 -44.75306
 35.32182 -44.75699
 35.30635 -44.75275
 35.28516 -44.74190
 35.27172 -44.73911
 35.26557 -44.73632
 35.26113 -44.73280
 35.25927 -44.72536
 35.25508 -44.71616
 35.24816 -44.70407
 35.23555 -44.69384
 35.22645 -44.68991
 35.21790 -44.68929
 35.21049 -44.69084
 35.19669 -44.69766
 35.18834 -44.69487
 35.17989 -44.68433
 35.15979 -44.60640
 35.12907 -44.56207
 35.12873 -44.54946
 35.12638 -44.54346
 35.12207 -44.53612
 35.11253 -44.52672
 35.10176 -44.51845
 35.08398 -44.51339
 35.06993 -44.51442
 35.03091 -44.53447
 35.01608 -44.53364
 35.00363 -44.52403
 34.98681 -44.49664
 34.98058 -44.48124
 34.97412 -44.46894
 34.96797 -44.46150
 34.94185 -44.43949
 34.92420 -44.41810
 34.90454 -44.40259
 34.89627 -44.40135
 34.89394 -44.40053
 34.89206 -44.40022
 34.88955 -44.40053
 34.88629 -44.40042
 34.88141 -44.39711
 34.87384 -44.39308
 34.87121 -44.39267
 34.86947 -44.39215
 34.86591 -44.39308
 34.86260 -44.39236
 34.85645 -44.38771
 34.85402 -44.38626
 34.85139 -44.38616
 34.84821 -44.38461
 34.84446 -44.38110
 34.83924 -44.36952
 34.82095 -44.35381
 34.81092 -44.35040
 34.80529 -44.34689
 34.79940 -44.34130
 34.79010 -44.32870
 34.78625 -44.32559
 34.78237 -44.32446
 34.77268 -44.32497
 34.76731 -44.32415
 34.75641 -44.32074
 34.75219 -44.32167
 34.74571 -44.32539
 34.74344 -44.32559
 34.73899 -44.32384
 34.73656 -44.32415
 34.73465 -44.32601
 34.73354 -44.32963
 34.73243 -44.34006
 34.73000 -44.34048
 34.72468 -44.33614
 34.70251 -44.31350
 34.70220 -44.29841
 34.70452 -44.28839
 34.75279 -44.21232
 34.82198 -44.12881
 34.85255 -44.06814
 34.88374 -43.98329
 34.90552 -43.91311
 34.93771 -43.84779
 35.03605 -43.64812
 35.06541 -43.57081
 35.07809 -43.54776
 35.09003 -43.53825
 35.10067 -43.52006
 35.11067 -43.49391
 35.12651 -43.48079
 35.18486 -43.41506
 35.18971 -43.40720
 35.20095 -43.39707
 35.21354 -43.38839
 35.22240 -43.38467
 35.23333 -43.38891
 35.23834 -43.39873
 35.24139 -43.41020
 35.24630 -43.41878
 35.26542 -43.42250
 35.27338 -43.40172
 35.28043 -43.35046
 35.28697 -43.35676
 35.29307 -43.35987
 35.30774 -43.36348
 35.31190 -43.36255
 35.31513 -43.35904
 35.31901 -43.35697
 35.32513 -43.36007
 35.32743 -43.36359
 35.32839 -43.36710
 35.32950 -43.36989
 35.33226 -43.37092
 35.34503 -43.36493
 35.35296 -43.35067
 35.36236 -43.32255
 35.37040 -43.31129
 35.39332 -43.28586
 35.40086 -43.28101
 35.40337 -43.27884
 35.40624 -43.27419
 35.41148 -43.26953
 35.42102 -43.26736
 35.43104 -43.26891
 35.43691 -43.27140
 35.44257 -43.27191
 35.45176 -43.26736
 35.46670 -43.27388
 35.46236 -43.28907
 35.46050 -43.29310
 35.45657 -43.29599
 35.45331 -43.29661
 35.45050 -43.29785
 35.44507 -43.30178
 35.44065 -43.30271
 35.43603 -43.30281
 35.42877 -43.30840
 35.42675 -43.31449
 35.42748 -43.32338
 35.44996 -43.33992
 35.45822 -43.35821
 35.43476 -43.40327
 35.43107 -43.41289
 35.42634 -43.43387
 35.42603 -43.44451
 35.42763 -43.45464
 35.44215 -43.47448
 35.44608 -43.48988
 35.44771 -43.53267
 35.45032 -43.55221
 35.45763 -43.56802
 35.46949 -43.57670
 35.49845 -43.58838
 35.50928 -43.59809
 35.51434 -43.61163
 35.51388 -43.63396
 35.51618 -43.66734
 35.53220 -43.69979
 35.53372 -43.72108
 35.53737 -43.73194
 35.54809 -43.74186
 35.57796 -43.75209
 35.60284 -43.75767
 35.61454 -43.76449
 35.62979 -43.77968
 35.63958 -43.79260
 35.64870 -43.80108
 35.65987 -43.80170
 35.66901 -43.79767
 35.67806 -43.79147
 35.69831 -43.76945
 35.70289 -43.76304
 35.70929 -43.76232
 35.71790 -43.76852
 35.76001 -43.82971
 35.82368 -43.90185
 35.84577 -43.91187
 35.84812 -43.92727
 35.84128 -43.94991
 35.77986 -44.05543
 35.78105 -44.09284
 35.78425 -44.11413
 35.78900 -44.12344
 35.80384 -44.13222
 35.83564 -44.14679
 35.84293 -44.16984
 35.84564 -44.18658
 35.83691 -44.24147
 35.83350 -44.26338
 35.82564 -44.28229
 35.82461 -44.28808
 35.82507 -44.29624
 35.82714 -44.30606
 35.83347 -44.32043
 35.83768 -44.32621
 35.84394 -44.33107
 35.84409 -44.33490
 35.83898 -44.34720
 35.83758 -44.35309
 35.83546 -44.36890
 35.83378 -44.37334
 35.83314 -44.37644
 35.83360 -44.37944
 35.84223 -44.38461
 35.84435 -44.38802
 35.85089 -44.40673
 35.85365 -44.41231
 35.85717 -44.41665
 35.86016 -44.42192
 35.86089 -44.42936
 35.85918 -44.44187
 35.85923 -44.45055
 35.86941 -44.47194
 35.86381 -44.49396
 35.86099 -44.49664
 35.85970 -44.49954
 35.86024 -44.50408
 35.86427 -44.51277
 35.86564 -44.51876
 35.86347 -44.52610
 35.85990 -44.53023
 35.85220 -44.53664
 35.85027 -44.54047
 35.85086 -44.54408
 35.85551 -44.54594
 35.85892 -44.54532
 35.86213 -44.54408
 35.86549 -44.54315
 35.86869 -44.54377
 35.87094 -44.54760
 35.87171 -44.55152
 35.86613 -44.56207
 35.86551 -44.56610
 35.86985 -44.57106
 35.87443 -44.57509
 35.87952 -44.58098
 35.88512 -44.58935
 35.89003 -44.59297
 35.89763 -44.59669
 35.90094 -44.59958
 35.90352 -44.60423
 35.90783 -44.61498
 35.90734 -44.61829
 35.90378 -44.62139
 35.89417 -44.62139
 35.88569 -44.62728
13 54 33.176 33.4325 -44.5433 -44.2222 'Baghdad (Iraq)'
 33.17601 -44.50481
 33.18309 -44.33882
 33.18914 -44.31319
 33.19082 -44.30038
 33.18916 -44.28725
 33.19978 -44.27557
 33.21389 -44.24880
 33.22361 -44.23712
 33.24084 -44.22720
 33.26117 -44.22245
 33.28218 -44.22224
 33.30143 -44.22627
 33.32107 -44.23816
 33.34954 -44.26978
 33.36902 -44.27929
 33.37414 -44.27919
 33.37857 -44.27785
 33.39044 -44.32983
 33.42563 -44.34296
 33.43251 -44.34978
 33.43163 -44.35557
 33.42915 -44.42719
 33.42749 -44.43711
 33.41837 -44.45706
 33.39075 -44.49437
 33.41088 -44.52579
 33.40812 -44.52920
 33.40357 -44.53333
 33.39225 -44.53478
 33.38318 -44.53726
 33.36915 -44.54264
 33.36626 -44.54326
 33.36476 -44.54264
 33.36243 -44.54202
 33.35039 -44.54109
 33.34068 -44.53602
 33.31102 -44.53736
 33.28081 -44.53850
 33.27340 -44.53612
 33.26676 -44.53302
 33.26427 -44.52827
 33.26451 -44.52465
 33.26727 -44.52434
 33.27037 -44.52682
 33.27942 -44.52682
 33.26342 -44.51990
 33.25505 -44.52217
 33.24802 -44.52610
 33.24376 -44.52651
 33.23988 -44.52527
 33.23363 -44.51907
 33.23107 -44.51597
 33.21924 -44.50636
 33.17601 -44.50481
14 148 32.1187 33.2056 -45.1984 -43.8203 'Babil (Iraq)'
 33.19082 -44.30038
 33.18914 -44.31319
 33.18309 -44.33882
 33.17601 -44.50481
 33.16420 -44.50439
 33.14296 -44.51690
 33.10465 -44.53478
 33.07997 -44.54264
 33.05886 -44.54636
 33.01990 -44.54594
 33.00600 -44.54005
 32.99793 -44.52331
 32.96814 -44.53085
 32.86678 -44.53426
 32.84213 -44.54036
 32.82632 -44.54698
 32.82084 -44.55390
 32.81769 -44.55866
 32.81575 -44.56475
 32.80730 -44.70635
 32.80593 -44.71317
 32.77526 -44.77673
 32.76175 -44.82727
 32.75880 -44.86375
 32.75637 -44.87243
 32.74875 -44.87771
 32.73715 -44.91016
 32.72490 -44.93589
 32.71529 -44.95016
 32.70271 -44.96370
 32.69185 -44.96990
 32.57202 -45.01268
 32.49763 -45.05175
 32.47895 -45.06922
 32.46262 -45.08844
 32.45311 -45.10457
 32.44900 -45.12131
 32.44675 -45.18105
 32.44660 -45.19397
 32.41521 -45.19676
 32.39443 -45.19841
 32.39508 -45.18373
 32.39314 -45.17516
 32.38846 -45.16100
 32.36552 -45.11635
 32.35792 -45.10436
 32.34539 -45.09216
 32.33999 -45.08534
 32.29129 -44.99935
 32.26909 -44.93507
 32.24062 -44.89124
 32.21703 -44.86189
 32.21372 -44.85507
 32.21630 -44.84887
 32.22615 -44.83750
 32.23026 -44.83171
 32.23075 -44.82572
 32.22788 -44.81838
 32.21899 -44.80867
 32.21020 -44.80288
 32.20325 -44.79998
 32.19863 -44.80164
 32.19437 -44.80598
 32.18827 -44.81394
 32.17910 -44.81528
 32.17176 -44.81456
 32.16628 -44.81032
 32.16251 -44.80495
 32.15489 -44.78986
 32.15080 -44.78396
 32.13075 -44.76474
 32.12540 -44.75802
 32.12145 -44.74965
 32.11884 -44.74025
 32.11871 -44.72826
 32.12279 -44.71523
 32.15135 -44.65994
 32.15946 -44.62987
 32.17354 -44.57912
 32.18801 -44.54935
 32.20403 -44.52703
 32.21630 -44.49974
 32.18638 -44.45055
 32.18708 -44.44280
 32.18568 -44.43453
 32.18592 -44.42998
 32.17388 -44.40921
 32.14499 -44.37365
 32.16225 -44.35846
 32.17078 -44.35350
 32.18049 -44.34606
 32.18695 -44.33955
 32.21269 -44.32063
 32.23126 -44.31268
 32.24217 -44.31113
 32.25224 -44.31846
 32.26382 -44.34265
 32.28092 -44.34668
 32.28622 -44.34048
 32.29581 -44.33366
 32.34371 -44.31950
 32.35451 -44.31629
 32.38919 -44.29552
 32.41006 -44.28808
 32.42650 -44.29304
 32.44644 -44.30255
 32.46649 -44.29552
 32.53626 -44.23919
 32.57023 -44.22266
 32.60762 -44.22038
 32.71614 -44.25573
 32.72444 -44.26503
 32.73575 -44.26441
 32.74167 -44.26410
 32.74958 -44.26007
 32.77040 -44.23578
 32.77472 -44.22896
 32.77681 -44.22286
 32.77660 -44.21821
 32.77472 -44.21294
 32.76968 -44.20219
 32.76906 -44.19754
 32.76968 -44.19227
 32.77766 -44.15734
 32.78115 -44.12964
 32.87631 -44.14090
 32.90192 -44.09729
 32.92822 -44.06990
 32.95515 -44.05750
 33.03005 -44.03972
 33.08940 -44.01574
 33.11508 -43.98525
 33.15627 -43.88800
 33.16658 -43.83870
 33.18061 -43.82537
 33.20170 -43.82035
 33.20557 -43.85420
 33.20056 -43.89957
 33.18089 -43.98815
 33.18038 -44.08323
 33.17754 -44.10731
 33.17123 -44.13222
 33.13950 -44.19620
 33.13384 -44.21811
 33.13891 -44.23919
 33.15397 -44.25738
 33.18916 -44.28725
 33.19082 -44.30038
15 126 31.2626 32.3951 -45.7858 -44.4293 'Al-Qdisiyyah (Iraq)'
 32.39508 -45.18373
 32.39443 -45.19841
 32.38779 -45.25629
 32.37187 -45.26269
 32.36278 -45.28781
 32.35562 -45.35840
 32.34069 -45.36987
 32.33508 -45.39189
 32.32681 -45.39550
 32.31738 -45.39385
 32.29046 -45.38062
 32.27630 -45.37814
 32.26129 -45.38351
 32.24651 -45.39850
 32.16682 -45.49793
 32.14600 -45.51622
 32.12719 -45.52852
 32.11484 -45.53813
 32.10600 -45.55405
 32.08621 -45.61709
 32.06892 -45.68603
 32.05680 -45.68913
 32.05145 -45.68179
 32.04688 -45.67807
 32.04060 -45.67859
 31.94779 -45.72572
 31.92319 -45.71900
 31.90888 -45.71745
 31.88826 -45.71838
 31.78390 -45.75827
 31.65153 -45.78576
 31.64388 -45.77750
 31.63768 -45.75579
 31.63719 -45.71311
 31.68672 -45.53606
 31.72760 -45.29205
 31.72964 -45.22011
 31.71458 -45.20988
 31.68148 -45.04803
 31.67920 -45.02488
 31.66926 -45.03625
 31.66473 -45.04586
 31.65908 -45.06364
 31.65561 -45.07046
 31.64670 -45.07666
 31.63512 -45.08131
 31.62512 -45.08803
 31.61637 -45.11015
 31.60140 -45.10860
 31.56546 -45.09320
 31.51327 -45.06209
 31.36669 -44.99935
 31.26264 -44.97827
 31.30000 -44.89724
 31.40746 -44.72691
 31.47529 -44.53457
 31.48562 -44.51597
 31.55141 -44.45086
 31.58531 -44.42926
 31.60872 -44.43422
 31.63019 -44.45644
 31.63458 -44.47763
 31.62559 -44.50502
 31.61699 -44.52217
 31.64078 -44.54171
 31.71553 -44.52837
 31.77858 -44.52899
 31.81108 -44.53302
 31.95273 -44.49954
 31.98409 -44.50657
 32.00830 -44.51494
 32.01841 -44.52300
 32.02507 -44.54253
 32.04580 -44.57902
 32.05510 -44.60785
 32.05820 -44.61312
 32.06267 -44.61333
 32.06921 -44.60733
 32.07520 -44.59855
 32.08021 -44.59245
 32.08644 -44.58780
 32.09308 -44.58408
 32.09918 -44.58398
 32.10440 -44.58656
 32.10980 -44.59669
 32.11088 -44.60289
 32.11104 -44.60764
 32.11520 -44.61188
 32.11923 -44.61519
 32.15946 -44.62987
 32.15135 -44.65994
 32.12279 -44.71523
 32.11871 -44.72826
 32.11884 -44.74025
 32.12145 -44.74965
 32.12540 -44.75802
 32.13075 -44.76474
 32.15080 -44.78396
 32.15489 -44.78986
 32.16251 -44.80495
 32.16628 -44.81032
 32.17176 -44.81456
 32.17910 -44.81528
 32.18827 -44.81394
 32.19437 -44.80598
 32.19863 -44.80164
 32.20325 -44.79998
 32.21020 -44.80288
 32.21899 -44.80867
 32.22788 -44.81838
 32.23075 -44.82572
 32.23026 -44.83171
 32.22615 -44.83750
 32.21630 -44.84887
 32.21372 -44.85507
 32.21703 -44.86189
 32.24062 -44.89124
 32.26909 -44.93507
 32.29129 -44.99935
 32.33999 -45.08534
 32.34539 -45.09216
 32.35792 -45.10436
 32.36552 -45.11635
 32.38846 -45.16100
 32.39314 -45.17516
 32.39508 -45.18373
16 143 30.5073 32.0054 -47.1347 -45.706 'Dhi-Qar (Iraq)'
 31.65153 -45.78576
 31.78390 -45.75827
 31.88826 -45.71838
 31.90888 -45.71745
 31.92319 -45.71900
 31.94779 -45.72572
 31.94234 -45.82597
 31.96417 -45.88726
 31.96410 -45.89263
 31.96087 -45.89728
 31.96110 -45.90121
 31.96301 -45.90514
 31.96720 -45.90958
 31.96828 -45.91227
 31.96735 -45.91485
 31.96482 -45.91754
 31.96169 -45.92250
 31.96257 -45.92725
 31.98466 -45.96188
 31.98691 -45.97015
 31.98624 -45.97893
 31.98381 -45.98823
 31.98125 -46.00373
 31.98143 -46.01097
 31.98342 -46.01541
 31.99102 -46.01913
 31.99497 -46.02430
 32.00464 -46.05758
 32.00544 -46.31741
 31.98647 -46.33974
 31.97275 -46.35203
 31.96433 -46.35369
 31.96069 -46.33725
 31.95221 -46.32061
 31.93542 -46.31090
 31.88790 -46.33705
 31.77881 -46.41436
 31.75530 -46.41301
 31.74181 -46.40960
 31.69122 -46.43265
 31.65355 -46.47182
 31.63822 -46.50283
 31.63262 -46.50882
 31.58983 -46.53993
 31.57562 -46.55636
 31.55262 -46.58851
 31.54162 -46.59915
 31.52578 -46.60649
 31.51030 -46.60907
 31.49012 -46.60535
 31.47779 -46.59998
 31.45963 -46.58954
 31.44663 -46.58830
 31.43733 -46.58892
 31.39604 -46.60504
 31.34855 -46.69403
 31.34046 -46.70622
 31.33075 -46.71759
 31.31602 -46.73031
 31.30589 -46.73630
 31.29700 -46.73950
 31.28809 -46.74054
 31.27703 -46.74012
 31.24145 -46.73568
 31.23091 -46.73558
 31.22135 -46.73682
 31.21306 -46.73899
 31.20592 -46.74260
 31.19812 -46.74953
 31.16815 -46.79283
 31.15665 -46.80668
 31.13911 -46.84585
 31.14048 -46.95096
 31.12981 -47.12615
 31.04686 -47.13473
 30.83882 -47.12212
 30.72570 -47.09669
 30.69720 -47.09049
 30.67485 -47.08904
 30.60183 -47.09452
 30.57379 -47.08842
 30.56894 -47.05814
 30.59074 -46.91944
 30.59129 -46.90115
 30.51408 -46.57466
 30.50726 -46.54158
 30.50775 -46.52825
 30.51641 -46.51523
 30.52938 -46.50448
 30.60276 -46.46314
 30.73350 -46.37136
 30.78231 -46.21065
 30.83763 -45.71982
 30.97731 -45.70598
 30.99919 -45.71176
 31.02888 -45.71590
 31.04730 -45.72137
 31.07294 -45.72613
 31.08645 -45.73378
 31.08792 -45.74897
 31.08177 -45.76912
 31.08340 -45.78142
 31.09368 -45.78845
 31.12441 -45.79434
 31.14192 -45.79558
 31.15208 -45.79228
 31.15461 -45.78628
 31.15779 -45.77822
 31.16595 -45.76633
 31.16962 -45.76251
 31.17637 -45.74318
 31.18706 -45.74081
 31.21923 -45.75207
 31.33561 -45.80953
 31.33762 -45.75445
 31.34186 -45.72644
 31.35586 -45.72386
 31.37429 -45.73491
 31.44824 -45.80375
 31.45979 -45.80716
 31.47301 -45.80592
 31.50358 -45.79910
 31.51495 -45.79383
 31.52154 -45.78814
 31.52270 -45.78235
 31.52448 -45.77708
 31.53027 -45.77367
 31.53924 -45.77336
 31.56084 -45.77967
 31.56864 -45.78463
 31.57236 -45.79031
 31.57053 -45.79589
 31.56771 -45.80116
 31.56097 -45.81119
 31.56009 -45.81553
 31.56143 -45.81946
 31.56632 -45.82163
 31.57363 -45.82256
 31.58694 -45.82111
 31.60094 -45.82173
 31.60572 -45.82297
 31.62040 -45.81739
 31.65153 -45.78576
17 50 32.1685 32.8258 -44.3195 -43.2107 'Karbala' (Iraq)'
 32.78115 -44.12964
 32.77766 -44.15734
 32.76968 -44.19227
 32.76906 -44.19754
 32.76968 -44.20219
 32.77472 -44.21294
 32.77660 -44.21821
 32.77681 -44.22286
 32.77472 -44.22896
 32.77040 -44.23578
 32.74958 -44.26007
 32.74167 -44.26410
 32.73575 -44.26441
 32.72444 -44.26503
 32.71614 -44.25573
 32.60762 -44.22038
 32.57023 -44.22266
 32.53626 -44.23919
 32.46649 -44.29552
 32.44644 -44.30255
 32.42650 -44.29304
 32.41006 -44.28808
 32.38919 -44.29552
 32.35451 -44.31629
 32.34371 -44.31950
 32.31862 -44.30740
 32.31252 -44.30575
 32.30139 -44.30120
 32.29596 -44.29645
 32.30028 -44.28808
 32.30924 -44.27609
 32.30661 -44.25004
 32.28193 -44.15672
 32.16845 -43.69059
 32.20344 -43.64233
 32.30823 -43.47738
 32.51013 -43.24184
 32.54070 -43.21765
 32.57098 -43.21073
 32.59478 -43.26395
 32.60984 -43.31088
 32.62447 -43.43335
 32.62700 -43.45464
 32.62964 -43.46560
 32.64465 -43.49267
 32.78415 -43.67974
 32.81681 -43.75901
 32.82572 -43.84366
 32.82580 -43.95818
 32.78115 -44.12964
