0 16 -20.6718 -17.1491 -179.952 179.872 'Eastern (Fiji)'
 -19.12282 178.58857
 -19.13730 178.58198
 -19.15106 178.56635
 -19.15927 178.54804
 -19.15700 178.53331
 -19.17718 178.53698
 -19.17498 178.55586
 -19.15700 178.59166
 -19.14772 178.60033
 -19.12851 178.59712
 -19.11150 178.58165
 -19.10914 178.55382
 -19.11883 178.55968
 -19.12086 178.56635
 -19.12054 178.57543
 -19.12282 178.58857
1 9 -20.6718 -17.1491 -179.952 179.872 'Eastern (Fiji)'
 -18.96510 178.97216
 -18.94264 178.96906
 -18.92791 178.95788
 -18.92636 178.94359
 -18.94411 178.93122
 -18.97137 178.93098
 -18.98724 178.94445
 -18.98675 178.96154
 -18.96510 178.97216
2 14 -20.6718 -17.1491 -179.952 179.872 'Eastern (Fiji)'
 -18.96583 179.86307
 -18.96510 179.86286
 -18.92344 179.84968
 -18.92734 179.81269
 -18.95534 179.78718
 -18.98642 179.80822
 -18.95224 179.81676
 -18.94883 179.83776
 -18.96315 179.85521
 -18.98260 179.85289
 -19.00213 179.84435
 -19.00595 179.85827
 -18.99375 179.87194
 -18.96583 179.86307
3 15 -20.6718 -17.1491 -179.952 179.872 'Eastern (Fiji)'
 -18.19126 178.76671
 -18.20322 178.74913
 -18.22161 178.74568
 -18.23846 178.75182
 -18.24586 178.76330
 -18.24586 178.79743
 -18.24375 178.80659
 -18.23895 178.81420
 -18.23431 178.82026
 -18.23211 178.82478
 -18.21738 178.84541
 -18.18914 178.82490
 -18.17213 178.78978
 -18.19118 178.76671
 -18.19126 178.76671
4 10 -20.6718 -17.1491 -179.952 179.872 'Eastern (Fiji)'
 -17.95595 179.05029
 -17.96633 179.03183
 -17.98990 179.02797
 -18.00301 179.02787
 -18.00752 179.04622
 -18.00066 179.05912
 -17.98932 179.06934
 -17.96664 179.07870
 -17.95252 179.05951
 -17.95595 179.05029
5 13 -20.6718 -17.1491 -179.952 179.872 'Eastern (Fiji)'
 -17.88275 178.29316
 -17.88877 178.28108
 -17.90130 178.26293
 -17.91758 178.24641
 -17.93426 178.23913
 -17.95257 178.24865
 -17.96168 178.27123
 -17.96331 178.29829
 -17.95843 178.32103
 -17.94573 178.35228
 -17.91432 178.35778
 -17.88600 178.33788
 -17.88275 178.29316
6 31 -20.6718 -17.1491 -179.952 179.872 'Eastern (Fiji)'
 -17.17693 178.96471
 -17.19150 178.93293
 -17.20127 178.91735
 -17.21453 178.91072
 -17.24725 178.92597
 -17.25270 178.92748
 -17.25921 178.94628
 -17.27508 178.96593
 -17.29502 178.98095
 -17.31357 178.98583
 -17.30250 179.00068
 -17.28314 178.99767
 -17.26377 178.98534
 -17.25270 178.97216
 -17.23984 178.97578
 -17.23382 178.97065
 -17.23024 178.96284
 -17.22479 178.95849
 -17.21136 178.95832
 -17.20550 178.96028
 -17.19744 178.97216
 -17.19256 178.98205
 -17.18865 179.00377
 -17.18385 179.01313
 -17.17653 179.01708
 -17.15691 179.01854
 -17.14910 179.01997
 -17.15472 179.00605
 -17.16611 178.99690
 -17.17588 178.98542
 -17.17693 178.96471
7 21 -20.6718 -17.1491 -179.952 179.872 'Eastern (Fiji)'
 -19.12282 -179.77752
 -19.13047 -179.78858
 -19.14804 -179.79412
 -19.16839 -179.79754
 -19.18426 -179.80201
 -19.19134 -179.77215
 -19.19232 -179.76043
 -19.19012 -179.74594
 -19.18621 -179.74187
 -19.17742 -179.74000
 -19.17392 -179.74724
 -19.17327 -179.74903
 -19.17148 -179.74952
 -19.16383 -179.75294
 -19.16570 -179.75799
 -19.16855 -179.76922
 -19.17067 -179.77410
 -19.15545 -179.76783
 -19.13991 -179.75782
 -19.12770 -179.75660
 -19.12282 -179.77752
8 108 -20.6718 -17.1491 -179.952 179.872 'Eastern (Fiji)'
 -18.95525 -178.43035
 -18.95469 -178.43816
 -18.96063 -178.47462
 -18.96510 -178.48561
 -18.97820 -178.49317
 -18.99676 -178.49838
 -19.01328 -178.49659
 -19.02321 -178.47560
 -19.03265 -178.46095
 -19.02679 -178.45387
 -19.02386 -178.44386
 -19.02044 -178.42408
 -19.02939 -178.42856
 -19.03680 -178.42897
 -19.04306 -178.42514
 -19.04778 -178.41668
 -19.04453 -178.40504
 -19.04290 -178.38258
 -19.04372 -178.35841
 -19.04778 -178.34148
 -19.04111 -178.34392
 -19.02728 -178.34636
 -19.02044 -178.34832
 -19.02459 -178.33937
 -19.02565 -178.33286
 -19.02418 -178.32716
 -19.02044 -178.32049
 -19.01588 -178.32521
 -19.00954 -178.33009
 -19.00677 -178.33399
 -18.99717 -178.30730
 -19.00742 -178.28150
 -19.04095 -178.23854
 -19.04485 -178.22299
 -19.04510 -178.20729
 -19.04746 -178.19508
 -19.05771 -178.19011
 -19.07871 -178.19044
 -19.08359 -178.18873
 -19.06894 -178.18385
 -19.07586 -178.17433
 -19.08717 -178.17091
 -19.09775 -178.17311
 -19.10231 -178.18019
 -19.10556 -178.19500
 -19.11403 -178.19947
 -19.13934 -178.19752
 -19.14658 -178.19467
 -19.15325 -178.18784
 -19.15748 -178.17897
 -19.15700 -178.17018
 -19.15057 -178.16163
 -19.14186 -178.16017
 -19.11598 -178.16285
 -19.12754 -178.14820
 -19.12965 -178.14291
 -19.12965 -178.12867
 -19.13958 -178.11915
 -19.14837 -178.11378
 -19.15455 -178.10662
 -19.15700 -178.09164
 -19.15472 -178.07602
 -19.14495 -178.05014
 -19.14275 -178.03712
 -19.15594 -178.01539
 -19.15748 -178.00367
 -19.14275 -177.99887
 -19.14275 -177.99204
 -19.14707 -177.98414
 -19.14479 -177.97397
 -19.13812 -177.96266
 -19.12965 -177.95118
 -19.10125 -177.98146
 -19.09482 -177.99952
 -19.10231 -178.01938
 -19.09385 -178.02980
 -19.07204 -178.03346
 -19.06146 -178.04119
 -19.05674 -178.05177
 -19.05641 -178.06324
 -19.07041 -178.11948
 -19.06894 -178.12867
 -19.06146 -178.13494
 -19.05169 -178.13649
 -19.04192 -178.13941
 -19.03411 -178.14975
 -19.04404 -178.16326
 -19.03533 -178.17213
 -19.01735 -178.17644
 -18.99928 -178.17644
 -18.97723 -178.19068
 -18.96413 -178.22608
 -18.96209 -178.26588
 -18.97259 -178.29371
 -18.94402 -178.30193
 -18.93955 -178.30885
 -18.93857 -178.32407
 -18.93629 -178.32862
 -18.93174 -178.33220
 -18.92702 -178.33676
 -18.92490 -178.34498
 -18.92669 -178.35499
 -18.92978 -178.36345
 -18.93035 -178.37192
 -18.92490 -178.38258
 -18.93816 -178.38982
 -18.93971 -178.42270
 -18.95525 -178.43035
9 17 -20.6718 -17.1491 -179.952 179.872 'Eastern (Fiji)'
 -18.87656 -178.52654
 -18.88454 -178.53484
 -18.89227 -178.53826
 -18.90049 -178.53761
 -18.91058 -178.53395
 -18.90618 -178.52052
 -18.91595 -178.51368
 -18.92645 -178.50831
 -18.92490 -178.49928
 -18.90716 -178.47193
 -18.89528 -178.47413
 -18.88030 -178.48341
 -18.87314 -178.48561
 -18.86297 -178.49586
 -18.85735 -178.51637
 -18.86045 -178.53159
 -18.87656 -178.52654
10 24 -20.6718 -17.1491 -179.952 179.872 'Eastern (Fiji)'
 -18.55635 -179.94343
 -18.56350 -179.94812
 -18.56854 -179.95240
 -18.58062 -179.94470
 -18.58604 -179.92079
 -18.59591 -179.90977
 -18.60964 -179.89183
 -18.61747 -179.89884
 -18.61147 -179.91278
 -18.61150 -179.91744
 -18.62264 -179.92102
 -18.63815 -179.90187
 -18.65860 -179.90079
 -18.66252 -179.88275
 -18.64593 -179.87221
 -18.62882 -179.87157
 -18.62103 -179.86050
 -18.61105 -179.85293
 -18.60025 -179.83307
 -18.58930 -179.83067
 -18.58090 -179.85045
 -18.56693 -179.88819
 -18.55799 -179.92767
 -18.55635 -179.94343
11 30 -20.6718 -17.1491 -179.952 179.872 'Eastern (Fiji)'
 -17.99879 -179.34547
 -18.02597 -179.36085
 -18.07977 -179.36297
 -18.11883 -179.35027
 -18.10182 -179.32097
 -18.08978 -179.31088
 -18.06219 -179.30323
 -18.05039 -179.29737
 -18.02760 -179.27833
 -18.01572 -179.27174
 -17.99879 -179.26694
 -18.00954 -179.26303
 -18.02988 -179.26580
 -18.03672 -179.26295
 -18.03916 -179.25408
 -18.03216 -179.24952
 -18.00359 -179.24537
 -17.97487 -179.24643
 -17.97015 -179.24440
 -17.95469 -179.23512
 -17.94476 -179.23276
 -17.95094 -179.24342
 -17.95127 -179.25034
 -17.93450 -179.27215
 -17.93401 -179.27752
 -17.93629 -179.28395
 -17.93792 -179.29737
 -17.94744 -179.31251
 -17.98935 -179.33676
 -17.99879 -179.34547
12 17 -20.6718 -17.1491 -179.952 179.872 'Eastern (Fiji)'
 -17.79404 -179.43084
 -17.79852 -179.43084
 -17.80136 -179.42945
 -17.80706 -179.42408
 -17.81365 -179.42726
 -17.82293 -179.43051
 -17.83278 -179.43230
 -17.84108 -179.43084
 -17.85052 -179.42262
 -17.84547 -179.41684
 -17.82806 -179.41041
 -17.81862 -179.40268
 -17.80641 -179.39503
 -17.79306 -179.39177
 -17.78037 -179.39674
 -17.78900 -179.41375
 -17.79404 -179.43084
13 15 -20.6718 -17.1491 -179.952 179.872 'Eastern (Fiji)'
 -17.72471 -178.72576
 -17.74958 -178.74191
 -17.76198 -178.76271
 -17.76605 -178.77955
 -17.77321 -178.77711
 -17.77646 -178.77565
 -17.78037 -178.77272
 -17.77288 -178.76588
 -17.77752 -178.75913
 -17.77614 -178.75261
 -17.76995 -178.74781
 -17.76757 -178.73469
 -17.72984 -178.71945
 -17.71098 -178.71319
 -17.72471 -178.72576
14 19 -20.6718 -17.1491 -179.952 179.872 'Eastern (Fiji)'
 -17.62884 -178.77638
 -17.62290 -178.78262
 -17.61861 -178.79789
 -17.62895 -178.81676
 -17.65210 -178.82572
 -17.66577 -178.83019
 -17.67945 -178.83196
 -17.69316 -178.83554
 -17.70772 -178.83283
 -17.71886 -178.82922
 -17.72913 -178.82291
 -17.73595 -178.79771
 -17.74022 -178.78511
 -17.74717 -178.76808
 -17.72992 -178.75819
 -17.71299 -178.75261
 -17.67333 -178.73935
 -17.64336 -178.75109
 -17.62884 -178.77638
15 13 -20.6718 -17.1491 -179.952 179.872 'Eastern (Fiji)'
 -17.62135 -179.00538
 -17.60801 -178.99741
 -17.59710 -178.99855
 -17.59319 -179.00685
 -17.60084 -179.01970
 -17.61061 -179.02605
 -17.64202 -179.03810
 -17.65618 -179.04078
 -17.65618 -179.03338
 -17.64430 -179.02898
 -17.63543 -179.02320
 -17.62819 -179.01564
 -17.62135 -179.00538
16 20 -20.6718 -17.1491 -179.952 179.872 'Eastern (Fiji)'
 -17.29030 -179.45191
 -17.31609 -179.44988
 -17.33864 -179.44337
 -17.35833 -179.43287
 -17.37566 -179.41782
 -17.39625 -179.39088
 -17.39056 -179.38347
 -17.33123 -179.38347
 -17.31520 -179.38136
 -17.30055 -179.37631
 -17.28680 -179.36883
 -17.27337 -179.37208
 -17.25986 -179.37135
 -17.24944 -179.37867
 -17.24375 -179.41969
 -17.24114 -179.42921
 -17.24179 -179.43784
 -17.24912 -179.44825
 -17.25514 -179.44809
 -17.29030 -179.45191
17 11 -20.6718 -17.1491 -179.952 179.872 'Eastern (Fiji)'
 -20.67099 178.71906
 -20.66473 178.72724
 -20.65765 178.73103
 -20.65008 178.73030
 -20.64235 178.72496
 -20.65097 178.72423
 -20.65927 178.72081
 -20.66619 178.71528
 -20.67132 178.70812
 -20.67181 178.71101
 -20.67099 178.71906
18 8 -20.6718 -17.1491 -179.952 179.872 'Eastern (Fiji)'
 -19.84002 178.22680
 -19.83522 178.23054
 -19.82903 178.22895
 -19.82220 178.22362
 -19.81520 178.21614
 -19.82187 178.21760
 -19.82789 178.22004
 -19.84002 178.22680
19 11 -20.6718 -17.1491 -179.952 179.872 'Eastern (Fiji)'
 -19.16741 178.41979
 -19.13348 178.40111
 -19.12754 178.39293
 -19.14642 178.38927
 -19.16579 178.39196
 -19.17099 178.39961
 -19.17181 178.40937
 -19.17864 178.41881
 -19.17620 178.42170
 -19.17376 178.42199
 -19.16741 178.41979
20 13 -20.6718 -17.1491 -179.952 179.872 'Eastern (Fiji)'
 -18.87713 178.89965
 -18.88152 178.90722
 -18.88405 178.91487
 -18.88437 178.92260
 -18.88209 178.93061
 -18.87265 178.91950
 -18.86403 178.90730
 -18.85760 178.89399
 -18.85426 178.87987
 -18.86077 178.88386
 -18.86679 178.88854
 -18.87225 178.89379
 -18.87713 178.89965
21 9 -20.6718 -17.1491 -179.952 179.872 'Eastern (Fiji)'
 -18.66522 178.50715
 -18.65000 178.51631
 -18.63795 178.51110
 -18.63372 178.49922
 -18.64137 178.48799
 -18.65179 178.48607
 -18.66074 178.49031
 -18.66595 178.49812
 -18.66522 178.50715
22 9 -20.6718 -17.1491 -179.952 179.872 'Eastern (Fiji)'
 -17.77020 179.32258
 -17.75848 179.33613
 -17.74000 179.33422
 -17.72487 179.32030
 -17.72324 179.29809
 -17.73943 179.27973
 -17.76019 179.28075
 -17.77418 179.29646
 -17.77020 179.32258
23 9 -20.6718 -17.1491 -179.952 179.872 'Eastern (Fiji)'
 -17.47137 179.15661
 -17.45794 179.17280
 -17.43971 179.17549
 -17.42555 179.16601
 -17.42425 179.14558
 -17.43532 179.13471
 -17.45371 179.13081
 -17.46893 179.13707
 -17.47137 179.15661
24 9 -20.6718 -17.1491 -179.952 179.872 'Eastern (Fiji)'
 -17.27272 179.15730
 -17.25408 179.15669
 -17.24798 179.14647
 -17.25213 179.13439
 -17.26491 179.12788
 -17.27703 179.13081
 -17.28330 179.13927
 -17.28216 179.14948
 -17.27272 179.15730
25 16 -21.7111 -16.6769 -178.449 -174.589 'Western (Fiji)'
 -18.49285 -177.64877
 -18.50408 -177.65406
 -18.51702 -177.65594
 -18.54070 -177.65626
 -18.58847 -177.66310
 -18.57928 -177.64877
 -18.56276 -177.63649
 -18.54372 -177.62696
 -18.52703 -177.62159
 -18.51190 -177.61899
 -18.50408 -177.62078
 -18.48602 -177.63510
 -18.48968 -177.63844
 -18.49098 -177.64177
 -18.49163 -177.64503
 -18.49285 -177.64877
26 294 -21.7111 -16.6769 -178.449 -174.589 'Western (Fiji)'
 -18.22316 -177.78338
 -18.20135 -177.69858
 -18.19801 -177.67302
 -18.19109 -177.64503
 -18.16668 -177.59164
 -18.17010 -177.56764
 -18.15683 -177.53688
 -18.15537 -177.52491
 -18.15781 -177.47446
 -18.15643 -177.46510
 -18.15195 -177.45427
 -18.14609 -177.44760
 -18.14023 -177.44256
 -18.13600 -177.43719
 -18.11907 -177.36671
 -18.10556 -177.33595
 -18.07391 -177.31365
 -18.08131 -177.30681
 -18.07090 -177.30226
 -18.05104 -177.30161
 -18.03973 -177.30006
 -18.03427 -177.29664
 -18.02947 -177.29184
 -18.02215 -177.28761
 -18.00897 -177.28582
 -18.00368 -177.28110
 -17.99383 -177.26295
 -17.98854 -177.26246
 -17.97942 -177.26645
 -17.97137 -177.26205
 -17.96282 -177.25514
 -17.95224 -177.25164
 -17.94459 -177.25457
 -17.92718 -177.26791
 -17.91692 -177.27215
 -17.90423 -177.27149
 -17.89642 -177.26677
 -17.88934 -177.26157
 -17.87933 -177.25904
 -17.85955 -177.26564
 -17.85174 -177.28207
 -17.84857 -177.32732
 -17.83864 -177.35418
 -17.83489 -177.36150
 -17.82342 -177.37143
 -17.81520 -177.37289
 -17.80779 -177.37062
 -17.79746 -177.36891
 -17.76263 -177.36891
 -17.74969 -177.37029
 -17.74749 -177.37428
 -17.75018 -177.38087
 -17.75986 -177.41603
 -17.75921 -177.42351
 -17.75018 -177.43434
 -17.74326 -177.43531
 -17.73650 -177.43198
 -17.72820 -177.42970
 -17.71705 -177.42872
 -17.69752 -177.42449
 -17.68760 -177.42351
 -17.67832 -177.42058
 -17.67409 -177.41326
 -17.67059 -177.40398
 -17.66302 -177.39568
 -17.64056 -177.38893
 -17.63055 -177.40211
 -17.62233 -177.42042
 -17.60467 -177.42970
 -17.59791 -177.43434
 -17.59271 -177.45655
 -17.58799 -177.46510
 -17.57635 -177.46900
 -17.56536 -177.46713
 -17.55535 -177.46746
 -17.54632 -177.47820
 -17.55885 -177.48959
 -17.55576 -177.49952
 -17.54453 -177.50392
 -17.53265 -177.49928
 -17.51784 -177.50636
 -17.50506 -177.51515
 -17.50075 -177.52442
 -17.51214 -177.53338
 -17.51214 -177.53956
 -17.47812 -177.58131
 -17.45469 -177.62208
 -17.45078 -177.62501
 -17.44850 -177.62818
 -17.44394 -177.62892
 -17.43922 -177.63111
 -17.43711 -177.63893
 -17.43816 -177.64536
 -17.44052 -177.65260
 -17.44280 -177.65626
 -17.44394 -177.65260
 -17.45176 -177.64682
 -17.46941 -177.65008
 -17.48797 -177.65724
 -17.49847 -177.66310
 -17.49236 -177.66928
 -17.47967 -177.66310
 -17.46803 -177.65919
 -17.45664 -177.65895
 -17.44394 -177.66310
 -17.43841 -177.67058
 -17.42034 -177.70411
 -17.41790 -177.71013
 -17.43027 -177.74879
 -17.42490 -177.75392
 -17.41326 -177.75620
 -17.40154 -177.76092
 -17.39666 -177.76547
 -17.39275 -177.77361
 -17.38828 -177.78028
 -17.38454 -177.78728
 -17.38095 -177.80763
 -17.37615 -177.81153
 -17.37127 -177.81414
 -17.36663 -177.82545
 -17.36403 -177.82993
 -17.36647 -177.83326
 -17.37933 -177.83448
 -17.39023 -177.83367
 -17.39983 -177.83107
 -17.40879 -177.82667
 -17.41717 -177.82016
 -17.42132 -177.83627
 -17.41318 -177.84986
 -17.40008 -177.86232
 -17.38934 -177.87599
 -17.40293 -177.89731
 -17.40594 -177.92661
 -17.40252 -177.95623
 -17.39666 -177.97836
 -17.38348 -178.00717
 -17.37518 -178.01938
 -17.36541 -178.03004
 -17.35687 -178.04225
 -17.35589 -178.06593
 -17.34832 -178.08139
 -17.35320 -178.11378
 -17.34686 -178.15105
 -17.32928 -178.18084
 -17.30055 -178.19011
 -17.30771 -178.21168
 -17.32008 -178.23911
 -17.33563 -178.26271
 -17.35174 -178.27272
 -17.36370 -178.27556
 -17.38372 -178.28647
 -17.39666 -178.28631
 -17.40740 -178.27955
 -17.43182 -178.25441
 -17.44394 -178.24537
 -17.44964 -178.25603
 -17.45745 -178.25807
 -17.46551 -178.25375
 -17.47129 -178.24537
 -17.46893 -178.25864
 -17.43808 -178.28598
 -17.43027 -178.30372
 -17.43279 -178.32748
 -17.44012 -178.34832
 -17.45289 -178.36459
 -17.47129 -178.37574
 -17.47975 -178.37721
 -17.49139 -178.37428
 -17.49847 -178.37574
 -17.50026 -178.37941
 -17.51531 -178.39747
 -17.51898 -178.39991
 -17.52239 -178.40358
 -17.54990 -178.44549
 -17.55026 -178.44826
 -17.55774 -178.44862
 -17.60182 -178.44676
 -17.64704 -178.43762
 -17.65711 -178.43327
 -17.66419 -178.42687
 -17.66574 -178.41849
 -17.66409 -178.40733
 -17.65541 -178.38516
 -17.65096 -178.37664
 -17.64843 -178.36899
 -17.64719 -178.36062
 -17.64781 -178.34170
 -17.64657 -178.33163
 -17.64347 -178.32227
 -17.62642 -178.29747
 -17.62296 -178.29018
 -17.62218 -178.28259
 -17.62544 -178.27918
 -17.62921 -178.27716
 -17.63484 -178.27607
 -17.63810 -178.27576
 -17.64239 -178.27468
 -17.64750 -178.27173
 -17.65551 -178.26130
 -17.66083 -178.24517
 -17.66822 -178.21308
 -17.66993 -178.15732
 -17.66822 -178.13924
 -17.66393 -178.12399
 -17.65804 -178.11422
 -17.65050 -178.10554
 -17.64228 -178.09789
 -17.60197 -178.07206
 -17.57846 -178.05056
 -17.57092 -178.04157
 -17.56756 -178.03092
 -17.57273 -178.02565
 -17.58094 -178.02389
 -17.59154 -178.02606
 -17.61071 -178.03289
 -17.62001 -178.03402
 -17.62936 -178.03258
 -17.63866 -178.02854
 -17.65944 -178.01428
 -17.66890 -178.00911
 -17.67897 -178.00684
 -17.73483 -178.00514
 -17.74021 -178.00622
 -17.74331 -178.00808
 -17.74470 -178.01118
 -17.74424 -178.01480
 -17.74176 -178.01986
 -17.73804 -178.02451
 -17.70615 -178.05418
 -17.69840 -178.06332
 -17.69236 -178.07268
 -17.68822 -178.08167
 -17.68693 -178.08942
 -17.68915 -178.09531
 -17.69375 -178.09857
 -17.70166 -178.09965
 -17.71065 -178.09810
 -17.72006 -178.09159
 -17.73204 -178.07857
 -17.74186 -178.05883
 -17.75907 -178.03712
 -17.80780 -177.99087
 -17.81416 -177.98684
 -17.82666 -177.98483
 -17.83410 -177.98173
 -17.84144 -177.97676
 -17.84883 -177.97284
 -17.85627 -177.97056
 -17.86294 -177.97129
 -17.87018 -177.97625
 -17.87643 -177.98359
 -17.88413 -177.99056
 -17.89265 -177.99299
 -17.90609 -177.98793
 -17.91441 -177.98591
 -17.92247 -177.98653
 -17.92836 -177.99185
 -17.93353 -177.99831
 -17.93947 -178.00420
 -17.94645 -178.00736
 -17.95332 -178.00762
 -17.98298 -177.99738
 -17.98965 -177.98932
 -17.99394 -177.98049
 -17.99942 -177.95718
 -18.00081 -177.94509
 -18.00045 -177.93532
 -17.98097 -177.85801
 -17.97963 -177.84592
 -17.98009 -177.83336
 -17.98536 -177.81522
 -17.99260 -177.80561
 -18.00190 -177.79941
 -18.02179 -177.79228
 -18.03099 -177.78742
 -18.05032 -177.77331
 -18.05771 -177.76923
 -18.06598 -177.76820
 -18.07549 -177.76944
 -18.09554 -177.77564
 -18.10277 -177.77874
 -18.10696 -177.78236
 -18.10923 -177.78773
 -18.11006 -177.79507
 -18.11094 -177.81863
 -18.11269 -177.82391
 -18.11672 -177.82649
 -18.12303 -177.82608
 -18.15553 -177.80324
 -18.16328 -177.79951
 -18.17021 -177.79734
 -18.19744 -177.79455
 -18.21021 -177.79135
 -18.22316 -177.78338
27 17 -21.7111 -16.6769 -178.449 -174.589 'Western (Fiji)'
 -17.24529 -177.09392
 -17.25547 -177.12013
 -17.25449 -177.13258
 -17.24529 -177.14918
 -17.26580 -177.16285
 -17.26702 -177.15602
 -17.27068 -177.15309
 -17.27516 -177.15187
 -17.29485 -177.13771
 -17.30682 -177.12452
 -17.31032 -177.11183
 -17.30055 -177.10133
 -17.28395 -177.09946
 -17.27028 -177.10401
 -17.25970 -177.10524
 -17.25270 -177.09392
 -17.24529 -177.09392
28 37 -21.7111 -16.6769 -178.449 -174.589 'Western (Fiji)'
 -17.08082 -177.27215
 -17.07415 -177.27589
 -17.04664 -177.28582
 -17.05853 -177.29225
 -17.07236 -177.29265
 -17.08522 -177.28785
 -17.09441 -177.27955
 -17.11273 -177.27174
 -17.13275 -177.24171
 -17.14910 -177.23805
 -17.14568 -177.23365
 -17.14381 -177.23032
 -17.14121 -177.22739
 -17.13543 -177.22429
 -17.14129 -177.21461
 -17.14821 -177.20753
 -17.15732 -177.20379
 -17.16961 -177.20379
 -17.16334 -177.17595
 -17.15594 -177.17595
 -17.15635 -177.18678
 -17.15594 -177.19020
 -17.14625 -177.18637
 -17.13258 -177.18442
 -17.12029 -177.18605
 -17.11492 -177.19361
 -17.11102 -177.20248
 -17.10150 -177.20623
 -17.09026 -177.20777
 -17.08082 -177.21119
 -17.07383 -177.21827
 -17.05682 -177.24057
 -17.05348 -177.24855
 -17.05771 -177.24969
 -17.07594 -177.26140
 -17.08082 -177.26588
 -17.08082 -177.27215
29 17 -21.7111 -16.6769 -178.449 -174.589 'Western (Fiji)'
 -16.86785 -177.44370
 -16.89129 -177.41293
 -16.90260 -177.40366
 -16.90944 -177.41651
 -16.91725 -177.41326
 -16.92449 -177.40846
 -16.93108 -177.40260
 -16.93678 -177.39536
 -16.93133 -177.39259
 -16.92246 -177.38559
 -16.90293 -177.37306
 -16.89365 -177.37892
 -16.88152 -177.40284
 -16.86614 -177.39576
 -16.86110 -177.40821
 -16.86289 -177.42823
 -16.86785 -177.44370
30 28 -21.7111 -16.6769 -178.449 -174.589 'Western (Fiji)'
 -16.67685 -177.56072
 -16.67816 -177.57993
 -16.68621 -177.59116
 -16.69997 -177.59400
 -16.71771 -177.58741
 -16.72845 -177.58033
 -16.73992 -177.56398
 -16.74871 -177.56072
 -16.75384 -177.55649
 -16.80267 -177.49342
 -16.81707 -177.47926
 -16.83441 -177.47136
 -16.83017 -177.46144
 -16.82757 -177.45777
 -16.83318 -177.45314
 -16.83856 -177.44557
 -16.84002 -177.43719
 -16.83441 -177.42970
 -16.82822 -177.43035
 -16.80364 -177.43637
 -16.79339 -177.43719
 -16.79339 -177.44402
 -16.80560 -177.45655
 -16.79664 -177.47535
 -16.75872 -177.51295
 -16.72145 -177.55860
 -16.69948 -177.57252
 -16.67685 -177.56072
31 9 -21.7111 -16.6769 -178.449 -174.589 'Western (Fiji)'
 -21.71111 -174.61590
 -21.69842 -174.59685
 -21.68157 -174.58888
 -21.66872 -174.59400
 -21.66823 -174.61411
 -21.67653 -174.62664
 -21.68963 -174.63120
 -21.70257 -174.62778
 -21.71111 -174.61590
32 17 -18.4155 -17.5503 -178.711 -177.768 'Central (Fiji)'
 -18.36932 -178.12233
 -18.35166 -178.12761
 -18.34873 -178.13893
 -18.35784 -178.15008
 -18.37615 -178.15602
 -18.39739 -178.15260
 -18.41188 -178.14234
 -18.41546 -178.12696
 -18.40350 -178.10873
 -18.40154 -178.11817
 -18.39918 -178.12184
 -18.39568 -178.12086
 -18.38983 -178.11622
 -18.38494 -178.12037
 -18.38047 -178.12143
 -18.37542 -178.12159
 -18.36932 -178.12233
33 265 -18.4155 -17.5503 -178.711 -177.768 'Central (Fiji)'
 -17.55026 -178.44826
 -17.55120 -178.45558
 -17.55096 -178.46608
 -17.55316 -178.47877
 -17.56512 -178.49627
 -17.60084 -178.52296
 -17.60833 -178.53028
 -17.61077 -178.55193
 -17.61793 -178.57301
 -17.63095 -178.59083
 -17.65000 -178.60231
 -17.67457 -178.60328
 -17.69345 -178.59295
 -17.71006 -178.58058
 -17.72820 -178.57423
 -17.73773 -178.57252
 -17.74651 -178.56935
 -17.75498 -178.56772
 -17.76263 -178.57114
 -17.76922 -178.57895
 -17.78183 -178.59750
 -17.78655 -178.60231
 -17.79844 -178.60304
 -17.80934 -178.59962
 -17.81943 -178.59889
 -17.82806 -178.60841
 -17.82350 -178.62062
 -17.82684 -178.62721
 -17.83408 -178.62631
 -17.84108 -178.61590
 -17.84580 -178.62794
 -17.85345 -178.63502
 -17.86370 -178.63600
 -17.87591 -178.62957
 -17.87363 -178.62582
 -17.86907 -178.61590
 -17.87379 -178.61793
 -17.89023 -178.62273
 -17.89756 -178.59108
 -17.92604 -178.59490
 -17.95696 -178.61313
 -17.97145 -178.62615
 -17.97324 -178.64576
 -17.97845 -178.65431
 -17.98699 -178.65968
 -17.99879 -178.67042
 -18.00433 -178.67416
 -18.00872 -178.67457
 -18.01141 -178.67701
 -18.01238 -178.68767
 -18.00994 -178.69386
 -18.00384 -178.69923
 -17.99700 -178.70330
 -17.99196 -178.70533
 -17.99196 -178.71144
 -17.99920 -178.70899
 -18.01287 -178.70069
 -18.01930 -178.69842
 -18.03379 -178.69793
 -18.04315 -178.69842
 -18.05690 -178.69451
 -18.07041 -178.68458
 -18.08148 -178.67311
 -18.08815 -178.66358
 -18.11240 -178.61297
 -18.13600 -178.58863
 -18.11549 -178.58863
 -18.12705 -178.55974
 -18.12908 -178.54762
 -18.11273 -178.55934
 -18.10866 -178.56056
 -18.09922 -178.55502
 -18.09775 -178.55079
 -18.09726 -178.54566
 -18.09124 -178.53696
 -18.09002 -178.52711
 -18.10442 -178.49838
 -18.10866 -178.48561
 -18.12908 -178.48780
 -18.14186 -178.47023
 -18.14756 -178.44842
 -18.14658 -178.43775
 -18.13161 -178.43881
 -18.12607 -178.43995
 -18.12298 -178.43816
 -18.10801 -178.42164
 -18.10345 -178.41310
 -18.10133 -178.40309
 -18.10182 -178.38990
 -18.10622 -178.39259
 -18.10662 -178.39340
 -18.10866 -178.39617
 -18.11810 -178.39129
 -18.12379 -178.38575
 -18.12721 -178.37843
 -18.12908 -178.36891
 -18.12664 -178.36940
 -18.12200 -178.36606
 -18.11745 -178.36085
 -18.11549 -178.35524
 -18.11688 -178.34840
 -18.12127 -178.33644
 -18.12225 -178.33090
 -18.12558 -178.32293
 -18.13291 -178.31691
 -18.14023 -178.30934
 -18.14349 -178.29689
 -18.14414 -178.28419
 -18.14625 -178.27703
 -18.15032 -178.27182
 -18.15643 -178.26588
 -18.16277 -178.26189
 -18.17767 -178.25660
 -18.18377 -178.25221
 -18.18865 -178.24350
 -18.19606 -178.22291
 -18.20110 -178.21420
 -18.23382 -178.18539
 -18.24847 -178.16830
 -18.25270 -178.14975
 -18.25270 -178.14137
 -18.25945 -178.13551
 -18.23943 -178.11305
 -18.26491 -178.03891
 -18.25945 -178.00636
 -18.25888 -177.99147
 -18.25742 -177.98520
 -18.25270 -177.97836
 -18.25872 -177.97193
 -18.26572 -177.95981
 -18.26873 -177.94581
 -18.26287 -177.93409
 -18.26067 -177.92107
 -18.26930 -177.90610
 -18.27313 -177.89405
 -18.25604 -177.88901
 -18.25164 -177.88575
 -18.25368 -177.87843
 -18.25856 -177.87045
 -18.26287 -177.86541
 -18.26580 -177.85939
 -18.26312 -177.85369
 -18.24668 -177.83448
 -18.23992 -177.83139
 -18.23447 -177.82716
 -18.22316 -177.78338
 -18.21021 -177.79135
 -18.19744 -177.79455
 -18.17021 -177.79734
 -18.16328 -177.79951
 -18.15553 -177.80324
 -18.12303 -177.82608
 -18.11672 -177.82649
 -18.11269 -177.82391
 -18.11094 -177.81863
 -18.11006 -177.79507
 -18.10923 -177.78773
 -18.10696 -177.78236
 -18.10277 -177.77874
 -18.09554 -177.77564
 -18.07549 -177.76944
 -18.06598 -177.76820
 -18.05771 -177.76923
 -18.05032 -177.77331
 -18.03099 -177.78742
 -18.02179 -177.79228
 -18.00190 -177.79941
 -17.99260 -177.80561
 -17.98536 -177.81522
 -17.98009 -177.83336
 -17.97963 -177.84592
 -17.98097 -177.85801
 -18.00045 -177.93532
 -18.00081 -177.94509
 -17.99942 -177.95718
 -17.99394 -177.98049
 -17.98965 -177.98932
 -17.98298 -177.99738
 -17.95332 -178.00762
 -17.94645 -178.00736
 -17.93947 -178.00420
 -17.93353 -177.99831
 -17.92836 -177.99185
 -17.92247 -177.98653
 -17.91441 -177.98591
 -17.90609 -177.98793
 -17.89265 -177.99299
 -17.88413 -177.99056
 -17.87643 -177.98359
 -17.87018 -177.97625
 -17.86294 -177.97129
 -17.85627 -177.97056
 -17.84883 -177.97284
 -17.84144 -177.97676
 -17.83410 -177.98173
 -17.82666 -177.98483
 -17.81416 -177.98684
 -17.80780 -177.99087
 -17.75907 -178.03712
 -17.74186 -178.05883
 -17.73204 -178.07857
 -17.72006 -178.09159
 -17.71065 -178.09810
 -17.70166 -178.09965
 -17.69375 -178.09857
 -17.68915 -178.09531
 -17.68693 -178.08942
 -17.68822 -178.08167
 -17.69236 -178.07268
 -17.69840 -178.06332
 -17.70615 -178.05418
 -17.73804 -178.02451
 -17.74176 -178.01986
 -17.74424 -178.01480
 -17.74470 -178.01118
 -17.74331 -178.00808
 -17.74021 -178.00622
 -17.73483 -178.00514
 -17.67897 -178.00684
 -17.66890 -178.00911
 -17.65944 -178.01428
 -17.63866 -178.02854
 -17.62936 -178.03258
 -17.62001 -178.03402
 -17.61071 -178.03289
 -17.59154 -178.02606
 -17.58094 -178.02389
 -17.57273 -178.02565
 -17.56756 -178.03092
 -17.57092 -178.04157
 -17.57846 -178.05056
 -17.60197 -178.07206
 -17.64228 -178.09789
 -17.65050 -178.10554
 -17.65804 -178.11422
 -17.66393 -178.12399
 -17.66822 -178.13924
 -17.66993 -178.15732
 -17.66822 -178.21308
 -17.66083 -178.24517
 -17.65551 -178.26130
 -17.64750 -178.27173
 -17.64239 -178.27468
 -17.63810 -178.27576
 -17.63484 -178.27607
 -17.62921 -178.27716
 -17.62544 -178.27918
 -17.62218 -178.28259
 -17.62296 -178.29018
 -17.62642 -178.29747
 -17.64347 -178.32227
 -17.64657 -178.33163
 -17.64781 -178.34170
 -17.64719 -178.36062
 -17.64843 -178.36899
 -17.65096 -178.37664
 -17.65541 -178.38516
 -17.66409 -178.40733
 -17.66574 -178.41849
 -17.66419 -178.42687
 -17.65711 -178.43327
 -17.64704 -178.43762
 -17.60182 -178.44676
 -17.55774 -178.44862
 -17.55026 -178.44826
34 12 -17.007 -16.1213 -180 180 'Northern (Fiji)'
 -16.79339 -178.33399
 -16.81406 -178.33009
 -16.82513 -178.33562
 -16.82887 -178.33367
 -16.82757 -178.30738
 -16.83441 -178.29021
 -16.82236 -178.28297
 -16.78672 -178.28004
 -16.78672 -178.28631
 -16.79209 -178.29469
 -16.79388 -178.30641
 -16.79339 -178.33399
35 25 -17.007 -16.1213 -180 180 'Northern (Fiji)'
 -16.78673 180.00000
 -16.77117 179.98986
 -16.69451 179.91588
 -16.68353 179.89765
 -16.67783 179.87715
 -16.68133 179.86408
 -16.69305 179.85570
 -16.72129 179.84651
 -16.73821 179.84288
 -16.74871 179.84240
 -16.75612 179.83003
 -16.76344 179.82091
 -16.77223 179.81566
 -16.77996 179.82099
 -16.81390 179.85664
 -16.83164 179.86653
 -16.84059 179.86933
 -16.86386 179.87157
 -16.86549 179.87531
 -16.86452 179.88146
 -16.86785 179.89013
 -16.90594 179.95116
 -16.93239 179.98290
 -16.96414 180.00000
 -16.78673 180.00000
36 15 -17.007 -16.1213 -180 180 'Northern (Fiji)'
 -16.65553 -179.91749
 -16.65553 -179.88331
 -16.65016 -179.90008
 -16.64951 -179.90724
 -16.64625 -179.91090
 -16.63209 -179.91017
 -16.62900 -179.91407
 -16.62819 -179.92335
 -16.62510 -179.93458
 -16.61875 -179.94500
 -16.60784 -179.95167
 -16.62835 -179.95265
 -16.64446 -179.94744
 -16.65407 -179.93580
 -16.65553 -179.91749
37 13 -17.007 -16.1213 -180 180 'Northern (Fiji)'
 -16.57301 -178.58823
 -16.57838 -178.59669
 -16.58001 -178.60515
 -16.57806 -178.61378
 -16.57301 -178.62257
 -16.58375 -178.61573
 -16.59173 -178.60613
 -16.59564 -178.59246
 -16.59417 -178.57399
 -16.59246 -178.56674
 -16.59092 -178.56365
 -16.58733 -178.56039
 -16.57301 -178.58823
38 26 -17.007 -16.1213 -180 180 'Northern (Fiji)'
 -16.48994 180.00000
 -16.47576 179.99140
 -16.45745 179.96471
 -16.44687 179.95906
 -16.44305 179.95100
 -16.43157 179.91181
 -16.42978 179.89765
 -16.43646 179.89765
 -16.43825 179.90705
 -16.44118 179.91120
 -16.44508 179.91002
 -16.45029 179.90380
 -16.45770 179.90380
 -16.45957 179.90990
 -16.46160 179.91430
 -16.46315 179.91963
 -16.46380 179.92833
 -16.46803 179.93330
 -16.47747 179.93745
 -16.48691 179.93700
 -16.49114 179.92833
 -16.49749 179.92199
 -16.51084 179.93480
 -16.52304 179.95202
 -16.54111 180.00000
 -16.48994 180.00000
39 9 -17.007 -16.1213 -180 180 'Northern (Fiji)'
 -16.32659 -179.36232
 -16.32887 -179.37664
 -16.33359 -179.38966
 -16.33904 -179.37745
 -16.34075 -179.36118
 -16.33896 -179.34376
 -16.33359 -179.32814
 -16.32659 -179.32814
 -16.32659 -179.36232
40 9 -17.007 -16.1213 -180 180 'Northern (Fiji)'
 -16.14911 180.00000
 -16.13812 179.98754
 -16.13104 179.97301
 -16.12127 179.93859
 -16.14219 179.94848
 -16.15472 179.96178
 -16.16277 179.97887
 -16.16961 180.00000
 -16.14911 180.00000
41 21 -17.007 -16.1213 -180 180 'Northern (Fiji)'
 -16.96278 -180.00000
 -16.96461 -179.99898
 -16.97503 -179.99220
 -16.98431 -179.98121
 -16.99334 -179.96681
 -16.99879 -179.95395
 -17.00189 -179.94109
 -17.00213 -179.92872
 -16.99879 -179.91749
 -16.98301 -179.91245
 -16.96746 -179.89422
 -16.95387 -179.89015
 -16.93914 -179.89527
 -16.92702 -179.90724
 -16.90944 -179.93116
 -16.85833 -179.96730
 -16.84482 -179.97299
 -16.82822 -179.97755
 -16.78685 -179.99921
 -16.78535 -180.00000
 -16.96278 -180.00000
42 11 -17.007 -16.1213 -180 180 'Northern (Fiji)'
 -16.54127 -180.00000
 -16.54145 -179.99922
 -16.54315 -179.99252
 -16.54241 -179.98748
 -16.53826 -179.98455
 -16.53021 -179.98439
 -16.51832 -179.98715
 -16.49133 -179.99915
 -16.48952 -180.00000
 -16.51656 -180.00000
 -16.54127 -180.00000
43 387 -17.007 -16.1213 -180 180 'Northern (Fiji)'
 -16.16895 -180.00000
 -16.16988 -179.99898
 -16.22430 -179.93800
 -16.22715 -179.92994
 -16.22796 -179.91212
 -16.23113 -179.90382
 -16.23870 -179.89568
 -16.25449 -179.88649
 -16.26214 -179.87965
 -16.27451 -179.86541
 -16.28265 -179.85825
 -16.28631 -179.85914
 -16.29095 -179.85125
 -16.31406 -179.83815
 -16.36956 -179.79811
 -16.38128 -179.78094
 -16.40301 -179.78102
 -16.43279 -179.76344
 -16.45924 -179.73845
 -16.47064 -179.71583
 -16.47731 -179.69386
 -16.53981 -179.59791
 -16.54534 -179.59181
 -16.55291 -179.58766
 -16.56699 -179.58229
 -16.57928 -179.58074
 -16.59498 -179.58107
 -16.61142 -179.57911
 -16.62558 -179.57146
 -16.63454 -179.56007
 -16.65049 -179.53443
 -16.65895 -179.52361
 -16.66513 -179.51873
 -16.68353 -179.50660
 -16.68719 -179.50066
 -16.69313 -179.48422
 -16.69720 -179.47869
 -16.70761 -179.48878
 -16.72503 -179.49220
 -16.74383 -179.48878
 -16.75872 -179.47869
 -16.76605 -179.48609
 -16.75465 -179.50196
 -16.74961 -179.52027
 -16.75262 -179.53712
 -16.76605 -179.54811
 -16.75482 -179.56251
 -16.72942 -179.58522
 -16.72454 -179.59938
 -16.72275 -179.60955
 -16.71787 -179.62208
 -16.71022 -179.63258
 -16.70062 -179.63697
 -16.68727 -179.64088
 -16.68222 -179.65056
 -16.68027 -179.66188
 -16.67685 -179.67107
 -16.67295 -179.67270
 -16.65936 -179.67612
 -16.65553 -179.67791
 -16.65407 -179.68214
 -16.65146 -179.69451
 -16.64951 -179.69842
 -16.63812 -179.70582
 -16.61346 -179.71616
 -16.60442 -179.72267
 -16.59922 -179.73211
 -16.59637 -179.74204
 -16.59246 -179.74977
 -16.58392 -179.75294
 -16.57676 -179.75668
 -16.57195 -179.76539
 -16.56699 -179.78094
 -16.54632 -179.81414
 -16.53037 -179.83326
 -16.51507 -179.84181
 -16.50856 -179.85108
 -16.48431 -179.90382
 -16.47877 -179.90895
 -16.47234 -179.91261
 -16.46689 -179.91717
 -16.46380 -179.92433
 -16.46331 -179.93946
 -16.46746 -179.94239
 -16.47584 -179.94239
 -16.49961 -179.95346
 -16.50905 -179.94907
 -16.51653 -179.94174
 -16.52467 -179.93621
 -16.55316 -179.92433
 -16.61468 -179.89015
 -16.61940 -179.88941
 -16.63128 -179.89112
 -16.63584 -179.89015
 -16.63681 -179.88624
 -16.63486 -179.87371
 -16.63584 -179.86964
 -16.66237 -179.84864
 -16.66432 -179.87501
 -16.67596 -179.89194
 -16.69476 -179.90113
 -16.71771 -179.90382
 -16.71657 -179.91749
 -16.72039 -179.93556
 -16.73008 -179.94972
 -16.74570 -179.95167
 -16.75262 -179.94191
 -16.74961 -179.92652
 -16.73821 -179.89633
 -16.74424 -179.89991
 -16.76002 -179.90707
 -16.76605 -179.91066
 -16.76181 -179.89576
 -16.75872 -179.89015
 -16.76946 -179.87574
 -16.76483 -179.86362
 -16.75189 -179.85792
 -16.73821 -179.86215
 -16.73707 -179.82635
 -16.73122 -179.81202
 -16.71771 -179.80201
 -16.72503 -179.78077
 -16.72373 -179.75929
 -16.71933 -179.74024
 -16.71771 -179.72633
 -16.72194 -179.71648
 -16.73528 -179.69988
 -16.73821 -179.68832
 -16.73846 -179.67604
 -16.74066 -179.66627
 -16.74676 -179.65984
 -16.75872 -179.65675
 -16.74928 -179.65187
 -16.74570 -179.65056
 -16.74570 -179.64381
 -16.76588 -179.63331
 -16.78875 -179.59685
 -16.80706 -179.58229
 -16.79168 -179.56511
 -16.79079 -179.54493
 -16.80023 -179.50318
 -16.80120 -179.47145
 -16.80511 -179.45395
 -16.81390 -179.43824
 -16.80234 -179.40382
 -16.80104 -179.37574
 -16.80682 -179.29689
 -16.80446 -179.29786
 -16.79746 -179.30795
 -16.78330 -179.31422
 -16.77117 -179.32342
 -16.76507 -179.34148
 -16.75848 -179.35475
 -16.74570 -179.34889
 -16.73138 -179.35141
 -16.72438 -179.33961
 -16.71771 -179.30795
 -16.69891 -179.28297
 -16.68987 -179.26637
 -16.69378 -179.25896
 -16.69411 -179.24822
 -16.72259 -179.17205
 -16.73447 -179.15284
 -16.75872 -179.12289
 -16.77581 -179.12941
 -16.78965 -179.12338
 -16.79998 -179.11020
 -16.80706 -179.09571
 -16.79892 -179.06544
 -16.82383 -179.04444
 -16.89520 -179.01987
 -16.88014 -179.04542
 -16.87802 -179.05665
 -16.88152 -179.07521
 -16.89349 -179.06560
 -16.91269 -179.03728
 -16.92311 -179.02687
 -16.92311 -179.01987
 -16.91774 -179.00685
 -16.90635 -178.96746
 -16.89902 -178.95444
 -16.89072 -178.95021
 -16.88299 -178.94890
 -16.87754 -178.94532
 -16.87314 -178.92595
 -16.86696 -178.92026
 -16.85833 -178.91725
 -16.84808 -178.91700
 -16.84808 -178.91000
 -16.86785 -178.91000
 -16.85931 -178.89454
 -16.85768 -178.88380
 -16.86110 -178.87403
 -16.86785 -178.86166
 -16.90260 -178.82130
 -16.91204 -178.81707
 -16.95045 -178.80714
 -16.95721 -178.79949
 -16.96201 -178.79021
 -16.96787 -178.78777
 -16.97772 -178.80095
 -17.00115 -178.76547
 -17.00506 -178.76271
 -17.00701 -178.73390
 -17.00555 -178.72088
 -16.99879 -178.70533
 -16.98577 -178.69191
 -16.95827 -178.68067
 -16.92604 -178.67319
 -16.89902 -178.67042
 -16.87949 -178.66041
 -16.86053 -178.64064
 -16.83766 -178.62745
 -16.80706 -178.63640
 -16.79974 -178.61500
 -16.79290 -178.60621
 -16.77972 -178.60231
 -16.80918 -178.54070
 -16.81422 -178.51157
 -16.79339 -178.48561
 -16.79119 -178.49024
 -16.79022 -178.49041
 -16.78672 -178.49244
 -16.77728 -178.48121
 -16.76588 -178.47901
 -16.75994 -178.48357
 -16.76605 -178.49244
 -16.76605 -178.49928
 -16.74717 -178.49659
 -16.73040 -178.50652
 -16.70403 -178.54021
 -16.72454 -178.54021
 -16.71624 -178.54851
 -16.70485 -178.55250
 -16.69834 -178.55714
 -16.70403 -178.56804
 -16.68890 -178.57293
 -16.66513 -178.58562
 -16.64951 -178.58863
 -16.66009 -178.56707
 -16.65895 -178.55274
 -16.64788 -178.54282
 -16.62900 -178.53395
 -16.61549 -178.57179
 -16.61468 -178.58180
 -16.61940 -178.58920
 -16.63551 -178.60076
 -16.64202 -178.60841
 -16.64520 -178.61883
 -16.64951 -178.65008
 -16.66806 -178.68092
 -16.66985 -178.69109
 -16.66709 -178.70427
 -16.66302 -178.70899
 -16.65732 -178.71144
 -16.64951 -178.71762
 -16.60329 -178.77329
 -16.59694 -178.78834
 -16.60662 -178.79770
 -16.63584 -178.80095
 -16.62998 -178.81398
 -16.62274 -178.81739
 -16.59759 -178.81398
 -16.58685 -178.81837
 -16.54632 -178.84864
 -16.55145 -178.85035
 -16.56032 -178.85467
 -16.56699 -178.85548
 -16.56219 -178.86345
 -16.55706 -178.86793
 -16.55006 -178.86964
 -16.53965 -178.86915
 -16.53965 -178.87599
 -16.55234 -178.88624
 -16.54306 -178.89763
 -16.52654 -178.90943
 -16.51784 -178.92042
 -16.51263 -178.93092
 -16.49993 -178.92791
 -16.48447 -178.92042
 -16.47064 -178.91700
 -16.47275 -178.92123
 -16.47617 -178.93287
 -16.47812 -178.93735
 -16.46038 -178.94272
 -16.45965 -178.95216
 -16.46640 -178.96111
 -16.47064 -178.96510
 -16.46819 -178.98015
 -16.45957 -179.00782
 -16.45403 -179.05421
 -16.43613 -179.10662
 -16.42978 -179.13673
 -16.43133 -179.16749
 -16.42978 -179.17758
 -16.42636 -179.18019
 -16.41220 -179.18784
 -16.40797 -179.19125
 -16.40537 -179.19899
 -16.40244 -179.21632
 -16.39902 -179.22234
 -16.39813 -179.24041
 -16.40569 -179.26979
 -16.40911 -179.29835
 -16.39560 -179.31422
 -16.40797 -179.32927
 -16.40399 -179.33823
 -16.39381 -179.34620
 -16.38812 -179.35873
 -16.39129 -179.36573
 -16.40488 -179.37208
 -16.40797 -179.37965
 -16.40716 -179.38803
 -16.40602 -179.39243
 -16.40569 -179.39649
 -16.40797 -179.40358
 -16.39300 -179.40203
 -16.37884 -179.39576
 -16.36745 -179.38649
 -16.36077 -179.37615
 -16.35133 -179.38649
 -16.34783 -179.39772
 -16.34905 -179.40854
 -16.35394 -179.41782
 -16.33685 -179.42262
 -16.31902 -179.43141
 -16.31024 -179.44321
 -16.31992 -179.45818
 -16.30267 -179.46510
 -16.28688 -179.46681
 -16.27402 -179.47120
 -16.26523 -179.48609
 -16.26800 -179.52166
 -16.26247 -179.53566
 -16.24481 -179.52027
 -16.24489 -179.53346
 -16.25075 -179.54249
 -16.26051 -179.54900
 -16.27264 -179.55437
 -16.23740 -179.56316
 -16.22430 -179.56804
 -16.23642 -179.57293
 -16.24196 -179.58188
 -16.24570 -179.59295
 -16.25213 -179.60279
 -16.24334 -179.61150
 -16.24261 -179.61891
 -16.24830 -179.62485
 -16.25897 -179.63014
 -16.24342 -179.63014
 -16.23789 -179.63404
 -16.23756 -179.64015
 -16.23854 -179.64715
 -16.23528 -179.65333
 -16.22796 -179.65602
 -16.22064 -179.65650
 -16.21746 -179.65642
 -16.21819 -179.66334
 -16.22064 -179.66749
 -16.22308 -179.67066
 -16.22430 -179.67449
 -16.22576 -179.69353
 -16.22308 -179.70183
 -16.21404 -179.70525
 -16.20778 -179.71030
 -16.19793 -179.73471
 -16.18141 -179.76441
 -16.19655 -179.77068
 -16.21941 -179.77272
 -16.23113 -179.78094
 -16.22650 -179.79298
 -16.20770 -179.81446
 -16.20436 -179.82879
 -16.20770 -179.83961
 -16.21347 -179.84132
 -16.21950 -179.83660
 -16.22430 -179.82879
 -16.22812 -179.83961
 -16.22796 -179.85084
 -16.23113 -179.85597
 -16.21600 -179.86817
 -16.18865 -179.90333
 -16.17986 -179.91066
 -16.14910 -179.98316
 -16.14910 -179.99882
 -16.14911 -180.00000
 -16.16895 -180.00000
44 17 -12.5169 -12.4753 -177.129 -177.006 'Rotuma (Fiji)'
 -12.48610 -177.12477
 -12.50164 -177.12908
 -12.51141 -177.11362
 -12.51637 -177.09108
 -12.51686 -177.07342
 -12.51198 -177.05958
 -12.50848 -177.04363
 -12.50726 -177.02711
 -12.50945 -177.01149
 -12.49472 -177.00660
 -12.48952 -177.00587
 -12.49358 -177.02084
 -12.49139 -177.03297
 -12.47527 -177.05974
 -12.48065 -177.07521
 -12.48065 -177.11118
 -12.48610 -177.12477
