0 4 -22.2027 -16.133 -155.801 -147.88 'Coral Sea Islands (Coral Sea Islands)'
 -21.03004 -154.39129
 -21.02907 -154.38852
 -21.02874 -154.39129
 -21.03004 -154.39129
1 4 -22.2027 -16.133 -155.801 -147.88 'Coral Sea Islands (Coral Sea Islands)'
 -22.20273 -155.16993
 -22.20119 -155.16896
 -22.20029 -155.17050
 -22.20273 -155.16993
2 5 -22.2027 -16.133 -155.801 -147.88 'Coral Sea Islands (Coral Sea Islands)'
 -22.17588 -155.45899
 -22.17344 -155.46079
 -22.17531 -155.46241
 -22.17661 -155.45989
 -22.17588 -155.45899
3 4 -22.2027 -16.133 -155.801 -147.88 'Coral Sea Islands (Coral Sea Islands)'
 -21.91115 -153.55250
 -21.91115 -153.55161
 -21.90919 -153.55250
 -21.91115 -153.55250
4 4 -22.2027 -16.133 -155.801 -147.88 'Coral Sea Islands (Coral Sea Islands)'
 -21.91041 -153.55616
 -21.90887 -153.55673
 -21.91058 -153.55706
 -21.91041 -153.55616
5 6 -22.2027 -16.133 -155.801 -147.88 'Coral Sea Islands (Coral Sea Islands)'
 -21.89121 -153.50668
 -21.89056 -153.50766
 -21.89121 -153.50864
 -21.89186 -153.50864
 -21.89186 -153.50766
 -21.89121 -153.50668
6 4 -22.2027 -16.133 -155.801 -147.88 'Coral Sea Islands (Coral Sea Islands)'
 -21.85874 -153.64177
 -21.85719 -153.64243
 -21.85866 -153.64275
 -21.85874 -153.64177
7 5 -22.2027 -16.133 -155.801 -147.88 'Coral Sea Islands (Coral Sea Islands)'
 -21.63624 -153.76108
 -21.63462 -153.76230
 -21.63584 -153.76271
 -21.63649 -153.76271
 -21.63624 -153.76108
8 5 -22.2027 -16.133 -155.801 -147.88 'Coral Sea Islands (Coral Sea Islands)'
 -21.28484 -155.73064
 -21.28330 -155.73064
 -21.28436 -155.73276
 -21.28574 -155.73097
 -21.28484 -155.73064
9 5 -22.2027 -16.133 -155.801 -147.88 'Coral Sea Islands (Coral Sea Islands)'
 -21.27337 -155.79794
 -21.27060 -155.79908
 -21.27231 -155.80104
 -21.27329 -155.79949
 -21.27337 -155.79794
10 9 -22.2027 -16.133 -155.801 -147.88 'Coral Sea Islands (Coral Sea Islands)'
 -17.86606 -148.51629
 -17.86582 -148.51661
 -17.86761 -148.51694
 -17.86818 -148.51572
 -17.86761 -148.51531
 -17.86769 -148.51523
 -17.86622 -148.51417
 -17.86533 -148.51612
 -17.86606 -148.51629
11 4 -22.2027 -16.133 -155.801 -147.88 'Coral Sea Islands (Coral Sea Islands)'
 -17.73594 -148.44068
 -17.73406 -148.43946
 -17.73211 -148.44337
 -17.73594 -148.44068
12 5 -22.2027 -16.133 -155.801 -147.88 'Coral Sea Islands (Coral Sea Islands)'
 -17.65602 -148.42913
 -17.65423 -148.43043
 -17.65537 -148.43157
 -17.65626 -148.43076
 -17.65602 -148.42913
13 9 -22.2027 -16.133 -155.801 -147.88 'Coral Sea Islands (Coral Sea Islands)'
 -16.96347 -149.92010
 -16.96323 -149.92050
 -16.96502 -149.92083
 -16.96559 -149.91961
 -16.96510 -149.91912
 -16.96510 -149.91904
 -16.96364 -149.91798
 -16.96274 -149.91993
 -16.96347 -149.92010
14 4 -22.2027 -16.133 -155.801 -147.88 'Coral Sea Islands (Coral Sea Islands)'
 -16.93613 -149.99985
 -16.93947 -149.99952
 -16.93670 -149.99627
 -16.93613 -149.99985
15 9 -22.2027 -16.133 -155.801 -147.88 'Coral Sea Islands (Coral Sea Islands)'
 -16.48008 -147.88201
 -16.47991 -147.88233
 -16.48162 -147.88266
 -16.48227 -147.88144
 -16.48170 -147.88103
 -16.48170 -147.88095
 -16.48024 -147.87989
 -16.47934 -147.88185
 -16.48008 -147.88201
16 5 -22.2027 -16.133 -155.801 -147.88 'Coral Sea Islands (Coral Sea Islands)'
 -16.23081 -150.00082
 -16.23211 -149.99985
 -16.23048 -149.99863
 -16.23040 -149.99985
 -16.23081 -150.00082
17 7 -22.2027 -16.133 -155.801 -147.88 'Coral Sea Islands (Coral Sea Islands)'
 -16.13437 -150.00904
 -16.13673 -150.00733
 -16.13567 -149.99985
 -16.13527 -149.99830
 -16.13437 -150.00099
 -16.13511 -150.00400
 -16.13437 -150.00904
18 4 -22.2027 -16.133 -155.801 -147.88 'Coral Sea Islands (Coral Sea Islands)'
 -16.13388 -149.99171
 -16.13299 -149.99171
 -16.13388 -149.99676
 -16.13388 -149.99171
19 9 -22.2027 -16.133 -155.801 -147.88 'Coral Sea Islands (Coral Sea Islands)'
 -21.84751 -153.48862
 -21.84726 -153.48911
 -21.84905 -153.48935
 -21.84970 -153.48813
 -21.84914 -153.48772
 -21.84914 -153.48764
 -21.84767 -153.48658
 -21.84677 -153.48854
 -21.84751 -153.48862
20 4 -22.2027 -16.133 -155.801 -147.88 'Coral Sea Islands (Coral Sea Islands)'
 -16.29331 -149.97657
 -16.29632 -149.97608
 -16.29551 -149.97446
 -16.29331 -149.97657
