0 15 5.26166 6.97764 -163.043 -158.12 'Micronesia (Micronesia)'
 6.78055 -158.22775
 6.79361 -158.18469
 6.79834 -158.17581
 6.81945 -158.15525
 6.90611 -158.12016
 6.92695 -158.12010
 6.93639 -158.12775
 6.97764 -158.18233
 6.96236 -158.26485
 6.94861 -158.29581
 6.92861 -158.32066
 6.87472 -158.33510
 6.82042 -158.31734
 6.78750 -158.29984
 6.78055 -158.22775
1 11 5.26166 6.97764 -163.043 -158.12 'Micronesia (Micronesia)'
 5.26166 -163.00192
 5.27910 -162.91643
 5.30777 -162.90567
 5.36805 -162.97330
 5.37347 -162.98495
 5.37493 -163.02164
 5.32000 -163.04289
 5.29305 -163.03220
 5.27875 -163.02262
 5.26305 -163.00747
 5.26166 -163.00192
