0 84 48.9725 50.453 -13.816 -12.0937 'Zapadocesky (Czech Republic)'
 48.97366 -13.56483
 48.97250 -13.50972
 49.00619 -13.40255
 49.04916 -13.39611
 49.10083 -13.31847
 49.16722 -13.17305
 49.28777 -13.03111
 49.33493 -12.95903
 49.34038 -12.88720
 49.33985 -12.79722
 49.42500 -12.67445
 49.52750 -12.59777
 49.56055 -12.57861
 49.61666 -12.55472
 49.67722 -12.51548
 49.69083 -12.47611
 49.69555 -12.45555
 49.78347 -12.46847
 49.90958 -12.54597
 49.97583 -12.49139
 49.98584 -12.47111
 49.99389 -12.42945
 50.04749 -12.30750
 50.06611 -12.26555
 50.10621 -12.20615
 50.13632 -12.19382
 50.16361 -12.20916
 50.30846 -12.12208
 50.32254 -12.09370
 50.31458 -12.18264
 50.21846 -12.28111
 50.20666 -12.32305
 50.23611 -12.32555
 50.30916 -12.39861
 50.37305 -12.48611
 50.39249 -12.51542
 50.41195 -12.62097
 50.41195 -12.67139
 50.43152 -12.74042
 50.44500 -12.77222
 50.45305 -12.82514
 50.44222 -12.85584
 50.42527 -12.89834
 50.41472 -12.91722
 50.41000 -12.94472
 50.41833 -12.98555
 50.41361 -13.07124
 50.40229 -13.10768
 50.35478 -13.21358
 50.33607 -13.23248
 50.31166 -13.22273
 50.26664 -13.22372
 50.22926 -13.26567
 50.18097 -13.29715
 50.13570 -13.27334
 50.10065 -13.36617
 50.09581 -13.41881
 50.06484 -13.40486
 50.04537 -13.43082
 50.02759 -13.52838
 49.96861 -13.71661
 49.93435 -13.78480
 49.91843 -13.80780
 49.87364 -13.81595
 49.75415 -13.80918
 49.70711 -13.77610
 49.64979 -13.70777
 49.62848 -13.68903
 49.61313 -13.72096
 49.59085 -13.73605
 49.56136 -13.74882
 49.51117 -13.75591
 49.46430 -13.73936
 49.42867 -13.76489
 49.37857 -13.78162
 49.35337 -13.77621
 49.22348 -13.72042
 49.19363 -13.70011
 49.16466 -13.67838
 49.14109 -13.65770
 49.12743 -13.64058
 49.04694 -13.58740
 49.00945 -13.57194
 48.97366 -13.56483
1 95 48.5814 49.6037 -15.5644 -13.5648 'Jihocesky (Czech Republic)'
 48.97366 -13.56483
 49.00945 -13.57194
 49.04694 -13.58740
 49.12743 -13.64058
 49.14109 -13.65770
 49.16466 -13.67838
 49.19363 -13.70011
 49.22348 -13.72042
 49.35337 -13.77621
 49.37857 -13.78162
 49.42867 -13.76489
 49.46430 -13.73936
 49.51117 -13.75591
 49.49843 -13.90418
 49.49633 -13.95808
 49.51298 -14.00261
 49.53297 -14.02487
 49.53085 -14.23871
 49.53477 -14.43289
 49.52131 -14.51503
 49.50535 -14.61524
 49.50668 -14.65377
 49.52591 -14.68848
 49.55312 -14.71308
 49.56946 -14.73005
 49.57352 -14.77255
 49.56097 -14.85602
 49.54523 -14.89417
 49.54211 -14.93709
 49.54517 -14.97000
 49.56699 -14.99492
 49.57829 -15.04251
 49.59870 -15.18471
 49.60369 -15.22991
 49.59545 -15.29796
 49.58957 -15.33415
 49.56411 -15.38667
 49.48272 -15.41489
 49.45319 -15.42352
 49.41542 -15.41747
 49.32805 -15.39227
 49.28115 -15.37296
 49.23055 -15.34285
 49.21430 -15.29416
 49.18236 -15.28777
 49.11503 -15.37032
 49.09341 -15.44467
 49.09386 -15.48600
 48.93885 -15.55578
 48.90916 -15.56444
 48.91222 -15.54666
 48.91999 -15.51445
 48.95111 -15.45166
 48.97361 -15.39250
 48.98472 -15.35903
 48.98778 -15.30139
 48.99972 -15.15666
 49.01472 -15.06555
 49.01875 -15.02861
 49.01139 -15.00416
 48.97993 -14.97958
 48.93916 -14.98500
 48.79472 -14.95889
 48.78277 -14.88555
 48.78638 -14.84945
 48.78506 -14.82375
 48.69346 -14.72722
 48.65430 -14.71666
 48.60402 -14.71945
 48.58514 -14.70542
 48.58138 -14.70028
 48.60847 -14.65445
 48.62846 -14.61195
 48.62833 -14.50555
 48.61889 -14.44639
 48.59250 -14.39027
 48.58250 -14.27833
 48.59611 -14.18416
 48.66979 -14.05139
 48.71403 -13.99861
 48.76361 -13.88361
 48.77055 -13.85805
 48.77361 -13.83361
 48.77985 -13.81826
 48.80021 -13.81201
 48.83402 -13.78014
 48.84596 -13.76166
 48.87075 -13.74563
 48.88132 -13.72813
 48.87930 -13.69945
 48.88945 -13.67222
 48.90444 -13.65195
 48.94764 -13.62611
 48.95743 -13.59535
 48.97366 -13.56483
2 116 48.6191 49.6889 -18.1494 -15.2878 'Jihomoravsky (Czech Republic)'
 48.90916 -15.56444
 48.93885 -15.55578
 49.09386 -15.48600
 49.09341 -15.44467
 49.11503 -15.37032
 49.18236 -15.28777
 49.21430 -15.29416
 49.23055 -15.34285
 49.28115 -15.37296
 49.32805 -15.39227
 49.41542 -15.41747
 49.45319 -15.42352
 49.45576 -15.49369
 49.44449 -15.53020
 49.44750 -15.55898
 49.45852 -15.58177
 49.51074 -15.67659
 49.57709 -15.74990
 49.68040 -15.91894
 49.68888 -15.95567
 49.67031 -16.06293
 49.65046 -16.13579
 49.61583 -16.22639
 49.59617 -16.24145
 49.57000 -16.27417
 49.54277 -16.34194
 49.53552 -16.37832
 49.54918 -16.47817
 49.56653 -16.50473
 49.58915 -16.51994
 49.60031 -16.55514
 49.60178 -16.60745
 49.59886 -16.66828
 49.61433 -16.76941
 49.64447 -16.81589
 49.63343 -16.87307
 49.61631 -16.94853
 49.60323 -16.98377
 49.56475 -16.99568
 49.51521 -17.06202
 49.50553 -17.08051
 49.52463 -17.10283
 49.53488 -17.13670
 49.52446 -17.16902
 49.48885 -17.19593
 49.45855 -17.21564
 49.41203 -17.23216
 49.37169 -17.23729
 49.33754 -17.23378
 49.30174 -17.24416
 49.27777 -17.26901
 49.27718 -17.29662
 49.30096 -17.33658
 49.33191 -17.35855
 49.34722 -17.33278
 49.37263 -17.31527
 49.38441 -17.33306
 49.37950 -17.37609
 49.36613 -17.46650
 49.37969 -17.55670
 49.39185 -17.60080
 49.42065 -17.60738
 49.43805 -17.63876
 49.42718 -17.71109
 49.41160 -17.76440
 49.40295 -17.79387
 49.38313 -17.78814
 49.34895 -17.78187
 49.32236 -17.81377
 49.23381 -17.92514
 49.18160 -17.99439
 49.15534 -18.05523
 49.14500 -18.14528
 49.12139 -18.14945
 49.08277 -18.12195
 49.04195 -18.07528
 48.98499 -17.91111
 48.92833 -17.84195
 48.87819 -17.76027
 48.85611 -17.71222
 48.85195 -17.67750
 48.85195 -17.65027
 48.83888 -17.50278
 48.82472 -17.41125
 48.82527 -17.38222
 48.85027 -17.33083
 48.87243 -17.23833
 48.86945 -17.18791
 48.83180 -17.11222
 48.76833 -17.04153
 48.74361 -17.02250
 48.68166 -16.98833
 48.61906 -16.94618
 48.70319 -16.91792
 48.72583 -16.89250
 48.72548 -16.87194
 48.71625 -16.83292
 48.71985 -16.78555
 48.74638 -16.71166
 48.78527 -16.65882
 48.81235 -16.54055
 48.81125 -16.45826
 48.78222 -16.43083
 48.75187 -16.41298
 48.73604 -16.38215
 48.73305 -16.33305
 48.75000 -16.10334
 48.75472 -16.08111
 48.76027 -16.06055
 48.77722 -16.02166
 48.80472 -15.96416
 48.85970 -15.84943
 48.85861 -15.74639
 48.86402 -15.68597
 48.89916 -15.58500
 48.90916 -15.56444
3 87 49.4963 50.5761 -15.4909 -13.4049 'Stredocesky (Czech Republic)'
 50.09581 -13.41881
 50.12000 -13.49199
 50.15839 -13.54649
 50.24722 -13.68658
 50.22993 -13.75504
 50.24509 -13.91141
 50.25891 -13.94101
 50.30087 -13.99257
 50.33082 -14.01443
 50.32567 -14.12362
 50.31467 -14.19037
 50.31902 -14.26182
 50.33910 -14.37244
 50.42672 -14.48363
 50.45642 -14.48208
 50.48757 -14.44735
 50.49587 -14.46622
 50.50033 -14.54732
 50.47933 -14.60495
 50.47821 -14.66980
 50.49548 -14.76953
 50.51665 -14.81391
 50.55038 -14.85212
 50.57608 -14.89902
 50.56630 -14.99604
 50.53741 -15.07476
 50.45601 -15.09433
 50.34378 -15.09403
 50.32050 -15.09954
 50.27373 -15.17399
 50.26139 -15.19539
 50.25073 -15.28702
 50.25204 -15.32417
 50.23170 -15.35294
 50.18336 -15.36544
 50.15007 -15.35912
 50.12202 -15.33871
 50.05909 -15.33137
 49.99150 -15.34914
 49.94276 -15.44852
 49.93863 -15.48047
 49.90104 -15.49095
 49.81661 -15.48764
 49.79842 -15.46665
 49.74775 -15.34830
 49.73444 -15.28152
 49.68032 -15.17715
 49.66210 -15.15341
 49.64055 -15.15329
 49.63375 -15.18816
 49.60369 -15.22991
 49.59870 -15.18471
 49.57829 -15.04251
 49.56699 -14.99492
 49.54517 -14.97000
 49.54211 -14.93709
 49.54523 -14.89417
 49.56097 -14.85602
 49.57352 -14.77255
 49.56946 -14.73005
 49.55312 -14.71308
 49.52591 -14.68848
 49.50668 -14.65377
 49.50535 -14.61524
 49.52131 -14.51503
 49.53477 -14.43289
 49.53085 -14.23871
 49.53297 -14.02487
 49.51298 -14.00261
 49.49633 -13.95808
 49.49843 -13.90418
 49.51117 -13.75591
 49.56136 -13.74882
 49.59085 -13.73605
 49.61313 -13.72096
 49.62848 -13.68903
 49.64979 -13.70777
 49.70711 -13.77610
 49.75415 -13.80918
 49.87364 -13.81595
 49.91843 -13.80780
 49.93435 -13.78480
 49.96861 -13.71661
 50.02759 -13.52838
 50.04537 -13.43082
 50.06484 -13.40486
 50.09581 -13.41881
4 100 50.0958 51.0525 -15.3797 -12.9856 'Severocesky (Czech Republic)'
 50.65055 -13.51083
 50.68972 -13.54111
 50.70945 -13.58222
 50.72222 -13.63472
 50.72583 -13.66945
 50.73083 -13.73416
 50.76888 -13.89111
 50.78819 -13.90361
 50.81445 -13.99069
 50.84305 -14.15555
 50.88222 -14.31139
 50.93500 -14.36833
 50.94611 -14.32125
 50.99514 -14.25805
 51.03750 -14.28555
 51.05249 -14.30625
 51.03666 -14.49166
 51.00555 -14.56916
 50.98250 -14.59722
 50.92361 -14.62834
 50.88110 -14.63139
 50.85825 -14.61924
 50.84722 -14.65166
 50.82916 -14.71778
 50.82388 -14.73972
 50.81833 -14.77153
 50.81972 -14.80292
 50.85638 -14.82500
 50.86583 -14.82834
 50.85916 -14.96666
 50.86750 -15.00389
 50.95055 -15.01916
 50.97409 -15.01639
 51.01472 -15.17695
 50.99195 -15.23945
 50.97500 -15.27527
 50.94895 -15.29042
 50.92451 -15.27250
 50.89208 -15.28277
 50.86035 -15.31166
 50.84062 -15.36285
 50.77945 -15.37972
 50.73938 -15.35503
 50.71049 -15.34828
 50.66818 -15.34912
 50.64561 -15.34342
 50.62649 -15.32374
 50.60421 -15.26012
 50.58905 -15.18923
 50.56314 -15.12304
 50.53741 -15.07476
 50.56630 -14.99604
 50.57608 -14.89902
 50.55038 -14.85212
 50.51665 -14.81391
 50.49548 -14.76953
 50.47821 -14.66980
 50.47933 -14.60495
 50.50033 -14.54732
 50.49587 -14.46622
 50.48757 -14.44735
 50.45642 -14.48208
 50.42672 -14.48363
 50.33910 -14.37244
 50.31902 -14.26182
 50.31467 -14.19037
 50.32567 -14.12362
 50.33082 -14.01443
 50.30087 -13.99257
 50.25891 -13.94101
 50.24509 -13.91141
 50.22993 -13.75504
 50.24722 -13.68658
 50.15839 -13.54649
 50.12000 -13.49199
 50.09581 -13.41881
 50.10065 -13.36617
 50.13570 -13.27334
 50.18097 -13.29715
 50.22926 -13.26567
 50.26664 -13.22372
 50.31166 -13.22273
 50.33607 -13.23248
 50.35478 -13.21358
 50.40229 -13.10768
 50.41361 -13.07124
 50.41833 -12.98555
 50.42111 -12.99195
 50.43930 -13.01527
 50.49805 -13.07945
 50.50277 -13.18722
 50.52041 -13.20611
 50.55142 -13.22323
 50.58916 -13.24958
 50.62944 -13.37834
 50.61138 -13.41486
 50.60527 -13.43666
 50.60166 -13.46340
 50.64187 -13.51847
 50.65055 -13.51083
5 105 49.4445 50.7867 -16.8159 -15.0748 'Vychodocesky (Czech Republic)'
 50.53741 -15.07476
 50.56314 -15.12304
 50.58905 -15.18923
 50.60421 -15.26012
 50.62649 -15.32374
 50.64561 -15.34342
 50.66818 -15.34912
 50.71049 -15.34828
 50.73938 -15.35503
 50.77945 -15.37972
 50.78666 -15.48834
 50.77277 -15.60666
 50.74416 -15.78750
 50.68944 -15.94695
 50.63000 -16.02444
 50.63555 -16.07139
 50.65780 -16.11805
 50.65611 -16.13750
 50.67055 -16.23750
 50.66403 -16.33201
 50.64416 -16.37000
 50.60153 -16.43027
 50.57882 -16.44736
 50.52305 -16.40666
 50.49791 -16.35892
 50.50472 -16.31500
 50.43902 -16.20774
 50.41027 -16.21903
 50.38972 -16.26611
 50.37805 -16.30305
 50.36111 -16.37195
 50.31666 -16.44139
 50.30360 -16.45861
 50.22708 -16.54805
 50.20819 -16.56222
 50.17035 -16.56597
 50.14000 -16.58777
 50.11972 -16.61444
 50.10889 -16.64000
 50.09833 -16.71535
 50.14055 -16.78666
 50.16965 -16.80294
 50.13249 -16.80930
 50.11370 -16.78693
 50.10355 -16.76133
 50.05927 -16.73498
 49.94188 -16.67432
 49.81128 -16.71784
 49.77199 -16.73670
 49.73377 -16.77204
 49.69004 -16.79529
 49.64447 -16.81589
 49.61433 -16.76941
 49.59886 -16.66828
 49.60178 -16.60745
 49.60031 -16.55514
 49.58915 -16.51994
 49.56653 -16.50473
 49.54918 -16.47817
 49.53552 -16.37832
 49.54277 -16.34194
 49.57000 -16.27417
 49.59617 -16.24145
 49.61583 -16.22639
 49.65046 -16.13579
 49.67031 -16.06293
 49.68888 -15.95567
 49.68040 -15.91894
 49.57709 -15.74990
 49.51074 -15.67659
 49.45852 -15.58177
 49.44750 -15.55898
 49.44449 -15.53020
 49.45576 -15.49369
 49.45319 -15.42352
 49.48272 -15.41489
 49.56411 -15.38667
 49.58957 -15.33415
 49.59545 -15.29796
 49.60369 -15.22991
 49.63375 -15.18816
 49.64055 -15.15329
 49.66210 -15.15341
 49.68032 -15.17715
 49.73444 -15.28152
 49.74775 -15.34830
 49.79842 -15.46665
 49.81661 -15.48764
 49.90104 -15.49095
 49.93863 -15.48047
 49.94276 -15.44852
 49.99150 -15.34914
 50.05909 -15.33137
 50.12202 -15.33871
 50.15007 -15.35912
 50.18336 -15.36544
 50.23170 -15.35294
 50.25204 -15.32417
 50.25073 -15.28702
 50.26139 -15.19539
 50.27373 -15.17399
 50.32050 -15.09954
 50.34378 -15.09403
 50.45601 -15.09433
 50.53741 -15.07476
6 109 49.145 50.4401 -18.8522 -16.6743 'Severomoravsky (Czech Republic)'
 49.51735 -18.85125
 49.51388 -18.79277
 49.50416 -18.65555
 49.49367 -18.56590
 49.46180 -18.54437
 49.33305 -18.38319
 49.30569 -18.31250
 49.30097 -18.27569
 49.28638 -18.21132
 49.24430 -18.17625
 49.21027 -18.17416
 49.16472 -18.15812
 49.14500 -18.14528
 49.15534 -18.05523
 49.18160 -17.99439
 49.23381 -17.92514
 49.32236 -17.81377
 49.34895 -17.78187
 49.38313 -17.78814
 49.40295 -17.79387
 49.41160 -17.76440
 49.42718 -17.71109
 49.43805 -17.63876
 49.42065 -17.60738
 49.39185 -17.60080
 49.37969 -17.55670
 49.36613 -17.46650
 49.37950 -17.37609
 49.38441 -17.33306
 49.37263 -17.31527
 49.34722 -17.33278
 49.33191 -17.35855
 49.30096 -17.33658
 49.27718 -17.29662
 49.27777 -17.26901
 49.30174 -17.24416
 49.33754 -17.23378
 49.37169 -17.23729
 49.41203 -17.23216
 49.45855 -17.21564
 49.48885 -17.19593
 49.52446 -17.16902
 49.53488 -17.13670
 49.52463 -17.10283
 49.50553 -17.08051
 49.51521 -17.06202
 49.56475 -16.99568
 49.60323 -16.98377
 49.61631 -16.94853
 49.63343 -16.87307
 49.64447 -16.81589
 49.69004 -16.79529
 49.73377 -16.77204
 49.77199 -16.73670
 49.81128 -16.71784
 49.94188 -16.67432
 50.05927 -16.73498
 50.10355 -16.76133
 50.11370 -16.78693
 50.13249 -16.80930
 50.16965 -16.80294
 50.17944 -16.81125
 50.20180 -16.84695
 50.22235 -16.91139
 50.22277 -16.96861
 50.21695 -17.00222
 50.31000 -16.97277
 50.34055 -16.93750
 50.41118 -16.86875
 50.43867 -16.89097
 50.44013 -16.91083
 50.43500 -16.94139
 50.41055 -17.05778
 50.39666 -17.11805
 50.36097 -17.20527
 50.34527 -17.22695
 50.32027 -17.28361
 50.27945 -17.37833
 50.27027 -17.43305
 50.26555 -17.62680
 50.27235 -17.66111
 50.30000 -17.69347
 50.32027 -17.69701
 50.31902 -17.72445
 50.29777 -17.75305
 50.23333 -17.76292
 50.20937 -17.76368
 50.17903 -17.69527
 50.17195 -17.64277
 50.16270 -17.60632
 50.10805 -17.65777
 49.98958 -17.84014
 49.97895 -17.87625
 49.97736 -17.92069
 50.01111 -18.00945
 50.05593 -18.05316
 50.03805 -18.09416
 49.95777 -18.27027
 49.93889 -18.35027
 49.92243 -18.55271
 49.91222 -18.57875
 49.81499 -18.57935
 49.73778 -18.63416
 49.68194 -18.78695
 49.67333 -18.81083
 49.59499 -18.83945
 49.55416 -18.84777
 49.52777 -18.85222
 49.51735 -18.85125
