0 643 4.43118 8.45729 -39.135 -34.1958 'Southern Nations, Nationalities and Peoples (Ethiopia)'
 5.34872 -35.32077
 5.35737 -35.30237
 5.37409 -35.28749
 5.42592 -35.25462
 5.43515 -35.25070
 5.44737 -35.25183
 5.45814 -35.25896
 5.46856 -35.26765
 5.47987 -35.27364
 5.49178 -35.26930
 5.51189 -35.26196
 5.54300 -35.22341
 5.58966 -35.14331
 5.62247 -35.09866
 5.64175 -35.08822
 5.69978 -35.07954
 5.72645 -35.06528
 5.84101 -34.98436
 5.86311 -34.97443
 5.87626 -34.97268
 5.88724 -34.97454
 5.89866 -34.97774
 5.91284 -34.97991
 5.92403 -34.97681
 5.94171 -34.96038
 5.95256 -34.95531
 5.96421 -34.95573
 5.97550 -34.95924
 5.99669 -34.96978
 6.00813 -34.96796
 6.06172 -34.95945
 6.08118 -34.95149
 6.10237 -34.93444
 6.11971 -34.91552
 6.13867 -34.89888
 6.18763 -34.87997
 6.24869 -34.84473
 6.26869 -34.83976
 6.32760 -34.83904
 6.35354 -34.83263
 6.42168 -34.79274
 6.44183 -34.78426
 6.49945 -34.77610
 6.55642 -34.75388
 6.59681 -34.74354
 6.63761 -34.73352
 6.64195 -34.72659
 6.65567 -34.71450
 6.67401 -34.70964
 6.68492 -34.70355
 6.72982 -34.63554
 6.73654 -34.61849
 6.73920 -34.59668
 6.73925 -34.55399
 6.74308 -34.53632
 6.75287 -34.52474
 6.79382 -34.51792
 6.79806 -34.51668
 6.80827 -34.51214
 6.81431 -34.51110
 6.81530 -34.51327
 6.82178 -34.52257
 6.82457 -34.52474
 6.84418 -34.52330
 6.86165 -34.51906
 6.87684 -34.51234
 6.89002 -34.50366
 6.93487 -34.43917
 6.96857 -34.29758
 6.97224 -34.29447
 6.97529 -34.28765
 6.98009 -34.28073
 6.99740 -34.27566
 7.00340 -34.27081
 7.03337 -34.22988
 7.04613 -34.21996
 7.05197 -34.21376
 7.05451 -34.20600
 7.06438 -34.19825
 7.08696 -34.19577
 7.09774 -34.19577
 7.10696 -34.21799
 7.09047 -34.24745
 7.06528 -34.27670
 7.04898 -34.29975
 7.04647 -34.32558
 7.05288 -34.35111
 7.07264 -34.39959
 7.08029 -34.43628
 7.08058 -34.47576
 7.07174 -34.51307
 7.05192 -34.54345
 7.03086 -34.56960
 7.01784 -34.59864
 7.01205 -34.62986
 7.01267 -34.66231
 7.01838 -34.69435
 7.02812 -34.71760
 7.04339 -34.73838
 7.06569 -34.76318
 7.08693 -34.79150
 7.09952 -34.82002
 7.10556 -34.85093
 7.10716 -34.88658
 7.10442 -34.94694
 7.11215 -34.97319
 7.13600 -34.98591
 7.12941 -35.00544
 7.13445 -35.02911
 7.14734 -35.05081
 7.16427 -35.06497
 7.14768 -35.08275
 7.13300 -35.10735
 7.12174 -35.13380
 7.11533 -35.15716
 7.11670 -35.18217
 7.13608 -35.22424
 7.14070 -35.24832
 7.12941 -35.30630
 7.13248 -35.32986
 7.15618 -35.33741
 7.16429 -35.33483
 7.18336 -35.32511
 7.19346 -35.32273
 7.20401 -35.32325
 7.22465 -35.32697
 7.23504 -35.32738
 7.24896 -35.32955
 7.27501 -35.34123
 7.28839 -35.34258
 7.30224 -35.34185
 7.31560 -35.34340
 7.38433 -35.36325
 7.40547 -35.36562
 7.42601 -35.35839
 7.44187 -35.34165
 7.47851 -35.27250
 7.49161 -35.26300
 7.52086 -35.27302
 7.53959 -35.26351
 7.62832 -35.24460
 7.67677 -35.24253
 7.70457 -35.25669
 7.71821 -35.27374
 7.75361 -35.29948
 7.77968 -35.34061
 7.79880 -35.34464
 7.82045 -35.34547
 7.84190 -35.35674
 7.84435 -35.36252
 7.84402 -35.38020
 7.84660 -35.39177
 7.86241 -35.41596
 7.86688 -35.42102
 7.87846 -35.43807
 7.87898 -35.45285
 7.87774 -35.46908
 7.88402 -35.49027
 7.88283 -35.53326
 7.86014 -35.54443
 7.84014 -35.54990
 7.82392 -35.56044
 7.81260 -35.58732
 7.81345 -35.60923
 7.82265 -35.63072
 7.84774 -35.66969
 7.85438 -35.68271
 7.86148 -35.70276
 7.86696 -35.73501
 7.86949 -35.74224
 7.88017 -35.75785
 7.89838 -35.77821
 7.91879 -35.79578
 7.93605 -35.80281
 7.95122 -35.79588
 7.96587 -35.78038
 7.98918 -35.74617
 8.00879 -35.72839
 8.02718 -35.72901
 8.06230 -35.75144
 8.07775 -35.76663
 8.08457 -35.78761
 8.08545 -35.81139
 8.08310 -35.83464
 8.07754 -35.85696
 8.06772 -35.87009
 8.05209 -35.87794
 7.95812 -35.90533
 7.93419 -35.90585
 7.91184 -35.89882
 7.89290 -35.88652
 7.85714 -35.85800
 7.83872 -35.85893
 7.82022 -35.87753
 7.78247 -35.93913
 7.76746 -35.97282
 7.75811 -35.98760
 7.74418 -36.00000
 7.69488 -36.02326
 7.65917 -36.04610
 7.64393 -36.04744
 7.61690 -36.04248
 7.59011 -36.04011
 7.57091 -36.04703
 7.55975 -36.06460
 7.54843 -36.14253
 7.52492 -36.18118
 7.49673 -36.21818
 7.47427 -36.26180
 7.45216 -36.32216
 7.44869 -36.34489
 7.44626 -36.35275
 7.43428 -36.37073
 7.42774 -36.38406
 7.41681 -36.42096
 7.41609 -36.42985
 7.41665 -36.47315
 7.41358 -36.49248
 7.40671 -36.51470
 7.37337 -36.59273
 7.37350 -36.61216
 7.25966 -36.78383
 7.24106 -36.82724
 7.22912 -36.87303
 7.22416 -36.91860
 7.22700 -36.95530
 7.24015 -37.02754
 7.23517 -37.10712
 7.24062 -37.13937
 7.25679 -37.16862
 7.30733 -37.23414
 7.35281 -37.33377
 7.37288 -37.36654
 7.36880 -37.37894
 7.37330 -37.38183
 7.40407 -37.39496
 7.44991 -37.39930
 7.46983 -37.40478
 7.47699 -37.41025
 7.58189 -37.43733
 7.59437 -37.43661
 7.67160 -37.41273
 7.70987 -37.40488
 7.81151 -37.40550
 7.83069 -37.40798
 7.84882 -37.41418
 7.88409 -37.43248
 7.90151 -37.43754
 7.92965 -37.43051
 7.96902 -37.39454
 7.99667 -37.39454
 8.01359 -37.45573
 8.01793 -37.48746
 8.00641 -37.51319
 7.96566 -37.53335
 7.95502 -37.54813
 7.95212 -37.56859
 7.95649 -37.58905
 7.96445 -37.61665
 7.97540 -37.61944
 7.99096 -37.61913
 8.00897 -37.61334
 8.04023 -37.59608
 8.05959 -37.59216
 8.13144 -37.59340
 8.21772 -37.60487
 8.22958 -37.60445
 8.23508 -37.59526
 8.25381 -37.52064
 8.26035 -37.50462
 8.27156 -37.48880
 8.27926 -37.48084
 8.28443 -37.47764
 8.30192 -37.47268
 8.31107 -37.46720
 8.33962 -37.47154
 8.38324 -37.48901
 8.40171 -37.50100
 8.41874 -37.51722
 8.42930 -37.53738
 8.42832 -37.56074
 8.41075 -37.57975
 8.38445 -37.59267
 8.36417 -37.60662
 8.36468 -37.62854
 8.35639 -37.69499
 8.34520 -37.71442
 8.34564 -37.72868
 8.35019 -37.74388
 8.35122 -37.76620
 8.33678 -37.83369
 8.33761 -37.85953
 8.38404 -38.04773
 8.40099 -38.18426
 8.41450 -38.23976
 8.40993 -38.25992
 8.39869 -38.27697
 8.38352 -38.29196
 8.37768 -38.29609
 8.37032 -38.29950
 8.34869 -38.30560
 8.30725 -38.30994
 8.26991 -38.32482
 8.26363 -38.36141
 8.27784 -38.40306
 8.30203 -38.43334
 8.31913 -38.44151
 8.38336 -38.45391
 8.39106 -38.45639
 8.39915 -38.46073
 8.41959 -38.47593
 8.44334 -38.49773
 8.44680 -38.50414
 8.45261 -38.52336
 8.45729 -38.54559
 8.45535 -38.56698
 8.44124 -38.58352
 8.41042 -38.64625
 8.39158 -38.65886
 8.36957 -38.66734
 8.34636 -38.67044
 8.29758 -38.65979
 8.28043 -38.66341
 8.26671 -38.67684
 8.25081 -38.69968
 8.18364 -38.68304
 8.16051 -38.68284
 8.13676 -38.68594
 8.11387 -38.68573
 8.09328 -38.67602
 8.12100 -38.65070
 8.13625 -38.63943
 8.15235 -38.63158
 8.23332 -38.61266
 8.25304 -38.60388
 8.23394 -38.54517
 8.21263 -38.55220
 8.16986 -38.58259
 8.14527 -38.59075
 8.13098 -38.59333
 8.09612 -38.60419
 8.02034 -38.61855
 8.00938 -38.61566
 7.99101 -38.60708
 7.95045 -38.59282
 7.89650 -38.56068
 7.84285 -38.51623
 7.80278 -38.49443
 7.76723 -38.45856
 7.74898 -38.44916
 7.72899 -38.44265
 7.69147 -38.42590
 7.67454 -38.42229
 7.62669 -38.41960
 7.55158 -38.42942
 7.52722 -38.42983
 7.51342 -38.42043
 7.50538 -38.40358
 7.49830 -38.38156
 7.48727 -38.35614
 7.47518 -38.34270
 7.45913 -38.33516
 7.43616 -38.32751
 7.41557 -38.31604
 7.38392 -38.28844
 7.36345 -38.27945
 7.32203 -38.27005
 7.30857 -38.25961
 7.22251 -38.12267
 7.19889 -38.09466
 7.16845 -38.07967
 7.13342 -38.07295
 7.09603 -38.06965
 7.07688 -38.07471
 7.05931 -38.09176
 7.04518 -38.11884
 7.03642 -38.15377
 7.05652 -38.24535
 7.06887 -38.26168
 7.11577 -38.30198
 7.13140 -38.31046
 7.16145 -38.33113
 7.15354 -38.35676
 7.13323 -38.38839
 7.12610 -38.42673
 7.11817 -38.45484
 7.09794 -38.48740
 7.08512 -38.52150
 7.09941 -38.55458
 7.10414 -38.58073
 7.07835 -38.61235
 7.03159 -38.64284
 6.97337 -38.66558
 6.82253 -38.63705
 6.78747 -38.64005
 6.77641 -38.64790
 6.76339 -38.66361
 6.75207 -38.68242
 6.74137 -38.71601
 6.67479 -38.84696
 6.67148 -38.86350
 6.66778 -38.91156
 6.66099 -38.93740
 6.64854 -38.95269
 6.63474 -38.96365
 6.60924 -39.00261
 6.54123 -39.07672
 6.52340 -39.09294
 6.50451 -39.09883
 6.45984 -39.10452
 6.36987 -39.12881
 6.32483 -39.12850
 6.30264 -39.11816
 6.28362 -39.10328
 6.26440 -39.09253
 6.24153 -39.09470
 6.19828 -39.11103
 6.17890 -39.12064
 6.16159 -39.13501
 6.14815 -39.03672
 6.15187 -38.99341
 6.19352 -38.94525
 6.20001 -38.94515
 6.22308 -38.93843
 6.25316 -38.91962
 6.30484 -38.89037
 6.33292 -38.86712
 6.34264 -38.86195
 6.37767 -38.78650
 6.38674 -38.77782
 6.40514 -38.76738
 6.41196 -38.76490
 6.40744 -38.72893
 6.40808 -38.70113
 6.40932 -38.69472
 6.43160 -38.61845
 6.43881 -38.57866
 6.44036 -38.53825
 6.43222 -38.48802
 6.41227 -38.45288
 6.37842 -38.43252
 6.32858 -38.42632
 6.24344 -38.43872
 6.21425 -38.43644
 6.19973 -38.42508
 6.18931 -38.40689
 6.17241 -38.38446
 6.15448 -38.37237
 6.11368 -38.36007
 6.05283 -38.32679
 6.03449 -38.31387
 6.01925 -38.29671
 6.01162 -38.29371
 6.00069 -38.29971
 5.97416 -38.32606
 5.94127 -38.38508
 5.93000 -38.39552
 5.91822 -38.39221
 5.87065 -38.31945
 5.86721 -38.29888
 5.86621 -38.27780
 5.86132 -38.25640
 5.86478 -38.23429
 5.89031 -38.21486
 6.10526 -38.09207
 6.12560 -38.08763
 6.15368 -38.08877
 6.17523 -38.09652
 6.17585 -38.11192
 6.16440 -38.13310
 6.16120 -38.15564
 6.16929 -38.17662
 6.19164 -38.19305
 6.21605 -38.19553
 6.25380 -38.17682
 6.27486 -38.17920
 6.31212 -38.19481
 6.32690 -38.20648
 6.35078 -38.27108
 6.38728 -38.29640
 6.42894 -38.29433
 6.46160 -38.25795
 6.46570 -38.24028
 6.46514 -38.22085
 6.46121 -38.20039
 6.45521 -38.17961
 6.45736 -38.16752
 6.48643 -38.14210
 6.50402 -38.12287
 6.52906 -38.08112
 6.53301 -38.07047
 6.54397 -38.05187
 6.56063 -38.03719
 6.57453 -38.02148
 6.57730 -37.99978
 6.56893 -37.97518
 6.56707 -37.96247
 6.56862 -37.93043
 6.57213 -37.92454
 6.59092 -37.90232
 6.59009 -37.88444
 6.57459 -37.86769
 6.50880 -37.82088
 6.46661 -37.80248
 6.42483 -37.80434
 6.38548 -37.83752
 6.34804 -37.85726
 6.29597 -37.85322
 6.24381 -37.83607
 6.20598 -37.81695
 6.16712 -37.78935
 6.14627 -37.77995
 6.12175 -37.77798
 6.04836 -37.78925
 6.02260 -37.78749
 6.00873 -37.79421
 6.00180 -37.81705
 5.99534 -37.84961
 5.95375 -37.95027
 5.94209 -37.97167
 5.92548 -37.98066
 5.90119 -37.98614
 5.85853 -38.00567
 5.81158 -38.01580
 5.79011 -38.02613
 5.77399 -38.04267
 5.76621 -38.06623
 5.75440 -38.08484
 5.73076 -38.09166
 5.70572 -38.08753
 5.68976 -38.07295
 5.65741 -38.00949
 5.64854 -37.96050
 5.63671 -37.94397
 5.61844 -37.93735
 5.54938 -37.95286
 5.49752 -37.95255
 5.44631 -37.94252
 5.40308 -37.92443
 5.37944 -37.91141
 5.36027 -37.90459
 5.33996 -37.90325
 5.29185 -37.90873
 5.26924 -37.90748
 5.24932 -37.90056
 5.23635 -37.88568
 5.23524 -37.86201
 5.24717 -37.84155
 5.26335 -37.82284
 5.27492 -37.80444
 5.28813 -37.75659
 5.30740 -37.70843
 5.31296 -37.68569
 5.30833 -37.66512
 5.29578 -37.64817
 5.27751 -37.63629
 5.26441 -37.62264
 5.25348 -37.59939
 5.23759 -37.55453
 5.18547 -37.45583
 5.16516 -37.40354
 5.16211 -37.35072
 5.17028 -37.32695
 5.19441 -37.28561
 5.20128 -37.25977
 5.20441 -37.22908
 5.20402 -37.21378
 5.19015 -37.11849
 5.19010 -37.09430
 5.20172 -37.01865
 5.19919 -36.99436
 5.18612 -36.97152
 5.15028 -36.94186
 5.10788 -36.92078
 4.95903 -36.87437
 4.93662 -36.87375
 4.91102 -36.88057
 4.86260 -36.90238
 4.83619 -36.90899
 4.77818 -36.90269
 4.72609 -36.87654
 4.63424 -36.80419
 4.56047 -36.75686
 4.52040 -36.73815
 4.47957 -36.72389
 4.47319 -36.72058
 4.46727 -36.71479
 4.45459 -36.69536
 4.44218 -36.66064
 4.43118 -36.64886
 4.43260 -36.64296
 4.44146 -36.62818
 4.44337 -36.61950
 4.44017 -36.46302
 4.43645 -36.27720
 4.43821 -36.26428
 4.44699 -36.24609
 4.44965 -36.23627
 4.44960 -36.22573
 4.44492 -36.19131
 4.44372 -36.04532
 4.44368 -36.04134
 4.44914 -36.01840
 4.46296 -35.99711
 4.49686 -35.95835
 4.50805 -35.94047
 4.52218 -35.93375
 4.53921 -35.93406
 4.55926 -35.93706
 4.57853 -35.93603
 4.60207 -35.92280
 4.61933 -35.92084
 4.76418 -35.78451
 4.80573 -35.76002
 4.85436 -35.75165
 5.06344 -35.75588
 5.07633 -35.76095
 5.12462 -35.79919
 5.14467 -35.80735
 5.16527 -35.80715
 5.18927 -35.79826
 5.22715 -35.77842
 5.24658 -35.77531
 5.26986 -35.78203
 5.30911 -35.80911
 5.31802 -35.80415
 5.33916 -35.74937
 5.37960 -35.68364
 5.38642 -35.65832
 5.38208 -35.63982
 5.37378 -35.62194
 5.36874 -35.59817
 5.37533 -35.57388
 5.41008 -35.53078
 5.42342 -35.50804
 5.42804 -35.49016
 5.43075 -35.46929
 5.43075 -35.44820
 5.42722 -35.43022
 5.41256 -35.40821
 5.36805 -35.36748
 5.35236 -35.34495
 5.34872 -35.32077
1 637 3.40333 11.0897 -47.9792 -39.0904 'Somali (Ethiopia)'
 7.99657 -47.97917
 7.94970 -47.93059
 7.90283 -47.88181
 7.85596 -47.83318
 7.80914 -47.78466
 7.76221 -47.73603
 7.71540 -47.68751
 7.66853 -47.63893
 7.62165 -47.59025
 7.57484 -47.54168
 7.56586 -47.53239
 7.52791 -47.49310
 7.48104 -47.44452
 7.43417 -47.39595
 7.38730 -47.34737
 7.34038 -47.29880
 7.29351 -47.25012
 7.24669 -47.20144
 7.19982 -47.15286
 7.15300 -47.10429
 7.10608 -47.05561
 7.05921 -47.00703
 7.01229 -46.95856
 6.96547 -46.90998
 6.91860 -46.86141
 6.87167 -46.81273
 6.82488 -46.76410
 6.77799 -46.71558
 6.73111 -46.66700
 6.68424 -46.61843
 6.66463 -46.59806
 6.62146 -46.55321
 6.57831 -46.50841
 6.55864 -46.48805
 6.53829 -46.46696
 6.49674 -46.42392
 6.43426 -46.36294
 6.37173 -46.30206
 6.30923 -46.24098
 6.24673 -46.17990
 6.18422 -46.11882
 6.12172 -46.05784
 6.05919 -45.99681
 5.99669 -45.93599
 5.87951 -45.82871
 5.76234 -45.72143
 5.64506 -45.61415
 5.54056 -45.51848
 5.52788 -45.50687
 5.41070 -45.39959
 5.29348 -45.29236
 5.17625 -45.18502
 5.05907 -45.07774
 4.99688 -45.02090
 4.99688 -45.02064
 4.91148 -44.94153
 4.89939 -44.91259
 4.90254 -44.85838
 4.90554 -44.80655
 4.90856 -44.75477
 4.91156 -44.70288
 4.91451 -44.65110
 4.91750 -44.59922
 4.91764 -44.59681
 4.92048 -44.54744
 4.92347 -44.49556
 4.92644 -44.44373
 4.92947 -44.39200
 4.93244 -44.34011
 4.93549 -44.28834
 4.93849 -44.23645
 4.94143 -44.18467
 4.94448 -44.13279
 4.94745 -44.08101
 4.95045 -44.02913
 4.95396 -43.96897
 4.94520 -43.93228
 4.91435 -43.84516
 4.90748 -43.81519
 4.88479 -43.71648
 4.86735 -43.64052
 4.84157 -43.52848
 4.80883 -43.45934
 4.75565 -43.34700
 4.70150 -43.23279
 4.64770 -43.11926
 4.57889 -43.03544
 4.51737 -42.96041
 4.50758 -42.95255
 4.49686 -42.94594
 4.46322 -42.93250
 4.39330 -42.91472
 4.36110 -42.89963
 4.32817 -42.87019
 4.32677 -42.86894
 4.30232 -42.83163
 4.28561 -42.78977
 4.27349 -42.71866
 4.24786 -42.56828
 4.22171 -42.41501
 4.20173 -42.29729
 4.20096 -42.22185
 4.20008 -42.13534
 4.19189 -42.10289
 4.17455 -42.06837
 4.12949 -42.01183
 4.08621 -41.94124
 4.07055 -41.92347
 4.05110 -41.91665
 4.02045 -41.91747
 4.00797 -41.91220
 3.99691 -41.89846
 3.97723 -41.88502
 3.94945 -41.83593
 3.95816 -41.79138
 3.98141 -41.74735
 3.99691 -41.69981
 3.97270 -41.65744
 3.96945 -41.64297
 3.97208 -41.62870
 3.98307 -41.60225
 3.98415 -41.58633
 3.96438 -41.50623
 3.96294 -41.47977
 3.94888 -41.42954
 3.94242 -41.31741
 3.93661 -41.21529
 3.94268 -41.16300
 3.96234 -41.11452
 3.99691 -41.07008
 4.08668 -41.00590
 4.11076 -40.97975
 4.12037 -40.96363
 4.13665 -40.91588
 4.14592 -40.89769
 4.15605 -40.88735
 4.18698 -40.87061
 4.21499 -40.84601
 4.25584 -40.78576
 4.28493 -40.76374
 4.24351 -40.70070
 4.21160 -40.61750
 4.17106 -40.51187
 4.12138 -40.38268
 4.11608 -40.37700
 4.09993 -40.37111
 4.09487 -40.36573
 4.06745 -40.28687
 4.03216 -40.18559
 4.03200 -40.18280
 4.03283 -40.17980
 4.03454 -40.17680
 4.03547 -40.16719
 4.03149 -40.16626
 4.02526 -40.16698
 4.01939 -40.16244
 3.99691 -40.11717
 3.95012 -40.02022
 3.90870 -39.93413
 3.86728 -39.84845
 3.84258 -39.82830
 3.79029 -39.80866
 3.71657 -39.78075
 3.68575 -39.76422
 3.66058 -39.74510
 3.58872 -39.66645
 3.52891 -39.60082
 3.49790 -39.57498
 3.43132 -39.55317
 3.40501 -39.53633
 3.40333 -39.50439
 3.41390 -39.48847
 3.42726 -39.48093
 3.44080 -39.47566
 3.45201 -39.46698
 3.46237 -39.43618
 3.46609 -39.31133
 3.48454 -39.32052
 3.49490 -39.31587
 3.49568 -39.30275
 3.49199 -39.29634
 3.46969 -39.25758
 3.46870 -39.21945
 3.47700 -39.18048
 3.51833 -39.09044
 3.52867 -39.10214
 3.53627 -39.09522
 3.58066 -39.17676
 3.61725 -39.26172
 3.64257 -39.30068
 3.68401 -39.33303
 3.91754 -39.46977
 3.97965 -39.49860
 4.02115 -39.48589
 4.04097 -39.48382
 4.06182 -39.48858
 4.14659 -39.52041
 4.23450 -39.54149
 4.24767 -39.54811
 4.29382 -39.58511
 4.65700 -39.74200
 4.68356 -39.74820
 4.74232 -39.75140
 4.85149 -39.77042
 4.93339 -39.79988
 5.01507 -39.82044
 5.08884 -39.85827
 5.24650 -39.91946
 5.38319 -40.01454
 5.39908 -40.03604
 5.39970 -40.05113
 5.38357 -40.07945
 5.36882 -40.11541
 5.35456 -40.18745
 5.35719 -40.20874
 5.37502 -40.25938
 5.37611 -40.26796
 5.37502 -40.29359
 5.38187 -40.32460
 5.38551 -40.36604
 5.40249 -40.44046
 5.40249 -40.48686
 5.40639 -40.49565
 5.41073 -40.50278
 5.41554 -40.52882
 5.42352 -40.54670
 5.56542 -40.70432
 5.64588 -40.84973
 5.69950 -40.92249
 5.78476 -40.88725
 5.81169 -40.88012
 5.84047 -40.87774
 5.92008 -40.87929
 6.11040 -40.86555
 6.16192 -40.87278
 6.18678 -40.87898
 6.21226 -40.88250
 6.23799 -40.88363
 6.26360 -40.88250
 6.28458 -40.87754
 6.30752 -40.86947
 6.33044 -40.86369
 6.37178 -40.86668
 6.41992 -40.85852
 6.44219 -40.86524
 6.51226 -40.90441
 6.53368 -40.92043
 6.59017 -40.97882
 6.65631 -41.02843
 6.67605 -41.04941
 6.69019 -41.07349
 6.69274 -41.12197
 6.67058 -41.16982
 6.63833 -41.21715
 6.57275 -41.34138
 6.56490 -41.39161
 6.55686 -41.41611
 6.54467 -41.43895
 6.52937 -41.45931
 6.36400 -41.62199
 6.38674 -41.63325
 6.40088 -41.64886
 6.42643 -41.68648
 6.44480 -41.70188
 6.51164 -41.73588
 6.54125 -41.76368
 6.56598 -41.80678
 6.56994 -41.84585
 6.53715 -41.86115
 6.53800 -41.88523
 6.54345 -41.90879
 6.55249 -41.93153
 6.56402 -41.95282
 6.56924 -41.95985
 6.59570 -41.98579
 6.60644 -41.99313
 6.61557 -41.99798
 6.62355 -42.00098
 6.64311 -42.01411
 6.66218 -42.02424
 6.73186 -42.04139
 6.77271 -42.06940
 6.79571 -42.07912
 6.81442 -42.06878
 6.82690 -42.07777
 6.83700 -42.07932
 6.85909 -42.07560
 6.86999 -42.07777
 6.88764 -42.08707
 6.89322 -42.08925
 6.91916 -42.09307
 6.93369 -42.10351
 6.95159 -42.13699
 6.96412 -42.13472
 6.97175 -42.13968
 6.97699 -42.14650
 6.98231 -42.15002
 6.98177 -42.15229
 7.01303 -42.16428
 7.03368 -42.17792
 7.04461 -42.18288
 7.05771 -42.18485
 7.07967 -42.18371
 7.09101 -42.18464
 7.09900 -42.18857
 7.12995 -42.20841
 7.17512 -42.22247
 7.22266 -42.22712
 7.28524 -42.21441
 7.29304 -42.20748
 7.41234 -41.90145
 7.42774 -41.89194
 7.45763 -41.88409
 7.51076 -41.87510
 7.53324 -41.87375
 7.55246 -41.87655
 7.59341 -41.89060
 7.69529 -41.93649
 7.75144 -41.95344
 7.79513 -41.94786
 7.82464 -41.93019
 7.84841 -41.92078
 7.87360 -41.91768
 8.11558 -41.93132
 8.17131 -41.94093
 8.21999 -41.96119
 8.29812 -42.01710
 8.32515 -42.02930
 8.35140 -42.03095
 8.40977 -42.02506
 8.43372 -42.03230
 8.48282 -42.07116
 8.52522 -42.11271
 8.60477 -42.20707
 8.62278 -42.27414
 8.55139 -42.31331
 8.53870 -42.32675
 8.51620 -42.44664
 8.49253 -42.50359
 8.45036 -42.53335
 8.28309 -42.56260
 8.23082 -42.58038
 8.18376 -42.60446
 8.14757 -42.63453
 8.14077 -42.66843
 8.18190 -42.70388
 8.32730 -42.74378
 8.36546 -42.77044
 8.37634 -42.79153
 8.39902 -42.87989
 8.41238 -42.89695
 8.43551 -42.90294
 8.46227 -42.90449
 8.51098 -42.91338
 8.53819 -42.91431
 8.56539 -42.91162
 8.58981 -42.90594
 8.60991 -42.89498
 8.66229 -42.84403
 8.70732 -42.83328
 8.80029 -42.86553
 8.84037 -42.85695
 8.85786 -42.83876
 8.88964 -42.79484
 8.90757 -42.77489
 8.98320 -42.70533
 9.08022 -42.64404
 9.11975 -42.62575
 9.13756 -42.62368
 9.16430 -42.62585
 9.17228 -42.62182
 9.19042 -42.60353
 9.21019 -42.59226
 9.30473 -42.55888
 9.32026 -42.55619
 9.34300 -42.55444
 9.35152 -42.55185
 9.47927 -42.48736
 9.52523 -42.45501
 9.56159 -42.41884
 9.56774 -42.38711
 9.66561 -42.39352
 9.70832 -42.38091
 9.72036 -42.34101
 9.76258 -42.30267
 9.78057 -42.25430
 9.77439 -42.20314
 9.74411 -42.15632
 9.62900 -42.04036
 9.62536 -42.02196
 9.63517 -41.99550
 9.67657 -41.91892
 9.68388 -41.89205
 9.67801 -41.86652
 9.64750 -41.81846
 9.64799 -41.79831
 9.64014 -41.76296
 9.58494 -41.74064
 9.51774 -41.73175
 9.47376 -41.73692
 9.46821 -41.71170
 9.46996 -41.68627
 9.48030 -41.66457
 9.50045 -41.65072
 9.51404 -41.63749
 9.51758 -41.61517
 9.51477 -41.58953
 9.50924 -41.56649
 9.49888 -41.54633
 9.46888 -41.51130
 9.45971 -41.49321
 9.46113 -41.47161
 9.48805 -41.39533
 9.50415 -41.31265
 9.50588 -41.26986
 9.49658 -41.23090
 9.48955 -41.22005
 9.46133 -41.19328
 9.44459 -41.17178
 9.43129 -41.15018
 9.42054 -41.12713
 9.40312 -41.07907
 9.39224 -41.05820
 9.37901 -41.03866
 9.36343 -41.02047
 9.35821 -41.01107
 9.35679 -41.00022
 9.35643 -40.98895
 9.35434 -40.97831
 9.34899 -40.96776
 9.32863 -40.93614
 9.31323 -40.89232
 9.30806 -40.86751
 9.30708 -40.84643
 9.31408 -40.82390
 9.32873 -40.80922
 9.34948 -40.80002
 9.37473 -40.79392
 9.39462 -40.79775
 9.39731 -40.81573
 9.38764 -40.86048
 9.38912 -40.88549
 9.39591 -40.91051
 9.40896 -40.92405
 9.42922 -40.91454
 9.45699 -40.86689
 9.45663 -40.82038
 9.44710 -40.77119
 9.44733 -40.71558
 9.44849 -40.70886
 9.44855 -40.70442
 9.44725 -40.70049
 9.44439 -40.69512
 9.51394 -40.70401
 9.58624 -40.72220
 9.62360 -40.73708
 9.75971 -40.82596
 9.82062 -40.88084
 9.92901 -41.00714
 9.95112 -41.02182
 9.96474 -41.01252
 9.98244 -40.96849
 9.99670 -40.95205
 10.02215 -40.94337
 10.04704 -40.94317
 10.59116 -41.08662
 10.61884 -41.08703
 10.66031 -41.08124
 10.67930 -41.08331
 10.69924 -41.09230
 10.74069 -41.12682
 10.81557 -41.20413
 10.86140 -41.23245
 10.88714 -41.23855
 10.91437 -41.24227
 10.93980 -41.25043
 10.96013 -41.27048
 10.96711 -41.29229
 10.96429 -41.69113
 10.96708 -41.71986
 10.97445 -41.73888
 10.98483 -41.75583
 10.98936 -41.76627
 10.98947 -41.76652
 10.98005 -41.77381
 10.97068 -41.79872
 10.94706 -41.91685
 10.94194 -41.92026
 10.93603 -41.92285
 10.93107 -41.92884
 10.92982 -41.93752
 10.93355 -41.94279
 10.93853 -41.94734
 10.94127 -41.95416
 10.94360 -42.01080
 10.95044 -42.03839
 10.98150 -42.06940
 10.99026 -42.09627
 10.99620 -42.15136
 10.98455 -42.20273
 10.98434 -42.22164
 10.98770 -42.23518
 11.00352 -42.27084
 11.00439 -42.27941
 11.00377 -42.29729
 11.00460 -42.30587
 11.01550 -42.33853
 11.01189 -42.36117
 11.00667 -42.37667
 11.00589 -42.39176
 11.01594 -42.41326
 11.05912 -42.47971
 11.08615 -42.56973
 11.08909 -42.60815
 11.08966 -42.61562
 11.07305 -42.68652
 11.07212 -42.71040
 11.06501 -42.72962
 11.01054 -42.75484
 10.99646 -42.77179
 10.99160 -42.79411
 10.98744 -42.83545
 10.98042 -42.86015
 10.97825 -42.87328
 10.98357 -42.88806
 10.99569 -42.89808
 11.00419 -42.90811
 10.99879 -42.92372
 10.97737 -42.91131
 10.93659 -42.90118
 10.91967 -42.89354
 10.90574 -42.87679
 10.88841 -42.83483
 10.87257 -42.81943
 10.85262 -42.81158
 10.83611 -42.80765
 10.82079 -42.80124
 10.80441 -42.78564
 10.77583 -42.74988
 10.75978 -42.73809
 10.73550 -42.72859
 10.69485 -42.71897
 10.67516 -42.71164
 10.65855 -42.69965
 10.64767 -42.68022
 10.64163 -42.66027
 10.63222 -42.64725
 10.61103 -42.64859
 10.56623 -42.66854
 10.52471 -42.69520
 10.47164 -42.75039
 10.45195 -42.76579
 10.42461 -42.77664
 10.33332 -42.78946
 10.26912 -42.80817
 10.20809 -42.83628
 10.17716 -42.86232
 10.11556 -42.95824
 10.09163 -42.98190
 10.06197 -42.99989
 10.02929 -43.01260
 9.99642 -43.02076
 9.94999 -43.03988
 9.92252 -43.06769
 9.90792 -43.10427
 9.89999 -43.14985
 9.88333 -43.18721
 9.85121 -43.20633
 9.69179 -43.23527
 9.65233 -43.24881
 9.62835 -43.27067
 9.62153 -43.29770
 9.61755 -43.30597
 9.60766 -43.31558
 9.58590 -43.32509
 9.57508 -43.33175
 9.56639 -43.34136
 9.55316 -43.36152
 9.54422 -43.37066
 9.49893 -43.39335
 9.48095 -43.39945
 9.44741 -43.40198
 9.42865 -43.40632
 9.41302 -43.41903
 9.38201 -43.47123
 9.33607 -43.54823
 9.33432 -43.56683
 9.34359 -43.59122
 9.34462 -43.60724
 9.33690 -43.62150
 9.26716 -43.69845
 9.18670 -43.78759
 9.07149 -43.91492
 9.00831 -43.98479
 8.98553 -44.02386
 8.95922 -44.10406
 8.93028 -44.19222
 8.90140 -44.28038
 8.87246 -44.36854
 8.84354 -44.45670
 8.81461 -44.54475
 8.78572 -44.63302
 8.75678 -44.72107
 8.72784 -44.80923
 8.69893 -44.89729
 8.67004 -44.98555
 8.64115 -45.07356
 8.61214 -45.16177
 8.58328 -45.24988
 8.55441 -45.33809
 8.52548 -45.42615
 8.49654 -45.51441
 8.46842 -45.59844
 8.44031 -45.68236
 8.41223 -45.76638
 8.38411 -45.85020
 8.35600 -45.93413
 8.32789 -46.01805
 8.29973 -46.10192
 8.27164 -46.18589
 8.24355 -46.26982
 8.21547 -46.35384
 8.18736 -46.43771
 8.15924 -46.52169
 8.13113 -46.60571
 8.10297 -46.68953
 8.07491 -46.77356
 8.04675 -46.85738
 8.02561 -46.92053
 7.99657 -46.97923
 7.99652 -47.06811
 7.99652 -47.21059
 7.99652 -47.36608
 7.99652 -47.52359
 7.99652 -47.65392
 7.99652 -47.83670
 7.99657 -47.97917
2 366 8.84292 14.466 -42.3795 -39.6682 'Afar (Ethiopia)'
 11.88091 -41.97468
 11.82744 -41.93639
 11.81644 -41.92533
 11.80595 -41.91148
 11.79938 -41.89752
 11.79603 -41.88626
 11.79013 -41.87778
 11.77587 -41.87220
 11.76306 -41.86228
 11.74611 -41.82301
 11.73624 -41.80823
 11.70445 -41.79241
 11.62865 -41.77867
 11.53795 -41.74911
 11.48338 -41.74983
 11.36843 -41.77567
 11.25973 -41.78797
 11.06739 -41.78559
 11.02468 -41.77929
 10.99620 -41.76131
 10.98947 -41.76652
 10.98936 -41.76627
 10.98483 -41.75583
 10.97445 -41.73888
 10.96708 -41.71986
 10.96429 -41.69113
 10.96711 -41.29229
 10.96013 -41.27048
 10.93980 -41.25043
 10.91437 -41.24227
 10.88714 -41.23855
 10.86140 -41.23245
 10.81557 -41.20413
 10.74069 -41.12682
 10.69924 -41.09230
 10.67930 -41.08331
 10.66031 -41.08124
 10.61884 -41.08703
 10.59116 -41.08662
 10.04704 -40.94317
 10.02215 -40.94337
 9.99670 -40.95205
 9.98244 -40.96849
 9.96474 -41.01252
 9.95112 -41.02182
 9.92901 -41.00714
 9.82062 -40.88084
 9.75971 -40.82596
 9.62360 -40.73708
 9.58624 -40.72220
 9.51394 -40.70401
 9.44439 -40.69512
 9.41798 -40.66907
 9.40255 -40.64169
 9.39457 -40.61037
 9.38243 -40.52789
 9.36674 -40.49358
 9.34289 -40.46361
 9.31052 -40.43178
 9.27760 -40.40532
 9.16838 -40.33731
 9.15143 -40.32387
 9.08981 -40.26083
 9.07578 -40.25328
 9.05991 -40.25029
 9.03769 -40.24832
 9.00632 -40.23685
 8.98661 -40.21473
 8.97018 -40.18797
 8.96770 -40.15500
 8.90431 -40.12006
 8.88468 -40.10022
 8.84292 -40.03903
 8.84646 -40.02643
 8.86881 -40.02064
 8.93496 -40.04451
 8.97852 -40.04420
 8.99855 -40.02581
 9.00449 -39.99315
 9.00588 -39.94994
 9.02457 -39.95335
 9.03588 -39.94839
 9.04482 -39.93940
 9.05642 -39.93072
 9.07451 -39.92555
 9.11846 -39.91853
 9.13407 -39.91129
 9.14492 -39.89072
 9.14544 -39.86385
 9.13898 -39.81073
 9.17823 -39.83357
 9.22192 -39.86747
 9.26825 -39.89424
 9.31535 -39.89527
 9.34289 -39.85972
 9.34927 -39.84659
 9.35633 -39.81931
 9.36057 -39.80897
 9.37679 -39.79471
 9.39289 -39.79740
 9.40862 -39.81176
 9.42377 -39.83285
 9.45958 -39.86902
 9.50464 -39.88835
 9.55497 -39.89475
 9.60675 -39.89217
 9.70101 -39.85548
 9.74106 -39.85238
 9.75163 -39.89269
 9.72832 -39.97661
 9.72809 -40.01537
 9.75594 -40.02911
 9.76834 -40.02508
 9.77938 -40.01826
 9.79077 -40.01278
 9.80423 -40.01278
 9.83881 -40.04027
 9.85831 -40.04916
 9.89769 -40.07728
 9.91934 -40.08523
 9.95712 -40.08647
 9.97846 -40.07696
 9.99314 -40.05671
 10.01091 -40.02601
 10.02727 -40.00451
 10.04510 -39.99201
 10.06579 -39.99015
 10.09086 -40.00059
 10.10403 -40.01712
 10.10902 -40.04069
 10.10853 -40.06560
 10.10533 -40.08637
 10.09956 -40.10952
 10.09755 -40.12420
 10.10406 -40.13174
 10.12388 -40.13350
 10.15057 -40.12998
 10.17674 -40.12420
 10.20305 -40.12089
 10.23010 -40.12471
 10.27663 -40.14311
 10.29485 -40.14662
 10.42141 -40.15665
 10.44122 -40.16223
 10.46272 -40.17401
 10.48205 -40.17784
 10.48921 -40.17794
 10.49546 -40.17701
 10.56757 -40.15376
 10.59186 -40.15376
 10.64090 -40.16419
 10.66253 -40.16399
 10.67537 -40.15789
 10.71304 -40.12678
 10.73968 -40.11521
 10.76198 -40.11490
 10.78358 -40.12327
 10.83360 -40.15210
 10.85998 -40.16285
 10.88693 -40.16512
 10.91411 -40.15427
 10.94083 -40.12864
 11.02514 -40.18487
 11.03958 -40.19220
 11.05721 -40.19644
 11.07568 -40.19665
 11.11046 -40.19138
 11.15795 -40.18859
 11.18492 -40.18228
 11.21061 -40.17205
 11.28293 -40.13195
 11.30280 -40.11717
 11.31954 -40.09815
 11.35233 -40.06735
 11.38153 -40.06963
 11.41067 -40.06932
 11.46581 -40.06126
 11.48953 -40.05247
 11.55826 -40.00927
 11.58061 -40.00017
 11.63200 -39.99356
 11.65358 -39.98767
 11.66055 -39.98426
 11.66404 -39.97909
 11.67402 -39.95728
 11.69133 -39.93651
 11.71226 -39.91873
 11.77507 -39.88318
 11.79543 -39.87677
 11.82261 -39.87563
 11.91932 -39.88349
 11.92429 -39.88173
 11.93821 -39.85786
 11.94728 -39.85031
 11.95506 -39.84514
 11.96795 -39.83822
 11.98234 -39.83274
 11.99619 -39.83150
 12.02536 -39.83212
 12.04063 -39.83026
 12.05547 -39.82644
 12.06926 -39.82013
 12.09572 -39.80174
 12.10818 -39.80050
 12.12068 -39.80256
 12.13505 -39.80277
 12.16213 -39.79460
 12.21383 -39.76939
 12.24315 -39.76215
 12.25672 -39.76122
 12.26755 -39.76143
 12.27788 -39.76339
 12.32501 -39.77972
 12.34018 -39.79740
 12.36038 -39.80566
 12.38328 -39.80814
 12.40640 -39.80856
 12.42702 -39.80566
 12.45782 -39.79130
 12.47451 -39.78830
 12.52451 -39.79264
 12.56611 -39.80432
 12.60318 -39.82582
 12.63949 -39.85972
 12.66819 -39.87553
 12.71393 -39.88731
 12.76106 -39.89186
 12.79395 -39.88535
 12.83348 -39.86034
 12.84883 -39.84421
 12.85503 -39.82354
 12.85764 -39.80143
 12.86472 -39.78675
 12.88939 -39.75636
 12.89417 -39.75450
 12.91043 -39.76153
 12.92180 -39.76484
 12.94363 -39.76432
 12.97177 -39.76908
 12.99151 -39.76990
 13.03843 -39.76536
 13.04050 -39.77828
 13.05313 -39.79130
 13.07075 -39.80205
 13.08775 -39.80783
 13.09372 -39.80639
 13.10700 -39.79460
 13.11729 -39.78861
 13.19377 -39.77311
 13.20503 -39.76701
 13.20762 -39.76381
 13.21206 -39.75409
 13.21622 -39.74810
 13.23216 -39.73311
 13.23640 -39.73032
 13.25260 -39.72319
 13.26539 -39.72112
 13.36657 -39.74158
 13.39076 -39.74417
 13.41616 -39.74138
 13.45657 -39.72484
 13.48150 -39.72412
 13.55855 -39.74789
 13.57145 -39.75616
 13.55390 -39.79409
 13.57165 -39.82303
 13.61460 -39.82799
 13.66351 -39.81889
 13.69927 -39.80556
 13.73526 -39.79760
 13.77877 -39.80194
 13.87210 -39.82086
 13.93024 -39.81962
 13.93610 -39.81889
 13.94292 -39.81683
 13.95093 -39.81300
 13.96227 -39.79843
 13.97362 -39.79212
 13.98791 -39.79212
 14.02449 -39.79657
 14.04175 -39.79574
 14.06204 -39.79223
 14.08020 -39.78489
 14.09097 -39.77259
 14.08839 -39.76102
 14.08214 -39.74541
 14.08289 -39.73125
 14.10123 -39.72360
 14.10971 -39.72846
 14.14529 -39.76143
 14.15402 -39.74655
 14.15818 -39.72939
 14.15927 -39.71244
 14.15872 -39.69787
 14.16510 -39.69043
 14.18309 -39.69477
 14.23489 -39.72019
 14.28220 -39.76556
 14.29546 -39.76835
 14.30923 -39.75295
 14.30396 -39.69198
 14.31592 -39.66872
 14.32453 -39.66820
 14.33383 -39.67554
 14.35569 -39.70283
 14.37357 -39.73476
 14.38672 -39.80442
 14.38504 -39.82096
 14.37354 -39.86116
 14.36501 -39.93692
 14.36837 -39.96359
 14.36977 -39.96679
 14.37233 -39.96989
 14.38109 -39.97682
 14.39447 -39.98322
 14.39780 -39.98405
 14.42346 -39.98560
 14.43692 -39.98477
 14.44522 -39.98250
 14.45183 -39.99201
 14.45524 -39.99984
 14.45116 -40.02322
 14.45152 -40.03748
 14.46576 -40.08689
 14.46597 -40.10456
 14.44465 -40.19437
 14.42744 -40.23768
 14.40457 -40.27706
 14.33524 -40.35369
 14.27376 -40.42165
 14.24440 -40.47983
 14.19469 -40.58587
 14.18580 -40.61409
 14.17322 -40.70442
 14.14836 -40.77232
 14.10596 -40.83320
 13.98992 -40.93779
 13.87249 -41.04362
 13.73818 -41.12134
 13.61586 -41.19204
 13.58661 -41.22222
 13.50228 -41.35709
 13.39378 -41.53073
 13.30934 -41.63553
 13.24793 -41.71180
 13.20832 -41.75076
 13.16457 -41.78477
 13.11279 -41.81660
 12.94797 -41.89432
 12.87617 -41.94662
 12.82697 -42.02465
 12.80392 -42.08170
 12.77333 -42.13730
 12.73305 -42.18495
 12.62399 -42.25016
 12.51546 -42.33171
 12.46591 -42.37946
 12.38638 -42.31920
 12.32101 -42.28872
 12.14226 -42.15549
 12.10583 -42.14030
 12.09347 -42.13234
 12.08211 -42.10878
 12.07017 -42.09772
 11.99627 -42.05731
 11.88091 -41.97468
3 561 8.75611 13.7762 -40.1966 -35.2484 'Amhara (Ethiopia)'
 12.69566 -36.09943
 12.70181 -36.11504
 12.72145 -36.12361
 12.83255 -36.14325
 12.85694 -36.14304
 12.87185 -36.13870
 12.91172 -36.11535
 12.93389 -36.11442
 12.95097 -36.12599
 12.96554 -36.14087
 12.98024 -36.14987
 12.98882 -36.14956
 12.99737 -36.14635
 13.01332 -36.13839
 13.03244 -36.13695
 13.36164 -36.23358
 13.57103 -36.38210
 13.59935 -36.39130
 13.65594 -36.39481
 13.67604 -36.39843
 13.77618 -36.43994
 13.76621 -36.45372
 13.61462 -36.52462
 13.59912 -36.53847
 13.59894 -36.55501
 13.56563 -36.68678
 13.55798 -36.70621
 13.45722 -36.81649
 13.42471 -36.87220
 13.39665 -36.89628
 13.38921 -36.91478
 13.37340 -37.03198
 13.37283 -37.05307
 13.38164 -37.06661
 13.39345 -37.07828
 13.42228 -37.13255
 13.42468 -37.13999
 13.42903 -37.16138
 13.43176 -37.19311
 13.42675 -37.21833
 13.41438 -37.24778
 13.39722 -37.27424
 13.37784 -37.29047
 13.36991 -37.29905
 13.36727 -37.31362
 13.36179 -37.48643
 13.36740 -37.51588
 13.43171 -37.65427
 13.44399 -37.67029
 13.45975 -37.68466
 13.47814 -37.69416
 13.54806 -37.71866
 13.56563 -37.74233
 13.56548 -37.78108
 13.53946 -37.89157
 13.47450 -38.02500
 13.46882 -38.05848
 13.47313 -38.07120
 13.48352 -38.09176
 13.49649 -38.11130
 13.50848 -38.12060
 13.52486 -38.13651
 13.52261 -38.17279
 13.51434 -38.22302
 13.51264 -38.28111
 13.52584 -38.37991
 13.53532 -38.40048
 13.55137 -38.41577
 13.56804 -38.42549
 13.58204 -38.43572
 13.58997 -38.45257
 13.58718 -38.46383
 13.57617 -38.47396
 13.55886 -38.48151
 13.53713 -38.48533
 13.46778 -38.45495
 13.46347 -38.46073
 13.48512 -38.54476
 13.49396 -38.56832
 13.49737 -38.58393
 13.49871 -38.60398
 13.49173 -38.67509
 13.48447 -38.67726
 13.45453 -38.69090
 13.41164 -38.69813
 13.39363 -38.70496
 13.38626 -38.72139
 13.37489 -38.74609
 13.15845 -38.96964
 13.12711 -38.99579
 13.09527 -39.00127
 13.07670 -39.00013
 13.05254 -39.00230
 13.02964 -39.00726
 13.01497 -39.01439
 13.00678 -39.02742
 13.00339 -39.04519
 13.00388 -39.09615
 13.02357 -39.20549
 13.01585 -39.22430
 12.99642 -39.23309
 12.96541 -39.23691
 12.93316 -39.24435
 12.89720 -39.25645
 12.85343 -39.26554
 12.79780 -39.26368
 12.66592 -39.19030
 12.63241 -39.18472
 12.59729 -39.19216
 12.49645 -39.23299
 12.38617 -39.24342
 12.36403 -39.24797
 12.33700 -39.25820
 12.31258 -39.27267
 12.29829 -39.28993
 12.29630 -39.29892
 12.29909 -39.37272
 12.30282 -39.37406
 12.32511 -39.37747
 12.33227 -39.40796
 12.32775 -39.53374
 12.31212 -39.54284
 12.29093 -39.54573
 12.26977 -39.54366
 12.25416 -39.53788
 12.25106 -39.53912
 12.30380 -39.62955
 12.30654 -39.64009
 12.31083 -39.71192
 12.31602 -39.74655
 12.32501 -39.77972
 12.27788 -39.76339
 12.26755 -39.76143
 12.25672 -39.76122
 12.24315 -39.76215
 12.21383 -39.76939
 12.16213 -39.79460
 12.13505 -39.80277
 12.12068 -39.80256
 12.10818 -39.80050
 12.09572 -39.80174
 12.06926 -39.82013
 12.05547 -39.82644
 12.04063 -39.83026
 12.02536 -39.83212
 11.99619 -39.83150
 11.98234 -39.83274
 11.96795 -39.83822
 11.95506 -39.84514
 11.94728 -39.85031
 11.93821 -39.85786
 11.92429 -39.88173
 11.91932 -39.88349
 11.82261 -39.87563
 11.79543 -39.87677
 11.77507 -39.88318
 11.71226 -39.91873
 11.69133 -39.93651
 11.67402 -39.95728
 11.66404 -39.97909
 11.66055 -39.98426
 11.65358 -39.98767
 11.63200 -39.99356
 11.58061 -40.00017
 11.55826 -40.00927
 11.48953 -40.05247
 11.46581 -40.06126
 11.41067 -40.06932
 11.38153 -40.06963
 11.35233 -40.06735
 11.31954 -40.09815
 11.30280 -40.11717
 11.28293 -40.13195
 11.21061 -40.17205
 11.18492 -40.18228
 11.15795 -40.18859
 11.11046 -40.19138
 11.07568 -40.19665
 11.05721 -40.19644
 11.03958 -40.19220
 11.02514 -40.18487
 10.94083 -40.12864
 10.91411 -40.15427
 10.88693 -40.16512
 10.85998 -40.16285
 10.83360 -40.15210
 10.78358 -40.12327
 10.76198 -40.11490
 10.73968 -40.11521
 10.71304 -40.12678
 10.67537 -40.15789
 10.66253 -40.16399
 10.64090 -40.16419
 10.59186 -40.15376
 10.56757 -40.15376
 10.49546 -40.17701
 10.48921 -40.17794
 10.48205 -40.17784
 10.46272 -40.17401
 10.44122 -40.16223
 10.42141 -40.15665
 10.29485 -40.14662
 10.27663 -40.14311
 10.23010 -40.12471
 10.20305 -40.12089
 10.17674 -40.12420
 10.15057 -40.12998
 10.12388 -40.13350
 10.10406 -40.13174
 10.09755 -40.12420
 10.09956 -40.10952
 10.10533 -40.08637
 10.10853 -40.06560
 10.10902 -40.04069
 10.10403 -40.01712
 10.09086 -40.00059
 10.06579 -39.99015
 10.04510 -39.99201
 10.02727 -40.00451
 10.01091 -40.02601
 9.99314 -40.05671
 9.97846 -40.07696
 9.95712 -40.08647
 9.91934 -40.08523
 9.89769 -40.07728
 9.85831 -40.04916
 9.83881 -40.04027
 9.80423 -40.01278
 9.79077 -40.01278
 9.77938 -40.01826
 9.76834 -40.02508
 9.75594 -40.02911
 9.72809 -40.01537
 9.72832 -39.97661
 9.75163 -39.89269
 9.74106 -39.85238
 9.70101 -39.85548
 9.60675 -39.89217
 9.55497 -39.89475
 9.50464 -39.88835
 9.45958 -39.86902
 9.42377 -39.83285
 9.40862 -39.81176
 9.39289 -39.79740
 9.37679 -39.79471
 9.36057 -39.80897
 9.35633 -39.81931
 9.34927 -39.84659
 9.34289 -39.85972
 9.31535 -39.89527
 9.26825 -39.89424
 9.22192 -39.86747
 9.17823 -39.83357
 9.13898 -39.81073
 9.10348 -39.76618
 8.90005 -39.76897
 8.87137 -39.75884
 8.85179 -39.72784
 8.81515 -39.62511
 8.79510 -39.59038
 8.76102 -39.54284
 8.75611 -39.52175
 8.77009 -39.49633
 8.82450 -39.46057
 8.83509 -39.43008
 8.82975 -39.41520
 8.77928 -39.36342
 8.77722 -39.34192
 8.78174 -39.32414
 8.79060 -39.31112
 8.80163 -39.30430
 8.85587 -39.27887
 8.87243 -39.27732
 8.89134 -39.27929
 8.94881 -39.27619
 9.08743 -39.36269
 9.12006 -39.37437
 9.14978 -39.37158
 9.16492 -39.35101
 9.17556 -39.29748
 9.19275 -39.27743
 9.22561 -39.26296
 9.26225 -39.25438
 9.29062 -39.25159
 9.29917 -39.25789
 9.30039 -39.27443
 9.29899 -39.29779
 9.30519 -39.38419
 9.31052 -39.39680
 9.34610 -39.44600
 9.35054 -39.47163
 9.33824 -39.50677
 9.33889 -39.50842
 9.39901 -39.44930
 9.40793 -39.44290
 9.43219 -39.44682
 9.44402 -39.42574
 9.44971 -39.39618
 9.44831 -39.37313
 9.45560 -39.33634
 9.49792 -39.30430
 9.56107 -39.26854
 9.63094 -39.22027
 9.68111 -39.10431
 9.71770 -38.92179
 9.74902 -38.85802
 9.78883 -38.82526
 9.83413 -38.80759
 9.88286 -38.80025
 9.93304 -38.79870
 9.93999 -38.79684
 9.96596 -38.77761
 9.97652 -38.76666
 9.98409 -38.75725
 9.98931 -38.74888
 10.01288 -38.68532
 10.03127 -38.66558
 10.06135 -38.66341
 10.05298 -38.70372
 10.06166 -38.74196
 10.09670 -38.80779
 10.11124 -38.82102
 10.31190 -38.86360
 10.34836 -38.86484
 10.36268 -38.84717
 10.38223 -38.73152
 10.37094 -38.49794
 10.36317 -38.48802
 10.35374 -38.48295
 10.24578 -38.45629
 10.23441 -38.45009
 10.22692 -38.44110
 10.22346 -38.43200
 10.21777 -38.42642
 10.20356 -38.42745
 10.18292 -38.43376
 10.17253 -38.43510
 10.16147 -38.43303
 10.14207 -38.41877
 10.13114 -38.39645
 10.12688 -38.37102
 10.12750 -38.34704
 10.13411 -38.32152
 10.13424 -38.31159
 10.13222 -38.30178
 10.12230 -38.27459
 10.11646 -38.24628
 10.11111 -38.23780
 10.10698 -38.23449
 10.08807 -38.22716
 10.08517 -38.22540
 10.06052 -38.20018
 10.05538 -38.19222
 10.05096 -38.18292
 10.03551 -38.12308
 9.96957 -37.98128
 9.93691 -37.93477
 9.93322 -37.92537
 9.93206 -37.90728
 9.93035 -37.89756
 9.92647 -37.89033
 9.92064 -37.88475
 9.90741 -37.87555
 9.89854 -37.86697
 9.85932 -37.79607
 9.85694 -37.78667
 9.85795 -37.77871
 9.86025 -37.77096
 9.86172 -37.76207
 9.85839 -37.74708
 9.84361 -37.71876
 9.84276 -37.70285
 9.91180 -37.60931
 9.92934 -37.59422
 9.94164 -37.58926
 9.96825 -37.56549
 9.99613 -37.54544
 10.00668 -37.53138
 10.04835 -37.43589
 10.05848 -37.40219
 10.06249 -37.36767
 10.05709 -37.35279
 10.04443 -37.34793
 10.02980 -37.34442
 10.01841 -37.33346
 10.01709 -37.32302
 10.02182 -37.31465
 10.03003 -37.30804
 10.03923 -37.30308
 10.05065 -37.29956
 10.07249 -37.29915
 10.08442 -37.29750
 10.09455 -37.28923
 10.10189 -37.27393
 10.10605 -37.25688
 10.10654 -37.24355
 10.10391 -37.23156
 10.10347 -37.22577
 10.10484 -37.21946
 10.11016 -37.20996
 10.13447 -37.18608
 10.16822 -37.17296
 10.19871 -37.18464
 10.22702 -37.19962
 10.25426 -37.19631
 10.26149 -37.18102
 10.26170 -37.11373
 10.26847 -37.09420
 10.27930 -37.07549
 10.30268 -37.04614
 10.32999 -36.90217
 10.34449 -36.86135
 10.34888 -36.84099
 10.35172 -36.79427
 10.35436 -36.78383
 10.35924 -36.77443
 10.36552 -36.76802
 10.37203 -36.76275
 10.37663 -36.75675
 10.37712 -36.74807
 10.37014 -36.72378
 10.36960 -36.71448
 10.37996 -36.60038
 10.37929 -36.55429
 10.38663 -36.53444
 10.40588 -36.52090
 10.42340 -36.51946
 10.44128 -36.52235
 10.45820 -36.52214
 10.47280 -36.51170
 10.47714 -36.50034
 10.47538 -36.48938
 10.45208 -36.43998
 10.45388 -36.41610
 10.46915 -36.39202
 10.49419 -36.37001
 10.52644 -36.35006
 10.56884 -36.33507
 10.62426 -36.32774
 10.77097 -36.39285
 10.78797 -36.37941
 10.78823 -36.35688
 10.78146 -36.33797
 10.76784 -36.32350
 10.74761 -36.31471
 10.74642 -36.31161
 10.76441 -36.30955
 10.79280 -36.30944
 10.82283 -36.31203
 10.87892 -36.33683
 10.89226 -36.33652
 10.90817 -36.33921
 10.92884 -36.35192
 10.94959 -36.36887
 10.96579 -36.38479
 11.00504 -36.43636
 11.03416 -36.46416
 11.07777 -36.48886
 11.14095 -36.45899
 11.15335 -36.46282
 11.17089 -36.47078
 11.19162 -36.46892
 11.21247 -36.46354
 11.23030 -36.46116
 11.25280 -36.47088
 11.27670 -36.48907
 11.30631 -36.50478
 11.34590 -36.50726
 11.40693 -36.44649
 11.41726 -36.42954
 11.43718 -36.40587
 11.45801 -36.41414
 11.47762 -36.43429
 11.49400 -36.44597
 11.50180 -36.44422
 11.58963 -36.38623
 11.62335 -36.35244
 11.64208 -36.34076
 11.73112 -36.33621
 11.79755 -36.34117
 11.80843 -36.33404
 11.80057 -36.31099
 11.77318 -36.27224
 11.73941 -36.23245
 11.69520 -36.19048
 11.68373 -36.17167
 11.68112 -36.15162
 11.69045 -36.13157
 11.73543 -36.11679
 11.78590 -36.10956
 11.80980 -36.09922
 11.83814 -36.07442
 11.89501 -36.03990
 11.90108 -36.03545
 11.93563 -35.99308
 11.94927 -35.98078
 11.97586 -35.96786
 11.98743 -35.95918
 12.00133 -35.93448
 12.00593 -35.92993
 12.01020 -35.91360
 12.01043 -35.88580
 12.01376 -35.86017
 12.02743 -35.85045
 12.03286 -35.84746
 12.03433 -35.83764
 12.03415 -35.80725
 12.03787 -35.76560
 12.03327 -35.75919
 11.96824 -35.73180
 11.94638 -35.71599
 11.84842 -35.58949
 11.82359 -35.56510
 11.80693 -35.54432
 11.80401 -35.52355
 11.80641 -35.49585
 11.80173 -35.46722
 11.78404 -35.41120
 11.78401 -35.38960
 11.79569 -35.36635
 11.81711 -35.34092
 11.84628 -35.31312
 11.93568 -35.27488
 11.95786 -35.24838
 11.96248 -35.24853
 11.97173 -35.25142
 11.98041 -35.26041
 12.00159 -35.29782
 12.02371 -35.31736
 12.04748 -35.32604
 12.10231 -35.33596
 12.14603 -35.35374
 12.15735 -35.36128
 12.16551 -35.37110
 12.17673 -35.39291
 12.18510 -35.40335
 12.19864 -35.41255
 12.21114 -35.41544
 12.23900 -35.41813
 12.26695 -35.42877
 12.57515 -35.61687
 12.58512 -35.62587
 12.58859 -35.63444
 12.59003 -35.65377
 12.59365 -35.66245
 12.60430 -35.67238
 12.61453 -35.67599
 12.62523 -35.67744
 12.65075 -35.68426
 12.65608 -35.68405
 12.65923 -35.68767
 12.66542 -35.70137
 12.66605 -35.70276
 12.67437 -35.72839
 12.71716 -36.02998
 12.71747 -36.03845
 12.71545 -36.05065
 12.71215 -36.05726
 12.70791 -36.06305
 12.70305 -36.07214
 12.69566 -36.09943
4 399 12.2511 14.8795 -39.9998 -36.4321 'Tigray (Ethiopia)'
 13.77618 -36.43994
 13.82014 -36.45817
 13.87001 -36.45538
 13.91995 -36.43801
 13.94450 -36.43254
 13.96992 -36.43212
 13.99121 -36.43657
 14.26352 -36.52638
 14.26316 -36.54571
 14.28277 -36.55304
 14.29293 -36.56565
 14.29675 -36.58250
 14.29732 -36.60379
 14.30045 -36.61764
 14.31458 -36.64854
 14.31778 -36.66859
 14.31778 -36.71366
 14.32006 -36.72213
 14.32980 -36.73836
 14.33207 -36.74807
 14.33207 -36.81639
 14.32778 -36.84853
 14.30902 -36.91375
 14.30474 -36.94692
 14.30096 -36.95281
 14.27683 -36.97090
 14.27112 -36.97886
 14.26683 -36.98671
 14.26409 -36.99540
 14.26316 -37.00563
 14.26507 -37.01152
 14.27683 -37.02609
 14.27750 -37.03426
 14.27533 -37.05245
 14.27683 -37.06020
 14.28530 -37.07270
 14.29773 -37.08345
 14.31422 -37.09100
 14.33517 -37.09379
 14.35915 -37.09441
 14.37951 -37.09782
 14.39923 -37.10588
 14.42083 -37.12107
 14.44194 -37.14970
 14.44956 -37.18422
 14.44811 -37.25822
 14.45545 -37.28003
 14.45744 -37.29377
 14.43713 -37.31817
 14.42636 -37.33708
 14.37303 -37.37491
 14.35817 -37.39020
 14.35008 -37.39403
 14.33517 -37.39547
 14.31238 -37.39496
 14.30174 -37.39775
 14.29360 -37.41222
 14.26058 -37.45263
 14.25461 -37.45697
 14.23582 -37.46431
 14.21081 -37.46937
 14.19957 -37.47537
 14.19490 -37.48818
 14.19309 -37.49852
 14.18813 -37.50875
 14.18056 -37.51650
 14.17100 -37.51950
 14.14544 -37.52063
 14.12883 -37.52529
 14.11684 -37.53572
 14.10550 -37.55371
 14.11668 -37.56497
 14.20092 -37.60104
 14.33517 -37.65851
 14.48175 -37.72124
 14.63218 -37.78563
 14.78388 -37.85064
 14.87953 -37.89146
 14.86473 -37.90883
 14.84752 -37.92092
 14.81088 -37.94004
 14.80734 -37.94438
 14.80625 -37.95410
 14.80284 -37.95761
 14.79876 -37.95813
 14.78819 -37.95782
 14.78509 -37.95844
 14.77786 -37.96226
 14.77119 -37.96443
 14.76639 -37.96877
 14.76455 -37.98004
 14.75732 -37.98986
 14.74951 -37.99203
 14.74076 -37.99275
 14.73091 -37.99843
 14.72440 -38.00670
 14.68102 -38.11522
 14.67776 -38.13331
 14.68732 -38.19026
 14.68587 -38.21393
 14.67973 -38.22932
 14.66756 -38.23956
 14.65247 -38.24584
 14.64771 -38.24783
 14.62022 -38.25268
 14.61043 -38.25764
 14.60177 -38.26715
 14.59547 -38.27883
 14.58774 -38.28927
 14.57487 -38.29568
 14.53692 -38.30519
 14.51935 -38.31335
 14.50459 -38.32503
 14.49268 -38.34064
 14.46431 -38.39428
 14.45687 -38.40234
 14.43527 -38.40906
 14.42630 -38.41443
 14.41718 -38.42683
 14.41630 -38.43520
 14.41866 -38.44368
 14.41829 -38.49298
 14.42682 -38.56936
 14.43648 -38.60656
 14.46772 -38.66847
 14.46710 -38.68801
 14.46116 -38.70620
 14.45940 -38.72439
 14.46106 -38.74289
 14.46545 -38.76190
 14.48948 -38.82154
 14.49366 -38.86608
 14.50625 -38.88458
 14.53570 -38.91755
 14.55464 -38.95920
 14.56712 -38.97967
 14.58516 -38.99383
 14.60358 -38.99682
 14.62226 -38.99527
 14.63890 -38.99682
 14.65123 -39.00974
 14.64776 -39.01119
 14.64376 -39.04695
 14.63740 -39.07547
 14.63347 -39.08550
 14.62012 -39.10731
 14.60221 -39.12746
 14.58157 -39.14472
 14.56015 -39.15847
 14.47721 -39.18751
 14.44018 -39.20818
 14.44044 -39.23319
 14.47441 -39.25500
 14.48643 -39.26854
 14.49031 -39.29345
 14.48180 -39.34760
 14.48292 -39.36662
 14.50511 -39.44858
 14.52449 -39.48940
 14.54782 -39.50718
 14.56782 -39.51503
 14.56759 -39.53229
 14.55668 -39.55214
 14.54431 -39.56733
 14.52028 -39.58769
 14.51457 -39.59379
 14.51165 -39.59947
 14.49658 -39.65094
 14.49423 -39.67771
 14.50172 -39.72298
 14.50372 -39.73507
 14.50477 -39.76691
 14.49511 -39.79688
 14.47814 -39.82447
 14.43362 -39.87708
 14.42656 -39.89227
 14.42341 -39.91119
 14.42878 -39.93072
 14.45421 -39.96152
 14.45873 -39.97981
 14.45524 -39.99984
 14.45183 -39.99201
 14.44522 -39.98250
 14.43692 -39.98477
 14.42346 -39.98560
 14.39780 -39.98405
 14.39447 -39.98322
 14.38109 -39.97682
 14.37233 -39.96989
 14.36977 -39.96679
 14.36837 -39.96359
 14.36501 -39.93692
 14.37354 -39.86116
 14.38504 -39.82096
 14.38672 -39.80442
 14.37357 -39.73476
 14.35569 -39.70283
 14.33383 -39.67554
 14.32453 -39.66820
 14.31592 -39.66872
 14.30396 -39.69198
 14.30923 -39.75295
 14.29546 -39.76835
 14.28220 -39.76556
 14.23489 -39.72019
 14.18309 -39.69477
 14.16510 -39.69043
 14.15872 -39.69787
 14.15927 -39.71244
 14.15818 -39.72939
 14.15402 -39.74655
 14.14529 -39.76143
 14.10971 -39.72846
 14.10123 -39.72360
 14.08289 -39.73125
 14.08214 -39.74541
 14.08839 -39.76102
 14.09097 -39.77259
 14.08020 -39.78489
 14.06204 -39.79223
 14.04175 -39.79574
 14.02449 -39.79657
 13.98791 -39.79212
 13.97362 -39.79212
 13.96227 -39.79843
 13.95093 -39.81300
 13.94292 -39.81683
 13.93610 -39.81889
 13.93024 -39.81962
 13.87210 -39.82086
 13.77877 -39.80194
 13.73526 -39.79760
 13.69927 -39.80556
 13.66351 -39.81889
 13.61460 -39.82799
 13.57165 -39.82303
 13.55390 -39.79409
 13.57145 -39.75616
 13.55855 -39.74789
 13.48150 -39.72412
 13.45657 -39.72484
 13.41616 -39.74138
 13.39076 -39.74417
 13.36657 -39.74158
 13.26539 -39.72112
 13.25260 -39.72319
 13.23640 -39.73032
 13.23216 -39.73311
 13.21622 -39.74810
 13.21206 -39.75409
 13.20762 -39.76381
 13.20503 -39.76701
 13.19377 -39.77311
 13.11729 -39.78861
 13.10700 -39.79460
 13.09372 -39.80639
 13.08775 -39.80783
 13.07075 -39.80205
 13.05313 -39.79130
 13.04050 -39.77828
 13.03843 -39.76536
 12.99151 -39.76990
 12.97177 -39.76908
 12.94363 -39.76432
 12.92180 -39.76484
 12.91043 -39.76153
 12.89417 -39.75450
 12.88939 -39.75636
 12.86472 -39.78675
 12.85764 -39.80143
 12.85503 -39.82354
 12.84883 -39.84421
 12.83348 -39.86034
 12.79395 -39.88535
 12.76106 -39.89186
 12.71393 -39.88731
 12.66819 -39.87553
 12.63949 -39.85972
 12.60318 -39.82582
 12.56611 -39.80432
 12.52451 -39.79264
 12.47451 -39.78830
 12.45782 -39.79130
 12.42702 -39.80566
 12.40640 -39.80856
 12.38328 -39.80814
 12.36038 -39.80566
 12.34018 -39.79740
 12.32501 -39.77972
 12.31602 -39.74655
 12.31083 -39.71192
 12.30654 -39.64009
 12.30380 -39.62955
 12.25106 -39.53912
 12.25416 -39.53788
 12.26977 -39.54366
 12.29093 -39.54573
 12.31212 -39.54284
 12.32775 -39.53374
 12.33227 -39.40796
 12.32511 -39.37747
 12.30282 -39.37406
 12.29909 -39.37272
 12.29630 -39.29892
 12.29829 -39.28993
 12.31258 -39.27267
 12.33700 -39.25820
 12.36403 -39.24797
 12.38617 -39.24342
 12.49645 -39.23299
 12.59729 -39.19216
 12.63241 -39.18472
 12.66592 -39.19030
 12.79780 -39.26368
 12.85343 -39.26554
 12.89720 -39.25645
 12.93316 -39.24435
 12.96541 -39.23691
 12.99642 -39.23309
 13.01585 -39.22430
 13.02357 -39.20549
 13.00388 -39.09615
 13.00339 -39.04519
 13.00678 -39.02742
 13.01497 -39.01439
 13.02964 -39.00726
 13.05254 -39.00230
 13.07670 -39.00013
 13.09527 -39.00127
 13.12711 -38.99579
 13.15845 -38.96964
 13.37489 -38.74609
 13.38626 -38.72139
 13.39363 -38.70496
 13.41164 -38.69813
 13.45453 -38.69090
 13.48447 -38.67726
 13.49173 -38.67509
 13.49871 -38.60398
 13.49737 -38.58393
 13.49396 -38.56832
 13.48512 -38.54476
 13.46347 -38.46073
 13.46778 -38.45495
 13.53713 -38.48533
 13.55886 -38.48151
 13.57617 -38.47396
 13.58718 -38.46383
 13.58997 -38.45257
 13.58204 -38.43572
 13.56804 -38.42549
 13.55137 -38.41577
 13.53532 -38.40048
 13.52584 -38.37991
 13.51264 -38.28111
 13.51434 -38.22302
 13.52261 -38.17279
 13.52486 -38.13651
 13.50848 -38.12060
 13.49649 -38.11130
 13.48352 -38.09176
 13.47313 -38.07120
 13.46882 -38.05848
 13.47450 -38.02500
 13.53946 -37.89157
 13.56548 -37.78108
 13.56563 -37.74233
 13.54806 -37.71866
 13.47814 -37.69416
 13.45975 -37.68466
 13.44399 -37.67029
 13.43171 -37.65427
 13.36740 -37.51588
 13.36179 -37.48643
 13.36727 -37.31362
 13.36991 -37.29905
 13.37784 -37.29047
 13.39722 -37.27424
 13.41438 -37.24778
 13.42675 -37.21833
 13.43176 -37.19311
 13.42903 -37.16138
 13.42468 -37.13999
 13.42228 -37.13255
 13.39345 -37.07828
 13.38164 -37.06661
 13.37283 -37.05307
 13.37340 -37.03198
 13.38921 -36.91478
 13.39665 -36.89628
 13.42471 -36.87220
 13.45722 -36.81649
 13.55798 -36.70621
 13.56563 -36.68678
 13.59894 -36.55501
 13.59912 -36.53847
 13.61462 -36.52462
 13.76621 -36.45372
 13.77618 -36.43994
5 303 8.78711 12.0379 -37.0461 -34.0669 'Benshangul-Gumaz (Ethiopia)'
 10.72777 -34.82757
 10.72914 -34.83852
 10.74575 -34.85134
 10.76356 -34.85733
 10.77567 -34.85744
 10.78759 -34.86157
 10.80461 -34.87976
 10.84531 -34.93382
 10.86918 -34.95066
 10.90342 -34.95831
 10.91843 -34.95283
 10.93993 -34.92317
 10.95298 -34.91356
 10.96396 -34.91428
 11.15526 -34.98032
 11.18640 -34.98415
 11.20689 -34.97144
 11.22611 -34.95397
 11.25324 -34.94425
 11.27487 -34.94715
 11.54896 -35.07314
 11.56865 -35.07686
 11.58736 -35.07438
 11.62808 -35.05350
 11.64864 -35.04626
 11.68952 -35.04812
 11.72740 -35.04058
 11.74760 -35.04120
 11.77138 -35.04823
 11.79587 -35.05908
 11.81887 -35.07272
 11.83819 -35.08802
 11.86295 -35.12667
 11.87123 -35.14856
 11.89659 -35.21556
 11.92987 -35.24573
 11.93963 -35.24780
 11.95786 -35.24838
 11.93568 -35.27488
 11.84628 -35.31312
 11.81711 -35.34092
 11.79569 -35.36635
 11.78401 -35.38960
 11.78404 -35.41120
 11.80173 -35.46722
 11.80641 -35.49585
 11.80401 -35.52355
 11.80693 -35.54432
 11.82359 -35.56510
 11.84842 -35.58949
 11.94638 -35.71599
 11.96824 -35.73180
 12.03327 -35.75919
 12.03787 -35.76560
 12.03415 -35.80725
 12.03433 -35.83764
 12.03286 -35.84746
 12.02743 -35.85045
 12.01376 -35.86017
 12.01043 -35.88580
 12.01020 -35.91360
 12.00593 -35.92993
 12.00133 -35.93448
 11.98743 -35.95918
 11.97586 -35.96786
 11.94927 -35.98078
 11.93563 -35.99308
 11.90108 -36.03545
 11.89501 -36.03990
 11.83814 -36.07442
 11.80980 -36.09922
 11.78590 -36.10956
 11.73543 -36.11679
 11.69045 -36.13157
 11.68112 -36.15162
 11.68373 -36.17167
 11.69520 -36.19048
 11.73941 -36.23245
 11.77318 -36.27224
 11.80057 -36.31099
 11.80843 -36.33404
 11.79755 -36.34117
 11.73112 -36.33621
 11.64208 -36.34076
 11.62335 -36.35244
 11.58963 -36.38623
 11.50180 -36.44422
 11.49400 -36.44597
 11.47762 -36.43429
 11.45801 -36.41414
 11.43718 -36.40587
 11.41726 -36.42954
 11.40693 -36.44649
 11.34590 -36.50726
 11.30631 -36.50478
 11.27670 -36.48907
 11.25280 -36.47088
 11.23030 -36.46116
 11.21247 -36.46354
 11.19162 -36.46892
 11.17089 -36.47078
 11.15335 -36.46282
 11.14095 -36.45899
 11.07777 -36.48886
 11.03416 -36.46416
 11.00504 -36.43636
 10.96579 -36.38479
 10.94959 -36.36887
 10.92884 -36.35192
 10.90817 -36.33921
 10.89226 -36.33652
 10.87892 -36.33683
 10.82283 -36.31203
 10.79280 -36.30944
 10.76441 -36.30955
 10.74642 -36.31161
 10.74761 -36.31471
 10.76784 -36.32350
 10.78146 -36.33797
 10.78823 -36.35688
 10.78797 -36.37941
 10.77097 -36.39285
 10.62426 -36.32774
 10.56884 -36.33507
 10.52644 -36.35006
 10.49419 -36.37001
 10.46915 -36.39202
 10.45388 -36.41610
 10.45208 -36.43998
 10.47538 -36.48938
 10.47714 -36.50034
 10.47280 -36.51170
 10.45820 -36.52214
 10.44128 -36.52235
 10.42340 -36.51946
 10.40588 -36.52090
 10.38663 -36.53444
 10.37929 -36.55429
 10.37996 -36.60038
 10.36960 -36.71448
 10.37014 -36.72378
 10.37712 -36.74807
 10.37663 -36.75675
 10.37203 -36.76275
 10.36552 -36.76802
 10.35924 -36.77443
 10.35436 -36.78383
 10.35172 -36.79427
 10.34888 -36.84099
 10.34449 -36.86135
 10.32999 -36.90217
 10.30268 -37.04614
 10.26844 -37.03343
 10.24819 -37.02630
 10.22976 -37.01638
 10.21597 -37.00645
 10.20951 -36.99343
 10.21150 -36.97514
 10.24266 -36.87137
 10.25914 -36.84998
 10.28123 -36.79572
 10.30761 -36.75231
 10.30831 -36.73484
 10.26503 -36.64668
 10.25446 -36.63345
 10.20920 -36.61154
 10.20560 -36.59036
 10.21010 -36.57310
 10.21772 -36.55666
 10.22343 -36.53816
 10.22883 -36.53351
 10.24069 -36.53651
 10.33792 -36.57051
 10.34195 -36.56483
 10.33531 -36.50240
 10.32689 -36.48246
 10.31229 -36.46354
 10.27379 -36.42665
 10.25527 -36.41187
 10.17008 -36.35812
 10.13272 -36.32546
 10.06933 -36.23658
 10.04753 -36.19658
 10.03965 -36.17705
 10.03903 -36.15751
 10.05184 -36.13963
 10.05148 -36.12806
 9.87557 -36.13643
 9.78150 -36.13023
 9.76111 -36.13602
 9.73643 -36.14677
 9.71672 -36.14780
 9.70026 -36.13901
 9.68535 -36.11979
 9.68026 -36.11845
 9.65355 -36.14945
 9.57518 -36.21736
 9.56456 -36.23431
 9.53482 -36.26366
 9.47994 -36.27007
 9.40816 -36.25756
 9.32770 -36.22976
 9.13874 -36.08393
 9.14802 -36.06150
 9.21039 -36.04713
 9.22931 -36.03142
 9.22579 -35.99959
 9.22729 -35.98833
 9.23964 -35.97820
 9.30220 -35.94202
 9.32145 -35.93427
 9.33475 -35.92673
 9.33868 -35.91639
 9.33762 -35.89696
 9.34005 -35.85789
 9.33824 -35.82885
 9.33995 -35.81655
 9.34610 -35.80425
 9.35863 -35.79392
 9.41384 -35.79506
 9.42638 -35.79237
 9.46909 -35.77283
 9.48764 -35.75878
 9.48795 -35.74555
 9.48157 -35.70369
 9.53063 -35.65408
 9.69509 -35.51797
 9.89389 -35.31653
 9.92226 -35.27922
 9.93293 -35.25793
 9.93629 -35.23798
 9.93686 -35.21917
 9.94355 -35.17225
 9.94492 -35.13949
 9.93412 -35.06156
 9.93479 -35.03541
 9.95110 -35.02446
 9.97552 -35.02280
 10.00042 -35.02487
 10.01120 -35.01929
 10.01631 -35.00255
 10.02559 -34.87511
 10.01686 -34.86953
 9.99345 -34.87966
 9.97854 -34.89361
 9.96301 -34.90198
 9.78196 -34.84369
 9.71145 -34.80514
 9.59143 -34.69280
 9.58727 -34.66158
 9.60138 -34.63564
 9.64138 -34.58996
 9.65709 -34.56609
 9.66070 -34.54831
 9.65409 -34.51110
 9.65357 -34.48930
 9.63908 -34.46408
 9.45464 -34.44392
 9.28083 -34.40506
 9.25770 -34.39741
 9.23923 -34.38884
 9.22228 -34.37798
 9.20381 -34.36362
 9.19148 -34.34429
 9.18830 -34.31670
 9.20443 -34.12952
 9.20512 -34.08310
 9.45459 -34.07070
 9.53118 -34.06689
 9.67972 -34.09821
 10.02603 -34.22192
 10.08011 -34.28083
 10.11354 -34.30347
 10.12460 -34.30502
 10.14899 -34.30161
 10.16029 -34.30181
 10.16563 -34.30460
 10.17545 -34.31422
 10.18127 -34.31742
 10.22356 -34.32589
 10.26865 -34.32486
 10.48871 -34.27618
 10.53008 -34.27174
 10.56551 -34.27949
 10.68578 -34.36558
 10.75984 -34.40424
 10.78082 -34.42005
 10.79567 -34.43731
 10.87779 -34.55782
 10.88414 -34.57477
 10.87929 -34.58707
 10.77407 -34.70809
 10.75539 -34.73745
 10.74394 -34.75067
 10.72880 -34.75698
 10.69873 -34.75295
 10.68413 -34.75439
 10.68025 -34.76483
 10.68826 -34.77290
 10.71899 -34.78623
 10.72966 -34.79853
 10.73131 -34.81537
 10.72777 -34.82757
6 17 8.78711 12.0379 -37.0461 -34.0669 'Benshangul-Gumaz (Ethiopia)'
 8.99702 -36.28981
 8.98994 -36.30169
 8.96826 -36.32030
 8.96038 -36.33549
 8.95088 -36.32836
 8.94372 -36.31854
 8.93852 -36.30717
 8.93491 -36.29549
 8.93240 -36.27751
 8.93576 -36.26831
 8.94253 -36.26014
 8.95020 -36.24588
 8.95622 -36.23937
 8.96214 -36.23761
 8.96803 -36.24009
 8.97395 -36.24629
 8.99702 -36.28981
7 22 8.78711 12.0379 -37.0461 -34.0669 'Benshangul-Gumaz (Ethiopia)'
 9.52216 -36.44194
 9.51782 -36.45951
 9.49371 -36.49258
 9.48549 -36.49765
 9.47366 -36.49744
 9.46583 -36.48969
 9.44836 -36.44969
 9.42899 -36.43936
 9.40707 -36.44246
 9.36067 -36.46478
 9.36679 -36.43140
 9.36093 -36.41879
 9.33984 -36.41476
 9.33922 -36.41166
 9.33925 -36.41114
 9.35855 -36.39915
 9.43762 -36.37569
 9.47601 -36.38613
 9.49100 -36.39182
 9.50521 -36.40411
 9.51810 -36.42385
 9.52216 -36.44194
8 69 8.78711 12.0379 -37.0461 -34.0669 'Benshangul-Gumaz (Ethiopia)'
 9.03521 -36.06439
 9.02431 -36.10656
 9.02152 -36.12382
 9.02650 -36.13519
 9.02467 -36.14811
 9.02002 -36.16227
 9.01645 -36.17767
 9.01366 -36.18087
 9.01180 -36.18356
 9.01020 -36.18728
 8.99971 -36.17787
 8.99532 -36.17219
 8.99043 -36.17219
 8.97850 -36.17994
 8.96720 -36.19131
 8.96191 -36.20433
 8.96178 -36.21746
 8.96609 -36.22914
 8.94721 -36.22159
 8.91736 -36.21653
 8.88669 -36.21498
 8.86525 -36.21767
 8.85938 -36.23224
 8.84620 -36.24154
 8.83274 -36.24123
 8.82615 -36.22717
 8.80845 -36.23885
 8.79843 -36.24340
 8.78711 -36.24567
 8.78952 -36.22697
 8.79254 -36.21818
 8.79745 -36.21126
 8.80763 -36.20506
 8.81572 -36.20516
 8.82321 -36.20681
 8.83150 -36.20516
 8.84401 -36.19503
 8.86344 -36.17023
 8.87801 -36.16103
 8.85238 -36.13591
 8.84372 -36.12165
 8.84321 -36.10005
 8.84553 -36.09674
 8.85427 -36.09064
 8.85680 -36.08589
 8.85667 -36.08155
 8.85440 -36.07070
 8.85383 -36.06584
 8.85424 -36.04703
 8.85238 -36.04124
 8.84703 -36.03918
 8.85104 -36.02822
 8.85664 -36.01912
 8.86450 -36.01220
 8.87517 -36.00765
 8.87894 -36.01086
 8.88070 -36.01199
 8.88313 -36.01282
 8.89506 -36.01365
 8.91987 -36.00879
 8.93170 -36.00941
 8.94423 -36.01561
 8.96405 -36.03287
 8.97413 -36.03876
 8.98912 -36.04052
 9.00736 -36.04021
 9.02405 -36.04176
 9.03428 -36.04899
 9.03521 -36.06439
9 276 7.01205 8.60769 -35.3656 -32.9898 'Gambela Peoples (Ethiopia)'
 8.36709 -33.74102
 8.36879 -33.75187
 8.37014 -33.75621
 8.40561 -33.79766
 8.41261 -33.80810
 8.41949 -33.82412
 8.42398 -33.84086
 8.42794 -33.87517
 8.42814 -33.93171
 8.43321 -33.95031
 8.44538 -33.97077
 8.53361 -34.06958
 8.55651 -34.09025
 8.57932 -34.10317
 8.60153 -34.10725
 8.58883 -34.13138
 8.57090 -34.14978
 8.56240 -34.16136
 8.56521 -34.17376
 8.59973 -34.22089
 8.60769 -34.24507
 8.60516 -34.27081
 8.59224 -34.30161
 8.55780 -34.35225
 8.47395 -34.43979
 8.43587 -34.48857
 8.38590 -34.58924
 8.36145 -34.61838
 8.30954 -34.65425
 8.28838 -34.67450
 8.27508 -34.70489
 8.26317 -34.76401
 8.24898 -34.78251
 8.21787 -34.79925
 8.19190 -34.81837
 8.18113 -34.84504
 8.18087 -34.87615
 8.19203 -34.94901
 8.19451 -35.00606
 8.18772 -35.05991
 8.16550 -35.09040
 8.15134 -35.08275
 8.13935 -35.05732
 8.12273 -35.00689
 8.08912 -34.94622
 8.06977 -34.90147
 8.05754 -34.89248
 8.04641 -34.90116
 8.03127 -34.95046
 8.02073 -34.95573
 8.00773 -34.95046
 7.91864 -34.88731
 7.87730 -34.87056
 7.83032 -34.87139
 7.78733 -34.89206
 7.75650 -34.92389
 7.72914 -34.95996
 7.69661 -34.99345
 7.67509 -35.00327
 7.62762 -35.00957
 7.60737 -35.01805
 7.59535 -35.03314
 7.55995 -35.13380
 7.54765 -35.14693
 7.53101 -35.13877
 7.51869 -35.12512
 7.50019 -35.10921
 7.48324 -35.10394
 7.47562 -35.12213
 7.47476 -35.15230
 7.47190 -35.16626
 7.46161 -35.19034
 7.46355 -35.19675
 7.46895 -35.20295
 7.47533 -35.21266
 7.48582 -35.23261
 7.50019 -35.25266
 7.51817 -35.26537
 7.53959 -35.26351
 7.52086 -35.27302
 7.49161 -35.26300
 7.47851 -35.27250
 7.44187 -35.34165
 7.42601 -35.35839
 7.40547 -35.36562
 7.38433 -35.36325
 7.31560 -35.34340
 7.30224 -35.34185
 7.28839 -35.34258
 7.27501 -35.34123
 7.24896 -35.32955
 7.23504 -35.32738
 7.22465 -35.32697
 7.20401 -35.32325
 7.19346 -35.32273
 7.18336 -35.32511
 7.16429 -35.33483
 7.15618 -35.33741
 7.13248 -35.32986
 7.12941 -35.30630
 7.14070 -35.24832
 7.13608 -35.22424
 7.11670 -35.18217
 7.11533 -35.15716
 7.12174 -35.13380
 7.13300 -35.10735
 7.14768 -35.08275
 7.16427 -35.06497
 7.14734 -35.05081
 7.13445 -35.02911
 7.12941 -35.00544
 7.13600 -34.98591
 7.11215 -34.97319
 7.10442 -34.94694
 7.10716 -34.88658
 7.10556 -34.85093
 7.09952 -34.82002
 7.08693 -34.79150
 7.06569 -34.76318
 7.04339 -34.73838
 7.02812 -34.71760
 7.01838 -34.69435
 7.01267 -34.66231
 7.01205 -34.62986
 7.01784 -34.59864
 7.03086 -34.56960
 7.05192 -34.54345
 7.07174 -34.51307
 7.08058 -34.47576
 7.08029 -34.43628
 7.07264 -34.39959
 7.05288 -34.35111
 7.04647 -34.32558
 7.04898 -34.29975
 7.06528 -34.27670
 7.09047 -34.24745
 7.10696 -34.21799
 7.09774 -34.19577
 7.12902 -34.19577
 7.14954 -34.19092
 7.16721 -34.18141
 7.17538 -34.16776
 7.16747 -34.15112
 7.16339 -34.13242
 7.17755 -34.11319
 7.21150 -34.08591
 7.24726 -34.04002
 7.25026 -34.03361
 7.25537 -34.03113
 7.34870 -34.03061
 7.38244 -34.02369
 7.40994 -34.00653
 7.53608 -33.88241
 7.55355 -33.85254
 7.55592 -33.84210
 7.55840 -33.82143
 7.56099 -33.81151
 7.59814 -33.76107
 7.64212 -33.72944
 7.65716 -33.71606
 7.66186 -33.70655
 7.67085 -33.67503
 7.68863 -33.64774
 7.69131 -33.63720
 7.68522 -33.57230
 7.69131 -33.55085
 7.69891 -33.54036
 7.71710 -33.52651
 7.72609 -33.51680
 7.73095 -33.50682
 7.73617 -33.48848
 7.74315 -33.47954
 7.74950 -33.46233
 7.74857 -33.43649
 7.73974 -33.39329
 7.73545 -33.38440
 7.71927 -33.35980
 7.71896 -33.34714
 7.73307 -33.29159
 7.74919 -33.27350
 7.76743 -33.25779
 7.78071 -33.24239
 7.78320 -33.23392
 7.78816 -33.20147
 7.79963 -33.17294
 7.80113 -33.16452
 7.79394 -33.13212
 7.79157 -33.12695
 7.78330 -33.12085
 7.78521 -33.10752
 7.79498 -33.08540
 7.79797 -33.05832
 7.80113 -33.05129
 7.80728 -33.04768
 7.81642 -33.04463
 7.82485 -33.04075
 7.83508 -33.02349
 7.85063 -33.01502
 7.91724 -32.98980
 7.92815 -32.99357
 7.94246 -33.00680
 7.94406 -33.00757
 7.95331 -33.01202
 7.95833 -33.01677
 7.96525 -33.02163
 7.98628 -33.02608
 7.99631 -33.03114
 8.01347 -33.04385
 8.07103 -33.10059
 8.08049 -33.10659
 8.09064 -33.11134
 8.09909 -33.11341
 8.10416 -33.11754
 8.10907 -33.14752
 8.11705 -33.16478
 8.12710 -33.17728
 8.14108 -33.18514
 8.16090 -33.18782
 8.16625 -33.18472
 8.17596 -33.17108
 8.18136 -33.16798
 8.19539 -33.16829
 8.20550 -33.16994
 8.21459 -33.17397
 8.22573 -33.18162
 8.23242 -33.19051
 8.23552 -33.19986
 8.24074 -33.20689
 8.25368 -33.20829
 8.25924 -33.19485
 8.26451 -33.18576
 8.27567 -33.17842
 8.28311 -33.17139
 8.29278 -33.16436
 8.30458 -33.16116
 8.31205 -33.16312
 8.33089 -33.17180
 8.34306 -33.17408
 8.34652 -33.17232
 8.35295 -33.16333
 8.35611 -33.16116
 8.36151 -33.16188
 8.36828 -33.16684
 8.37282 -33.16798
 8.38972 -33.16788
 8.39742 -33.16953
 8.40448 -33.17408
 8.41104 -33.18782
 8.41411 -33.20291
 8.42078 -33.21035
 8.42659 -33.20736
 8.43057 -33.20643
 8.45563 -33.23516
 8.45817 -33.25273
 8.43429 -33.36135
 8.43739 -33.37086
 8.44801 -33.38461
 8.45186 -33.39210
 8.45264 -33.40016
 8.44972 -33.41313
 8.45765 -33.48052
 8.46292 -33.48992
 8.46651 -33.49034
 8.47401 -33.48476
 8.47488 -33.50512
 8.46532 -33.52196
 8.45321 -33.53705
 8.44682 -33.55214
 8.45013 -33.57116
 8.45812 -33.58537
 8.46395 -33.60010
 8.46070 -33.62041
 8.43450 -33.65167
 8.40029 -33.67131
 8.37288 -33.69554
 8.36709 -33.74102
10 1179 3.51359 10.3822 -42.9143 -34.0831 'Oromiya (Ethiopia)'
 8.60153 -34.10725
 8.62655 -34.11185
 8.91584 -34.09747
 9.20512 -34.08310
 9.20443 -34.12952
 9.18830 -34.31670
 9.19148 -34.34429
 9.20381 -34.36362
 9.22228 -34.37798
 9.23923 -34.38884
 9.25770 -34.39741
 9.28083 -34.40506
 9.45464 -34.44392
 9.63908 -34.46408
 9.65357 -34.48930
 9.65409 -34.51110
 9.66070 -34.54831
 9.65709 -34.56609
 9.64138 -34.58996
 9.60138 -34.63564
 9.58727 -34.66158
 9.59143 -34.69280
 9.71145 -34.80514
 9.78196 -34.84369
 9.96301 -34.90198
 9.97854 -34.89361
 9.99345 -34.87966
 10.01686 -34.86953
 10.02559 -34.87511
 10.01631 -35.00255
 10.01120 -35.01929
 10.00042 -35.02487
 9.97552 -35.02280
 9.95110 -35.02446
 9.93479 -35.03541
 9.93412 -35.06156
 9.94492 -35.13949
 9.94355 -35.17225
 9.93686 -35.21917
 9.93629 -35.23798
 9.93293 -35.25793
 9.92226 -35.27922
 9.89389 -35.31653
 9.69509 -35.51797
 9.53063 -35.65408
 9.48157 -35.70369
 9.48795 -35.74555
 9.48764 -35.75878
 9.46909 -35.77283
 9.42638 -35.79237
 9.41384 -35.79506
 9.35863 -35.79392
 9.34610 -35.80425
 9.33995 -35.81655
 9.33824 -35.82885
 9.34005 -35.85789
 9.33762 -35.89696
 9.33868 -35.91639
 9.33475 -35.92673
 9.32145 -35.93427
 9.30220 -35.94202
 9.23964 -35.97820
 9.22729 -35.98833
 9.22579 -35.99959
 9.22931 -36.03142
 9.21039 -36.04713
 9.14802 -36.06150
 9.13874 -36.08393
 9.32770 -36.22976
 9.40816 -36.25756
 9.47994 -36.27007
 9.53482 -36.26366
 9.56456 -36.23431
 9.57518 -36.21736
 9.65355 -36.14945
 9.68026 -36.11845
 9.68535 -36.11979
 9.70026 -36.13901
 9.71672 -36.14780
 9.73643 -36.14677
 9.76111 -36.13602
 9.78150 -36.13023
 9.87557 -36.13643
 10.05148 -36.12806
 10.05184 -36.13963
 10.03903 -36.15751
 10.03965 -36.17705
 10.04753 -36.19658
 10.06933 -36.23658
 10.13272 -36.32546
 10.17008 -36.35812
 10.25527 -36.41187
 10.27379 -36.42665
 10.31229 -36.46354
 10.32689 -36.48246
 10.33531 -36.50240
 10.34195 -36.56483
 10.33792 -36.57051
 10.24069 -36.53651
 10.22883 -36.53351
 10.22343 -36.53816
 10.21772 -36.55666
 10.21010 -36.57310
 10.20560 -36.59036
 10.20920 -36.61154
 10.25446 -36.63345
 10.26503 -36.64668
 10.30831 -36.73484
 10.30761 -36.75231
 10.28123 -36.79572
 10.25914 -36.84998
 10.24266 -36.87137
 10.21150 -36.97514
 10.20951 -36.99343
 10.21597 -37.00645
 10.22976 -37.01638
 10.24819 -37.02630
 10.26844 -37.03343
 10.30268 -37.04614
 10.27930 -37.07549
 10.26847 -37.09420
 10.26170 -37.11373
 10.26149 -37.18102
 10.25426 -37.19631
 10.22702 -37.19962
 10.19871 -37.18464
 10.16822 -37.17296
 10.13447 -37.18608
 10.11016 -37.20996
 10.10484 -37.21946
 10.10347 -37.22577
 10.10391 -37.23156
 10.10654 -37.24355
 10.10605 -37.25688
 10.10189 -37.27393
 10.09455 -37.28923
 10.08442 -37.29750
 10.07249 -37.29915
 10.05065 -37.29956
 10.03923 -37.30308
 10.03003 -37.30804
 10.02182 -37.31465
 10.01709 -37.32302
 10.01841 -37.33346
 10.02980 -37.34442
 10.04443 -37.34793
 10.05709 -37.35279
 10.06249 -37.36767
 10.05848 -37.40219
 10.04835 -37.43589
 10.00668 -37.53138
 9.99613 -37.54544
 9.96825 -37.56549
 9.94164 -37.58926
 9.92934 -37.59422
 9.91180 -37.60931
 9.84276 -37.70285
 9.84361 -37.71876
 9.85839 -37.74708
 9.86172 -37.76207
 9.86025 -37.77096
 9.85795 -37.77871
 9.85694 -37.78667
 9.85932 -37.79607
 9.89854 -37.86697
 9.90741 -37.87555
 9.92064 -37.88475
 9.92647 -37.89033
 9.93035 -37.89756
 9.93206 -37.90728
 9.93322 -37.92537
 9.93691 -37.93477
 9.96957 -37.98128
 10.03551 -38.12308
 10.05096 -38.18292
 10.05538 -38.19222
 10.06052 -38.20018
 10.08517 -38.22540
 10.08807 -38.22716
 10.10698 -38.23449
 10.11111 -38.23780
 10.11646 -38.24628
 10.12230 -38.27459
 10.13222 -38.30178
 10.13424 -38.31159
 10.13411 -38.32152
 10.12750 -38.34704
 10.12688 -38.37102
 10.13114 -38.39645
 10.14207 -38.41877
 10.16147 -38.43303
 10.17253 -38.43510
 10.18292 -38.43376
 10.20356 -38.42745
 10.21777 -38.42642
 10.22346 -38.43200
 10.22692 -38.44110
 10.23441 -38.45009
 10.24578 -38.45629
 10.35374 -38.48295
 10.36317 -38.48802
 10.37094 -38.49794
 10.38223 -38.73152
 10.36268 -38.84717
 10.34836 -38.86484
 10.31190 -38.86360
 10.11124 -38.82102
 10.09670 -38.80779
 10.06166 -38.74196
 10.05298 -38.70372
 10.06135 -38.66341
 10.03127 -38.66558
 10.01288 -38.68532
 9.98931 -38.74888
 9.98409 -38.75725
 9.97652 -38.76666
 9.96596 -38.77761
 9.93999 -38.79684
 9.93304 -38.79870
 9.88286 -38.80025
 9.83413 -38.80759
 9.78883 -38.82526
 9.74902 -38.85802
 9.71770 -38.92179
 9.68111 -39.10431
 9.63094 -39.22027
 9.56107 -39.26854
 9.49792 -39.30430
 9.45560 -39.33634
 9.44831 -39.37313
 9.44971 -39.39618
 9.44402 -39.42574
 9.43219 -39.44682
 9.40793 -39.44290
 9.39901 -39.44930
 9.33889 -39.50842
 9.33824 -39.50677
 9.35054 -39.47163
 9.34610 -39.44600
 9.31052 -39.39680
 9.30519 -39.38419
 9.29899 -39.29779
 9.30039 -39.27443
 9.29917 -39.25789
 9.29062 -39.25159
 9.26225 -39.25438
 9.22561 -39.26296
 9.19275 -39.27743
 9.17556 -39.29748
 9.16492 -39.35101
 9.14978 -39.37158
 9.12006 -39.37437
 9.08743 -39.36269
 8.94881 -39.27619
 8.89134 -39.27929
 8.87243 -39.27732
 8.85587 -39.27887
 8.80163 -39.30430
 8.79060 -39.31112
 8.78174 -39.32414
 8.77722 -39.34192
 8.77928 -39.36342
 8.82975 -39.41520
 8.83509 -39.43008
 8.82450 -39.46057
 8.77009 -39.49633
 8.75611 -39.52175
 8.76102 -39.54284
 8.79510 -39.59038
 8.81515 -39.62511
 8.85179 -39.72784
 8.87137 -39.75884
 8.90005 -39.76897
 9.10348 -39.76618
 9.13898 -39.81073
 9.14544 -39.86385
 9.14492 -39.89072
 9.13407 -39.91129
 9.11846 -39.91853
 9.07451 -39.92555
 9.05642 -39.93072
 9.04482 -39.93940
 9.03588 -39.94839
 9.02457 -39.95335
 9.00588 -39.94994
 9.00449 -39.99315
 8.99855 -40.02581
 8.97852 -40.04420
 8.93496 -40.04451
 8.86881 -40.02064
 8.84646 -40.02643
 8.84292 -40.03903
 8.88468 -40.10022
 8.90431 -40.12006
 8.96770 -40.15500
 8.97018 -40.18797
 8.98661 -40.21473
 9.00632 -40.23685
 9.03769 -40.24832
 9.05991 -40.25029
 9.07578 -40.25328
 9.08981 -40.26083
 9.15143 -40.32387
 9.16838 -40.33731
 9.27760 -40.40532
 9.31052 -40.43178
 9.34289 -40.46361
 9.36674 -40.49358
 9.38243 -40.52789
 9.39457 -40.61037
 9.40255 -40.64169
 9.41798 -40.66907
 9.44439 -40.69512
 9.44725 -40.70049
 9.44855 -40.70442
 9.44849 -40.70886
 9.44733 -40.71558
 9.44710 -40.77119
 9.45663 -40.82038
 9.45699 -40.86689
 9.42922 -40.91454
 9.40896 -40.92405
 9.39591 -40.91051
 9.38912 -40.88549
 9.38764 -40.86048
 9.39731 -40.81573
 9.39462 -40.79775
 9.37473 -40.79392
 9.34948 -40.80002
 9.32873 -40.80922
 9.31408 -40.82390
 9.30708 -40.84643
 9.30806 -40.86751
 9.31323 -40.89232
 9.32863 -40.93614
 9.34899 -40.96776
 9.35434 -40.97831
 9.35643 -40.98895
 9.35679 -41.00022
 9.35821 -41.01107
 9.36343 -41.02047
 9.37901 -41.03866
 9.39224 -41.05820
 9.40312 -41.07907
 9.42054 -41.12713
 9.43129 -41.15018
 9.44459 -41.17178
 9.46133 -41.19328
 9.48955 -41.22005
 9.49658 -41.23090
 9.50588 -41.26986
 9.50415 -41.31265
 9.48805 -41.39533
 9.46113 -41.47161
 9.45971 -41.49321
 9.46888 -41.51130
 9.49888 -41.54633
 9.50924 -41.56649
 9.51477 -41.58953
 9.51758 -41.61517
 9.51404 -41.63749
 9.50045 -41.65072
 9.48030 -41.66457
 9.46996 -41.68627
 9.46821 -41.71170
 9.47376 -41.73692
 9.48784 -41.76823
 9.48596 -41.79676
 9.48144 -41.82539
 9.48769 -41.85660
 9.48906 -41.86931
 9.47901 -41.89732
 9.47617 -41.91055
 9.47723 -41.92243
 9.48020 -41.93329
 9.50510 -41.99013
 9.50448 -42.01710
 9.47490 -42.07674
 9.49678 -42.09400
 9.51903 -42.12273
 9.54192 -42.14733
 9.56577 -42.15167
 9.59618 -42.13276
 9.60872 -42.12862
 9.61735 -42.13369
 9.62680 -42.14764
 9.64308 -42.17730
 9.65200 -42.20169
 9.65618 -42.25244
 9.66422 -42.26949
 9.67949 -42.28458
 9.70985 -42.32210
 9.72036 -42.34101
 9.70832 -42.38091
 9.66561 -42.39352
 9.56774 -42.38711
 9.56159 -42.41884
 9.52523 -42.45501
 9.47927 -42.48736
 9.35152 -42.55185
 9.34300 -42.55444
 9.32026 -42.55619
 9.30473 -42.55888
 9.21019 -42.59226
 9.19042 -42.60353
 9.17228 -42.62182
 9.16430 -42.62585
 9.13756 -42.62368
 9.11975 -42.62575
 9.08022 -42.64404
 8.98320 -42.70533
 8.90757 -42.77489
 8.88964 -42.79484
 8.85786 -42.83876
 8.84037 -42.85695
 8.80029 -42.86553
 8.70732 -42.83328
 8.66229 -42.84403
 8.60991 -42.89498
 8.58981 -42.90594
 8.56539 -42.91162
 8.53819 -42.91431
 8.51098 -42.91338
 8.46227 -42.90449
 8.43551 -42.90294
 8.41238 -42.89695
 8.39902 -42.87989
 8.37634 -42.79153
 8.36546 -42.77044
 8.32730 -42.74378
 8.18190 -42.70388
 8.14077 -42.66843
 8.14757 -42.63453
 8.18376 -42.60446
 8.23082 -42.58038
 8.28309 -42.56260
 8.45036 -42.53335
 8.49253 -42.50359
 8.51620 -42.44664
 8.53870 -42.32675
 8.55139 -42.31331
 8.62278 -42.27414
 8.60477 -42.20707
 8.52522 -42.11271
 8.48282 -42.07116
 8.43372 -42.03230
 8.40977 -42.02506
 8.35140 -42.03095
 8.32515 -42.02930
 8.29812 -42.01710
 8.21999 -41.96119
 8.17131 -41.94093
 8.11558 -41.93132
 7.87360 -41.91768
 7.84841 -41.92078
 7.82464 -41.93019
 7.79513 -41.94786
 7.75144 -41.95344
 7.69529 -41.93649
 7.59341 -41.89060
 7.55246 -41.87655
 7.53324 -41.87375
 7.51076 -41.87510
 7.45763 -41.88409
 7.42774 -41.89194
 7.41234 -41.90145
 7.29304 -42.20748
 7.28524 -42.21441
 7.22266 -42.22712
 7.17512 -42.22247
 7.12995 -42.20841
 7.09900 -42.18857
 7.09101 -42.18464
 7.07967 -42.18371
 7.05771 -42.18485
 7.04461 -42.18288
 7.03368 -42.17792
 7.01303 -42.16428
 6.98177 -42.15229
 6.98231 -42.15002
 6.97699 -42.14650
 6.97175 -42.13968
 6.96412 -42.13472
 6.95159 -42.13699
 6.93369 -42.10351
 6.91916 -42.09307
 6.89322 -42.08925
 6.88764 -42.08707
 6.86999 -42.07777
 6.85909 -42.07560
 6.83700 -42.07932
 6.82690 -42.07777
 6.81442 -42.06878
 6.79571 -42.07912
 6.77271 -42.06940
 6.73186 -42.04139
 6.66218 -42.02424
 6.64311 -42.01411
 6.62355 -42.00098
 6.61557 -41.99798
 6.60644 -41.99313
 6.59570 -41.98579
 6.56924 -41.95985
 6.56402 -41.95282
 6.55249 -41.93153
 6.54345 -41.90879
 6.53800 -41.88523
 6.53715 -41.86115
 6.56994 -41.84585
 6.56598 -41.80678
 6.54125 -41.76368
 6.51164 -41.73588
 6.44480 -41.70188
 6.42643 -41.68648
 6.40088 -41.64886
 6.38674 -41.63325
 6.36400 -41.62199
 6.52937 -41.45931
 6.54467 -41.43895
 6.55686 -41.41611
 6.56490 -41.39161
 6.57275 -41.34138
 6.63833 -41.21715
 6.67058 -41.16982
 6.69274 -41.12197
 6.69019 -41.07349
 6.67605 -41.04941
 6.65631 -41.02843
 6.59017 -40.97882
 6.53368 -40.92043
 6.51226 -40.90441
 6.44219 -40.86524
 6.41992 -40.85852
 6.37178 -40.86668
 6.33044 -40.86369
 6.30752 -40.86947
 6.28458 -40.87754
 6.26360 -40.88250
 6.23799 -40.88363
 6.21226 -40.88250
 6.18678 -40.87898
 6.16192 -40.87278
 6.11040 -40.86555
 5.92008 -40.87929
 5.84047 -40.87774
 5.81169 -40.88012
 5.78476 -40.88725
 5.69950 -40.92249
 5.64588 -40.84973
 5.56542 -40.70432
 5.42352 -40.54670
 5.41554 -40.52882
 5.41073 -40.50278
 5.40639 -40.49565
 5.40249 -40.48686
 5.40249 -40.44046
 5.38551 -40.36604
 5.38187 -40.32460
 5.37502 -40.29359
 5.37611 -40.26796
 5.37502 -40.25938
 5.35719 -40.20874
 5.35456 -40.18745
 5.36882 -40.11541
 5.38357 -40.07945
 5.39970 -40.05113
 5.39908 -40.03604
 5.38319 -40.01454
 5.24650 -39.91946
 5.08884 -39.85827
 5.01507 -39.82044
 4.93339 -39.79988
 4.85149 -39.77042
 4.74232 -39.75140
 4.68356 -39.74820
 4.65700 -39.74200
 4.29382 -39.58511
 4.24767 -39.54811
 4.23450 -39.54149
 4.14659 -39.52041
 4.06182 -39.48858
 4.04097 -39.48382
 4.02115 -39.48589
 3.97965 -39.49860
 3.91754 -39.46977
 3.68401 -39.33303
 3.64257 -39.30068
 3.61725 -39.26172
 3.58066 -39.17676
 3.53627 -39.09522
 3.52867 -39.10214
 3.51833 -39.09044
 3.52426 -39.07754
 3.52658 -39.06793
 3.51446 -39.01047
 3.51426 -38.99496
 3.51981 -38.97998
 3.52209 -38.96323
 3.51400 -38.92127
 3.51359 -38.89523
 3.53374 -38.82071
 3.56040 -38.72201
 3.57043 -38.70371
 3.58629 -38.68811
 3.62195 -38.66103
 3.61534 -38.66144
 3.60131 -38.66010
 3.59446 -38.66031
 3.59867 -38.60191
 3.60213 -38.59664
 3.60751 -38.59561
 3.61084 -38.59375
 3.60531 -38.57959
 3.60456 -38.57411
 3.60601 -38.56109
 3.60952 -38.54714
 3.61539 -38.54321
 3.62329 -38.54124
 3.63283 -38.53318
 3.64851 -38.51427
 3.65081 -38.50900
 3.64691 -38.49939
 3.63859 -38.49732
 3.62968 -38.49815
 3.62394 -38.49691
 3.60167 -38.44595
 3.59689 -38.38994
 3.60890 -38.28307
 3.62092 -38.17693
 3.61844 -38.14561
 3.61061 -38.11409
 3.61265 -38.10189
 3.63267 -38.07884
 3.64185 -38.04897
 3.64893 -38.03616
 3.66717 -38.02076
 3.70791 -37.99533
 3.72644 -37.97673
 3.74623 -37.94593
 3.81034 -37.84620
 3.87152 -37.75101
 3.93787 -37.64776
 3.99689 -37.55608
 4.04898 -37.47506
 4.12220 -37.36095
 4.18489 -37.26349
 4.24755 -37.16603
 4.28230 -37.11187
 4.28385 -37.10598
 4.28369 -37.09999
 4.28488 -37.09482
 4.29026 -37.09162
 4.31248 -37.08645
 4.32217 -37.08252
 4.33108 -37.07591
 4.33346 -37.06847
 4.33196 -37.04842
 4.33682 -37.04108
 4.36327 -37.02537
 4.37059 -37.01565
 4.37994 -36.97483
 4.41578 -36.90372
 4.43224 -36.84409
 4.43058 -36.65133
 4.43118 -36.64886
 4.44218 -36.66064
 4.45459 -36.69536
 4.46727 -36.71479
 4.47319 -36.72058
 4.47957 -36.72389
 4.52040 -36.73815
 4.56047 -36.75686
 4.63424 -36.80419
 4.72609 -36.87654
 4.77818 -36.90269
 4.83619 -36.90899
 4.86260 -36.90238
 4.91102 -36.88057
 4.93662 -36.87375
 4.95903 -36.87437
 5.10788 -36.92078
 5.15028 -36.94186
 5.18612 -36.97152
 5.19919 -36.99436
 5.20172 -37.01865
 5.19010 -37.09430
 5.19015 -37.11849
 5.20402 -37.21378
 5.20441 -37.22908
 5.20128 -37.25977
 5.19441 -37.28561
 5.17028 -37.32695
 5.16211 -37.35072
 5.16516 -37.40354
 5.18547 -37.45583
 5.23759 -37.55453
 5.25348 -37.59939
 5.26441 -37.62264
 5.27751 -37.63629
 5.29578 -37.64817
 5.30833 -37.66512
 5.31296 -37.68569
 5.30740 -37.70843
 5.28813 -37.75659
 5.27492 -37.80444
 5.26335 -37.82284
 5.24717 -37.84155
 5.23524 -37.86201
 5.23635 -37.88568
 5.24932 -37.90056
 5.26924 -37.90748
 5.29185 -37.90873
 5.33996 -37.90325
 5.36027 -37.90459
 5.37944 -37.91141
 5.40308 -37.92443
 5.44631 -37.94252
 5.49752 -37.95255
 5.54938 -37.95286
 5.61844 -37.93735
 5.63671 -37.94397
 5.64854 -37.96050
 5.65741 -38.00949
 5.68976 -38.07295
 5.70572 -38.08753
 5.73076 -38.09166
 5.75440 -38.08484
 5.76621 -38.06623
 5.77399 -38.04267
 5.79011 -38.02613
 5.81158 -38.01580
 5.85853 -38.00567
 5.90119 -37.98614
 5.92548 -37.98066
 5.94209 -37.97167
 5.95375 -37.95027
 5.99534 -37.84961
 6.00180 -37.81705
 6.00873 -37.79421
 6.02260 -37.78749
 6.04836 -37.78925
 6.12175 -37.77798
 6.14627 -37.77995
 6.16712 -37.78935
 6.20598 -37.81695
 6.24381 -37.83607
 6.29597 -37.85322
 6.34804 -37.85726
 6.38548 -37.83752
 6.42483 -37.80434
 6.46661 -37.80248
 6.50880 -37.82088
 6.57459 -37.86769
 6.59009 -37.88444
 6.59092 -37.90232
 6.57213 -37.92454
 6.56862 -37.93043
 6.56707 -37.96247
 6.56893 -37.97518
 6.57730 -37.99978
 6.57453 -38.02148
 6.56063 -38.03719
 6.54397 -38.05187
 6.53301 -38.07047
 6.52906 -38.08112
 6.50402 -38.12287
 6.48643 -38.14210
 6.45736 -38.16752
 6.45521 -38.17961
 6.46121 -38.20039
 6.46514 -38.22085
 6.46570 -38.24028
 6.46160 -38.25795
 6.42894 -38.29433
 6.38728 -38.29640
 6.35078 -38.27108
 6.32690 -38.20648
 6.31212 -38.19481
 6.27486 -38.17920
 6.25380 -38.17682
 6.21605 -38.19553
 6.19164 -38.19305
 6.16929 -38.17662
 6.16120 -38.15564
 6.16440 -38.13310
 6.17585 -38.11192
 6.17523 -38.09652
 6.15368 -38.08877
 6.12560 -38.08763
 6.10526 -38.09207
 5.89031 -38.21486
 5.86478 -38.23429
 5.86132 -38.25640
 5.86621 -38.27780
 5.86721 -38.29888
 5.87065 -38.31945
 5.91822 -38.39221
 5.93000 -38.39552
 5.94127 -38.38508
 5.97416 -38.32606
 6.00069 -38.29971
 6.01162 -38.29371
 6.01925 -38.29671
 6.03449 -38.31387
 6.05283 -38.32679
 6.11368 -38.36007
 6.15448 -38.37237
 6.17241 -38.38446
 6.18931 -38.40689
 6.19973 -38.42508
 6.21425 -38.43644
 6.24344 -38.43872
 6.32858 -38.42632
 6.37842 -38.43252
 6.41227 -38.45288
 6.43222 -38.48802
 6.44036 -38.53825
 6.43881 -38.57866
 6.43160 -38.61845
 6.40932 -38.69472
 6.40808 -38.70113
 6.40744 -38.72893
 6.41196 -38.76490
 6.40514 -38.76738
 6.38674 -38.77782
 6.37767 -38.78650
 6.34264 -38.86195
 6.33292 -38.86712
 6.30484 -38.89037
 6.25316 -38.91962
 6.22308 -38.93843
 6.20001 -38.94515
 6.19352 -38.94525
 6.15187 -38.99341
 6.14815 -39.03672
 6.16159 -39.13501
 6.17890 -39.12064
 6.19828 -39.11103
 6.24153 -39.09470
 6.26440 -39.09253
 6.28362 -39.10328
 6.30264 -39.11816
 6.32483 -39.12850
 6.36987 -39.12881
 6.45984 -39.10452
 6.50451 -39.09883
 6.52340 -39.09294
 6.54123 -39.07672
 6.60924 -39.00261
 6.63474 -38.96365
 6.64854 -38.95269
 6.66099 -38.93740
 6.66778 -38.91156
 6.67148 -38.86350
 6.67479 -38.84696
 6.74137 -38.71601
 6.75207 -38.68242
 6.76339 -38.66361
 6.77641 -38.64790
 6.78747 -38.64005
 6.82253 -38.63705
 6.97337 -38.66558
 7.03159 -38.64284
 7.07835 -38.61235
 7.10414 -38.58073
 7.09941 -38.55458
 7.08512 -38.52150
 7.09794 -38.48740
 7.11817 -38.45484
 7.12610 -38.42673
 7.13323 -38.38839
 7.15354 -38.35676
 7.16145 -38.33113
 7.13140 -38.31046
 7.11577 -38.30198
 7.06887 -38.26168
 7.05652 -38.24535
 7.03642 -38.15377
 7.04518 -38.11884
 7.05931 -38.09176
 7.07688 -38.07471
 7.09603 -38.06965
 7.13342 -38.07295
 7.16845 -38.07967
 7.19889 -38.09466
 7.22251 -38.12267
 7.30857 -38.25961
 7.32203 -38.27005
 7.36345 -38.27945
 7.38392 -38.28844
 7.41557 -38.31604
 7.43616 -38.32751
 7.45913 -38.33516
 7.47518 -38.34270
 7.48727 -38.35614
 7.49830 -38.38156
 7.50538 -38.40358
 7.51342 -38.42043
 7.52722 -38.42983
 7.55158 -38.42942
 7.62669 -38.41960
 7.67454 -38.42229
 7.69147 -38.42590
 7.72899 -38.44265
 7.74898 -38.44916
 7.76723 -38.45856
 7.80278 -38.49443
 7.84285 -38.51623
 7.89650 -38.56068
 7.95045 -38.59282
 7.99101 -38.60708
 8.00938 -38.61566
 8.02034 -38.61855
 8.09612 -38.60419
 8.13098 -38.59333
 8.14527 -38.59075
 8.16986 -38.58259
 8.21263 -38.55220
 8.23394 -38.54517
 8.25304 -38.60388
 8.23332 -38.61266
 8.15235 -38.63158
 8.13625 -38.63943
 8.12100 -38.65070
 8.09328 -38.67602
 8.11387 -38.68573
 8.13676 -38.68594
 8.16051 -38.68284
 8.18364 -38.68304
 8.25081 -38.69968
 8.26671 -38.67684
 8.28043 -38.66341
 8.29758 -38.65979
 8.34636 -38.67044
 8.36957 -38.66734
 8.39158 -38.65886
 8.41042 -38.64625
 8.44124 -38.58352
 8.45535 -38.56698
 8.45729 -38.54559
 8.45261 -38.52336
 8.44680 -38.50414
 8.44334 -38.49773
 8.41959 -38.47593
 8.39915 -38.46073
 8.39106 -38.45639
 8.38336 -38.45391
 8.31913 -38.44151
 8.30203 -38.43334
 8.27784 -38.40306
 8.26363 -38.36141
 8.26991 -38.32482
 8.30725 -38.30994
 8.34869 -38.30560
 8.37032 -38.29950
 8.37768 -38.29609
 8.38352 -38.29196
 8.39869 -38.27697
 8.40993 -38.25992
 8.41450 -38.23976
 8.40099 -38.18426
 8.38404 -38.04773
 8.33761 -37.85953
 8.33678 -37.83369
 8.35122 -37.76620
 8.35019 -37.74388
 8.34564 -37.72868
 8.34520 -37.71442
 8.35639 -37.69499
 8.36468 -37.62854
 8.36417 -37.60662
 8.38445 -37.59267
 8.41075 -37.57975
 8.42832 -37.56074
 8.42930 -37.53738
 8.41874 -37.51722
 8.40171 -37.50100
 8.38324 -37.48901
 8.33962 -37.47154
 8.31107 -37.46720
 8.30192 -37.47268
 8.28443 -37.47764
 8.27926 -37.48084
 8.27156 -37.48880
 8.26035 -37.50462
 8.25381 -37.52064
 8.23508 -37.59526
 8.22958 -37.60445
 8.21772 -37.60487
 8.13144 -37.59340
 8.05959 -37.59216
 8.04023 -37.59608
 8.00897 -37.61334
 7.99096 -37.61913
 7.97540 -37.61944
 7.96445 -37.61665
 7.95649 -37.58905
 7.95212 -37.56859
 7.95502 -37.54813
 7.96566 -37.53335
 8.00641 -37.51319
 8.01793 -37.48746
 8.01359 -37.45573
 7.99667 -37.39454
 7.96902 -37.39454
 7.92965 -37.43051
 7.90151 -37.43754
 7.88409 -37.43248
 7.84882 -37.41418
 7.83069 -37.40798
 7.81151 -37.40550
 7.70987 -37.40488
 7.67160 -37.41273
 7.59437 -37.43661
 7.58189 -37.43733
 7.47699 -37.41025
 7.46983 -37.40478
 7.44991 -37.39930
 7.40407 -37.39496
 7.37330 -37.38183
 7.36880 -37.37894
 7.37288 -37.36654
 7.35281 -37.33377
 7.30733 -37.23414
 7.25679 -37.16862
 7.24062 -37.13937
 7.23517 -37.10712
 7.24015 -37.02754
 7.22700 -36.95530
 7.22416 -36.91860
 7.22912 -36.87303
 7.24106 -36.82724
 7.25966 -36.78383
 7.37350 -36.61216
 7.37337 -36.59273
 7.40671 -36.51470
 7.41358 -36.49248
 7.41665 -36.47315
 7.41609 -36.42985
 7.41681 -36.42096
 7.42774 -36.38406
 7.43428 -36.37073
 7.44626 -36.35275
 7.44869 -36.34489
 7.45216 -36.32216
 7.47427 -36.26180
 7.49673 -36.21818
 7.52492 -36.18118
 7.54843 -36.14253
 7.55975 -36.06460
 7.57091 -36.04703
 7.59011 -36.04011
 7.61690 -36.04248
 7.64393 -36.04744
 7.65917 -36.04610
 7.69488 -36.02326
 7.74418 -36.00000
 7.75811 -35.98760
 7.76746 -35.97282
 7.78247 -35.93913
 7.82022 -35.87753
 7.83872 -35.85893
 7.85714 -35.85800
 7.89290 -35.88652
 7.91184 -35.89882
 7.93419 -35.90585
 7.95812 -35.90533
 8.05209 -35.87794
 8.06772 -35.87009
 8.07754 -35.85696
 8.08310 -35.83464
 8.08545 -35.81139
 8.08457 -35.78761
 8.07775 -35.76663
 8.06230 -35.75144
 8.02718 -35.72901
 8.00879 -35.72839
 7.98918 -35.74617
 7.96587 -35.78038
 7.95122 -35.79588
 7.93605 -35.80281
 7.91879 -35.79578
 7.89838 -35.77821
 7.88017 -35.75785
 7.86949 -35.74224
 7.86696 -35.73501
 7.86148 -35.70276
 7.85438 -35.68271
 7.84774 -35.66969
 7.82265 -35.63072
 7.81345 -35.60923
 7.81260 -35.58732
 7.82392 -35.56044
 7.84014 -35.54990
 7.86014 -35.54443
 7.88283 -35.53326
 7.88402 -35.49027
 7.87774 -35.46908
 7.87898 -35.45285
 7.87846 -35.43807
 7.86688 -35.42102
 7.86241 -35.41596
 7.84660 -35.39177
 7.84402 -35.38020
 7.84435 -35.36252
 7.84190 -35.35674
 7.82045 -35.34547
 7.79880 -35.34464
 7.77968 -35.34061
 7.75361 -35.29948
 7.71821 -35.27374
 7.70457 -35.25669
 7.67677 -35.24253
 7.62832 -35.24460
 7.53959 -35.26351
 7.51817 -35.26537
 7.50019 -35.25266
 7.48582 -35.23261
 7.47533 -35.21266
 7.46895 -35.20295
 7.46355 -35.19675
 7.46161 -35.19034
 7.47190 -35.16626
 7.47476 -35.15230
 7.47562 -35.12213
 7.48324 -35.10394
 7.50019 -35.10921
 7.51869 -35.12512
 7.53101 -35.13877
 7.54765 -35.14693
 7.55995 -35.13380
 7.59535 -35.03314
 7.60737 -35.01805
 7.62762 -35.00957
 7.67509 -35.00327
 7.69661 -34.99345
 7.72914 -34.95996
 7.75650 -34.92389
 7.78733 -34.89206
 7.83032 -34.87139
 7.87730 -34.87056
 7.91864 -34.88731
 8.00773 -34.95046
 8.02073 -34.95573
 8.03127 -34.95046
 8.04641 -34.90116
 8.05754 -34.89248
 8.06977 -34.90147
 8.08912 -34.94622
 8.12273 -35.00689
 8.13935 -35.05732
 8.15134 -35.08275
 8.16550 -35.09040
 8.18772 -35.05991
 8.19451 -35.00606
 8.19203 -34.94901
 8.18087 -34.87615
 8.18113 -34.84504
 8.19190 -34.81837
 8.21787 -34.79925
 8.24898 -34.78251
 8.26317 -34.76401
 8.27508 -34.70489
 8.28838 -34.67450
 8.30954 -34.65425
 8.36145 -34.61838
 8.38590 -34.58924
 8.43587 -34.48857
 8.47395 -34.43979
 8.55780 -34.35225
 8.59224 -34.30161
 8.60516 -34.27081
 8.60769 -34.24507
 8.59973 -34.22089
 8.56521 -34.17376
 8.56240 -34.16136
 8.57090 -34.14978
 8.58883 -34.13138
 8.60153 -34.10725
11 54 3.51359 10.3822 -42.9143 -34.0831 'Oromiya (Ethiopia)'
 9.07890 -38.83001
 9.08270 -38.82195
 9.09689 -38.81833
 9.07738 -38.79715
 9.07451 -38.79198
 9.07766 -38.78660
 9.09169 -38.78020
 9.09565 -38.77524
 9.09474 -38.76294
 9.08580 -38.72335
 9.08154 -38.71012
 9.06795 -38.69441
 9.04389 -38.67684
 9.01741 -38.66217
 8.99658 -38.65504
 8.99320 -38.65700
 8.98397 -38.66403
 8.97653 -38.66206
 8.96935 -38.66599
 8.96160 -38.67230
 8.95248 -38.67757
 8.93098 -38.68346
 8.92328 -38.68656
 8.91356 -38.69379
 8.90411 -38.70392
 8.90150 -38.71064
 8.90077 -38.71694
 8.89698 -38.72552
 8.88827 -38.73679
 8.87886 -38.74578
 8.85486 -38.76480
 8.84582 -38.77637
 8.83517 -38.79663
 8.83259 -38.81658
 8.84775 -38.82712
 8.86786 -38.83456
 8.86998 -38.84758
 8.86791 -38.86226
 8.87545 -38.87466
 8.89049 -38.87590
 8.92780 -38.86092
 8.94545 -38.85792
 8.93935 -38.87859
 8.93754 -38.88892
 8.93754 -38.89988
 8.94963 -38.89719
 8.96010 -38.89998
 8.97103 -38.90474
 8.98452 -38.90794
 9.00413 -38.90680
 9.02180 -38.90143
 9.07771 -38.87652
 9.07996 -38.85513
 9.07890 -38.83001
12 17 3.51359 10.3822 -42.9143 -34.0831 'Oromiya (Ethiopia)'
 8.93240 -36.27751
 8.93491 -36.29549
 8.93852 -36.30717
 8.94372 -36.31854
 8.95088 -36.32836
 8.96038 -36.33549
 8.96826 -36.32030
 8.98994 -36.30169
 8.99702 -36.28981
 8.97395 -36.24629
 8.96803 -36.24009
 8.96214 -36.23761
 8.95622 -36.23937
 8.95020 -36.24588
 8.94253 -36.26014
 8.93576 -36.26831
 8.93240 -36.27751
13 22 3.51359 10.3822 -42.9143 -34.0831 'Oromiya (Ethiopia)'
 9.36067 -36.46478
 9.40707 -36.44246
 9.42899 -36.43936
 9.44836 -36.44969
 9.46583 -36.48969
 9.47366 -36.49744
 9.48549 -36.49765
 9.49371 -36.49258
 9.51782 -36.45951
 9.52216 -36.44194
 9.51810 -36.42385
 9.50521 -36.40411
 9.49100 -36.39182
 9.47601 -36.38613
 9.43762 -36.37569
 9.35855 -36.39915
 9.33925 -36.41114
 9.33922 -36.41166
 9.33984 -36.41476
 9.36093 -36.41879
 9.36679 -36.43140
 9.36067 -36.46478
14 69 3.51359 10.3822 -42.9143 -34.0831 'Oromiya (Ethiopia)'
 9.02152 -36.12382
 9.02431 -36.10656
 9.03521 -36.06439
 9.03428 -36.04899
 9.02405 -36.04176
 9.00736 -36.04021
 8.98912 -36.04052
 8.97413 -36.03876
 8.96405 -36.03287
 8.94423 -36.01561
 8.93170 -36.00941
 8.91987 -36.00879
 8.89506 -36.01365
 8.88313 -36.01282
 8.88070 -36.01199
 8.87894 -36.01086
 8.87517 -36.00765
 8.86450 -36.01220
 8.85664 -36.01912
 8.85104 -36.02822
 8.84703 -36.03918
 8.85238 -36.04124
 8.85424 -36.04703
 8.85383 -36.06584
 8.85440 -36.07070
 8.85667 -36.08155
 8.85680 -36.08589
 8.85427 -36.09064
 8.84553 -36.09674
 8.84321 -36.10005
 8.84372 -36.12165
 8.85238 -36.13591
 8.87801 -36.16103
 8.86344 -36.17023
 8.84401 -36.19503
 8.83150 -36.20516
 8.82321 -36.20681
 8.81572 -36.20516
 8.80763 -36.20506
 8.79745 -36.21126
 8.79254 -36.21818
 8.78952 -36.22697
 8.78711 -36.24567
 8.79843 -36.24340
 8.80845 -36.23885
 8.82615 -36.22717
 8.83274 -36.24123
 8.84620 -36.24154
 8.85938 -36.23224
 8.86525 -36.21767
 8.88669 -36.21498
 8.91736 -36.21653
 8.94721 -36.22159
 8.96609 -36.22914
 8.96178 -36.21746
 8.96191 -36.20433
 8.96720 -36.19131
 8.97850 -36.17994
 8.99043 -36.17219
 8.99532 -36.17219
 8.99971 -36.17787
 9.01020 -36.18728
 9.01180 -36.18356
 9.01366 -36.18087
 9.01645 -36.17767
 9.02002 -36.16227
 9.02467 -36.14811
 9.02650 -36.13519
 9.02152 -36.12382
15 36 3.51359 10.3822 -42.9143 -34.0831 'Oromiya (Ethiopia)'
 9.18866 -42.24872
 9.19877 -42.26588
 9.21794 -42.27414
 9.23597 -42.26836
 9.25380 -42.25781
 9.27233 -42.25161
 9.28491 -42.25399
 9.30620 -42.26577
 9.31783 -42.26784
 9.32863 -42.26825
 9.35431 -42.27197
 9.36294 -42.27187
 9.38483 -42.25657
 9.38289 -42.23528
 9.37124 -42.21172
 9.36398 -42.18970
 9.37077 -42.16335
 9.38237 -42.14537
 9.38367 -42.12873
 9.35953 -42.10651
 9.30861 -42.07633
 9.28179 -42.06630
 9.25171 -42.06113
 9.22982 -42.06372
 9.22659 -42.07891
 9.23099 -42.09958
 9.23189 -42.11880
 9.22701 -42.12780
 9.21275 -42.14268
 9.20853 -42.15084
 9.21014 -42.16459
 9.21657 -42.17834
 9.22140 -42.19198
 9.21820 -42.20531
 9.19344 -42.23332
 9.18866 -42.24872
16 44 9.47376 9.78057 -42.341 -41.7317 'Dire Dawa (Ethiopia)'
 9.72036 -42.34101
 9.70985 -42.32210
 9.67949 -42.28458
 9.66422 -42.26949
 9.65618 -42.25244
 9.65200 -42.20169
 9.64308 -42.17730
 9.62680 -42.14764
 9.61735 -42.13369
 9.60872 -42.12862
 9.59618 -42.13276
 9.56577 -42.15167
 9.54192 -42.14733
 9.51903 -42.12273
 9.49678 -42.09400
 9.47490 -42.07674
 9.50448 -42.01710
 9.50510 -41.99013
 9.48020 -41.93329
 9.47723 -41.92243
 9.47617 -41.91055
 9.47901 -41.89732
 9.48906 -41.86931
 9.48769 -41.85660
 9.48144 -41.82539
 9.48596 -41.79676
 9.48784 -41.76823
 9.47376 -41.73692
 9.51774 -41.73175
 9.58494 -41.74064
 9.64014 -41.76296
 9.64799 -41.79831
 9.64750 -41.81846
 9.67801 -41.86652
 9.68388 -41.89205
 9.67657 -41.91892
 9.63517 -41.99550
 9.62536 -42.02196
 9.62900 -42.04036
 9.74411 -42.15632
 9.77439 -42.20314
 9.78057 -42.25430
 9.76258 -42.30267
 9.72036 -42.34101
17 54 8.83259 9.09689 -38.9079 -38.655 'Addis Ababa (Ethiopia)'
 9.09689 -38.81833
 9.08270 -38.82195
 9.07890 -38.83001
 9.07996 -38.85513
 9.07771 -38.87652
 9.02180 -38.90143
 9.00413 -38.90680
 8.98452 -38.90794
 8.97103 -38.90474
 8.96010 -38.89998
 8.94963 -38.89719
 8.93754 -38.89988
 8.93754 -38.88892
 8.93935 -38.87859
 8.94545 -38.85792
 8.92780 -38.86092
 8.89049 -38.87590
 8.87545 -38.87466
 8.86791 -38.86226
 8.86998 -38.84758
 8.86786 -38.83456
 8.84775 -38.82712
 8.83259 -38.81658
 8.83517 -38.79663
 8.84582 -38.77637
 8.85486 -38.76480
 8.87886 -38.74578
 8.88827 -38.73679
 8.89698 -38.72552
 8.90077 -38.71694
 8.90150 -38.71064
 8.90411 -38.70392
 8.91356 -38.69379
 8.92328 -38.68656
 8.93098 -38.68346
 8.95248 -38.67757
 8.96160 -38.67230
 8.96935 -38.66599
 8.97653 -38.66206
 8.98397 -38.66403
 8.99320 -38.65700
 8.99658 -38.65504
 9.01741 -38.66217
 9.04389 -38.67684
 9.06795 -38.69441
 9.08154 -38.71012
 9.08580 -38.72335
 9.09474 -38.76294
 9.09565 -38.77524
 9.09169 -38.78020
 9.07766 -38.78660
 9.07451 -38.79198
 9.07738 -38.79715
 9.09689 -38.81833
18 36 9.18866 9.38483 -42.2741 -42.0611 'Harari People (Ethiopia)'
 9.38483 -42.25657
 9.36294 -42.27187
 9.35431 -42.27197
 9.32863 -42.26825
 9.31783 -42.26784
 9.30620 -42.26577
 9.28491 -42.25399
 9.27233 -42.25161
 9.25380 -42.25781
 9.23597 -42.26836
 9.21794 -42.27414
 9.19877 -42.26588
 9.18866 -42.24872
 9.19344 -42.23332
 9.21820 -42.20531
 9.22140 -42.19198
 9.21657 -42.17834
 9.21014 -42.16459
 9.20853 -42.15084
 9.21275 -42.14268
 9.22701 -42.12780
 9.23189 -42.11880
 9.23099 -42.09958
 9.22659 -42.07891
 9.22982 -42.06372
 9.25171 -42.06113
 9.28179 -42.06630
 9.30861 -42.07633
 9.35953 -42.10651
 9.38367 -42.12873
 9.38237 -42.14537
 9.37077 -42.16335
 9.36398 -42.18970
 9.37124 -42.21172
 9.38289 -42.23528
 9.38483 -42.25657
