0 573 8.24539 9.99601 10.5922 13.3011 'Northern (Sierra Leone)'
 9.99601 11.27267
 9.99340 11.24729
 9.98337 11.21345
 9.98216 11.19960
 9.97260 11.18854
 9.95038 11.18125
 9.88446 11.16766
 9.87276 11.16027
 9.82617 11.08596
 9.78713 11.04493
 9.74274 11.01010
 9.69776 10.98633
 9.66378 10.97460
 9.65424 10.96850
 9.65078 10.96292
 9.64484 10.94664
 9.63970 10.94013
 9.63189 10.93579
 9.60569 10.92907
 9.59590 10.92168
 9.57831 10.89605
 9.56841 10.88633
 9.56017 10.88282
 9.53268 10.87770
 9.52340 10.87057
 9.51854 10.86019
 9.51208 10.85259
 9.49787 10.85367
 9.47299 10.85910
 9.45526 10.85486
 9.44025 10.84396
 9.42395 10.82908
 9.41390 10.81342
 9.40826 10.81145
 9.40090 10.82215
 9.39214 10.83176
 9.38806 10.81936
 9.38728 10.80169
 9.38852 10.79523
 9.38723 10.78541
 9.38734 10.77476
 9.38522 10.76546
 9.36757 10.75347
 9.35705 10.74154
 9.34819 10.72820
 9.34333 10.71776
 9.30646 10.67513
 9.29398 10.67384
 9.28290 10.67766
 9.27181 10.68345
 9.25928 10.68805
 9.25070 10.68795
 9.23375 10.68392
 9.22450 10.68521
 9.21285 10.69317
 9.20631 10.70376
 9.20135 10.71497
 9.19450 10.72474
 9.16329 10.74257
 9.12012 10.75347
 9.08381 10.74634
 9.07299 10.71043
 9.07443 10.66909
 9.07035 10.62935
 9.06376 10.60599
 9.05410 10.59410
 9.04762 10.59310
 9.04166 10.59218
 9.04167 10.59260
 9.04286 10.63105
 9.03898 10.64852
 9.00043 10.70882
 8.99997 10.70919
 8.99888 10.70950
 8.99625 10.71001
 8.99304 10.70877
 8.98989 10.70598
 8.98710 10.70185
 8.97744 10.68345
 8.97304 10.68071
 8.96741 10.68045
 8.95697 10.68665
 8.95263 10.69270
 8.95000 10.69947
 8.94912 10.71239
 8.95000 10.72479
 8.95449 10.74748
 8.95470 10.75352
 8.95387 10.75998
 8.94560 10.78959
 8.94442 10.80127
 8.94504 10.80892
 8.94674 10.81502
 8.95403 10.82830
 9.00012 10.89403
 9.00038 10.89450
 9.00824 10.90494
 9.01511 10.91196
 9.03810 10.93057
 9.05164 10.94452
 9.05464 10.95098
 9.05702 10.96013
 9.07020 11.06234
 9.06916 11.06978
 9.06699 11.07702
 9.06281 11.08663
 9.05929 11.09242
 9.05552 11.09686
 9.05180 11.10001
 9.03511 11.11076
 9.02539 11.11469
 9.01433 11.11733
 8.99454 11.11867
 8.98958 11.11939
 8.98452 11.12105
 8.97992 11.12332
 8.97186 11.12901
 8.96498 11.13598
 8.94560 11.16539
 8.94100 11.17474
 8.91553 11.24776
 8.91077 11.25670
 8.90705 11.25995
 8.90276 11.26254
 8.84659 11.28099
 8.82282 11.29158
 8.81874 11.29416
 8.81119 11.30036
 8.80401 11.30894
 8.78908 11.33199
 8.78499 11.33674
 8.78117 11.33964
 8.77693 11.34150
 8.73440 11.33721
 8.70944 11.33778
 8.70417 11.33690
 8.69952 11.33509
 8.69094 11.32972
 8.68609 11.32734
 8.68081 11.32610
 8.67492 11.32600
 8.66376 11.32817
 8.63317 11.33829
 8.62257 11.34057
 8.61730 11.33995
 8.61265 11.33798
 8.60485 11.33220
 8.60030 11.33013
 8.59591 11.32910
 8.59110 11.32910
 8.58800 11.32951
 8.54873 11.34243
 8.53726 11.34822
 8.52956 11.35395
 8.52609 11.35928
 8.52491 11.36486
 8.52677 11.36920
 8.52971 11.37297
 8.53312 11.37638
 8.53581 11.38026
 8.53757 11.38491
 8.53803 11.38997
 8.53927 11.39514
 8.54160 11.39948
 8.54795 11.40687
 8.55049 11.41106
 8.55198 11.41591
 8.55167 11.42155
 8.53917 11.47172
 8.53886 11.47792
 8.53927 11.48325
 8.54046 11.48872
 8.54563 11.50387
 8.54656 11.51058
 8.54640 11.51844
 8.54470 11.52996
 8.54222 11.53668
 8.53943 11.54221
 8.52785 11.55838
 8.50806 11.58019
 8.49323 11.60267
 8.49044 11.61755
 8.49344 11.67419
 8.49178 11.68603
 8.48899 11.69724
 8.47907 11.71905
 8.47525 11.72483
 8.47152 11.72793
 8.46698 11.73021
 8.46114 11.73119
 8.43628 11.73310
 8.41396 11.73796
 8.40631 11.74225
 8.39758 11.74907
 8.37592 11.77238
 8.37153 11.77899
 8.35143 11.82581
 8.34626 11.84410
 8.34450 11.87072
 8.34636 11.89588
 8.35618 11.93381
 8.36714 11.95164
 8.36926 11.95862
 8.36740 11.96575
 8.36197 11.97609
 8.35990 11.98311
 8.35980 11.98911
 8.36280 12.00177
 8.36207 12.01774
 8.35846 12.02693
 8.35815 12.03355
 8.35840 12.03882
 8.35561 12.04151
 8.33200 12.05939
 8.32761 12.06166
 8.32249 12.06280
 8.31737 12.06254
 8.31257 12.06094
 8.29427 12.05133
 8.29055 12.04833
 8.28797 12.04430
 8.28601 12.04006
 8.28208 12.03748
 8.27221 12.03386
 8.26709 12.03283
 8.26198 12.03293
 8.25107 12.03500
 8.24549 12.03882
 8.24539 12.04264
 8.24761 12.05267
 8.24823 12.05835
 8.24978 12.06352
 8.25257 12.06760
 8.25583 12.07127
 8.26368 12.07727
 8.26823 12.07964
 8.28353 12.08543
 8.28750 12.08838
 8.29035 12.09236
 8.30957 12.14160
 8.34373 12.20274
 8.34626 12.20977
 8.34910 12.22982
 8.34926 12.24439
 8.34817 12.25307
 8.34636 12.25989
 8.33407 12.28842
 8.33288 12.29689
 8.33376 12.30309
 8.33629 12.30749
 8.33841 12.31219
 8.33975 12.31994
 8.33903 12.34836
 8.33727 12.35797
 8.33469 12.36480
 8.32755 12.37208
 8.32290 12.37802
 8.31701 12.38717
 8.30394 12.41766
 8.30130 12.42200
 8.29800 12.42546
 8.29427 12.42856
 8.27996 12.43482
 8.27438 12.43807
 8.26957 12.44314
 8.26461 12.45280
 8.26544 12.45833
 8.26864 12.46205
 8.27340 12.46422
 8.27763 12.46691
 8.28063 12.47084
 8.28291 12.47528
 8.28709 12.55150
 8.28900 12.55848
 8.29241 12.56189
 8.29665 12.56468
 8.30177 12.56644
 8.30730 12.56757
 8.31918 12.56794
 8.32476 12.56892
 8.32838 12.57212
 8.33127 12.57626
 8.33531 12.58587
 8.33753 12.60349
 8.33727 12.62183
 8.33954 12.63062
 8.34352 12.63589
 8.34812 12.63827
 8.35215 12.64116
 8.35484 12.64519
 8.35680 12.65015
 8.35773 12.65604
 8.35691 12.71578
 8.35515 12.72472
 8.34492 12.74534
 8.34399 12.75247
 8.34533 12.75805
 8.34884 12.76141
 8.35329 12.76394
 8.35794 12.76601
 8.36218 12.76885
 8.36579 12.77221
 8.36910 12.77872
 8.37169 12.78813
 8.37386 12.80673
 8.37282 12.81614
 8.37019 12.82275
 8.36672 12.82596
 8.36249 12.82854
 8.35313 12.83298
 8.34476 12.83831
 8.33722 12.84446
 8.32084 12.85551
 8.30332 12.87231
 8.29386 12.88373
 8.27453 12.90047
 8.29495 12.91386
 8.30890 12.91711
 8.32724 12.91587
 8.33303 12.91654
 8.33753 12.91866
 8.34249 12.92802
 8.34698 12.94295
 8.35908 13.00522
 8.36492 13.01173
 8.37200 13.02238
 8.37370 13.03912
 8.37539 13.04245
 8.37670 13.03356
 8.38353 13.03356
 8.38622 13.04577
 8.39118 13.05626
 8.39916 13.06383
 8.41087 13.06770
 8.41087 13.05407
 8.41767 13.05407
 8.42438 13.08336
 8.43382 13.11095
 8.44904 13.12560
 8.47297 13.11612
 8.48163 13.10436
 8.49315 13.07433
 8.50023 13.06151
 8.51020 13.05403
 8.52106 13.04792
 8.52676 13.03995
 8.52070 13.02672
 8.53221 13.02709
 8.54320 13.02416
 8.55313 13.01915
 8.56171 13.01305
 8.55907 13.00329
 8.55435 12.93712
 8.54922 12.91832
 8.54804 12.90722
 8.55097 12.89900
 8.56485 12.87898
 8.56916 12.86970
 8.57307 12.88805
 8.57050 12.90933
 8.57217 12.92809
 8.58344 12.93033
 8.58283 12.93114
 8.60684 12.91194
 8.68521 12.87588
 8.65485 12.90087
 8.62763 12.91690
 8.60700 12.93643
 8.59642 12.97208
 8.59732 12.98986
 8.60017 13.00487
 8.60017 13.01806
 8.58470 13.04393
 8.58320 13.06184
 8.58902 13.07848
 8.60269 13.08878
 8.60684 13.06627
 8.61896 13.05443
 8.63337 13.04434
 8.64423 13.02672
 8.65107 13.02672
 8.65249 13.03563
 8.65428 13.04109
 8.65803 13.04467
 8.66474 13.04784
 8.66474 13.05407
 8.63394 13.06355
 8.62198 13.07063
 8.61693 13.08194
 8.62189 13.09801
 8.63394 13.11217
 8.65790 13.13036
 8.65225 13.14061
 8.65339 13.14843
 8.66010 13.15404
 8.67097 13.15770
 8.65400 13.16259
 8.64305 13.15429
 8.63605 13.13915
 8.63056 13.12291
 8.62377 13.13659
 8.60334 13.10904
 8.58100 13.10749
 8.55956 13.12214
 8.54182 13.14342
 8.53339 13.13923
 8.52448 13.13927
 8.51740 13.14411
 8.51455 13.15429
 8.51765 13.16242
 8.52521 13.16853
 8.56916 13.19506
 8.58495 13.20250
 8.61433 13.20885
 8.63255 13.21691
 8.64964 13.22716
 8.66132 13.23656
 8.67219 13.24120
 8.68863 13.24201
 8.71939 13.24022
 8.71992 13.23522
 8.82583 13.24022
 8.85712 13.21227
 8.85981 13.20092
 8.85635 13.19652
 8.84980 13.19319
 8.84349 13.18497
 8.84406 13.10814
 8.84663 13.09219
 8.85554 13.07185
 8.85834 13.04308
 8.85712 12.98571
 8.86970 13.02697
 8.86677 13.03356
 8.86123 13.04109
 8.86115 13.05822
 8.86473 13.07677
 8.87018 13.08878
 8.86542 13.09984
 8.86237 13.11583
 8.86408 13.13036
 8.87393 13.13659
 8.88142 13.13976
 8.88345 13.14672
 8.88329 13.15392
 8.88447 13.15770
 8.89228 13.15844
 8.89533 13.15587
 8.89712 13.15258
 8.91673 13.14265
 8.92601 13.12263
 8.93049 13.09777
 8.93163 13.07510
 8.93911 13.07510
 8.94465 13.09252
 8.94062 13.11510
 8.92544 13.15770
 8.92304 13.18098
 8.92837 13.20613
 8.94253 13.22574
 8.96638 13.23282
 8.96190 13.23668
 8.96137 13.23892
 8.95978 13.23998
 8.95209 13.24022
 8.96638 13.25487
 8.96528 13.26049
 8.96125 13.26232
 8.95791 13.26456
 8.95209 13.26696
 8.96947 13.28844
 9.01704 13.28502
 9.03531 13.30110
 9.04149 13.30110
 9.05860 13.27738
 9.07206 13.23363
 9.07671 13.20754
 9.07299 13.19177
 9.04932 13.15384
 9.04146 13.13105
 9.04395 13.11591
 9.06599 13.08558
 9.08454 13.04700
 9.09598 13.02886
 9.11275 13.01525
 9.14412 13.00204
 9.15869 12.99380
 9.17231 12.98416
 9.17520 12.97848
 9.17670 12.96280
 9.17784 12.95915
 9.18608 12.96021
 9.20280 12.97393
 9.21285 12.97835
 9.24158 12.97375
 9.27243 12.95791
 9.28708 12.93701
 9.26701 12.91753
 9.27850 12.89564
 9.27985 12.87611
 9.27850 12.85688
 9.28197 12.83583
 9.29579 12.81914
 9.33509 12.79526
 9.34385 12.77792
 9.34767 12.76415
 9.35535 12.76356
 9.36439 12.76756
 9.37232 12.76779
 9.38284 12.75976
 9.38780 12.75407
 9.39723 12.73723
 9.39651 12.73294
 9.39312 12.72785
 9.39209 12.72294
 9.39837 12.71904
 9.40441 12.71645
 9.40816 12.71312
 9.41395 12.70620
 9.42023 12.70160
 9.52870 12.66752
 9.53371 12.66731
 9.53823 12.66927
 9.54236 12.66863
 9.54603 12.66095
 9.54774 12.65527
 9.54944 12.65207
 9.55211 12.64992
 9.55663 12.64729
 9.58942 12.63855
 9.59786 12.63385
 9.60128 12.62460
 9.60009 12.61486
 9.60071 12.60682
 9.60936 12.60277
 9.65171 12.60155
 9.65486 12.59858
 9.68336 12.58225
 9.69256 12.57308
 9.71132 12.54202
 9.71191 12.53876
 9.71571 12.53747
 9.72793 12.53765
 9.73279 12.53569
 9.73284 12.53073
 9.73207 12.52556
 9.73447 12.52246
 9.73943 12.52287
 9.75062 12.52665
 9.75362 12.52727
 9.82783 12.51362
 9.83834 12.51373
 9.84511 12.51499
 9.85131 12.51432
 9.86038 12.50833
 9.88126 12.47233
 9.89761 12.42699
 9.92927 12.27674
 9.92841 12.25359
 9.91676 12.23561
 9.90056 12.21739
 9.88606 12.19364
 9.87919 12.17483
 9.87560 12.15835
 9.87488 12.14135
 9.88168 12.10981
 9.92221 11.92177
 9.93149 11.91495
 9.99252 11.91010
 9.99428 11.58752
 9.99484 11.48487
 9.99504 11.44917
 9.99601 11.27267
1 320 7.34519 9.0702 10.2822 11.5802 'Eastern (Sierra Leone)'
 9.04166 10.59218
 9.03906 10.59178
 8.97984 10.60713
 8.94514 10.61188
 8.87230 10.61012
 8.86230 10.60847
 8.83404 10.59937
 8.82962 10.59912
 8.81902 10.60020
 8.81538 10.59968
 8.81125 10.59627
 8.80660 10.58909
 8.80409 10.58630
 8.75004 10.54532
 8.73916 10.53023
 8.72955 10.52475
 8.67247 10.48186
 8.65105 10.48967
 8.63157 10.50331
 8.61857 10.52212
 8.61676 10.54517
 8.61278 10.56542
 8.59684 10.58465
 8.57565 10.60051
 8.54651 10.61648
 8.53201 10.63188
 8.51989 10.63885
 8.50664 10.64118
 8.49478 10.64108
 8.48687 10.64387
 8.48550 10.65467
 8.39908 10.66909
 8.37486 10.68381
 8.35357 10.70200
 8.31986 10.72500
 8.28730 10.73528
 8.26960 10.71518
 8.30314 10.70789
 8.32407 10.68815
 8.33327 10.65978
 8.33151 10.62671
 8.32526 10.61188
 8.30691 10.58325
 8.30458 10.57266
 8.31185 10.55436
 8.33479 10.51928
 8.39215 10.46021
 8.40763 10.44796
 8.45657 10.42378
 8.47018 10.41406
 8.48101 10.40238
 8.48910 10.38977
 8.49478 10.37474
 8.49907 10.34430
 8.49855 10.33758
 8.49036 10.31024
 8.48587 10.30223
 8.48308 10.29371
 8.48463 10.28224
 8.43295 10.28291
 8.31035 10.31366
 8.27229 10.33128
 8.24976 10.33329
 8.22154 10.32601
 8.20165 10.31815
 8.18312 10.32094
 8.15935 10.34554
 8.14821 10.36492
 8.14211 10.38456
 8.13927 10.40507
 8.13886 10.48574
 8.13584 10.50574
 8.12429 10.52925
 8.10607 10.54398
 8.06320 10.56718
 8.05315 10.57783
 8.03923 10.60315
 8.03186 10.61214
 8.02251 10.61622
 8.01078 10.61767
 7.76904 10.61519
 7.76552 10.63813
 7.76304 10.64542
 7.73757 10.69260
 7.70547 10.73058
 7.54368 10.86403
 7.53086 10.87460
 7.52218 10.88571
 7.51649 10.89899
 7.50776 10.93703
 7.48492 10.97790
 7.36803 11.12632
 7.34519 11.14421
 7.34539 11.14471
 7.37423 11.21768
 7.38927 11.24373
 7.40332 11.27773
 7.41076 11.30388
 7.41226 11.31587
 7.41267 11.32910
 7.41417 11.34119
 7.41696 11.35209
 7.41981 11.35602
 7.42435 11.35793
 7.44668 11.35690
 7.47014 11.35948
 7.49133 11.35953
 7.49758 11.35891
 7.54238 11.36238
 7.55303 11.36134
 7.56068 11.35928
 7.58481 11.33623
 7.58796 11.33447
 7.60811 11.34941
 7.61147 11.35297
 7.61426 11.35705
 7.61654 11.36165
 7.61783 11.36703
 7.61814 11.37281
 7.61731 11.37840
 7.61271 11.38780
 7.60708 11.39576
 7.56987 11.42728
 7.54988 11.44940
 7.54693 11.45338
 7.54445 11.45787
 7.54274 11.46283
 7.54274 11.46842
 7.54414 11.47348
 7.54641 11.47813
 7.54817 11.48299
 7.56047 11.48774
 7.58217 11.49167
 7.63623 11.49591
 7.65927 11.50133
 7.67225 11.50655
 7.67628 11.51679
 7.67839 11.51999
 7.68067 11.52045
 7.69674 11.49270
 7.71963 11.46041
 7.72149 11.45663
 7.72129 11.45296
 7.71839 11.45002
 7.71405 11.44759
 7.70413 11.44361
 7.70056 11.44067
 7.69948 11.43607
 7.70041 11.43111
 7.70304 11.42676
 7.70640 11.42315
 7.71467 11.41788
 7.72444 11.41405
 7.74764 11.41023
 7.75276 11.40842
 7.75715 11.40635
 7.76309 11.40537
 7.77022 11.40656
 7.81306 11.42335
 7.81513 11.42563
 7.81353 11.42863
 7.81058 11.43173
 7.79126 11.44640
 7.78836 11.44930
 7.78774 11.45203
 7.79296 11.45384
 7.80118 11.45493
 7.82578 11.45436
 7.87177 11.44423
 7.87663 11.44216
 7.88066 11.43948
 7.92706 11.37488
 7.93037 11.37142
 7.94386 11.35948
 7.94908 11.35147
 7.95228 11.34780
 7.95600 11.34465
 7.96013 11.34196
 7.96964 11.33778
 7.99088 11.33230
 8.00189 11.33116
 8.01295 11.33153
 8.03977 11.33509
 8.07770 11.33581
 8.09790 11.33969
 8.16529 11.36413
 8.17077 11.36553
 8.17609 11.36641
 8.18079 11.36646
 8.18446 11.36584
 8.18927 11.36553
 8.19588 11.36863
 8.20565 11.37524
 8.27298 11.44340
 8.32786 11.48599
 8.34440 11.50330
 8.34698 11.50759
 8.36693 11.52898
 8.37308 11.53203
 8.38114 11.53456
 8.39690 11.53549
 8.41365 11.53404
 8.42031 11.53539
 8.42801 11.53880
 8.44486 11.55327
 8.45235 11.56205
 8.46605 11.56970
 8.50806 11.58019
 8.52785 11.55838
 8.53943 11.54221
 8.54222 11.53668
 8.54470 11.52996
 8.54640 11.51844
 8.54656 11.51058
 8.54563 11.50387
 8.54046 11.48872
 8.53927 11.48325
 8.53886 11.47792
 8.53917 11.47172
 8.55167 11.42155
 8.55198 11.41591
 8.55049 11.41106
 8.54795 11.40687
 8.54160 11.39948
 8.53927 11.39514
 8.53803 11.38997
 8.53757 11.38491
 8.53581 11.38026
 8.53312 11.37638
 8.52971 11.37297
 8.52677 11.36920
 8.52491 11.36486
 8.52609 11.35928
 8.52956 11.35395
 8.53726 11.34822
 8.54873 11.34243
 8.58800 11.32951
 8.59110 11.32910
 8.59591 11.32910
 8.60030 11.33013
 8.60485 11.33220
 8.61265 11.33798
 8.61730 11.33995
 8.62257 11.34057
 8.63317 11.33829
 8.66376 11.32817
 8.67492 11.32600
 8.68081 11.32610
 8.68609 11.32734
 8.69094 11.32972
 8.69952 11.33509
 8.70417 11.33690
 8.70944 11.33778
 8.73440 11.33721
 8.77693 11.34150
 8.78117 11.33964
 8.78499 11.33674
 8.78908 11.33199
 8.80401 11.30894
 8.81119 11.30036
 8.81874 11.29416
 8.82282 11.29158
 8.84659 11.28099
 8.90276 11.26254
 8.90705 11.25995
 8.91077 11.25670
 8.91553 11.24776
 8.94100 11.17474
 8.94560 11.16539
 8.96498 11.13598
 8.97186 11.12901
 8.97992 11.12332
 8.98452 11.12105
 8.98958 11.11939
 8.99454 11.11867
 9.01433 11.11733
 9.02539 11.11469
 9.03511 11.11076
 9.05180 11.10001
 9.05552 11.09686
 9.05929 11.09242
 9.06281 11.08663
 9.06699 11.07702
 9.06916 11.06978
 9.07020 11.06234
 9.05702 10.96013
 9.05464 10.95098
 9.05164 10.94452
 9.03810 10.93057
 9.01511 10.91196
 9.00824 10.90494
 9.00038 10.89450
 9.00012 10.89403
 8.95403 10.82830
 8.94674 10.81502
 8.94504 10.80892
 8.94442 10.80127
 8.94560 10.78959
 8.95387 10.75998
 8.95470 10.75352
 8.95449 10.74748
 8.95000 10.72479
 8.94912 10.71239
 8.95000 10.69947
 8.95263 10.69270
 8.95697 10.68665
 8.96741 10.68045
 8.97304 10.68071
 8.97744 10.68345
 8.98710 10.70185
 8.98989 10.70598
 8.99304 10.70877
 8.99625 10.71001
 8.99888 10.70950
 8.99997 10.70919
 9.00043 10.70882
 9.03898 10.64852
 9.04286 10.63105
 9.04167 10.59260
 9.04166 10.59218
2 452 6.91942 8.50806 11.1442 12.9857 'Southern (Sierra Leone)'
 7.34519 11.14421
 7.26219 11.20926
 7.25408 11.21789
 7.21708 11.30021
 7.21357 11.31721
 7.15925 11.35204
 7.14261 11.37013
 7.13884 11.37323
 7.12840 11.37059
 7.10536 11.35643
 7.09280 11.35313
 7.08406 11.35514
 7.07864 11.36046
 7.07595 11.36791
 7.07352 11.38971
 7.06686 11.39292
 7.04670 11.38930
 7.03177 11.39152
 7.01280 11.39772
 6.99637 11.40728
 6.98082 11.43467
 6.96387 11.43886
 6.93854 11.43674
 6.93394 11.44449
 6.91942 11.47619
 6.93277 11.49279
 6.94212 11.53392
 6.95254 11.55394
 6.96581 11.57291
 6.97895 11.58800
 6.98041 11.57897
 6.98261 11.57429
 6.98631 11.57128
 6.99262 11.56749
 6.99331 11.59553
 6.99140 11.60774
 6.98579 11.61587
 6.98579 11.62214
 7.00825 11.63121
 7.02277 11.64517
 7.06704 11.69815
 7.14899 11.83959
 7.23359 12.07372
 7.32901 12.31485
 7.38984 12.50658
 7.41511 12.47619
 7.41649 12.43961
 7.40461 12.40217
 7.38984 12.36946
 7.39863 12.37108
 7.40502 12.37588
 7.40900 12.38341
 7.41035 12.39330
 7.41254 12.40103
 7.42471 12.40917
 7.43081 12.41723
 7.43818 12.43590
 7.43911 12.44652
 7.42963 12.46426
 7.43399 12.47277
 7.44123 12.48095
 7.44505 12.48925
 7.45360 12.49242
 7.47236 12.48363
 7.49116 12.47077
 7.50751 12.45198
 7.52285 12.44152
 7.53360 12.42833
 7.52766 12.41039
 7.53286 12.39940
 7.53457 12.38781
 7.53441 12.36266
 7.53555 12.35753
 7.53974 12.34545
 7.54068 12.33873
 7.53856 12.33145
 7.52953 12.31933
 7.52766 12.31481
 7.53311 12.29507
 7.54340 12.27807
 7.55239 12.25886
 7.55370 12.23225
 7.55711 12.23428
 7.56452 12.23656
 7.56802 12.23843
 7.57347 12.22020
 7.57600 12.20177
 7.58308 12.18810
 7.60273 12.18383
 7.60273 12.19127
 7.60122 12.19750
 7.60082 12.20425
 7.59976 12.21129
 7.59589 12.21801
 7.60497 12.22387
 7.60895 12.22545
 7.60708 12.23534
 7.60676 12.24673
 7.60517 12.25626
 7.59931 12.26016
 7.59064 12.26277
 7.58637 12.26928
 7.58161 12.28685
 7.57600 12.29865
 7.57543 12.31786
 7.57319 12.32771
 7.56342 12.34826
 7.55927 12.37003
 7.55048 12.39135
 7.54751 12.40355
 7.54816 12.41002
 7.55268 12.43008
 7.55370 12.44107
 7.56200 12.46373
 7.58112 12.47106
 7.60220 12.47631
 7.61640 12.49299
 7.62254 12.49299
 7.62714 12.48803
 7.63300 12.48522
 7.64069 12.48449
 7.65054 12.48550
 7.64374 12.49303
 7.63911 12.50036
 7.63858 12.50699
 7.64427 12.51281
 7.64427 12.51964
 7.63007 12.51964
 7.65355 12.54393
 7.68708 12.53140
 7.73994 12.49299
 7.73127 12.47663
 7.72626 12.47126
 7.73310 12.46500
 7.74616 12.47094
 7.75996 12.47179
 7.77058 12.46593
 7.77407 12.45198
 7.78767 12.47216
 7.77192 12.49014
 7.72626 12.51964
 7.69554 12.56949
 7.68378 12.60188
 7.69522 12.61644
 7.69477 12.62418
 7.70694 12.68838
 7.70710 12.69481
 7.70808 12.70124
 7.71198 12.71142
 7.73998 12.75121
 7.74657 12.76574
 7.75580 12.77807
 7.77407 12.78718
 7.79239 12.79052
 7.80459 12.78751
 7.81342 12.77746
 7.82184 12.75984
 7.81900 12.77790
 7.79829 12.82872
 7.82868 12.87588
 7.85480 12.88931
 7.86571 12.89859
 7.87027 12.91373
 7.87495 12.92463
 7.88638 12.93786
 7.91120 12.95910
 7.91511 12.93944
 7.93415 12.90551
 7.93854 12.88671
 7.93651 12.87100
 7.93159 12.85448
 7.91743 12.82128
 7.93797 12.84146
 7.95547 12.86685
 7.97529 12.88842
 8.02407 12.90526
 8.02729 12.90722
 8.03067 12.91177
 8.03828 12.91006
 8.05150 12.90380
 8.06566 12.90148
 8.07958 12.89517
 8.09235 12.88630
 8.10301 12.87588
 8.10741 12.90807
 8.11994 12.92150
 8.13935 12.92943
 8.16450 12.94481
 8.17219 12.95621
 8.17780 12.96972
 8.18622 12.98107
 8.20234 12.98571
 8.21670 12.98510
 8.22980 12.98298
 8.24201 12.97875
 8.24647 12.97623
 8.24663 12.97602
 8.24787 12.97437
 8.25950 12.92538
 8.26399 12.91417
 8.27453 12.90047
 8.29386 12.88373
 8.30332 12.87231
 8.32084 12.85551
 8.33722 12.84446
 8.34476 12.83831
 8.35313 12.83298
 8.36249 12.82854
 8.36672 12.82596
 8.37019 12.82275
 8.37282 12.81614
 8.37386 12.80673
 8.37169 12.78813
 8.36910 12.77872
 8.36579 12.77221
 8.36218 12.76885
 8.35794 12.76601
 8.35329 12.76394
 8.34884 12.76141
 8.34533 12.75805
 8.34399 12.75247
 8.34492 12.74534
 8.35515 12.72472
 8.35691 12.71578
 8.35773 12.65604
 8.35680 12.65015
 8.35484 12.64519
 8.35215 12.64116
 8.34812 12.63827
 8.34352 12.63589
 8.33954 12.63062
 8.33727 12.62183
 8.33753 12.60349
 8.33531 12.58587
 8.33127 12.57626
 8.32838 12.57212
 8.32476 12.56892
 8.31918 12.56794
 8.30730 12.56757
 8.30177 12.56644
 8.29665 12.56468
 8.29241 12.56189
 8.28900 12.55848
 8.28709 12.55150
 8.28291 12.47528
 8.28063 12.47084
 8.27763 12.46691
 8.27340 12.46422
 8.26864 12.46205
 8.26544 12.45833
 8.26461 12.45280
 8.26957 12.44314
 8.27438 12.43807
 8.27996 12.43482
 8.29427 12.42856
 8.29800 12.42546
 8.30130 12.42200
 8.30394 12.41766
 8.31701 12.38717
 8.32290 12.37802
 8.32755 12.37208
 8.33469 12.36480
 8.33727 12.35797
 8.33903 12.34836
 8.33975 12.31994
 8.33841 12.31219
 8.33629 12.30749
 8.33376 12.30309
 8.33288 12.29689
 8.33407 12.28842
 8.34636 12.25989
 8.34817 12.25307
 8.34926 12.24439
 8.34910 12.22982
 8.34626 12.20977
 8.34373 12.20274
 8.30957 12.14160
 8.29035 12.09236
 8.28750 12.08838
 8.28353 12.08543
 8.26823 12.07964
 8.26368 12.07727
 8.25583 12.07127
 8.25257 12.06760
 8.24978 12.06352
 8.24823 12.05835
 8.24761 12.05267
 8.24539 12.04264
 8.24549 12.03882
 8.25107 12.03500
 8.26198 12.03293
 8.26709 12.03283
 8.27221 12.03386
 8.28208 12.03748
 8.28601 12.04006
 8.28797 12.04430
 8.29055 12.04833
 8.29427 12.05133
 8.31257 12.06094
 8.31737 12.06254
 8.32249 12.06280
 8.32761 12.06166
 8.33200 12.05939
 8.35561 12.04151
 8.35840 12.03882
 8.35815 12.03355
 8.35846 12.02693
 8.36207 12.01774
 8.36280 12.00177
 8.35980 11.98911
 8.35990 11.98311
 8.36197 11.97609
 8.36740 11.96575
 8.36926 11.95862
 8.36714 11.95164
 8.35618 11.93381
 8.34636 11.89588
 8.34450 11.87072
 8.34626 11.84410
 8.35143 11.82581
 8.37153 11.77899
 8.37592 11.77238
 8.39758 11.74907
 8.40631 11.74225
 8.41396 11.73796
 8.43628 11.73310
 8.46114 11.73119
 8.46698 11.73021
 8.47152 11.72793
 8.47525 11.72483
 8.47907 11.71905
 8.48899 11.69724
 8.49178 11.68603
 8.49344 11.67419
 8.49044 11.61755
 8.49323 11.60267
 8.50806 11.58019
 8.46605 11.56970
 8.45235 11.56205
 8.44486 11.55327
 8.42801 11.53880
 8.42031 11.53539
 8.41365 11.53404
 8.39690 11.53549
 8.38114 11.53456
 8.37308 11.53203
 8.36693 11.52898
 8.34698 11.50759
 8.34440 11.50330
 8.32786 11.48599
 8.27298 11.44340
 8.20565 11.37524
 8.19588 11.36863
 8.18927 11.36553
 8.18446 11.36584
 8.18079 11.36646
 8.17609 11.36641
 8.17077 11.36553
 8.16529 11.36413
 8.09790 11.33969
 8.07770 11.33581
 8.03977 11.33509
 8.01295 11.33153
 8.00189 11.33116
 7.99088 11.33230
 7.96964 11.33778
 7.96013 11.34196
 7.95600 11.34465
 7.95228 11.34780
 7.94908 11.35147
 7.94386 11.35948
 7.93037 11.37142
 7.92706 11.37488
 7.88066 11.43948
 7.87663 11.44216
 7.87177 11.44423
 7.82578 11.45436
 7.80118 11.45493
 7.79296 11.45384
 7.78774 11.45203
 7.78836 11.44930
 7.79126 11.44640
 7.81058 11.43173
 7.81353 11.42863
 7.81513 11.42563
 7.81306 11.42335
 7.77022 11.40656
 7.76309 11.40537
 7.75715 11.40635
 7.75276 11.40842
 7.74764 11.41023
 7.72444 11.41405
 7.71467 11.41788
 7.70640 11.42315
 7.70304 11.42676
 7.70041 11.43111
 7.69948 11.43607
 7.70056 11.44067
 7.70413 11.44361
 7.71405 11.44759
 7.71839 11.45002
 7.72129 11.45296
 7.72149 11.45663
 7.71963 11.46041
 7.69674 11.49270
 7.68067 11.52045
 7.67839 11.51999
 7.67628 11.51679
 7.67225 11.50655
 7.65927 11.50133
 7.63623 11.49591
 7.58217 11.49167
 7.56047 11.48774
 7.54817 11.48299
 7.54641 11.47813
 7.54414 11.47348
 7.54274 11.46842
 7.54274 11.46283
 7.54445 11.45787
 7.54693 11.45338
 7.54988 11.44940
 7.56987 11.42728
 7.60708 11.39576
 7.61271 11.38780
 7.61731 11.37840
 7.61814 11.37281
 7.61783 11.36703
 7.61654 11.36165
 7.61426 11.35705
 7.61147 11.35297
 7.60811 11.34941
 7.58796 11.33447
 7.58481 11.33623
 7.56068 11.35928
 7.55303 11.36134
 7.54238 11.36238
 7.49758 11.35891
 7.49133 11.35953
 7.47014 11.35948
 7.44668 11.35690
 7.42435 11.35793
 7.41981 11.35602
 7.41696 11.35209
 7.41417 11.34119
 7.41267 11.32910
 7.41226 11.31587
 7.41076 11.30388
 7.40332 11.27773
 7.38927 11.24373
 7.37423 11.21768
 7.34539 11.14471
 7.34519 11.14421
3 44 6.91942 8.50806 11.1442 12.9857 'Southern (Sierra Leone)'
 7.56802 12.49299
 7.56102 12.50438
 7.54955 12.50536
 7.52021 12.49913
 7.50239 12.50182
 7.49185 12.50866
 7.48176 12.51757
 7.46556 12.52644
 7.44969 12.52746
 7.41657 12.51887
 7.40412 12.51964
 7.39248 12.53234
 7.38963 12.54967
 7.39566 12.56579
 7.41035 12.57486
 7.41035 12.55443
 7.43537 12.56802
 7.45991 12.58556
 7.47866 12.60554
 7.48603 12.62609
 7.48729 12.64061
 7.51130 12.73180
 7.52798 12.76439
 7.54068 12.84923
 7.56802 12.95165
 7.57543 12.95165
 7.58442 12.91430
 7.59809 12.91031
 7.61074 12.89806
 7.61640 12.88329
 7.62250 12.84480
 7.62254 12.73567
 7.62490 12.71890
 7.63467 12.68114
 7.63972 12.62141
 7.63817 12.60070
 7.63007 12.58113
 7.61274 12.59586
 7.60761 12.58605
 7.60895 12.54752
 7.60383 12.52965
 7.59488 12.51537
 7.58259 12.50353
 7.56802 12.49299
4 72 8.17129 8.50023 12.9005 13.2868 'Western (Sierra Leone)'
 8.24647 12.97623
 8.25385 12.97208
 8.25210 12.98111
 8.24824 12.98689
 8.24384 12.99205
 8.24018 12.99942
 8.23871 13.00634
 8.23892 13.01061
 8.23969 13.01537
 8.24018 13.02359
 8.23334 13.06770
 8.22460 13.09044
 8.20881 13.11791
 8.18976 13.14273
 8.17129 13.15770
 8.17129 13.16393
 8.18716 13.16173
 8.22964 13.16393
 8.25072 13.16828
 8.26301 13.16881
 8.27436 13.16393
 8.28376 13.17565
 8.33906 13.21028
 8.33950 13.21227
 8.34309 13.21447
 8.34370 13.21915
 8.34565 13.22387
 8.35318 13.22594
 8.36384 13.23103
 8.39720 13.25642
 8.40168 13.26366
 8.41144 13.26806
 8.42088 13.27416
 8.42451 13.28677
 8.44188 13.27294
 8.44990 13.26854
 8.46271 13.26696
 8.47211 13.26968
 8.49095 13.28270
 8.50023 13.28677
 8.49702 13.26549
 8.49339 13.25951
 8.49754 13.25267
 8.49510 13.25036
 8.48656 13.24584
 8.49372 13.22891
 8.49339 13.21076
 8.48778 13.19298
 8.47915 13.17756
 8.46499 13.16487
 8.43122 13.14440
 8.41323 13.11002
 8.39045 13.08568
 8.37271 13.06037
 8.37539 13.04245
 8.37370 13.03912
 8.37200 13.02238
 8.36492 13.01173
 8.35908 13.00522
 8.34698 12.94295
 8.34249 12.92802
 8.33753 12.91866
 8.33303 12.91654
 8.32724 12.91587
 8.30890 12.91711
 8.29495 12.91386
 8.27453 12.90047
 8.26399 12.91417
 8.25950 12.92538
 8.24787 12.97437
 8.24663 12.97602
 8.24647 12.97623
