0 84 -11.8459 -11.2828 -160.582 -159.777 'Rennell and Bellona (Solomon Islands)'
 -11.73602 -160.50367
 -11.77304 -160.56446
 -11.79485 -160.58220
 -11.81121 -160.55885
 -11.81129 -160.54689
 -11.80836 -160.53810
 -11.80682 -160.52963
 -11.81121 -160.51783
 -11.81813 -160.51246
 -11.83831 -160.50457
 -11.84588 -160.49733
 -11.84498 -160.48316
 -11.83172 -160.47096
 -11.81504 -160.46013
 -11.80438 -160.44955
 -11.81097 -160.43434
 -11.81121 -160.42848
 -11.80853 -160.42262
 -11.78379 -160.38526
 -11.77703 -160.38006
 -11.73455 -160.36891
 -11.71689 -160.36012
 -11.70135 -160.33969
 -11.69834 -160.32936
 -11.69704 -160.30812
 -11.69451 -160.29811
 -11.68694 -160.28582
 -11.68084 -160.28338
 -11.67474 -160.28517
 -11.66717 -160.28517
 -11.65732 -160.28395
 -11.64951 -160.28484
 -11.64186 -160.28207
 -11.63299 -160.27076
 -11.62916 -160.26246
 -11.62615 -160.25180
 -11.62469 -160.24057
 -11.62615 -160.23048
 -11.63104 -160.22584
 -11.64804 -160.21632
 -11.65350 -160.20997
 -11.65521 -160.20102
 -11.65537 -160.18930
 -11.65350 -160.16847
 -11.64715 -160.15122
 -11.62607 -160.11248
 -11.61940 -160.09262
 -11.60906 -160.09767
 -11.60508 -160.10076
 -11.59222 -160.08253
 -11.59352 -160.06642
 -11.60076 -160.05274
 -11.60508 -160.04135
 -11.60068 -160.02369
 -11.58945 -160.01059
 -11.55429 -159.98194
 -11.54022 -159.97779
 -11.53338 -159.97291
 -11.52581 -159.96551
 -11.52060 -159.96339
 -11.50319 -159.96925
 -11.49139 -159.97608
 -11.47308 -159.99610
 -11.46111 -160.00327
 -11.46510 -160.00668
 -11.46649 -160.01010
 -11.46722 -160.01368
 -11.46852 -160.01759
 -11.48358 -160.03199
 -11.49049 -160.04176
 -11.49521 -160.05242
 -11.49603 -160.06349
 -11.49481 -160.08717
 -11.49920 -160.09669
 -11.51670 -160.11671
 -11.52988 -160.13738
 -11.55633 -160.19337
 -11.57838 -160.22299
 -11.59547 -160.25847
 -11.61736 -160.28745
 -11.62664 -160.30812
 -11.63983 -160.35279
 -11.65781 -160.39389
 -11.73602 -160.50367
1 13 -11.8459 -11.2828 -160.582 -159.777 'Rennell and Bellona (Solomon Islands)'
 -11.29046 -159.80470
 -11.29266 -159.82228
 -11.29762 -159.83937
 -11.30771 -159.85108
 -11.32448 -159.85320
 -11.31536 -159.82993
 -11.31048 -159.81056
 -11.30242 -159.79330
 -11.28362 -159.77735
 -11.28281 -159.78533
 -11.28395 -159.79200
 -11.28655 -159.79835
 -11.29046 -159.80470
2 16 -10.8448 -10.2005 -162.393 -161.281 'Makira (Solomon Islands)'
 -10.27256 -161.74098
 -10.26328 -161.74586
 -10.25905 -161.74195
 -10.25742 -161.73504
 -10.25563 -161.73064
 -10.23138 -161.71730
 -10.21819 -161.71705
 -10.20672 -161.73064
 -10.22422 -161.75245
 -10.25221 -161.76881
 -10.27842 -161.77052
 -10.28981 -161.74781
 -10.28851 -161.74073
 -10.28460 -161.73699
 -10.27923 -161.73666
 -10.27256 -161.74098
3 192 -10.8448 -10.2005 -162.393 -161.281 'Makira (Solomon Islands)'
 -10.82366 -162.37485
 -10.81878 -162.38551
 -10.82692 -162.39259
 -10.83880 -162.39161
 -10.84482 -162.37827
 -10.84254 -162.36500
 -10.83896 -162.35328
 -10.83815 -162.34116
 -10.84482 -162.32716
 -10.84026 -162.31967
 -10.83847 -162.30926
 -10.83799 -162.29233
 -10.83554 -162.27866
 -10.80804 -162.20704
 -10.81097 -162.18393
 -10.83115 -162.16196
 -10.82513 -162.15073
 -10.82317 -162.13803
 -10.82366 -162.11085
 -10.82147 -162.10108
 -10.81585 -162.09392
 -10.80934 -162.08766
 -10.80381 -162.08009
 -10.78655 -162.03590
 -10.77337 -162.01987
 -10.76963 -162.01124
 -10.77166 -161.99855
 -10.78135 -161.96941
 -10.77955 -161.96013
 -10.77410 -161.95069
 -10.76214 -161.90886
 -10.76409 -161.91033
 -10.76670 -161.90463
 -10.76963 -161.89177
 -10.76735 -161.88526
 -10.75758 -161.87501
 -10.75530 -161.87135
 -10.75262 -161.86150
 -10.74570 -161.85483
 -10.72812 -161.84685
 -10.74277 -161.84132
 -10.74920 -161.84051
 -10.73317 -161.81861
 -10.73008 -161.80698
 -10.73496 -161.79217
 -10.72869 -161.78956
 -10.72039 -161.78224
 -10.71502 -161.77849
 -10.71885 -161.76922
 -10.71233 -161.76100
 -10.70208 -161.75636
 -10.69451 -161.75807
 -10.68279 -161.74871
 -10.68182 -161.73683
 -10.68369 -161.72348
 -10.68027 -161.71022
 -10.67067 -161.70297
 -10.65936 -161.70021
 -10.65000 -161.69483
 -10.64617 -161.67945
 -10.63991 -161.67433
 -10.62762 -161.66114
 -10.61858 -161.64747
 -10.62225 -161.64137
 -10.63104 -161.63657
 -10.62444 -161.62582
 -10.60573 -161.60719
 -10.59726 -161.60743
 -10.59124 -161.60304
 -10.58750 -161.59571
 -10.58465 -161.58668
 -10.57708 -161.58872
 -10.57000 -161.58668
 -10.56316 -161.58131
 -10.55682 -161.57301
 -10.56666 -161.56471
 -10.57000 -161.55274
 -10.56845 -161.53875
 -10.56422 -161.52467
 -10.50213 -161.54518
 -10.49521 -161.53419
 -10.48561 -161.53297
 -10.47503 -161.53346
 -10.46453 -161.52833
 -10.46307 -161.52215
 -10.46746 -161.50196
 -10.46795 -161.49041
 -10.45631 -161.49969
 -10.44004 -161.50750
 -10.42571 -161.50668
 -10.42018 -161.49041
 -10.39511 -161.50066
 -10.38348 -161.50750
 -10.37859 -161.51466
 -10.37640 -161.52003
 -10.37168 -161.51808
 -10.36492 -161.51100
 -10.36354 -161.50554
 -10.36541 -161.48976
 -10.36492 -161.48365
 -10.35955 -161.47682
 -10.35272 -161.47234
 -10.34694 -161.46599
 -10.34450 -161.45265
 -10.34450 -161.42547
 -10.34157 -161.41375
 -10.33424 -161.40919
 -10.33001 -161.40284
 -10.32920 -161.38885
 -10.33082 -161.36752
 -10.33375 -161.36134
 -10.33847 -161.35694
 -10.34254 -161.35174
 -10.34450 -161.34400
 -10.34344 -161.33692
 -10.33880 -161.33009
 -10.33538 -161.30388
 -10.33123 -161.29314
 -10.32391 -161.28492
 -10.30885 -161.28077
 -10.28704 -161.28940
 -10.27614 -161.28492
 -10.27142 -161.28981
 -10.26816 -161.29225
 -10.26539 -161.29444
 -10.26312 -161.29933
 -10.24749 -161.29233
 -10.22576 -161.29184
 -10.20713 -161.30006
 -10.20045 -161.31910
 -10.20330 -161.32447
 -10.20534 -161.33009
 -10.20867 -161.33570
 -10.21404 -161.34083
 -10.20403 -161.39601
 -10.25075 -161.50221
 -10.31683 -161.60955
 -10.36492 -161.66863
 -10.35760 -161.68727
 -10.36549 -161.70021
 -10.39609 -161.72039
 -10.40537 -161.73512
 -10.40700 -161.75082
 -10.40586 -161.76588
 -10.40651 -161.77849
 -10.41180 -161.79103
 -10.42978 -161.82057
 -10.43719 -161.82618
 -10.44695 -161.83570
 -10.44793 -161.85727
 -10.44280 -161.88054
 -10.43377 -161.89519
 -10.44598 -161.93247
 -10.44695 -161.94947
 -10.44061 -161.96355
 -10.44850 -161.97234
 -10.46722 -161.98707
 -10.47479 -161.99757
 -10.47845 -162.00929
 -10.47479 -162.04184
 -10.47829 -162.05885
 -10.47584 -162.06398
 -10.45477 -162.06853
 -10.44964 -162.07521
 -10.44769 -162.08424
 -10.44752 -162.09376
 -10.45648 -162.11362
 -10.49375 -162.14039
 -10.50213 -162.15170
 -10.50872 -162.16310
 -10.52402 -162.17140
 -10.57789 -162.19174
 -10.58465 -162.19630
 -10.59043 -162.20362
 -10.59246 -162.21022
 -10.59677 -162.21534
 -10.62957 -162.22047
 -10.64463 -162.22885
 -10.65618 -162.24195
 -10.67962 -162.27752
 -10.69199 -162.28777
 -10.70770 -162.29176
 -10.76474 -162.29200
 -10.76963 -162.28891
 -10.77174 -162.28256
 -10.77695 -162.27524
 -10.78338 -162.26881
 -10.78948 -162.26498
 -10.81439 -162.27174
 -10.81943 -162.30348
 -10.81805 -162.34344
 -10.82366 -162.37485
4 9 -12.2906 -9.80185 -168.826 -165.723 'Temotu (Solomon Islands)'
 -9.88641 -167.17335
 -9.86834 -167.16578
 -9.85914 -167.17018
 -9.86012 -167.18084
 -9.87298 -167.19223
 -9.88592 -167.19597
 -9.89373 -167.19337
 -9.89463 -167.18531
 -9.88641 -167.17335
5 5 -12.2906 -9.80185 -168.826 -165.723 'Temotu (Solomon Islands)'
 -9.80332 -167.09181
 -9.80185 -167.10450
 -9.80462 -167.10825
 -9.80657 -167.10401
 -9.80332 -167.09181
6 25 -12.2906 -9.80185 -168.826 -165.723 'Temotu (Solomon Islands)'
 -11.64097 -166.92392
 -11.65490 -166.92520
 -11.67429 -166.92402
 -11.67049 -166.97845
 -11.70986 -166.98415
 -11.71494 -166.90928
 -11.71742 -166.88824
 -11.71687 -166.87152
 -11.71332 -166.84302
 -11.69335 -166.82811
 -11.68231 -166.81617
 -11.67718 -166.80250
 -11.66979 -166.79708
 -11.64862 -166.77968
 -11.63349 -166.76725
 -11.61712 -166.76720
 -11.60679 -166.77523
 -11.60132 -166.78513
 -11.59157 -166.80553
 -11.59153 -166.82411
 -11.59268 -166.84701
 -11.58896 -166.86988
 -11.59378 -166.89345
 -11.60881 -166.93556
 -11.64097 -166.92392
7 23 -12.2906 -9.80185 -168.826 -165.723 'Temotu (Solomon Islands)'
 -11.28364 -166.55725
 -11.30809 -166.53416
 -11.30890 -166.52652
 -11.31128 -166.51645
 -11.30932 -166.50883
 -11.30460 -166.50048
 -11.29791 -166.50021
 -11.28888 -166.50076
 -11.28140 -166.50685
 -11.27468 -166.51032
 -11.26091 -166.50913
 -11.26927 -166.49497
 -11.27866 -166.48345
 -11.26998 -166.47769
 -11.24742 -166.47976
 -11.22928 -166.49427
 -11.21342 -166.51186
 -11.20905 -166.52511
 -11.21456 -166.54042
 -11.22679 -166.55576
 -11.24103 -166.56390
 -11.25993 -166.56471
 -11.28364 -166.55725
8 47 -12.2906 -9.80185 -168.826 -165.723 'Temotu (Solomon Islands)'
 -10.69405 -166.14790
 -10.70532 -166.13702
 -10.72479 -166.13299
 -10.73923 -166.09569
 -10.74984 -166.08372
 -10.75829 -166.06539
 -10.76673 -166.05450
 -10.76539 -166.03500
 -10.76727 -166.02817
 -10.75722 -166.00238
 -10.76681 -165.98978
 -10.77337 -165.98080
 -10.77020 -165.96957
 -10.77574 -165.93422
 -10.82411 -165.89180
 -10.86854 -165.86196
 -10.85615 -165.84936
 -10.82862 -165.85239
 -10.81457 -165.84042
 -10.81230 -165.82837
 -10.83754 -165.80008
 -10.83582 -165.77024
 -10.81216 -165.75647
 -10.77274 -165.75363
 -10.75189 -165.75303
 -10.73850 -165.77215
 -10.72490 -165.78117
 -10.70914 -165.79263
 -10.70859 -165.80181
 -10.74306 -165.79742
 -10.75932 -165.81217
 -10.76216 -165.82195
 -10.74921 -165.82709
 -10.73399 -165.82821
 -10.70765 -165.83122
 -10.68461 -165.84784
 -10.65685 -165.87806
 -10.65354 -165.92334
 -10.66114 -165.99453
 -10.64702 -166.02666
 -10.65403 -166.06117
 -10.66302 -166.07814
 -10.66766 -166.08090
 -10.67205 -166.08497
 -10.66816 -166.11467
 -10.66925 -166.14276
 -10.69405 -166.14790
9 8 -12.2906 -9.80185 -168.826 -165.723 'Temotu (Solomon Islands)'
 -12.26629 -168.81227
 -12.26727 -168.82293
 -12.28151 -168.82586
 -12.28493 -168.81861
 -12.29062 -168.80242
 -12.28191 -168.79786
 -12.27410 -168.80567
 -12.26629 -168.81227
10 11 -12.2906 -9.80185 -168.826 -165.723 'Temotu (Solomon Islands)'
 -10.42164 -165.74529
 -10.42457 -165.73561
 -10.42246 -165.72779
 -10.41286 -165.72291
 -10.40154 -165.72381
 -10.39463 -165.72625
 -10.38991 -165.73219
 -10.39349 -165.74635
 -10.40691 -165.75506
 -10.41676 -165.75294
 -10.42164 -165.74529
11 10 -12.2906 -9.80185 -168.826 -165.723 'Temotu (Solomon Islands)'
 -11.61435 -166.98487
 -11.62330 -166.98552
 -11.63860 -166.97967
 -11.65032 -166.96323
 -11.65325 -166.94565
 -11.64202 -166.93898
 -11.62542 -166.94435
 -11.61256 -166.95769
 -11.61102 -166.97584
 -11.61435 -166.98487
12 17 -12.2906 -9.80185 -168.826 -165.723 'Temotu (Solomon Islands)'
 -10.26491 -166.25245
 -10.26426 -166.26710
 -10.27304 -166.27996
 -10.29192 -166.27003
 -10.30918 -166.25148
 -10.31113 -166.23732
 -10.29656 -166.23609
 -10.28346 -166.23805
 -10.28289 -166.23146
 -10.27606 -166.22869
 -10.25530 -166.23585
 -10.23431 -166.23927
 -10.21502 -166.23854
 -10.22080 -166.24252
 -10.26898 -166.24244
 -10.26670 -166.24903
 -10.26491 -166.25245
13 20 -9.85101 -7.87444 -162.758 -160.581 'Malaita (Solomon Islands)'
 -9.85101 -161.97779
 -9.83929 -161.96363
 -9.81683 -161.95004
 -9.79013 -161.94020
 -9.72015 -161.92848
 -9.70696 -161.92994
 -9.69215 -161.94020
 -9.69036 -161.95216
 -9.69183 -161.96510
 -9.68662 -161.97779
 -9.69476 -161.97853
 -9.69997 -161.97682
 -9.70696 -161.97088
 -9.71453 -161.96909
 -9.71771 -161.96754
 -9.72064 -161.96355
 -9.73496 -161.96974
 -9.81756 -161.98243
 -9.83416 -161.98243
 -9.85101 -161.97779
14 52 -9.85101 -7.87444 -162.758 -160.581 'Malaita (Solomon Islands)'
 -9.41277 -161.39479
 -9.41473 -161.39039
 -9.41766 -161.37924
 -9.41961 -161.37501
 -9.39870 -161.37501
 -9.37957 -161.36842
 -9.34393 -161.34702
 -9.33856 -161.35434
 -9.33929 -161.35914
 -9.35133 -161.36752
 -9.36517 -161.38087
 -9.38600 -161.41521
 -9.39577 -161.42221
 -9.41172 -161.42628
 -9.45379 -161.45631
 -9.50465 -161.48170
 -9.51898 -161.49391
 -9.52728 -161.49928
 -9.54949 -161.50668
 -9.56024 -161.51466
 -9.57049 -161.52426
 -9.58148 -161.53207
 -9.60467 -161.54518
 -9.62298 -161.55193
 -9.64031 -161.55397
 -9.67636 -161.55250
 -9.69305 -161.55592
 -9.72633 -161.57049
 -9.74863 -161.57301
 -9.77117 -161.56821
 -9.78900 -161.55860
 -9.79258 -161.54916
 -9.77223 -161.54518
 -9.72747 -161.50408
 -9.70306 -161.49464
 -9.69207 -161.48829
 -9.68662 -161.47739
 -9.68987 -161.46648
 -9.71787 -161.45932
 -9.73496 -161.44890
 -9.71795 -161.43263
 -9.69459 -161.41505
 -9.67002 -161.40073
 -9.64902 -161.39479
 -9.58782 -161.39479
 -9.52947 -161.39479
 -9.50758 -161.39234
 -9.49489 -161.39291
 -9.46600 -161.40919
 -9.44997 -161.40610
 -9.43353 -161.39820
 -9.41277 -161.39479
15 9 -9.85101 -7.87444 -162.758 -160.581 'Malaita (Solomon Islands)'
 -8.38836 -162.73862
 -8.37819 -162.73048
 -8.37379 -162.73487
 -8.37428 -162.74562
 -8.37851 -162.75758
 -8.38250 -162.75408
 -8.38519 -162.74985
 -8.38698 -162.74448
 -8.38836 -162.73862
16 179 -9.85101 -7.87444 -162.758 -160.581 'Malaita (Solomon Islands)'
 -9.61761 -161.36069
 -9.58164 -161.30893
 -9.58074 -161.29933
 -9.56373 -161.29656
 -9.54860 -161.28940
 -9.49717 -161.24977
 -9.48797 -161.24464
 -9.47812 -161.24220
 -9.45867 -161.24049
 -9.44752 -161.23715
 -9.43043 -161.22633
 -9.38177 -161.17921
 -9.34726 -161.11069
 -9.31959 -161.08676
 -9.31325 -161.04005
 -9.29608 -161.04542
 -9.26474 -161.01743
 -9.25514 -161.00392
 -9.25368 -160.99627
 -9.25514 -160.98015
 -9.25140 -160.97316
 -9.24407 -160.96998
 -9.22763 -160.97153
 -9.22039 -160.96974
 -9.20013 -160.94646
 -9.17498 -160.88990
 -9.15211 -160.86793
 -9.01930 -160.79526
 -8.97031 -160.77768
 -8.94671 -160.76433
 -8.93906 -160.76970
 -8.93336 -160.77133
 -8.92767 -160.76970
 -8.92002 -160.76433
 -8.90545 -160.76368
 -8.85516 -160.74822
 -8.83367 -160.73439
 -8.75123 -160.69313
 -8.73756 -160.68930
 -8.68369 -160.68873
 -8.67457 -160.68686
 -8.60410 -160.65447
 -8.59238 -160.67205
 -8.56715 -160.70151
 -8.56243 -160.71990
 -8.55340 -160.71998
 -8.50107 -160.69597
 -8.44931 -160.65642
 -8.43963 -160.65138
 -8.43328 -160.63844
 -8.40000 -160.60434
 -8.38494 -160.59352
 -8.34051 -160.58107
 -8.32545 -160.60133
 -8.32977 -160.63844
 -8.34336 -160.67555
 -8.36159 -160.69532
 -8.36452 -160.70281
 -8.36240 -160.71315
 -8.35687 -160.72397
 -8.34905 -160.73024
 -8.34026 -160.72682
 -8.32008 -160.69597
 -8.31308 -160.69874
 -8.30625 -160.70574
 -8.30202 -160.71461
 -8.30299 -160.72332
 -8.30926 -160.72332
 -8.30967 -160.74659
 -8.31666 -160.75896
 -8.34336 -160.77784
 -8.35320 -160.79005
 -8.35882 -160.80047
 -8.36728 -160.80983
 -8.38494 -160.81951
 -8.39715 -160.82399
 -8.40553 -160.82569
 -8.41595 -160.82635
 -8.42083 -160.82911
 -8.42929 -160.84295
 -8.43279 -160.84742
 -8.48398 -160.88103
 -8.53932 -160.93287
 -8.57301 -160.97316
 -8.60377 -160.99684
 -8.62282 -161.00660
 -8.64153 -161.01059
 -8.66237 -161.00270
 -8.67409 -160.98373
 -8.68222 -160.96119
 -8.69215 -160.94239
 -8.70534 -160.94907
 -8.71852 -160.95338
 -8.73162 -160.95297
 -8.75888 -160.93702
 -8.77166 -160.93678
 -8.78444 -160.94020
 -8.79900 -160.94239
 -8.81373 -160.94663
 -8.83123 -160.96534
 -8.84051 -160.96974
 -8.85027 -160.97592
 -8.84783 -160.99008
 -8.83685 -161.01401
 -8.84075 -161.02296
 -8.86126 -161.05030
 -8.87103 -161.05909
 -8.87802 -161.05974
 -8.88348 -161.05551
 -8.88974 -161.05307
 -8.89886 -161.05909
 -8.90350 -161.06715
 -8.90301 -161.07374
 -8.90049 -161.07814
 -8.89886 -161.07960
 -8.90984 -161.10304
 -8.92742 -161.12810
 -8.94964 -161.15113
 -8.97454 -161.16896
 -8.96950 -161.15594
 -8.97731 -161.14576
 -8.98870 -161.14283
 -8.99440 -161.15154
 -8.99944 -161.16358
 -9.01165 -161.17514
 -9.02752 -161.18092
 -9.04290 -161.17579
 -9.04778 -161.18458
 -9.05413 -161.18849
 -9.06227 -161.18963
 -9.07293 -161.18946
 -9.08343 -161.19125
 -9.08603 -161.19630
 -9.08620 -161.20289
 -9.09002 -161.20997
 -9.09417 -161.21583
 -9.09775 -161.22283
 -9.10369 -161.22869
 -9.11452 -161.23097
 -9.11907 -161.22755
 -9.13844 -161.20248
 -9.14666 -161.22071
 -9.15179 -161.22706
 -9.15895 -161.23097
 -9.15390 -161.24399
 -9.15691 -161.25571
 -9.16595 -161.26173
 -9.17938 -161.25831
 -9.18035 -161.26588
 -9.18621 -161.28492
 -9.19305 -161.28492
 -9.19931 -161.25782
 -9.19988 -161.24781
 -9.20525 -161.24431
 -9.21697 -161.24513
 -9.22869 -161.24928
 -9.23406 -161.25465
 -9.24188 -161.26100
 -9.27801 -161.26686
 -9.28924 -161.27882
 -9.29656 -161.26531
 -9.29030 -161.25904
 -9.28037 -161.25416
 -9.27565 -161.24464
 -9.28118 -161.23536
 -9.29192 -161.23756
 -9.30389 -161.24586
 -9.34441 -161.28533
 -9.36028 -161.29664
 -9.43857 -161.32814
 -9.44752 -161.33717
 -9.45582 -161.34767
 -9.47487 -161.36183
 -9.50905 -161.38111
 -9.58766 -161.39308
 -9.60906 -161.39259
 -9.62176 -161.38640
 -9.62493 -161.37566
 -9.61761 -161.36069
17 10 -9.85101 -7.87444 -162.758 -160.581 'Malaita (Solomon Islands)'
 -7.89105 -160.63575
 -7.92685 -160.64796
 -7.92840 -160.64088
 -7.92702 -160.63201
 -7.90114 -160.61305
 -7.88885 -160.60760
 -7.87672 -160.61207
 -7.87444 -160.62330
 -7.88030 -160.62989
 -7.89105 -160.63575
18 14 -9.46744 -9.42213 -160.042 -159.94 'Capital Territory (Honiara) (Solomon Islands)'
 -9.43288 -159.93971
 -9.43467 -159.96095
 -9.43328 -159.99985
 -9.43182 -160.01026
 -9.42767 -160.01979
 -9.42213 -160.02801
 -9.43114 -160.04204
 -9.45052 -160.03651
 -9.46160 -160.03712
 -9.46744 -160.02205
 -9.45791 -160.01282
 -9.46116 -159.98215
 -9.45031 -159.95382
 -9.43288 -159.93971
19 160 -9.93711 -9.24774 -160.826 -159.592 'Guadalcanal (Solomon Islands)'
 -9.42213 -160.02801
 -9.41619 -160.03468
 -9.41416 -160.04347
 -9.41741 -160.05616
 -9.42645 -160.07911
 -9.43190 -160.09913
 -9.43353 -160.10987
 -9.43328 -160.12062
 -9.42929 -160.13038
 -9.41570 -160.14796
 -9.41277 -160.15773
 -9.41497 -160.17905
 -9.42425 -160.21119
 -9.42645 -160.23048
 -9.42457 -160.23715
 -9.41570 -160.24562
 -9.41277 -160.25099
 -9.41326 -160.25652
 -9.41872 -160.26515
 -9.41961 -160.27076
 -9.41961 -160.34596
 -9.41855 -160.34986
 -9.41351 -160.36012
 -9.41277 -160.36638
 -9.41497 -160.36793
 -9.41961 -160.37233
 -9.42425 -160.37818
 -9.43288 -160.39845
 -9.46111 -160.41920
 -9.47503 -160.45932
 -9.49326 -160.47560
 -9.53631 -160.50367
 -9.53143 -160.54078
 -9.55136 -160.58644
 -9.58229 -160.62843
 -9.61077 -160.65447
 -9.62762 -160.66147
 -9.64813 -160.66570
 -9.69004 -160.66798
 -9.69801 -160.67302
 -9.69834 -160.68393
 -9.69345 -160.69996
 -9.69541 -160.71266
 -9.70045 -160.72299
 -9.71396 -160.74383
 -9.72283 -160.77711
 -9.72747 -160.78541
 -9.73756 -160.78785
 -9.75156 -160.78696
 -9.76385 -160.78956
 -9.76914 -160.80209
 -9.77402 -160.80551
 -9.78493 -160.80649
 -9.80633 -160.80584
 -9.81601 -160.80828
 -9.82204 -160.81365
 -9.82789 -160.82032
 -9.83733 -160.82635
 -9.86728 -160.82472
 -9.88405 -160.79851
 -9.89951 -160.72332
 -9.91188 -160.68426
 -9.92295 -160.66293
 -9.93711 -160.64479
 -9.91920 -160.57252
 -9.88926 -160.50864
 -9.88519 -160.48683
 -9.89267 -160.44581
 -9.88909 -160.43287
 -9.88014 -160.42416
 -9.86907 -160.41676
 -9.85849 -160.40797
 -9.85752 -160.40366
 -9.85931 -160.39194
 -9.85849 -160.38754
 -9.85491 -160.38502
 -9.84205 -160.37843
 -9.83733 -160.37379
 -9.82562 -160.34425
 -9.82025 -160.33595
 -9.81512 -160.32032
 -9.81015 -160.20826
 -9.82317 -160.12387
 -9.82383 -160.07911
 -9.82049 -160.05152
 -9.82057 -160.04038
 -9.82383 -160.03126
 -9.82025 -160.02459
 -9.81683 -160.00327
 -9.81097 -159.98113
 -9.80934 -159.95899
 -9.80560 -159.93727
 -9.78786 -159.90309
 -9.78281 -159.88722
 -9.78574 -159.86785
 -9.79274 -159.85182
 -9.79388 -159.83562
 -9.77899 -159.81495
 -9.73219 -159.76873
 -9.72064 -159.75074
 -9.70696 -159.72340
 -9.70281 -159.72234
 -9.69109 -159.72397
 -9.68662 -159.72340
 -9.68239 -159.71941
 -9.68027 -159.71111
 -9.67636 -159.70590
 -9.66758 -159.70216
 -9.65740 -159.70118
 -9.64910 -159.69907
 -9.64560 -159.69207
 -9.64324 -159.67530
 -9.63698 -159.67213
 -9.62811 -159.67482
 -9.61761 -159.67498
 -9.59515 -159.66570
 -9.57480 -159.65398
 -9.55641 -159.63966
 -9.53973 -159.62338
 -9.52890 -159.60841
 -9.52191 -159.60182
 -9.51238 -159.59913
 -9.50579 -159.61215
 -9.49822 -159.62176
 -9.48797 -159.62721
 -9.47763 -159.62525
 -9.45713 -159.61109
 -9.44752 -159.60670
 -9.43580 -159.60629
 -9.40936 -159.61354
 -9.39886 -159.61248
 -9.38551 -159.60776
 -9.37493 -159.60670
 -9.36443 -159.59604
 -9.36150 -159.59213
 -9.35491 -159.59645
 -9.34393 -159.60670
 -9.30983 -159.60955
 -9.29534 -159.61598
 -9.28924 -159.63063
 -9.28476 -159.64617
 -9.24774 -159.70899
 -9.25954 -159.74366
 -9.28200 -159.77898
 -9.33025 -159.83269
 -9.35947 -159.87330
 -9.36810 -159.87973
 -9.38242 -159.88413
 -9.39959 -159.89470
 -9.41562 -159.90821
 -9.42645 -159.92140
 -9.43288 -159.93971
 -9.45031 -159.95382
 -9.46116 -159.98215
 -9.45791 -160.01282
 -9.46744 -160.02205
 -9.46160 -160.03712
 -9.45052 -160.03651
 -9.43114 -160.04204
 -9.42213 -160.02801
20 13 -9.19305 -8.94052 -160.414 -159.039 'Central (Solomon Islands)'
 -9.17262 -159.82887
 -9.16619 -159.81471
 -9.15032 -159.80616
 -9.13014 -159.80445
 -9.11110 -159.81153
 -9.10980 -159.81764
 -9.10996 -159.82252
 -9.10866 -159.82732
 -9.10369 -159.83269
 -9.12274 -159.84010
 -9.14544 -159.84474
 -9.16465 -159.84254
 -9.17262 -159.82887
21 33 -9.19305 -8.94052 -160.414 -159.039 'Central (Solomon Islands)'
 -9.15895 -160.25408
 -9.15569 -160.26515
 -9.14788 -160.27662
 -9.13893 -160.28598
 -9.13161 -160.29200
 -9.08261 -160.30470
 -9.06170 -160.31495
 -9.06341 -160.33229
 -9.11094 -160.35922
 -9.11793 -160.37013
 -9.11842 -160.38526
 -9.12021 -160.39723
 -9.12444 -160.40642
 -9.13161 -160.41424
 -9.14414 -160.40203
 -9.17083 -160.38722
 -9.17938 -160.37379
 -9.18621 -160.36638
 -9.17929 -160.34498
 -9.16741 -160.32472
 -9.15984 -160.30494
 -9.16579 -160.28517
 -9.17799 -160.28932
 -9.18646 -160.27442
 -9.19134 -160.25148
 -9.19305 -160.23048
 -9.18515 -160.23536
 -9.17881 -160.23463
 -9.17449 -160.22828
 -9.17262 -160.21616
 -9.16277 -160.22193
 -9.15887 -160.23048
 -9.15895 -160.25408
22 21 -9.19305 -8.94052 -160.414 -159.039 'Central (Solomon Islands)'
 -9.05657 -159.19516
 -9.05511 -159.20533
 -9.03143 -159.22584
 -9.02304 -159.23609
 -9.02752 -159.23585
 -9.03021 -159.23422
 -9.03265 -159.23170
 -9.03607 -159.22926
 -9.04608 -159.22926
 -9.04860 -159.22739
 -9.05657 -159.22926
 -9.06618 -159.21949
 -9.07513 -159.21713
 -9.07969 -159.22250
 -9.07635 -159.23609
 -9.10101 -159.23325
 -9.11736 -159.21876
 -9.13844 -159.17408
 -9.11142 -159.17498
 -9.09271 -159.17840
 -9.05657 -159.19516
23 52 -9.19305 -8.94052 -160.414 -159.039 'Central (Solomon Islands)'
 -9.05657 -160.09669
 -9.05535 -160.08937
 -9.05202 -160.08375
 -9.04664 -160.08033
 -9.03948 -160.07911
 -9.03704 -160.08717
 -9.03509 -160.10515
 -9.02939 -160.12387
 -9.01556 -160.13429
 -9.02304 -160.14112
 -9.01507 -160.14584
 -9.00872 -160.14763
 -9.00254 -160.14601
 -8.99440 -160.14112
 -8.99000 -160.14503
 -8.98968 -160.14772
 -8.99440 -160.15463
 -9.00221 -160.17254
 -9.00042 -160.19093
 -9.00270 -160.20851
 -9.02304 -160.22299
 -9.02304 -160.23048
 -9.00628 -160.24024
 -9.00905 -160.25799
 -9.02304 -160.27801
 -9.03948 -160.29510
 -9.06162 -160.30144
 -9.08994 -160.29469
 -9.11598 -160.28053
 -9.13161 -160.26450
 -9.12396 -160.26108
 -9.12078 -160.25758
 -9.12119 -160.25229
 -9.12420 -160.24415
 -9.11240 -160.24293
 -9.10345 -160.23732
 -9.09832 -160.22820
 -9.09759 -160.21616
 -9.10296 -160.21860
 -9.11793 -160.22299
 -9.11793 -160.21616
 -9.09173 -160.19988
 -9.08180 -160.18751
 -9.08701 -160.17189
 -9.09401 -160.15675
 -9.09482 -160.13819
 -9.09059 -160.11997
 -9.08375 -160.10629
 -9.07789 -160.10426
 -9.06878 -160.10385
 -9.06024 -160.10231
 -9.05657 -160.09669
24 35 -9.19305 -8.94052 -160.414 -159.039 'Central (Solomon Islands)'
 -9.01800 -159.16717
 -9.01653 -159.17482
 -9.02304 -159.19516
 -9.09002 -159.16163
 -9.10369 -159.14731
 -9.11793 -159.09962
 -9.11199 -159.09099
 -9.10174 -159.08399
 -9.09596 -159.07618
 -9.10369 -159.06479
 -9.06854 -159.03932
 -9.05731 -159.04103
 -9.05657 -159.07228
 -9.04323 -159.06609
 -9.03379 -159.06935
 -9.03053 -159.07887
 -9.03607 -159.09213
 -9.02304 -159.09213
 -9.02483 -159.09693
 -9.02923 -159.11256
 -9.01873 -159.11118
 -9.00954 -159.10727
 -9.00140 -159.10084
 -8.99440 -159.09213
 -8.99440 -159.10646
 -8.99928 -159.11622
 -8.99993 -159.12403
 -8.99635 -159.12989
 -8.98838 -159.13364
 -9.00189 -159.14039
 -9.01238 -159.14194
 -9.02093 -159.14438
 -9.02923 -159.15431
 -9.02907 -159.15935
 -9.01800 -159.16717
25 14 -9.19305 -8.94052 -160.414 -159.039 'Central (Solomon Islands)'
 -9.02304 -160.07911
 -9.01360 -160.06666
 -9.00335 -160.06804
 -8.99179 -160.07496
 -8.97772 -160.07911
 -8.95135 -160.07439
 -8.94313 -160.07765
 -8.94052 -160.09262
 -8.96120 -160.10841
 -8.97430 -160.11378
 -8.99440 -160.11313
 -8.98846 -160.09913
 -8.99578 -160.09083
 -9.02304 -160.07911
26 26 -8.83685 -6.8152 -158.257 -155.508 'Western (Solomon Islands)'
 -8.73447 -157.61549
 -8.74407 -157.63551
 -8.76523 -157.64991
 -8.78623 -157.64894
 -8.79583 -157.62233
 -8.79306 -157.61354
 -8.77467 -157.57765
 -8.76181 -157.52980
 -8.73952 -157.47674
 -8.72186 -157.45240
 -8.70648 -157.45533
 -8.71201 -157.49269
 -8.71258 -157.50880
 -8.70648 -157.52369
 -8.71396 -157.52980
 -8.70086 -157.53826
 -8.69492 -157.54379
 -8.69215 -157.54965
 -8.69378 -157.55885
 -8.69883 -157.56463
 -8.70403 -157.56886
 -8.70648 -157.57390
 -8.71087 -157.59059
 -8.72039 -157.60092
 -8.73008 -157.60825
 -8.73447 -157.61549
27 25 -8.83685 -6.8152 -158.257 -155.508 'Western (Solomon Islands)'
 -8.77467 -158.22877
 -8.78558 -158.25668
 -8.79485 -158.25563
 -8.80267 -158.25221
 -8.80804 -158.24676
 -8.81373 -158.22397
 -8.83099 -158.20314
 -8.83685 -158.18719
 -8.80722 -158.16822
 -8.80202 -158.16358
 -8.79656 -158.15366
 -8.78411 -158.15366
 -8.75840 -158.16049
 -8.74920 -158.16521
 -8.72698 -158.19459
 -8.71803 -158.19996
 -8.70664 -158.20427
 -8.69345 -158.20720
 -8.67913 -158.20826
 -8.67913 -158.21510
 -8.70029 -158.21510
 -8.71494 -158.22340
 -8.73797 -158.23024
 -8.76084 -158.23268
 -8.77467 -158.22877
28 75 -8.83685 -6.8152 -158.257 -155.508 'Western (Solomon Islands)'
 -8.52825 -158.05690
 -8.52353 -158.07765
 -8.52361 -158.10279
 -8.53037 -158.12379
 -8.54551 -158.13250
 -8.56683 -158.13502
 -8.57415 -158.13347
 -8.58294 -158.12574
 -8.58563 -158.11638
 -8.58465 -158.10515
 -8.58554 -158.09555
 -8.59352 -158.09156
 -8.59710 -158.08692
 -8.60467 -158.06756
 -8.61094 -158.06495
 -8.61688 -158.07097
 -8.61981 -158.09059
 -8.62461 -158.09840
 -8.62103 -158.10401
 -8.61956 -158.10825
 -8.61777 -158.11891
 -8.63454 -158.10621
 -8.64023 -158.09962
 -8.64511 -158.09156
 -8.66774 -158.11427
 -8.69109 -158.10572
 -8.72698 -158.06495
 -8.74578 -158.05250
 -8.75140 -158.04762
 -8.75677 -158.03858
 -8.76084 -158.02117
 -8.76523 -158.01336
 -8.76727 -157.99903
 -8.76263 -157.97690
 -8.75595 -157.95704
 -8.75140 -157.94825
 -8.74472 -157.94557
 -8.74017 -157.93946
 -8.73447 -157.92774
 -8.72942 -157.92335
 -8.71901 -157.91749
 -8.71396 -157.91334
 -8.68825 -157.88413
 -8.68255 -157.87924
 -8.63144 -157.87924
 -8.59661 -157.88608
 -8.59059 -157.89015
 -8.58473 -157.89601
 -8.57643 -157.90040
 -8.56243 -157.89975
 -8.57887 -157.92677
 -8.57936 -157.93767
 -8.56243 -157.94142
 -8.56341 -157.94825
 -8.56634 -157.95167
 -8.57676 -157.95509
 -8.56373 -157.96315
 -8.55413 -157.96046
 -8.54372 -157.95509
 -8.52825 -157.95509
 -8.52158 -157.96119
 -8.50791 -157.99594
 -8.50644 -158.00359
 -8.50506 -158.00652
 -8.50107 -158.00961
 -8.50791 -158.01710
 -8.51474 -158.01710
 -8.52093 -158.00864
 -8.52850 -158.00522
 -8.53688 -158.00685
 -8.54551 -158.01336
 -8.55096 -158.02638
 -8.54551 -158.03728
 -8.53582 -158.04705
 -8.52825 -158.05690
29 57 -8.83685 -6.8152 -158.257 -155.508 'Western (Solomon Islands)'
 -8.57676 -157.35865
 -8.57676 -157.35426
 -8.57391 -157.34986
 -8.57252 -157.34474
 -8.57676 -157.33806
 -8.58180 -157.33668
 -8.60410 -157.33806
 -8.63291 -157.33058
 -8.64910 -157.32936
 -8.66237 -157.33465
 -8.70086 -157.37086
 -8.71502 -157.39112
 -8.72080 -157.41383
 -8.72698 -157.41383
 -8.73056 -157.39820
 -8.72975 -157.37957
 -8.72527 -157.36166
 -8.71738 -157.34832
 -8.70599 -157.33668
 -8.70184 -157.32960
 -8.70029 -157.32065
 -8.69622 -157.31227
 -8.68662 -157.31072
 -8.67523 -157.31153
 -8.66619 -157.31080
 -8.65472 -157.30421
 -8.61858 -157.27784
 -8.61094 -157.26612
 -8.60573 -157.25001
 -8.59344 -157.22836
 -8.57838 -157.20916
 -8.56585 -157.20094
 -8.55153 -157.20362
 -8.53924 -157.21013
 -8.52923 -157.21892
 -8.52158 -157.22820
 -8.50750 -157.25489
 -8.49651 -157.27003
 -8.45916 -157.28907
 -8.43174 -157.31723
 -8.41253 -157.34750
 -8.41286 -157.36598
 -8.42498 -157.38404
 -8.44402 -157.39926
 -8.46893 -157.40992
 -8.49798 -157.41383
 -8.50433 -157.41041
 -8.52117 -157.39584
 -8.55462 -157.38543
 -8.55934 -157.38282
 -8.56268 -157.38006
 -8.56927 -157.37818
 -8.57301 -157.37599
 -8.57789 -157.36980
 -8.57822 -157.36524
 -8.57676 -157.36158
 -8.57676 -157.35865
30 22 -8.83685 -6.8152 -158.257 -155.508 'Western (Solomon Islands)'
 -8.27508 -157.12517
 -8.30828 -157.13063
 -8.32236 -157.13803
 -8.32977 -157.15252
 -8.33717 -157.15252
 -8.32041 -157.12355
 -8.28330 -157.10906
 -8.24912 -157.09059
 -8.24090 -157.05006
 -8.23797 -157.05356
 -8.23056 -157.06007
 -8.22731 -157.06373
 -8.21990 -157.04737
 -8.20631 -157.02996
 -8.19280 -157.02263
 -8.18572 -157.03639
 -8.19671 -157.04998
 -8.19850 -157.07586
 -8.20355 -157.10084
 -8.22389 -157.11207
 -8.23675 -157.11362
 -8.27508 -157.12517
31 25 -8.83685 -6.8152 -158.257 -155.508 'Western (Solomon Islands)'
 -8.28875 -157.20769
 -8.28875 -157.20094
 -8.27459 -157.19899
 -8.27191 -157.19142
 -8.27256 -157.18181
 -8.26881 -157.17302
 -8.26141 -157.16912
 -8.23349 -157.15992
 -8.21592 -157.15040
 -8.20094 -157.13917
 -8.18865 -157.12452
 -8.17889 -157.10467
 -8.17262 -157.11207
 -8.17164 -157.10182
 -8.16912 -157.09718
 -8.16497 -157.09645
 -8.15895 -157.09783
 -8.16741 -157.12233
 -8.16570 -157.14568
 -8.16741 -157.16733
 -8.18572 -157.18727
 -8.20672 -157.19679
 -8.23284 -157.20411
 -8.26133 -157.20826
 -8.28875 -157.20769
32 8 -8.83685 -6.8152 -158.257 -155.508 'Western (Solomon Islands)'
 -8.05535 -156.81056
 -8.07204 -156.81422
 -8.06959 -156.82472
 -8.11297 -156.84132
 -8.11199 -156.81544
 -8.08620 -156.78566
 -8.05535 -156.78989
 -8.05535 -156.81056
33 152 -8.83685 -6.8152 -158.257 -155.508 'Western (Solomon Islands)'
 -8.56243 -157.79737
 -8.57073 -157.81105
 -8.58318 -157.82049
 -8.59922 -157.82358
 -8.61777 -157.81788
 -8.61777 -157.81105
 -8.60133 -157.80885
 -8.59092 -157.80152
 -8.58424 -157.79363
 -8.57985 -157.78989
 -8.56552 -157.78647
 -8.55153 -157.77784
 -8.52825 -157.75571
 -8.51393 -157.72934
 -8.50921 -157.67482
 -8.49798 -157.64967
 -8.46746 -157.60564
 -8.43939 -157.58204
 -8.43621 -157.57765
 -8.42156 -157.57602
 -8.39886 -157.56788
 -8.38494 -157.56463
 -8.32350 -157.56463
 -8.33506 -157.57203
 -8.34686 -157.57594
 -8.37444 -157.57765
 -8.38649 -157.58302
 -8.39300 -157.60646
 -8.40203 -157.61183
 -8.41237 -157.61500
 -8.41074 -157.62208
 -8.40114 -157.62908
 -8.38836 -157.63233
 -8.37802 -157.62696
 -8.35573 -157.60336
 -8.32334 -157.59376
 -8.29941 -157.58269
 -8.27630 -157.56707
 -8.26141 -157.54965
 -8.25840 -157.53736
 -8.26100 -157.52817
 -8.26580 -157.51808
 -8.26881 -157.50261
 -8.26474 -157.49610
 -8.25742 -157.48894
 -8.25595 -157.48178
 -8.26881 -157.47584
 -8.26230 -157.46485
 -8.26230 -157.45655
 -8.26881 -157.44109
 -8.26971 -157.44011
 -8.27361 -157.43214
 -8.27508 -157.42750
 -8.27557 -157.39340
 -8.27207 -157.35646
 -8.27508 -157.34490
 -8.28932 -157.33619
 -8.30804 -157.32960
 -8.32586 -157.31886
 -8.33717 -157.29713
 -8.33343 -157.27955
 -8.31365 -157.24537
 -8.31666 -157.23504
 -8.31666 -157.22820
 -8.22389 -157.22193
 -8.21771 -157.22486
 -8.19752 -157.23927
 -8.19313 -157.24537
 -8.19305 -157.25961
 -8.19166 -157.27125
 -8.18760 -157.28102
 -8.17889 -157.29029
 -8.19183 -157.29510
 -8.19573 -157.30201
 -8.19297 -157.30991
 -8.18572 -157.31691
 -8.17653 -157.32000
 -8.15496 -157.32008
 -8.14479 -157.32439
 -8.13299 -157.32097
 -8.11940 -157.32651
 -8.09319 -157.34832
 -8.07822 -157.35825
 -8.04461 -157.37322
 -8.03151 -157.38282
 -7.98984 -157.42547
 -7.97967 -157.44109
 -7.97357 -157.45720
 -7.96559 -157.48748
 -7.95973 -157.50261
 -7.96445 -157.50213
 -7.96559 -157.50343
 -7.96575 -157.50611
 -7.96657 -157.50945
 -8.00555 -157.57887
 -8.00758 -157.60564
 -8.02557 -157.59864
 -8.03826 -157.60174
 -8.05039 -157.60816
 -8.06618 -157.61183
 -8.10418 -157.61052
 -8.12274 -157.61248
 -8.13795 -157.61931
 -8.15635 -157.60987
 -8.16912 -157.61313
 -8.18939 -157.63600
 -8.20517 -157.64470
 -8.21771 -157.64177
 -8.22910 -157.63697
 -8.24090 -157.63966
 -8.23366 -157.64649
 -8.23512 -157.65235
 -8.23952 -157.65870
 -8.24090 -157.66700
 -8.23846 -157.67335
 -8.23056 -157.68539
 -8.22731 -157.69435
 -8.22357 -157.71388
 -8.22340 -157.73015
 -8.22869 -157.74586
 -8.24928 -157.77459
 -8.25335 -157.77849
 -8.26141 -157.78370
 -8.26775 -157.78590
 -8.28875 -157.78989
 -8.30535 -157.80226
 -8.32285 -157.82814
 -8.33717 -157.83839
 -8.36224 -157.83676
 -8.37127 -157.83839
 -8.38030 -157.84400
 -8.39251 -157.85955
 -8.39861 -157.86557
 -8.41546 -157.87387
 -8.45029 -157.88038
 -8.46746 -157.88608
 -8.47080 -157.89064
 -8.47137 -157.89715
 -8.47357 -157.90333
 -8.48113 -157.90724
 -8.49090 -157.90691
 -8.49912 -157.90333
 -8.53200 -157.88356
 -8.53777 -157.88111
 -8.54892 -157.87924
 -8.55820 -157.87892
 -8.56699 -157.88014
 -8.57513 -157.88258
 -8.58294 -157.88608
 -8.55885 -157.82447
 -8.55633 -157.79737
 -8.56243 -157.79737
34 24 -8.83685 -6.8152 -158.257 -155.508 'Western (Solomon Islands)'
 -8.07269 -156.61118
 -8.09857 -156.61598
 -8.11248 -156.61647
 -8.12493 -156.61118
 -8.14617 -156.61899
 -8.17067 -156.61598
 -8.19101 -156.60467
 -8.19940 -156.58741
 -8.18711 -156.57838
 -8.11403 -156.55323
 -8.09149 -156.53842
 -8.06927 -156.53598
 -8.02117 -156.54298
 -7.97064 -156.53207
 -7.94891 -156.53240
 -7.93922 -156.54982
 -7.95208 -156.56471
 -7.96657 -156.57716
 -7.97715 -156.58155
 -8.00066 -156.58766
 -8.02337 -156.60108
 -8.04062 -156.60646
 -8.05853 -156.61004
 -8.07269 -156.61118
35 27 -8.83685 -6.8152 -158.257 -155.508 'Western (Solomon Islands)'
 -8.12493 -157.10467
 -8.12908 -157.05421
 -8.08685 -157.00229
 -8.02744 -156.96217
 -7.97967 -156.94703
 -7.96705 -156.94874
 -7.95501 -156.95216
 -7.93255 -156.96127
 -7.89609 -156.98512
 -7.88812 -156.98854
 -7.87518 -157.00196
 -7.86297 -157.03273
 -7.85410 -157.06707
 -7.85052 -157.09108
 -7.87477 -157.13754
 -7.90993 -157.17042
 -7.95289 -157.19125
 -8.00075 -157.20094
 -8.04827 -157.20232
 -8.06520 -157.19947
 -8.10670 -157.18434
 -8.13551 -157.16725
 -8.14861 -157.14625
 -8.12493 -157.12517
 -8.12811 -157.11671
 -8.12859 -157.11256
 -8.12493 -157.10467
36 67 -8.83685 -6.8152 -158.257 -155.508 'Western (Solomon Islands)'
 -7.72015 -156.80714
 -7.73455 -156.81471
 -7.76653 -156.79949
 -7.81650 -156.76271
 -7.83196 -156.74399
 -7.85703 -156.71974
 -7.88502 -156.70411
 -7.90887 -156.71119
 -7.92108 -156.72055
 -7.93182 -156.72071
 -7.94036 -156.71339
 -7.94549 -156.70069
 -7.94199 -156.69752
 -7.93524 -156.68922
 -7.93231 -156.67807
 -7.93922 -156.66635
 -7.93922 -156.65968
 -7.91912 -156.65748
 -7.89910 -156.66179
 -7.88397 -156.65895
 -7.87119 -156.61183
 -7.85459 -156.60841
 -7.81308 -156.61866
 -7.80511 -156.61476
 -7.79844 -156.60580
 -7.79274 -156.59636
 -7.78851 -156.59083
 -7.76165 -156.57781
 -7.75433 -156.57097
 -7.74863 -156.55405
 -7.74749 -156.55323
 -7.74651 -156.54518
 -7.74358 -156.54420
 -7.73935 -156.54526
 -7.71657 -156.53484
 -7.71331 -156.52882
 -7.72015 -156.51564
 -7.67498 -156.49708
 -7.63006 -156.50416
 -7.59246 -156.53077
 -7.56943 -156.57097
 -7.57244 -156.58399
 -7.57684 -156.59327
 -7.57757 -156.60157
 -7.56943 -156.61118
 -7.57781 -156.61411
 -7.58514 -156.61940
 -7.59677 -156.63168
 -7.60182 -156.63413
 -7.60622 -156.63307
 -7.60931 -156.63396
 -7.61126 -156.64959
 -7.61419 -156.65260
 -7.61940 -156.65309
 -7.62737 -156.65284
 -7.63144 -156.65707
 -7.63543 -156.66676
 -7.64227 -156.67644
 -7.66570 -156.68483
 -7.67230 -156.69459
 -7.67864 -156.71485
 -7.68613 -156.70753
 -7.70037 -156.72104
 -7.69183 -156.74366
 -7.69988 -156.76612
 -7.71315 -156.78761
 -7.72015 -156.80714
37 14 -8.83685 -6.8152 -158.257 -155.508 'Western (Solomon Islands)'
 -7.32293 -155.57032
 -7.33123 -155.58627
 -7.34205 -155.59742
 -7.35369 -155.60670
 -7.36395 -155.61817
 -7.38291 -155.59742
 -7.38787 -155.57618
 -7.38388 -155.52524
 -7.37575 -155.50799
 -7.35752 -155.51441
 -7.32293 -155.54233
 -7.32529 -155.54933
 -7.32513 -155.55494
 -7.32293 -155.57032
38 32 -8.83685 -6.8152 -158.257 -155.508 'Western (Solomon Islands)'
 -7.02068 -155.81674
 -7.02793 -155.84669
 -7.03151 -155.85426
 -7.04852 -155.86801
 -7.06194 -155.86793
 -7.07578 -155.86207
 -7.09295 -155.85825
 -7.09930 -155.85092
 -7.10418 -155.83416
 -7.10589 -155.81560
 -7.10320 -155.80307
 -7.11785 -155.78663
 -7.11761 -155.77003
 -7.11549 -155.75294
 -7.12428 -155.73487
 -7.11956 -155.72560
 -7.10858 -155.71412
 -7.10320 -155.70688
 -7.09450 -155.67856
 -7.08953 -155.67286
 -7.07594 -155.67449
 -7.02068 -155.70069
 -7.02549 -155.70883
 -7.01067 -155.71192
 -6.99245 -155.71795
 -6.98650 -155.73487
 -6.97861 -155.73146
 -6.97243 -155.73194
 -6.96608 -155.73487
 -6.97088 -155.74741
 -7.00075 -155.78256
 -7.02068 -155.81674
39 49 -8.83685 -6.8152 -158.257 -155.508 'Western (Solomon Islands)'
 -6.91823 -156.11842
 -6.92246 -156.12631
 -6.92791 -156.14527
 -6.93133 -156.15260
 -6.93727 -156.14275
 -6.93873 -156.13209
 -6.93646 -156.12143
 -6.93133 -156.11158
 -6.94687 -156.10914
 -6.96209 -156.10434
 -6.97576 -156.09636
 -6.98650 -156.08367
 -6.97877 -156.08253
 -6.97479 -156.08074
 -6.97145 -156.07862
 -6.96608 -156.07683
 -6.97405 -156.07008
 -6.97910 -156.06227
 -6.98113 -156.05299
 -6.98040 -156.04274
 -6.96941 -156.05860
 -6.95574 -156.07342
 -6.94752 -156.07667
 -6.94069 -156.07203
 -6.93377 -156.06568
 -6.92506 -156.06373
 -6.91090 -156.06715
 -6.90643 -156.07146
 -6.90455 -156.08025
 -6.90163 -156.08717
 -6.89568 -156.08180
 -6.89080 -156.07325
 -6.89088 -156.07000
 -6.87200 -156.05714
 -6.85166 -156.04689
 -6.83172 -156.04965
 -6.81520 -156.07683
 -6.81520 -156.09791
 -6.82204 -156.09791
 -6.82545 -156.08416
 -6.83318 -156.07342
 -6.84490 -156.06642
 -6.85963 -156.06373
 -6.86793 -156.07252
 -6.87233 -156.08969
 -6.87819 -156.10255
 -6.89088 -156.09791
 -6.91269 -156.11280
 -6.91823 -156.11842
40 10 -8.83685 -6.8152 -158.257 -155.508 'Western (Solomon Islands)'
 -7.79168 -156.54542
 -7.79502 -156.54908
 -7.80242 -156.55942
 -7.81732 -156.55543
 -7.82741 -156.53484
 -7.81813 -156.51686
 -7.80926 -156.51791
 -7.79941 -156.52589
 -7.79111 -156.53639
 -7.79168 -156.54542
41 28 -8.56243 -7.39056 -159.9 -158.194 'Isabel (Solomon Islands)'
 -8.50791 -159.68865
 -8.51849 -159.70037
 -8.52500 -159.69947
 -8.53525 -159.68865
 -8.54013 -159.67954
 -8.54144 -159.67026
 -8.53965 -159.65992
 -8.53525 -159.64772
 -8.52923 -159.63624
 -8.52264 -159.62794
 -8.50791 -159.61354
 -8.48886 -159.60141
 -8.48528 -159.59303
 -8.49481 -159.57936
 -8.47910 -159.56528
 -8.47080 -159.54982
 -8.45892 -159.53883
 -8.43279 -159.53785
 -8.40643 -159.54518
 -8.38942 -159.55828
 -8.38014 -159.57830
 -8.37754 -159.60670
 -8.38421 -159.63592
 -8.40032 -159.64405
 -8.44704 -159.64088
 -8.46844 -159.64698
 -8.48252 -159.65854
 -8.50791 -159.68865
42 42 -8.56243 -7.39056 -159.9 -158.194 'Isabel (Solomon Islands)'
 -7.61028 -158.48609
 -7.61647 -158.50066
 -7.63095 -158.51661
 -7.64707 -158.52654
 -7.65814 -158.52361
 -7.65984 -158.50782
 -7.65106 -158.49293
 -7.63730 -158.48146
 -7.62396 -158.47511
 -7.63738 -158.46461
 -7.63307 -158.44557
 -7.61028 -158.40691
 -7.61981 -158.40886
 -7.64381 -158.42115
 -7.64365 -158.41139
 -7.63763 -158.38649
 -7.63763 -158.36215
 -7.63128 -158.36362
 -7.61712 -158.35939
 -7.60312 -158.34791
 -7.59677 -158.32797
 -7.59344 -158.32423
 -7.58652 -158.31918
 -7.57936 -158.31691
 -7.57627 -158.32114
 -7.57733 -158.33074
 -7.58180 -158.34669
 -7.58245 -158.35222
 -7.58441 -158.35401
 -7.58620 -158.36248
 -7.58367 -158.36817
 -7.57285 -158.36215
 -7.56707 -158.36215
 -7.56276 -158.36915
 -7.56268 -158.37875
 -7.56943 -158.38649
 -7.57464 -158.39796
 -7.57969 -158.42262
 -7.59515 -158.43434
 -7.60312 -158.45102
 -7.60849 -158.47047
 -7.61028 -158.48609
43 207 -8.56243 -7.39056 -159.9 -158.194 'Isabel (Solomon Islands)'
 -8.51133 -159.85939
 -8.53379 -159.88885
 -8.55071 -159.90040
 -8.56243 -159.88722
 -8.56072 -159.87827
 -8.54209 -159.84636
 -8.54111 -159.84156
 -8.54274 -159.82993
 -8.54209 -159.82504
 -8.53680 -159.82008
 -8.52996 -159.81772
 -8.52402 -159.81471
 -8.51727 -159.79737
 -8.49896 -159.78549
 -8.49228 -159.76482
 -8.48553 -159.75782
 -8.46746 -159.74391
 -8.44313 -159.71241
 -8.43279 -159.70289
 -8.42303 -159.70069
 -8.41424 -159.70281
 -8.40789 -159.70037
 -8.40545 -159.68523
 -8.39870 -159.67384
 -8.35760 -159.62721
 -8.34002 -159.54396
 -8.31854 -159.50831
 -8.30828 -159.48341
 -8.28973 -159.46111
 -8.28118 -159.44483
 -8.27728 -159.42774
 -8.28191 -159.41432
 -8.26165 -159.38063
 -8.25628 -159.36232
 -8.26141 -159.34539
 -8.23838 -159.33530
 -8.22584 -159.32618
 -8.22047 -159.31471
 -8.21933 -159.30079
 -8.21494 -159.28761
 -8.20664 -159.27849
 -8.19313 -159.27711
 -8.20037 -159.25538
 -8.19622 -159.23390
 -8.18532 -159.21363
 -8.11745 -159.11997
 -8.11639 -159.11378
 -8.11858 -159.09840
 -8.11745 -159.09213
 -8.11102 -159.08790
 -8.10215 -159.08709
 -8.09393 -159.08725
 -8.08953 -159.08595
 -8.08815 -159.07797
 -8.09189 -159.07390
 -8.09629 -159.07049
 -8.09694 -159.06479
 -8.08327 -159.03745
 -8.08229 -159.03102
 -8.08416 -159.01661
 -8.08327 -159.01010
 -8.08050 -159.00994
 -8.06683 -159.00554
 -8.06276 -159.00327
 -8.05755 -158.99204
 -8.05511 -158.98357
 -8.04957 -158.97804
 -8.03493 -158.97608
 -8.03997 -158.96941
 -8.04909 -158.94809
 -8.02923 -158.94630
 -8.01393 -158.93735
 -8.00416 -158.92286
 -8.00075 -158.90406
 -7.97340 -158.84571
 -7.93524 -158.84034
 -7.91790 -158.83204
 -7.92254 -158.81495
 -7.91522 -158.78443
 -7.90586 -158.76987
 -7.89153 -158.77735
 -7.87933 -158.76637
 -7.87103 -158.75636
 -7.87103 -158.74952
 -7.88454 -158.73902
 -7.87200 -158.72853
 -7.83620 -158.71485
 -7.82293 -158.70362
 -7.81121 -158.68849
 -7.80511 -158.67115
 -7.80967 -158.65398
 -7.79176 -158.64430
 -7.76775 -158.60076
 -7.75433 -158.58497
 -7.74082 -158.58009
 -7.73024 -158.58058
 -7.72064 -158.58326
 -7.71006 -158.58497
 -7.66863 -158.58497
 -7.60361 -158.50685
 -7.57627 -158.45533
 -7.56072 -158.44654
 -7.54355 -158.44508
 -7.53200 -158.45200
 -7.53460 -158.46892
 -7.54697 -158.48951
 -7.58034 -158.58774
 -7.58587 -158.59596
 -7.58620 -158.60572
 -7.57431 -158.61459
 -7.56414 -158.62525
 -7.56943 -158.63966
 -7.56561 -158.64332
 -7.56357 -158.64617
 -7.56243 -158.64926
 -7.56129 -158.65398
 -7.58099 -158.66131
 -7.59385 -158.67579
 -7.61028 -158.71485
 -7.60442 -158.71876
 -7.59743 -158.72560
 -7.59157 -158.73308
 -7.58929 -158.73927
 -7.59344 -158.75172
 -7.60361 -158.75701
 -7.61598 -158.76026
 -7.62737 -158.76661
 -7.64568 -158.78614
 -7.65447 -158.79819
 -7.65814 -158.80812
 -7.66473 -158.81446
 -7.69378 -158.83025
 -7.70436 -158.84840
 -7.72487 -158.86378
 -7.73382 -158.87233
 -7.74131 -158.88478
 -7.75433 -158.92075
 -7.76507 -158.93865
 -7.79070 -158.96876
 -7.80218 -158.98976
 -7.82195 -158.97950
 -7.83961 -158.98707
 -7.84889 -159.00270
 -7.84368 -159.01694
 -7.85996 -159.05690
 -7.86761 -159.06861
 -7.88030 -159.07545
 -7.89495 -159.07936
 -7.90358 -159.08570
 -7.89837 -159.09962
 -7.91953 -159.12680
 -7.90887 -159.14942
 -7.90488 -159.16798
 -7.90618 -159.18629
 -7.91188 -159.20826
 -7.91766 -159.19557
 -7.92685 -159.19874
 -7.93548 -159.20924
 -7.93922 -159.21876
 -7.94085 -159.23569
 -7.94557 -159.24513
 -7.95420 -159.25074
 -7.96657 -159.25587
 -7.95403 -159.27296
 -7.96266 -159.28305
 -7.97869 -159.29103
 -7.98707 -159.30128
 -7.98984 -159.33383
 -7.98610 -159.34718
 -7.97340 -159.35279
 -7.98187 -159.37135
 -7.98675 -159.37892
 -7.99391 -159.38697
 -7.98235 -159.40260
 -7.99342 -159.41293
 -8.01426 -159.42156
 -8.03151 -159.43165
 -8.04388 -159.44793
 -8.05950 -159.47633
 -8.06959 -159.48943
 -8.07106 -159.49204
 -8.07586 -159.50367
 -8.07903 -159.50587
 -8.08709 -159.50831
 -8.08953 -159.50994
 -8.12640 -159.55641
 -8.18125 -159.64894
 -8.32562 -159.84205
 -8.33538 -159.84645
 -8.35760 -159.82504
 -8.38616 -159.80421
 -8.39178 -159.79664
 -8.38681 -159.78785
 -8.38405 -159.77662
 -8.38535 -159.76539
 -8.39178 -159.75685
 -8.39756 -159.75758
 -8.40862 -159.77329
 -8.42539 -159.78159
 -8.42539 -159.79103
 -8.42067 -159.80047
 -8.41180 -159.80860
 -8.42010 -159.81788
 -8.46160 -159.84791
 -8.47666 -159.85597
 -8.49098 -159.85873
 -8.51133 -159.85939
44 28 -8.56243 -7.39056 -159.9 -158.194 'Isabel (Solomon Islands)'
 -7.54827 -158.36524
 -7.53973 -158.35711
 -7.52842 -158.34864
 -7.51832 -158.33766
 -7.51092 -158.30779
 -7.49684 -158.28663
 -7.49375 -158.27320
 -7.48821 -158.26580
 -7.47682 -158.26441
 -7.46697 -158.26857
 -7.46640 -158.27662
 -7.47283 -158.28631
 -7.47682 -158.29664
 -7.48252 -158.30567
 -7.49375 -158.31129
 -7.48968 -158.32439
 -7.49456 -158.33611
 -7.51409 -158.35906
 -7.50416 -158.37135
 -7.50579 -158.39308
 -7.51491 -158.41676
 -7.52776 -158.43483
 -7.53281 -158.42514
 -7.53973 -158.41847
 -7.54909 -158.41668
 -7.56129 -158.42115
 -7.55250 -158.37672
 -7.54827 -158.36524
45 22 -8.56243 -7.39056 -159.9 -158.194 'Isabel (Solomon Islands)'
 -7.41180 -158.28321
 -7.42083 -158.27931
 -7.43076 -158.27662
 -7.44134 -158.27565
 -7.45208 -158.27622
 -7.44354 -158.26140
 -7.43841 -158.25636
 -7.47324 -158.24903
 -7.46331 -158.23520
 -7.44980 -158.22657
 -7.43914 -158.21534
 -7.43841 -158.19435
 -7.43222 -158.19435
 -7.41790 -158.20802
 -7.41790 -158.21485
 -7.41961 -158.22429
 -7.39495 -158.25025
 -7.39056 -158.26938
 -7.41790 -158.26938
 -7.41611 -158.27320
 -7.41375 -158.27980
 -7.41180 -158.28321
46 26 -7.47479 -6.59987 -157.797 -156.447 'Choiseul (Solomon Islands)'
 -7.40423 -157.61158
 -7.41180 -157.61899
 -7.41937 -157.61280
 -7.42978 -157.61061
 -7.44134 -157.61280
 -7.45208 -157.61899
 -7.43222 -157.59164
 -7.44720 -157.59059
 -7.45281 -157.58041
 -7.45208 -157.54949
 -7.44590 -157.54949
 -7.44256 -157.55551
 -7.43564 -157.56422
 -7.43222 -157.57000
 -7.42067 -157.53053
 -7.41481 -157.51938
 -7.41351 -157.51140
 -7.41473 -157.48585
 -7.41180 -157.47560
 -7.40008 -157.49195
 -7.39056 -157.50913
 -7.39560 -157.53541
 -7.39227 -157.56373
 -7.39332 -157.58888
 -7.41180 -157.60524
 -7.40423 -157.61158
47 18 -7.47479 -6.59987 -157.797 -156.447 'Choiseul (Solomon Islands)'
 -7.40797 -157.77622
 -7.42295 -157.77809
 -7.45965 -157.78989
 -7.47324 -157.79737
 -7.47479 -157.77027
 -7.47389 -157.75603
 -7.46689 -157.73927
 -7.46844 -157.73276
 -7.47145 -157.72584
 -7.47324 -157.71827
 -7.47096 -157.71070
 -7.46160 -157.70436
 -7.45957 -157.69776
 -7.44817 -157.67856
 -7.42303 -157.68898
 -7.38388 -157.72169
 -7.40081 -157.76930
 -7.40797 -157.77622
48 138 -7.47479 -6.59987 -157.797 -156.447 'Choiseul (Solomon Islands)'
 -7.33318 -157.52980
 -7.35760 -157.52980
 -7.37086 -157.52638
 -7.37656 -157.51344
 -7.37762 -157.48552
 -7.38470 -157.47348
 -7.43222 -157.44793
 -7.42051 -157.44606
 -7.41424 -157.44174
 -7.41351 -157.43556
 -7.41790 -157.42750
 -7.40748 -157.41440
 -7.40203 -157.39015
 -7.39804 -157.34490
 -7.39178 -157.32545
 -7.37884 -157.31202
 -7.36028 -157.30795
 -7.33660 -157.31691
 -7.33961 -157.30844
 -7.34433 -157.30250
 -7.35711 -157.29029
 -7.35345 -157.28256
 -7.35654 -157.27801
 -7.37078 -157.27662
 -7.35980 -157.25758
 -7.34783 -157.22193
 -7.33660 -157.20094
 -7.33229 -157.14796
 -7.33318 -157.13893
 -7.34295 -157.13250
 -7.34246 -157.11834
 -7.33221 -157.10426
 -7.30202 -157.09344
 -7.28753 -157.08269
 -7.27435 -157.06910
 -7.26832 -157.05690
 -7.27313 -157.04802
 -7.28102 -157.02849
 -7.28265 -157.01466
 -7.26832 -157.02280
 -7.25189 -157.01352
 -7.23870 -156.99855
 -7.22991 -156.97926
 -7.22674 -156.95753
 -7.22161 -156.94386
 -7.20875 -156.92774
 -7.09979 -156.83432
 -7.09051 -156.83009
 -7.07806 -156.82765
 -7.06707 -156.82325
 -7.06227 -156.81398
 -7.05877 -156.80063
 -7.05023 -156.79322
 -7.02809 -156.78305
 -6.97389 -156.74391
 -6.96608 -156.73170
 -6.95648 -156.72202
 -6.89715 -156.68702
 -6.88567 -156.67058
 -6.86094 -156.62306
 -6.85622 -156.60816
 -6.85076 -156.59620
 -6.75384 -156.48463
 -6.75042 -156.48219
 -6.73333 -156.46111
 -6.71941 -156.45444
 -6.66497 -156.44663
 -6.64479 -156.44695
 -6.63079 -156.45444
 -6.60296 -156.48780
 -6.59987 -156.50489
 -6.60312 -156.52801
 -6.61053 -156.54802
 -6.62347 -156.55983
 -6.62672 -156.56674
 -6.63193 -156.57399
 -6.64080 -156.57716
 -6.64967 -156.58155
 -6.64983 -156.59108
 -6.64625 -156.60084
 -6.64398 -156.60515
 -6.65504 -156.64308
 -6.67498 -156.66961
 -6.73333 -156.72104
 -6.74554 -156.73512
 -6.77581 -156.78028
 -6.78729 -156.82309
 -6.82952 -156.88551
 -6.84938 -156.92726
 -6.85605 -156.96339
 -6.86468 -156.98048
 -6.86883 -156.99285
 -6.87526 -157.00375
 -6.88730 -157.00847
 -6.89463 -157.01238
 -6.89577 -157.02149
 -6.89520 -157.03273
 -6.89715 -157.04265
 -6.90545 -157.05250
 -6.93499 -157.07399
 -6.96608 -157.11207
 -6.98073 -157.12045
 -6.99822 -157.12330
 -7.04119 -157.12517
 -7.08611 -157.13624
 -7.12428 -157.15252
 -7.13698 -157.16228
 -7.14764 -157.17270
 -7.16041 -157.18190
 -7.17889 -157.18727
 -7.16969 -157.20265
 -7.16473 -157.20769
 -7.18222 -157.21559
 -7.19525 -157.22877
 -7.20355 -157.24610
 -7.20623 -157.26612
 -7.21250 -157.27963
 -7.22682 -157.28932
 -7.24391 -157.29518
 -7.25775 -157.29713
 -7.26637 -157.30274
 -7.27264 -157.31593
 -7.28200 -157.34490
 -7.28851 -157.35621
 -7.29827 -157.36850
 -7.31024 -157.37941
 -7.32293 -157.38649
 -7.32293 -157.39275
 -7.30633 -157.39519
 -7.30576 -157.40260
 -7.31194 -157.41310
 -7.31609 -157.42408
 -7.31618 -157.44557
 -7.31422 -157.45558
 -7.30096 -157.49187
 -7.30023 -157.51140
 -7.30999 -157.52491
 -7.33318 -157.52980
