0 36 -19.1428 -18.964 169.783 169.95 'Niue (Niue)'
 -18.96510 169.85114
 -18.96795 169.82531
 -18.97259 169.82262
 -19.04713 169.79426
 -19.06894 169.78291
 -19.07391 169.79686
 -19.08196 169.80598
 -19.10231 169.82384
 -19.12965 169.86543
 -19.12591 169.87300
 -19.12908 169.88097
 -19.14275 169.89892
 -19.13299 169.90205
 -19.12859 169.90998
 -19.12802 169.92109
 -19.12965 169.93371
 -19.12640 169.93053
 -19.12282 169.92797
 -19.11932 169.92479
 -19.11598 169.91942
 -19.09938 169.92406
 -19.09490 169.92626
 -19.08733 169.95043
 -19.06943 169.94770
 -19.03753 169.92626
 -19.03183 169.92797
 -19.02654 169.93159
 -19.02093 169.93440
 -19.01360 169.93371
 -19.00840 169.93025
 -19.00742 169.92638
 -19.00701 169.92182
 -19.00311 169.91601
 -18.96510 169.89582
 -18.96404 169.86372
 -18.96510 169.85114
