0 46 17.2562 20.1096 -99.5464 -98.0995 'Chiang Mai (Thailand)'
 19.04667 -99.38943
 18.90126 -99.37194
 18.63166 -99.32111
 18.62732 -99.23171
 18.64944 -99.22304
 18.69916 -99.18748
 18.70285 -99.17255
 18.70416 -99.15811
 18.70265 -99.13737
 18.67611 -99.07277
 18.64304 -99.01271
 18.43506 -98.76622
 18.24282 -98.79030
 18.22336 -98.80124
 17.81877 -98.89183
 17.79978 -98.89047
 17.76534 -98.88135
 17.73927 -98.87358
 17.29188 -98.55714
 17.28173 -98.52104
 17.25624 -98.42142
 17.25789 -98.41228
 17.27725 -98.35690
 17.31076 -98.32946
 17.32846 -98.31834
 17.95681 -98.10345
 18.77500 -98.09949
 19.03898 -98.33091
 19.02916 -98.35971
 19.02255 -98.54920
 19.04236 -98.61325
 19.05493 -98.63644
 19.06977 -98.64970
 19.09761 -98.65510
 19.47863 -98.61152
 19.79530 -98.82670
 19.97057 -99.02829
 20.10962 -99.26371
 20.10841 -99.54644
 20.08910 -99.51584
 20.07451 -99.50396
 19.95521 -99.41771
 19.89115 -99.38544
 19.59000 -99.29971
 19.26416 -99.34387
 19.04667 -99.38943
1 43 7.65939 8.68677 -99.3351 -98.6243 'Krabi (Thailand)'
 8.00659 -98.94261
 8.00487 -98.95108
 8.00476 -98.95203
 8.00589 -98.95280
 8.02425 -98.95888
 8.04834 -98.95417
 8.05028 -98.95262
 8.05853 -98.94323
 8.00659 -98.94261
 8.04093 -98.77283
 8.28241 -98.62857
 8.28644 -98.62636
 8.29485 -98.62479
 8.29787 -98.62429
 8.55807 -98.64910
 8.56000 -98.64986
 8.68287 -98.74366
 8.68677 -98.75494
 8.68510 -98.76172
 8.65525 -98.84325
 8.64633 -98.85058
 8.54814 -98.90525
 8.34274 -99.03468
 8.35454 -99.13116
 8.34317 -99.27559
 8.34111 -99.27941
 8.29047 -99.33042
 8.28867 -99.33146
 8.28609 -99.33189
 8.26627 -99.33414
 7.99416 -99.33509
 7.74281 -99.33327
 7.69845 -99.30005
 7.65991 -99.25869
 7.65939 -99.25637
 7.65969 -99.25499
 7.67963 -99.20230
 7.74526 -99.14063
 7.93234 -98.97249
 7.97718 -98.94676
 7.98649 -98.94264
 7.98776 -98.94238
 8.00659 -98.94261
2 26 17.4794 18.7042 -99.3147 -98.6856 'Lamphun (Thailand)'
 17.48243 -98.76123
 17.47940 -98.70317
 17.58866 -98.68926
 17.64223 -98.68561
 18.43506 -98.76622
 18.64304 -99.01271
 18.67611 -99.07277
 18.70265 -99.13737
 18.70416 -99.15811
 18.70285 -99.17255
 18.69916 -99.18748
 18.52972 -99.31470
 18.48807 -99.24857
 18.47936 -99.23824
 18.25200 -99.01609
 18.24194 -99.01471
 18.04676 -99.06408
 17.95091 -99.09354
 17.90977 -99.11174
 17.81062 -99.15457
 17.67805 -99.05971
 17.62607 -98.99828
 17.51581 -98.85248
 17.49517 -98.81358
 17.48805 -98.78581
 17.48243 -98.76123
3 50 17.5707 19.7527 -98.6551 -97.3581 'Mae Hong Son (Thailand)'
 19.68510 -98.23952
 19.68218 -98.25100
 19.68338 -98.28035
 19.69110 -98.42112
 19.69881 -98.47798
 19.60889 -98.55054
 19.47863 -98.61152
 19.09761 -98.65510
 19.06977 -98.64970
 19.05493 -98.63644
 19.04236 -98.61325
 19.02255 -98.54920
 19.02916 -98.35971
 19.03898 -98.33091
 18.77500 -98.09949
 17.93861 -98.14875
 17.86328 -98.22000
 17.84653 -98.23369
 17.83620 -98.24030
 17.82972 -98.24022
 17.71739 -98.23110
 17.65044 -98.16835
 17.57877 -97.97850
 17.57463 -97.96703
 17.57068 -97.94183
 17.58285 -97.90680
 17.62555 -97.84895
 17.65183 -97.82250
 17.70601 -97.77848
 17.81942 -97.69883
 17.82849 -97.69318
 18.32957 -97.44765
 18.52921 -97.35807
 18.53394 -97.54729
 18.58355 -97.76351
 18.58492 -97.76876
 18.59282 -97.77220
 19.12188 -97.84329
 19.18573 -97.84710
 19.19243 -97.84710
 19.21234 -97.84619
 19.31259 -97.82947
 19.33645 -97.81328
 19.35499 -97.80164
 19.38967 -97.80490
 19.40683 -97.80727
 19.56511 -97.86499
 19.75273 -98.02575
 19.74346 -98.18646
 19.68510 -98.23952
4 42 8.12674 9.3596 -98.7049 -98.2224 'Phangnga (Thailand)'
 8.35619 -98.56079
 8.38210 -98.56689
 8.38382 -98.56714
 8.38990 -98.56490
 8.40277 -98.55734
 8.40299 -98.55562
 8.40211 -98.55182
 8.35953 -98.55880
 8.35648 -98.56000
 8.35619 -98.56079
 8.35063 -98.55948
 8.16310 -98.43535
 8.12674 -98.38756
 8.12684 -98.38721
 8.13097 -98.38153
 8.13911 -98.37396
 8.26172 -98.27906
 8.49660 -98.22243
 8.58050 -98.22726
 8.86054 -98.26840
 9.22155 -98.34611
 9.35634 -98.39397
 9.35960 -98.41943
 9.35709 -98.43752
 9.34316 -98.45870
 9.31152 -98.50348
 9.29767 -98.51639
 9.28149 -98.52430
 9.26608 -98.52862
 8.64298 -98.70067
 8.62716 -98.70488
 8.59807 -98.70471
 8.38631 -98.65822
 8.38462 -98.65748
 8.38403 -98.65702
 8.38316 -98.65473
 8.36091 -98.59204
 8.35819 -98.58333
 8.35488 -98.56872
 8.35490 -98.56758
 8.35494 -98.56428
 8.35619 -98.56079
5 41 9.30946 10.7878 -98.9608 -98.4077 'Ranong (Thailand)'
 9.67808 -98.53071
 9.66657 -98.53776
 9.67421 -98.53593
 9.67631 -98.53516
 9.67675 -98.53460
 9.67808 -98.53071
 9.68174 -98.52846
 9.74475 -98.50248
 9.78274 -98.50687
 9.85383 -98.51578
 9.87329 -98.52870
 9.88196 -98.53484
 9.88667 -98.54169
 9.88693 -98.54267
 9.88753 -98.54538
 9.88753 -98.55010
 9.88672 -98.55144
 9.88537 -98.55279
 9.91220 -98.57077
 10.12290 -98.67722
 10.28064 -98.73314
 10.44455 -98.78756
 10.60591 -98.78529
 10.78782 -98.87959
 10.63519 -98.94898
 10.60636 -98.96077
 10.09858 -98.92385
 10.07644 -98.91784
 9.54203 -98.76352
 9.39558 -98.65011
 9.35458 -98.58960
 9.31152 -98.50348
 9.30946 -98.48738
 9.31134 -98.48190
 9.35960 -98.41943
 9.39841 -98.40770
 9.68551 -98.48507
 9.68571 -98.48543
 9.68530 -98.48996
 9.68110 -98.52184
 9.67808 -98.53071
6 39 15.2153 17.7544 -99.3497 -97.9619 'Tak (Thailand)'
 17.47940 -98.70317
 17.36277 -99.20110
 17.36853 -99.26854
 17.25191 -99.32090
 16.87500 -99.34967
 16.56816 -99.25658
 16.56232 -99.25434
 16.54944 -99.24816
 16.53357 -99.24046
 16.47906 -99.12569
 15.78431 -99.13220
 15.73624 -99.13563
 15.63621 -99.11594
 15.27782 -99.02892
 15.26190 -99.01896
 15.21533 -98.98502
 15.25919 -98.91459
 15.27659 -98.88760
 15.65994 -98.56860
 16.03266 -98.56031
 16.03970 -98.56066
 16.05154 -98.56602
 16.05824 -98.57031
 16.34654 -98.66732
 16.47803 -98.63393
 16.79792 -98.51668
 17.06027 -98.38839
 17.35355 -98.10567
 17.52748 -97.96195
 17.57877 -97.97850
 17.62662 -98.04201
 17.65366 -98.11504
 17.65443 -98.11738
 17.69013 -98.22916
 17.70116 -98.30027
 17.75439 -98.70505
 17.64223 -98.68561
 17.58866 -98.68926
 17.47940 -98.70317
7 30 14.4421 14.8009 -100.512 -100.184 'Ang Thong (Thailand)'
 14.44239 -100.46809
 14.44214 -100.46150
 14.44625 -100.42753
 14.44719 -100.42193
 14.48639 -100.24781
 14.48916 -100.23804
 14.49228 -100.23195
 14.50371 -100.21639
 14.51069 -100.20890
 14.56452 -100.18440
 14.74389 -100.20420
 14.76704 -100.20939
 14.78043 -100.21862
 14.79494 -100.23699
 14.79689 -100.24132
 14.79996 -100.24998
 14.80090 -100.27157
 14.78906 -100.31339
 14.77408 -100.35205
 14.72643 -100.46958
 14.69456 -100.49743
 14.68134 -100.50695
 14.66269 -100.51134
 14.65490 -100.51158
 14.49487 -100.50013
 14.47882 -100.49845
 14.46088 -100.49504
 14.44436 -100.47481
 14.44247 -100.47018
 14.44239 -100.46809
8 57 14.1324 15.7303 -103.506 -102.47 'Buri Ram (Thailand)'
 15.67689 -102.98907
 15.42068 -103.08933
 15.41824 -103.09133
 15.35777 -103.16580
 15.32361 -103.23104
 15.31777 -103.24483
 15.30653 -103.28114
 15.31743 -103.30469
 15.32915 -103.32031
 15.33327 -103.32645
 15.34447 -103.35411
 15.34460 -103.44660
 15.33906 -103.46472
 15.33713 -103.47010
 15.31447 -103.50120
 15.31305 -103.50253
 15.30842 -103.50400
 15.29194 -103.50587
 14.93325 -103.42473
 14.32701 -103.22705
 14.16914 -102.91923
 14.15329 -102.87547
 14.13235 -102.71199
 14.14278 -102.60220
 14.15048 -102.58528
 14.19425 -102.56941
 14.50539 -102.48244
 14.56332 -102.47198
 14.72211 -102.46997
 14.96061 -102.52950
 14.97703 -102.55382
 14.96705 -102.59914
 14.95771 -102.64646
 14.95804 -102.67745
 14.96834 -102.70478
 15.00000 -102.77788
 15.04880 -102.85606
 15.21984 -102.97271
 15.42867 -103.01008
 15.43382 -103.00857
 15.43871 -103.00694
 15.46678 -102.99091
 15.47708 -102.98086
 15.51480 -102.90832
 15.52149 -102.89496
 15.52265 -102.88306
 15.52021 -102.87211
 15.51390 -102.85821
 15.51351 -102.82587
 15.52265 -102.81113
 15.53025 -102.79977
 15.55033 -102.79001
 15.61496 -102.77462
 15.70375 -102.86817
 15.73025 -102.95567
 15.72774 -103.00565
 15.67689 -102.98907
9 49 13.187 13.9764 -101.993 -100.842 'Chachoengsao (Thailand)'
 13.47816 -100.98157
 13.48764 -101.00296
 13.58206 -101.04751
 13.52248 -101.00221
 13.48618 -100.98529
 13.47816 -100.98157
 13.46590 -100.95393
 13.46366 -100.94679
 13.46251 -100.94143
 13.46295 -100.92760
 13.46855 -100.88815
 13.47837 -100.84869
 13.48053 -100.84195
 13.96113 -100.91443
 13.97040 -100.98319
 13.97641 -101.04490
 13.97504 -101.09391
 13.96972 -101.13778
 13.96202 -101.14737
 13.96073 -101.14858
 13.95235 -101.15162
 13.94302 -101.15466
 13.93748 -101.15478
 13.93075 -101.15260
 13.86354 -101.24831
 13.80492 -101.76398
 13.58185 -101.94749
 13.50134 -101.99322
 13.34384 -101.99347
 13.29947 -101.95254
 13.27001 -101.90546
 13.24539 -101.86567
 13.18703 -101.76912
 13.18746 -101.73121
 13.19261 -101.72597
 13.21492 -101.71098
 13.26041 -101.68188
 13.40804 -101.53505
 13.56794 -101.26729
 13.56854 -101.26579
 13.60331 -101.15551
 13.59944 -101.14889
 13.55173 -101.09179
 13.52070 -101.06197
 13.50589 -101.05612
 13.47630 -101.01985
 13.46512 -100.98549
 13.46778 -100.97675
 13.47816 -100.98157
10 26 14.9046 15.4289 -100.303 -99.7165 'Chai Nat (Thailand)'
 14.90486 -99.98010
 14.90463 -99.94199
 14.95490 -99.73898
 14.96111 -99.72581
 14.98874 -99.72168
 15.27917 -99.71649
 15.28813 -99.71662
 15.29590 -99.72128
 15.30816 -99.74351
 15.42886 -100.06720
 15.42886 -100.07602
 15.42075 -100.11849
 15.41833 -100.12442
 15.36552 -100.20102
 15.32915 -100.23547
 15.31247 -100.24704
 15.28325 -100.26389
 15.27379 -100.26750
 15.17920 -100.30267
 15.00754 -100.29549
 14.99385 -100.29329
 14.97520 -100.28547
 14.95915 -100.26935
 14.94851 -100.25477
 14.90687 -100.01320
 14.90486 -99.98010
11 33 15.224 16.7071 -102.451 -101.319 'Chaiyaphum (Thailand)'
 15.22808 -101.43705
 15.22396 -101.42024
 15.23169 -101.40556
 15.24559 -101.39222
 15.30516 -101.34386
 15.34497 -101.34070
 15.77417 -101.31944
 16.04851 -101.33165
 16.13317 -101.33935
 16.27222 -101.35693
 16.35805 -101.37859
 16.65785 -101.50638
 16.67469 -101.51434
 16.68001 -101.52438
 16.70705 -101.60119
 16.68626 -101.68899
 16.66785 -101.75100
 16.66154 -101.75207
 16.64686 -101.77841
 16.51168 -102.03805
 16.49211 -102.08531
 16.46958 -102.24456
 16.44550 -102.39719
 16.40144 -102.45110
 15.99863 -102.39287
 15.99772 -102.39273
 15.80390 -102.32815
 15.80325 -102.32793
 15.80164 -102.32603
 15.39777 -101.80883
 15.26773 -101.57075
 15.26336 -101.55847
 15.22808 -101.43705
12 34 12.3056 13.3438 -102.521 -101.685 'Chanthaburi (Thailand)'
 13.17247 -102.03379
 13.16857 -102.04695
 13.17115 -102.06061
 13.21363 -102.19944
 13.26728 -102.31893
 13.27440 -102.34252
 13.26994 -102.34887
 13.25097 -102.36792
 13.21441 -102.39111
 12.97975 -102.48581
 12.82147 -102.52142
 12.38854 -102.37059
 12.38757 -102.37018
 12.33555 -102.33543
 12.30615 -102.30554
 12.30608 -102.30469
 12.30555 -102.25606
 12.30655 -102.25336
 12.30669 -102.25311
 12.32982 -102.22091
 12.58942 -101.93931
 12.97429 -101.74167
 13.06798 -101.70336
 13.09090 -101.69410
 13.11583 -101.68498
 13.14651 -101.69040
 13.16600 -101.70259
 13.18402 -101.72504
 13.34023 -101.98386
 13.34384 -101.99347
 13.29981 -102.01819
 13.27833 -102.01971
 13.18277 -102.03194
 13.17247 -102.03379
13 28 18.9983 20.4645 -100.578 -99.2997 'Chiang Rai (Thailand)'
 20.46450 -99.96064
 20.29943 -100.16853
 20.39474 -100.26073
 20.39835 -100.26513
 20.40075 -100.27062
 20.40161 -100.30981
 20.40127 -100.31365
 20.39921 -100.33178
 20.16884 -100.57756
 20.15596 -100.57683
 20.09983 -100.57006
 19.93658 -100.51625
 19.85762 -100.47671
 19.73612 -100.39934
 19.47773 -100.13124
 19.43357 -100.07579
 19.01429 -99.44800
 19.00260 -99.42730
 18.99834 -99.39980
 19.09374 -99.34181
 19.12305 -99.32527
 19.17805 -99.30859
 19.59000 -99.29971
 19.89115 -99.38544
 19.95521 -99.41771
 20.33363 -99.62082
 20.44388 -99.87219
 20.46450 -99.96064
14 23 12.5944 13.6033 -101.726 -100.834 'Chon Buri (Thailand)'
 12.59518 -100.96357
 12.59436 -100.96179
 12.59512 -100.95826
 12.59947 -100.94896
 12.64823 -100.85256
 12.64989 -100.84976
 12.65360 -100.84835
 12.68337 -100.84105
 12.71321 -100.83414
 12.73323 -100.83369
 13.46512 -100.98549
 13.59944 -101.14889
 13.60331 -101.15551
 13.59730 -101.17318
 13.58614 -101.19173
 13.40804 -101.53505
 13.26041 -101.68188
 13.19261 -101.72597
 13.18402 -101.72504
 13.14651 -101.69040
 12.89366 -101.09274
 12.65584 -100.99225
 12.59518 -100.96357
15 49 9.6048 11.0299 -99.3385 -98.6155 'Chumphon (Thailand)'
 10.68240 -99.33851
 10.67927 -99.33108
 10.67506 -99.32511
 10.67161 -99.32161
 10.66421 -99.31517
 10.53645 -99.23924
 10.53592 -99.23903
 10.29027 -99.15868
 10.12170 -99.14802
 10.10958 -99.14772
 9.98862 -99.15085
 9.95184 -99.15927
 9.94555 -99.16104
 9.85777 -99.16579
 9.85733 -99.16577
 9.84726 -99.16267
 9.79475 -99.14015
 9.72380 -99.03160
 9.72020 -99.02428
 9.60833 -98.74693
 9.60480 -98.73523
 9.65595 -98.65909
 9.66110 -98.65203
 9.77491 -98.61546
 9.93404 -98.75263
 9.99713 -98.84933
 9.99610 -98.86502
 9.99687 -98.88149
 10.02623 -98.89875
 10.06202 -98.91313
 10.07644 -98.91784
 10.09858 -98.92385
 10.60636 -98.96077
 10.63519 -98.94898
 10.64498 -98.94426
 10.67974 -98.92645
 10.68154 -98.91204
 10.68103 -98.90104
 10.68850 -98.89501
 10.75905 -98.89184
 10.77604 -98.89414
 10.82239 -98.92090
 10.96624 -99.01984
 11.02873 -99.13229
 11.02993 -99.13684
 11.02962 -99.14577
 11.01117 -99.16372
 10.96083 -99.27403
 10.68240 -99.33851
16 26 16.1867 17.0868 -104.24 -103.103 'Kalasin (Thailand)'
 16.80179 -103.90398
 16.78374 -103.95303
 16.79488 -103.95210
 16.81621 -103.95452
 16.85666 -104.02138
 16.85777 -104.03082
 16.83578 -104.06947
 16.67160 -104.18055
 16.51376 -104.24023
 16.44580 -104.23921
 16.43018 -104.23551
 16.18842 -103.65101
 16.18670 -103.63816
 16.19593 -103.45122
 16.36167 -103.17660
 16.37430 -103.16861
 16.84444 -103.10329
 16.90750 -103.10748
 16.94040 -103.12186
 16.95439 -103.13385
 17.08679 -103.55500
 17.04718 -103.65451
 17.02111 -103.67387
 16.88530 -103.79160
 16.81080 -103.88546
 16.80179 -103.90398
17 23 15.7985 16.8918 -100.029 -99.0008 'Kamphaeng Phet (Thailand)'
 15.82139 -99.72581
 15.79849 -99.68256
 15.90300 -99.11383
 15.92902 -99.09415
 16.03030 -99.03087
 16.05570 -99.02587
 16.29328 -99.00078
 16.42387 -99.00231
 16.49082 -99.01671
 16.78814 -99.28972
 16.82572 -99.32987
 16.86500 -99.37498
 16.89182 -99.48132
 16.89011 -99.50930
 16.73690 -99.85481
 16.69493 -99.89719
 16.68634 -99.90463
 16.53641 -100.02102
 16.50916 -100.02748
 16.49666 -100.02927
 16.41829 -100.00804
 16.07909 -99.90275
 15.82139 -99.72581
18 35 13.7247 15.5124 -99.8472 -98.1832 'Kanchanaburi (Thailand)'
 15.05672 -99.01897
 14.69544 -99.45496
 14.69554 -99.48165
 14.69731 -99.49817
 14.70442 -99.50722
 14.73739 -99.53715
 14.52290 -99.84723
 14.00543 -99.82235
 13.82505 -99.77856
 13.72467 -99.16702
 13.73034 -99.15854
 13.77359 -99.12266
 13.78733 -99.11771
 13.80346 -99.11877
 13.81119 -99.12054
 13.89187 -99.09595
 14.09426 -98.94996
 14.31553 -98.61274
 14.33167 -98.59680
 14.73352 -98.30567
 14.77627 -98.28153
 14.80906 -98.26376
 14.98655 -98.20761
 15.09556 -98.18395
 15.10946 -98.18324
 15.12337 -98.18484
 15.23220 -98.19835
 15.23752 -98.20066
 15.48729 -98.58155
 15.51244 -98.71860
 15.18259 -98.98119
 15.10148 -98.99988
 15.06987 -99.00921
 15.06343 -99.01259
 15.05672 -99.01897
19 48 15.6804 16.9075 -103.184 -101.766 'Khon Kaen (Thailand)'
 16.79656 -103.18257
 16.62083 -103.15151
 16.56478 -103.11729
 16.51816 -103.08726
 16.51143 -103.08172
 16.47319 -103.01932
 16.42660 -102.95940
 16.28380 -102.85635
 16.26481 -102.84361
 16.23906 -102.84328
 16.08360 -102.85470
 15.94030 -102.89032
 15.78632 -102.93035
 15.68037 -102.72395
 15.72182 -102.33737
 15.73444 -102.30834
 15.76967 -102.25266
 15.77997 -102.25578
 15.78115 -102.25645
 15.78147 -102.25712
 15.78491 -102.27039
 16.00159 -102.39113
 16.40144 -102.45110
 16.44550 -102.39719
 16.46958 -102.24456
 16.49211 -102.08531
 16.51168 -102.03805
 16.64519 -101.79575
 16.67956 -101.76578
 16.76416 -101.78665
 16.81024 -101.81868
 16.85493 -101.90929
 16.88852 -102.11884
 16.89159 -102.24966
 16.83450 -102.34016
 16.82235 -102.34916
 16.81716 -102.36063
 16.81055 -102.37629
 16.76980 -102.54993
 16.76273 -102.59499
 16.83093 -102.93627
 16.85195 -102.98334
 16.90750 -103.10748
 16.89672 -103.12275
 16.85796 -103.17077
 16.84117 -103.17949
 16.82134 -103.18418
 16.79656 -103.18257
20 13 13.5587 13.9565 -100.911 -100.318 'Krung Thep Maha Nakhon (Thailand)'
 13.75626 -100.89077
 13.69909 -100.85533
 13.70179 -100.58095
 13.57666 -100.45610
 13.55867 -100.40298
 13.64472 -100.33980
 13.74514 -100.31877
 13.75651 -100.31788
 13.79619 -100.33170
 13.92033 -100.67675
 13.95648 -100.90755
 13.79128 -100.91110
 13.75626 -100.89077
21 41 17.2012 19.511 -100.133 -99.0041 'Lampang (Thailand)'
 17.22659 -99.43970
 17.20124 -99.39888
 17.20534 -99.38303
 17.37183 -99.07618
 17.38290 -99.05696
 17.41187 -99.01797
 17.42683 -99.00409
 18.28833 -99.10748
 18.31361 -99.14360
 18.49658 -99.30739
 18.50493 -99.31227
 18.57613 -99.34053
 19.00260 -99.42730
 19.46999 -99.58804
 19.50055 -99.61137
 19.51103 -99.62149
 19.50361 -99.64471
 19.45021 -99.68309
 19.43916 -99.68831
 19.42979 -99.68719
 19.38299 -99.69085
 19.24796 -99.70295
 19.17250 -99.73082
 19.05956 -99.78057
 18.99916 -99.84415
 18.99389 -99.86276
 18.94972 -99.95802
 18.89611 -100.02470
 18.80542 -100.13035
 18.78846 -100.13288
 18.60472 -100.12720
 18.56853 -100.11973
 18.40137 -99.99816
 18.29305 -99.91443
 18.14415 -99.76062
 17.67754 -99.37518
 17.36217 -99.47735
 17.34602 -99.47980
 17.32737 -99.48031
 17.25417 -99.45749
 17.22659 -99.43970
22 40 16.7583 18.211 -102.151 -100.909 'Loei (Thailand)'
 17.76953 -102.02539
 17.11179 -102.08997
 17.10116 -102.09775
 17.02891 -102.14880
 17.02410 -102.15077
 16.88787 -102.06718
 16.88208 -102.06301
 16.86119 -102.04476
 16.85849 -102.04022
 16.84025 -101.99455
 16.76040 -101.77299
 16.75834 -101.73559
 16.76611 -101.72054
 16.78018 -101.71851
 16.82631 -101.71565
 16.85027 -101.71527
 16.90166 -101.71944
 16.92611 -101.71551
 17.00531 -101.65460
 17.07381 -101.47635
 17.07805 -101.45653
 17.11475 -101.22481
 17.11433 -101.20373
 17.34099 -100.91279
 17.37531 -100.90920
 17.45352 -100.91001
 17.48442 -100.91042
 17.52130 -100.91711
 17.57293 -100.94577
 17.57480 -100.95354
 17.57473 -100.96022
 17.57435 -100.98329
 17.57246 -100.99211
 17.56003 -101.02411
 17.57774 -101.24903
 18.03698 -101.86633
 18.21097 -102.10905
 18.10254 -102.06266
 17.98732 -102.03242
 17.76953 -102.02539
23 19 14.6554 15.4926 -101.304 -100.421 'Lop Buri (Thailand)'
 14.84699 -101.12323
 14.65542 -100.60189
 14.66006 -100.51142
 14.71108 -100.47205
 14.71840 -100.46839
 14.91832 -100.42096
 14.93154 -100.42169
 15.06481 -100.43318
 15.09590 -100.44022
 15.23726 -100.54950
 15.49231 -100.77247
 15.49261 -100.97663
 15.48901 -100.99065
 15.44184 -101.09132
 15.39768 -101.18265
 15.35112 -101.26179
 15.31477 -101.30434
 15.10225 -101.28056
 14.84699 -101.12323
24 42 15.4088 16.5182 -103.507 -102.843 'Maha Sarakham (Thailand)'
 15.41257 -103.36247
 15.40884 -103.34818
 15.40897 -103.34351
 15.40936 -103.34030
 15.41373 -103.31440
 15.42339 -103.27246
 15.48004 -103.11257
 15.48802 -103.09159
 15.48995 -103.08758
 15.49716 -103.07329
 15.49870 -103.07235
 15.64818 -102.99469
 15.78632 -102.93035
 15.94030 -102.89032
 16.08360 -102.85470
 16.23906 -102.84328
 16.26481 -102.84361
 16.28380 -102.85635
 16.42660 -102.95940
 16.47319 -103.01932
 16.51816 -103.08726
 16.49807 -103.16275
 16.38940 -103.16393
 16.38716 -103.16442
 16.37430 -103.16861
 16.36167 -103.17660
 16.23895 -103.41513
 16.20762 -103.47893
 16.19807 -103.50708
 16.18004 -103.48916
 16.11926 -103.45531
 16.11006 -103.45427
 15.53975 -103.41079
 15.53847 -103.41391
 15.53535 -103.41624
 15.53089 -103.41936
 15.51819 -103.42292
 15.44708 -103.42444
 15.44038 -103.41296
 15.43124 -103.39666
 15.41373 -103.36488
 15.41257 -103.36247
25 18 13.9611 14.4739 -101.507 -100.914 'Nakhon Nayok (Thailand)'
 13.97641 -101.04490
 13.96113 -100.91443
 14.12026 -100.91366
 14.22094 -100.91400
 14.39509 -101.05477
 14.40514 -101.07231
 14.47389 -101.31133
 14.42754 -101.40821
 14.36541 -101.47563
 14.33756 -101.49646
 14.32953 -101.49903
 14.30628 -101.50646
 14.29885 -101.50658
 14.27347 -101.50353
 14.26578 -101.49562
 14.06177 -101.23354
 13.99615 -101.14628
 13.97641 -101.04490
26 25 13.6528 14.1806 -100.335 -99.8466 'Nakhon Pathom (Thailand)'
 13.65748 -100.25985
 13.65284 -100.23819
 13.65672 -100.21540
 13.68999 -100.03601
 13.71325 -99.97531
 13.72411 -99.95739
 13.74750 -99.94259
 13.99555 -99.84888
 14.06435 -99.84661
 14.14341 -100.01872
 14.18057 -100.21036
 14.18054 -100.22440
 14.17803 -100.24044
 14.17105 -100.27309
 14.16790 -100.28647
 14.16258 -100.28859
 14.12086 -100.27741
 14.03697 -100.25307
 13.93496 -100.27472
 13.89700 -100.28386
 13.79619 -100.33170
 13.78655 -100.33467
 13.73548 -100.32650
 13.66124 -100.26591
 13.65748 -100.25985
27 44 14.087 15.7697 -103.01 -101.186 'Nakhon Ratchasima (Thailand)'
 15.00000 -102.77788
 14.96834 -102.70478
 14.95804 -102.67745
 14.95771 -102.64646
 14.96705 -102.59914
 14.97703 -102.55382
 14.96061 -102.52950
 14.72211 -102.46997
 14.56332 -102.47198
 14.50539 -102.48244
 14.45646 -102.55038
 14.43200 -102.56279
 14.42041 -102.56456
 14.30197 -102.58181
 14.15048 -102.58528
 14.10181 -102.54745
 14.08698 -102.51483
 14.13791 -102.14714
 14.14082 -102.12881
 14.48134 -101.24112
 14.50691 -101.21306
 14.54028 -101.18581
 14.68873 -101.20067
 15.03994 -101.41621
 15.26336 -101.55847
 15.65530 -102.03263
 15.74103 -102.15666
 15.74167 -102.15833
 15.76967 -102.25266
 15.72169 -102.67233
 15.70109 -102.70777
 15.64895 -102.77863
 15.64522 -102.77996
 15.63852 -102.78037
 15.63646 -102.77930
 15.62912 -102.77208
 15.47708 -102.98086
 15.46678 -102.99091
 15.43871 -103.00694
 15.43382 -103.00857
 15.42867 -103.01008
 15.21984 -102.97271
 15.04880 -102.85606
 15.00000 -102.77788
28 52 15.0648 16.1594 -100.846 -99.0889 'Nakhon Sawan (Thailand)'
 16.15943 -100.07896
 15.92344 -100.28973
 15.94067 -100.34776
 15.96142 -100.63440
 15.96176 -100.65981
 15.94074 -100.75737
 15.89825 -100.77371
 15.71766 -100.82907
 15.66135 -100.84334
 15.63114 -100.84555
 15.45716 -100.77059
 15.11931 -100.49551
 15.06481 -100.43318
 15.08832 -100.37107
 15.09652 -100.35856
 15.19480 -100.28572
 15.22435 -100.28392
 15.27379 -100.26750
 15.28325 -100.26389
 15.31247 -100.24704
 15.32915 -100.23547
 15.36552 -100.20102
 15.63515 -99.83580
 15.68693 -99.73605
 15.68788 -99.73408
 15.68848 -99.73203
 15.68624 -99.70645
 15.68556 -99.70360
 15.68195 -99.69085
 15.62814 -99.59582
 15.61638 -99.58531
 15.60994 -99.58049
 15.59793 -99.57497
 15.56273 -99.51785
 15.56188 -99.50493
 15.57312 -99.46765
 15.57994 -99.45233
 15.78431 -99.13220
 15.82246 -99.10028
 15.83958 -99.09201
 15.87848 -99.08888
 15.88315 -99.09125
 15.88804 -99.09644
 15.90300 -99.11383
 15.93466 -99.16120
 15.94382 -99.19310
 15.94460 -99.19596
 15.94829 -99.20979
 15.91764 -99.47862
 15.86975 -99.62473
 16.07909 -99.90275
 16.15943 -100.07896
29 77 7.87411 9.31036 -100.334 -99.2345 'Nakhon Si Thammarat (Thailand)'
 8.59228 -99.96390
 8.41334 -100.08874
 8.37485 -100.16904
 8.37463 -100.17149
 8.47838 -100.16512
 8.48437 -100.16467
 8.49287 -100.16241
 8.49714 -100.16095
 8.49963 -100.15988
 8.50035 -100.15944
 8.50193 -100.15776
 8.50944 -100.14847
 8.51122 -100.13971
 8.51671 -100.11758
 8.51815 -100.11359
 8.51876 -100.11374
 8.51940 -100.11485
 8.52090 -100.12366
 8.52114 -100.12745
 8.52071 -100.13210
 8.51988 -100.13692
 8.51947 -100.13839
 8.51419 -100.15187
 8.50778 -100.16272
 8.50331 -100.16917
 8.48381 -100.18948
 8.47628 -100.19531
 8.45642 -100.20759
 8.43750 -100.21674
 8.43142 -100.21949
 8.40851 -100.22827
 8.37763 -100.23923
 8.31958 -100.25888
 8.31519 -100.26031
 8.26172 -100.27510
 8.25346 -100.27732
 8.18127 -100.29396
 8.16808 -100.29621
 7.94310 -100.33398
 7.87411 -100.14557
 7.88054 -99.47437
 7.88763 -99.38794
 7.93719 -99.32815
 7.96627 -99.30664
 8.09988 -99.28346
 8.38188 -99.23690
 8.39939 -99.23447
 8.52828 -99.26461
 8.53725 -99.26843
 8.55330 -99.27870
 8.55650 -99.28699
 8.55344 -99.29912
 8.53809 -99.34650
 8.57850 -99.42548
 8.91296 -99.62976
 9.12352 -99.74826
 9.30986 -99.77958
 9.31033 -99.79042
 9.31036 -99.82954
 9.30605 -99.83485
 9.30339 -99.83757
 9.23759 -99.86981
 9.22033 -99.87790
 9.21583 -99.87989
 9.21021 -99.88114
 9.20942 -99.88129
 9.02196 -99.91353
 8.98953 -99.91506
 8.96484 -99.91322
 8.95263 -99.91272
 8.94107 -99.91303
 8.93283 -99.91330
 8.91049 -99.91471
 8.90970 -99.91478
 8.86717 -99.92045
 8.63271 -99.95213
 8.59228 -99.96390
30 34 18.009 19.6304 -101.288 -100.344 'Nan (Thailand)'
 18.02393 -100.74561
 18.00900 -100.43418
 18.01572 -100.42192
 18.10452 -100.39965
 18.80207 -100.34386
 19.39035 -100.50788
 19.54815 -100.60820
 19.54918 -100.60916
 19.55086 -100.61176
 19.55279 -100.61790
 19.55562 -100.62788
 19.62669 -100.91368
 19.63036 -101.02355
 19.60332 -101.24402
 19.59386 -101.26247
 19.58575 -101.27497
 19.58237 -101.27866
 19.57049 -101.28686
 19.56808 -101.28788
 18.69616 -101.27605
 18.52175 -101.11957
 18.50801 -101.10871
 18.45926 -101.07468
 18.44587 -101.06725
 18.42871 -101.06472
 18.41549 -101.07015
 18.40845 -101.08046
 18.40382 -101.08932
 18.40333 -101.09091
 18.38519 -101.08408
 18.36302 -101.07026
 18.10375 -100.84771
 18.02666 -100.76416
 18.02393 -100.74561
31 27 5.75392 6.63686 -102.093 -101.385 'Narathiwat (Thailand)'
 5.76455 -101.82059
 5.75392 -101.69699
 5.75787 -101.69113
 5.91545 -101.53132
 6.01276 -101.47859
 6.16339 -101.40025
 6.22191 -101.38532
 6.35651 -101.40736
 6.37583 -101.41156
 6.43537 -101.43294
 6.62699 -101.57793
 6.63686 -101.61432
 6.63686 -101.62534
 6.58334 -101.72112
 6.24599 -102.08655
 6.24524 -102.08700
 6.23781 -102.09103
 6.14834 -102.09325
 6.14548 -102.09272
 6.09097 -102.06113
 6.07947 -102.05318
 5.98619 -101.94854
 5.87168 -101.94374
 5.86704 -101.94141
 5.86232 -101.93857
 5.79051 -101.86650
 5.76455 -101.82059
32 29 16.7627 17.7532 -102.68 -101.947 'Nong Bua Lam Phu (Thailand)'
 16.76912 -102.60982
 16.76273 -102.59499
 16.76980 -102.54993
 16.81055 -102.37629
 16.88530 -102.07054
 16.92141 -102.04591
 16.95222 -102.03249
 17.17966 -101.94932
 17.20047 -101.94730
 17.74399 -102.01820
 17.75322 -102.02246
 17.74750 -102.13691
 17.74567 -102.17283
 17.73193 -102.21859
 17.70721 -102.27468
 17.65503 -102.33939
 17.61108 -102.37247
 17.53967 -102.42281
 17.46826 -102.44725
 17.31171 -102.45732
 17.23257 -102.48083
 17.20734 -102.49327
 17.07198 -102.57684
 17.04254 -102.59682
 17.01645 -102.62415
 17.00186 -102.67193
 16.96461 -102.67977
 16.77745 -102.61319
 16.76912 -102.60982
33 37 17.594 18.4479 -104.145 -102.378 'Nong Khai (Thailand)'
 18.06949 -104.14478
 17.90529 -104.13361
 17.89602 -104.13075
 17.86081 -104.10605
 17.77081 -103.97999
 17.77481 -103.95769
 17.85798 -103.81092
 17.82517 -103.30106
 17.77493 -102.85445
 17.72640 -102.84837
 17.69588 -102.83202
 17.62404 -102.76137
 17.60230 -102.73918
 17.60173 -102.73507
 17.59400 -102.64996
 17.62404 -102.59838
 17.90514 -102.37839
 17.96642 -102.49369
 17.93810 -102.61551
 17.93484 -102.78811
 18.00041 -102.97974
 18.13620 -103.08856
 18.26151 -103.17399
 18.36845 -103.24446
 18.39472 -103.26472
 18.40244 -103.27069
 18.43077 -103.30289
 18.43317 -103.30904
 18.44725 -103.40222
 18.44793 -103.40855
 18.44725 -103.41633
 18.42682 -103.51873
 18.33498 -103.96867
 18.33206 -103.97627
 18.32623 -103.98531
 18.21585 -104.06250
 18.06949 -104.14478
34 21 13.7876 14.1423 -100.568 -100.253 'Nonthaburi (Thailand)'
 13.99148 -100.36918
 13.95135 -100.51619
 13.95261 -100.56773
 13.84865 -100.54353
 13.80205 -100.49684
 13.79149 -100.47165
 13.78763 -100.45000
 13.79619 -100.33170
 13.89700 -100.28386
 13.93496 -100.27472
 14.03697 -100.25307
 14.12086 -100.27741
 14.14232 -100.29997
 14.13739 -100.32231
 14.12908 -100.33516
 14.11593 -100.34775
 14.10263 -100.33979
 14.06765 -100.33448
 14.04791 -100.33921
 14.01658 -100.35304
 13.99148 -100.36918
35 18 13.9203 14.265 -100.915 -100.334 'Pathum Thani (Thailand)'
 13.92066 -100.70585
 13.92033 -100.67675
 13.95135 -100.51619
 13.99148 -100.36918
 14.01658 -100.35304
 14.04791 -100.33921
 14.06765 -100.33448
 14.10263 -100.33979
 14.11593 -100.34775
 14.26497 -100.86872
 14.24541 -100.89680
 14.23991 -100.89953
 14.20918 -100.91409
 14.08353 -100.91499
 13.96113 -100.91443
 13.94797 -100.90444
 13.92817 -100.76155
 13.92066 -100.70585
36 29 6.54931 6.95055 -101.721 -101.028 'Pattani (Thailand)'
 6.64198 -101.68271
 6.64188 -101.68257
 6.64111 -101.68254
 6.63402 -101.68586
 6.63374 -101.68602
 6.64198 -101.68271
 6.64230 -101.68322
 6.64234 -101.68356
 6.64080 -101.68540
 6.64038 -101.68569
 6.58334 -101.72112
 6.57892 -101.69953
 6.57726 -101.68177
 6.54931 -101.32499
 6.61284 -101.14427
 6.65231 -101.08127
 6.69479 -101.04887
 6.75513 -101.02772
 6.76844 -101.02766
 6.77994 -101.02867
 6.84170 -101.04273
 6.84689 -101.04780
 6.85634 -101.05976
 6.95055 -101.28831
 6.86471 -101.52611
 6.84572 -101.55751
 6.83079 -101.56735
 6.64519 -101.68142
 6.64198 -101.68271
37 25 7.09289 7.90402 -100.377 -99.7407 'Phatthalung (Thailand)'
 7.20257 -100.27928
 7.09289 -100.01616
 7.09487 -100.01292
 7.11869 -99.99378
 7.14669 -99.97431
 7.16954 -99.95874
 7.20817 -99.94282
 7.57476 -99.80981
 7.82293 -99.74799
 7.85791 -99.74068
 7.88434 -99.81953
 7.90402 -99.92887
 7.90386 -99.94733
 7.90243 -99.95225
 7.89374 -99.96493
 7.81317 -100.05317
 7.72754 -100.14584
 7.33049 -100.37219
 7.32570 -100.37425
 7.31266 -100.37748
 7.30602 -100.37442
 7.30385 -100.37326
 7.25286 -100.33873
 7.21184 -100.29830
 7.20257 -100.27928
38 20 18.8123 19.5483 -100.619 -99.6872 'Phayao (Thailand)'
 18.81485 -100.35251
 18.81229 -100.11936
 18.81972 -100.08167
 18.99916 -99.84415
 19.05956 -99.78057
 19.17250 -99.73082
 19.24796 -99.70295
 19.38299 -99.69085
 19.42979 -99.68719
 19.44327 -99.71934
 19.45159 -99.73922
 19.45882 -99.76833
 19.54378 -100.16375
 19.54828 -100.48308
 19.49897 -100.58061
 19.48131 -100.59189
 19.47515 -100.59388
 19.14528 -100.61943
 19.10036 -100.58927
 18.81485 -100.35251
39 32 15.3148 17.1147 -101.787 -100.633 'Phetchabun (Thailand)'
 15.32528 -101.31878
 15.31477 -101.30434
 15.49261 -100.97663
 15.63114 -100.84555
 16.04729 -100.63970
 16.06447 -100.63458
 16.14305 -100.63332
 16.41426 -100.69226
 16.79174 -100.91873
 17.10916 -101.19247
 17.11433 -101.20373
 17.11475 -101.22481
 17.07805 -101.45653
 17.07381 -101.47635
 17.00531 -101.65460
 16.92611 -101.71551
 16.76416 -101.78665
 16.70705 -101.60119
 16.68001 -101.52438
 16.67469 -101.51434
 16.65785 -101.50638
 16.35805 -101.37859
 16.27222 -101.35693
 16.13317 -101.33935
 16.04851 -101.33165
 15.77417 -101.31944
 15.74811 -101.33094
 15.71910 -101.35937
 15.47720 -101.38787
 15.38573 -101.35752
 15.34497 -101.34070
 15.32528 -101.31878
40 22 12.5628 13.3322 -100.084 -99.1174 'Phetchaburi (Thailand)'
 12.58171 -99.74049
 12.56282 -99.58681
 12.57677 -99.44195
 12.61419 -99.37897
 12.66621 -99.31088
 12.68063 -99.29416
 12.75272 -99.23223
 12.88284 -99.18733
 13.09519 -99.11861
 13.17690 -99.11737
 13.19664 -99.12495
 13.20179 -99.13130
 13.20574 -99.14011
 13.28470 -99.66448
 13.33217 -99.84375
 13.26346 -99.95077
 13.21916 -99.99813
 13.14829 -100.06821
 13.06187 -100.08365
 12.63646 -99.95547
 12.62877 -99.93406
 12.58171 -99.74049
41 21 15.9082 16.5956 -100.699 -99.9769 'Phichit (Thailand)'
 15.90820 -100.28771
 15.90820 -100.24630
 15.94322 -100.18275
 15.99472 -100.14062
 16.19761 -100.03444
 16.36194 -99.97693
 16.37529 -99.97708
 16.49666 -100.02927
 16.57645 -100.18828
 16.58833 -100.21638
 16.59555 -100.24136
 16.54198 -100.53322
 16.53374 -100.54892
 16.51674 -100.56467
 16.33899 -100.65485
 16.31952 -100.67904
 16.27007 -100.69818
 16.24972 -100.69942
 16.02502 -100.67991
 15.96176 -100.65981
 15.90820 -100.28771
42 33 16.339 17.7641 -101.095 -99.8888 'Phitsanulok (Thailand)'
 17.34099 -100.91279
 17.33495 -100.92619
 17.33977 -100.94541
 17.32752 -100.99153
 17.26949 -101.06556
 17.25805 -101.07388
 17.21999 -101.09526
 16.91556 -101.06204
 16.51052 -100.82229
 16.45102 -100.77957
 16.33899 -100.65485
 16.49666 -100.02927
 16.58465 -99.91805
 16.60772 -99.90210
 16.62746 -99.88879
 16.76702 -99.90556
 16.86605 -99.95106
 17.19007 -100.19475
 17.70127 -100.86553
 17.76077 -100.97873
 17.76408 -100.99151
 17.72661 -101.02365
 17.68764 -101.02833
 17.67683 -101.02725
 17.62327 -101.00419
 17.57735 -100.98024
 17.57480 -100.95354
 17.57293 -100.94577
 17.52130 -100.91711
 17.48442 -100.91042
 17.45352 -100.91001
 17.37531 -100.90920
 17.34099 -100.91279
43 22 14.1101 14.673 -100.826 -100.246 'Phra Nakhon Si Ayutthaya (Thailand)'
 14.11074 -100.54895
 14.11010 -100.48433
 14.11593 -100.34775
 14.17105 -100.27309
 14.21659 -100.24771
 14.45734 -100.24618
 14.46631 -100.24691
 14.48639 -100.25057
 14.66894 -100.52681
 14.67185 -100.53430
 14.67299 -100.54238
 14.67241 -100.54864
 14.66488 -100.58391
 14.65542 -100.60189
 14.49107 -100.76932
 14.32808 -100.82194
 14.27733 -100.82607
 14.24335 -100.82321
 14.14464 -100.62294
 14.11117 -100.55303
 14.11090 -100.55072
 14.11074 -100.54895
44 41 17.6775 18.8319 -100.542 -99.3103 'Phrae (Thailand)'
 18.48805 -100.41304
 18.48694 -100.42360
 18.49352 -100.43594
 18.49500 -100.44414
 18.49500 -100.48082
 18.49333 -100.48943
 18.47410 -100.53262
 18.45898 -100.54020
 18.45083 -100.54221
 18.43386 -100.54214
 18.41390 -100.54131
 18.01710 -100.41612
 17.95234 -100.36326
 17.92738 -100.31417
 17.86068 -100.14337
 17.84064 -100.08496
 17.67991 -99.38893
 17.67754 -99.37518
 17.68111 -99.35220
 17.72277 -99.32072
 17.73786 -99.31069
 17.76333 -99.31026
 17.77000 -99.31248
 18.03371 -99.62905
 18.14415 -99.76062
 18.29305 -99.91443
 18.40137 -99.99816
 18.56853 -100.11973
 18.60472 -100.12720
 18.81229 -100.11936
 18.81815 -100.12942
 18.82429 -100.14531
 18.83190 -100.16543
 18.81975 -100.29897
 18.81485 -100.35251
 18.79324 -100.34686
 18.66305 -100.36581
 18.56228 -100.38723
 18.50776 -100.40129
 18.49462 -100.40645
 18.48805 -100.41304
45 19 13.7188 14.4648 -102.147 -101.139 'Prachin Buri (Thailand)'
 13.73634 -101.90317
 13.71879 -101.84897
 13.71937 -101.82671
 13.85136 -101.14941
 13.85256 -101.14809
 13.87067 -101.14481
 13.88749 -101.14260
 14.00087 -101.13909
 14.42754 -101.40821
 14.45097 -101.44642
 14.46478 -101.48211
 14.43935 -101.59694
 14.43562 -101.60893
 14.27230 -101.93606
 14.13791 -102.14714
 14.08937 -102.12607
 13.76450 -101.93569
 13.74046 -101.91094
 13.73634 -101.90317
46 32 10.9536 12.6365 -100.019 -99.1458 'Prachuap Khiri Khan (Thailand)'
 10.99726 -99.49961
 10.95361 -99.40416
 10.96083 -99.27403
 10.96848 -99.25145
 10.98278 -99.21319
 11.00296 -99.17100
 11.01570 -99.15339
 11.02962 -99.14577
 11.23472 -99.27383
 11.62045 -99.52464
 12.14230 -99.50117
 12.57977 -99.55779
 12.63646 -99.95547
 12.38516 -99.99937
 12.37670 -100.00045
 12.18957 -100.01906
 12.16836 -100.00461
 12.08116 -99.94231
 11.90938 -99.81873
 11.51829 -99.63858
 11.33795 -99.56089
 11.33574 -99.55995
 11.15541 -99.49219
 11.14485 -99.48856
 11.13706 -99.48682
 11.12761 -99.48601
 11.11708 -99.48602
 11.08968 -99.49073
 11.08622 -99.49219
 11.04187 -99.50154
 11.01542 -99.50091
 10.99726 -99.49961
47 19 13.1452 13.8016 -100.085 -99.1653 'Ratchaburi (Thailand)'
 13.20381 -99.62724
 13.14523 -99.27342
 13.20353 -99.22500
 13.22771 -99.20729
 13.29157 -99.18700
 13.61652 -99.16526
 13.72467 -99.16702
 13.73540 -99.17820
 13.77441 -99.25019
 13.77750 -99.26372
 13.80162 -99.59512
 13.77861 -99.95526
 13.68212 -100.08496
 13.61532 -100.04156
 13.38208 -99.86417
 13.33860 -99.82832
 13.21990 -99.66313
 13.21561 -99.65563
 13.20381 -99.62724
48 23 12.626 13.1602 -101.828 -101.062 'Rayong (Thailand)'
 13.16016 -101.65736
 12.89855 -101.81990
 12.89134 -101.82227
 12.83298 -101.82826
 12.80963 -101.82712
 12.77392 -101.81761
 12.72198 -101.79838
 12.70102 -101.79001
 12.69860 -101.78896
 12.69354 -101.78320
 12.69291 -101.78161
 12.62601 -101.43712
 12.67105 -101.06153
 12.83546 -101.06342
 13.00944 -101.07083
 13.01416 -101.07371
 13.04841 -101.10384
 13.08575 -101.18022
 13.08781 -101.18736
 13.06412 -101.29387
 13.04430 -101.36527
 13.12592 -101.58307
 13.16016 -101.65736
49 34 15.4266 16.4749 -104.328 -103.297 'Roi Et (Thailand)'
 15.87838 -104.02472
 15.82726 -104.07014
 15.83615 -104.07054
 15.83859 -104.07241
 15.83924 -104.07442
 15.83847 -104.07776
 15.79984 -104.13343
 15.79585 -104.13584
 15.78529 -104.13918
 15.60956 -104.18718
 15.48853 -104.02774
 15.45155 -103.89993
 15.42661 -103.52917
 15.44708 -103.42444
 15.56316 -103.31533
 15.60389 -103.29678
 15.70393 -103.33278
 16.20333 -103.55122
 16.38376 -103.70596
 16.45070 -103.79847
 16.46437 -103.81738
 16.46611 -103.83888
 16.47486 -104.29028
 16.46288 -104.30558
 16.44937 -104.31242
 16.42400 -104.31994
 16.35062 -104.32759
 16.26719 -104.32048
 16.25444 -104.28346
 16.24998 -104.27524
 16.11347 -104.13282
 16.06236 -104.09785
 15.94014 -104.03608
 15.87838 -104.02472
50 17 13.1875 14.1797 -102.941 -101.863 'Sa Kaeo (Thailand)'
 14.15048 -102.94103
 14.14824 -102.93997
 14.06018 -102.89625
 13.77308 -102.71790
 13.20194 -102.27026
 13.18746 -102.07384
 13.21578 -102.03461
 13.40608 -101.97763
 13.89015 -101.86291
 14.08035 -102.05793
 14.13985 -102.16301
 14.16078 -102.35588
 14.15048 -102.58528
 14.17974 -102.93569
 14.16927 -102.93994
 14.15400 -102.94121
 14.15048 -102.94103
51 34 16.7837 18.0559 -104.441 -103.264 'Sakon Nakhon (Thailand)'
 17.77481 -103.95769
 17.77081 -103.97999
 17.78717 -103.99810
 17.81034 -104.01176
 17.69588 -104.07825
 17.42100 -104.35422
 17.40925 -104.41427
 17.33565 -104.43001
 17.25798 -104.44096
 17.24339 -104.43877
 17.00941 -104.37150
 16.92688 -104.29772
 16.89470 -104.24050
 16.87818 -104.20820
 16.82754 -104.08555
 16.78374 -103.95303
 16.80179 -103.90398
 16.81080 -103.88546
 17.27205 -103.28108
 17.29094 -103.26772
 17.31501 -103.26426
 17.44389 -103.27957
 17.45427 -103.28105
 17.50053 -103.29293
 17.83712 -103.38033
 17.93419 -103.41306
 18.05586 -103.49334
 18.01955 -103.60819
 18.01479 -103.60928
 17.98891 -103.62146
 17.97372 -103.62904
 17.94951 -103.66140
 17.85798 -103.81092
 17.77481 -103.95769
52 21 13.4805 13.7132 -100.968 -100.536 'Samut Prakan (Thailand)'
 13.48846 -100.87135
 13.48053 -100.84195
 13.48140 -100.83328
 13.50617 -100.68181
 13.51786 -100.63940
 13.52016 -100.63242
 13.52068 -100.63131
 13.52466 -100.62440
 13.55375 -100.58372
 13.55845 -100.57923
 13.63439 -100.53919
 13.64168 -100.53658
 13.64774 -100.53601
 13.65845 -100.53727
 13.71319 -100.74394
 13.71124 -100.79127
 13.69909 -100.85533
 13.65781 -100.96828
 13.64150 -100.96334
 13.63180 -100.95901
 13.48846 -100.87135
53 26 14.2209 14.8474 -101.242 -100.577 'Saraburi (Thailand)'
 14.34889 -101.17646
 14.22094 -100.91400
 14.24335 -100.82321
 14.55635 -100.60269
 14.58609 -100.58394
 14.60067 -100.57663
 14.62374 -100.58036
 14.69520 -100.61333
 14.70541 -100.62021
 14.84410 -100.78464
 14.84738 -101.09886
 14.84738 -101.11424
 14.84699 -101.12323
 14.84390 -101.13003
 14.77892 -101.19337
 14.77535 -101.19417
 14.76192 -101.19707
 14.75613 -101.19697
 14.47226 -101.24220
 14.44032 -101.23191
 14.43237 -101.22890
 14.39085 -101.20867
 14.37462 -101.20050
 14.35708 -101.18728
 14.35333 -101.18414
 14.34889 -101.17646
54 42 6.42275 7.14959 -100.188 -99.6701 'Satun (Thailand)'
 6.51801 -100.06679
 6.52277 -100.06882
 6.52363 -100.06909
 6.52701 -100.06941
 6.52874 -100.06944
 6.53183 -100.06836
 6.53470 -100.06558
 6.53680 -100.06230
 6.53853 -100.05536
 6.51801 -100.06679
 6.51783 -100.06672
 6.51542 -100.06404
 6.51542 -100.06376
 6.51593 -100.06040
 6.52038 -100.05034
 6.52473 -100.04456
 6.53911 -100.02784
 6.54457 -100.02178
 6.85648 -99.69714
 6.89840 -99.68091
 7.00096 -99.67014
 7.03975 -99.67011
 7.04869 -99.67367
 7.05421 -99.67665
 7.10254 -99.71370
 7.12532 -99.74896
 7.14959 -99.81007
 7.14638 -99.81742
 7.14154 -99.81980
 7.10421 -99.94339
 7.02020 -100.06211
 6.92525 -100.15161
 6.83223 -100.18825
 6.57034 -100.16469
 6.49942 -100.15592
 6.47638 -100.15151
 6.43151 -100.13441
 6.42919 -100.13286
 6.42617 -100.12904
 6.42275 -100.12295
 6.42284 -100.11982
 6.51801 -100.06679
55 12 14.7264 15.0965 -100.49 -100.182 'Sing Buri (Thailand)'
 14.74696 -100.48986
 14.72643 -100.46958
 14.72829 -100.43493
 14.72845 -100.43293
 14.72889 -100.42776
 14.79494 -100.23699
 14.90767 -100.18589
 14.92561 -100.18189
 14.93505 -100.18216
 15.09652 -100.35856
 15.06481 -100.43318
 14.74696 -100.48986
56 18 6.36597 7.9431 -101.103 -100.016 'Songkhla (Thailand)'
 6.60950 -101.10271
 6.36597 -100.92779
 6.52227 -100.41271
 6.54408 -100.36605
 6.54513 -100.36404
 6.54716 -100.36017
 6.69720 -100.21741
 6.71110 -100.20773
 6.72532 -100.19860
 7.09289 -100.01616
 7.12352 -100.04731
 7.13350 -100.06125
 7.30885 -100.37945
 7.13696 -100.53131
 6.85997 -100.99237
 6.64748 -101.09688
 6.63203 -101.10012
 6.60950 -101.10271
57 22 6.36597 7.9431 -101.103 -100.016 'Songkhla (Thailand)'
 7.27580 -100.53285
 7.26510 -100.54033
 7.38281 -100.40456
 7.80973 -100.12835
 7.85995 -100.13809
 7.87411 -100.14557
 7.93269 -100.27554
 7.93977 -100.31030
 7.94310 -100.33398
 7.91016 -100.34095
 7.83137 -100.35663
 7.58062 -100.41718
 7.55859 -100.42274
 7.49420 -100.43979
 7.45781 -100.45074
 7.38897 -100.47493
 7.38854 -100.47509
 7.35806 -100.48824
 7.33188 -100.50054
 7.30816 -100.51288
 7.28209 -100.52860
 7.27580 -100.53285
58 27 16.7303 17.8165 -100.123 -99.2675 'Sukhothai (Thailand)'
 16.73690 -99.85481
 16.73027 -99.70470
 16.73537 -99.68312
 16.86500 -99.37498
 16.87294 -99.36218
 16.88311 -99.34710
 16.93332 -99.27647
 16.93448 -99.27553
 16.96877 -99.26745
 17.05194 -99.27721
 17.06741 -99.28000
 17.26051 -99.31720
 17.72888 -99.47331
 17.76502 -99.49360
 17.78922 -99.52193
 17.80194 -99.54082
 17.80885 -99.55566
 17.81652 -99.59432
 17.80583 -99.89564
 17.75605 -99.92032
 17.61708 -99.97124
 17.43335 -100.03636
 16.95735 -100.12326
 16.95052 -100.12166
 16.89836 -100.09235
 16.76702 -99.90556
 16.73690 -99.85481
59 36 14.0634 15.0838 -100.266 -99.2796 'Suphan Buri (Thailand)'
 14.80957 -100.20461
 14.42430 -100.26374
 14.37733 -100.26571
 14.35962 -100.26400
 14.22674 -100.24914
 14.21659 -100.24771
 14.20172 -100.23506
 14.16918 -100.19816
 14.15239 -100.15790
 14.06741 -99.87605
 14.06340 -99.85999
 14.06435 -99.84661
 14.07225 -99.81237
 14.09919 -99.77331
 14.15069 -99.76270
 14.16333 -99.76315
 14.17202 -99.76394
 14.52290 -99.84723
 14.73739 -99.53715
 14.70442 -99.50722
 14.69731 -99.49817
 14.69554 -99.48165
 14.69544 -99.45496
 14.78056 -99.35574
 14.82721 -99.30384
 14.86386 -99.27960
 15.00447 -99.29298
 15.04932 -99.29909
 15.05781 -99.30325
 15.07504 -99.31694
 15.08118 -99.32330
 15.08378 -99.33381
 14.99285 -99.64244
 14.96111 -99.72581
 14.91903 -100.04313
 14.80957 -100.20461
60 35 8.3201 9.79325 -99.778 -98.4449 'Surat Thani (Thailand)'
 9.22038 -99.26257
 9.18299 -99.36688
 9.20393 -99.43147
 9.22810 -99.49604
 9.27030 -99.57900
 9.32564 -99.69229
 9.32486 -99.74271
 9.32242 -99.77021
 9.31190 -99.77262
 9.05091 -99.77799
 8.93510 -99.69931
 8.57850 -99.42548
 8.36506 -99.24185
 8.33210 -99.14381
 8.32010 -98.98951
 8.32244 -98.90837
 8.32804 -98.89659
 8.33613 -98.88954
 8.41960 -98.87829
 8.43145 -98.87855
 8.54814 -98.90525
 8.68677 -98.75494
 8.78190 -98.60245
 8.90045 -98.44746
 8.94424 -98.44492
 9.31152 -98.50348
 9.33031 -98.51300
 9.68876 -98.78843
 9.73020 -98.88973
 9.78978 -99.10113
 9.79325 -99.14063
 9.25747 -99.22271
 9.23791 -99.23759
 9.23573 -99.24021
 9.22038 -99.26257
61 36 14.327 15.4673 -104.078 -103.211 'Surin (Thailand)'
 15.45155 -103.89993
 15.40723 -104.03114
 15.40330 -104.04157
 15.39551 -104.05209
 15.35765 -104.07759
 14.35944 -104.05609
 14.34162 -104.01934
 14.33304 -103.93730
 14.33270 -103.93040
 14.32701 -103.22705
 14.34437 -103.22310
 14.38196 -103.21805
 14.57624 -103.21085
 14.59208 -103.21099
 14.77050 -103.27203
 14.81828 -103.31696
 14.83232 -103.33627
 14.91922 -103.41860
 14.92682 -103.42253
 14.93325 -103.42473
 15.29194 -103.50587
 15.30842 -103.50400
 15.31305 -103.50253
 15.31447 -103.50120
 15.33713 -103.47010
 15.33906 -103.46472
 15.34460 -103.44660
 15.34447 -103.35411
 15.33327 -103.32645
 15.32915 -103.32031
 15.44759 -103.23093
 15.44708 -103.42444
 15.45519 -103.45249
 15.46703 -103.59329
 15.46729 -103.61239
 15.45155 -103.89993
62 45 7.05709 8.01801 -100.038 -99.2393 'Trang (Thailand)'
 7.63156 -99.27886
 7.63964 -99.28527
 7.63234 -99.27941
 7.63156 -99.27886
 7.62182 -99.27113
 7.62169 -99.27087
 7.61800 -99.25924
 7.62011 -99.25178
 7.62033 -99.25137
 7.62757 -99.23933
 7.84518 -99.27919
 7.86359 -99.28482
 7.90906 -99.33354
 7.89825 -99.37624
 7.88763 -99.38794
 7.88054 -99.47437
 7.88368 -99.53444
 7.95732 -99.59569
 8.01801 -99.62494
 7.98772 -99.67827
 7.94588 -99.73109
 7.75309 -99.78278
 7.64338 -99.79783
 7.57476 -99.80981
 7.20817 -99.94282
 7.16954 -99.95874
 7.14669 -99.97431
 7.11869 -99.99378
 7.10356 -100.01032
 7.08972 -100.02136
 7.07653 -100.03141
 7.06354 -100.03818
 7.05947 -100.02642
 7.05709 -100.00599
 7.06712 -99.86852
 7.06944 -99.84640
 7.11564 -99.66593
 7.14969 -99.60007
 7.30598 -99.40238
 7.37826 -99.33838
 7.37933 -99.33781
 7.60042 -99.27809
 7.62866 -99.27691
 7.62905 -99.27706
 7.63156 -99.27886
63 27 12.0835 12.7548 -102.786 -102.304 'Trat (Thailand)'
 12.22675 -102.55118
 12.23281 -102.54890
 12.24325 -102.54056
 12.22675 -102.55118
 12.22223 -102.55288
 12.16627 -102.56813
 12.12197 -102.56215
 12.08352 -102.55068
 12.18280 -102.32719
 12.29079 -102.30403
 12.52896 -102.31265
 12.55676 -102.31430
 12.67857 -102.38950
 12.68929 -102.39786
 12.72998 -102.43498
 12.73685 -102.44185
 12.75478 -102.50009
 12.75360 -102.50697
 12.74105 -102.49926
 12.60183 -102.64617
 12.45558 -102.76384
 12.43017 -102.78107
 12.41541 -102.78582
 12.40099 -102.78406
 12.14642 -102.71113
 12.19752 -102.57000
 12.22675 -102.55118
64 43 16.8309 18.0834 -103.61 -102.022 'Udon Thani (Thailand)'
 17.90514 -102.37839
 17.69357 -102.60086
 17.81652 -102.83728
 17.88707 -102.86973
 17.89222 -102.87487
 17.89994 -102.88520
 17.88411 -103.24079
 17.87446 -103.40563
 17.83712 -103.38033
 17.50053 -103.29293
 17.45427 -103.28105
 17.44389 -103.27957
 17.31501 -103.26426
 17.29094 -103.26772
 17.27205 -103.28108
 17.16571 -103.55859
 17.09599 -103.61043
 16.90366 -103.48631
 16.86401 -103.41341
 16.83093 -102.93627
 16.87058 -102.82740
 16.87506 -102.81827
 17.01645 -102.62415
 17.04254 -102.59682
 17.07198 -102.57684
 17.20734 -102.49327
 17.23257 -102.48083
 17.31171 -102.45732
 17.46826 -102.44725
 17.53967 -102.42281
 17.61108 -102.37247
 17.65503 -102.33939
 17.70721 -102.27468
 17.73193 -102.21859
 17.74567 -102.17283
 17.74750 -102.13691
 17.74769 -102.13286
 17.75322 -102.02246
 17.98732 -102.03242
 18.08341 -102.06150
 18.02194 -102.20416
 17.98475 -102.28316
 17.90514 -102.37839
65 25 14.9402 15.7843 -100.055 -98.9812 'Uthai Thani (Thailand)'
 14.94235 -99.63154
 14.94019 -99.62359
 15.01286 -99.09539
 15.01957 -99.06595
 15.05672 -99.01897
 15.06343 -99.01259
 15.06987 -99.00921
 15.10148 -98.99988
 15.18259 -98.98119
 15.21533 -98.98502
 15.77409 -99.12658
 15.78431 -99.13220
 15.78100 -99.18431
 15.68848 -99.73203
 15.68788 -99.73408
 15.68693 -99.73605
 15.63515 -99.83580
 15.49150 -99.99336
 15.44266 -100.04581
 15.42395 -100.05462
 15.29872 -100.02861
 15.05663 -99.79298
 15.03969 -99.77598
 14.98874 -99.72168
 14.94235 -99.63154
66 28 17.1625 18.4033 -101.193 -99.8952 'Uttaradit (Thailand)'
 17.16573 -100.03427
 17.16252 -99.97677
 17.17242 -99.95400
 17.18010 -99.94728
 17.80683 -99.89516
 17.80879 -99.89645
 17.81176 -99.90267
 17.82193 -99.92552
 17.95853 -100.25109
 17.99884 -100.38255
 18.04416 -100.61360
 18.40333 -101.09091
 18.40021 -101.13112
 18.38785 -101.16621
 18.38305 -101.17254
 18.33481 -101.19262
 18.07972 -101.18503
 17.95698 -101.12922
 17.78120 -101.01788
 17.77382 -101.01158
 17.76884 -101.00310
 17.76408 -100.99151
 17.73065 -100.96090
 17.52540 -100.71403
 17.41777 -100.57971
 17.19007 -100.19475
 17.18722 -100.18414
 17.16573 -100.03427
67 25 5.62826 6.61365 -101.589 -100.885 'Yala (Thailand)'
 5.64938 -101.20055
 5.62826 -101.14915
 5.64062 -101.12811
 5.73675 -101.03857
 5.78533 -100.99578
 5.80816 -100.98991
 6.29963 -100.88470
 6.41730 -100.91971
 6.42379 -100.92209
 6.43300 -100.92660
 6.44409 -100.93283
 6.58472 -101.07452
 6.60950 -101.10271
 6.61284 -101.14427
 6.61365 -101.29227
 6.57635 -101.52198
 6.56379 -101.58872
 6.44664 -101.53010
 6.07956 -101.47026
 6.06941 -101.47551
 5.95129 -101.49154
 5.92368 -101.49173
 5.88490 -101.48922
 5.87305 -101.48145
 5.64938 -101.20055
68 29 15.543 16.2776 -105.325 -104.426 'Amnat Charoen (Thailand)'
 15.57631 -104.97431
 15.54297 -104.54865
 15.54308 -104.54453
 15.54362 -104.54330
 15.56196 -104.51413
 15.60069 -104.46723
 15.62258 -104.44261
 15.71571 -104.42567
 15.75165 -104.42645
 15.86816 -104.44869
 15.88157 -104.45270
 15.89552 -104.45705
 16.09898 -104.55524
 16.25155 -104.91248
 16.26120 -104.93601
 16.27762 -104.98068
 16.27710 -104.98161
 16.27041 -104.99055
 16.24329 -105.01611
 16.23814 -105.01933
 16.20861 -105.01182
 16.19110 -105.01182
 16.10647 -105.04437
 16.10184 -105.05026
 16.08673 -105.08314
 16.05137 -105.21017
 16.03197 -105.31538
 16.03158 -105.32488
 15.57631 -104.97431
69 29 16.1888 17.0225 -104.981 -104.072 'Mukdahan (Thailand)'
 16.18972 -104.82193
 16.18878 -104.80709
 16.21128 -104.63373
 16.21457 -104.62437
 16.35004 -104.40685
 16.52391 -104.23514
 16.60532 -104.17341
 16.82611 -104.07249
 16.88740 -104.12007
 17.02216 -104.39317
 17.02254 -104.39789
 17.00718 -104.41481
 16.95637 -104.46541
 16.82144 -104.64372
 16.77677 -104.74589
 16.56047 -104.73664
 16.54412 -104.73798
 16.53236 -104.74106
 16.51571 -104.75180
 16.50181 -104.76434
 16.48773 -104.78457
 16.47434 -104.80713
 16.46061 -104.83794
 16.45391 -104.84420
 16.27762 -104.98068
 16.27613 -104.97933
 16.27434 -104.97766
 16.20481 -104.88110
 16.18972 -104.82193
70 29 16.7493 18.0695 -104.806 -104.013 'Nakhon Phanom (Thailand)'
 16.75415 -104.56978
 16.74934 -104.53776
 16.76788 -104.51666
 16.80908 -104.49010
 17.59390 -104.05212
 17.82978 -104.01311
 18.06949 -104.14478
 17.99114 -104.21664
 17.98307 -104.22187
 17.92969 -104.24542
 17.88830 -104.26194
 17.84472 -104.29314
 17.64559 -104.47524
 17.61005 -104.54119
 17.56456 -104.62997
 17.52920 -104.69533
 17.52130 -104.70595
 17.50568 -104.72143
 17.42071 -104.78119
 17.39462 -104.79612
 17.35582 -104.80261
 17.32801 -104.80513
 17.30398 -104.80567
 17.22656 -104.80474
 17.18691 -104.79993
 17.15464 -104.79399
 16.90933 -104.73597
 16.82076 -104.67746
 16.75415 -104.56978
71 25 14.3523 15.5722 -104.887 -103.981 'Si sa ket (Thailand)'
 14.35862 -104.57012
 14.35226 -104.46503
 14.37098 -104.10368
 14.47911 -104.05770
 14.75873 -104.00457
 15.40472 -103.98133
 15.43639 -103.98847
 15.44952 -103.99809
 15.48853 -104.02774
 15.57222 -104.11764
 15.55570 -104.13011
 15.48302 -104.17606
 15.37750 -104.24249
 15.29765 -104.39054
 15.28749 -104.41875
 15.24688 -104.56428
 15.09792 -104.67040
 14.91999 -104.76285
 14.65447 -104.88676
 14.50470 -104.86360
 14.47588 -104.85684
 14.45850 -104.84354
 14.43166 -104.81497
 14.40462 -104.72802
 14.35862 -104.57012
72 64 14.2112 16.0316 -105.636 -104.382 'Ubon Ratchathani (Thailand)'
 15.99472 -105.42541
 15.99056 -105.42425
 15.99249 -105.39255
 15.99196 -105.38805
 15.99112 -105.38416
 15.98952 -105.38041
 15.98906 -105.37934
 15.98202 -105.37434
 15.94631 -105.35166
 15.92314 -105.34041
 15.91902 -105.33934
 15.91558 -105.33934
 15.90202 -105.34273
 15.80898 -105.39022
 15.80315 -105.39379
 15.75697 -105.43216
 15.75439 -105.43626
 15.74547 -105.46213
 15.74610 -105.46875
 15.74615 -105.46908
 15.75869 -105.51439
 15.72573 -105.59447
 15.72195 -105.59857
 15.71886 -105.60143
 15.67389 -105.62978
 15.66324 -105.63352
 15.65536 -105.63534
 15.65105 -105.63602
 15.63148 -105.63602
 14.97643 -105.62408
 14.58521 -105.54196
 14.55912 -105.53434
 14.55534 -105.53310
 14.51397 -105.50349
 14.43260 -105.44445
 14.23193 -105.13538
 14.21442 -105.10669
 14.21116 -105.08508
 14.21425 -105.05514
 14.21648 -105.04806
 14.23639 -105.02610
 14.41097 -104.85902
 14.45850 -104.84354
 14.95836 -104.68290
 15.09792 -104.67040
 15.24688 -104.56428
 15.25409 -104.52411
 15.26731 -104.46869
 15.28749 -104.41875
 15.41566 -104.38772
 15.46223 -104.38224
 15.51544 -104.38292
 15.66060 -104.66075
 15.65799 -104.69434
 15.82630 -105.09185
 16.03158 -105.32488
 16.03060 -105.34772
 16.01686 -105.40327
 16.01309 -105.41559
 16.01120 -105.41881
 16.00674 -105.42238
 16.00416 -105.42363
 15.99987 -105.42488
 15.99472 -105.42541
73 25 15.2875 16.35 -104.763 -104.025 'Yasothon (Thailand)'
 15.34382 -104.44702
 15.28749 -104.41875
 15.28980 -104.40165
 15.37750 -104.24249
 15.51334 -104.13760
 15.57222 -104.11764
 15.87838 -104.02472
 15.94014 -104.03608
 16.06236 -104.09785
 16.11347 -104.13282
 16.33005 -104.35553
 16.33864 -104.36459
 16.34386 -104.37284
 16.34724 -104.39095
 16.35004 -104.40685
 16.34338 -104.49902
 16.19931 -104.76316
 16.09898 -104.55524
 15.89552 -104.45705
 15.88157 -104.45270
 15.86816 -104.44869
 15.75165 -104.42645
 15.51716 -104.41428
 15.37163 -104.43460
 15.34382 -104.44702
