0 168 8.14992 8.98892 -81.4167 -80.753 'Trikuṇāmalaya (Sri Lanka)'
 8.98892 -80.92292
 8.97321 -80.92319
 8.96491 -80.93507
 8.96483 -80.93499
 8.95502 -80.92433
 8.94392 -80.91489
 8.94387 -80.91497
 8.93163 -80.93067
 8.93293 -80.94760
 8.94575 -80.96144
 8.96357 -80.97169
 8.98005 -80.97836
 8.97997 -80.97853
 8.93671 -81.01466
 8.88215 -81.04672
 8.86864 -81.05983
 8.86335 -81.07814
 8.85163 -81.09278
 8.79999 -81.11427
 8.79434 -81.11972
 8.78828 -81.12550
 8.78823 -81.12558
 8.77717 -81.15016
 8.75117 -81.16245
 8.69888 -81.17652
 8.70848 -81.17905
 8.71223 -81.18230
 8.71100 -81.18775
 8.71096 -81.18784
 8.70572 -81.19752
 8.69611 -81.19459
 8.66600 -81.22242
 8.65107 -81.23170
 8.63304 -81.23162
 8.62580 -81.22429
 8.62104 -81.21388
 8.61009 -81.20436
 8.61017 -81.20452
 8.61201 -81.21176
 8.61392 -81.21925
 8.61494 -81.22112
 8.61693 -81.22486
 8.61685 -81.22495
 8.57014 -81.24659
 8.54580 -81.24977
 8.54182 -81.22495
 8.54182 -81.22486
 8.55793 -81.22999
 8.57087 -81.22332
 8.57270 -81.21225
 8.55549 -81.20436
 8.54214 -81.20704
 8.53266 -81.21412
 8.52253 -81.21803
 8.50711 -81.21062
 8.51154 -81.20476
 8.51996 -81.19386
 8.53059 -81.17652
 8.53457 -81.15903
 8.52757 -81.14234
 8.51032 -81.12941
 8.50129 -81.13396
 8.50365 -81.14942
 8.52070 -81.17026
 8.50560 -81.18458
 8.48749 -81.19752
 8.47240 -81.21315
 8.46613 -81.23512
 8.46703 -81.28110
 8.47679 -81.29664
 8.50023 -81.28639
 8.51215 -81.31267
 8.51533 -81.32309
 8.51455 -81.33416
 8.51447 -81.33424
 8.50755 -81.34636
 8.49584 -81.35743
 8.48216 -81.36573
 8.44212 -81.37281
 8.39061 -81.38844
 8.37718 -81.38893
 8.36371 -81.38941
 8.37254 -81.37672
 8.39907 -81.36345
 8.40469 -81.35182
 8.39745 -81.35141
 8.36498 -81.35621
 8.36249 -81.35662
 8.35004 -81.36207
 8.34691 -81.36874
 8.34406 -81.37485
 8.34406 -81.37501
 8.34406 -81.38852
 8.33926 -81.39926
 8.30101 -81.40561
 8.27448 -81.41326
 8.27009 -81.41456
 8.25385 -81.41668
 8.26329 -81.32695
 8.25743 -81.31031
 8.25733 -81.29481
 8.25735 -81.28231
 8.24764 -81.27321
 8.23570 -81.26660
 8.23009 -81.25905
 8.22412 -81.25213
 8.19798 -81.24582
 8.18842 -81.24076
 8.15557 -81.22660
 8.14992 -81.20148
 8.15154 -81.19663
 8.15433 -81.19270
 8.16157 -81.20427
 8.17402 -81.20965
 8.19301 -81.20613
 8.20591 -81.20655
 8.21862 -81.20500
 8.22862 -81.19787
 8.22766 -81.18526
 8.23666 -81.16758
 8.24898 -81.15146
 8.25833 -81.13482
 8.25836 -81.11694
 8.27673 -81.04118
 8.27262 -80.99901
 8.28508 -80.98651
 8.30590 -80.98238
 8.31784 -80.96708
 8.32404 -80.95085
 8.34120 -80.93917
 8.33686 -80.92419
 8.41367 -80.94589
 8.42626 -80.94817
 8.43832 -80.95230
 8.45036 -80.96460
 8.45951 -80.97886
 8.47426 -80.98713
 8.48964 -80.98041
 8.49850 -80.96884
 8.50979 -80.95984
 8.54299 -80.94579
 8.58203 -80.91933
 8.60588 -80.91520
 8.61617 -80.90455
 8.62573 -80.89608
 8.64614 -80.89525
 8.68205 -80.91075
 8.70291 -80.90310
 8.74311 -80.88460
 8.78608 -80.88398
 8.81086 -80.90093
 8.83680 -80.91261
 8.84396 -80.90310
 8.85471 -80.89504
 8.87145 -80.87964
 8.90158 -80.83613
 8.91589 -80.81060
 8.91654 -80.78125
 8.90509 -80.75304
 8.92258 -80.75748
 8.93682 -80.76575
 8.95496 -80.80502
 8.96090 -80.85132
 8.96638 -80.87044
 8.97656 -80.88781
 8.98198 -80.90703
 8.98888 -80.92284
 8.98892 -80.92292
1 149 8.93682 9.45475 -80.9583 -80.175 'Mulativ (Sri Lanka)'
 9.45475 -80.62598
 9.35969 -80.74440
 9.35790 -80.74545
 9.34626 -80.75245
 9.33242 -80.76368
 9.31240 -80.78517
 9.29487 -80.79884
 9.28856 -80.78671
 9.28852 -80.78663
 9.29157 -80.77980
 9.29194 -80.77898
 9.29198 -80.77882
 9.30541 -80.76832
 9.30834 -80.76254
 9.30842 -80.76246
 9.31135 -80.74440
 9.30899 -80.73650
 9.30101 -80.74041
 9.29849 -80.74171
 9.25056 -80.79363
 9.23953 -80.81389
 9.23949 -80.81398
 9.25190 -80.80592
 9.26325 -80.80104
 9.27163 -80.80356
 9.27485 -80.81739
 9.27049 -80.82390
 9.23949 -80.83448
 9.22040 -80.84417
 9.14517 -80.88217
 9.14798 -80.87452
 9.15575 -80.85336
 9.15599 -80.84010
 9.14175 -80.83448
 9.13813 -80.84230
 9.13548 -80.85857
 9.12645 -80.87306
 9.12523 -80.87322
 9.10358 -80.87534
 9.10358 -80.87550
 9.10358 -80.88217
 9.10932 -80.88551
 9.11180 -80.88852
 9.11343 -80.89194
 9.11660 -80.89649
 9.11652 -80.89649
 9.09667 -80.90162
 9.09418 -80.90219
 9.06216 -80.91635
 9.03343 -80.93531
 9.02098 -80.95460
 9.01980 -80.95607
 9.01789 -80.95834
 9.01089 -80.95826
 9.00385 -80.95362
 9.00056 -80.94435
 9.00349 -80.94166
 9.02098 -80.93067
 9.02725 -80.91871
 9.03425 -80.89129
 9.04149 -80.87534
 9.03140 -80.88266
 9.02578 -80.88673
 8.99225 -80.92286
 8.98892 -80.92292
 8.98888 -80.92284
 8.98198 -80.90703
 8.97656 -80.88781
 8.96638 -80.87044
 8.96090 -80.85132
 8.95496 -80.80502
 8.93682 -80.76575
 9.00454 -80.78414
 9.02059 -80.77205
 9.03991 -80.74022
 9.04467 -80.70870
 9.03475 -80.69402
 9.03103 -80.67841
 9.04462 -80.68007
 9.05870 -80.68968
 9.07888 -80.67810
 9.08180 -80.65123
 9.11389 -80.64762
 9.12567 -80.61661
 9.12479 -80.58405
 9.11988 -80.58178
 9.11479 -80.57992
 9.10937 -80.57041
 9.10459 -80.56049
 9.08942 -80.54333
 9.07859 -80.51873
 9.10133 -80.50333
 9.11709 -80.47832
 9.11611 -80.44391
 9.11727 -80.42458
 9.11557 -80.40660
 9.10100 -80.40401
 9.09056 -80.41176
 9.08821 -80.42644
 9.08007 -80.42747
 9.07113 -80.42737
 9.05405 -80.43099
 9.03715 -80.43223
 9.01035 -80.41435
 8.98793 -80.38644
 8.95904 -80.34004
 8.95026 -80.17498
 8.98617 -80.18769
 8.99297 -80.18315
 9.00191 -80.17839
 9.01348 -80.18180
 9.02485 -80.18707
 9.03583 -80.19038
 9.04580 -80.19483
 9.05327 -80.21684
 9.07371 -80.21829
 9.09722 -80.21601
 9.11167 -80.21973
 9.12696 -80.22056
 9.13433 -80.21942
 9.14141 -80.21746
 9.17053 -80.19896
 9.20316 -80.19286
 9.23721 -80.19173
 9.23401 -80.21808
 9.26171 -80.21550
 9.29530 -80.24154
 9.30424 -80.31833
 9.30463 -80.34572
 9.29977 -80.37270
 9.30220 -80.39915
 9.34542 -80.41631
 9.34594 -80.42975
 9.34362 -80.47533
 9.34517 -80.50065
 9.35421 -80.51749
 9.39953 -80.53134
 9.40095 -80.53620
 9.39155 -80.54375
 9.37509 -80.56338
 9.36271 -80.58622
 9.38537 -80.58354
 9.40824 -80.58643
 9.42477 -80.60782
 9.44139 -80.60999
 9.44619 -80.61476
 9.44966 -80.61992
 9.45469 -80.62591
 9.45475 -80.62598
2 36 9.44619 9.82958 -80.626 -79.6558 'Yāpanaya (Sri Lanka)'
 9.57690 -80.44174
 9.57591 -80.44402
 9.58332 -80.44402
 9.60151 -80.40773
 9.67276 -80.31983
 9.75507 -80.24781
 9.77456 -80.21119
 9.78799 -80.15382
 9.79873 -80.13868
 9.81391 -80.13673
 9.82294 -80.15773
 9.82408 -80.16456
 9.82754 -80.18539
 9.82958 -80.22682
 9.82587 -80.24676
 9.81623 -80.26059
 9.78351 -80.26979
 9.76984 -80.27898
 9.61750 -80.40992
 9.60346 -80.42921
 9.58137 -80.46827
 9.45475 -80.62598
 9.45469 -80.62591
 9.44966 -80.61992
 9.44619 -80.61476
 9.49242 -80.54672
 9.50316 -80.52329
 9.50764 -80.50245
 9.50906 -80.49936
 9.51048 -80.49635
 9.52407 -80.47828
 9.52806 -80.47145
 9.52912 -80.46461
 9.52871 -80.45639
 9.53869 -80.45445
 9.57690 -80.44174
3 64 9.44619 9.82958 -80.626 -79.6558 'Yāpanaya (Sri Lanka)'
 9.61559 -80.25603
 9.63788 -80.20460
 9.64850 -80.18605
 9.64867 -80.17359
 9.62434 -80.17595
 9.61717 -80.18287
 9.60908 -80.19361
 9.59919 -80.19996
 9.58641 -80.19361
 9.58413 -80.18605
 9.58804 -80.17872
 9.59357 -80.17205
 9.60346 -80.15284
 9.63573 -80.11549
 9.64484 -80.09400
 9.64476 -80.09409
 9.63288 -80.10499
 9.61603 -80.12469
 9.60383 -80.13559
 9.60847 -80.11134
 9.61835 -80.08741
 9.64484 -80.03932
 9.67471 -80.00099
 9.68268 -79.97820
 9.68407 -79.97592
 9.68960 -79.96730
 9.69282 -79.95924
 9.68574 -79.95802
 9.69318 -79.94703
 9.70283 -79.94288
 9.71434 -79.94093
 9.72736 -79.93702
 9.73847 -79.93043
 9.74352 -79.92652
 9.75678 -79.91627
 9.76830 -79.90968
 9.77904 -79.93133
 9.81513 -79.97071
 9.82294 -79.98845
 9.82294 -79.98854
 9.81611 -80.06666
 9.82062 -80.10743
 9.81892 -80.12233
 9.80557 -80.12818
 9.78461 -80.12721
 9.77733 -80.13014
 9.77456 -80.13868
 9.77338 -80.14698
 9.76728 -80.17091
 9.76459 -80.17595
 9.75580 -80.18043
 9.75617 -80.19117
 9.75873 -80.19964
 9.75971 -80.20289
 9.76040 -80.20777
 9.76089 -80.21119
 9.76085 -80.21127
 9.75637 -80.21900
 9.75446 -80.22234
 9.72427 -80.25034
 9.68081 -80.29067
 9.68073 -80.29063
 9.65215 -80.27710
 9.61559 -80.25603
4 15 9.44619 9.82958 -80.626 -79.6558 'Yāpanaya (Sri Lanka)'
 9.50019 -79.73080
 9.49262 -79.72283
 9.48505 -79.71469
 9.48359 -79.68946
 9.49128 -79.66603
 9.50389 -79.65577
 9.54487 -79.65577
 9.55537 -79.65870
 9.55402 -79.66529
 9.54560 -79.67213
 9.53498 -79.67628
 9.52961 -79.69353
 9.52806 -79.71412
 9.52436 -79.71925
 9.50019 -79.73080
5 38 9.44619 9.82958 -80.626 -79.6558 'Yāpanaya (Sri Lanka)'
 9.61750 -79.89584
 9.62861 -79.88038
 9.65152 -79.86492
 9.69941 -79.84067
 9.71654 -79.85174
 9.73847 -79.85426
 9.75625 -79.86052
 9.76089 -79.88233
 9.75743 -79.89389
 9.75739 -79.89405
 9.74897 -79.89503
 9.73721 -79.89112
 9.72362 -79.88844
 9.70991 -79.88885
 9.69896 -79.89031
 9.69831 -79.89039
 9.69611 -79.89129
 9.68818 -79.89470
 9.68301 -79.89926
 9.67894 -79.90284
 9.67788 -79.90707
 9.67894 -79.92644
 9.67597 -79.92970
 9.66096 -79.93116
 9.65473 -79.93360
 9.64761 -79.94500
 9.64106 -79.96046
 9.63378 -79.97340
 9.63150 -79.97446
 9.62434 -79.97788
 9.61725 -79.97096
 9.61717 -79.95777
 9.62153 -79.94361
 9.62775 -79.93360
 9.62946 -79.92652
 9.61896 -79.90854
 9.61750 -79.89593
 9.61750 -79.89584
6 22 9.20941 9.68081 -80.6148 -80.053 'Kilinŏchchi (Sri Lanka)'
 9.68081 -80.29067
 9.62922 -80.33855
 9.60985 -80.36964
 9.57690 -80.44174
 9.53869 -80.45445
 9.52871 -80.45639
 9.52806 -80.44402
 9.52509 -80.43621
 9.52338 -80.43507
 9.51976 -80.43287
 9.51777 -80.42897
 9.52749 -80.41570
 9.52839 -80.41041
 9.52753 -80.37794
 9.53022 -80.36866
 9.59125 -80.29754
 9.61083 -80.26702
 9.61083 -80.26694
 9.61559 -80.25603
 9.65215 -80.27710
 9.68073 -80.29063
 9.68081 -80.29067
7 76 9.20941 9.68081 -80.6148 -80.053 'Kilinŏchchi (Sri Lanka)'
 9.20946 -80.10979
 9.23383 -80.11598
 9.29194 -80.11598
 9.30044 -80.11817
 9.30618 -80.11622
 9.30842 -80.10450
 9.32266 -80.07691
 9.33259 -80.06617
 9.35139 -80.05942
 9.35480 -80.05828
 9.37824 -80.05348
 9.39155 -80.05299
 9.40404 -80.06495
 9.41498 -80.08709
 9.42276 -80.11166
 9.42573 -80.13185
 9.43032 -80.14088
 9.45921 -80.16285
 9.46109 -80.16538
 9.46402 -80.16920
 9.46833 -80.17652
 9.47167 -80.18556
 9.47346 -80.19703
 9.49087 -80.18751
 9.49852 -80.18181
 9.50617 -80.17604
 9.52058 -80.16131
 9.53498 -80.14186
 9.57803 -80.06788
 9.59638 -80.05299
 9.59536 -80.08522
 9.58324 -80.11573
 9.54857 -80.17595
 9.53425 -80.23341
 9.52464 -80.24855
 9.50414 -80.27223
 9.49327 -80.27809
 9.48713 -80.26588
 9.48029 -80.26857
 9.47346 -80.27215
 9.46670 -80.26588
 9.46666 -80.26596
 9.45270 -80.28688
 9.46467 -80.33627
 9.50019 -80.42661
 9.49787 -80.45094
 9.48330 -80.50424
 9.45523 -80.56715
 9.44619 -80.61459
 9.44619 -80.61476
 9.44139 -80.60999
 9.42477 -80.60782
 9.40824 -80.58643
 9.38537 -80.58354
 9.36271 -80.58622
 9.37509 -80.56338
 9.39155 -80.54375
 9.40095 -80.53620
 9.39953 -80.53134
 9.35421 -80.51749
 9.34517 -80.50065
 9.34362 -80.47533
 9.34594 -80.42975
 9.34542 -80.41631
 9.30220 -80.39915
 9.29977 -80.37270
 9.30463 -80.34572
 9.30424 -80.31833
 9.29530 -80.24154
 9.26171 -80.21550
 9.23401 -80.21808
 9.23721 -80.19173
 9.22303 -80.17261
 9.21241 -80.15152
 9.20941 -80.11710
 9.20946 -80.10979
8 77 8.52191 9.23721 -80.3978 -79.698 'Mannārama (Sri Lanka)'
 8.57201 -79.91278
 8.57600 -79.91651
 8.58092 -79.91814
 8.61152 -79.92807
 8.61282 -79.92945
 8.61351 -79.93019
 8.62246 -79.93238
 8.64248 -79.94166
 8.73981 -79.95053
 8.80191 -79.92644
 8.81269 -79.92840
 8.88349 -79.93019
 8.88443 -79.93019
 8.90811 -79.92774
 8.91975 -79.92482
 8.92853 -79.91961
 8.93854 -79.91554
 8.94351 -79.92482
 8.94599 -79.93824
 8.94868 -79.94711
 9.00056 -80.00514
 9.01533 -80.03541
 9.02627 -80.04802
 9.05060 -80.05470
 9.07563 -80.06666
 9.11042 -80.07350
 9.19286 -80.10564
 9.19741 -80.10678
 9.20946 -80.10979
 9.20941 -80.11710
 9.21241 -80.15152
 9.22303 -80.17261
 9.23721 -80.19173
 9.20316 -80.19286
 9.17053 -80.19896
 9.14141 -80.21746
 9.13433 -80.21942
 9.12696 -80.22056
 9.11167 -80.21973
 9.09722 -80.21601
 9.07371 -80.21829
 9.05327 -80.21684
 9.04580 -80.19483
 9.03583 -80.19038
 9.02485 -80.18707
 9.01348 -80.18180
 9.00191 -80.17839
 8.99297 -80.18315
 8.98617 -80.18769
 8.95026 -80.17498
 8.95904 -80.34004
 8.94643 -80.36712
 8.92181 -80.38262
 8.88349 -80.39781
 8.84858 -80.39275
 8.82894 -80.33900
 8.82194 -80.28268
 8.82595 -80.24650
 8.81060 -80.21849
 8.77706 -80.20361
 8.77450 -80.17777
 8.75970 -80.17405
 8.74665 -80.17385
 8.72877 -80.19751
 8.68035 -80.23534
 8.65505 -80.13809
 8.65521 -80.08899
 8.67319 -80.04445
 8.61459 -80.05241
 8.52191 -80.05034
 8.52302 -80.04073
 8.52708 -80.03246
 8.54196 -80.00579
 8.55273 -79.98016
 8.55545 -79.95060
 8.56542 -79.92425
 8.57201 -79.91278
9 29 8.52191 9.23721 -80.3978 -79.698 'Mannārama (Sri Lanka)'
 9.07563 -79.71412
 9.07998 -79.70297
 9.08959 -79.69801
 9.09919 -79.70118
 9.10358 -79.71412
 9.10358 -79.75880
 9.09854 -79.77858
 9.09333 -79.79900
 9.07722 -79.84164
 9.05378 -79.88233
 9.02098 -79.91651
 9.02102 -79.91643
 9.02440 -79.90008
 9.03856 -79.87127
 9.04149 -79.85434
 9.01219 -79.88030
 8.98908 -79.90073
 8.97321 -79.90968
 8.97622 -79.88575
 8.98819 -79.87013
 9.00121 -79.85939
 9.00739 -79.85133
 9.01260 -79.84099
 9.04898 -79.79982
 9.05801 -79.77939
 9.06704 -79.75896
 9.07107 -79.74399
 9.07323 -79.73601
 9.07563 -79.71412
10 181 7.27209 8.57201 -80.1532 -79.6968 'Puttalama (Sri Lanka)'
 7.27599 -79.82789
 7.58979 -79.78468
 7.60273 -79.77858
 7.60712 -79.78273
 7.60757 -79.78582
 7.60273 -79.79298
 7.62002 -79.79461
 7.64008 -79.79957
 7.64968 -79.80079
 7.65933 -79.80201
 7.67438 -79.79640
 7.68818 -79.78883
 7.69733 -79.78736
 7.70649 -79.78590
 7.74335 -79.78598
 7.85545 -79.76295
 7.86839 -79.76026
 7.89301 -79.74838
 7.94473 -79.73829
 7.98554 -79.72193
 8.09829 -79.69679
 8.13032 -79.69679
 8.12849 -79.70086
 8.12820 -79.70110
 8.12792 -79.70143
 8.12690 -79.70143
 8.12348 -79.70362
 8.14208 -79.70720
 8.20116 -79.70191
 8.21906 -79.69679
 8.22980 -79.71323
 8.24970 -79.72877
 8.27237 -79.74000
 8.29141 -79.74448
 8.30386 -79.74903
 8.35004 -79.77858
 8.34927 -79.77825
 8.31440 -79.76336
 8.28115 -79.74448
 8.27306 -79.74863
 8.27106 -79.74969
 8.26374 -79.75709
 8.25991 -79.76677
 8.26000 -79.77858
 8.23281 -79.76889
 8.21288 -79.75880
 8.20942 -79.75441
 8.20893 -79.74977
 8.20612 -79.74610
 8.19550 -79.74448
 8.17186 -79.74537
 8.16450 -79.74448
 8.11091 -79.72755
 8.10098 -79.72820
 8.08112 -79.72950
 8.06049 -79.74700
 8.05463 -79.75196
 8.01313 -79.73194
 7.99014 -79.76385
 7.98652 -79.81023
 8.00308 -79.83383
 8.02090 -79.82936
 8.03486 -79.82179
 8.04019 -79.81886
 8.04458 -79.81528
 8.05565 -79.80641
 8.06200 -79.79640
 8.07282 -79.79347
 8.13654 -79.82716
 8.14810 -79.82586
 8.15664 -79.82154
 8.16380 -79.81658
 8.17129 -79.81349
 8.18334 -79.81267
 8.20409 -79.81381
 8.21263 -79.81349
 8.21288 -79.81349
 8.21450 -79.81292
 8.22163 -79.81023
 8.22309 -79.80860
 8.22492 -79.80665
 8.22899 -79.80470
 8.24018 -79.80665
 8.24966 -79.81137
 8.26667 -79.82447
 8.27774 -79.82716
 8.29865 -79.82927
 8.34052 -79.83863
 8.43818 -79.84816
 8.44929 -79.85426
 8.45478 -79.86085
 8.46141 -79.86590
 8.47602 -79.86801
 8.51765 -79.86801
 8.53807 -79.87379
 8.55121 -79.88738
 8.56208 -79.90349
 8.57201 -79.91278
 8.56542 -79.92425
 8.55545 -79.95060
 8.55273 -79.98016
 8.54196 -80.00579
 8.52708 -80.03246
 8.48579 -80.03814
 8.44752 -80.01995
 8.42220 -79.98874
 8.41517 -79.98740
 8.40621 -79.98285
 8.39851 -79.96600
 8.37373 -79.95505
 8.34569 -79.96972
 8.24487 -79.99463
 8.22712 -80.00083
 8.22722 -80.02161
 8.23482 -80.03845
 8.22151 -80.05633
 8.22224 -80.07659
 8.21051 -80.09137
 8.19619 -80.10253
 8.17712 -80.10439
 8.15702 -80.10388
 8.11749 -80.11442
 8.09796 -80.11814
 8.07997 -80.12754
 8.07527 -80.14119
 8.06780 -80.15318
 8.05589 -80.15069
 8.04277 -80.14677
 8.01584 -80.14759
 7.99313 -80.14656
 7.98184 -80.13902
 7.97006 -80.13323
 7.94789 -80.14522
 7.93822 -80.13261
 7.94985 -80.11183
 7.94024 -80.10605
 7.92799 -80.10584
 7.92014 -80.09819
 7.91820 -80.09189
 7.92001 -80.09261
 7.92164 -80.09375
 7.91487 -80.07897
 7.90091 -80.07277
 7.89081 -80.07132
 7.88172 -80.06729
 7.87079 -80.04610
 7.86055 -80.04135
 7.84978 -80.03845
 7.84156 -80.02626
 7.83474 -80.01334
 7.82394 -80.00972
 7.81208 -80.00786
 7.78782 -79.99835
 7.76136 -79.99515
 7.75028 -80.00052
 7.73971 -80.00435
 7.73061 -79.99732
 7.72609 -79.98647
 7.72498 -79.97210
 7.72092 -79.95918
 7.70937 -79.95236
 7.69633 -79.94730
 7.69328 -79.95960
 7.68413 -79.96507
 7.67770 -79.95329
 7.67398 -79.93872
 7.66408 -79.93169
 7.65276 -79.92787
 7.62734 -79.91288
 7.59990 -79.90213
 7.56548 -79.90017
 7.53101 -79.90192
 7.33392 -79.93892
 7.27444 -79.94130
 7.28116 -79.92384
 7.27209 -79.90916
 7.27351 -79.89738
 7.28211 -79.88963
 7.27966 -79.87030
 7.27480 -79.85169
 7.27599 -79.82789
11 87 6.90986 7.32477 -80.2073 -79.8137 'Gampaha (Sri Lanka)'
 6.96495 -79.84929
 6.98867 -79.85922
 7.00007 -79.86183
 7.01166 -79.86158
 7.01187 -79.86158
 7.18073 -79.81373
 7.20551 -79.82032
 7.19025 -79.82000
 7.18065 -79.82374
 7.17324 -79.82911
 7.16450 -79.83383
 7.13101 -79.84344
 7.12295 -79.84816
 7.12295 -79.85434
 7.13251 -79.85580
 7.13654 -79.85865
 7.13719 -79.86118
 7.13719 -79.86126
 7.13662 -79.86183
 7.16722 -79.86158
 7.16743 -79.86158
 7.18081 -79.85939
 7.19184 -79.85434
 7.19505 -79.84962
 7.19790 -79.83644
 7.20181 -79.83058
 7.20319 -79.82993
 7.21039 -79.82635
 7.21833 -79.82797
 7.22573 -79.83180
 7.23281 -79.83383
 7.27599 -79.82789
 7.27480 -79.85169
 7.27966 -79.87030
 7.28211 -79.88963
 7.27351 -79.89738
 7.27209 -79.90916
 7.28116 -79.92384
 7.27444 -79.94130
 7.28273 -79.96259
 7.31242 -80.00073
 7.31343 -80.02471
 7.29408 -80.05230
 7.30263 -80.08124
 7.31984 -80.10574
 7.32477 -80.13354
 7.31485 -80.14263
 7.30632 -80.14542
 7.29808 -80.15121
 7.26989 -80.17612
 7.25718 -80.19359
 7.24390 -80.19524
 7.23615 -80.18542
 7.20178 -80.18273
 7.18961 -80.16971
 7.18147 -80.15390
 7.15316 -80.14966
 7.12809 -80.16186
 7.13385 -80.18625
 7.12773 -80.20733
 7.11075 -80.19979
 7.10081 -80.18532
 7.07169 -80.17261
 7.04257 -80.16744
 6.99510 -80.18232
 6.98598 -80.18253
 6.97777 -80.17953
 6.97136 -80.16134
 6.97420 -80.13426
 6.96508 -80.11452
 6.94942 -80.09860
 6.93059 -80.09457
 6.91100 -80.09344
 6.90986 -80.07194
 6.91201 -80.05427
 6.91653 -80.04269
 6.92268 -80.03132
 6.93363 -80.01954
 6.94193 -80.00600
 6.94066 -79.98895
 6.93725 -79.97169
 6.95180 -79.92197
 6.94813 -79.91288
 6.94384 -79.90502
 6.94803 -79.88735
 6.95663 -79.87082
 6.96495 -79.84929
12 60 6.71201 6.97777 -80.2216 -79.8482 'Kŏḷamba (Sri Lanka)'
 6.71201 -79.90036
 6.80720 -79.86305
 6.88272 -79.84946
 6.89020 -79.84816
 6.96214 -79.84816
 6.96495 -79.84929
 6.95663 -79.87082
 6.94803 -79.88735
 6.94384 -79.90502
 6.94813 -79.91288
 6.95180 -79.92197
 6.93725 -79.97169
 6.94066 -79.98895
 6.94193 -80.00600
 6.93363 -80.01954
 6.92268 -80.03132
 6.91653 -80.04269
 6.91201 -80.05427
 6.90986 -80.07194
 6.91100 -80.09344
 6.93059 -80.09457
 6.94942 -80.09860
 6.96508 -80.11452
 6.97420 -80.13426
 6.97136 -80.16134
 6.97777 -80.17953
 6.97632 -80.20123
 6.96759 -80.21849
 6.94940 -80.22159
 6.93699 -80.20826
 6.92733 -80.20961
 6.91759 -80.21012
 6.90201 -80.19731
 6.88490 -80.18645
 6.87098 -80.18222
 6.85912 -80.17705
 6.83315 -80.20165
 6.81354 -80.17963
 6.82026 -80.15038
 6.80659 -80.11793
 6.77762 -80.12434
 6.78264 -80.10481
 6.81263 -80.09189
 6.81560 -80.08672
 6.81679 -80.08031
 6.80258 -80.06801
 6.79465 -80.05241
 6.79979 -80.04145
 6.79850 -80.03029
 6.76558 -79.99184
 6.76065 -79.98078
 6.75793 -79.96910
 6.74719 -79.94027
 6.77568 -79.89397
 6.75910 -79.89283
 6.74054 -79.89893
 6.72781 -79.90213
 6.71535 -79.90234
 6.71468 -79.90192
 6.71201 -79.90036
13 76 6.32489 6.82026 -80.3819 -79.8928 'Kaḷutara (Sri Lanka)'
 6.44103 -79.98211
 6.45820 -79.97788
 6.45987 -79.97576
 6.46247 -79.97145
 6.46638 -79.96697
 6.47187 -79.96420
 6.47773 -79.96534
 6.47915 -79.97023
 6.47858 -79.97535
 6.47858 -79.97543
 6.47871 -79.97788
 6.53115 -79.97023
 6.53535 -79.96957
 6.58857 -79.94874
 6.71201 -79.90036
 6.71468 -79.90192
 6.71535 -79.90234
 6.72781 -79.90213
 6.74054 -79.89893
 6.75910 -79.89283
 6.77568 -79.89397
 6.74719 -79.94027
 6.75793 -79.96910
 6.76065 -79.98078
 6.76558 -79.99184
 6.79850 -80.03029
 6.79979 -80.04145
 6.79465 -80.05241
 6.80258 -80.06801
 6.81679 -80.08031
 6.81560 -80.08672
 6.81263 -80.09189
 6.78264 -80.10481
 6.77762 -80.12434
 6.80659 -80.11793
 6.82026 -80.15038
 6.81354 -80.17963
 6.79294 -80.18294
 6.74706 -80.20041
 6.73109 -80.19896
 6.71228 -80.20537
 6.69228 -80.21508
 6.66285 -80.24557
 6.63370 -80.25146
 6.62339 -80.26252
 6.61802 -80.27648
 6.59774 -80.29880
 6.57022 -80.31327
 6.56446 -80.29818
 6.54748 -80.30345
 6.48834 -80.34572
 6.42581 -80.38189
 6.41770 -80.34624
 6.39622 -80.31130
 6.38811 -80.29280
 6.36669 -80.29280
 6.34494 -80.30035
 6.32489 -80.29839
 6.33731 -80.28278
 6.35209 -80.26738
 6.37470 -80.23782
 6.37212 -80.20744
 6.35687 -80.18015
 6.36506 -80.13685
 6.37617 -80.12021
 6.39028 -80.10408
 6.39891 -80.08424
 6.40261 -80.06595
 6.41956 -80.02925
 6.42811 -80.02419
 6.43511 -80.01685
 6.43111 -80.00672
 6.42664 -80.00021
 6.43198 -79.99443
 6.43950 -79.98905
 6.44103 -79.98211
14 115 5.96382 6.44103 -80.4953 -79.9821 'Gālla (Sri Lanka)'
 5.96382 -80.38499
 5.96475 -80.37859
 5.96686 -80.37379
 5.97158 -80.37045
 5.97626 -80.36622
 5.97842 -80.35841
 5.97679 -80.35377
 5.97354 -80.35011
 5.97077 -80.34620
 5.97093 -80.34099
 5.97240 -80.33920
 5.97382 -80.33758
 5.98281 -80.33123
 5.98469 -80.32814
 5.98517 -80.32732
 5.98526 -80.32732
 5.98774 -80.32024
 6.00300 -80.27752
 6.00658 -80.26002
 6.00918 -80.24757
 6.02656 -80.22584
 6.02892 -80.22096
 6.03356 -80.21136
 6.03364 -80.21119
 6.02619 -80.20387
 6.04116 -80.18523
 6.12714 -80.10377
 6.13235 -80.09710
 6.13239 -80.09702
 6.13333 -80.09628
 6.13605 -80.09400
 6.14024 -80.09278
 6.14875 -80.09311
 6.15314 -80.09059
 6.15758 -80.08717
 6.16934 -80.07814
 6.26634 -80.03199
 6.27562 -80.03004
 6.27570 -80.03004
 6.28400 -80.03028
 6.29230 -80.03053
 6.29239 -80.03053
 6.29743 -80.02882
 6.31464 -80.02052
 6.36131 -80.01205
 6.39411 -79.99366
 6.44103 -79.98211
 6.43950 -79.98905
 6.43198 -79.99443
 6.42664 -80.00021
 6.43111 -80.00672
 6.43511 -80.01685
 6.42811 -80.02419
 6.41956 -80.02925
 6.40261 -80.06595
 6.39891 -80.08424
 6.39028 -80.10408
 6.37617 -80.12021
 6.36506 -80.13685
 6.35687 -80.18015
 6.37212 -80.20744
 6.37470 -80.23782
 6.35209 -80.26738
 6.33731 -80.28278
 6.32489 -80.29839
 6.34494 -80.30035
 6.36669 -80.29280
 6.38811 -80.29280
 6.39622 -80.31130
 6.41770 -80.34624
 6.42581 -80.38189
 6.41325 -80.39409
 6.40178 -80.40773
 6.39496 -80.42458
 6.39460 -80.43946
 6.37935 -80.47057
 6.37987 -80.48669
 6.36752 -80.49527
 6.36139 -80.47471
 6.34780 -80.46117
 6.32995 -80.47295
 6.31452 -80.48835
 6.28626 -80.48246
 6.29336 -80.45155
 6.31119 -80.43243
 6.32700 -80.41135
 6.33186 -80.39481
 6.32760 -80.37879
 6.30905 -80.38861
 6.29646 -80.40846
 6.26636 -80.42964
 6.23778 -80.43709
 6.21647 -80.41962
 6.22257 -80.38448
 6.21027 -80.39492
 6.19399 -80.39967
 6.17334 -80.39244
 6.15394 -80.38345
 6.13441 -80.38985
 6.11991 -80.40525
 6.10784 -80.42313
 6.09363 -80.43884
 6.07743 -80.42530
 6.06136 -80.40939
 6.05588 -80.39554
 6.04645 -80.38965
 6.03607 -80.39275
 6.03198 -80.40060
 6.02446 -80.41817
 6.01235 -80.41207
 6.00576 -80.39409
 5.98630 -80.38293
 5.97537 -80.38314
 5.96480 -80.38489
 5.96382 -80.38499
15 103 5.92373 6.39692 -80.7297 -80.3788 'Mātara (Sri Lanka)'
 5.97564 -80.72970
 5.95791 -80.71437
 5.96031 -80.67343
 5.96035 -80.67335
 5.95791 -80.65626
 5.95287 -80.64291
 5.94505 -80.62916
 5.92691 -80.60483
 5.92528 -80.59783
 5.92373 -80.59083
 5.93012 -80.57423
 5.93915 -80.55665
 5.94221 -80.54656
 5.94428 -80.53956
 5.93745 -80.48170
 5.94066 -80.46518
 5.94892 -80.45680
 5.95978 -80.45143
 5.96613 -80.44719
 5.97093 -80.44402
 5.96109 -80.42709
 5.95995 -80.41196
 5.96382 -80.38499
 5.96480 -80.38489
 5.97537 -80.38314
 5.98630 -80.38293
 6.00576 -80.39409
 6.01235 -80.41207
 6.02446 -80.41817
 6.03198 -80.40060
 6.03607 -80.39275
 6.04645 -80.38965
 6.05588 -80.39554
 6.06136 -80.40939
 6.07743 -80.42530
 6.09363 -80.43884
 6.10784 -80.42313
 6.11991 -80.40525
 6.13441 -80.38985
 6.15394 -80.38345
 6.17334 -80.39244
 6.19399 -80.39967
 6.21027 -80.39492
 6.22257 -80.38448
 6.21647 -80.41962
 6.23778 -80.43709
 6.26636 -80.42964
 6.29646 -80.40846
 6.30905 -80.38861
 6.32760 -80.37879
 6.33186 -80.39481
 6.32700 -80.41135
 6.31119 -80.43243
 6.29336 -80.45155
 6.28626 -80.48246
 6.31452 -80.48835
 6.32995 -80.47295
 6.34780 -80.46117
 6.36139 -80.47471
 6.36752 -80.49527
 6.37031 -80.51481
 6.37483 -80.53444
 6.39103 -80.54137
 6.39116 -80.55842
 6.39692 -80.60235
 6.37041 -80.61682
 6.35264 -80.61020
 6.34946 -80.62818
 6.35346 -80.65216
 6.33972 -80.66332
 6.33034 -80.66250
 6.32085 -80.67531
 6.31551 -80.67004
 6.30597 -80.67004
 6.30230 -80.66064
 6.29481 -80.66229
 6.27724 -80.65557
 6.26140 -80.66229
 6.23251 -80.62395
 6.18947 -80.61175
 6.17730 -80.62912
 6.17019 -80.64803
 6.17177 -80.65692
 6.16634 -80.66229
 6.15596 -80.65743
 6.14689 -80.65154
 6.12988 -80.65495
 6.12107 -80.67139
 6.12299 -80.68317
 6.12061 -80.69412
 6.11190 -80.69061
 6.10358 -80.68141
 6.06511 -80.69247
 6.05134 -80.66002
 6.03539 -80.66239
 6.02630 -80.67624
 6.02537 -80.68596
 6.02077 -80.69454
 6.01248 -80.69402
 6.00852 -80.68689
 5.99023 -80.69867
 5.97876 -80.72410
 5.97564 -80.72970
16 127 5.97564 6.5788 -81.7121 -80.6118 'Hambantŏṭa (Sri Lanka)'
 6.51027 -81.71205
 6.46214 -81.68149
 6.43085 -81.65008
 6.38988 -81.59205
 6.38422 -81.57309
 6.37067 -81.54770
 6.22541 -81.36207
 6.20539 -81.32496
 6.16275 -81.20444
 6.16275 -81.20436
 6.17719 -81.20273
 6.17805 -81.20265
 6.18366 -81.19549
 6.18362 -81.19532
 6.18321 -81.19370
 6.18159 -81.18767
 6.17357 -81.18385
 6.15672 -81.18190
 6.15038 -81.17644
 6.14802 -81.16765
 6.14289 -81.15602
 6.12983 -81.13429
 6.12031 -81.11256
 6.09805 -81.00847
 6.08080 -80.95802
 6.07079 -80.90268
 6.06110 -80.87745
 6.03986 -80.86232
 6.04515 -80.83522
 6.03876 -80.81853
 6.03510 -80.80909
 6.00674 -80.77060
 5.97842 -80.73211
 5.97564 -80.72970
 5.97876 -80.72410
 5.99023 -80.69867
 6.00852 -80.68689
 6.01248 -80.69402
 6.02077 -80.69454
 6.02537 -80.68596
 6.02630 -80.67624
 6.03539 -80.66239
 6.05134 -80.66002
 6.06511 -80.69247
 6.10358 -80.68141
 6.11190 -80.69061
 6.12061 -80.69412
 6.12299 -80.68317
 6.12107 -80.67139
 6.12988 -80.65495
 6.14689 -80.65154
 6.15596 -80.65743
 6.16634 -80.66229
 6.17177 -80.65692
 6.17019 -80.64803
 6.17730 -80.62912
 6.18947 -80.61175
 6.23251 -80.62395
 6.26140 -80.66229
 6.27724 -80.65557
 6.29481 -80.66229
 6.30230 -80.66064
 6.30597 -80.67004
 6.29509 -80.72720
 6.26853 -80.80058
 6.26559 -80.81980
 6.27011 -80.83882
 6.27194 -80.85794
 6.26006 -80.87313
 6.24660 -80.88481
 6.23921 -80.92150
 6.23231 -80.94248
 6.24988 -80.94755
 6.27533 -80.93824
 6.29574 -80.91985
 6.31179 -80.94444
 6.32535 -80.96966
 6.33450 -80.99788
 6.35085 -81.01958
 6.37325 -81.00997
 6.39594 -81.01483
 6.39584 -81.02744
 6.39687 -81.04098
 6.40847 -81.04924
 6.42173 -81.04904
 6.41297 -81.06134
 6.42374 -81.07085
 6.42398 -81.09596
 6.42080 -81.12076
 6.41470 -81.13782
 6.39646 -81.14547
 6.39509 -81.15539
 6.39555 -81.16614
 6.40201 -81.17523
 6.40338 -81.18784
 6.37902 -81.20655
 6.35320 -81.22184
 6.34284 -81.24686
 6.35775 -81.27424
 6.36760 -81.28406
 6.37395 -81.29936
 6.38157 -81.32850
 6.40454 -81.38793
 6.41237 -81.39889
 6.40951 -81.40137
 6.40824 -81.41015
 6.41795 -81.43682
 6.41160 -81.46472
 6.43284 -81.47775
 6.44155 -81.47775
 6.44974 -81.47713
 6.45591 -81.48167
 6.46296 -81.48601
 6.47640 -81.48085
 6.49330 -81.48043
 6.50896 -81.50017
 6.51963 -81.52394
 6.53707 -81.54213
 6.55309 -81.56332
 6.55808 -81.59019
 6.57880 -81.60807
 6.54218 -81.63794
 6.54144 -81.64941
 6.53968 -81.66223
 6.52079 -81.67887
 6.51322 -81.70316
 6.51027 -81.71205
17 169 6.51027 7.73911 -81.8903 -80.9881 'Ampāra (Sri Lanka)'
 7.46084 -81.77003
 7.45698 -81.77101
 7.45531 -81.77906
 7.46556 -81.78712
 7.46556 -81.79330
 7.46552 -81.79339
 7.42520 -81.80104
 7.41035 -81.80079
 7.41035 -81.80095
 7.41035 -81.80779
 7.41071 -81.80779
 7.42471 -81.80860
 7.43854 -81.81105
 7.45034 -81.81528
 7.45873 -81.82146
 7.46556 -81.82146
 7.46711 -81.82089
 7.47337 -81.81870
 7.47651 -81.82049
 7.47419 -81.82602
 7.46556 -81.83497
 7.45767 -81.83806
 7.43647 -81.84034
 7.41218 -81.85572
 7.32709 -81.88071
 7.09195 -81.87599
 7.07612 -81.87843
 7.04076 -81.88868
 7.01992 -81.89031
 6.98017 -81.88461
 6.82144 -81.83855
 6.80508 -81.83595
 6.78343 -81.83497
 6.76537 -81.83155
 6.73749 -81.81715
 6.72504 -81.81398
 6.70795 -81.80828
 6.67780 -81.78891
 6.66360 -81.77980
 6.63927 -81.78663
 6.61042 -81.77565
 6.51027 -81.71205
 6.51322 -81.70316
 6.52079 -81.67887
 6.53968 -81.66223
 6.54144 -81.64941
 6.54218 -81.63794
 6.57880 -81.60807
 6.94570 -81.63412
 6.96547 -81.62916
 6.98257 -81.61717
 7.00190 -81.61707
 7.02112 -81.61014
 7.04086 -81.61479
 7.05965 -81.61675
 7.07735 -81.58720
 7.08649 -81.55154
 7.09104 -81.54637
 7.09471 -81.54017
 7.09471 -81.53273
 7.09822 -81.52467
 7.11194 -81.51692
 7.12745 -81.51289
 7.15080 -81.49997
 7.18184 -81.51165
 7.20641 -81.53252
 7.21912 -81.54875
 7.24899 -81.52704
 7.27049 -81.52415
 7.29472 -81.51020
 7.31382 -81.48808
 7.33309 -81.48405
 7.35697 -81.48550
 7.40963 -81.47361
 7.42306 -81.47557
 7.42422 -81.46896
 7.42802 -81.46266
 7.45081 -81.47744
 7.45611 -81.45780
 7.44280 -81.43279
 7.43862 -81.42069
 7.43371 -81.40964
 7.42435 -81.40592
 7.41366 -81.39909
 7.41009 -81.38524
 7.40932 -81.37501
 7.39624 -81.37522
 7.38446 -81.38070
 7.37270 -81.38183
 7.36286 -81.37729
 7.35454 -81.37036
 7.34751 -81.36571
 7.33635 -81.34545
 7.33746 -81.32065
 7.29906 -81.32075
 7.26175 -81.32602
 7.24824 -81.30742
 7.24124 -81.28716
 7.25749 -81.27838
 7.27684 -81.27052
 7.29477 -81.26701
 7.31281 -81.25802
 7.32441 -81.25109
 7.33330 -81.24696
 7.33562 -81.23466
 7.33353 -81.22598
 7.34823 -81.21099
 7.37164 -81.19993
 7.41565 -81.19342
 7.42810 -81.18939
 7.44042 -81.18639
 7.44942 -81.18918
 7.45973 -81.19477
 7.50833 -81.20531
 7.55832 -81.20148
 7.56791 -81.15704
 7.54057 -81.10795
 7.52104 -81.08666
 7.51641 -81.07457
 7.51412 -81.06454
 7.50776 -81.04635
 7.54856 -81.02175
 7.57254 -81.01379
 7.58884 -81.01245
 7.60308 -81.00594
 7.61230 -80.99085
 7.61494 -80.98806
 7.66227 -80.99767
 7.68152 -80.99550
 7.70405 -80.98827
 7.72077 -80.98899
 7.72082 -81.00780
 7.72439 -81.04511
 7.72759 -81.06340
 7.71369 -81.09978
 7.68421 -81.12934
 7.66930 -81.17771
 7.65592 -81.20128
 7.65359 -81.22081
 7.66390 -81.22319
 7.67560 -81.22784
 7.68227 -81.23425
 7.69299 -81.23972
 7.71661 -81.23662
 7.73911 -81.24117
 7.73379 -81.26825
 7.73539 -81.30039
 7.72676 -81.32706
 7.67762 -81.36127
 7.65672 -81.38338
 7.64809 -81.41387
 7.64201 -81.44560
 7.61199 -81.44416
 7.58303 -81.43434
 7.56631 -81.43630
 7.55132 -81.44550
 7.53256 -81.47692
 7.51621 -81.49397
 7.50497 -81.55960
 7.51215 -81.62616
 7.52515 -81.64962
 7.50009 -81.65003
 7.47556 -81.65789
 7.41893 -81.66089
 7.40280 -81.66822
 7.43714 -81.70316
 7.45340 -81.72352
 7.45787 -81.75091
 7.46084 -81.77003
18 170 7.4028 8.26329 -81.8233 -81.227 'Maḍakalapuva (Sri Lanka)'
 8.25385 -81.41668
 8.25377 -81.41668
 8.24339 -81.41977
 8.17353 -81.44060
 8.12800 -81.44850
 8.10314 -81.43035
 8.10301 -81.43035
 8.14423 -81.42026
 8.15005 -81.41879
 8.19180 -81.40358
 8.19180 -81.39625
 8.16010 -81.39503
 8.15013 -81.39625
 8.15046 -81.39552
 8.14761 -81.39479
 8.14753 -81.39479
 8.14256 -81.39479
 8.13654 -81.39625
 8.13264 -81.39959
 8.13007 -81.40805
 8.13003 -81.40813
 8.12690 -81.40984
 8.10594 -81.41798
 8.09317 -81.43556
 8.09317 -81.43564
 8.09455 -81.45240
 8.11603 -81.45826
 8.11603 -81.46437
 8.10456 -81.47071
 8.10147 -81.47242
 8.06538 -81.48064
 8.05150 -81.48902
 8.03937 -81.50017
 8.02757 -81.50733
 7.99934 -81.51970
 8.00422 -81.52459
 8.00902 -81.53102
 8.01362 -81.53395
 8.00430 -81.53834
 7.99934 -81.53395
 7.99575 -81.53614
 7.99339 -81.53810
 7.99278 -81.53842
 7.99079 -81.53956
 7.98631 -81.54021
 7.98640 -81.54029
 7.99046 -81.54526
 7.99535 -81.55551
 7.99934 -81.56072
 7.99925 -81.56072
 7.99364 -81.56308
 7.98680 -81.56593
 7.97871 -81.56381
 7.97065 -81.56031
 7.96442 -81.56048
 7.95840 -81.56072
 7.94497 -81.56772
 7.93557 -81.58009
 7.92943 -81.58815
 7.91743 -81.59547
 7.91714 -81.59083
 7.91555 -81.58847
 7.91352 -81.58546
 7.91234 -81.58359
 7.91120 -81.58172
 7.90030 -81.57879
 7.88939 -81.57586
 7.85529 -81.58758
 7.84805 -81.59392
 7.83169 -81.60825
 7.83169 -81.60841
 7.83552 -81.62957
 7.83552 -81.63640
 7.81464 -81.64332
 7.80174 -81.65122
 7.79776 -81.65366
 7.75300 -81.69679
 7.73115 -81.71070
 7.71182 -81.71315
 7.70519 -81.69101
 7.70515 -81.69093
 7.71206 -81.68067
 7.74311 -81.65610
 7.75414 -81.64324
 7.76020 -81.62664
 7.76020 -81.62648
 7.76004 -81.62477
 7.75902 -81.61297
 7.74844 -81.60255
 7.72626 -81.59547
 7.72085 -81.60743
 7.71922 -81.61899
 7.72289 -81.62892
 7.73310 -81.63640
 7.72871 -81.64820
 7.72333 -81.65903
 7.71894 -81.66277
 7.71585 -81.66529
 7.70515 -81.66375
 7.69282 -81.67701
 7.68049 -81.69028
 7.66861 -81.70069
 7.65054 -81.71160
 7.65050 -81.71152
 7.64460 -81.70639
 7.63886 -81.70509
 7.63198 -81.70680
 7.62254 -81.71160
 7.63007 -81.71778
 7.64366 -81.71404
 7.64374 -81.71404
 7.63959 -81.72584
 7.62254 -81.74903
 7.61457 -81.75457
 7.56802 -81.77296
 7.56599 -81.77182
 7.54068 -81.76612
 7.53791 -81.76694
 7.53750 -81.76710
 7.52782 -81.77182
 7.52391 -81.77296
 7.51704 -81.76905
 7.51154 -81.76189
 7.50544 -81.75758
 7.49657 -81.76271
 7.49018 -81.76759
 7.48517 -81.76930
 7.48452 -81.76954
 7.47883 -81.77247
 7.47236 -81.77980
 7.46467 -81.76905
 7.46084 -81.77003
 7.45787 -81.75091
 7.45340 -81.72352
 7.43714 -81.70316
 7.40280 -81.66822
 7.41893 -81.66089
 7.47556 -81.65789
 7.50009 -81.65003
 7.52515 -81.64962
 7.51215 -81.62616
 7.50497 -81.55960
 7.51621 -81.49397
 7.53256 -81.47692
 7.55132 -81.44550
 7.56631 -81.43630
 7.58303 -81.43434
 7.61199 -81.44416
 7.64201 -81.44560
 7.64809 -81.41387
 7.65672 -81.38338
 7.67762 -81.36127
 7.72676 -81.32706
 7.73539 -81.30039
 7.73379 -81.26825
 7.73911 -81.24117
 7.81647 -81.22701
 7.89345 -81.23580
 7.92249 -81.24334
 7.93750 -81.26577
 7.94145 -81.29440
 7.93670 -81.33067
 7.93740 -81.33987
 7.97466 -81.33160
 8.01078 -81.31486
 8.04760 -81.30752
 8.20529 -81.31558
 8.25743 -81.31031
 8.26329 -81.32695
 8.25385 -81.41668
19 32 7.4028 8.26329 -81.8233 -81.227 'Maḍakalapuva (Sri Lanka)'
 7.66047 -81.73878
 7.67097 -81.73707
 7.67910 -81.73316
 7.68911 -81.72836
 7.69892 -81.72511
 7.70930 -81.72560
 7.71849 -81.72869
 7.72822 -81.72999
 7.73981 -81.72511
 7.73994 -81.72511
 7.72748 -81.73797
 7.69864 -81.75025
 7.68529 -81.75929
 7.67951 -81.76149
 7.65469 -81.77076
 7.61628 -81.79510
 7.59858 -81.80633
 7.51138 -81.82325
 7.51130 -81.82325
 7.49136 -81.82260
 7.47919 -81.80779
 7.49022 -81.79371
 7.49474 -81.78940
 7.49681 -81.78736
 7.50178 -81.78671
 7.50670 -81.78598
 7.50878 -81.78614
 7.57172 -81.79029
 7.59345 -81.78736
 7.60273 -81.77638
 7.61164 -81.77223
 7.66047 -81.73878
20 116 6.23231 6.92462 -80.9475 -80.177 'Ratnapura (Sri Lanka)'
 6.68752 -80.92801
 6.66277 -80.91158
 6.63701 -80.90124
 6.61515 -80.88295
 6.59296 -80.87344
 6.54963 -80.86362
 6.52288 -80.84471
 6.49449 -80.82962
 6.47803 -80.83262
 6.46227 -80.83892
 6.40046 -80.83975
 6.37907 -80.85091
 6.36028 -80.86507
 6.35003 -80.88419
 6.33729 -80.90238
 6.31902 -80.91199
 6.29574 -80.91985
 6.27533 -80.93824
 6.24988 -80.94755
 6.23231 -80.94248
 6.23921 -80.92150
 6.24660 -80.88481
 6.26006 -80.87313
 6.27194 -80.85794
 6.27011 -80.83882
 6.26559 -80.81980
 6.26853 -80.80058
 6.29509 -80.72720
 6.30597 -80.67004
 6.31551 -80.67004
 6.32085 -80.67531
 6.33034 -80.66250
 6.33972 -80.66332
 6.35346 -80.65216
 6.34946 -80.62818
 6.35264 -80.61020
 6.37041 -80.61682
 6.39692 -80.60235
 6.39116 -80.55842
 6.39103 -80.54137
 6.37483 -80.53444
 6.37031 -80.51481
 6.36752 -80.49527
 6.37987 -80.48669
 6.37935 -80.47057
 6.39460 -80.43946
 6.39496 -80.42458
 6.40178 -80.40773
 6.41325 -80.39409
 6.42581 -80.38189
 6.48834 -80.34572
 6.54748 -80.30345
 6.56446 -80.29818
 6.57022 -80.31327
 6.59774 -80.29880
 6.61802 -80.27648
 6.62339 -80.26252
 6.63370 -80.25146
 6.66285 -80.24557
 6.69228 -80.21508
 6.71228 -80.20537
 6.73109 -80.19896
 6.74706 -80.20041
 6.79294 -80.18294
 6.81354 -80.17963
 6.83315 -80.20165
 6.85912 -80.17705
 6.87098 -80.18222
 6.88490 -80.18645
 6.90201 -80.19731
 6.91759 -80.21012
 6.92462 -80.22563
 6.88263 -80.26707
 6.86697 -80.27947
 6.85509 -80.29477
 6.85901 -80.30200
 6.86124 -80.31213
 6.85258 -80.31937
 6.84281 -80.32412
 6.83726 -80.34913
 6.85434 -80.37952
 6.85571 -80.39202
 6.85516 -80.40711
 6.84289 -80.42861
 6.83382 -80.45621
 6.83098 -80.47605
 6.83168 -80.49600
 6.81529 -80.49527
 6.80791 -80.50209
 6.80077 -80.49445
 6.79052 -80.49083
 6.77491 -80.51140
 6.77295 -80.53579
 6.76132 -80.58767
 6.75390 -80.64255
 6.75739 -80.66363
 6.75936 -80.68844
 6.75827 -80.72162
 6.76248 -80.75283
 6.79191 -80.80947
 6.75514 -80.81215
 6.75879 -80.81959
 6.76165 -80.82693
 6.74672 -80.84057
 6.74142 -80.85783
 6.73207 -80.85546
 6.72432 -80.85225
 6.72042 -80.84843
 6.70814 -80.82135
 6.69502 -80.81660
 6.67848 -80.82714
 6.66618 -80.84244
 6.66187 -80.86528
 6.67163 -80.88936
 6.68657 -80.90972
 6.68752 -80.92801
21 183 6.29574 7.45611 -81.6341 -80.8296 'Mŏṇarāgala (Sri Lanka)'
 6.29574 -80.91985
 6.31902 -80.91199
 6.33729 -80.90238
 6.35003 -80.88419
 6.36028 -80.86507
 6.37907 -80.85091
 6.40046 -80.83975
 6.46227 -80.83892
 6.47803 -80.83262
 6.49449 -80.82962
 6.52288 -80.84471
 6.54963 -80.86362
 6.59296 -80.87344
 6.61515 -80.88295
 6.63701 -80.90124
 6.66277 -80.91158
 6.68752 -80.92801
 6.68690 -80.93990
 6.67489 -80.94765
 6.65768 -80.95240
 6.65360 -80.96015
 6.65192 -80.96811
 6.63135 -80.97741
 6.60944 -80.98424
 6.60608 -80.99126
 6.60213 -80.99798
 6.57019 -81.00243
 6.55598 -81.01400
 6.54213 -81.02268
 6.56867 -81.02661
 6.59055 -81.04077
 6.58366 -81.05141
 6.57841 -81.06237
 6.60216 -81.06547
 6.60957 -81.08624
 6.63283 -81.07136
 6.66063 -81.06196
 6.67587 -81.06185
 6.69060 -81.06392
 6.71344 -81.07870
 6.73111 -81.07746
 6.73582 -81.05999
 6.74881 -81.05607
 6.76695 -81.06454
 6.78842 -81.06247
 6.80946 -81.06495
 6.81240 -81.09885
 6.82914 -81.10754
 6.83793 -81.13658
 6.87175 -81.11208
 6.88353 -81.13358
 6.89064 -81.15911
 6.90079 -81.17172
 6.91351 -81.18185
 6.92139 -81.18629
 6.92751 -81.19239
 6.92322 -81.20231
 6.92599 -81.21533
 6.94048 -81.22050
 6.95604 -81.22308
 6.96637 -81.22980
 6.97725 -81.23518
 7.00497 -81.23890
 7.02296 -81.24355
 7.04156 -81.24355
 7.05554 -81.24086
 7.06885 -81.23559
 7.07784 -81.22825
 7.08257 -81.22277
 7.09629 -81.21203
 7.08662 -81.17523
 7.09887 -81.16345
 7.11941 -81.15342
 7.13440 -81.13813
 7.15034 -81.12562
 7.17062 -81.12862
 7.18827 -81.14040
 7.18628 -81.15683
 7.17129 -81.17079
 7.17819 -81.18743
 7.19364 -81.19642
 7.22803 -81.22391
 7.24692 -81.23166
 7.26757 -81.23156
 7.27684 -81.27052
 7.25749 -81.27838
 7.24124 -81.28716
 7.24824 -81.30742
 7.26175 -81.32602
 7.29906 -81.32075
 7.33746 -81.32065
 7.33635 -81.34545
 7.34751 -81.36571
 7.35454 -81.37036
 7.36286 -81.37729
 7.37270 -81.38183
 7.38446 -81.38070
 7.39624 -81.37522
 7.40932 -81.37501
 7.41009 -81.38524
 7.41366 -81.39909
 7.42435 -81.40592
 7.43371 -81.40964
 7.43862 -81.42069
 7.44280 -81.43279
 7.45611 -81.45780
 7.45081 -81.47744
 7.42802 -81.46266
 7.42422 -81.46896
 7.42306 -81.47557
 7.40963 -81.47361
 7.35697 -81.48550
 7.33309 -81.48405
 7.31382 -81.48808
 7.29472 -81.51020
 7.27049 -81.52415
 7.24899 -81.52704
 7.21912 -81.54875
 7.20641 -81.53252
 7.18184 -81.51165
 7.15080 -81.49997
 7.12745 -81.51289
 7.11194 -81.51692
 7.09822 -81.52467
 7.09471 -81.53273
 7.09471 -81.54017
 7.09104 -81.54637
 7.08649 -81.55154
 7.07735 -81.58720
 7.05965 -81.61675
 7.04086 -81.61479
 7.02112 -81.61014
 7.00190 -81.61707
 6.98257 -81.61717
 6.96547 -81.62916
 6.94570 -81.63412
 6.57880 -81.60807
 6.55808 -81.59019
 6.55309 -81.56332
 6.53707 -81.54213
 6.51963 -81.52394
 6.50896 -81.50017
 6.49330 -81.48043
 6.47640 -81.48085
 6.46296 -81.48601
 6.45591 -81.48167
 6.44974 -81.47713
 6.44155 -81.47775
 6.43284 -81.47775
 6.41160 -81.46472
 6.41795 -81.43682
 6.40824 -81.41015
 6.40951 -81.40137
 6.41237 -81.39889
 6.40454 -81.38793
 6.38157 -81.32850
 6.37395 -81.29936
 6.36760 -81.28406
 6.35775 -81.27424
 6.34284 -81.24686
 6.35320 -81.22184
 6.37902 -81.20655
 6.40338 -81.18784
 6.40201 -81.17523
 6.39555 -81.16614
 6.39509 -81.15539
 6.39646 -81.14547
 6.41470 -81.13782
 6.42080 -81.12076
 6.42398 -81.09596
 6.42374 -81.07085
 6.41297 -81.06134
 6.42173 -81.04904
 6.40847 -81.04924
 6.39687 -81.04098
 6.39584 -81.02744
 6.39594 -81.01483
 6.37325 -81.00997
 6.35085 -81.01958
 6.33450 -80.99788
 6.32535 -80.96966
 6.31179 -80.94444
 6.29574 -80.91985
22 89 6.83098 7.39472 -80.5459 -80.1497 'Kægalla (Sri Lanka)'
 6.85509 -80.29477
 6.86697 -80.27947
 6.88263 -80.26707
 6.92462 -80.22563
 6.91759 -80.21012
 6.92733 -80.20961
 6.93699 -80.20826
 6.94940 -80.22159
 6.96759 -80.21849
 6.97632 -80.20123
 6.97777 -80.17953
 6.98598 -80.18253
 6.99510 -80.18232
 7.04257 -80.16744
 7.07169 -80.17261
 7.10081 -80.18532
 7.11075 -80.19979
 7.12773 -80.20733
 7.13385 -80.18625
 7.12809 -80.16186
 7.15316 -80.14966
 7.18147 -80.15390
 7.18961 -80.16971
 7.20178 -80.18273
 7.23615 -80.18542
 7.24390 -80.19524
 7.25718 -80.19359
 7.26894 -80.21395
 7.28726 -80.23462
 7.30289 -80.25653
 7.31377 -80.27999
 7.32459 -80.32887
 7.32503 -80.33952
 7.33469 -80.34675
 7.34650 -80.35006
 7.36702 -80.34893
 7.38598 -80.35244
 7.39472 -80.37445
 7.39149 -80.39833
 7.37650 -80.41290
 7.35723 -80.42210
 7.32656 -80.43440
 7.28891 -80.47760
 7.26961 -80.47595
 7.26372 -80.48442
 7.24974 -80.50985
 7.23509 -80.52194
 7.21726 -80.51956
 7.20261 -80.51977
 7.18830 -80.53424
 7.17375 -80.54592
 7.16060 -80.54023
 7.14830 -80.53238
 7.14574 -80.52152
 7.14512 -80.51057
 7.12820 -80.49486
 7.12256 -80.46024
 7.11207 -80.44876
 7.07600 -80.46396
 7.06355 -80.47119
 7.04817 -80.46396
 7.02836 -80.46344
 7.02513 -80.46478
 7.02422 -80.46809
 7.01012 -80.45931
 6.99800 -80.44546
 6.99541 -80.43781
 6.98800 -80.43233
 6.98038 -80.43791
 6.97386 -80.44432
 6.93673 -80.43729
 6.90780 -80.44597
 6.89844 -80.47502
 6.88134 -80.49817
 6.85509 -80.50582
 6.84170 -80.50747
 6.83168 -80.49600
 6.83098 -80.47605
 6.83382 -80.45621
 6.84289 -80.42861
 6.85516 -80.40711
 6.85571 -80.39202
 6.85434 -80.37952
 6.83726 -80.34913
 6.84281 -80.32412
 6.85258 -80.31937
 6.86124 -80.31213
 6.85901 -80.30200
 6.85509 -80.29477
23 154 6.54213 7.61494 -81.2705 -80.7805 'Badulla (Sri Lanka)'
 7.27684 -81.27052
 7.26757 -81.23156
 7.24692 -81.23166
 7.22803 -81.22391
 7.19364 -81.19642
 7.17819 -81.18743
 7.17129 -81.17079
 7.18628 -81.15683
 7.18827 -81.14040
 7.17062 -81.12862
 7.15034 -81.12562
 7.13440 -81.13813
 7.11941 -81.15342
 7.09887 -81.16345
 7.08662 -81.17523
 7.09629 -81.21203
 7.08257 -81.22277
 7.07784 -81.22825
 7.06885 -81.23559
 7.05554 -81.24086
 7.04156 -81.24355
 7.02296 -81.24355
 7.00497 -81.23890
 6.97725 -81.23518
 6.96637 -81.22980
 6.95604 -81.22308
 6.94048 -81.22050
 6.92599 -81.21533
 6.92322 -81.20231
 6.92751 -81.19239
 6.92139 -81.18629
 6.91351 -81.18185
 6.90079 -81.17172
 6.89064 -81.15911
 6.88353 -81.13358
 6.87175 -81.11208
 6.83793 -81.13658
 6.82914 -81.10754
 6.81240 -81.09885
 6.80946 -81.06495
 6.78842 -81.06247
 6.76695 -81.06454
 6.74881 -81.05607
 6.73582 -81.05999
 6.73111 -81.07746
 6.71344 -81.07870
 6.69060 -81.06392
 6.67587 -81.06185
 6.66063 -81.06196
 6.63283 -81.07136
 6.60957 -81.08624
 6.60216 -81.06547
 6.57841 -81.06237
 6.58366 -81.05141
 6.59055 -81.04077
 6.56867 -81.02661
 6.54213 -81.02268
 6.55598 -81.01400
 6.57019 -81.00243
 6.60213 -80.99798
 6.60608 -80.99126
 6.60944 -80.98424
 6.63135 -80.97741
 6.65192 -80.96811
 6.65360 -80.96015
 6.65768 -80.95240
 6.67489 -80.94765
 6.68690 -80.93990
 6.68752 -80.92801
 6.68657 -80.90972
 6.67163 -80.88936
 6.66187 -80.86528
 6.66618 -80.84244
 6.67848 -80.82714
 6.69502 -80.81660
 6.70814 -80.82135
 6.72042 -80.84843
 6.72432 -80.85225
 6.73207 -80.85546
 6.74142 -80.85783
 6.74672 -80.84057
 6.76165 -80.82693
 6.75879 -80.81959
 6.75514 -80.81215
 6.79191 -80.80947
 6.79659 -80.82838
 6.81101 -80.83861
 6.81563 -80.82941
 6.82150 -80.82021
 6.84527 -80.83489
 6.85201 -80.83096
 6.85813 -80.82590
 6.87348 -80.82021
 6.88744 -80.81360
 6.90340 -80.78166
 6.91935 -80.78053
 6.92022 -80.79861
 6.91916 -80.81732
 6.93454 -80.83076
 6.95436 -80.83561
 6.96877 -80.85143
 6.97735 -80.86951
 6.98552 -80.90734
 7.01833 -80.92956
 7.03784 -80.93411
 7.05551 -80.94331
 7.06285 -80.95137
 7.07112 -80.95788
 7.07851 -80.96119
 7.08546 -80.95974
 7.10318 -80.95426
 7.11243 -80.95912
 7.12081 -80.96594
 7.12592 -80.96232
 7.13130 -80.95778
 7.13972 -80.95571
 7.14884 -80.95788
 7.17377 -80.95034
 7.19178 -80.95116
 7.19946 -80.96387
 7.20545 -80.98527
 7.23036 -81.01224
 7.26279 -81.01400
 7.33516 -80.99209
 7.48613 -80.98331
 7.56794 -80.97845
 7.61494 -80.98806
 7.61230 -80.99085
 7.60308 -81.00594
 7.58884 -81.01245
 7.57254 -81.01379
 7.54856 -81.02175
 7.50776 -81.04635
 7.51412 -81.06454
 7.51641 -81.07457
 7.52104 -81.08666
 7.54057 -81.10795
 7.56791 -81.15704
 7.55832 -81.20148
 7.50833 -81.20531
 7.45973 -81.19477
 7.44942 -81.18918
 7.44042 -81.18639
 7.42810 -81.18939
 7.41565 -81.19342
 7.37164 -81.19993
 7.34823 -81.21099
 7.33353 -81.22598
 7.33562 -81.23466
 7.33330 -81.24696
 7.32441 -81.25109
 7.31281 -81.25802
 7.29477 -81.26701
 7.27684 -81.27052
24 105 7.38764 8.0123 -80.9977 -80.4944 'Mātale (Sri Lanka)'
 8.01230 -80.75614
 8.00385 -80.76492
 7.98830 -80.77877
 7.97073 -80.77846
 7.96484 -80.78394
 7.96176 -80.79231
 7.96584 -80.79872
 7.97220 -80.79913
 7.97791 -80.81122
 7.97460 -80.82280
 7.97140 -80.83861
 7.96267 -80.85329
 7.93148 -80.82332
 7.88412 -80.81350
 7.86128 -80.81071
 7.82087 -80.80109
 7.81371 -80.79768
 7.80647 -80.79582
 7.80004 -80.76678
 7.77257 -80.76006
 7.71180 -80.77360
 7.69230 -80.77174
 7.67832 -80.78166
 7.67258 -80.80802
 7.68299 -80.83313
 7.70103 -80.85308
 7.68914 -80.86166
 7.67963 -80.87696
 7.69715 -80.88130
 7.71506 -80.88357
 7.71142 -80.93721
 7.72077 -80.98899
 7.70405 -80.98827
 7.68152 -80.99550
 7.66227 -80.99767
 7.61494 -80.98806
 7.56794 -80.97845
 7.48613 -80.98331
 7.48965 -80.95158
 7.48660 -80.93132
 7.46812 -80.92026
 7.46257 -80.91385
 7.45854 -80.90651
 7.47350 -80.89442
 7.46544 -80.87799
 7.46582 -80.83675
 7.43986 -80.80512
 7.43559 -80.77639
 7.46611 -80.73919
 7.47182 -80.72441
 7.46342 -80.71045
 7.44784 -80.70446
 7.41115 -80.70777
 7.38764 -80.68648
 7.38981 -80.64968
 7.42944 -80.58612
 7.45756 -80.56555
 7.46789 -80.56607
 7.47544 -80.57165
 7.48753 -80.57372
 7.50003 -80.57093
 7.51058 -80.56586
 7.52057 -80.55977
 7.54063 -80.54974
 7.56174 -80.55222
 7.57458 -80.56638
 7.58316 -80.57000
 7.59225 -80.56979
 7.60406 -80.57268
 7.61579 -80.57310
 7.63357 -80.55480
 7.66452 -80.54922
 7.69793 -80.54633
 7.70511 -80.54127
 7.70762 -80.53765
 7.72485 -80.53734
 7.74201 -80.53052
 7.75854 -80.52059
 7.77410 -80.51346
 7.77619 -80.50592
 7.78115 -80.49703
 7.79867 -80.49445
 7.81500 -80.49910
 7.83063 -80.52039
 7.84296 -80.55398
 7.86420 -80.57165
 7.86358 -80.58777
 7.85570 -80.59976
 7.86595 -80.61465
 7.87802 -80.62209
 7.88283 -80.62901
 7.88662 -80.63552
 7.89370 -80.63490
 7.89836 -80.63263
 7.91148 -80.64544
 7.92598 -80.65506
 7.94458 -80.65485
 7.96055 -80.66043
 7.96055 -80.67046
 7.95869 -80.67800
 7.96272 -80.68379
 7.98298 -80.70322
 7.99434 -80.71624
 8.00385 -80.73526
 8.01230 -80.75614
25 103 7.65359 8.3412 -81.3399 -80.7561 'Pŏḷŏnnaruva (Sri Lanka)'
 7.96176 -80.79231
 7.96484 -80.78394
 7.97073 -80.77846
 7.98830 -80.77877
 8.00385 -80.76492
 8.01230 -80.75614
 8.03871 -80.75748
 8.06581 -80.77701
 8.08165 -80.75707
 8.11640 -80.75872
 8.15547 -80.76554
 8.19322 -80.78001
 8.23513 -80.78818
 8.27358 -80.80285
 8.28089 -80.84244
 8.28084 -80.88677
 8.28841 -80.89959
 8.30585 -80.90383
 8.32352 -80.91127
 8.33686 -80.92419
 8.34120 -80.93917
 8.32404 -80.95085
 8.31784 -80.96708
 8.30590 -80.98238
 8.28508 -80.98651
 8.27262 -80.99901
 8.27673 -81.04118
 8.25836 -81.11694
 8.25833 -81.13482
 8.24898 -81.15146
 8.23666 -81.16758
 8.22766 -81.18526
 8.22862 -81.19787
 8.21862 -81.20500
 8.20591 -81.20655
 8.19301 -81.20613
 8.17402 -81.20965
 8.16157 -81.20427
 8.15433 -81.19270
 8.15154 -81.19663
 8.14992 -81.20148
 8.15557 -81.22660
 8.18842 -81.24076
 8.19798 -81.24582
 8.22412 -81.25213
 8.23009 -81.25905
 8.23570 -81.26660
 8.24764 -81.27321
 8.25735 -81.28231
 8.25733 -81.29481
 8.25743 -81.31031
 8.20529 -81.31558
 8.04760 -81.30752
 8.01078 -81.31486
 7.97466 -81.33160
 7.93740 -81.33987
 7.93670 -81.33067
 7.94145 -81.29440
 7.93750 -81.26577
 7.92249 -81.24334
 7.89345 -81.23580
 7.81647 -81.22701
 7.73911 -81.24117
 7.71661 -81.23662
 7.69299 -81.23972
 7.68227 -81.23425
 7.67560 -81.22784
 7.66390 -81.22319
 7.65359 -81.22081
 7.65592 -81.20128
 7.66930 -81.17771
 7.68421 -81.12934
 7.71369 -81.09978
 7.72759 -81.06340
 7.72439 -81.04511
 7.72082 -81.00780
 7.72077 -80.98899
 7.71142 -80.93721
 7.71506 -80.88357
 7.69715 -80.88130
 7.67963 -80.87696
 7.68914 -80.86166
 7.70103 -80.85308
 7.68299 -80.83313
 7.67258 -80.80802
 7.67832 -80.78166
 7.69230 -80.77174
 7.71180 -80.77360
 7.77257 -80.76006
 7.80004 -80.76678
 7.80647 -80.79582
 7.81371 -80.79768
 7.82087 -80.80109
 7.86128 -80.81071
 7.88412 -80.81350
 7.93148 -80.82332
 7.96267 -80.85329
 7.97140 -80.83861
 7.97460 -80.82280
 7.97791 -80.81122
 7.97220 -80.79913
 7.96584 -80.79872
 7.96176 -80.79231
26 152 7.25718 8.19619 -80.5737 -79.9002 'Kuruṇægala (Sri Lanka)'
 7.35723 -80.42210
 7.37650 -80.41290
 7.39149 -80.39833
 7.39472 -80.37445
 7.38598 -80.35244
 7.36702 -80.34893
 7.34650 -80.35006
 7.33469 -80.34675
 7.32503 -80.33952
 7.32459 -80.32887
 7.31377 -80.27999
 7.30289 -80.25653
 7.28726 -80.23462
 7.26894 -80.21395
 7.25718 -80.19359
 7.26989 -80.17612
 7.29808 -80.15121
 7.30632 -80.14542
 7.31485 -80.14263
 7.32477 -80.13354
 7.31984 -80.10574
 7.30263 -80.08124
 7.29408 -80.05230
 7.31343 -80.02471
 7.31242 -80.00073
 7.28273 -79.96259
 7.27444 -79.94130
 7.33392 -79.93892
 7.53101 -79.90192
 7.56548 -79.90017
 7.59990 -79.90213
 7.62734 -79.91288
 7.65276 -79.92787
 7.66408 -79.93169
 7.67398 -79.93872
 7.67770 -79.95329
 7.68413 -79.96507
 7.69328 -79.95960
 7.69633 -79.94730
 7.70937 -79.95236
 7.72092 -79.95918
 7.72498 -79.97210
 7.72609 -79.98647
 7.73061 -79.99732
 7.73971 -80.00435
 7.75028 -80.00052
 7.76136 -79.99515
 7.78782 -79.99835
 7.81208 -80.00786
 7.82394 -80.00972
 7.83474 -80.01334
 7.84156 -80.02626
 7.84978 -80.03845
 7.86055 -80.04135
 7.87079 -80.04610
 7.88172 -80.06729
 7.89081 -80.07132
 7.90091 -80.07277
 7.91487 -80.07897
 7.92164 -80.09375
 7.92001 -80.09261
 7.91820 -80.09189
 7.92014 -80.09819
 7.92799 -80.10584
 7.94024 -80.10605
 7.94985 -80.11183
 7.93822 -80.13261
 7.94789 -80.14522
 7.97006 -80.13323
 7.98184 -80.13902
 7.99313 -80.14656
 8.01584 -80.14759
 8.04277 -80.14677
 8.05589 -80.15069
 8.06780 -80.15318
 8.07527 -80.14119
 8.07997 -80.12754
 8.09796 -80.11814
 8.11749 -80.11442
 8.15702 -80.10388
 8.17712 -80.10439
 8.19619 -80.10253
 8.18428 -80.12413
 8.14229 -80.21632
 8.13738 -80.23606
 8.12976 -80.25518
 8.11907 -80.27017
 8.11635 -80.28867
 8.10367 -80.32185
 8.07943 -80.35192
 8.06310 -80.36825
 8.05199 -80.38634
 8.05261 -80.40515
 8.04031 -80.42024
 8.02780 -80.42055
 8.01520 -80.41879
 7.99385 -80.42169
 7.97566 -80.42034
 7.95827 -80.42220
 7.95246 -80.43616
 7.95130 -80.45228
 7.93753 -80.46055
 7.92078 -80.46313
 7.89761 -80.47254
 7.87396 -80.47750
 7.83924 -80.47367
 7.81500 -80.49910
 7.79867 -80.49445
 7.78115 -80.49703
 7.77619 -80.50592
 7.77410 -80.51346
 7.75854 -80.52059
 7.74201 -80.53052
 7.72485 -80.53734
 7.70762 -80.53765
 7.70511 -80.54127
 7.69793 -80.54633
 7.66452 -80.54922
 7.63357 -80.55480
 7.61579 -80.57310
 7.60406 -80.57268
 7.59225 -80.56979
 7.58316 -80.57000
 7.57458 -80.56638
 7.56174 -80.55222
 7.54063 -80.54974
 7.52057 -80.55977
 7.51058 -80.56586
 7.50003 -80.57093
 7.48753 -80.57372
 7.47544 -80.57165
 7.46789 -80.56607
 7.45756 -80.56555
 7.45205 -80.55356
 7.44903 -80.54178
 7.43634 -80.54984
 7.42275 -80.55584
 7.41764 -80.54509
 7.42012 -80.53072
 7.41200 -80.51605
 7.40084 -80.51760
 7.39045 -80.51615
 7.39175 -80.49899
 7.40275 -80.48349
 7.40273 -80.46912
 7.38273 -80.46592
 7.37728 -80.46168
 7.37141 -80.45827
 7.36487 -80.45910
 7.36022 -80.46075
 7.35498 -80.44277
 7.35723 -80.42210
27 145 7.815 8.91654 -80.9871 -79.955 'Anurādhapura (Sri Lanka)'
 8.33686 -80.92419
 8.32352 -80.91127
 8.30585 -80.90383
 8.28841 -80.89959
 8.28084 -80.88677
 8.28089 -80.84244
 8.27358 -80.80285
 8.23513 -80.78818
 8.19322 -80.78001
 8.15547 -80.76554
 8.11640 -80.75872
 8.08165 -80.75707
 8.06581 -80.77701
 8.03871 -80.75748
 8.01230 -80.75614
 8.00385 -80.73526
 7.99434 -80.71624
 7.98298 -80.70322
 7.96272 -80.68379
 7.95869 -80.67800
 7.96055 -80.67046
 7.96055 -80.66043
 7.94458 -80.65485
 7.92598 -80.65506
 7.91148 -80.64544
 7.89836 -80.63263
 7.89370 -80.63490
 7.88662 -80.63552
 7.88283 -80.62901
 7.87802 -80.62209
 7.86595 -80.61465
 7.85570 -80.59976
 7.86358 -80.58777
 7.86420 -80.57165
 7.84296 -80.55398
 7.83063 -80.52039
 7.81500 -80.49910
 7.83924 -80.47367
 7.87396 -80.47750
 7.89761 -80.47254
 7.92078 -80.46313
 7.93753 -80.46055
 7.95130 -80.45228
 7.95246 -80.43616
 7.95827 -80.42220
 7.97566 -80.42034
 7.99385 -80.42169
 8.01520 -80.41879
 8.02780 -80.42055
 8.04031 -80.42024
 8.05261 -80.40515
 8.05199 -80.38634
 8.06310 -80.36825
 8.07943 -80.35192
 8.10367 -80.32185
 8.11635 -80.28867
 8.11907 -80.27017
 8.12976 -80.25518
 8.13738 -80.23606
 8.14229 -80.21632
 8.18428 -80.12413
 8.19619 -80.10253
 8.21051 -80.09137
 8.22224 -80.07659
 8.22151 -80.05633
 8.23482 -80.03845
 8.22722 -80.02161
 8.22712 -80.00083
 8.24487 -79.99463
 8.34569 -79.96972
 8.37373 -79.95505
 8.39851 -79.96600
 8.40621 -79.98285
 8.41517 -79.98740
 8.42220 -79.98874
 8.44752 -80.01995
 8.48579 -80.03814
 8.52708 -80.03246
 8.52302 -80.04073
 8.52191 -80.05034
 8.61459 -80.05241
 8.67319 -80.04445
 8.65521 -80.08899
 8.65505 -80.13809
 8.68035 -80.23534
 8.64787 -80.23575
 8.61971 -80.24599
 8.61454 -80.26118
 8.60785 -80.27596
 8.59552 -80.28237
 8.58196 -80.28609
 8.56077 -80.29673
 8.54961 -80.31782
 8.54671 -80.32825
 8.54615 -80.33797
 8.57351 -80.35327
 8.58118 -80.37104
 8.62428 -80.38965
 8.67500 -80.42902
 8.68888 -80.45951
 8.67913 -80.47801
 8.66715 -80.49496
 8.66738 -80.52680
 8.68756 -80.55346
 8.71014 -80.57878
 8.73541 -80.60059
 8.75381 -80.61268
 8.77083 -80.62674
 8.78949 -80.65051
 8.81538 -80.64214
 8.83894 -80.62374
 8.84788 -80.59770
 8.86982 -80.59584
 8.87238 -80.67025
 8.89251 -80.69929
 8.89992 -80.72554
 8.90509 -80.75304
 8.91654 -80.78125
 8.91589 -80.81060
 8.90158 -80.83613
 8.87145 -80.87964
 8.85471 -80.89504
 8.84396 -80.90310
 8.83680 -80.91261
 8.81086 -80.90093
 8.78608 -80.88398
 8.74311 -80.88460
 8.70291 -80.90310
 8.68205 -80.91075
 8.64614 -80.89525
 8.62573 -80.89608
 8.61617 -80.90455
 8.60588 -80.91520
 8.58203 -80.91933
 8.54299 -80.94579
 8.50979 -80.95984
 8.49850 -80.96884
 8.48964 -80.98041
 8.47426 -80.98713
 8.45951 -80.97886
 8.45036 -80.96460
 8.43832 -80.95230
 8.42626 -80.94817
 8.41367 -80.94589
 8.33686 -80.92419
28 91 6.7539 7.27201 -80.9659 -80.4323 'Nuvara Ĕliya (Sri Lanka)'
 6.75390 -80.64255
 6.76132 -80.58767
 6.77295 -80.53579
 6.77491 -80.51140
 6.79052 -80.49083
 6.80077 -80.49445
 6.80791 -80.50209
 6.81529 -80.49527
 6.83168 -80.49600
 6.84170 -80.50747
 6.85509 -80.50582
 6.88134 -80.49817
 6.89844 -80.47502
 6.90780 -80.44597
 6.93673 -80.43729
 6.97386 -80.44432
 6.98038 -80.43791
 6.98800 -80.43233
 6.99541 -80.43781
 6.99800 -80.44546
 7.01012 -80.45931
 7.02422 -80.46809
 7.02513 -80.46478
 7.02836 -80.46344
 7.02585 -80.49207
 6.95945 -80.53692
 6.94229 -80.56607
 6.96516 -80.58767
 6.99854 -80.59966
 7.01469 -80.58777
 7.02872 -80.57289
 7.06096 -80.55532
 7.06435 -80.54747
 7.06189 -80.53930
 7.07985 -80.56194
 7.07549 -80.59801
 7.07990 -80.61837
 7.09988 -80.64741
 7.10026 -80.66694
 7.09579 -80.68410
 7.17153 -80.74849
 7.20563 -80.76874
 7.24307 -80.75965
 7.27201 -80.75645
 7.25656 -80.77381
 7.23744 -80.78807
 7.23377 -80.79851
 7.23276 -80.80719
 7.19672 -80.83014
 7.19385 -80.86683
 7.20018 -80.90972
 7.19178 -80.95116
 7.17377 -80.95034
 7.14884 -80.95788
 7.13972 -80.95571
 7.13130 -80.95778
 7.12592 -80.96232
 7.12081 -80.96594
 7.11243 -80.95912
 7.10318 -80.95426
 7.08546 -80.95974
 7.07851 -80.96119
 7.07112 -80.95788
 7.06285 -80.95137
 7.05551 -80.94331
 7.03784 -80.93411
 7.01833 -80.92956
 6.98552 -80.90734
 6.97735 -80.86951
 6.96877 -80.85143
 6.95436 -80.83561
 6.93454 -80.83076
 6.91916 -80.81732
 6.92022 -80.79861
 6.91935 -80.78053
 6.90340 -80.78166
 6.88744 -80.81360
 6.87348 -80.82021
 6.85813 -80.82590
 6.85201 -80.83096
 6.84527 -80.83489
 6.82150 -80.82021
 6.81563 -80.82941
 6.81101 -80.83861
 6.79659 -80.82838
 6.79191 -80.80947
 6.76248 -80.75283
 6.75827 -80.72162
 6.75936 -80.68844
 6.75739 -80.66363
 6.75390 -80.64255
29 83 8.54615 9.12567 -80.7841 -80.1738 'Vavuniyāva (Sri Lanka)'
 8.90509 -80.75304
 8.89992 -80.72554
 8.89251 -80.69929
 8.87238 -80.67025
 8.86982 -80.59584
 8.84788 -80.59770
 8.83894 -80.62374
 8.81538 -80.64214
 8.78949 -80.65051
 8.77083 -80.62674
 8.75381 -80.61268
 8.73541 -80.60059
 8.71014 -80.57878
 8.68756 -80.55346
 8.66738 -80.52680
 8.66715 -80.49496
 8.67913 -80.47801
 8.68888 -80.45951
 8.67500 -80.42902
 8.62428 -80.38965
 8.58118 -80.37104
 8.57351 -80.35327
 8.54615 -80.33797
 8.54671 -80.32825
 8.54961 -80.31782
 8.56077 -80.29673
 8.58196 -80.28609
 8.59552 -80.28237
 8.60785 -80.27596
 8.61454 -80.26118
 8.61971 -80.24599
 8.64787 -80.23575
 8.68035 -80.23534
 8.72877 -80.19751
 8.74665 -80.17385
 8.75970 -80.17405
 8.77450 -80.17777
 8.77706 -80.20361
 8.81060 -80.21849
 8.82595 -80.24650
 8.82194 -80.28268
 8.82894 -80.33900
 8.84858 -80.39275
 8.88349 -80.39781
 8.92181 -80.38262
 8.94643 -80.36712
 8.95904 -80.34004
 8.98793 -80.38644
 9.01035 -80.41435
 9.03715 -80.43223
 9.05405 -80.43099
 9.07113 -80.42737
 9.08007 -80.42747
 9.08821 -80.42644
 9.09056 -80.41176
 9.10100 -80.40401
 9.11557 -80.40660
 9.11727 -80.42458
 9.11611 -80.44391
 9.11709 -80.47832
 9.10133 -80.50333
 9.07859 -80.51873
 9.08942 -80.54333
 9.10459 -80.56049
 9.10937 -80.57041
 9.11479 -80.57992
 9.11988 -80.58178
 9.12479 -80.58405
 9.12567 -80.61661
 9.11389 -80.64762
 9.08180 -80.65123
 9.07888 -80.67810
 9.05870 -80.68968
 9.04462 -80.68007
 9.03103 -80.67841
 9.03475 -80.69402
 9.04467 -80.70870
 9.03991 -80.74022
 9.02059 -80.77205
 9.00454 -80.78414
 8.93682 -80.76575
 8.92258 -80.75748
 8.90509 -80.75304
30 94 6.94229 7.48965 -81.014 -80.4221 'Mahanuvara (Sri Lanka)'
 7.02836 -80.46344
 7.04817 -80.46396
 7.06355 -80.47119
 7.07600 -80.46396
 7.11207 -80.44876
 7.12256 -80.46024
 7.12820 -80.49486
 7.14512 -80.51057
 7.14574 -80.52152
 7.14830 -80.53238
 7.16060 -80.54023
 7.17375 -80.54592
 7.18830 -80.53424
 7.20261 -80.51977
 7.21726 -80.51956
 7.23509 -80.52194
 7.24974 -80.50985
 7.26372 -80.48442
 7.26961 -80.47595
 7.28891 -80.47760
 7.32656 -80.43440
 7.35723 -80.42210
 7.35498 -80.44277
 7.36022 -80.46075
 7.36487 -80.45910
 7.37141 -80.45827
 7.37728 -80.46168
 7.38273 -80.46592
 7.40273 -80.46912
 7.40275 -80.48349
 7.39175 -80.49899
 7.39045 -80.51615
 7.40084 -80.51760
 7.41200 -80.51605
 7.42012 -80.53072
 7.41764 -80.54509
 7.42275 -80.55584
 7.43634 -80.54984
 7.44903 -80.54178
 7.45205 -80.55356
 7.45756 -80.56555
 7.42944 -80.58612
 7.38981 -80.64968
 7.38764 -80.68648
 7.41115 -80.70777
 7.44784 -80.70446
 7.46342 -80.71045
 7.47182 -80.72441
 7.46611 -80.73919
 7.43559 -80.77639
 7.43986 -80.80512
 7.46582 -80.83675
 7.46544 -80.87799
 7.47350 -80.89442
 7.45854 -80.90651
 7.46257 -80.91385
 7.46812 -80.92026
 7.48660 -80.93132
 7.48965 -80.95158
 7.48613 -80.98331
 7.33516 -80.99209
 7.26279 -81.01400
 7.23036 -81.01224
 7.20545 -80.98527
 7.19946 -80.96387
 7.19178 -80.95116
 7.20018 -80.90972
 7.19385 -80.86683
 7.19672 -80.83014
 7.23276 -80.80719
 7.23377 -80.79851
 7.23744 -80.78807
 7.25656 -80.77381
 7.27201 -80.75645
 7.24307 -80.75965
 7.20563 -80.76874
 7.17153 -80.74849
 7.09579 -80.68410
 7.10026 -80.66694
 7.09988 -80.64741
 7.07990 -80.61837
 7.07549 -80.59801
 7.07985 -80.56194
 7.06189 -80.53930
 7.06435 -80.54747
 7.06096 -80.55532
 7.02872 -80.57289
 7.01469 -80.58777
 6.99854 -80.59966
 6.96516 -80.58767
 6.94229 -80.56607
 6.95945 -80.53692
 7.02585 -80.49207
 7.02836 -80.46344
