0 54 -53.1926 -52.9616 -73.8122 -73.236 'Heard Island and McDonald Islands (Heard Island and McDonald Islands)'
 -53.11240 -73.73512
 -53.11891 -73.76189
 -53.12054 -73.78907
 -53.11850 -73.81219
 -53.14666 -73.66163
 -53.17986 -73.60955
 -53.18760 -73.58082
 -53.19256 -73.50733
 -53.18922 -73.47340
 -53.17327 -73.44020
 -53.16530 -73.43043
 -53.13934 -73.40414
 -53.09051 -73.37094
 -53.07480 -73.36378
 -53.06463 -73.37127
 -53.05885 -73.35971
 -53.05169 -73.35328
 -53.04420 -73.35418
 -53.03729 -73.36443
 -53.02923 -73.34474
 -53.02508 -73.32887
 -53.02174 -73.27101
 -53.01507 -73.25367
 -53.00221 -73.24171
 -52.98203 -73.23601
 -52.97527 -73.26938
 -52.96160 -73.29689
 -52.98480 -73.33090
 -52.98577 -73.33717
 -52.99651 -73.34457
 -53.00921 -73.36109
 -53.01702 -73.37745
 -53.01312 -73.38494
 -52.99782 -73.38917
 -52.99098 -73.39959
 -52.99285 -73.41293
 -53.00319 -73.42652
 -53.00937 -73.41285
 -53.02532 -73.42563
 -53.02809 -73.44703
 -53.02158 -73.47023
 -53.00937 -73.48797
 -53.01531 -73.50766
 -53.01678 -73.56422
 -53.02679 -73.58758
 -53.03387 -73.59848
 -53.03965 -73.62094
 -53.04412 -73.63258
 -53.05071 -73.64015
 -53.06797 -73.65561
 -53.07147 -73.66334
 -53.09026 -73.68898
 -53.10084 -73.69947
 -53.11240 -73.73512
