0 73 54.0404 54.419 4.31192 4.8306 'Isle of Man (Isle of Man)'
 54.05695 4.61213
 54.06965 4.62076
 54.07062 4.63126
 54.06660 4.64322
 54.06379 4.65640
 54.06704 4.67101
 54.08153 4.68969
 54.08487 4.70450
 54.07901 4.72598
 54.06737 4.74559
 54.05923 4.76622
 54.06379 4.79015
 54.07123 4.79015
 54.07307 4.78482
 54.07477 4.78132
 54.07624 4.77709
 54.07746 4.76968
 54.09683 4.77086
 54.12490 4.73717
 54.14256 4.72814
 54.17259 4.72765
 54.18545 4.72378
 54.20034 4.71447
 54.20991 4.71109
 54.21662 4.71227
 54.22065 4.71028
 54.22378 4.68814
 54.23355 4.66397
 54.24942 4.64306
 54.26545 4.61246
 54.27660 4.59838
 54.33918 4.55460
 54.36612 4.53100
 54.38589 4.49535
 54.40436 4.44201
 54.40965 4.40445
 54.41572 4.38573
 54.41901 4.36779
 54.41380 4.35131
 54.39940 4.35709
 54.36188 4.37755
 54.34833 4.37560
 54.34089 4.37023
 54.32429 4.36376
 54.31761 4.35823
 54.31476 4.35049
 54.31342 4.33218
 54.31021 4.32470
 54.30459 4.31941
 54.29560 4.31322
 54.28718 4.31192
 54.28351 4.32095
 54.28034 4.32673
 54.26301 4.34081
 54.25951 4.34826
 54.25153 4.35436
 54.24225 4.35977
 54.23505 4.36563
 54.23127 4.37182
 54.22207 4.39916
 54.19473 4.39078
 54.18008 4.41259
 54.16913 4.44689
 54.15314 4.47549
 54.14081 4.47460
 54.11909 4.52929
 54.10847 4.54377
 54.10065 4.54979
 54.09683 4.56383
 54.09443 4.57958
 54.09105 4.59093
 54.08389 4.59895
 54.05695 4.61213
1 9 54.0404 54.419 4.31192 4.8306 'Isle of Man (Isle of Man)'
 54.05976 4.81037
 54.05793 4.80101
 54.04621 4.80809
 54.04043 4.81220
 54.04369 4.81656
 54.04267 4.82384
 54.04963 4.83060
 54.05475 4.82779
 54.05976 4.81037
