0 144 28.1341 31.7492 -41.9128 -34.8218 'Al Jawf (Saudi Arabia)'
 30.89278 -38.21278
 30.88292 -38.28703
 30.88452 -38.36212
 30.89419 -38.49539
 30.91913 -38.72891
 30.92834 -38.78666
 30.94025 -38.84776
 30.94951 -38.90469
 30.95600 -38.97612
 30.96250 -39.08472
 30.95889 -39.19500
 30.95050 -39.27312
 30.87416 -39.85166
 30.86782 -39.88319
 30.85139 -39.92528
 30.82223 -39.96477
 30.77694 -40.01888
 30.75911 -40.05381
 30.74667 -40.09332
 30.73979 -40.12820
 30.73450 -40.19036
 30.72694 -40.28360
 30.72448 -40.35315
 30.72267 -40.45141
 30.72148 -40.65518
 30.72440 -40.73061
 30.74389 -40.85027
 30.73805 -40.89804
 30.52944 -41.47832
 30.50779 -41.51996
 30.47954 -41.55511
 30.12277 -41.90444
 30.10222 -41.91277
 30.08305 -41.90722
 30.04028 -41.86278
 30.01860 -41.83583
 29.96361 -41.75443
 29.93627 -41.71095
 29.87638 -41.60110
 29.60759 -41.10267
 29.53694 -40.96305
 29.48690 -40.87939
 29.42619 -40.79526
 29.40022 -40.76702
 29.37910 -40.75146
 29.35416 -40.74389
 29.31978 -40.73980
 29.22910 -40.73715
 29.13095 -40.73258
 29.07471 -40.72804
 28.99033 -40.71461
 28.95688 -40.70313
 28.93426 -40.68327
 28.81601 -40.54350
 28.82242 -40.52900
 28.82965 -40.49976
 28.83347 -40.46742
 28.82849 -40.44661
 28.77461 -40.29755
 28.68843 -40.07454
 28.48576 -39.60429
 28.20356 -38.94734
 28.13468 -38.69414
 28.13406 -38.67530
 28.13901 -38.65043
 28.24866 -38.10617
 28.26216 -38.04152
 28.28111 -37.98000
 28.29571 -37.94432
 28.32201 -37.89616
 28.34389 -37.86583
 28.37546 -37.82985
 28.56555 -37.40722
 28.56670 -37.36066
 28.60266 -36.62936
 28.83991 -36.19093
 28.89089 -36.13937
 28.92381 -36.09232
 28.95744 -35.99459
 28.96906 -35.94216
 28.98458 -35.85741
 28.98785 -35.81736
 28.98595 -35.78372
 28.93979 -35.40472
 28.93333 -35.36417
 28.92349 -35.32963
 28.90277 -35.29444
 28.87656 -35.26656
 28.85628 -35.25154
 28.85676 -35.21903
 28.88203 -34.82218
 28.88331 -34.82179
 29.02753 -34.84754
 29.03597 -34.84984
 29.14214 -34.88128
 29.29058 -34.92825
 29.34032 -34.94813
 29.35547 -34.95645
 29.35571 -34.95664
 29.35736 -34.96087
 29.31642 -35.26551
 29.23488 -35.74905
 29.20887 -35.91193
 29.18373 -36.07298
 29.19023 -36.08388
 29.23273 -36.15291
 29.41950 -36.43742
 29.43048 -36.44956
 29.50378 -36.51602
 29.63219 -36.61709
 29.69519 -36.64494
 29.74995 -36.68044
 29.86719 -36.78429
 29.88144 -36.84973
 29.91594 -37.02975
 29.95319 -37.23955
 29.96384 -37.30178
 30.04430 -37.52807
 30.12897 -37.56961
 30.26613 -37.63804
 30.33377 -37.67236
 30.48792 -37.98302
 30.49951 -38.00567
 30.50191 -38.00657
 30.73648 -37.77534
 30.84909 -37.66317
 31.04874 -37.46149
 31.50055 -37.00618
 31.67736 -37.68926
 31.68998 -37.73977
 31.74920 -37.98230
 31.72559 -37.97910
 31.69444 -37.97277
 31.65166 -37.96166
 31.56778 -37.93500
 31.45928 -37.88479
 31.38166 -37.86083
 31.32470 -37.86216
 31.28978 -37.86563
 31.21416 -37.87778
 30.93571 -38.13789
 30.91664 -38.16112
 30.90055 -38.19055
 30.89278 -38.21278
1 128 22.4892 27.3979 -42.0772 -36.8889 'Al Madinah (Saudi Arabia)'
 26.68384 -39.12196
 26.66306 -39.20389
 26.66338 -39.28105
 26.68207 -39.42938
 26.69083 -39.48823
 26.71235 -39.61823
 26.72944 -39.69778
 26.72028 -39.76444
 26.68305 -39.79972
 26.63667 -39.82861
 26.35222 -39.94666
 26.30833 -39.96000
 26.24069 -39.95637
 26.16960 -39.94461
 26.04395 -39.91875
 25.96801 -39.90445
 25.91639 -39.89972
 25.41250 -39.94389
 25.37000 -39.96222
 25.33082 -40.00000
 25.30944 -40.06667
 25.31500 -40.11388
 25.41130 -40.60960
 25.42881 -40.65088
 25.45237 -40.68270
 25.49861 -40.72277
 25.54139 -40.75777
 25.57611 -40.80276
 25.58972 -40.84861
 25.59358 -40.88471
 25.59805 -40.94860
 25.59944 -40.99667
 25.59844 -41.04207
 25.59000 -41.11850
 25.56665 -41.27570
 25.48279 -41.66380
 25.03916 -41.73582
 24.62083 -42.07721
 23.95667 -41.98833
 23.64109 -41.72475
 23.60281 -41.67005
 23.33833 -41.29749
 23.12305 -41.26194
 22.58741 -40.67586
 22.56916 -40.64000
 22.48917 -40.19221
 22.49555 -40.12472
 22.52777 -40.06110
 23.02777 -39.95333
 23.07389 -39.95444
 23.13472 -39.93527
 23.15222 -39.91416
 23.15305 -39.84694
 23.14389 -39.77611
 23.10694 -39.65305
 23.07444 -39.53806
 23.07222 -39.45277
 23.16222 -39.20777
 23.41983 -38.65732
 23.42047 -38.65600
 23.42098 -38.65545
 23.66146 -38.49249
 23.66586 -38.48978
 23.68095 -38.48323
 23.71785 -38.46901
 23.73862 -38.46339
 23.74160 -38.46274
 23.74676 -38.46274
 23.75045 -38.46420
 23.76591 -38.46542
 23.76911 -38.46542
 23.77881 -38.46420
 23.78169 -38.46316
 23.81188 -38.43301
 23.87382 -38.36278
 23.87486 -38.36157
 23.93306 -38.28787
 23.93757 -38.28189
 24.05693 -38.09959
 24.22648 -37.77362
 24.25469 -37.62144
 24.24911 -37.61312
 24.24526 -37.58060
 24.24529 -37.57546
 24.26905 -37.52214
 24.28601 -37.50142
 24.36947 -37.42616
 24.37005 -37.42588
 24.53219 -37.39177
 24.58805 -37.39301
 24.62250 -37.40138
 24.66139 -37.42889
 24.66917 -37.45139
 24.67170 -37.50492
 24.67028 -37.56305
 24.67086 -37.61713
 24.79166 -37.94277
 24.81609 -37.97532
 24.86777 -38.00139
 25.44944 -38.02555
 25.47964 -38.00311
 25.73324 -37.79603
 26.00472 -37.56944
 26.01422 -37.55700
 26.10111 -37.39139
 26.12250 -37.34472
 26.14750 -37.24889
 26.27166 -37.18527
 26.30713 -37.16846
 26.68708 -37.03862
 27.18361 -36.88889
 27.25361 -36.89166
 27.38028 -37.21045
 27.38444 -37.26472
 27.39790 -37.74918
 27.39083 -37.78194
 27.37194 -37.80527
 27.31779 -37.82250
 27.22267 -37.85519
 27.14675 -37.90086
 27.09278 -37.94011
 27.05781 -37.98998
 26.88944 -38.31667
 26.88722 -38.52139
 26.88416 -38.56667
 26.80555 -38.88944
 26.72139 -39.06805
 26.68384 -39.12196
2 184 18.1639 23.9719 -43.5708 -38.6664 'Makkah (Saudi Arabia)'
 21.70761 -39.08834
 21.70718 -39.09262
 21.71781 -39.09836
 21.70761 -39.08834
 21.70763 -39.08813
 21.70874 -39.08396
 21.70967 -39.08291
 21.90680 -38.94926
 21.93960 -38.94242
 22.00466 -38.93438
 22.01482 -38.93387
 22.01989 -38.93471
 22.02166 -38.93575
 22.02870 -38.94055
 22.03206 -38.94593
 22.04015 -38.97437
 22.04043 -38.97588
 22.03873 -38.99015
 22.03865 -38.99062
 22.03771 -38.99082
 22.16320 -39.05283
 22.36146 -39.09464
 22.55560 -39.08683
 22.56113 -39.08510
 22.57935 -39.07872
 22.58199 -39.07764
 22.73546 -38.99937
 22.97461 -38.85970
 23.03715 -38.78859
 23.30004 -38.68312
 23.40921 -38.66644
 23.41739 -38.66671
 23.45111 -38.88083
 23.44778 -38.92805
 23.40416 -38.96055
 23.33995 -39.01270
 23.22922 -39.12953
 23.16222 -39.20777
 23.07222 -39.45277
 23.07444 -39.53806
 23.10694 -39.65305
 23.14389 -39.77611
 23.15305 -39.84694
 23.15222 -39.91416
 23.13472 -39.93527
 23.07389 -39.95444
 23.02777 -39.95333
 22.52777 -40.06110
 22.49555 -40.12472
 22.48917 -40.19221
 22.56916 -40.64000
 22.58741 -40.67586
 23.12305 -41.26194
 23.33833 -41.29749
 23.60281 -41.67005
 23.64109 -41.72475
 23.70916 -41.76138
 23.79583 -41.76500
 23.85972 -41.74249
 23.92416 -41.73138
 23.95722 -41.76805
 23.97194 -41.83972
 23.95667 -41.98833
 23.71536 -42.09854
 23.51181 -42.17133
 23.27278 -42.22500
 22.99166 -42.35777
 22.92048 -42.57490
 22.90667 -42.89166
 22.83639 -43.01389
 22.68127 -42.95583
 22.55167 -43.01749
 22.52639 -43.17249
 22.53972 -43.38277
 22.51889 -43.47610
 21.95611 -43.50916
 21.83750 -43.44444
 21.54865 -43.39166
 21.36166 -43.39083
 21.12278 -43.57083
 20.85194 -43.29778
 20.86889 -43.23360
 20.86639 -43.18916
 20.81333 -42.94444
 20.62583 -42.63472
 20.53853 -42.52870
 20.44751 -42.42634
 20.41083 -42.38916
 20.35778 -42.31777
 20.34194 -42.27444
 20.34027 -42.25361
 20.35255 -42.20096
 20.37666 -42.16750
 20.43142 -42.13234
 20.49083 -42.10222
 20.56980 -42.06532
 20.61353 -42.04042
 20.64694 -42.01472
 20.68124 -41.96415
 20.68361 -41.93139
 20.51361 -41.25777
 19.98261 -40.93776
 19.58028 -40.96333
 19.54318 -40.99468
 19.38776 -41.17689
 19.36222 -41.24472
 19.36639 -41.28889
 19.37972 -41.33055
 19.41666 -41.36388
 19.45500 -41.37389
 19.54500 -41.39194
 19.60194 -41.41277
 19.65931 -41.43479
 19.69747 -41.45248
 19.76583 -41.49750
 19.78194 -41.54166
 19.81355 -41.73432
 19.81750 -41.78638
 19.79789 -41.83561
 19.76900 -41.85793
 19.72862 -41.86845
 19.42722 -41.89111
 19.38111 -41.89222
 19.26139 -41.84888
 19.23618 -41.82594
 19.22066 -41.78146
 19.22152 -41.73975
 19.23118 -41.67030
 19.23250 -41.63166
 19.22333 -41.56801
 19.19527 -41.39694
 19.16653 -41.38990
 18.95281 -41.38257
 18.89099 -41.38624
 18.83750 -41.40055
 18.80309 -41.42385
 18.78333 -41.47194
 18.78715 -41.54414
 18.78550 -41.61307
 18.76250 -41.70750
 18.72856 -41.73331
 18.51083 -41.81055
 18.45990 -41.81148
 18.33361 -41.77666
 18.31389 -41.77055
 18.27528 -41.75555
 18.24330 -41.72837
 18.22861 -41.70250
 18.19231 -41.63226
 18.16391 -41.57023
 18.22652 -41.49749
 18.23141 -41.49293
 18.61074 -41.25835
 19.20610 -41.04068
 19.48707 -40.96175
 19.49602 -40.96147
 19.49644 -40.96123
 19.75311 -40.77787
 19.75666 -40.77499
 19.76914 -40.76417
 19.78502 -40.74904
 19.96940 -40.53620
 19.97287 -40.53192
 20.24311 -40.12819
 20.26648 -39.95023
 20.26263 -39.94620
 20.27012 -39.92036
 20.27072 -39.91884
 20.27669 -39.90632
 20.29479 -39.87098
 20.29498 -39.87062
 20.37838 -39.75019
 20.40169 -39.72110
 20.45428 -39.67059
 20.54544 -39.59712
 21.09541 -39.19649
 21.10318 -39.19150
 21.12946 -39.17855
 21.29925 -39.10459
 21.31038 -39.10315
 21.70255 -39.08592
 21.70456 -39.08597
 21.70593 -39.08670
 21.70761 -39.08834
3 122 24.6225 28.9879 -40.1697 -34.7088 'Tabuk (Saudi Arabia)'
 28.24866 -38.10617
 28.17497 -38.61639
 28.19144 -38.82560
 28.20605 -38.86761
 28.21074 -38.89965
 28.20966 -38.92334
 28.20356 -38.94734
 28.05725 -39.41979
 28.02472 -39.47444
 27.92630 -39.62798
 27.84357 -39.73758
 27.80824 -39.77868
 27.20777 -40.15943
 27.18805 -40.16972
 27.14472 -40.16943
 27.10416 -40.14360
 26.67833 -39.84722
 26.65667 -39.81611
 26.66306 -39.20389
 26.68384 -39.12196
 26.88416 -38.56667
 27.03583 -38.20166
 27.22267 -37.85519
 27.38444 -37.26472
 27.38028 -37.21045
 27.25361 -36.89166
 27.18361 -36.88889
 26.68708 -37.03862
 26.30713 -37.16846
 26.27166 -37.18527
 26.14750 -37.24889
 26.12250 -37.34472
 26.10111 -37.39139
 26.01422 -37.55700
 26.00472 -37.56944
 25.73324 -37.79603
 25.47964 -38.00311
 25.44944 -38.02555
 24.86777 -38.00139
 24.81609 -37.97532
 24.79166 -37.94277
 24.67086 -37.61713
 24.62250 -37.40138
 24.66307 -37.30173
 24.70116 -37.23722
 24.71087 -37.22413
 24.81890 -37.15716
 24.81951 -37.15678
 24.82396 -37.15538
 24.82518 -37.15563
 24.83422 -37.15824
 24.83801 -37.16894
 24.83977 -37.17455
 24.83957 -37.17608
 24.83210 -37.19792
 24.82317 -37.19372
 24.82152 -37.19080
 24.82086 -37.19025
 24.81999 -37.19024
 24.81627 -37.19221
 24.81471 -37.19391
 24.81037 -37.19966
 24.80987 -37.20078
 24.80980 -37.20224
 24.80984 -37.22309
 24.80986 -37.22410
 24.81055 -37.22515
 24.81624 -37.22994
 24.86589 -37.26805
 24.87209 -37.26954
 24.96560 -37.28468
 24.98819 -37.28740
 25.13672 -37.26254
 25.14937 -37.25877
 25.16725 -37.25175
 25.17039 -37.25037
 25.19055 -37.23788
 25.65549 -36.92127
 25.72564 -36.84205
 25.73610 -36.80793
 25.71672 -36.81389
 25.70844 -36.79871
 25.71346 -36.78581
 25.74356 -36.74256
 25.76002 -36.72169
 25.78335 -36.69652
 25.84878 -36.64794
 26.11864 -36.49574
 26.34824 -36.37367
 26.40323 -36.34518
 26.41961 -36.34598
 26.43816 -36.33869
 26.50123 -36.30871
 26.53706 -36.28857
 26.54297 -36.28518
 26.63671 -36.22316
 27.75961 -35.43832
 27.77104 -35.42957
 28.05484 -35.16508
 28.11128 -35.05727
 28.11141 -35.05685
 28.12075 -35.01592
 28.12112 -35.01361
 28.13954 -34.70880
 28.65030 -34.78524
 28.87257 -34.83835
 28.89643 -34.97902
 28.98595 -35.78372
 28.98785 -35.81736
 28.98458 -35.85741
 28.96906 -35.94216
 28.83991 -36.19093
 28.60266 -36.62936
 28.56670 -37.36066
 28.56555 -37.40722
 28.37546 -37.82985
 28.34389 -37.86583
 28.32201 -37.89616
 28.29571 -37.94432
 28.28111 -37.98000
 28.26216 -38.04152
 28.24866 -38.10617
4 23 19.3622 20.7656 -42.0389 -40.9378 'Al Bahah (Saudi Arabia)'
 20.70861 -41.42667
 20.60555 -41.46388
 20.61528 -41.67694
 20.68361 -41.93139
 20.68124 -41.96415
 20.64694 -42.01472
 20.62906 -42.02848
 20.33028 -42.03889
 19.79305 -41.69778
 19.37972 -41.33055
 19.36639 -41.28889
 19.36222 -41.24472
 19.38776 -41.17689
 19.54318 -40.99468
 19.58028 -40.96333
 19.98261 -40.93776
 20.69917 -41.23499
 20.74677 -41.27234
 20.76278 -41.30666
 20.76563 -41.33829
 20.75944 -41.37055
 20.74093 -41.39956
 20.70861 -41.42667
5 120 27.5844 32.1535 -46.1093 -37.8608 'Al Hudud ash Shamaliyah (Saudi Arabia)'
 31.01578 -42.22243
 30.51281 -42.92603
 30.50491 -42.94096
 30.29892 -43.23199
 29.72025 -44.01760
 29.57734 -44.20607
 29.21428 -44.69188
 29.19632 -44.71796
 29.18647 -44.83031
 29.16801 -45.05578
 29.14128 -45.38900
 29.12776 -45.62098
 29.12004 -45.72224
 29.10130 -45.95237
 29.08720 -46.10931
 29.05883 -46.08688
 28.86731 -45.83980
 28.42489 -45.45631
 27.79559 -45.01360
 27.63166 -44.93725
 27.58444 -44.74944
 27.80833 -44.13943
 27.83662 -44.09442
 27.85944 -44.06833
 27.87724 -44.05380
 27.93332 -44.01900
 27.98021 -43.99904
 28.10166 -43.95165
 28.31809 -43.81758
 28.37111 -43.78333
 28.42026 -43.74641
 28.42639 -43.69971
 28.39716 -43.64034
 28.37000 -43.59833
 28.33711 -43.54085
 28.31277 -43.47944
 28.31315 -43.44374
 28.38039 -43.11053
 28.52309 -42.67092
 28.55182 -42.59553
 28.60833 -42.53166
 28.66347 -42.48517
 28.72303 -42.42568
 28.75095 -42.37485
 28.77166 -42.29416
 28.79154 -42.20363
 28.83659 -41.95200
 28.88333 -41.36971
 28.88073 -41.33552
 28.87138 -41.27110
 28.80134 -40.92315
 28.78097 -40.82997
 28.93426 -40.68327
 29.35416 -40.74389
 29.37910 -40.75146
 29.40022 -40.76702
 29.42619 -40.79526
 29.48690 -40.87939
 29.53694 -40.96305
 29.60759 -41.10267
 29.87638 -41.60110
 29.93627 -41.71095
 29.96361 -41.75443
 30.01860 -41.83583
 30.04028 -41.86278
 30.08305 -41.90722
 30.10222 -41.91277
 30.12277 -41.90444
 30.47954 -41.55511
 30.50779 -41.51996
 30.52944 -41.47832
 30.73805 -40.89804
 30.74389 -40.85027
 30.72440 -40.73061
 30.72148 -40.65518
 30.72267 -40.45141
 30.72448 -40.35315
 30.72694 -40.28360
 30.73450 -40.19036
 30.73979 -40.12820
 30.74667 -40.09332
 30.75911 -40.05381
 30.77694 -40.01888
 30.82223 -39.96477
 30.85139 -39.92528
 30.86782 -39.88319
 30.87416 -39.85166
 30.95050 -39.27312
 30.95889 -39.19500
 30.96250 -39.08472
 30.95600 -38.97612
 30.94951 -38.90469
 30.94025 -38.84776
 30.92834 -38.78666
 30.91913 -38.72891
 30.89419 -38.49539
 30.88452 -38.36212
 30.88292 -38.28703
 30.89278 -38.21278
 30.90055 -38.19055
 30.91664 -38.16112
 30.93571 -38.13789
 31.21416 -37.87778
 31.28978 -37.86563
 31.32470 -37.86216
 31.38166 -37.86083
 31.45928 -37.88479
 31.74920 -37.98230
 31.84267 -38.35784
 32.07441 -39.09996
 32.15355 -39.20039
 32.12797 -39.35607
 32.06205 -39.75224
 32.02206 -39.98005
 31.94463 -40.40886
 31.80542 -40.66757
 31.66911 -40.91340
 31.15345 -41.97294
 31.10367 -42.06716
 31.01578 -42.22243
6 52 24.6208 27.3262 -44.8392 -41.4014 'Al Qasim (Saudi Arabia)'
 27.08444 -44.26415
 27.06472 -44.45776
 27.08833 -44.50555
 27.22222 -44.62749
 27.16999 -44.73722
 27.05555 -44.83916
 26.95194 -44.82555
 26.90416 -44.70416
 26.69027 -44.45722
 26.62388 -44.38416
 26.36472 -44.37638
 26.25111 -44.49249
 25.98472 -44.68666
 25.65793 -44.77429
 25.56860 -44.69527
 25.57750 -44.58222
 25.58845 -44.22879
 25.58388 -44.06055
 25.51500 -43.95750
 25.37944 -43.86943
 25.25861 -43.66554
 25.21834 -43.49088
 25.16427 -43.30035
 25.03249 -43.15971
 24.96888 -43.10889
 24.91027 -43.08416
 24.86238 -43.10482
 24.80805 -43.14083
 24.74916 -43.13139
 24.69472 -43.07332
 24.68111 -43.00527
 24.62083 -42.07721
 24.72388 -41.96721
 25.08583 -41.65388
 25.53873 -41.40145
 25.57249 -41.44471
 25.68583 -41.76250
 25.93277 -42.12360
 26.12138 -42.13610
 26.22986 -42.16669
 26.52273 -42.54620
 27.08173 -43.32093
 27.11578 -43.38048
 27.30034 -43.78536
 27.32623 -43.86122
 27.32440 -43.92415
 27.29744 -43.97473
 27.26207 -44.01543
 27.20315 -44.07601
 27.16339 -44.12950
 27.12304 -44.18751
 27.08444 -44.26415
7 116 19.2561 27.5326 -48.31 -41.9764 'Ar Riyad (Saudi Arabia)'
 26.84999 -45.93360
 26.84254 -46.00581
 26.84332 -46.08447
 26.83805 -46.16499
 26.81972 -46.23055
 26.62949 -46.76681
 26.29166 -47.38721
 26.24444 -47.44611
 26.18408 -47.46399
 26.12110 -47.47049
 26.05427 -47.47369
 25.70415 -47.48469
 25.49667 -47.48249
 25.41658 -47.47974
 25.34273 -47.47412
 25.07638 -47.46694
 24.91424 -47.47523
 24.83821 -47.48337
 24.78249 -47.49667
 24.75277 -47.51499
 24.70588 -47.56963
 24.66811 -47.63252
 24.61295 -47.72804
 24.54185 -47.83790
 24.48726 -47.90414
 24.27666 -48.13610
 24.20330 -48.19625
 24.14499 -48.23233
 24.06805 -48.27055
 23.95816 -48.29680
 23.88416 -48.31000
 23.69065 -48.30937
 23.61508 -48.30140
 23.54569 -48.29243
 21.91009 -48.06588
 20.71275 -47.90027
 20.01157 -47.80489
 19.53113 -47.74501
 19.49333 -47.60694
 19.43930 -47.29302
 19.38354 -46.86401
 19.30698 -45.98845
 19.25875 -45.41015
 19.25611 -45.17638
 19.27278 -45.00916
 19.27564 -45.00000
 19.33361 -44.81416
 19.42022 -44.64785
 19.51250 -44.51666
 19.84912 -44.11439
 19.98310 -44.01301
 20.14444 -43.92416
 20.26694 -43.95027
 20.33583 -43.96750
 20.44881 -44.02974
 20.55432 -44.06020
 20.76373 -43.89411
 20.89167 -43.77250
 20.98557 -43.67696
 21.12278 -43.57083
 21.36166 -43.39083
 21.54865 -43.39166
 21.83750 -43.44444
 21.95611 -43.50916
 22.51889 -43.47610
 22.53972 -43.38277
 22.68127 -42.95583
 22.99166 -42.35777
 23.27278 -42.22500
 23.51181 -42.17133
 23.71536 -42.09854
 23.76060 -42.01498
 23.78917 -41.97639
 24.15166 -41.98389
 24.41528 -41.99888
 24.64861 -42.11278
 24.76472 -42.20277
 24.79563 -42.30626
 24.70639 -42.48499
 24.69138 -42.59888
 24.68111 -43.00527
 24.69472 -43.07332
 24.74916 -43.13139
 24.80805 -43.14083
 24.86238 -43.10482
 24.91027 -43.08416
 24.96888 -43.10889
 25.03249 -43.15971
 25.16427 -43.30035
 25.21834 -43.49088
 25.25861 -43.66554
 25.37944 -43.86943
 25.51500 -43.95750
 25.58388 -44.06055
 25.58845 -44.22879
 25.57750 -44.58222
 25.56860 -44.69527
 25.65793 -44.77429
 25.98472 -44.68666
 26.25111 -44.49249
 26.36472 -44.37638
 26.62388 -44.38416
 26.69027 -44.45722
 26.90416 -44.70416
 27.22222 -44.62749
 27.27083 -44.60777
 27.33333 -44.61222
 27.37388 -44.62832
 27.44743 -44.67690
 27.52665 -44.78345
 27.53255 -44.98998
 27.51833 -45.01666
 27.48218 -45.07167
 27.25536 -45.20914
 27.22714 -45.24910
 26.84999 -45.93360
8 118 17.0927 29.0872 -55.6667 -44.9373 'Ash Sharqiyah (Saudi Arabia)'
 28.65389 -47.60636
 28.52377 -47.70410
 28.52634 -47.89676
 28.52995 -48.16036
 28.53402 -48.43139
 28.52615 -48.44663
 28.47505 -48.49661
 28.42564 -48.50968
 27.60973 -48.84292
 27.56749 -48.89451
 27.56494 -48.90271
 27.44232 -49.31219
 27.13769 -49.50225
 26.69182 -49.98801
 26.39384 -50.20160
 26.36583 -50.22058
 26.32874 -50.22864
 26.31792 -50.23028
 26.30075 -50.22923
 26.18459 -50.22082
 26.18144 -50.21976
 26.05449 -50.15560
 25.89964 -50.10240
 25.73117 -50.13470
 24.74676 -50.79141
 24.54528 -50.92889
 24.50000 -51.00000
 24.47111 -51.09861
 24.29894 -51.37227
 24.12588 -51.59102
 22.93932 -52.58127
 22.91186 -52.81952
 22.88864 -53.03137
 22.80521 -53.74395
 22.73631 -54.30994
 22.63124 -55.13698
 22.70811 -55.20894
 22.70588 -55.21303
 22.25899 -55.50183
 21.99789 -55.66673
 21.52102 -55.50747
 21.27090 -55.42124
 20.65275 -55.21677
 19.98413 -55.00523
 19.00000 -52.00000
 18.78330 -50.78330
 18.73569 -50.29073
 18.68026 -49.73429
 18.61670 -49.11670
 18.36647 -48.59574
 18.16670 -48.18330
 17.45000 -47.60000
 17.40406 -47.58472
 17.11670 -47.46670
 17.09267 -47.42899
 17.78806 -47.51343
 18.98100 -47.66895
 20.01157 -47.80489
 20.71275 -47.90027
 21.91009 -48.06588
 23.54569 -48.29243
 23.61508 -48.30140
 23.69065 -48.30937
 23.88416 -48.31000
 23.95816 -48.29680
 24.06805 -48.27055
 24.14499 -48.23233
 24.20330 -48.19625
 24.27666 -48.13610
 24.48726 -47.90414
 24.54185 -47.83790
 24.61295 -47.72804
 24.66811 -47.63252
 24.70588 -47.56963
 24.75277 -47.51499
 24.78249 -47.49667
 24.83821 -47.48337
 24.91424 -47.47523
 25.07638 -47.46694
 25.34273 -47.47412
 25.41658 -47.47974
 25.49667 -47.48249
 25.70415 -47.48469
 26.05427 -47.47369
 26.12110 -47.47049
 26.18408 -47.46399
 26.24444 -47.44611
 26.29166 -47.38721
 26.62949 -46.76681
 26.81972 -46.23055
 26.83805 -46.16499
 26.84332 -46.08447
 26.84254 -46.00581
 26.84999 -45.93360
 27.22714 -45.24910
 27.25536 -45.20914
 27.55228 -44.97004
 27.58977 -44.94331
 27.63166 -44.93725
 27.70194 -44.95527
 27.73972 -44.97333
 28.63342 -45.58664
 28.70749 -45.64775
 28.76372 -45.70830
 28.81805 -45.77471
 29.08720 -46.10931
 29.06485 -46.87370
 29.06004 -46.93300
 29.00906 -47.39163
 29.00030 -47.46580
 28.96563 -47.49641
 28.83791 -47.58227
 28.83276 -47.58462
 28.78435 -47.58815
 28.71225 -47.59031
 28.69200 -47.59325
 28.65973 -47.60323
 28.65389 -47.60636
9 83 17.4261 20.9856 -44.5219 -41.3826 'Asir (Saudi Arabia)'
 20.44881 -44.02974
 20.33583 -43.96750
 20.26694 -43.95027
 20.14444 -43.92416
 19.98310 -44.01301
 19.84912 -44.11439
 19.74595 -44.26134
 19.61909 -44.40315
 19.51250 -44.51666
 19.38583 -44.52194
 19.34500 -44.51555
 18.91444 -44.39750
 18.85990 -44.37325
 18.82324 -44.34296
 18.79990 -44.30930
 18.77500 -44.26472
 18.76126 -44.23048
 18.75055 -44.19666
 18.74452 -44.15908
 18.73389 -44.10777
 18.70408 -44.06716
 18.27007 -43.67216
 18.22672 -43.64544
 18.19222 -43.63499
 18.15537 -43.63952
 18.05944 -43.67027
 18.01972 -43.67611
 17.58028 -43.67361
 17.54139 -43.66611
 17.42610 -43.61780
 17.52770 -43.31020
 17.67722 -43.12360
 17.65944 -42.66113
 17.66361 -42.60860
 17.91250 -42.16750
 18.05078 -41.92773
 18.09666 -41.91277
 18.32231 -41.91060
 18.72856 -41.73331
 18.76250 -41.70750
 18.78550 -41.61307
 18.78715 -41.54414
 18.78333 -41.47194
 18.80309 -41.42385
 18.83750 -41.40055
 18.89099 -41.38624
 18.95281 -41.38257
 19.16653 -41.38990
 19.19527 -41.39694
 19.22333 -41.56801
 19.23250 -41.63166
 19.23118 -41.67030
 19.22152 -41.73975
 19.22066 -41.78146
 19.23618 -41.82594
 19.26139 -41.84888
 19.38111 -41.89222
 19.42722 -41.89111
 19.72862 -41.86845
 19.76900 -41.85793
 19.79789 -41.83561
 19.81750 -41.78638
 20.13277 -41.81555
 20.62906 -42.02848
 20.61353 -42.04042
 20.56980 -42.06532
 20.49083 -42.10222
 20.43142 -42.13234
 20.37666 -42.16750
 20.35255 -42.20096
 20.34027 -42.25361
 20.34194 -42.27444
 20.35778 -42.31777
 20.41083 -42.38916
 20.44751 -42.42634
 20.53853 -42.52870
 20.62583 -42.63472
 20.81333 -42.94444
 20.98557 -43.67696
 20.89167 -43.77250
 20.76373 -43.89411
 20.55432 -44.06020
 20.44881 -44.02974
10 110 25.3094 28.8833 -44.7943 -38.9999 'Ha'il (Saudi Arabia)'
 28.31315 -43.44374
 28.31277 -43.47944
 28.33711 -43.54085
 28.37000 -43.59833
 28.39716 -43.64034
 28.42639 -43.69971
 28.42026 -43.74641
 28.37111 -43.78333
 28.31809 -43.81758
 28.10166 -43.95165
 27.98021 -43.99904
 27.93332 -44.01900
 27.87724 -44.05380
 27.85944 -44.06833
 27.83662 -44.09442
 27.80833 -44.13943
 27.78916 -44.23277
 27.78217 -44.30218
 27.77805 -44.35915
 27.76579 -44.46589
 27.72334 -44.57171
 27.66570 -44.64561
 27.58444 -44.74944
 27.53682 -44.79427
 27.52665 -44.78345
 27.44743 -44.67690
 27.37388 -44.62832
 27.33333 -44.61222
 27.27083 -44.60777
 27.22222 -44.62749
 27.08833 -44.50555
 27.06472 -44.45776
 27.08444 -44.26415
 27.12304 -44.18751
 27.16339 -44.12950
 27.20315 -44.07601
 27.26207 -44.01543
 27.29744 -43.97473
 27.32440 -43.92415
 27.32623 -43.86122
 27.30034 -43.78536
 27.11578 -43.38048
 27.08173 -43.32093
 26.52273 -42.54620
 26.22986 -42.16669
 26.12138 -42.13610
 25.94167 -42.07582
 25.71635 -41.94904
 25.70557 -41.92637
 25.59014 -41.57854
 25.53855 -41.40106
 25.55444 -41.34221
 25.56665 -41.27570
 25.59000 -41.11850
 25.59844 -41.04207
 25.59944 -40.99667
 25.59805 -40.94860
 25.59358 -40.88471
 25.58972 -40.84861
 25.57611 -40.80276
 25.54139 -40.75777
 25.49861 -40.72277
 25.45237 -40.68270
 25.42881 -40.65088
 25.41130 -40.60960
 25.31500 -40.11388
 25.30944 -40.06667
 25.33082 -40.00000
 25.37000 -39.96222
 25.41250 -39.94389
 26.33667 -39.83055
 26.36139 -39.78638
 26.38222 -39.77416
 26.42472 -39.77416
 26.63667 -39.82861
 26.86573 -39.91858
 26.91626 -39.93898
 26.97944 -39.98805
 27.29417 -39.98416
 27.75305 -39.81305
 27.80824 -39.77868
 27.84357 -39.73758
 27.92630 -39.62798
 28.02472 -39.47444
 28.05725 -39.41979
 28.07389 -39.36055
 28.08805 -39.29538
 28.10781 -39.15710
 28.12861 -39.05555
 28.14750 -39.01055
 28.16789 -38.99986
 28.27155 -39.10289
 28.29371 -39.13760
 28.35791 -39.26937
 28.68843 -40.07454
 28.77461 -40.29755
 28.82849 -40.44661
 28.83347 -40.46742
 28.88333 -41.36971
 28.83659 -41.95200
 28.79154 -42.20363
 28.77166 -42.29416
 28.75095 -42.37485
 28.72303 -42.42568
 28.66347 -42.48517
 28.60833 -42.53166
 28.55182 -42.59553
 28.52309 -42.67092
 28.38039 -43.11053
 28.31315 -43.44374
11 61 16.3795 18.3281 -43.3038 -41.5831 'Jizan (Saudi Arabia)'
 17.91250 -42.16750
 17.66361 -42.60860
 17.65944 -42.66113
 17.68000 -42.68666
 17.73973 -42.69990
 17.83638 -42.72489
 17.90470 -42.75652
 17.94416 -42.78750
 17.98611 -42.85333
 18.01056 -42.91750
 17.98920 -42.94243
 17.62444 -43.24500
 17.56100 -43.28667
 17.53298 -43.30379
 17.52750 -43.30270
 17.38550 -43.22800
 17.17270 -43.17080
 17.11410 -43.15800
 16.91760 -43.13810
 16.91060 -43.13750
 16.90200 -43.13950
 16.88010 -43.15160
 16.84910 -43.18000
 16.80690 -43.23260
 16.77930 -43.25180
 16.64221 -43.23054
 16.52860 -43.12070
 16.40210 -42.95650
 16.39950 -42.94980
 16.39470 -42.92330
 16.37950 -42.83060
 16.40440 -42.78110
 16.43098 -42.76203
 16.56649 -42.71289
 16.58142 -42.71200
 17.43261 -42.31976
 17.43876 -42.31615
 17.44116 -42.31388
 17.60114 -42.13683
 17.69309 -42.02454
 17.69229 -42.02336
 17.69595 -42.01282
 17.70003 -42.00136
 17.72041 -41.96847
 17.82488 -41.81237
 17.91290 -41.71580
 17.94926 -41.67753
 17.98992 -41.64793
 18.09494 -41.58312
 18.16166 -41.61361
 18.19231 -41.63226
 18.31389 -41.77055
 18.32167 -41.80867
 18.32805 -41.87971
 18.32231 -41.91060
 18.30856 -41.92800
 18.27777 -41.93944
 18.23332 -41.93537
 18.09666 -41.91277
 18.04250 -41.96249
 17.91250 -42.16750
12 31 16.95 19.5311 -47.745 -43.635 'Najran (Saudi Arabia)'
 19.29548 -47.70952
 18.98100 -47.66895
 17.09267 -47.42899
 16.95000 -47.18329
 16.95000 -47.00000
 17.28330 -46.75000
 17.23330 -46.36670
 17.25000 -46.10000
 17.33330 -45.40000
 17.43330 -45.21670
 17.43343 -45.00000
 17.43350 -44.88859
 17.43333 -44.36611
 17.40250 -44.01140
 17.54139 -43.66611
 18.19222 -43.63499
 18.22672 -43.64544
 18.27007 -43.67216
 18.70408 -44.06716
 19.42022 -44.64785
 19.33361 -44.81416
 19.27564 -45.00000
 19.27278 -45.00916
 19.25611 -45.17638
 19.25875 -45.41015
 19.30698 -45.98845
 19.38354 -46.86401
 19.43930 -47.29302
 19.49333 -47.60694
 19.53113 -47.74501
 19.29548 -47.70952
