0 100 48.1214 48.3997 -27.3115 -26.6179 'Briceni (Moldova)'
 48.25977 -26.72238
 48.26132 -26.71148
 48.27483 -26.68853
 48.27421 -26.66574
 48.25897 -26.61789
 48.26718 -26.61861
 48.28289 -26.62512
 48.29488 -26.63608
 48.30881 -26.66910
 48.32170 -26.67401
 48.33018 -26.67980
 48.32511 -26.69943
 48.31491 -26.71297
 48.30258 -26.72362
 48.29183 -26.73592
 48.28615 -26.75457
 48.28718 -26.77437
 48.29411 -26.78573
 48.30705 -26.79007
 48.32594 -26.78935
 48.34516 -26.78408
 48.35720 -26.77819
 48.36617 -26.77752
 48.37596 -26.78806
 48.37627 -26.79359
 48.37188 -26.81007
 48.37173 -26.81695
 48.37777 -26.82563
 48.38514 -26.82842
 48.39136 -26.83193
 48.39374 -26.84278
 48.38400 -26.87596
 48.36524 -26.90872
 48.35126 -26.94324
 48.35568 -26.98107
 48.36237 -26.99058
 48.36155 -26.99781
 48.35875 -27.00464
 48.35940 -27.01559
 48.35775 -27.02768
 48.36020 -27.03306
 48.36524 -27.03182
 48.37080 -27.02851
 48.37477 -27.02779
 48.38139 -27.02820
 48.38986 -27.02541
 48.39710 -27.02634
 48.39968 -27.03740
 48.39767 -27.04804
 48.38888 -27.06882
 48.36180 -27.17579
 48.36062 -27.20855
 48.37374 -27.24648
 48.37831 -27.25193
 48.37519 -27.25361
 48.33118 -27.26974
 48.30289 -27.31154
 48.28170 -27.29397
 48.24923 -27.30110
 48.23354 -27.27547
 48.23184 -27.24297
 48.22359 -27.21382
 48.23442 -27.18525
 48.25323 -27.17388
 48.25550 -27.15005
 48.23894 -27.12577
 48.20941 -27.12210
 48.18094 -27.11605
 48.16313 -27.09471
 48.13613 -27.07983
 48.12228 -27.05688
 48.12141 -27.04795
 48.12223 -27.04804
 48.12730 -27.04277
 48.13239 -27.03368
 48.13505 -27.02510
 48.12812 -27.01270
 48.13241 -26.99399
 48.14337 -26.96660
 48.14959 -26.96660
 48.15042 -26.98624
 48.15794 -26.99761
 48.16657 -26.99761
 48.17538 -26.96309
 48.18600 -26.95565
 48.19752 -26.95058
 48.20481 -26.93813
 48.19905 -26.92908
 48.18796 -26.91772
 48.18453 -26.90800
 48.20145 -26.90397
 48.20897 -26.89767
 48.23783 -26.85550
 48.23331 -26.84475
 48.25253 -26.82191
 48.25827 -26.80491
 48.25274 -26.76372
 48.25558 -26.74403
 48.27075 -26.73313
 48.25977 -26.72238
1 64 47.9421 48.3029 -27.5618 -27.0343 'Edineţ (Moldova)'
 48.00560 -27.09579
 48.00844 -27.09336
 48.01185 -27.09145
 48.01562 -27.09000
 48.01981 -27.08897
 48.02609 -27.10933
 48.03350 -27.10933
 48.04366 -27.08318
 48.05805 -27.05921
 48.07727 -27.04174
 48.10177 -27.03430
 48.10735 -27.03688
 48.11650 -27.04742
 48.12141 -27.04795
 48.12228 -27.05688
 48.13613 -27.07983
 48.16313 -27.09471
 48.18094 -27.11605
 48.20941 -27.12210
 48.23894 -27.12577
 48.25550 -27.15005
 48.25323 -27.17388
 48.23442 -27.18525
 48.22359 -27.21382
 48.23184 -27.24297
 48.23354 -27.27547
 48.24923 -27.30110
 48.28170 -27.29397
 48.30289 -27.31154
 48.24747 -27.40337
 48.23729 -27.50993
 48.19998 -27.55287
 48.18615 -27.56181
 48.17592 -27.55473
 48.14778 -27.53024
 48.12042 -27.54615
 48.09603 -27.54724
 48.07045 -27.55628
 48.06068 -27.55726
 48.02105 -27.47717
 48.01154 -27.43794
 48.01146 -27.41572
 48.01288 -27.39464
 48.00348 -27.37738
 48.01162 -27.35190
 48.02994 -27.33387
 48.02410 -27.30395
 48.00312 -27.27795
 47.97418 -27.26250
 47.95211 -27.24199
 47.94467 -27.21444
 47.94268 -27.18612
 47.94210 -27.17827
 47.94413 -27.17827
 47.94643 -27.17196
 47.95780 -27.15098
 47.96501 -27.16287
 47.97379 -27.16979
 47.98307 -27.16876
 47.99196 -27.15718
 47.98684 -27.14375
 48.00046 -27.13460
 48.01319 -27.12148
 48.00560 -27.09579
2 81 47.7507 48.1204 -27.9528 -27.1607 'Rîşcani (Moldova)'
 47.75068 -27.28811
 47.75233 -27.28751
 47.75569 -27.28245
 47.76455 -27.26467
 47.76908 -27.26085
 47.77755 -27.25620
 47.79259 -27.24488
 47.80708 -27.23108
 47.81378 -27.21920
 47.82809 -27.25341
 47.83659 -27.24581
 47.84021 -27.23491
 47.84266 -27.22281
 47.84793 -27.21237
 47.85413 -27.21320
 47.88501 -27.21155
 47.88951 -27.21237
 47.90405 -27.19418
 47.91263 -27.17155
 47.92173 -27.16070
 47.93793 -27.17827
 47.94210 -27.17827
 47.94268 -27.18612
 47.94467 -27.21444
 47.95211 -27.24199
 47.97418 -27.26250
 48.00312 -27.27795
 48.02410 -27.30395
 48.02994 -27.33387
 48.01162 -27.35190
 48.00348 -27.37738
 48.01288 -27.39464
 48.01146 -27.41572
 48.01154 -27.43794
 48.02105 -27.47717
 48.06068 -27.55726
 48.07045 -27.55628
 48.09603 -27.54724
 48.12042 -27.54615
 48.10564 -27.57907
 48.07851 -27.60444
 48.07177 -27.64682
 48.05464 -27.68826
 48.02038 -27.68351
 48.01345 -27.67529
 48.00493 -27.67328
 47.99534 -27.67870
 47.98456 -27.67984
 47.97774 -27.67545
 47.96888 -27.67209
 47.95271 -27.68470
 47.94245 -27.70315
 47.92906 -27.73927
 47.94090 -27.77172
 47.96219 -27.79544
 47.96340 -27.82536
 47.91002 -27.88866
 47.89920 -27.90959
 47.88075 -27.91285
 47.85323 -27.92169
 47.84804 -27.95099
 47.81620 -27.95280
 47.79848 -27.90148
 47.78458 -27.84841
 47.79465 -27.81580
 47.83636 -27.76268
 47.83791 -27.72816
 47.82636 -27.69886
 47.82406 -27.66480
 47.85974 -27.57334
 47.86736 -27.52755
 47.86452 -27.48352
 47.84282 -27.45541
 47.84463 -27.42167
 47.83796 -27.38120
 47.81047 -27.34772
 47.79101 -27.34245
 47.77279 -27.33371
 47.76256 -27.31712
 47.75409 -27.29914
 47.75068 -27.28811
3 47 47.5781 47.8674 -27.8601 -27.272 'Glodeni (Moldova)'
 47.57813 -27.42940
 47.58102 -27.42838
 47.58909 -27.39707
 47.60831 -27.36916
 47.66655 -27.30405
 47.69301 -27.28110
 47.71497 -27.27201
 47.71817 -27.29506
 47.72443 -27.29506
 47.73169 -27.28958
 47.74241 -27.29113
 47.75068 -27.28811
 47.75409 -27.29914
 47.76256 -27.31712
 47.77279 -27.33371
 47.79101 -27.34245
 47.81047 -27.34772
 47.83796 -27.38120
 47.84463 -27.42167
 47.84282 -27.45541
 47.86452 -27.48352
 47.86736 -27.52755
 47.85974 -27.57334
 47.82406 -27.66480
 47.82636 -27.69886
 47.83791 -27.72816
 47.83636 -27.76268
 47.79465 -27.81580
 47.78458 -27.84841
 47.76941 -27.85859
 47.75073 -27.86014
 47.75729 -27.83363
 47.77362 -27.81239
 47.77021 -27.79560
 47.74621 -27.78567
 47.72541 -27.76221
 47.71414 -27.73296
 47.71957 -27.71700
 47.71822 -27.70160
 47.68779 -27.67669
 47.67900 -27.66449
 47.67141 -27.65137
 47.64490 -27.63767
 47.63627 -27.60093
 47.63828 -27.56197
 47.61611 -27.49189
 47.57813 -27.42940
4 76 47.3674 47.7736 -28.0171 -27.4294 'Făleşti (Moldova)'
 47.57264 -27.43134
 47.57813 -27.42940
 47.61611 -27.49189
 47.63828 -27.56197
 47.63627 -27.60093
 47.64490 -27.63767
 47.67141 -27.65137
 47.67900 -27.66449
 47.68779 -27.67669
 47.71822 -27.70160
 47.71957 -27.71700
 47.71414 -27.73296
 47.72541 -27.76221
 47.74621 -27.78567
 47.77021 -27.79560
 47.77362 -27.81239
 47.75729 -27.83363
 47.75073 -27.86014
 47.73869 -27.90422
 47.73623 -27.96458
 47.70748 -27.94577
 47.67600 -27.94169
 47.67298 -28.00225
 47.61932 -28.01708
 47.59973 -28.01558
 47.59379 -27.99005
 47.58402 -27.97646
 47.57095 -27.96473
 47.55431 -27.93104
 47.53043 -27.92882
 47.52010 -27.96039
 47.52020 -27.98768
 47.50325 -28.00571
 47.47938 -27.99770
 47.46305 -27.97584
 47.46796 -27.95150
 47.46664 -27.92706
 47.46077 -27.91430
 47.43772 -27.91559
 47.43214 -27.90262
 47.42667 -27.83337
 47.42765 -27.76599
 47.41979 -27.70020
 47.40357 -27.68206
 47.38793 -27.62258
 47.37163 -27.59659
 47.36739 -27.58872
 47.36876 -27.58641
 47.37520 -27.57235
 47.40600 -27.58031
 47.41654 -27.56253
 47.42827 -27.56553
 47.43855 -27.56936
 47.44625 -27.57478
 47.45067 -27.58300
 47.46041 -27.57587
 47.46834 -27.56315
 47.47426 -27.54817
 47.47798 -27.53453
 47.47741 -27.53298
 47.47798 -27.50724
 47.47995 -27.50145
 47.48243 -27.49753
 47.48454 -27.49256
 47.48542 -27.48368
 47.49178 -27.47313
 47.50635 -27.46673
 47.53322 -27.45949
 47.53390 -27.45691
 47.53488 -27.44606
 47.53663 -27.44213
 47.54103 -27.44006
 47.55010 -27.44027
 47.55371 -27.43898
 47.55994 -27.43582
 47.57264 -27.43134
5 82 47.0155 47.468 -28.2258 -27.5887 'Ungheni (Moldova)'
 47.02630 -28.00830
 47.03323 -27.98659
 47.04338 -27.96313
 47.04664 -27.93874
 47.06106 -27.93843
 47.06876 -27.92592
 47.08142 -27.89760
 47.10465 -27.86701
 47.10932 -27.85771
 47.11141 -27.84820
 47.11439 -27.84376
 47.12172 -27.84986
 47.12852 -27.84986
 47.14462 -27.80655
 47.15583 -27.79466
 47.15823 -27.80588
 47.16247 -27.80769
 47.16849 -27.80479
 47.17635 -27.80211
 47.17697 -27.80035
 47.20428 -27.78831
 47.22632 -27.76304
 47.23893 -27.75239
 47.25143 -27.75363
 47.27562 -27.73327
 47.28332 -27.72283
 47.28750 -27.69782
 47.29089 -27.68986
 47.29525 -27.68232
 47.29985 -27.67173
 47.30399 -27.64470
 47.30667 -27.63695
 47.32143 -27.62403
 47.36073 -27.59995
 47.36739 -27.58872
 47.37163 -27.59659
 47.38793 -27.62258
 47.40357 -27.68206
 47.41979 -27.70020
 47.42765 -27.76599
 47.42667 -27.83337
 47.43214 -27.90262
 47.43772 -27.91559
 47.46077 -27.91430
 47.46664 -27.92706
 47.46796 -27.95150
 47.46305 -27.97584
 47.45638 -28.02866
 47.44139 -28.04788
 47.44447 -28.06612
 47.46010 -28.10483
 47.45796 -28.15134
 47.43679 -28.18746
 47.41935 -28.22580
 47.39313 -28.22472
 47.37863 -28.20699
 47.37323 -28.18105
 47.34068 -28.12390
 47.32789 -28.08669
 47.30151 -28.11594
 47.29365 -28.15769
 47.27970 -28.12255
 47.25091 -28.09103
 47.24182 -28.05698
 47.24099 -28.02762
 47.23683 -28.00044
 47.19151 -27.97760
 47.13935 -27.96918
 47.11749 -27.97651
 47.10508 -27.99197
 47.10374 -27.99982
 47.10048 -28.00752
 47.08718 -28.01047
 47.07346 -28.01114
 47.05212 -28.02085
 47.04979 -28.04695
 47.04204 -28.06478
 47.02462 -28.05155
 47.01548 -28.03815
 47.01646 -28.03703
 47.03297 -28.02804
 47.02630 -28.00830
6 59 46.9054 47.2509 -28.5046 -27.9692 'Nisporeni (Moldova)'
 46.92018 -28.10499
 46.93512 -28.10229
 46.97153 -28.08271
 46.98850 -28.06907
 47.01548 -28.03815
 47.02462 -28.05155
 47.04204 -28.06478
 47.04979 -28.04695
 47.05212 -28.02085
 47.07346 -28.01114
 47.08718 -28.01047
 47.10048 -28.00752
 47.10374 -27.99982
 47.10508 -27.99197
 47.11749 -27.97651
 47.13935 -27.96918
 47.19151 -27.97760
 47.23683 -28.00044
 47.24099 -28.02762
 47.24182 -28.05698
 47.25091 -28.09103
 47.20730 -28.14901
 47.18004 -28.21562
 47.17330 -28.24379
 47.16198 -28.27128
 47.15785 -28.29892
 47.15717 -28.32693
 47.14725 -28.33959
 47.13237 -28.35169
 47.11800 -28.34435
 47.10550 -28.33391
 47.07914 -28.34900
 47.07645 -28.37975
 47.08369 -28.39876
 47.08555 -28.41866
 47.07708 -28.43447
 47.07338 -28.45271
 47.08188 -28.48238
 47.06369 -28.50460
 47.05581 -28.49664
 47.04907 -28.48682
 47.04287 -28.47194
 47.03217 -28.46145
 47.01713 -28.49116
 46.97602 -28.46357
 46.93657 -28.42403
 46.94571 -28.39788
 46.97367 -28.40801
 46.99326 -28.39494
 47.04230 -28.34249
 47.02219 -28.32662
 47.00863 -28.33639
 46.99377 -28.34331
 46.97677 -28.32590
 46.97284 -28.30115
 46.94127 -28.25608
 46.90538 -28.22322
 46.91853 -28.11397
 46.92018 -28.10499
7 76 46.6126 47.0491 -28.7356 -28.0969 'Hîncesti (Moldova)'
 46.84227 -28.12262
 46.85420 -28.12426
 46.86164 -28.12426
 46.87143 -28.11309
 46.88339 -28.11434
 46.89476 -28.11356
 46.90262 -28.09687
 46.91768 -28.10545
 46.92018 -28.10499
 46.91853 -28.11397
 46.90538 -28.22322
 46.94127 -28.25608
 46.97284 -28.30115
 46.97677 -28.32590
 46.99377 -28.34331
 47.00863 -28.33639
 47.02219 -28.32662
 47.04230 -28.34249
 46.99326 -28.39494
 46.97367 -28.40801
 46.94571 -28.39788
 46.93657 -28.42403
 46.97602 -28.46357
 47.01713 -28.49116
 47.03217 -28.46145
 47.04287 -28.47194
 47.04907 -28.48682
 47.02597 -28.51860
 47.01093 -28.55229
 46.99318 -28.54930
 46.97708 -28.54227
 46.94179 -28.58816
 46.91241 -28.63802
 46.90308 -28.64945
 46.88871 -28.65389
 46.87401 -28.65451
 46.86174 -28.66092
 46.87001 -28.67890
 46.88592 -28.69456
 46.86497 -28.72396
 46.82329 -28.73559
 46.80531 -28.72737
 46.78609 -28.73239
 46.77944 -28.70278
 46.76707 -28.67518
 46.75255 -28.64986
 46.74381 -28.62133
 46.69948 -28.60707
 46.66852 -28.58371
 46.70803 -28.57653
 46.71751 -28.54279
 46.70051 -28.50408
 46.69519 -28.46868
 46.71679 -28.43550
 46.72350 -28.39850
 46.71139 -28.39256
 46.69777 -28.38703
 46.69710 -28.37148
 46.69064 -28.35964
 46.67139 -28.37959
 46.65214 -28.37618
 46.64160 -28.37840
 46.62914 -28.38590
 46.62108 -28.37659
 46.61261 -28.32554
 46.62018 -28.30332
 46.64201 -28.29489
 46.63659 -28.26280
 46.63145 -28.24509
 46.63537 -28.24425
 46.66242 -28.23412
 46.73984 -28.17810
 46.75865 -28.17816
 46.80624 -28.13780
 46.83430 -28.12152
 46.84227 -28.12262
8 73 46.3886 46.7235 -28.6025 -28.219 'Leova (Moldova)'
 46.47559 -28.23810
 46.47807 -28.23412
 46.49577 -28.22110
 46.50373 -28.21903
 46.54119 -28.22110
 46.54874 -28.22477
 46.55313 -28.23412
 46.56956 -28.22544
 46.58390 -28.23050
 46.59638 -28.24053
 46.60716 -28.24714
 46.62082 -28.24735
 46.63145 -28.24509
 46.63659 -28.26280
 46.64201 -28.29489
 46.62018 -28.30332
 46.61261 -28.32554
 46.62108 -28.37659
 46.62914 -28.38590
 46.64160 -28.37840
 46.65214 -28.37618
 46.67139 -28.37959
 46.69064 -28.35964
 46.69710 -28.37148
 46.69777 -28.38703
 46.71139 -28.39256
 46.72350 -28.39850
 46.71679 -28.43550
 46.69519 -28.46868
 46.70051 -28.50408
 46.71751 -28.54279
 46.70803 -28.57653
 46.66852 -28.58371
 46.64684 -28.58619
 46.63305 -28.60247
 46.62181 -28.59741
 46.61113 -28.58971
 46.59679 -28.58743
 46.58165 -28.58754
 46.56765 -28.57343
 46.55654 -28.57896
 46.53230 -28.58852
 46.50259 -28.58563
 46.48595 -28.57555
 46.47616 -28.55979
 46.47473 -28.54568
 46.46391 -28.53932
 46.42637 -28.47214
 46.43267 -28.45085
 46.43510 -28.42915
 46.42657 -28.41489
 46.40830 -28.41024
 46.38864 -28.37649
 46.39970 -28.33830
 46.41071 -28.33716
 46.42063 -28.33794
 46.42368 -28.32047
 46.41699 -28.30202
 46.41205 -28.28089
 46.39696 -28.26740
 46.38869 -28.24895
 46.39334 -28.22937
 46.39555 -28.22680
 46.39611 -28.22864
 46.40177 -28.23329
 46.41536 -28.22606
 46.42027 -28.24022
 46.42786 -28.24606
 46.43618 -28.24725
 46.46719 -28.24714
 46.47551 -28.24580
 46.47652 -28.24234
 46.47559 -28.23810
9 67 46.0762 46.4351 -28.5129 -28.109 'Cantemir (Moldova)'
 46.10149 -28.11051
 46.13532 -28.12736
 46.15997 -28.13325
 46.18323 -28.14472
 46.19196 -28.14152
 46.19883 -28.13563
 46.20467 -28.12932
 46.22560 -28.11098
 46.23413 -28.10896
 46.23785 -28.12085
 46.23992 -28.13211
 46.24534 -28.13449
 46.26240 -28.13108
 46.26932 -28.13521
 46.27294 -28.14493
 46.27537 -28.15630
 46.27883 -28.16575
 46.28705 -28.17779
 46.30777 -28.19133
 46.31123 -28.19288
 46.32350 -28.19195
 46.34379 -28.18792
 46.35107 -28.19035
 46.35392 -28.20239
 46.35815 -28.20715
 46.38869 -28.21293
 46.39335 -28.21955
 46.39555 -28.22680
 46.39334 -28.22937
 46.38869 -28.24895
 46.39696 -28.26740
 46.41205 -28.28089
 46.41699 -28.30202
 46.42368 -28.32047
 46.42063 -28.33794
 46.41071 -28.33716
 46.39970 -28.33830
 46.38864 -28.37649
 46.40830 -28.41024
 46.42657 -28.41489
 46.43510 -28.42915
 46.43267 -28.45085
 46.42637 -28.47214
 46.40549 -28.47716
 46.38965 -28.45897
 46.37159 -28.46563
 46.34792 -28.51049
 46.32635 -28.51292
 46.29738 -28.50165
 46.26674 -28.49328
 46.23666 -28.50186
 46.20814 -28.49819
 46.18648 -28.47240
 46.16871 -28.44336
 46.15140 -28.42941
 46.13543 -28.44300
 46.11657 -28.44636
 46.09688 -28.44057
 46.08486 -28.39344
 46.08564 -28.34517
 46.10633 -28.30611
 46.10582 -28.26637
 46.08913 -28.25521
 46.07618 -28.23986
 46.08879 -28.20172
 46.09057 -28.15454
 46.10149 -28.11051
10 113 45.4618 46.1063 -28.5676 -28.0621 'Cahul (Moldova)'
 46.09610 -28.10782
 46.10149 -28.11051
 46.09057 -28.15454
 46.08879 -28.20172
 46.07618 -28.23986
 46.08913 -28.25521
 46.10582 -28.26637
 46.10633 -28.30611
 46.08564 -28.34517
 46.08486 -28.39344
 46.09688 -28.44057
 46.08866 -28.44713
 46.08794 -28.45866
 46.05016 -28.45225
 46.01120 -28.43897
 45.97921 -28.43773
 45.94906 -28.44532
 45.93810 -28.45933
 45.92386 -28.46816
 45.90774 -28.45664
 45.89932 -28.43783
 45.89182 -28.40708
 45.86552 -28.39168
 45.83643 -28.37995
 45.79183 -28.32585
 45.76057 -28.30197
 45.71008 -28.29665
 45.67055 -28.33753
 45.66223 -28.40088
 45.69664 -28.46000
 45.72194 -28.48759
 45.75408 -28.50046
 45.78333 -28.49896
 45.80268 -28.51493
 45.77705 -28.54061
 45.73742 -28.54992
 45.73555 -28.56309
 45.73549 -28.56353
 45.72460 -28.56764
 45.71659 -28.56144
 45.71008 -28.53250
 45.70202 -28.51524
 45.69370 -28.50418
 45.66946 -28.48093
 45.65794 -28.47400
 45.65075 -28.48289
 45.64430 -28.49850
 45.63505 -28.51131
 45.62099 -28.51689
 45.60704 -28.51875
 45.59324 -28.52310
 45.57980 -28.53689
 45.57102 -28.51044
 45.56725 -28.50460
 45.56610 -28.50374
 45.56626 -28.50315
 45.56678 -28.50124
 45.56719 -28.42584
 45.58900 -28.35200
 45.58528 -28.28048
 45.53216 -28.27148
 45.52174 -28.27045
 45.52147 -28.27042
 45.49335 -28.21727
 45.49319 -28.21717
 45.48141 -28.20849
 45.46885 -28.20156
 45.46177 -28.19950
 45.48436 -28.17294
 45.49459 -28.16591
 45.52828 -28.16539
 45.53061 -28.16405
 45.53273 -28.16157
 45.53893 -28.15774
 45.56022 -28.14095
 45.57272 -28.11800
 45.59360 -28.06214
 45.60487 -28.07475
 45.61598 -28.09118
 45.62440 -28.10772
 45.62771 -28.12085
 45.62750 -28.15371
 45.63246 -28.16798
 45.64543 -28.16177
 45.66150 -28.16374
 45.76181 -28.15495
 45.77116 -28.14648
 45.79504 -28.12891
 45.82537 -28.11330
 45.85431 -28.11051
 45.85973 -28.11496
 45.86640 -28.12818
 45.87136 -28.13108
 45.87513 -28.12911
 45.88785 -28.12023
 45.89524 -28.11744
 45.90314 -28.11878
 45.91079 -28.12281
 45.91839 -28.12498
 45.92629 -28.12085
 45.93322 -28.11485
 45.93921 -28.11237
 45.95043 -28.11051
 46.00055 -28.08612
 46.01471 -28.08271
 46.02458 -28.08447
 46.05967 -28.09687
 46.06504 -28.09656
 46.06799 -28.09046
 46.07336 -28.09015
 46.07838 -28.09284
 46.08199 -28.10080
 46.09610 -28.10782
11 36 48.2373 48.486 -27.8854 -27.2519 'Ocniţa (Moldova)'
 48.48603 -27.58300
 48.48412 -27.60481
 48.45782 -27.60687
 48.45126 -27.62703
 48.45198 -27.75177
 48.44157 -27.78526
 48.40963 -27.84986
 48.39891 -27.86484
 48.37844 -27.88537
 48.37839 -27.88525
 48.36764 -27.86143
 48.35023 -27.80846
 48.35643 -27.70289
 48.34847 -27.65385
 48.35669 -27.59163
 48.33948 -27.57509
 48.31385 -27.56341
 48.29573 -27.54502
 48.25468 -27.52326
 48.23729 -27.50993
 48.24747 -27.40337
 48.30289 -27.31154
 48.33118 -27.26974
 48.37519 -27.25361
 48.37831 -27.25193
 48.42366 -27.30601
 48.43611 -27.34219
 48.43281 -27.36141
 48.41500 -27.38983
 48.41149 -27.40347
 48.41715 -27.42022
 48.45141 -27.48089
 48.47237 -27.50383
 48.47237 -27.54517
 48.47435 -27.55706
 48.48603 -27.58300
12 51 48.0489 48.3784 -28.0164 -27.5099 'Donduseni (Moldova)'
 48.37844 -27.88537
 48.36718 -27.89667
 48.36248 -27.90453
 48.33943 -27.92644
 48.32889 -27.96706
 48.32588 -28.00318
 48.32511 -28.00354
 48.28318 -28.01641
 48.24057 -28.01610
 48.22819 -27.97383
 48.19551 -27.95202
 48.18982 -27.91636
 48.20352 -27.88350
 48.20910 -27.85306
 48.18993 -27.85161
 48.18207 -27.87533
 48.16675 -27.87781
 48.15458 -27.88184
 48.14747 -27.89187
 48.13148 -27.88985
 48.12644 -27.85435
 48.13081 -27.81508
 48.12574 -27.77560
 48.11133 -27.75901
 48.09267 -27.75332
 48.08461 -27.73415
 48.07412 -27.71705
 48.06314 -27.71741
 48.05340 -27.72299
 48.04885 -27.70878
 48.05464 -27.68826
 48.07177 -27.64682
 48.07851 -27.60444
 48.10564 -27.57907
 48.12042 -27.54615
 48.14778 -27.53024
 48.17592 -27.55473
 48.18615 -27.56181
 48.19998 -27.55287
 48.23729 -27.50993
 48.25468 -27.52326
 48.29573 -27.54502
 48.31385 -27.56341
 48.33948 -27.57509
 48.35669 -27.59163
 48.34847 -27.65385
 48.35643 -27.70289
 48.35023 -27.80846
 48.36764 -27.86143
 48.37839 -27.88525
 48.37844 -27.88537
13 77 47.9851 48.3259 -28.5434 -27.952 'Soroca (Moldova)'
 48.32588 -28.00318
 48.32150 -28.05594
 48.31493 -28.07640
 48.30207 -28.09284
 48.28411 -28.09832
 48.24491 -28.07868
 48.23744 -28.09325
 48.23675 -28.11558
 48.23959 -28.13108
 48.25718 -28.16208
 48.25886 -28.17852
 48.24238 -28.18575
 48.22305 -28.18937
 48.21174 -28.19991
 48.20814 -28.21696
 48.21163 -28.24032
 48.21995 -28.26172
 48.22912 -28.27753
 48.23649 -28.29448
 48.24011 -28.34057
 48.23861 -28.35773
 48.23062 -28.36817
 48.21163 -28.37003
 48.19101 -28.36336
 48.18187 -28.35225
 48.17548 -28.33789
 48.16321 -28.32218
 48.14928 -28.31556
 48.13536 -28.31742
 48.12701 -28.32859
 48.12972 -28.34957
 48.14151 -28.36497
 48.15665 -28.37556
 48.16859 -28.38863
 48.17070 -28.41158
 48.16337 -28.42729
 48.14985 -28.43690
 48.13469 -28.43566
 48.12223 -28.41902
 48.08275 -28.44744
 48.07446 -28.45938
 48.06492 -28.47958
 48.06549 -28.49002
 48.07482 -28.49374
 48.09185 -28.49416
 48.10891 -28.49979
 48.10877 -28.50072
 48.08797 -28.54341
 48.05226 -28.51907
 48.03324 -28.48134
 47.99717 -28.46661
 47.98684 -28.43726
 48.00007 -28.40863
 47.99288 -28.38915
 47.98893 -28.36972
 48.00201 -28.32233
 48.01020 -28.30476
 48.01505 -28.28714
 48.00606 -28.27965
 47.99578 -28.27288
 47.99079 -28.24079
 47.99314 -28.20751
 47.99314 -28.13754
 47.98508 -28.06886
 48.00441 -28.02731
 48.02123 -28.03801
 48.05373 -28.06416
 48.06182 -28.09031
 48.07335 -28.11098
 48.11603 -28.09919
 48.14709 -28.06116
 48.19551 -27.95202
 48.22819 -27.97383
 48.24057 -28.01610
 48.28318 -28.01641
 48.32511 -28.00354
 48.32588 -28.00318
14 58 47.8421 48.156 -28.9421 -28.4666 'Camenca (Moldova)'
 48.15595 -28.54160
 48.15497 -28.57364
 48.12934 -28.66562
 48.12869 -28.73507
 48.12445 -28.77125
 48.11179 -28.79925
 48.10381 -28.80592
 48.09657 -28.80835
 48.08978 -28.80918
 48.08291 -28.81155
 48.05702 -28.82757
 48.03087 -28.83078
 48.02482 -28.83253
 48.01828 -28.83925
 48.00792 -28.85569
 48.00050 -28.86209
 47.97676 -28.88256
 47.95315 -28.91480
 47.94216 -28.93609
 47.92568 -28.93108
 47.89470 -28.92995
 47.89150 -28.93620
 47.88323 -28.94214
 47.89971 -28.86096
 47.91055 -28.84092
 47.91708 -28.82887
 47.94105 -28.83026
 47.96539 -28.81285
 47.98259 -28.78513
 47.98281 -28.78479
 47.98252 -28.78449
 47.97410 -28.77600
 47.97077 -28.77026
 47.95723 -28.75559
 47.95299 -28.73828
 47.95273 -28.72040
 47.93392 -28.68324
 47.89865 -28.65792
 47.87716 -28.65684
 47.85811 -28.66919
 47.84214 -28.63704
 47.86302 -28.60077
 47.88710 -28.56919
 47.89294 -28.53054
 47.88333 -28.50398
 47.88855 -28.47798
 47.91547 -28.49617
 47.95873 -28.50553
 47.98782 -28.49648
 47.99717 -28.46661
 48.03324 -28.48134
 48.05226 -28.51907
 48.08797 -28.54341
 48.10877 -28.50072
 48.10891 -28.49979
 48.11283 -28.50108
 48.14913 -28.51932
 48.15595 -28.54160
15 74 47.4656 47.9802 -29.2386 -28.9299 'Rezina (Moldova)'
 47.94216 -28.93609
 47.93480 -28.95036
 47.92638 -28.98085
 47.93108 -29.01723
 47.96976 -29.06105
 47.98017 -29.09273
 47.97966 -29.11004
 47.97599 -29.12399
 47.96818 -29.13629
 47.95537 -29.14797
 47.93987 -29.15582
 47.90560 -29.16461
 47.89101 -29.17257
 47.88364 -29.18662
 47.87558 -29.22600
 47.87072 -29.23602
 47.85708 -29.23277
 47.84289 -29.21742
 47.82948 -29.19892
 47.81822 -29.18672
 47.80070 -29.17773
 47.78972 -29.17784
 47.78321 -29.18745
 47.77481 -29.22197
 47.76680 -29.23473
 47.75600 -29.23861
 47.74324 -29.22667
 47.71750 -29.19696
 47.68626 -29.19148
 47.65092 -29.19241
 47.61322 -29.18207
 47.58278 -29.15618
 47.55963 -29.13050
 47.53333 -29.11743
 47.49320 -29.13040
 47.49310 -29.13050
 47.49305 -29.13060
 47.49294 -29.13066
 47.48401 -29.13719
 47.48372 -29.13712
 47.47938 -29.13603
 47.46563 -29.12683
 47.46936 -29.10829
 47.46943 -29.10797
 47.47824 -29.10384
 47.48722 -29.09298
 47.48739 -29.09278
 47.50607 -29.04890
 47.50620 -29.04859
 47.51865 -29.03304
 47.52948 -29.02674
 47.53307 -29.02467
 47.55025 -29.02126
 47.57105 -29.02064
 47.58206 -29.01568
 47.60474 -28.99294
 47.62226 -28.98648
 47.62714 -28.98901
 47.63893 -28.99351
 47.65092 -28.99542
 47.65639 -28.99025
 47.66076 -28.98798
 47.68743 -28.98028
 47.74344 -28.97558
 47.76561 -28.98028
 47.82690 -29.01754
 47.85354 -29.01811
 47.87529 -28.98060
 47.87548 -28.98028
 47.88323 -28.94214
 47.89150 -28.93620
 47.89470 -28.92995
 47.92568 -28.93108
 47.94216 -28.93609
16 104 47.0742 47.484 -29.3709 -28.9819 'Stîngă Nistrului (Moldova)'
 47.48401 -29.13719
 47.48015 -29.14001
 47.45000 -29.15562
 47.43938 -29.16388
 47.42987 -29.18207
 47.43581 -29.19241
 47.44659 -29.20187
 47.45160 -29.21835
 47.44633 -29.23261
 47.42538 -29.25070
 47.41147 -29.28140
 47.40078 -29.28822
 47.38887 -29.29271
 47.37819 -29.30083
 47.37272 -29.31468
 47.37049 -29.33038
 47.36584 -29.34584
 47.35272 -29.35891
 47.33688 -29.36408
 47.32244 -29.36449
 47.30822 -29.36759
 47.30443 -29.37088
 47.30435 -29.37069
 47.30381 -29.36950
 47.28719 -29.35214
 47.27696 -29.35426
 47.26355 -29.35545
 47.25187 -29.34718
 47.24285 -29.33581
 47.22192 -29.30284
 47.19640 -29.27659
 47.15004 -29.29447
 47.14382 -29.29638
 47.13779 -29.29881
 47.13590 -29.29262
 47.13578 -29.29225
 47.14019 -29.29088
 47.14043 -29.29080
 47.14245 -29.27793
 47.14808 -29.26437
 47.14829 -29.26388
 47.15827 -29.24986
 47.15852 -29.24951
 47.16244 -29.23654
 47.14927 -29.22672
 47.14927 -29.22081
 47.14927 -29.22052
 47.15796 -29.21277
 47.15813 -29.21262
 47.16312 -29.20026
 47.16286 -29.18760
 47.15611 -29.17892
 47.14534 -29.17970
 47.13480 -29.18760
 47.12384 -29.19375
 47.11175 -29.18915
 47.10953 -29.17913
 47.11268 -29.16673
 47.11361 -29.15608
 47.09656 -29.14786
 47.08178 -29.13004
 47.07418 -29.12430
 47.07797 -29.11890
 47.09215 -29.09868
 47.09227 -29.09851
 47.09888 -29.08441
 47.10142 -29.06962
 47.10152 -29.06906
 47.11687 -29.07836
 47.13490 -29.09417
 47.14989 -29.11195
 47.16291 -29.14440
 47.19190 -29.16316
 47.19707 -29.17892
 47.23081 -29.16326
 47.23090 -29.16333
 47.26249 -29.18957
 47.29029 -29.17448
 47.27908 -29.13355
 47.27433 -29.12532
 47.27425 -29.12518
 47.24482 -29.15097
 47.23360 -29.11014
 47.24632 -29.07366
 47.26983 -29.07665
 47.29585 -29.07113
 47.33313 -29.02167
 47.35104 -29.00312
 47.36334 -28.98188
 47.37662 -28.99945
 47.39638 -29.00839
 47.40088 -29.02544
 47.39039 -29.05138
 47.40212 -29.06549
 47.40641 -29.08239
 47.43729 -29.09014
 47.45416 -29.10709
 47.46398 -29.11050
 47.46943 -29.10797
 47.46936 -29.10829
 47.46563 -29.12683
 47.47938 -29.13603
 47.48372 -29.13712
 47.48401 -29.13719
17 101 46.9352 47.3398 -29.603 -29.2766 'Grigoriopol (Moldova)'
 47.30443 -29.37088
 47.29298 -29.38082
 47.28471 -29.39446
 47.27975 -29.40955
 47.27867 -29.42557
 47.28213 -29.44170
 47.29350 -29.45916
 47.30745 -29.46609
 47.32275 -29.47063
 47.33827 -29.48087
 47.33982 -29.50107
 47.33892 -29.52097
 47.33422 -29.53988
 47.32404 -29.55657
 47.30678 -29.57006
 47.28360 -29.57926
 47.26045 -29.58019
 47.24314 -29.56872
 47.23425 -29.54402
 47.21255 -29.54040
 47.16017 -29.55063
 47.13557 -29.54484
 47.12369 -29.53037
 47.11940 -29.50867
 47.11749 -29.48087
 47.11464 -29.47859
 47.11154 -29.47787
 47.10847 -29.47870
 47.10524 -29.48087
 47.06602 -29.51146
 47.05992 -29.52014
 47.06602 -29.53099
 47.07888 -29.53973
 47.09020 -29.55135
 47.09144 -29.57016
 47.08521 -29.58339
 47.07460 -29.59486
 47.06100 -29.60210
 47.04576 -29.60303
 47.03214 -29.59543
 47.02279 -29.58339
 47.01176 -29.57249
 46.97450 -29.56500
 46.96126 -29.56063
 46.96124 -29.55998
 46.95946 -29.47839
 46.95108 -29.46179
 46.95104 -29.46170
 46.95308 -29.45975
 46.95336 -29.45947
 46.95750 -29.43555
 46.95264 -29.41570
 46.94277 -29.39669
 46.93517 -29.37565
 46.93701 -29.34961
 46.94388 -29.33532
 46.94543 -29.33209
 46.95874 -29.31592
 46.97496 -29.30300
 46.99225 -29.29499
 46.98837 -29.30889
 46.98837 -29.32455
 46.99202 -29.34093
 47.00297 -29.36646
 47.00282 -29.37018
 47.00426 -29.37240
 47.01225 -29.37722
 47.01274 -29.37751
 47.01164 -29.37356
 47.01158 -29.37333
 47.01809 -29.36899
 47.03320 -29.36387
 47.03320 -29.37007
 47.02931 -29.37949
 47.02886 -29.38056
 47.04178 -29.38206
 47.07077 -29.37751
 47.07873 -29.37131
 47.08403 -29.36376
 47.10821 -29.32933
 47.10834 -29.32915
 47.11645 -29.30470
 47.11990 -29.29864
 47.12198 -29.29499
 47.12873 -29.29096
 47.13542 -29.29235
 47.13578 -29.29225
 47.13590 -29.29262
 47.13779 -29.29881
 47.14382 -29.29638
 47.15004 -29.29447
 47.19640 -29.27659
 47.22192 -29.30284
 47.24285 -29.33581
 47.25187 -29.34718
 47.26355 -29.35545
 47.27696 -29.35426
 47.28719 -29.35214
 47.30381 -29.36950
 47.30435 -29.37069
 47.30443 -29.37088
18 103 46.5531 46.9613 -29.9526 -29.441 'Bender (Moldova)'
 46.96126 -29.56063
 46.95884 -29.55983
 46.94574 -29.55869
 46.93466 -29.56748
 46.93373 -29.57316
 46.93538 -29.59848
 46.93202 -29.60758
 46.91954 -29.62329
 46.91440 -29.63187
 46.91042 -29.64809
 46.90856 -29.68085
 46.90468 -29.69615
 46.89344 -29.71248
 46.86719 -29.73584
 46.85802 -29.75413
 46.85466 -29.78576
 46.85662 -29.81521
 46.85414 -29.84364
 46.83771 -29.87221
 46.83079 -29.87691
 46.81267 -29.88487
 46.80717 -29.88963
 46.80665 -29.89852
 46.81094 -29.90771
 46.81397 -29.91743
 46.80975 -29.92818
 46.80309 -29.93066
 46.78164 -29.93045
 46.77244 -29.93180
 46.76516 -29.93567
 46.75074 -29.94668
 46.74312 -29.95112
 46.72469 -29.95262
 46.66248 -29.94440
 46.65080 -29.94027
 46.64186 -29.93541
 46.63237 -29.93190
 46.61917 -29.93128
 46.60884 -29.93495
 46.58835 -29.94740
 46.57886 -29.94968
 46.55734 -29.93810
 46.55437 -29.91609
 46.55313 -29.89883
 46.55812 -29.89066
 46.57669 -29.87030
 46.58042 -29.86749
 46.58072 -29.86725
 46.58077 -29.85237
 46.58253 -29.83986
 46.58858 -29.83005
 46.60087 -29.82337
 46.60124 -29.82317
 46.58300 -29.78643
 46.58072 -29.77542
 46.59323 -29.74256
 46.59431 -29.72831
 46.59437 -29.72762
 46.60759 -29.73522
 46.61762 -29.74747
 46.62473 -29.76173
 46.62914 -29.77542
 46.65883 -29.75832
 46.66543 -29.74912
 46.66573 -29.74871
 46.67012 -29.72762
 46.66831 -29.72049
 46.66490 -29.71114
 46.66490 -29.70339
 46.66490 -29.70308
 46.67322 -29.69967
 46.67567 -29.69572
 46.67591 -29.69532
 46.67700 -29.68525
 46.67635 -29.66684
 46.67632 -29.66618
 46.69255 -29.65155
 46.69865 -29.61621
 46.71294 -29.59512
 46.72382 -29.57011
 46.76709 -29.55332
 46.77652 -29.54164
 46.78386 -29.53228
 46.78417 -29.53187
 46.78280 -29.53048
 46.78711 -29.51186
 46.78717 -29.51162
 46.79627 -29.50288
 46.79017 -29.49508
 46.79291 -29.48252
 46.81218 -29.46950
 46.82417 -29.45043
 46.85928 -29.44103
 46.87740 -29.47162
 46.88975 -29.47616
 46.89915 -29.47374
 46.92323 -29.47374
 46.94163 -29.47064
 46.95104 -29.46170
 46.95108 -29.46179
 46.95946 -29.47839
 46.96124 -29.55998
 46.96126 -29.56063
19 117 46.3394 46.7238 -30.1316 -29.4167 'Ștefan Vodă (Moldova)'
 46.55313 -29.89883
 46.53083 -29.90193
 46.51882 -29.91609
 46.50595 -29.96022
 46.50344 -29.96208
 46.49386 -29.96704
 46.49174 -29.97055
 46.49318 -29.97706
 46.49869 -29.98926
 46.49853 -29.99494
 46.49422 -30.00285
 46.48807 -30.00941
 46.47065 -30.02171
 46.46202 -30.01406
 46.43680 -30.06000
 46.42283 -30.07701
 46.42887 -30.08693
 46.43073 -30.10202
 46.42869 -30.11824
 46.42283 -30.13158
 46.39190 -30.10719
 46.37420 -30.08114
 46.36893 -30.03727
 46.37366 -29.91867
 46.37118 -29.90255
 46.36420 -29.88467
 46.34146 -29.84777
 46.33939 -29.82813
 46.35469 -29.80819
 46.36156 -29.80617
 46.38089 -29.80674
 46.38999 -29.80508
 46.39836 -29.80033
 46.42110 -29.77956
 46.45580 -29.72695
 46.47117 -29.71413
 46.44306 -29.71382
 46.42833 -29.70287
 46.42293 -29.68271
 46.42270 -29.65440
 46.41639 -29.64799
 46.39190 -29.65295
 46.37559 -29.64551
 46.36606 -29.63207
 46.36182 -29.61564
 46.36306 -29.59859
 46.36965 -29.58298
 46.38229 -29.56944
 46.40420 -29.55564
 46.41303 -29.54143
 46.41665 -29.52748
 46.42081 -29.49606
 46.42515 -29.48087
 46.43226 -29.47508
 46.43980 -29.47332
 46.44755 -29.47529
 46.45551 -29.48087
 46.46249 -29.48624
 46.46936 -29.48820
 46.47587 -29.48645
 46.48205 -29.48087
 46.48471 -29.45761
 46.48437 -29.45672
 46.48476 -29.45663
 46.49665 -29.45384
 46.52137 -29.44351
 46.54067 -29.42108
 46.55923 -29.41674
 46.57752 -29.42836
 46.59189 -29.42805
 46.60584 -29.42986
 46.62299 -29.45544
 46.63545 -29.48376
 46.63193 -29.50118
 46.62982 -29.51807
 46.64609 -29.53115
 46.66263 -29.54221
 46.66284 -29.55864
 46.66630 -29.57332
 46.69457 -29.57817
 46.72382 -29.57011
 46.71294 -29.59512
 46.69865 -29.61621
 46.69255 -29.65155
 46.67632 -29.66618
 46.67635 -29.66684
 46.67700 -29.68525
 46.67591 -29.69532
 46.67567 -29.69572
 46.67322 -29.69967
 46.66490 -29.70308
 46.66490 -29.70339
 46.66490 -29.71114
 46.66831 -29.72049
 46.67012 -29.72762
 46.66573 -29.74871
 46.66543 -29.74912
 46.65883 -29.75832
 46.62914 -29.77542
 46.62473 -29.76173
 46.61762 -29.74747
 46.60759 -29.73522
 46.59437 -29.72762
 46.59431 -29.72831
 46.59323 -29.74256
 46.58072 -29.77542
 46.58300 -29.78643
 46.60124 -29.82317
 46.60087 -29.82337
 46.58858 -29.83005
 46.58253 -29.83986
 46.58077 -29.85237
 46.58072 -29.86725
 46.58042 -29.86749
 46.57669 -29.87030
 46.55812 -29.89066
 46.55313 -29.89883
20 90 46.3571 46.852 -29.5782 -28.9712 'Causeni (Moldova)'
 46.35712 -29.20068
 46.36717 -29.18373
 46.37761 -29.18342
 46.38720 -29.19034
 46.39650 -29.19928
 46.40611 -29.20564
 46.41789 -29.20760
 46.50251 -29.20677
 46.52398 -29.20021
 46.53804 -29.18424
 46.53804 -29.18306
 46.53830 -29.18306
 46.56447 -29.18275
 46.59814 -29.16750
 46.62375 -29.12540
 46.63694 -29.07264
 46.69410 -29.01988
 46.74246 -28.98910
 46.80360 -28.97123
 46.81249 -28.99805
 46.81776 -29.02643
 46.83350 -29.05826
 46.85197 -29.08802
 46.84510 -29.10172
 46.83063 -29.09552
 46.82102 -29.09335
 46.81151 -29.10502
 46.80006 -29.16776
 46.77415 -29.17282
 46.76790 -29.19339
 46.78247 -29.21706
 46.76412 -29.23835
 46.76498 -29.26522
 46.76324 -29.29085
 46.78531 -29.29519
 46.79714 -29.30191
 46.78854 -29.31452
 46.78758 -29.32858
 46.81740 -29.35597
 46.82138 -29.37736
 46.81911 -29.39896
 46.82004 -29.42444
 46.82417 -29.45043
 46.81218 -29.46950
 46.79291 -29.48252
 46.79017 -29.49508
 46.79627 -29.50288
 46.78717 -29.51162
 46.78711 -29.51186
 46.78280 -29.53048
 46.78417 -29.53187
 46.78386 -29.53228
 46.77652 -29.54164
 46.76709 -29.55332
 46.72382 -29.57011
 46.69457 -29.57817
 46.66630 -29.57332
 46.66284 -29.55864
 46.66263 -29.54221
 46.64609 -29.53115
 46.62982 -29.51807
 46.63193 -29.50118
 46.63545 -29.48376
 46.62299 -29.45544
 46.60584 -29.42986
 46.59189 -29.42805
 46.57752 -29.42836
 46.55923 -29.41674
 46.54067 -29.42108
 46.52137 -29.44351
 46.49665 -29.45384
 46.48476 -29.45663
 46.48437 -29.45672
 46.47670 -29.43684
 46.46249 -29.41823
 46.41619 -29.37472
 46.41593 -29.36211
 46.43417 -29.34423
 46.46874 -29.32077
 46.47200 -29.30672
 46.45164 -29.28915
 46.43949 -29.28594
 46.41926 -29.29070
 46.41024 -29.29008
 46.39743 -29.28326
 46.39588 -29.27819
 46.39743 -29.27137
 46.39435 -29.25917
 46.36647 -29.22290
 46.35712 -29.20068
21 59 46.4174 46.8233 -29.1831 -28.5734 'Cimişlia (Moldova)'
 46.53804 -29.18306
 46.53809 -29.16275
 46.50367 -29.07495
 46.49874 -29.05591
 46.49913 -29.05598
 46.51954 -29.05965
 46.54610 -29.06461
 46.55550 -29.04586
 46.55799 -28.97459
 46.55494 -28.95232
 46.54589 -28.93150
 46.52951 -28.91770
 46.50915 -28.88380
 46.49339 -28.87439
 46.48075 -28.85956
 46.47871 -28.83827
 46.46492 -28.80876
 46.43727 -28.80938
 46.42140 -28.79729
 46.41740 -28.76339
 46.43980 -28.72122
 46.47877 -28.63027
 46.50259 -28.58563
 46.53230 -28.58852
 46.55654 -28.57896
 46.56765 -28.57343
 46.58165 -28.58754
 46.59679 -28.58743
 46.61113 -28.58971
 46.62181 -28.59741
 46.63305 -28.60247
 46.64684 -28.58619
 46.66852 -28.58371
 46.69948 -28.60707
 46.74381 -28.62133
 46.75255 -28.64986
 46.76707 -28.67518
 46.77944 -28.70278
 46.78609 -28.73239
 46.80531 -28.72737
 46.82329 -28.73559
 46.79580 -28.78014
 46.79482 -28.82546
 46.79624 -28.84923
 46.79363 -28.87320
 46.80451 -28.89026
 46.81200 -28.90700
 46.79218 -28.93987
 46.78934 -28.94617
 46.78921 -28.95268
 46.80360 -28.97123
 46.74246 -28.98910
 46.69410 -29.01988
 46.63694 -29.07264
 46.62375 -29.12540
 46.59814 -29.16750
 46.56447 -29.18275
 46.53830 -29.18306
 46.53804 -29.18306
22 50 46.1666 46.558 -29.0646 -28.7046 'Basarabeasca (Moldova)'
 46.49874 -29.05591
 46.48951 -29.02033
 46.45479 -28.94581
 46.43277 -28.92545
 46.40466 -28.91925
 46.36802 -28.92731
 46.32074 -28.94488
 46.30498 -28.94581
 46.28699 -28.93992
 46.27263 -28.93289
 46.25899 -28.93351
 46.24312 -28.95061
 46.24307 -28.95077
 46.22121 -28.98410
 46.19796 -28.96266
 46.16664 -28.91620
 46.19103 -28.91057
 46.21832 -28.91480
 46.23589 -28.88400
 46.22844 -28.84566
 46.23470 -28.82484
 46.24896 -28.80918
 46.26134 -28.81047
 46.27283 -28.81393
 46.29614 -28.80375
 46.30146 -28.77554
 46.32095 -28.76112
 46.32322 -28.73807
 46.29932 -28.72613
 46.29986 -28.70464
 46.32795 -28.71585
 46.34505 -28.74370
 46.37973 -28.75848
 46.41740 -28.76339
 46.42140 -28.79729
 46.43727 -28.80938
 46.46492 -28.80876
 46.47871 -28.83827
 46.48075 -28.85956
 46.49339 -28.87439
 46.50915 -28.88380
 46.52951 -28.91770
 46.54589 -28.93150
 46.55494 -28.95232
 46.55799 -28.97459
 46.55550 -29.04586
 46.54610 -29.06461
 46.51954 -29.05965
 46.49913 -29.05598
 46.49874 -29.05591
23 63 45.7355 46.2212 -29.0154 -28.3917 'Taraclia (Moldova)'
 46.22121 -28.98410
 46.20436 -29.00984
 46.18261 -29.01537
 46.15894 -29.00348
 46.13212 -28.98085
 46.10509 -28.94643
 46.08928 -28.93878
 46.06468 -28.94116
 46.02102 -28.95893
 46.00138 -28.95687
 45.99316 -28.93196
 45.96118 -28.75760
 45.95322 -28.74024
 45.93864 -28.72918
 45.92195 -28.72841
 45.88733 -28.74231
 45.87059 -28.74644
 45.85048 -28.74505
 45.83757 -28.73828
 45.82878 -28.72556
 45.82113 -28.70639
 45.81658 -28.67730
 45.81204 -28.66975
 45.80630 -28.66939
 45.79726 -28.67192
 45.78687 -28.67327
 45.77731 -28.66975
 45.76651 -28.64361
 45.76191 -28.57668
 45.74320 -28.56061
 45.73549 -28.56353
 45.73555 -28.56309
 45.73742 -28.54992
 45.77705 -28.54061
 45.80268 -28.51493
 45.82154 -28.48248
 45.82612 -28.44222
 45.84935 -28.41959
 45.86552 -28.39168
 45.89182 -28.40708
 45.89932 -28.43783
 45.90774 -28.45664
 45.92386 -28.46816
 45.93810 -28.45933
 45.94906 -28.44532
 45.97921 -28.43773
 46.01120 -28.43897
 46.05016 -28.45225
 46.08794 -28.45866
 46.08892 -28.49700
 46.08148 -28.53452
 46.06437 -28.57126
 46.04300 -28.60071
 46.02639 -28.58733
 46.01208 -28.59028
 45.99900 -28.59699
 45.96665 -28.62221
 45.96779 -28.66304
 46.00965 -28.82830
 46.07665 -28.88752
 46.16664 -28.91620
 46.19796 -28.96266
 46.22121 -28.98410
24 19 45.502 46.5026 -28.9162 -28.2704 'Comrat (Moldova)'
 45.56610 -28.50374
 45.55872 -28.49824
 45.55645 -28.49798
 45.55458 -28.50005
 45.52058 -28.50646
 45.50875 -28.50201
 45.50198 -28.48093
 45.50379 -28.41685
 45.51764 -28.34192
 45.52151 -28.27050
 45.52147 -28.27042
 45.52174 -28.27045
 45.53216 -28.27148
 45.58528 -28.28048
 45.58900 -28.35200
 45.56719 -28.42584
 45.56678 -28.50124
 45.56626 -28.50315
 45.56610 -28.50374
25 56 45.502 46.5026 -28.9162 -28.2704 'Comrat (Moldova)'
 46.50259 -28.58563
 46.47877 -28.63027
 46.43980 -28.72122
 46.41740 -28.76339
 46.37973 -28.75848
 46.34505 -28.74370
 46.32795 -28.71585
 46.29986 -28.70464
 46.29932 -28.72613
 46.32322 -28.73807
 46.32095 -28.76112
 46.30146 -28.77554
 46.29614 -28.80375
 46.27283 -28.81393
 46.26134 -28.81047
 46.24896 -28.80918
 46.23470 -28.82484
 46.22844 -28.84566
 46.23589 -28.88400
 46.21832 -28.91480
 46.19103 -28.91057
 46.16664 -28.91620
 46.07665 -28.88752
 46.00965 -28.82830
 45.96779 -28.66304
 45.96665 -28.62221
 45.99900 -28.59699
 46.01208 -28.59028
 46.02639 -28.58733
 46.04300 -28.60071
 46.06437 -28.57126
 46.08148 -28.53452
 46.08892 -28.49700
 46.08794 -28.45866
 46.08866 -28.44713
 46.09688 -28.44057
 46.11657 -28.44636
 46.13543 -28.44300
 46.15140 -28.42941
 46.16871 -28.44336
 46.18648 -28.47240
 46.20814 -28.49819
 46.23666 -28.50186
 46.26674 -28.49328
 46.29738 -28.50165
 46.32635 -28.51292
 46.34792 -28.51049
 46.37159 -28.46563
 46.38965 -28.45897
 46.40549 -28.47716
 46.42637 -28.47214
 46.46391 -28.53932
 46.47473 -28.54568
 46.47616 -28.55979
 46.48595 -28.57555
 46.50259 -28.58563
26 16 45.502 46.5026 -28.9162 -28.2704 'Comrat (Moldova)'
 45.66223 -28.40088
 45.67055 -28.33753
 45.71008 -28.29665
 45.76057 -28.30197
 45.79183 -28.32585
 45.83643 -28.37995
 45.86552 -28.39168
 45.84935 -28.41959
 45.82612 -28.44222
 45.82154 -28.48248
 45.80268 -28.51493
 45.78333 -28.49896
 45.75408 -28.50046
 45.72194 -28.48759
 45.69664 -28.46000
 45.66223 -28.40088
27 81 46.9763 47.3331 -29.2922 -28.7787 'Criuleni (Moldova)'
 47.09529 -28.84251
 47.12110 -28.81910
 47.13857 -28.78473
 47.16880 -28.77874
 47.20255 -28.78990
 47.21040 -28.80603
 47.23882 -28.80184
 47.26476 -28.82701
 47.26050 -28.86550
 47.27582 -28.90643
 47.29877 -28.94431
 47.30952 -28.98653
 47.33313 -29.02167
 47.29585 -29.07113
 47.26983 -29.07665
 47.24632 -29.07366
 47.23360 -29.11014
 47.24482 -29.15097
 47.23081 -29.16326
 47.19707 -29.17892
 47.19190 -29.16316
 47.16291 -29.14440
 47.14989 -29.11195
 47.13490 -29.09417
 47.11687 -29.07836
 47.10152 -29.06906
 47.10142 -29.06962
 47.09888 -29.08441
 47.09227 -29.09851
 47.09215 -29.09868
 47.07797 -29.11890
 47.07418 -29.12430
 47.08178 -29.13004
 47.09656 -29.14786
 47.11361 -29.15608
 47.11268 -29.16673
 47.10953 -29.17913
 47.11175 -29.18915
 47.12384 -29.19375
 47.13480 -29.18760
 47.14534 -29.17970
 47.15611 -29.17892
 47.16286 -29.18760
 47.16312 -29.20026
 47.15813 -29.21262
 47.15796 -29.21277
 47.14927 -29.22052
 47.14927 -29.22081
 47.14927 -29.22672
 47.16244 -29.23654
 47.15852 -29.24951
 47.15827 -29.24986
 47.14829 -29.26388
 47.14808 -29.26437
 47.14245 -29.27793
 47.14043 -29.29080
 47.14019 -29.29088
 47.13578 -29.29225
 47.12891 -29.26972
 47.10519 -29.25354
 47.06452 -29.24889
 47.02349 -29.24931
 46.99475 -29.25447
 46.97631 -29.24037
 46.98618 -29.20977
 47.00034 -29.18182
 46.99124 -29.14828
 46.98690 -29.11521
 47.03741 -29.08678
 47.04248 -29.05660
 47.03046 -29.02792
 47.00757 -29.00808
 47.00773 -28.99154
 47.01036 -28.97444
 47.04323 -28.98209
 47.05945 -28.96736
 47.04044 -28.95987
 47.02690 -28.94927
 47.07054 -28.90390
 47.07232 -28.86747
 47.09529 -28.84251
28 57 47.0123 47.3324 -28.8425 -28.3269 'Străşeni (Moldova)'
 47.20255 -28.78990
 47.16880 -28.77874
 47.13857 -28.78473
 47.12110 -28.81910
 47.09529 -28.84251
 47.08069 -28.79853
 47.08674 -28.75275
 47.12010 -28.70939
 47.13924 -28.66185
 47.11007 -28.66262
 47.06343 -28.73554
 47.05320 -28.77182
 47.01651 -28.74965
 47.01504 -28.70846
 47.02623 -28.68448
 47.03320 -28.65942
 47.02442 -28.64185
 47.01227 -28.62779
 47.02902 -28.59017
 47.06227 -28.56542
 47.06142 -28.53679
 47.06369 -28.50460
 47.08188 -28.48238
 47.07338 -28.45271
 47.07708 -28.43447
 47.08555 -28.41866
 47.08369 -28.39876
 47.07645 -28.37975
 47.07914 -28.34900
 47.10550 -28.33391
 47.11800 -28.34435
 47.13237 -28.35169
 47.14725 -28.33959
 47.15717 -28.32693
 47.17040 -28.34238
 47.17355 -28.39060
 47.18159 -28.41602
 47.21353 -28.46641
 47.22968 -28.48511
 47.25448 -28.48067
 47.26699 -28.46444
 47.28156 -28.45556
 47.31887 -28.51566
 47.32236 -28.56067
 47.33189 -28.57958
 47.32254 -28.59736
 47.32057 -28.61575
 47.33238 -28.63394
 47.33117 -28.65513
 47.31003 -28.66681
 47.28598 -28.67544
 47.26107 -28.68836
 47.24138 -28.70753
 47.24841 -28.73859
 47.24634 -28.76210
 47.22306 -28.77445
 47.20255 -28.78990
29 97 46.7632 47.1358 -29.4762 -28.9081 'Anenii Noi (Moldova)'
 46.97631 -29.24037
 46.99475 -29.25447
 47.02349 -29.24931
 47.06452 -29.24889
 47.10519 -29.25354
 47.12891 -29.26972
 47.13578 -29.29225
 47.13542 -29.29235
 47.12873 -29.29096
 47.12198 -29.29499
 47.11990 -29.29864
 47.11645 -29.30470
 47.10834 -29.32915
 47.10821 -29.32933
 47.08403 -29.36376
 47.07873 -29.37131
 47.07077 -29.37751
 47.04178 -29.38206
 47.02886 -29.38056
 47.02931 -29.37949
 47.03320 -29.37007
 47.03320 -29.36387
 47.01809 -29.36899
 47.01158 -29.37333
 47.01164 -29.37356
 47.01274 -29.37751
 47.01225 -29.37722
 47.00426 -29.37240
 47.00282 -29.37018
 47.00297 -29.36646
 46.99202 -29.34093
 46.98837 -29.32455
 46.98837 -29.30889
 46.99225 -29.29499
 46.97496 -29.30300
 46.95874 -29.31592
 46.94543 -29.33209
 46.94388 -29.33532
 46.93701 -29.34961
 46.93517 -29.37565
 46.94277 -29.39669
 46.95264 -29.41570
 46.95750 -29.43555
 46.95336 -29.45947
 46.95308 -29.45975
 46.95104 -29.46170
 46.94163 -29.47064
 46.92323 -29.47374
 46.89915 -29.47374
 46.88975 -29.47616
 46.87740 -29.47162
 46.85928 -29.44103
 46.82417 -29.45043
 46.82004 -29.42444
 46.81911 -29.39896
 46.82138 -29.37736
 46.81740 -29.35597
 46.78758 -29.32858
 46.78854 -29.31452
 46.79714 -29.30191
 46.78531 -29.29519
 46.76324 -29.29085
 46.76498 -29.26522
 46.76412 -29.23835
 46.78247 -29.21706
 46.76790 -29.19339
 46.77415 -29.17282
 46.80006 -29.16776
 46.81151 -29.10502
 46.82102 -29.09335
 46.83063 -29.09552
 46.84510 -29.10172
 46.85197 -29.08802
 46.86009 -29.04963
 46.88158 -29.04286
 46.89551 -29.05826
 46.91455 -29.06172
 46.92677 -29.04120
 46.93070 -29.01593
 46.93714 -28.99278
 46.94111 -28.97118
 46.93217 -28.95961
 46.91977 -28.95051
 46.92894 -28.92256
 46.96111 -28.90814
 46.99659 -28.93377
 47.01036 -28.97444
 47.00773 -28.99154
 47.00757 -29.00808
 47.03046 -29.02792
 47.04248 -29.05660
 47.03741 -29.08678
 46.98690 -29.11521
 46.99124 -29.14828
 47.00034 -29.18182
 46.98618 -29.20977
 46.97631 -29.24037
30 66 47.2025 47.5991 -29.1105 -28.5207 'Orhei (Moldova)'
 47.33313 -29.02167
 47.30952 -28.98653
 47.29877 -28.94431
 47.27582 -28.90643
 47.26050 -28.86550
 47.26476 -28.82701
 47.23882 -28.80184
 47.21040 -28.80603
 47.20255 -28.78990
 47.22306 -28.77445
 47.24634 -28.76210
 47.24841 -28.73859
 47.24138 -28.70753
 47.26107 -28.68836
 47.28598 -28.67544
 47.31003 -28.66681
 47.33117 -28.65513
 47.33238 -28.63394
 47.32057 -28.61575
 47.32254 -28.59736
 47.33189 -28.57958
 47.35592 -28.58795
 47.38031 -28.53286
 47.41760 -28.52072
 47.43462 -28.57720
 47.44615 -28.57772
 47.45542 -28.57028
 47.46473 -28.57162
 47.47374 -28.57999
 47.48398 -28.58004
 47.49405 -28.58242
 47.50563 -28.60278
 47.51384 -28.62536
 47.55462 -28.70929
 47.55410 -28.72898
 47.55061 -28.74804
 47.53707 -28.76830
 47.53302 -28.79300
 47.54082 -28.82122
 47.57524 -28.86096
 47.57823 -28.88561
 47.58717 -28.89780
 47.59906 -28.90488
 47.59446 -28.92984
 47.57984 -28.95496
 47.54519 -28.98782
 47.52948 -29.02674
 47.51865 -29.03304
 47.50620 -29.04859
 47.50607 -29.04890
 47.48739 -29.09278
 47.48722 -29.09298
 47.47824 -29.10384
 47.46943 -29.10797
 47.46398 -29.11050
 47.45416 -29.10709
 47.43729 -29.09014
 47.40641 -29.08239
 47.40212 -29.06549
 47.39039 -29.05138
 47.40088 -29.02544
 47.39638 -29.00839
 47.37662 -28.99945
 47.36334 -28.98188
 47.35104 -29.00312
 47.33313 -29.02167
31 9 47.2308 47.2903 -29.1896 -29.1252 'Transnistria (Moldova)'
 47.23081 -29.16326
 47.24482 -29.15097
 47.27425 -29.12518
 47.27433 -29.12532
 47.27908 -29.13355
 47.29029 -29.17448
 47.26249 -29.18957
 47.23090 -29.16333
 47.23081 -29.16326
32 24 46.9611 47.1392 -28.9821 -28.6618 'Chişinău (Moldova)'
 47.09529 -28.84251
 47.07232 -28.86747
 47.07054 -28.90390
 47.02690 -28.94927
 47.04044 -28.95987
 47.05945 -28.96736
 47.04323 -28.98209
 47.01036 -28.97444
 46.99659 -28.93377
 46.96111 -28.90814
 46.98385 -28.81052
 46.98375 -28.79326
 46.98811 -28.77760
 46.99902 -28.78034
 47.00912 -28.78990
 47.03553 -28.78752
 47.05320 -28.77182
 47.06343 -28.73554
 47.11007 -28.66262
 47.13924 -28.66185
 47.12010 -28.70939
 47.08674 -28.75275
 47.08069 -28.79853
 47.09529 -28.84251
33 54 47.4121 47.7556 -28.7185 -28.1513 'Teleneşti (Moldova)'
 47.75559 -28.53410
 47.73104 -28.58289
 47.71704 -28.63704
 47.66660 -28.61120
 47.64531 -28.66733
 47.63544 -28.68061
 47.62009 -28.68996
 47.60459 -28.71849
 47.58226 -28.71084
 47.55462 -28.70929
 47.51384 -28.62536
 47.50563 -28.60278
 47.49405 -28.58242
 47.48398 -28.58004
 47.47374 -28.57999
 47.46473 -28.57162
 47.45542 -28.57028
 47.44615 -28.57772
 47.43462 -28.57720
 47.41760 -28.52072
 47.44049 -28.49245
 47.43760 -28.45643
 47.42145 -28.42114
 47.41525 -28.38615
 47.41979 -28.37535
 47.42010 -28.36616
 47.41246 -28.33887
 47.41215 -28.32270
 47.41447 -28.30678
 47.43385 -28.26513
 47.41935 -28.22580
 47.43679 -28.18746
 47.45796 -28.15134
 47.48255 -28.16875
 47.51260 -28.17113
 47.53369 -28.16059
 47.55379 -28.17092
 47.57128 -28.22503
 47.56361 -28.32052
 47.56862 -28.35520
 47.57857 -28.36001
 47.58996 -28.36383
 47.60164 -28.37504
 47.60764 -28.38920
 47.61035 -28.41266
 47.62950 -28.41669
 47.65802 -28.40760
 47.68794 -28.40533
 47.69988 -28.42129
 47.70634 -28.44119
 47.69773 -28.45845
 47.69135 -28.47555
 47.72032 -28.50496
 47.75559 -28.53410
34 50 47.717 47.9828 -28.963 -28.4274 'Şoldăneşti (Moldova)'
 47.71704 -28.63704
 47.73104 -28.58289
 47.75559 -28.53410
 47.79378 -28.51943
 47.80682 -28.48429
 47.81522 -28.46956
 47.81757 -28.45468
 47.81070 -28.44724
 47.80592 -28.43902
 47.84615 -28.42744
 47.88855 -28.47798
 47.88333 -28.50398
 47.89294 -28.53054
 47.88710 -28.56919
 47.86302 -28.60077
 47.84214 -28.63704
 47.85811 -28.66919
 47.87716 -28.65684
 47.89865 -28.65792
 47.93392 -28.68324
 47.95273 -28.72040
 47.95299 -28.73828
 47.95723 -28.75559
 47.97077 -28.77026
 47.97410 -28.77600
 47.98252 -28.78449
 47.98281 -28.78479
 47.98259 -28.78513
 47.96539 -28.81285
 47.94105 -28.83026
 47.91708 -28.82887
 47.91055 -28.84092
 47.89971 -28.86096
 47.88323 -28.94214
 47.88306 -28.94226
 47.86493 -28.95537
 47.84173 -28.96302
 47.84618 -28.94596
 47.84935 -28.92829
 47.83920 -28.91641
 47.82429 -28.91181
 47.83207 -28.84148
 47.81501 -28.82401
 47.81078 -28.83967
 47.80199 -28.84034
 47.79548 -28.81538
 47.78649 -28.79161
 47.73554 -28.76639
 47.74484 -28.69296
 47.71704 -28.63704
35 56 47.6879 48.0151 -28.5341 -28.0648 'Floreşti (Moldova)'
 47.88855 -28.47798
 47.84615 -28.42744
 47.80592 -28.43902
 47.81070 -28.44724
 47.81757 -28.45468
 47.81522 -28.46956
 47.80682 -28.48429
 47.79378 -28.51943
 47.75559 -28.53410
 47.72032 -28.50496
 47.69135 -28.47555
 47.69773 -28.45845
 47.70634 -28.44119
 47.69988 -28.42129
 47.68794 -28.40533
 47.70691 -28.37944
 47.72334 -28.35127
 47.73280 -28.27515
 47.75393 -28.27696
 47.78111 -28.29050
 47.78592 -28.25681
 47.78765 -28.22007
 47.80793 -28.20167
 47.83372 -28.18312
 47.82814 -28.15764
 47.82700 -28.13868
 47.85005 -28.13185
 47.85279 -28.11981
 47.85429 -28.10865
 47.86483 -28.10297
 47.87811 -28.09930
 47.89020 -28.08483
 47.90111 -28.06840
 47.91155 -28.07672
 47.92147 -28.08333
 47.93092 -28.08059
 47.93811 -28.07413
 47.96134 -28.06478
 47.98508 -28.06886
 47.99314 -28.13754
 47.99314 -28.20751
 47.99079 -28.24079
 47.99578 -28.27288
 48.00606 -28.27965
 48.01505 -28.28714
 48.01020 -28.30476
 48.00201 -28.32233
 47.98893 -28.36972
 47.99288 -28.38915
 48.00007 -28.40863
 47.98684 -28.43726
 47.99717 -28.46661
 47.98782 -28.49648
 47.95873 -28.50553
 47.91547 -28.49617
 47.88855 -28.47798
36 56 47.5295 47.8832 -29.0267 -28.6112 'Rezina (Moldova)'
 47.55462 -28.70929
 47.58226 -28.71084
 47.60459 -28.71849
 47.62009 -28.68996
 47.63544 -28.68061
 47.64531 -28.66733
 47.66660 -28.61120
 47.71704 -28.63704
 47.74484 -28.69296
 47.73554 -28.76639
 47.78649 -28.79161
 47.79548 -28.81538
 47.80199 -28.84034
 47.81078 -28.83967
 47.81501 -28.82401
 47.83207 -28.84148
 47.82429 -28.91181
 47.83920 -28.91641
 47.84935 -28.92829
 47.84618 -28.94596
 47.84173 -28.96302
 47.86493 -28.95537
 47.88306 -28.94226
 47.88323 -28.94214
 47.87548 -28.98028
 47.87529 -28.98060
 47.85354 -29.01811
 47.82690 -29.01754
 47.76561 -28.98028
 47.74344 -28.97558
 47.68743 -28.98028
 47.66076 -28.98798
 47.65639 -28.99025
 47.65092 -28.99542
 47.63893 -28.99351
 47.62714 -28.98901
 47.62226 -28.98648
 47.60474 -28.99294
 47.58206 -29.01568
 47.57105 -29.02064
 47.55025 -29.02126
 47.53307 -29.02467
 47.52948 -29.02674
 47.54519 -28.98782
 47.57984 -28.95496
 47.59446 -28.92984
 47.59906 -28.90488
 47.58717 -28.89780
 47.57823 -28.88561
 47.57524 -28.86096
 47.54082 -28.82122
 47.53302 -28.79300
 47.53707 -28.76830
 47.55061 -28.74804
 47.55410 -28.72898
 47.55462 -28.70929
37 60 46.7892 47.0637 -29.088 -28.4868 'Ialoveni (Moldova)'
 46.86174 -28.66092
 46.87401 -28.65451
 46.88871 -28.65389
 46.90308 -28.64945
 46.91241 -28.63802
 46.94179 -28.58816
 46.97708 -28.54227
 46.99318 -28.54930
 47.01093 -28.55229
 47.02597 -28.51860
 47.04907 -28.48682
 47.05581 -28.49664
 47.06369 -28.50460
 47.06142 -28.53679
 47.06227 -28.56542
 47.02902 -28.59017
 47.01227 -28.62779
 47.02442 -28.64185
 47.03320 -28.65942
 47.02623 -28.68448
 47.01504 -28.70846
 47.01651 -28.74965
 47.05320 -28.77182
 47.03553 -28.78752
 47.00912 -28.78990
 46.99902 -28.78034
 46.98811 -28.77760
 46.98375 -28.79326
 46.98385 -28.81052
 46.96111 -28.90814
 46.92894 -28.92256
 46.91977 -28.95051
 46.93217 -28.95961
 46.94111 -28.97118
 46.93714 -28.99278
 46.93070 -29.01593
 46.92677 -29.04120
 46.91455 -29.06172
 46.89551 -29.05826
 46.88158 -29.04286
 46.86009 -29.04963
 46.85197 -29.08802
 46.83350 -29.05826
 46.81776 -29.02643
 46.81249 -28.99805
 46.80360 -28.97123
 46.78921 -28.95268
 46.78934 -28.94617
 46.79218 -28.93987
 46.81200 -28.90700
 46.80451 -28.89026
 46.79363 -28.87320
 46.79624 -28.84923
 46.79482 -28.82546
 46.79580 -28.78014
 46.82329 -28.73559
 46.86497 -28.72396
 46.88592 -28.69456
 46.87001 -28.67890
 46.86174 -28.66092
38 41 47.1572 47.4405 -28.588 -28.0867 'Călărași (Moldova)'
 47.33189 -28.57958
 47.32236 -28.56067
 47.31887 -28.51566
 47.28156 -28.45556
 47.26699 -28.46444
 47.25448 -28.48067
 47.22968 -28.48511
 47.21353 -28.46641
 47.18159 -28.41602
 47.17355 -28.39060
 47.17040 -28.34238
 47.15717 -28.32693
 47.15785 -28.29892
 47.16198 -28.27128
 47.17330 -28.24379
 47.18004 -28.21562
 47.20730 -28.14901
 47.25091 -28.09103
 47.27970 -28.12255
 47.29365 -28.15769
 47.30151 -28.11594
 47.32789 -28.08669
 47.34068 -28.12390
 47.37323 -28.18105
 47.37863 -28.20699
 47.39313 -28.22472
 47.41935 -28.22580
 47.43385 -28.26513
 47.41447 -28.30678
 47.41215 -28.32270
 47.41246 -28.33887
 47.42010 -28.36616
 47.41979 -28.37535
 47.41525 -28.38615
 47.42145 -28.42114
 47.43760 -28.45643
 47.44049 -28.49245
 47.41760 -28.52072
 47.38031 -28.53286
 47.35592 -28.58795
 47.33189 -28.57958
39 56 47.848 48.2091 -28.111 -27.6721 'Drochia (Moldova)'
 47.90111 -28.06840
 47.85380 -28.00416
 47.85362 -27.97677
 47.84804 -27.95099
 47.85323 -27.92169
 47.88075 -27.91285
 47.89920 -27.90959
 47.91002 -27.88866
 47.96340 -27.82536
 47.96219 -27.79544
 47.94090 -27.77172
 47.92906 -27.73927
 47.94245 -27.70315
 47.95271 -27.68470
 47.96888 -27.67209
 47.97774 -27.67545
 47.98456 -27.67984
 47.99534 -27.67870
 48.00493 -27.67328
 48.01345 -27.67529
 48.02038 -27.68351
 48.05464 -27.68826
 48.04885 -27.70878
 48.05340 -27.72299
 48.06314 -27.71741
 48.07412 -27.71705
 48.08461 -27.73415
 48.09267 -27.75332
 48.11133 -27.75901
 48.12574 -27.77560
 48.13081 -27.81508
 48.12644 -27.85435
 48.13148 -27.88985
 48.14747 -27.89187
 48.15458 -27.88184
 48.16675 -27.87781
 48.18207 -27.87533
 48.18993 -27.85161
 48.20910 -27.85306
 48.20352 -27.88350
 48.18982 -27.91636
 48.19551 -27.95202
 48.14709 -28.06116
 48.11603 -28.09919
 48.07335 -28.11098
 48.06182 -28.09031
 48.05373 -28.06416
 48.02123 -28.03801
 48.00441 -28.02731
 47.98508 -28.06886
 47.96134 -28.06478
 47.93811 -28.07413
 47.93092 -28.08059
 47.92147 -28.08333
 47.91155 -28.07672
 47.90111 -28.06840
40 68 47.4414 47.9011 -28.4167 -27.9288 'Sîngerei (Moldova)'
 47.84804 -27.95099
 47.85362 -27.97677
 47.85380 -28.00416
 47.90111 -28.06840
 47.89020 -28.08483
 47.87811 -28.09930
 47.86483 -28.10297
 47.85429 -28.10865
 47.85279 -28.11981
 47.85005 -28.13185
 47.82700 -28.13868
 47.82814 -28.15764
 47.83372 -28.18312
 47.80793 -28.20167
 47.78765 -28.22007
 47.78592 -28.25681
 47.78111 -28.29050
 47.75393 -28.27696
 47.73280 -28.27515
 47.72334 -28.35127
 47.70691 -28.37944
 47.68794 -28.40533
 47.65802 -28.40760
 47.62950 -28.41669
 47.61035 -28.41266
 47.60764 -28.38920
 47.60164 -28.37504
 47.58996 -28.36383
 47.57857 -28.36001
 47.56862 -28.35520
 47.56361 -28.32052
 47.57128 -28.22503
 47.55379 -28.17092
 47.53369 -28.16059
 47.51260 -28.17113
 47.48255 -28.16875
 47.45796 -28.15134
 47.46010 -28.10483
 47.44447 -28.06612
 47.44139 -28.04788
 47.45638 -28.02866
 47.46305 -27.97584
 47.47938 -27.99770
 47.50325 -28.00571
 47.52020 -27.98768
 47.52010 -27.96039
 47.53043 -27.92882
 47.55431 -27.93104
 47.57095 -27.96473
 47.58402 -27.97646
 47.59379 -27.99005
 47.59973 -28.01558
 47.61932 -28.01708
 47.67298 -28.00225
 47.67600 -27.94169
 47.70748 -27.94577
 47.73623 -27.96458
 47.73804 -27.99238
 47.70934 -28.01114
 47.70959 -28.02974
 47.71983 -28.04566
 47.73179 -28.05486
 47.74386 -28.05000
 47.78223 -28.04452
 47.79321 -28.01357
 47.78892 -27.97677
 47.81620 -27.95280
 47.84804 -27.95099
41 17 47.7093 47.8162 -28.0549 -27.8484 'Bălţi (Moldova)'
 47.81620 -27.95280
 47.78892 -27.97677
 47.79321 -28.01357
 47.78223 -28.04452
 47.74386 -28.05000
 47.73179 -28.05486
 47.71983 -28.04566
 47.70959 -28.02974
 47.70934 -28.01114
 47.73804 -27.99238
 47.73623 -27.96458
 47.73869 -27.90422
 47.75073 -27.86014
 47.76941 -27.85859
 47.78458 -27.84841
 47.79848 -27.90148
 47.81620 -27.95280
