0 150 -29.576 -28.7595 -29.4359 -28.5621 'Mokhotlong (Lesotho)'
 -28.77299 -28.85901
 -28.78356 -28.87284
 -28.79721 -28.88566
 -28.85953 -28.92586
 -28.90904 -28.98085
 -28.90831 -28.99542
 -28.91400 -29.01898
 -28.92299 -29.04053
 -28.93301 -29.04968
 -28.95265 -29.04999
 -28.96536 -29.05578
 -28.97332 -29.06901
 -28.97859 -29.09154
 -28.99244 -29.12595
 -29.06892 -29.20843
 -29.07771 -29.24140
 -29.07864 -29.28140
 -29.08980 -29.31178
 -29.14737 -29.31685
 -29.15936 -29.32806
 -29.16979 -29.34372
 -29.18333 -29.35746
 -29.20028 -29.36501
 -29.23553 -29.37596
 -29.26870 -29.40387
 -29.29030 -29.41400
 -29.29640 -29.41493
 -29.31170 -29.41400
 -29.31893 -29.41503
 -29.32503 -29.41948
 -29.33661 -29.43281
 -29.34239 -29.43591
 -29.35697 -29.43224
 -29.38012 -29.41374
 -29.39583 -29.41188
 -29.41030 -29.41255
 -29.42146 -29.40790
 -29.43035 -29.39953
 -29.43779 -29.38816
 -29.44792 -29.36180
 -29.45598 -29.33204
 -29.46683 -29.30382
 -29.48564 -29.28274
 -29.50662 -29.27550
 -29.52829 -29.27520
 -29.52822 -29.27473
 -29.52569 -29.25819
 -29.52641 -29.25385
 -29.52827 -29.24951
 -29.54409 -29.22579
 -29.54734 -29.21959
 -29.55473 -29.19163
 -29.55897 -29.18187
 -29.57442 -29.16326
 -29.57602 -29.15830
 -29.57416 -29.14895
 -29.56977 -29.14151
 -29.55789 -29.12787
 -29.54740 -29.11996
 -29.52672 -29.10880
 -29.51809 -29.09789
 -29.50988 -29.08193
 -29.49923 -29.05216
 -29.49117 -29.02064
 -29.49107 -29.01149
 -29.49272 -29.00358
 -29.49949 -28.98865
 -29.50156 -28.97966
 -29.50197 -28.96974
 -29.50120 -28.95826
 -29.50342 -28.90907
 -29.50259 -28.89558
 -29.48998 -28.85011
 -29.48807 -28.83414
 -29.49086 -28.78959
 -29.48931 -28.78262
 -29.48270 -28.77874
 -29.47929 -28.77812
 -29.47567 -28.77858
 -29.47262 -28.77636
 -29.46161 -28.78944
 -29.45019 -28.79765
 -29.43531 -28.80292
 -29.41485 -28.80478
 -29.37340 -28.80246
 -29.35283 -28.80401
 -29.35273 -28.80406
 -29.35133 -28.79858
 -29.34772 -28.79440
 -29.34446 -28.78696
 -29.34136 -28.77068
 -29.34017 -28.75869
 -29.34033 -28.74830
 -29.34234 -28.74226
 -29.34586 -28.73885
 -29.35040 -28.73559
 -29.35304 -28.73032
 -29.35035 -28.72365
 -29.33283 -28.70893
 -29.32746 -28.70081
 -29.32296 -28.68655
 -29.31831 -28.67771
 -29.31092 -28.67415
 -29.30457 -28.67647
 -29.28860 -28.68655
 -29.23072 -28.71528
 -29.21718 -28.71885
 -29.20690 -28.71854
 -29.19698 -28.71404
 -29.19016 -28.70908
 -29.18618 -28.70360
 -29.18819 -28.69647
 -29.19470 -28.68562
 -29.23806 -28.62805
 -29.25088 -28.60201
 -29.25889 -28.56211
 -29.24132 -28.56521
 -29.22282 -28.56599
 -29.21036 -28.56971
 -29.19760 -28.57746
 -29.18199 -28.59270
 -29.17305 -28.60402
 -29.16731 -28.61518
 -29.16328 -28.63456
 -29.15977 -28.64417
 -29.15290 -28.65477
 -29.08608 -28.73761
 -29.07125 -28.75249
 -29.05652 -28.75993
 -29.03580 -28.76696
 -28.93792 -28.77471
 -28.92423 -28.77812
 -28.90929 -28.78649
 -28.88924 -28.79130
 -28.87844 -28.81863
 -28.87436 -28.82360
 -28.86692 -28.82995
 -28.86232 -28.83088
 -28.85886 -28.83026
 -28.85622 -28.82809
 -28.85405 -28.82561
 -28.85137 -28.82328
 -28.84806 -28.82096
 -28.84248 -28.81894
 -28.82088 -28.81801
 -28.76186 -28.82701
 -28.75954 -28.82794
 -28.76475 -28.84370
 -28.77282 -28.85879
 -28.77299 -28.85901
1 103 -29.0726 -28.5708 -28.8309 -28.2181 'Butha-Buthe (Lesotho)'
 -28.57076 -28.63430
 -28.58306 -28.65322
 -28.59722 -28.66655
 -28.61376 -28.67564
 -28.63339 -28.68174
 -28.67442 -28.68898
 -28.68848 -28.69952
 -28.68951 -28.74386
 -28.70047 -28.75864
 -28.74874 -28.78768
 -28.75432 -28.79595
 -28.75928 -28.82716
 -28.75954 -28.82794
 -28.76186 -28.82701
 -28.82088 -28.81801
 -28.84248 -28.81894
 -28.84806 -28.82096
 -28.85137 -28.82328
 -28.85405 -28.82561
 -28.85622 -28.82809
 -28.85886 -28.83026
 -28.86232 -28.83088
 -28.86692 -28.82995
 -28.87436 -28.82360
 -28.87844 -28.81863
 -28.88924 -28.79130
 -28.89539 -28.76463
 -28.89839 -28.75807
 -28.90242 -28.75295
 -28.91550 -28.74117
 -28.95224 -28.71420
 -28.96242 -28.70877
 -28.97311 -28.70505
 -29.00515 -28.69942
 -29.01322 -28.69663
 -29.02112 -28.69151
 -29.02800 -28.68515
 -29.03456 -28.67663
 -29.03978 -28.66764
 -29.04443 -28.65647
 -29.04799 -28.64448
 -29.05032 -28.63208
 -29.05135 -28.62123
 -29.05078 -28.60991
 -29.04923 -28.59953
 -29.03420 -28.55498
 -29.03342 -28.54676
 -29.03435 -28.53958
 -29.03745 -28.53462
 -29.04293 -28.53059
 -29.06536 -28.51803
 -29.06970 -28.51493
 -29.07264 -28.51028
 -29.07151 -28.50237
 -29.06546 -28.49447
 -29.04882 -28.48548
 -29.03626 -28.48263
 -29.02474 -28.48284
 -28.95963 -28.50408
 -28.95007 -28.50501
 -28.93922 -28.50330
 -28.92542 -28.49850
 -28.91426 -28.49617
 -28.90258 -28.49540
 -28.89203 -28.49354
 -28.88118 -28.48889
 -28.87498 -28.47550
 -28.87343 -28.46744
 -28.87312 -28.45101
 -28.87173 -28.44047
 -28.86868 -28.43178
 -28.86320 -28.42383
 -28.85266 -28.41437
 -28.84485 -28.40522
 -28.83845 -28.39080
 -28.83540 -28.38011
 -28.83007 -28.36864
 -28.80816 -28.33339
 -28.80408 -28.32006
 -28.80351 -28.30823
 -28.80553 -28.29970
 -28.80610 -28.29164
 -28.80145 -28.26621
 -28.79695 -28.26017
 -28.78816 -28.25562
 -28.76620 -28.25128
 -28.73127 -28.25097
 -28.71732 -28.24632
 -28.70574 -28.22570
 -28.70065 -28.21812
 -28.69954 -28.23071
 -28.70739 -28.25086
 -28.70956 -28.27391
 -28.70688 -28.29706
 -28.70006 -28.31722
 -28.68466 -28.33644
 -28.64363 -28.36352
 -28.62647 -28.38295
 -28.61892 -28.40341
 -28.61076 -28.54263
 -28.60652 -28.56247
 -28.57242 -28.61942
 -28.57076 -28.63430
2 216 -29.3461 -28.7007 -28.7913 -27.6307 'Leribe (Lesotho)'
 -28.70543 -28.16405
 -28.70065 -28.21812
 -28.70574 -28.22570
 -28.71732 -28.24632
 -28.73127 -28.25097
 -28.76620 -28.25128
 -28.78816 -28.25562
 -28.79695 -28.26017
 -28.80145 -28.26621
 -28.80610 -28.29164
 -28.80553 -28.29970
 -28.80351 -28.30823
 -28.80408 -28.32006
 -28.80816 -28.33339
 -28.83007 -28.36864
 -28.83540 -28.38011
 -28.83845 -28.39080
 -28.84485 -28.40522
 -28.85266 -28.41437
 -28.86320 -28.42383
 -28.86868 -28.43178
 -28.87173 -28.44047
 -28.87312 -28.45101
 -28.87343 -28.46744
 -28.87498 -28.47550
 -28.88118 -28.48889
 -28.89203 -28.49354
 -28.90258 -28.49540
 -28.91426 -28.49617
 -28.92542 -28.49850
 -28.93922 -28.50330
 -28.95007 -28.50501
 -28.95963 -28.50408
 -29.02474 -28.48284
 -29.03626 -28.48263
 -29.04882 -28.48548
 -29.06546 -28.49447
 -29.07151 -28.50237
 -29.07264 -28.51028
 -29.06970 -28.51493
 -29.06536 -28.51803
 -29.04293 -28.53059
 -29.03745 -28.53462
 -29.03435 -28.53958
 -29.03342 -28.54676
 -29.03420 -28.55498
 -29.04923 -28.59953
 -29.05078 -28.60991
 -29.05135 -28.62123
 -29.05032 -28.63208
 -29.04799 -28.64448
 -29.04443 -28.65647
 -29.03978 -28.66764
 -29.03456 -28.67663
 -29.02800 -28.68515
 -29.02112 -28.69151
 -29.01322 -28.69663
 -29.00515 -28.69942
 -28.97311 -28.70505
 -28.96242 -28.70877
 -28.95224 -28.71420
 -28.91550 -28.74117
 -28.90242 -28.75295
 -28.89839 -28.75807
 -28.89539 -28.76463
 -28.88924 -28.79130
 -28.90929 -28.78649
 -28.92423 -28.77812
 -28.93792 -28.77471
 -29.03580 -28.76696
 -29.05652 -28.75993
 -29.07125 -28.75249
 -29.08608 -28.73761
 -29.15290 -28.65477
 -29.15977 -28.64417
 -29.16328 -28.63456
 -29.16731 -28.61518
 -29.17305 -28.60402
 -29.18199 -28.59270
 -29.19760 -28.57746
 -29.21036 -28.56971
 -29.22282 -28.56599
 -29.24132 -28.56521
 -29.25889 -28.56211
 -29.26963 -28.56289
 -29.27330 -28.56459
 -29.27997 -28.56893
 -29.31278 -28.59720
 -29.31831 -28.60402
 -29.32581 -28.61534
 -29.33066 -28.61937
 -29.33423 -28.62045
 -29.33785 -28.61735
 -29.34152 -28.61162
 -29.34384 -28.60418
 -29.34606 -28.57436
 -29.34529 -28.56335
 -29.34064 -28.54893
 -29.31666 -28.49943
 -29.30591 -28.46667
 -29.30038 -28.43861
 -29.29976 -28.42868
 -29.29594 -28.41747
 -29.28788 -28.40770
 -29.24374 -28.38290
 -29.17569 -28.35572
 -29.15527 -28.34393
 -29.14530 -28.34052
 -29.13543 -28.34006
 -29.12649 -28.34068
 -29.11951 -28.33990
 -29.11409 -28.33587
 -29.11068 -28.32936
 -29.10866 -28.32208
 -29.10618 -28.30621
 -29.10582 -28.29644
 -29.10722 -28.28637
 -29.11006 -28.27505
 -29.11920 -28.26451
 -29.11114 -28.23112
 -29.10045 -28.22151
 -29.09244 -28.21686
 -29.08448 -28.21128
 -29.06577 -28.19402
 -29.05709 -28.18379
 -29.04944 -28.17232
 -29.04505 -28.16240
 -29.04246 -28.15263
 -29.03916 -28.13118
 -29.03626 -28.12080
 -29.03048 -28.11165
 -29.01973 -28.10359
 -29.00779 -28.09739
 -28.99720 -28.09041
 -28.98862 -28.08199
 -28.97187 -28.05935
 -28.95937 -28.04679
 -28.94991 -28.03419
 -28.94263 -28.02178
 -28.93844 -28.01031
 -28.93735 -28.00023
 -28.94154 -27.99078
 -28.95441 -27.97962
 -28.97156 -27.97321
 -28.98345 -27.96515
 -28.99079 -27.95228
 -28.99942 -27.94298
 -29.03781 -27.91455
 -29.04510 -27.90525
 -29.05213 -27.89332
 -29.05120 -27.87642
 -29.04908 -27.86603
 -29.04510 -27.85730
 -29.03502 -27.84179
 -29.03110 -27.83327
 -29.03141 -27.82505
 -29.05296 -27.78795
 -29.05631 -27.78066
 -29.05941 -27.77198
 -29.06195 -27.76035
 -29.08432 -27.72263
 -29.08701 -27.71116
 -29.08231 -27.69860
 -29.08029 -27.68615
 -29.08045 -27.66956
 -29.09104 -27.64305
 -29.09104 -27.63448
 -29.07254 -27.63075
 -29.06572 -27.63752
 -29.07254 -27.64439
 -29.07089 -27.64935
 -29.06675 -27.65860
 -29.06572 -27.66496
 -29.05580 -27.65628
 -29.04453 -27.64377
 -29.03533 -27.63917
 -29.03151 -27.65504
 -29.02665 -27.66749
 -29.01508 -27.67974
 -28.99058 -27.69906
 -28.98934 -27.70289
 -28.99068 -27.70764
 -28.99099 -27.71167
 -28.98686 -27.71333
 -28.97952 -27.71338
 -28.97642 -27.71446
 -28.97322 -27.71669
 -28.96784 -27.71901
 -28.95978 -27.72004
 -28.94593 -27.72015
 -28.93797 -27.72831
 -28.93322 -27.74407
 -28.92547 -27.75477
 -28.90862 -27.74743
 -28.91544 -27.86133
 -28.90490 -27.88799
 -28.88981 -27.89729
 -28.87400 -27.90360
 -28.86077 -27.91166
 -28.85343 -27.92623
 -28.85550 -27.94504
 -28.86511 -27.95693
 -28.87565 -27.96623
 -28.88072 -27.97750
 -28.88072 -28.00468
 -28.87844 -28.01357
 -28.87255 -28.01481
 -28.86480 -28.01450
 -28.85684 -28.01873
 -28.81250 -28.05656
 -28.77085 -28.10090
 -28.76506 -28.10410
 -28.72930 -28.13170
 -28.71473 -28.14503
 -28.70233 -28.15495
 -28.70543 -28.16405
3 132 -30.1732 -29.7388 -29.1507 -28.2034 'Qacha's Nek (Lesotho)'
 -29.97859 -29.01579
 -29.99992 -28.97630
 -30.06638 -28.86003
 -30.08943 -28.79564
 -30.10183 -28.72949
 -30.13149 -28.63968
 -30.13129 -28.60588
 -30.11496 -28.55731
 -30.11330 -28.54056
 -30.11671 -28.52434
 -30.13935 -28.48093
 -30.14700 -28.45623
 -30.14090 -28.40796
 -30.14421 -28.38388
 -30.15929 -28.36409
 -30.17324 -28.35560
 -30.17289 -28.35530
 -30.15206 -28.33804
 -30.14948 -28.33324
 -30.14695 -28.32719
 -30.14793 -28.32115
 -30.14824 -28.31365
 -30.13899 -28.22694
 -30.13475 -28.21593
 -30.12829 -28.20849
 -30.12178 -28.20477
 -30.11522 -28.20337
 -30.10772 -28.20337
 -30.09951 -28.20461
 -30.08245 -28.20927
 -30.07486 -28.21392
 -30.06773 -28.22182
 -30.05382 -28.25236
 -30.05264 -28.27148
 -30.04886 -28.27613
 -30.04111 -28.27908
 -30.02401 -28.27241
 -30.00127 -28.26471
 -29.99812 -28.26978
 -29.98478 -28.30063
 -29.99150 -28.33680
 -30.00106 -28.34791
 -30.02628 -28.36424
 -30.03010 -28.36796
 -30.02861 -28.37060
 -30.02757 -28.37499
 -30.00726 -28.40987
 -29.99135 -28.43194
 -29.98835 -28.43721
 -29.98618 -28.44186
 -29.98432 -28.44744
 -29.97998 -28.45364
 -29.97321 -28.46170
 -29.95709 -28.47426
 -29.94902 -28.48424
 -29.94256 -28.49478
 -29.93052 -28.52904
 -29.92525 -28.54072
 -29.91890 -28.54800
 -29.90732 -28.55235
 -29.89492 -28.55219
 -29.86459 -28.54630
 -29.84588 -28.54831
 -29.82123 -28.55436
 -29.79989 -28.55467
 -29.77622 -28.53994
 -29.77069 -28.55684
 -29.77017 -28.56661
 -29.77064 -28.57979
 -29.77472 -28.60015
 -29.78428 -28.62805
 -29.79389 -28.64728
 -29.80598 -28.66578
 -29.81208 -28.67291
 -29.81859 -28.67818
 -29.82609 -28.68112
 -29.83487 -28.68190
 -29.85394 -28.68004
 -29.86210 -28.68050
 -29.86841 -28.68283
 -29.87373 -28.68748
 -29.87761 -28.69306
 -29.87936 -28.69740
 -29.87435 -28.71006
 -29.86769 -28.71745
 -29.86055 -28.72381
 -29.85435 -28.73094
 -29.85048 -28.74050
 -29.85094 -28.75001
 -29.85358 -28.75941
 -29.85451 -28.76897
 -29.84991 -28.77905
 -29.83745 -28.78685
 -29.82485 -28.78417
 -29.81255 -28.77781
 -29.81224 -28.77936
 -29.81038 -28.78866
 -29.81022 -28.80928
 -29.81275 -28.82391
 -29.81782 -28.83739
 -29.85621 -28.89124
 -29.86185 -28.90597
 -29.86345 -28.92209
 -29.86107 -28.94261
 -29.85668 -28.95857
 -29.84991 -28.97346
 -29.83482 -28.98901
 -29.82371 -28.99614
 -29.81260 -29.00017
 -29.75126 -29.00808
 -29.74346 -29.01366
 -29.73880 -29.02327
 -29.74315 -29.04394
 -29.75441 -29.07758
 -29.75627 -29.09810
 -29.75296 -29.11309
 -29.75285 -29.11360
 -29.77513 -29.11231
 -29.80159 -29.10632
 -29.82557 -29.10580
 -29.84345 -29.12037
 -29.85203 -29.13298
 -29.85916 -29.13577
 -29.86805 -29.13515
 -29.88210 -29.13732
 -29.90133 -29.14828
 -29.91114 -29.15065
 -29.91972 -29.14425
 -29.92468 -29.13277
 -29.93151 -29.10632
 -29.93626 -29.09412
 -29.97859 -29.01579
4 237 -29.8944 -29.1058 -29.2963 -28.1 'Thaba-Tseka (Lesotho)'
 -29.52829 -29.27520
 -29.53225 -29.27514
 -29.55613 -29.28202
 -29.57163 -29.29628
 -29.58145 -29.27995
 -29.59706 -29.27840
 -29.61359 -29.27861
 -29.62610 -29.26734
 -29.64687 -29.19034
 -29.66692 -29.16130
 -29.69193 -29.14507
 -29.72025 -29.13241
 -29.75012 -29.11376
 -29.75285 -29.11360
 -29.75296 -29.11309
 -29.75627 -29.09810
 -29.75441 -29.07758
 -29.74315 -29.04394
 -29.73880 -29.02327
 -29.74346 -29.01366
 -29.75126 -29.00808
 -29.81260 -29.00017
 -29.82371 -28.99614
 -29.83482 -28.98901
 -29.84991 -28.97346
 -29.85668 -28.95857
 -29.86107 -28.94261
 -29.86345 -28.92209
 -29.86185 -28.90597
 -29.85621 -28.89124
 -29.81782 -28.83739
 -29.81275 -28.82391
 -29.81022 -28.80928
 -29.81038 -28.78866
 -29.81224 -28.77936
 -29.81255 -28.77781
 -29.82485 -28.78417
 -29.83745 -28.78685
 -29.84991 -28.77905
 -29.85451 -28.76897
 -29.85358 -28.75941
 -29.85094 -28.75001
 -29.85048 -28.74050
 -29.85435 -28.73094
 -29.86055 -28.72381
 -29.86769 -28.71745
 -29.87435 -28.71006
 -29.87936 -28.69740
 -29.87761 -28.69306
 -29.87373 -28.68748
 -29.86841 -28.68283
 -29.86210 -28.68050
 -29.85394 -28.68004
 -29.83487 -28.68190
 -29.82609 -28.68112
 -29.81859 -28.67818
 -29.81208 -28.67291
 -29.80598 -28.66578
 -29.79389 -28.64728
 -29.78428 -28.62805
 -29.77472 -28.60015
 -29.77064 -28.57979
 -29.77017 -28.56661
 -29.77069 -28.55684
 -29.77622 -28.53994
 -29.79508 -28.51152
 -29.80645 -28.50175
 -29.80970 -28.47571
 -29.81622 -28.45292
 -29.83089 -28.42688
 -29.84391 -28.40243
 -29.84877 -28.38450
 -29.84066 -28.36497
 -29.84877 -28.34058
 -29.86510 -28.33567
 -29.87973 -28.33567
 -29.88298 -28.32099
 -29.88464 -28.30146
 -29.89440 -28.28192
 -29.87812 -28.27216
 -29.86510 -28.26404
 -29.86019 -28.24937
 -29.85368 -28.23634
 -29.84645 -28.23454
 -29.78531 -28.21965
 -29.76154 -28.20461
 -29.73483 -28.22983
 -29.71204 -28.20539
 -29.70950 -28.18410
 -29.65881 -28.16906
 -29.65008 -28.16767
 -29.63969 -28.16891
 -29.51024 -28.14312
 -29.50264 -28.14048
 -29.49830 -28.13692
 -29.49520 -28.12886
 -29.49138 -28.12653
 -29.48621 -28.12483
 -29.48208 -28.12281
 -29.47970 -28.11645
 -29.47712 -28.11382
 -29.47288 -28.11087
 -29.46709 -28.10514
 -29.46073 -28.10188
 -29.45216 -28.10002
 -29.43738 -28.10266
 -29.42756 -28.10157
 -29.41815 -28.10266
 -29.40963 -28.10498
 -29.40007 -28.10870
 -29.39164 -28.11335
 -29.38642 -28.11894
 -29.38549 -28.12669
 -29.38105 -28.13940
 -29.37635 -28.14922
 -29.33221 -28.20337
 -29.31852 -28.21330
 -29.31340 -28.21640
 -29.30173 -28.22477
 -29.29718 -28.22957
 -29.26839 -28.27319
 -29.26013 -28.28110
 -29.24995 -28.28575
 -29.23429 -28.28559
 -29.20478 -28.27179
 -29.18979 -28.26652
 -29.18359 -28.26342
 -29.17801 -28.25986
 -29.16809 -28.25190
 -29.15326 -28.24864
 -29.11920 -28.26451
 -29.11006 -28.27505
 -29.10722 -28.28637
 -29.10582 -28.29644
 -29.10618 -28.30621
 -29.10866 -28.32208
 -29.11068 -28.32936
 -29.11409 -28.33587
 -29.11951 -28.33990
 -29.12649 -28.34068
 -29.13543 -28.34006
 -29.14530 -28.34052
 -29.15527 -28.34393
 -29.17569 -28.35572
 -29.24374 -28.38290
 -29.28788 -28.40770
 -29.29594 -28.41747
 -29.29976 -28.42868
 -29.30038 -28.43861
 -29.30591 -28.46667
 -29.31666 -28.49943
 -29.34064 -28.54893
 -29.34529 -28.56335
 -29.34606 -28.57436
 -29.34384 -28.60418
 -29.34152 -28.61162
 -29.33785 -28.61735
 -29.33423 -28.62045
 -29.33066 -28.61937
 -29.32581 -28.61534
 -29.31831 -28.60402
 -29.31278 -28.59720
 -29.27997 -28.56893
 -29.27330 -28.56459
 -29.26963 -28.56289
 -29.25889 -28.56211
 -29.25088 -28.60201
 -29.23806 -28.62805
 -29.19470 -28.68562
 -29.18819 -28.69647
 -29.18618 -28.70360
 -29.19016 -28.70908
 -29.19698 -28.71404
 -29.20690 -28.71854
 -29.21718 -28.71885
 -29.23072 -28.71528
 -29.28860 -28.68655
 -29.30457 -28.67647
 -29.31092 -28.67415
 -29.31831 -28.67771
 -29.32296 -28.68655
 -29.32746 -28.70081
 -29.33283 -28.70893
 -29.35035 -28.72365
 -29.35304 -28.73032
 -29.35040 -28.73559
 -29.34586 -28.73885
 -29.34234 -28.74226
 -29.34033 -28.74830
 -29.34017 -28.75869
 -29.34136 -28.77068
 -29.34446 -28.78696
 -29.34772 -28.79440
 -29.35133 -28.79858
 -29.35273 -28.80406
 -29.35283 -28.80401
 -29.37340 -28.80246
 -29.41485 -28.80478
 -29.43531 -28.80292
 -29.45019 -28.79765
 -29.46161 -28.78944
 -29.47262 -28.77636
 -29.47567 -28.77858
 -29.47929 -28.77812
 -29.48270 -28.77874
 -29.48931 -28.78262
 -29.49086 -28.78959
 -29.48807 -28.83414
 -29.48998 -28.85011
 -29.50259 -28.89558
 -29.50342 -28.90907
 -29.50120 -28.95826
 -29.50197 -28.96974
 -29.50156 -28.97966
 -29.49949 -28.98865
 -29.49272 -29.00358
 -29.49107 -29.01149
 -29.49117 -29.02064
 -29.49923 -29.05216
 -29.50988 -29.08193
 -29.51809 -29.09789
 -29.52672 -29.10880
 -29.54740 -29.11996
 -29.55789 -29.12787
 -29.56977 -29.14151
 -29.57416 -29.14895
 -29.57602 -29.15830
 -29.57442 -29.16326
 -29.55897 -29.18187
 -29.55473 -29.19163
 -29.54734 -29.21959
 -29.54409 -29.22579
 -29.52827 -29.24951
 -29.52641 -29.25385
 -29.52569 -29.25819
 -29.52822 -29.27473
 -29.52829 -29.27520
5 146 -29.3734 -28.9374 -28.2857 -27.5107 'Berea (Lesotho)'
 -29.27075 -27.51069
 -29.26839 -27.51892
 -29.26095 -27.52889
 -29.24938 -27.52724
 -29.22612 -27.52099
 -29.21651 -27.52150
 -29.20762 -27.52817
 -29.20235 -27.53825
 -29.19894 -27.54848
 -29.19543 -27.55571
 -29.13383 -27.61297
 -29.09662 -27.63560
 -29.09104 -27.63448
 -29.09104 -27.64305
 -29.08045 -27.66956
 -29.08029 -27.68615
 -29.08231 -27.69860
 -29.08701 -27.71116
 -29.08432 -27.72263
 -29.06195 -27.76035
 -29.05941 -27.77198
 -29.05631 -27.78066
 -29.05296 -27.78795
 -29.03141 -27.82505
 -29.03110 -27.83327
 -29.03502 -27.84179
 -29.04510 -27.85730
 -29.04908 -27.86603
 -29.05120 -27.87642
 -29.05213 -27.89332
 -29.04510 -27.90525
 -29.03781 -27.91455
 -28.99942 -27.94298
 -28.99079 -27.95228
 -28.98345 -27.96515
 -28.97156 -27.97321
 -28.95441 -27.97962
 -28.94154 -27.99078
 -28.93735 -28.00023
 -28.93844 -28.01031
 -28.94263 -28.02178
 -28.94991 -28.03419
 -28.95937 -28.04679
 -28.97187 -28.05935
 -28.98862 -28.08199
 -28.99720 -28.09041
 -29.00779 -28.09739
 -29.01973 -28.10359
 -29.03048 -28.11165
 -29.03626 -28.12080
 -29.03916 -28.13118
 -29.04246 -28.15263
 -29.04505 -28.16240
 -29.04944 -28.17232
 -29.05709 -28.18379
 -29.06577 -28.19402
 -29.08448 -28.21128
 -29.09244 -28.21686
 -29.10045 -28.22151
 -29.11114 -28.23112
 -29.11920 -28.26451
 -29.15326 -28.24864
 -29.16809 -28.25190
 -29.17801 -28.25986
 -29.18359 -28.26342
 -29.18979 -28.26652
 -29.20478 -28.27179
 -29.23429 -28.28559
 -29.24995 -28.28575
 -29.26013 -28.28110
 -29.26839 -28.27319
 -29.29718 -28.22957
 -29.30173 -28.22477
 -29.31340 -28.21640
 -29.31852 -28.21330
 -29.33221 -28.20337
 -29.29170 -28.17418
 -29.29030 -28.16984
 -29.28912 -28.16441
 -29.29263 -28.16208
 -29.29573 -28.15867
 -29.29806 -28.15480
 -29.30467 -28.13320
 -29.30808 -28.12545
 -29.31278 -28.11878
 -29.32534 -28.10731
 -29.34756 -28.07501
 -29.36797 -28.05191
 -29.37340 -28.04183
 -29.37175 -28.03419
 -29.36586 -28.02798
 -29.35841 -28.02488
 -29.34927 -28.02411
 -29.32720 -28.02628
 -29.31697 -28.02628
 -29.30762 -28.02535
 -29.27914 -28.01806
 -29.27087 -28.01481
 -29.26483 -28.01031
 -29.26462 -28.00504
 -29.27005 -27.99884
 -29.29449 -27.98024
 -29.30333 -27.97150
 -29.31775 -27.95073
 -29.32684 -27.93181
 -29.33041 -27.92091
 -29.33563 -27.89130
 -29.33413 -27.87936
 -29.33118 -27.87022
 -29.29966 -27.80970
 -29.29480 -27.79353
 -29.29361 -27.78237
 -29.29387 -27.77213
 -29.29764 -27.75379
 -29.30074 -27.74635
 -29.30467 -27.74092
 -29.31025 -27.73751
 -29.31635 -27.73581
 -29.32296 -27.73333
 -29.32762 -27.72821
 -29.33004 -27.71333
 -29.32472 -27.69705
 -29.31945 -27.66739
 -29.31304 -27.65204
 -29.29718 -27.62703
 -29.29547 -27.61912
 -29.29842 -27.61214
 -29.31247 -27.60052
 -29.32007 -27.59060
 -29.32472 -27.57845
 -29.32782 -27.55597
 -29.32689 -27.54465
 -29.32296 -27.53535
 -29.31707 -27.53086
 -29.31118 -27.52817
 -29.30658 -27.52807
 -29.30343 -27.52869
 -29.29232 -27.53349
 -29.28958 -27.53318
 -29.28736 -27.53148
 -29.28540 -27.52755
 -29.28410 -27.52259
 -29.28214 -27.51871
 -29.27997 -27.51592
 -29.27237 -27.51143
 -29.27075 -27.51069
6 203 -29.927 -29.2646 -28.2034 -27.3003 'Maseru (Lesotho)'
 -29.48450 -27.34487
 -29.48027 -27.35025
 -29.46228 -27.35448
 -29.44668 -27.36554
 -29.40689 -27.40709
 -29.40255 -27.41371
 -29.39655 -27.41763
 -29.38384 -27.41908
 -29.37598 -27.41619
 -29.36978 -27.41030
 -29.36399 -27.40626
 -29.35707 -27.40864
 -29.35066 -27.41763
 -29.34797 -27.42683
 -29.34353 -27.43613
 -29.33196 -27.44585
 -29.32296 -27.44833
 -29.29971 -27.45029
 -29.29165 -27.45329
 -29.28245 -27.46988
 -29.27075 -27.51069
 -29.27237 -27.51143
 -29.27997 -27.51592
 -29.28214 -27.51871
 -29.28410 -27.52259
 -29.28540 -27.52755
 -29.28736 -27.53148
 -29.28958 -27.53318
 -29.29232 -27.53349
 -29.30343 -27.52869
 -29.30658 -27.52807
 -29.31118 -27.52817
 -29.31707 -27.53086
 -29.32296 -27.53535
 -29.32689 -27.54465
 -29.32782 -27.55597
 -29.32472 -27.57845
 -29.32007 -27.59060
 -29.31247 -27.60052
 -29.29842 -27.61214
 -29.29547 -27.61912
 -29.29718 -27.62703
 -29.31304 -27.65204
 -29.31945 -27.66739
 -29.32472 -27.69705
 -29.33004 -27.71333
 -29.32762 -27.72821
 -29.32296 -27.73333
 -29.31635 -27.73581
 -29.31025 -27.73751
 -29.30467 -27.74092
 -29.30074 -27.74635
 -29.29764 -27.75379
 -29.29387 -27.77213
 -29.29361 -27.78237
 -29.29480 -27.79353
 -29.29966 -27.80970
 -29.33118 -27.87022
 -29.33413 -27.87936
 -29.33563 -27.89130
 -29.33041 -27.92091
 -29.32684 -27.93181
 -29.31775 -27.95073
 -29.30333 -27.97150
 -29.29449 -27.98024
 -29.27005 -27.99884
 -29.26462 -28.00504
 -29.26483 -28.01031
 -29.27087 -28.01481
 -29.27914 -28.01806
 -29.30762 -28.02535
 -29.31697 -28.02628
 -29.32720 -28.02628
 -29.34927 -28.02411
 -29.35841 -28.02488
 -29.36586 -28.02798
 -29.37175 -28.03419
 -29.37340 -28.04183
 -29.36797 -28.05191
 -29.34756 -28.07501
 -29.32534 -28.10731
 -29.31278 -28.11878
 -29.30808 -28.12545
 -29.30467 -28.13320
 -29.29806 -28.15480
 -29.29573 -28.15867
 -29.29263 -28.16208
 -29.28912 -28.16441
 -29.29030 -28.16984
 -29.29170 -28.17418
 -29.33221 -28.20337
 -29.37635 -28.14922
 -29.38105 -28.13940
 -29.38549 -28.12669
 -29.38642 -28.11894
 -29.39164 -28.11335
 -29.40007 -28.10870
 -29.40963 -28.10498
 -29.41815 -28.10266
 -29.42756 -28.10157
 -29.43738 -28.10266
 -29.45216 -28.10002
 -29.46073 -28.10188
 -29.46709 -28.10514
 -29.47288 -28.11087
 -29.47712 -28.11382
 -29.47970 -28.11645
 -29.48208 -28.12281
 -29.48621 -28.12483
 -29.49138 -28.12653
 -29.49520 -28.12886
 -29.49830 -28.13692
 -29.50264 -28.14048
 -29.51024 -28.14312
 -29.63969 -28.16891
 -29.65008 -28.16767
 -29.65881 -28.16906
 -29.70950 -28.18410
 -29.70387 -28.14353
 -29.70387 -28.12074
 -29.70222 -28.08979
 -29.70878 -28.06535
 -29.71855 -28.05723
 -29.72831 -28.07677
 -29.75110 -28.09139
 -29.77064 -28.09630
 -29.78857 -28.10121
 -29.79834 -28.10121
 -29.79994 -28.12886
 -29.79508 -28.15004
 -29.79834 -28.16141
 -29.81787 -28.15165
 -29.83415 -28.15656
 -29.85203 -28.16467
 -29.85859 -28.16467
 -29.85859 -28.14353
 -29.86670 -28.12560
 -29.88138 -28.12886
 -29.90417 -28.12886
 -29.92045 -28.11258
 -29.92696 -28.08653
 -29.90484 -28.07811
 -29.89750 -28.06819
 -29.89084 -28.06493
 -29.88283 -28.05734
 -29.87714 -28.04493
 -29.87172 -27.99977
 -29.86763 -27.98396
 -29.85311 -27.96205
 -29.84386 -27.93972
 -29.82216 -27.81079
 -29.81580 -27.78934
 -29.81554 -27.75007
 -29.82609 -27.66646
 -29.82107 -27.65514
 -29.81410 -27.65359
 -29.80578 -27.66134
 -29.79730 -27.67111
 -29.78562 -27.67622
 -29.77141 -27.67545
 -29.70196 -27.62687
 -29.69498 -27.61649
 -29.69302 -27.60610
 -29.69395 -27.57442
 -29.68868 -27.55086
 -29.67969 -27.53954
 -29.66914 -27.53535
 -29.64636 -27.53597
 -29.63819 -27.53334
 -29.63700 -27.52848
 -29.64036 -27.52259
 -29.65938 -27.50538
 -29.66263 -27.50104
 -29.66548 -27.49530
 -29.67219 -27.46890
 -29.67225 -27.45929
 -29.67126 -27.45153
 -29.66744 -27.43650
 -29.66310 -27.42936
 -29.65679 -27.42487
 -29.64966 -27.42456
 -29.64067 -27.42254
 -29.62935 -27.41758
 -29.60414 -27.39211
 -29.59359 -27.38497
 -29.58388 -27.38110
 -29.56471 -27.36870
 -29.55634 -27.36560
 -29.53897 -27.36250
 -29.53065 -27.35815
 -29.52647 -27.35299
 -29.52388 -27.34694
 -29.52275 -27.34012
 -29.52295 -27.33500
 -29.52497 -27.32400
 -29.52063 -27.30276
 -29.52012 -27.30031
 -29.51809 -27.30250
 -29.50921 -27.30911
 -29.49866 -27.31407
 -29.48719 -27.31604
 -29.48357 -27.32141
 -29.48450 -27.34487
7 177 -30.0408 -29.5201 -28.3096 -27.0022 'Mafeteng (Lesotho)'
 -29.61442 -27.08587
 -29.61163 -27.09042
 -29.58176 -27.12277
 -29.57856 -27.12814
 -29.56863 -27.15636
 -29.56595 -27.18571
 -29.56264 -27.19584
 -29.55406 -27.21372
 -29.54900 -27.24183
 -29.54114 -27.26312
 -29.52440 -27.29568
 -29.52012 -27.30031
 -29.52063 -27.30276
 -29.52497 -27.32400
 -29.52295 -27.33500
 -29.52275 -27.34012
 -29.52388 -27.34694
 -29.52647 -27.35299
 -29.53065 -27.35815
 -29.53897 -27.36250
 -29.55634 -27.36560
 -29.56471 -27.36870
 -29.58388 -27.38110
 -29.59359 -27.38497
 -29.60414 -27.39211
 -29.62935 -27.41758
 -29.64067 -27.42254
 -29.64966 -27.42456
 -29.65679 -27.42487
 -29.66310 -27.42936
 -29.66744 -27.43650
 -29.67126 -27.45153
 -29.67225 -27.45929
 -29.67219 -27.46890
 -29.66548 -27.49530
 -29.66263 -27.50104
 -29.65938 -27.50538
 -29.64036 -27.52259
 -29.63700 -27.52848
 -29.63819 -27.53334
 -29.64636 -27.53597
 -29.66914 -27.53535
 -29.67969 -27.53954
 -29.68868 -27.55086
 -29.69395 -27.57442
 -29.69302 -27.60610
 -29.69498 -27.61649
 -29.70196 -27.62687
 -29.77141 -27.67545
 -29.78562 -27.67622
 -29.79730 -27.67111
 -29.80578 -27.66134
 -29.81410 -27.65359
 -29.82107 -27.65514
 -29.82609 -27.66646
 -29.81554 -27.75007
 -29.81580 -27.78934
 -29.82216 -27.81079
 -29.84386 -27.93972
 -29.85311 -27.96205
 -29.86763 -27.98396
 -29.87172 -27.99977
 -29.87714 -28.04493
 -29.88283 -28.05734
 -29.89084 -28.06493
 -29.89750 -28.06819
 -29.90484 -28.07811
 -29.91554 -28.05723
 -29.93838 -28.05558
 -29.93512 -28.04096
 -29.92856 -28.01486
 -29.91394 -27.98881
 -29.91394 -27.96442
 -29.91394 -27.93833
 -29.89766 -27.92205
 -29.88789 -27.90417
 -29.90091 -27.89275
 -29.92530 -27.88949
 -29.93998 -27.88298
 -29.92530 -27.87161
 -29.90577 -27.85368
 -29.90417 -27.83575
 -29.92530 -27.84066
 -29.93838 -27.83740
 -29.95466 -27.82112
 -29.95951 -27.79994
 -29.94815 -27.77715
 -29.93512 -27.76087
 -29.94489 -27.74134
 -29.96117 -27.73317
 -29.96442 -27.71855
 -29.96504 -27.70170
 -29.97125 -27.69188
 -29.97528 -27.68072
 -29.97528 -27.67126
 -29.96964 -27.66119
 -29.96360 -27.65452
 -29.95667 -27.64847
 -29.93698 -27.63416
 -29.93249 -27.62532
 -29.93109 -27.61276
 -29.93311 -27.59137
 -29.93207 -27.57845
 -29.92753 -27.56899
 -29.92210 -27.56450
 -29.91978 -27.56140
 -29.92024 -27.55938
 -29.93626 -27.55458
 -29.94086 -27.55256
 -29.94520 -27.54977
 -29.94923 -27.54559
 -29.95326 -27.54016
 -29.95631 -27.53504
 -29.95926 -27.53101
 -29.96241 -27.52931
 -29.96768 -27.52776
 -29.97290 -27.52507
 -29.97662 -27.52228
 -30.01295 -27.48058
 -30.01579 -27.47810
 -30.01905 -27.47593
 -30.02706 -27.47184
 -30.03047 -27.46890
 -30.03367 -27.46425
 -30.03584 -27.45743
 -30.04023 -27.44828
 -30.04080 -27.44270
 -30.03925 -27.43541
 -30.02147 -27.41397
 -30.00535 -27.38839
 -30.00220 -27.38497
 -29.99987 -27.38358
 -29.98447 -27.37583
 -29.97466 -27.37226
 -29.96349 -27.36947
 -29.94939 -27.36730
 -29.93218 -27.36730
 -29.91378 -27.37009
 -29.90484 -27.37288
 -29.86345 -27.39009
 -29.85704 -27.39040
 -29.85156 -27.38575
 -29.84939 -27.37676
 -29.85187 -27.36172
 -29.85828 -27.35221
 -29.86345 -27.34679
 -29.86825 -27.33996
 -29.87094 -27.33113
 -29.87228 -27.31082
 -29.87001 -27.30286
 -29.86686 -27.29697
 -29.86593 -27.29216
 -29.86810 -27.28503
 -29.88717 -27.25666
 -29.91600 -27.18773
 -29.92150 -27.17135
 -29.75012 -27.08876
 -29.75012 -27.08866
 -29.75002 -27.08866
 -29.73513 -27.08013
 -29.69679 -27.05099
 -29.68646 -27.03766
 -29.68005 -27.02453
 -29.66992 -27.01022
 -29.66651 -27.00215
 -29.64170 -27.01445
 -29.62558 -27.01487
 -29.61618 -27.02241
 -29.61618 -27.03295
 -29.62806 -27.04236
 -29.62052 -27.04918
 -29.60439 -27.05683
 -29.60016 -27.06220
 -29.59995 -27.07202
 -29.60512 -27.07512
 -29.61132 -27.07771
 -29.61442 -27.08587
8 43 -30.0408 -29.5201 -28.3096 -27.0022 'Mafeteng (Lesotho)'
 -29.70222 -28.08979
 -29.70387 -28.12074
 -29.70387 -28.14353
 -29.70950 -28.18410
 -29.71204 -28.20539
 -29.73483 -28.22983
 -29.76154 -28.20461
 -29.78531 -28.21965
 -29.84645 -28.23454
 -29.85368 -28.23634
 -29.86019 -28.24937
 -29.86510 -28.26404
 -29.87812 -28.27216
 -29.89440 -28.28192
 -29.92045 -28.30146
 -29.93998 -28.30962
 -29.94975 -28.29985
 -29.96117 -28.29009
 -29.95140 -28.27541
 -29.93998 -28.26079
 -29.92370 -28.24611
 -29.91068 -28.22007
 -29.90742 -28.19237
 -29.90577 -28.16958
 -29.90417 -28.12886
 -29.88138 -28.12886
 -29.86670 -28.12560
 -29.85859 -28.14353
 -29.85859 -28.16467
 -29.85203 -28.16467
 -29.83415 -28.15656
 -29.81787 -28.15165
 -29.79834 -28.16141
 -29.79508 -28.15004
 -29.79994 -28.12886
 -29.79834 -28.10121
 -29.78857 -28.10121
 -29.77064 -28.09630
 -29.75110 -28.09139
 -29.72831 -28.07677
 -29.71855 -28.05723
 -29.70878 -28.06535
 -29.70222 -28.08979
9 230 -30.3934 -29.7762 -28.5547 -27.1714 'Mohale's Hoek (Lesotho)'
 -30.13480 -27.32203
 -30.13160 -27.31278
 -30.11496 -27.30043
 -30.10090 -27.29371
 -30.05346 -27.28017
 -30.03331 -27.26591
 -29.99806 -27.21796
 -29.97853 -27.19884
 -29.92150 -27.17135
 -29.91600 -27.18773
 -29.88717 -27.25666
 -29.86810 -27.28503
 -29.86593 -27.29216
 -29.86686 -27.29697
 -29.87001 -27.30286
 -29.87228 -27.31082
 -29.87094 -27.33113
 -29.86825 -27.33996
 -29.86345 -27.34679
 -29.85828 -27.35221
 -29.85187 -27.36172
 -29.84939 -27.37676
 -29.85156 -27.38575
 -29.85704 -27.39040
 -29.86345 -27.39009
 -29.90484 -27.37288
 -29.91378 -27.37009
 -29.93218 -27.36730
 -29.94939 -27.36730
 -29.96349 -27.36947
 -29.97466 -27.37226
 -29.98447 -27.37583
 -29.99987 -27.38358
 -30.00220 -27.38497
 -30.00535 -27.38839
 -30.02147 -27.41397
 -30.03925 -27.43541
 -30.04080 -27.44270
 -30.04023 -27.44828
 -30.03584 -27.45743
 -30.03367 -27.46425
 -30.03047 -27.46890
 -30.02706 -27.47184
 -30.01905 -27.47593
 -30.01579 -27.47810
 -30.01295 -27.48058
 -29.97662 -27.52228
 -29.97290 -27.52507
 -29.96768 -27.52776
 -29.96241 -27.52931
 -29.95926 -27.53101
 -29.95631 -27.53504
 -29.95326 -27.54016
 -29.94923 -27.54559
 -29.94520 -27.54977
 -29.94086 -27.55256
 -29.93626 -27.55458
 -29.92024 -27.55938
 -29.91978 -27.56140
 -29.92210 -27.56450
 -29.92753 -27.56899
 -29.93207 -27.57845
 -29.93311 -27.59137
 -29.93109 -27.61276
 -29.93249 -27.62532
 -29.93698 -27.63416
 -29.95667 -27.64847
 -29.96360 -27.65452
 -29.96964 -27.66119
 -29.97528 -27.67126
 -29.97528 -27.68072
 -29.97125 -27.69188
 -29.96504 -27.70170
 -29.96442 -27.71855
 -29.96117 -27.73317
 -29.94489 -27.74134
 -29.93512 -27.76087
 -29.94815 -27.77715
 -29.95951 -27.79994
 -29.95466 -27.82112
 -29.93838 -27.83740
 -29.92530 -27.84066
 -29.90417 -27.83575
 -29.90577 -27.85368
 -29.92530 -27.87161
 -29.93998 -27.88298
 -29.92530 -27.88949
 -29.90091 -27.89275
 -29.88789 -27.90417
 -29.89766 -27.92205
 -29.91394 -27.93833
 -29.91394 -27.96442
 -29.91394 -27.98881
 -29.92856 -28.01486
 -29.93512 -28.04096
 -29.93838 -28.05558
 -29.91554 -28.05723
 -29.90484 -28.07811
 -29.92696 -28.08653
 -29.92045 -28.11258
 -29.90417 -28.12886
 -29.90577 -28.16958
 -29.90742 -28.19237
 -29.91068 -28.22007
 -29.92370 -28.24611
 -29.93998 -28.26079
 -29.95140 -28.27541
 -29.96117 -28.29009
 -29.94975 -28.29985
 -29.93998 -28.30962
 -29.92045 -28.30146
 -29.89440 -28.28192
 -29.88464 -28.30146
 -29.88298 -28.32099
 -29.87973 -28.33567
 -29.86510 -28.33567
 -29.84877 -28.34058
 -29.84066 -28.36497
 -29.84877 -28.38450
 -29.84391 -28.40243
 -29.83089 -28.42688
 -29.81622 -28.45292
 -29.80970 -28.47571
 -29.80645 -28.50175
 -29.79508 -28.51152
 -29.77622 -28.53994
 -29.79989 -28.55467
 -29.82123 -28.55436
 -29.84588 -28.54831
 -29.86459 -28.54630
 -29.89492 -28.55219
 -29.90732 -28.55235
 -29.91890 -28.54800
 -29.92525 -28.54072
 -29.93052 -28.52904
 -29.94256 -28.49478
 -29.94902 -28.48424
 -29.95709 -28.47426
 -29.97321 -28.46170
 -29.97998 -28.45364
 -29.98432 -28.44744
 -29.98618 -28.44186
 -29.98835 -28.43721
 -29.99135 -28.43194
 -30.00726 -28.40987
 -30.02757 -28.37499
 -30.02861 -28.37060
 -30.03010 -28.36796
 -30.02628 -28.36424
 -30.00106 -28.34791
 -29.99150 -28.33680
 -29.98478 -28.30063
 -29.99812 -28.26978
 -30.00127 -28.26471
 -30.01682 -28.23981
 -30.02644 -28.20632
 -30.02308 -28.16302
 -30.02628 -28.14017
 -30.03925 -28.13025
 -30.05305 -28.12415
 -30.06127 -28.10938
 -30.07041 -28.07511
 -30.07253 -28.05723
 -30.06106 -28.00535
 -30.06158 -27.99667
 -30.06648 -27.97130
 -30.06638 -27.94422
 -30.07005 -27.93373
 -30.07599 -27.92536
 -30.08400 -27.91828
 -30.11837 -27.89714
 -30.13124 -27.89332
 -30.14591 -27.89316
 -30.17072 -27.90122
 -30.18271 -27.90262
 -30.19485 -27.89698
 -30.19888 -27.89208
 -30.20596 -27.88019
 -30.21087 -27.87502
 -30.21635 -27.87161
 -30.22870 -27.86624
 -30.23443 -27.86272
 -30.24746 -27.83544
 -30.26425 -27.81947
 -30.26797 -27.81497
 -30.27355 -27.79782
 -30.27433 -27.78004
 -30.26797 -27.74614
 -30.26503 -27.74227
 -30.25490 -27.73544
 -30.25211 -27.73054
 -30.25304 -27.72108
 -30.25898 -27.71736
 -30.26756 -27.71751
 -30.27681 -27.71937
 -30.31598 -27.73420
 -30.33484 -27.73534
 -30.35422 -27.72371
 -30.36766 -27.68987
 -30.34394 -27.62186
 -30.35231 -27.58625
 -30.36130 -27.57954
 -30.38311 -27.57287
 -30.39060 -27.56589
 -30.39153 -27.55763
 -30.38920 -27.54698
 -30.39342 -27.53336
 -30.38223 -27.52967
 -30.36765 -27.49318
 -30.35629 -27.47747
 -30.34109 -27.46673
 -30.31660 -27.45939
 -30.31009 -27.45210
 -30.30988 -27.43603
 -30.31753 -27.41484
 -30.31856 -27.40781
 -30.31722 -27.39763
 -30.31232 -27.37771
 -30.31215 -27.37702
 -30.31102 -27.36616
 -30.29541 -27.36782
 -30.24156 -27.34554
 -30.21294 -27.34368
 -30.16581 -27.36554
 -30.15258 -27.38053
 -30.14266 -27.38136
 -30.13594 -27.37195
 -30.13222 -27.35666
 -30.13222 -27.33443
 -30.13480 -27.32203
10 133 -30.6588 -30.0013 -28.3556 -27.5334 'Quthing (Lesotho)'
 -30.17324 -28.35560
 -30.20105 -28.33866
 -30.21469 -28.32300
 -30.22079 -28.31370
 -30.23650 -28.30130
 -30.24249 -28.29438
 -30.24621 -28.28471
 -30.24994 -28.25531
 -30.25634 -28.23702
 -30.26740 -28.21603
 -30.28249 -28.20063
 -30.30110 -28.19846
 -30.31463 -28.20942
 -30.32053 -28.22410
 -30.32941 -28.23577
 -30.35225 -28.23846
 -30.37386 -28.23143
 -30.38739 -28.21820
 -30.44538 -28.13325
 -30.45726 -28.12539
 -30.46512 -28.12756
 -30.48269 -28.13924
 -30.49261 -28.14245
 -30.50077 -28.14121
 -30.54728 -28.12426
 -30.55338 -28.12085
 -30.56247 -28.11284
 -30.56837 -28.10488
 -30.57240 -28.09635
 -30.57756 -28.08803
 -30.58687 -28.08157
 -30.60702 -28.07584
 -30.62325 -28.07651
 -30.63927 -28.07899
 -30.65880 -28.07878
 -30.64970 -28.05470
 -30.64082 -27.93657
 -30.63492 -27.91559
 -30.62624 -27.89564
 -30.61973 -27.88613
 -30.61291 -27.87828
 -30.60712 -27.86980
 -30.60371 -27.85823
 -30.60495 -27.84955
 -30.61312 -27.83042
 -30.61456 -27.82040
 -30.60971 -27.77844
 -30.60030 -27.74361
 -30.58377 -27.71353
 -30.53054 -27.65953
 -30.49033 -27.59860
 -30.48186 -27.59230
 -30.47287 -27.59065
 -30.46388 -27.59013
 -30.45499 -27.58682
 -30.42553 -27.56274
 -30.40321 -27.53659
 -30.39342 -27.53336
 -30.38920 -27.54698
 -30.39153 -27.55763
 -30.39060 -27.56589
 -30.38311 -27.57287
 -30.36130 -27.57954
 -30.35231 -27.58625
 -30.34394 -27.62186
 -30.36766 -27.68987
 -30.35422 -27.72371
 -30.33484 -27.73534
 -30.31598 -27.73420
 -30.27681 -27.71937
 -30.26756 -27.71751
 -30.25898 -27.71736
 -30.25304 -27.72108
 -30.25211 -27.73054
 -30.25490 -27.73544
 -30.26503 -27.74227
 -30.26797 -27.74614
 -30.27433 -27.78004
 -30.27355 -27.79782
 -30.26797 -27.81497
 -30.26425 -27.81947
 -30.24746 -27.83544
 -30.23443 -27.86272
 -30.22870 -27.86624
 -30.21635 -27.87161
 -30.21087 -27.87502
 -30.20596 -27.88019
 -30.19888 -27.89208
 -30.19485 -27.89698
 -30.18271 -27.90262
 -30.17072 -27.90122
 -30.14591 -27.89316
 -30.13124 -27.89332
 -30.11837 -27.89714
 -30.08400 -27.91828
 -30.07599 -27.92536
 -30.07005 -27.93373
 -30.06638 -27.94422
 -30.06648 -27.97130
 -30.06158 -27.99667
 -30.06106 -28.00535
 -30.07253 -28.05723
 -30.07041 -28.07511
 -30.06127 -28.10938
 -30.05305 -28.12415
 -30.03925 -28.13025
 -30.02628 -28.14017
 -30.02308 -28.16302
 -30.02644 -28.20632
 -30.01682 -28.23981
 -30.00127 -28.26471
 -30.02401 -28.27241
 -30.04111 -28.27908
 -30.04886 -28.27613
 -30.05264 -28.27148
 -30.05382 -28.25236
 -30.06773 -28.22182
 -30.07486 -28.21392
 -30.08245 -28.20927
 -30.09951 -28.20461
 -30.10772 -28.20337
 -30.11522 -28.20337
 -30.12178 -28.20477
 -30.12829 -28.20849
 -30.13475 -28.21593
 -30.13899 -28.22694
 -30.14824 -28.31365
 -30.14793 -28.32115
 -30.14695 -28.32719
 -30.14948 -28.33324
 -30.15206 -28.33804
 -30.17289 -28.35530
 -30.17324 -28.35560
