0 330 38.1756 39.0267 7.11707 8.65221 'Évora (Portugal)'
 38.76613 7.22588
 38.73751 7.27043
 38.73374 7.27219
 38.72043 7.28071
 38.71325 7.28407
 38.67909 7.29095
 38.65627 7.29296
 38.64612 7.29250
 38.63816 7.29095
 38.63191 7.28604
 38.62891 7.27942
 38.62540 7.27353
 38.61770 7.27043
 38.60382 7.27586
 38.55625 7.31771
 38.50587 7.33580
 38.49414 7.34562
 38.48101 7.33410
 38.46944 7.33518
 38.45833 7.34484
 38.44636 7.35921
 38.44096 7.34552
 38.42458 7.31715
 38.31753 7.21136
 38.31169 7.20713
 38.29839 7.20067
 38.29216 7.19633
 38.28653 7.18945
 38.27653 7.17240
 38.27208 7.16718
 38.19090 7.12687
 38.18363 7.11707
 38.18193 7.12160
 38.17819 7.12767
 38.17558 7.13749
 38.17648 7.15214
 38.18335 7.16442
 38.19033 7.17297
 38.20465 7.18175
 38.21183 7.18454
 38.23237 7.19581
 38.23953 7.19736
 38.24609 7.20007
 38.25131 7.20612
 38.26087 7.23198
 38.27699 7.25247
 38.28371 7.25684
 38.29105 7.25849
 38.29867 7.26089
 38.30567 7.26500
 38.31084 7.27027
 38.31544 7.27394
 38.31901 7.27614
 38.32381 7.27697
 38.32676 7.27823
 38.33084 7.28102
 38.33187 7.28805
 38.33130 7.29616
 38.32278 7.32156
 38.32273 7.32805
 38.32061 7.33647
 38.30681 7.36872
 38.29976 7.40047
 38.29322 7.40202
 38.28653 7.40288
 38.27689 7.40729
 38.26795 7.41417
 38.26170 7.42437
 38.25725 7.42830
 38.25071 7.44424
 38.24730 7.44597
 38.23563 7.47458
 38.22193 7.49122
 38.20496 7.50447
 38.19834 7.50638
 38.19633 7.51713
 38.19733 7.56217
 38.20309 7.58439
 38.20625 7.60359
 38.20749 7.66937
 38.21095 7.68371
 38.23927 7.74730
 38.24686 7.77345
 38.25110 7.82394
 38.28118 7.90856
 38.30255 7.93122
 38.31167 7.96041
 38.31358 7.96909
 38.31446 7.98036
 38.30518 8.00274
 38.30541 8.01103
 38.30751 8.02000
 38.31363 8.03043
 38.32376 8.04250
 38.32588 8.04754
 38.32758 8.06193
 38.32552 8.08433
 38.32652 8.15826
 38.31756 8.16213
 38.34050 8.19993
 38.34598 8.21859
 38.34588 8.22748
 38.34704 8.23693
 38.34934 8.24608
 38.35900 8.26673
 38.36779 8.28047
 38.37440 8.30218
 38.37704 8.30835
 38.38458 8.30835
 38.40727 8.29220
 38.42484 8.28856
 38.43277 8.29357
 38.43714 8.30086
 38.44220 8.31538
 38.44786 8.32003
 38.45326 8.31995
 38.45657 8.31595
 38.46246 8.31559
 38.49003 8.32902
 38.49605 8.32995
 38.49892 8.33070
 38.50008 8.33086
 38.50080 8.33129
 38.50638 8.33605
 38.51708 8.34928
 38.53574 8.36850
 38.53909 8.37721
 38.53563 8.39584
 38.52406 8.41878
 38.52008 8.43325
 38.51910 8.46188
 38.52289 8.47423
 38.52801 8.48338
 38.53274 8.48911
 38.53816 8.49242
 38.54173 8.49932
 38.54256 8.50865
 38.53878 8.51252
 38.53393 8.51077
 38.52739 8.50904
 38.52227 8.51030
 38.51941 8.51655
 38.52566 8.54084
 38.52894 8.56994
 38.54716 8.60856
 38.55036 8.63812
 38.57449 8.64394
 38.58240 8.64683
 38.58886 8.65140
 38.59832 8.65221
 38.60617 8.65159
 38.64229 8.61546
 38.68826 8.53175
 38.70350 8.51593
 38.71283 8.50782
 38.72523 8.50581
 38.73185 8.50674
 38.74771 8.49630
 38.75794 8.49862
 38.76089 8.50485
 38.76704 8.54658
 38.79877 8.49867
 38.80559 8.45418
 38.81135 8.44400
 38.82781 8.42346
 38.82988 8.41300
 38.82892 8.40152
 38.83076 8.39398
 38.83303 8.38842
 38.83696 8.38380
 38.84213 8.37946
 38.84794 8.37724
 38.85267 8.37460
 38.85339 8.36845
 38.84791 8.35098
 38.84698 8.33812
 38.85073 8.32639
 38.85088 8.31677
 38.84967 8.31088
 38.85215 8.30543
 38.85680 8.30349
 38.86148 8.29915
 38.86140 8.29285
 38.85742 8.28574
 38.83533 8.25869
 38.83014 8.25003
 38.82505 8.21874
 38.82197 8.20810
 38.81683 8.20210
 38.81073 8.19807
 38.80487 8.19670
 38.80073 8.19340
 38.80016 8.18753
 38.80140 8.18267
 38.79877 8.17758
 38.78642 8.17200
 38.78125 8.16779
 38.77448 8.15162
 38.78737 8.13420
 38.80140 8.12893
 38.81014 8.13064
 38.81554 8.13684
 38.81835 8.14539
 38.81934 8.15322
 38.83298 8.16921
 38.84182 8.17557
 38.84952 8.17541
 38.86659 8.16991
 38.87427 8.17510
 38.87716 8.17890
 38.87874 8.19123
 38.89695 8.24290
 38.90067 8.25003
 38.90600 8.25781
 38.91396 8.26006
 38.92047 8.25688
 38.92589 8.25083
 38.93220 8.24515
 38.94078 8.24127
 38.95137 8.23879
 38.96765 8.23846
 38.97685 8.23502
 38.98305 8.23014
 38.98413 8.22523
 38.98460 8.21192
 38.98847 8.20582
 39.00090 8.19691
 39.01488 8.17709
 39.02018 8.16063
 39.02377 8.15332
 39.02547 8.14578
 39.02674 8.11800
 39.02206 8.10283
 39.01669 8.10270
 39.01051 8.10557
 38.99715 8.10929
 38.98372 8.10475
 38.97785 8.09810
 38.97948 8.09227
 38.98535 8.08953
 38.99168 8.08953
 38.99684 8.08774
 38.99920 8.08674
 39.00005 8.08604
 39.00062 8.08531
 39.00418 8.07369
 39.00599 8.05849
 39.00398 8.04932
 39.00170 8.04436
 39.00051 8.04328
 38.98212 8.02124
 38.97359 8.01852
 38.95902 8.01777
 38.94760 8.01852
 38.94563 8.01503
 38.94287 7.99067
 38.94439 7.98183
 38.94783 7.97393
 38.95248 7.96661
 38.95835 7.96098
 38.96713 7.94470
 38.97023 7.92326
 38.96341 7.91160
 38.91530 7.86678
 38.90016 7.83846
 38.89910 7.82797
 38.89894 7.81688
 38.89964 7.80836
 38.89910 7.78732
 38.90822 7.75495
 38.91610 7.74523
 38.93153 7.72945
 38.93080 7.72092
 38.92367 7.70578
 38.92199 7.69774
 38.92579 7.68769
 38.92625 7.67841
 38.92478 7.66823
 38.91783 7.64588
 38.91928 7.63813
 38.92114 7.63284
 38.92494 7.62857
 38.93184 7.62359
 38.93954 7.61695
 38.94889 7.60235
 38.95266 7.58793
 38.95612 7.56716
 38.96106 7.55225
 38.96617 7.54251
 38.97276 7.53866
 38.97964 7.53873
 38.98488 7.54191
 38.99261 7.54912
 39.00013 7.53589
 39.00005 7.53075
 39.00044 7.52796
 39.00020 7.52705
 38.99090 7.52189
 38.97785 7.48194
 38.96558 7.46597
 38.95587 7.45975
 38.93832 7.45708
 38.93246 7.45494
 38.92184 7.45419
 38.90626 7.43243
 38.88646 7.42445
 38.87344 7.42220
 38.85706 7.40758
 38.84182 7.41337
 38.83409 7.40598
 38.81492 7.39326
 38.80848 7.38412
 38.80146 7.36913
 38.80156 7.35143
 38.80011 7.34686
 38.80383 7.33198
 38.82073 7.31198
 38.83502 7.29022
 38.84254 7.26066
 38.84339 7.24252
 38.83897 7.23041
 38.83269 7.21831
 38.82580 7.21506
 38.81210 7.21436
 38.80546 7.21563
 38.78756 7.23056
 38.78239 7.23273
 38.77314 7.23351
 38.76647 7.22625
 38.76613 7.22588
1 236 38.7661 39.6804 6.97329 8.33409 'Portalegre (Portugal)'
 38.82719 7.10486
 38.81929 7.15101
 38.81290 7.16062
 38.80342 7.16620
 38.79089 7.17974
 38.77999 7.19643
 38.77536 7.21152
 38.76613 7.22588
 38.76647 7.22625
 38.77314 7.23351
 38.78239 7.23273
 38.78756 7.23056
 38.80546 7.21563
 38.81210 7.21436
 38.82580 7.21506
 38.83269 7.21831
 38.83897 7.23041
 38.84339 7.24252
 38.84254 7.26066
 38.83502 7.29022
 38.82073 7.31198
 38.80383 7.33198
 38.80011 7.34686
 38.80156 7.35143
 38.80146 7.36913
 38.80848 7.38412
 38.81492 7.39326
 38.83409 7.40598
 38.84182 7.41337
 38.85706 7.40758
 38.87344 7.42220
 38.88646 7.42445
 38.90626 7.43243
 38.92184 7.45419
 38.93246 7.45494
 38.93832 7.45708
 38.95587 7.45975
 38.96558 7.46597
 38.97785 7.48194
 38.99090 7.52189
 39.00020 7.52705
 39.00044 7.52796
 39.00005 7.53075
 39.00013 7.53589
 38.99261 7.54912
 38.98488 7.54191
 38.97964 7.53873
 38.97276 7.53866
 38.96617 7.54251
 38.96106 7.55225
 38.95612 7.56716
 38.95266 7.58793
 38.94889 7.60235
 38.93954 7.61695
 38.93184 7.62359
 38.92494 7.62857
 38.92114 7.63284
 38.91928 7.63813
 38.91783 7.64588
 38.92478 7.66823
 38.92625 7.67841
 38.92579 7.68769
 38.92199 7.69774
 38.92367 7.70578
 38.93080 7.72092
 38.93153 7.72945
 38.91610 7.74523
 38.90822 7.75495
 38.89910 7.78732
 38.89964 7.80836
 38.89894 7.81688
 38.89910 7.82797
 38.90016 7.83846
 38.91530 7.86678
 38.96341 7.91160
 38.97023 7.92326
 38.96713 7.94470
 38.95835 7.96098
 38.95248 7.96661
 38.94783 7.97393
 38.94439 7.98183
 38.94287 7.99067
 38.94563 8.01503
 38.94760 8.01852
 38.95902 8.01777
 38.97359 8.01852
 38.98212 8.02124
 39.00051 8.04328
 39.00170 8.04436
 39.00398 8.04932
 39.00599 8.05849
 39.00418 8.07369
 39.00062 8.08531
 39.00005 8.08604
 38.99920 8.08674
 38.99684 8.08774
 38.99168 8.08953
 38.98535 8.08953
 38.97948 8.09227
 38.97785 8.09810
 38.98372 8.10475
 38.99715 8.10929
 39.01051 8.10557
 39.01669 8.10270
 39.02206 8.10283
 39.02674 8.11800
 39.02547 8.14578
 39.02377 8.15332
 39.02018 8.16063
 39.01488 8.17709
 39.00090 8.19691
 39.01227 8.24138
 39.02139 8.25474
 39.02847 8.25673
 39.03638 8.26037
 39.04695 8.26706
 39.05415 8.27794
 39.06201 8.28404
 39.06966 8.28763
 39.07958 8.29101
 39.08661 8.30008
 39.09239 8.31052
 39.10066 8.33409
 39.11697 8.33362
 39.15293 8.30458
 39.16381 8.29125
 39.19451 8.23569
 39.23730 8.17665
 39.25228 8.15268
 39.27326 8.14190
 39.28313 8.12908
 39.28535 8.11940
 39.28238 8.09960
 39.28525 8.08542
 39.29016 8.07829
 39.29450 8.07377
 39.29980 8.06971
 39.32173 8.04614
 39.33887 8.03196
 39.34654 8.02723
 39.35982 8.02403
 39.36483 8.01713
 39.39021 7.96886
 39.41480 7.94920
 39.42106 7.95049
 39.42793 7.95494
 39.43690 7.97095
 39.46870 8.01023
 39.51242 7.98904
 39.53686 7.96801
 39.54958 7.94987
 39.55335 7.93659
 39.54952 7.91768
 39.53221 7.87701
 39.52214 7.86321
 39.52022 7.86181
 39.52234 7.85652
 39.52526 7.85215
 39.54345 7.83267
 39.54738 7.82618
 39.55712 7.80471
 39.56914 7.79024
 39.58485 7.77585
 39.59846 7.75970
 39.60430 7.74012
 39.61123 7.73355
 39.62686 7.72436
 39.64332 7.71188
 39.65270 7.69547
 39.65128 7.67252
 39.64430 7.65563
 39.64223 7.63886
 39.65580 7.61633
 39.66580 7.60317
 39.67479 7.58602
 39.68042 7.56610
 39.67729 7.55615
 39.67721 7.55587
 39.66321 7.54824
 39.59376 7.51584
 39.58105 7.49786
 39.55025 7.46809
 39.53785 7.45135
 39.52420 7.41755
 39.51557 7.40892
 39.49366 7.39941
 39.48400 7.38417
 39.47609 7.36293
 39.46741 7.32092
 39.45744 7.31353
 39.43610 7.31363
 39.41325 7.31885
 39.39884 7.32671
 39.38473 7.33193
 39.36261 7.33141
 39.34132 7.32665
 39.32954 7.31926
 39.31791 7.30045
 39.27063 7.25084
 39.25233 7.26433
 39.23135 7.26578
 39.21130 7.25808
 39.19564 7.24413
 39.18484 7.21932
 39.17916 7.19157
 39.17063 7.16806
 39.15151 7.15581
 39.14138 7.15793
 39.12185 7.16889
 39.11348 7.16749
 39.10544 7.15721
 39.09953 7.14253
 39.09749 7.12729
 39.10110 7.11519
 39.11245 7.09127
 39.11477 7.06491
 39.10914 7.03882
 39.09681 7.01577
 39.08470 6.99970
 39.06676 6.98569
 39.04718 6.97939
 39.03007 6.98631
 39.02302 6.97489
 39.01395 6.97329
 39.00382 6.97882
 38.99377 6.98864
 38.94287 7.02212
 38.91863 7.04450
 38.90460 7.06605
 38.88499 7.05220
 38.86944 7.05726
 38.85515 7.05608
 38.85112 7.06429
 38.84324 7.07654
 38.83337 7.08868
 38.82719 7.10486
2 110 41.6151 42.1536 8.09508 8.88032 'Viana do Castelo (Portugal)'
 42.15363 8.22236
 42.14402 8.21340
 42.12880 8.20433
 42.08578 8.20738
 42.06955 8.20402
 42.06208 8.19130
 42.06526 8.17616
 42.07139 8.15839
 42.07291 8.13761
 42.06686 8.11844
 42.05581 8.10320
 42.04092 8.09508
 42.02348 8.09736
 42.01090 8.10803
 42.00090 8.12392
 41.98682 8.15296
 41.96542 8.18213
 41.92271 8.22071
 41.90468 8.23022
 41.88605 8.23172
 41.86819 8.22040
 41.85773 8.18459
 41.84985 8.17704
 41.83659 8.17539
 41.81261 8.17927
 41.81246 8.17978
 41.81135 8.18355
 41.81145 8.19606
 41.77259 8.29078
 41.76593 8.31517
 41.76283 8.40266
 41.76035 8.41767
 41.75600 8.43160
 41.75228 8.43909
 41.74117 8.45689
 41.73606 8.47369
 41.73637 8.48157
 41.73792 8.48986
 41.73632 8.49800
 41.73384 8.50307
 41.72712 8.51123
 41.71973 8.51431
 41.71198 8.51609
 41.69684 8.51800
 41.68939 8.52004
 41.68252 8.52307
 41.67606 8.53206
 41.66914 8.53686
 41.66327 8.53909
 41.65234 8.53433
 41.62888 8.55206
 41.62947 8.55867
 41.63141 8.56800
 41.63604 8.57893
 41.63865 8.59895
 41.64673 8.62859
 41.65089 8.63681
 41.64826 8.64169
 41.64394 8.64513
 41.63911 8.65272
 41.63751 8.66133
 41.63604 8.71272
 41.61601 8.78579
 41.61508 8.79548
 41.61733 8.81496
 41.61780 8.81980
 41.61780 8.81980
 41.63010 8.82045
 41.64816 8.82860
 41.67159 8.83051
 41.68281 8.82706
 41.68928 8.80468
 41.69697 8.74328
 41.70311 8.72594
 41.71186 8.71003
 41.72199 8.69616
 41.69697 8.80687
 41.69465 8.82999
 41.69579 8.84288
 41.70437 8.86111
 41.73686 8.88031
 41.76553 8.88032
 41.81057 8.87204
 41.83902 8.87890
 41.84955 8.87475
 41.85912 8.86750
 41.90331 8.79662
 41.93195 8.76277
 41.96898 8.75080
 41.97511 8.73959
 41.98377 8.71701
 41.98961 8.69127
 41.99981 8.67081
 42.00989 8.66321
 42.03144 8.65257
 42.04149 8.64389
 42.05103 8.62688
 42.05366 8.60942
 42.05441 8.57281
 42.06007 8.55443
 42.07772 8.52002
 42.08309 8.50121
 42.10169 8.34675
 42.10844 8.32995
 42.12583 8.30427
 42.13009 8.29538
 42.13143 8.28784
 42.13200 8.27068
 42.13758 8.25233
 42.15363 8.22236
3 261 39.5571 40.4144 6.8797 8.28437 'Castelo Branco (Portugal)'
 40.25498 6.94210
 40.25336 6.95469
 40.23171 6.99779
 40.22550 7.01577
 40.21620 7.02476
 40.19305 7.03458
 40.18137 7.04311
 40.16675 7.03484
 40.13264 7.02765
 40.11905 7.01577
 40.11631 7.00368
 40.11342 6.97717
 40.11032 6.96642
 40.10293 6.95572
 40.08634 6.94213
 40.06489 6.91991
 40.00919 6.87970
 39.98712 6.89691
 39.97648 6.90162
 39.96562 6.89976
 39.95668 6.90368
 39.93198 6.90952
 39.92811 6.91257
 39.92242 6.92229
 39.91793 6.92523
 39.91224 6.92513
 39.90217 6.92156
 39.89715 6.92177
 39.88832 6.92347
 39.87157 6.92425
 39.86191 6.92766
 39.83287 6.95283
 39.82853 6.96234
 39.82114 6.98523
 39.81607 6.99303
 39.80253 7.00027
 39.79178 6.99887
 39.78259 6.99458
 39.77421 6.99303
 39.76471 6.99680
 39.74832 7.00874
 39.73892 7.01334
 39.72962 7.01365
 39.72280 7.01070
 39.71546 7.00962
 39.69401 7.02114
 39.68926 7.03577
 39.67510 7.18289
 39.67618 7.21405
 39.68652 7.23576
 39.68233 7.25286
 39.68332 7.29275
 39.68032 7.31141
 39.67479 7.32784
 39.67184 7.34143
 39.67980 7.55729
 39.67721 7.55587
 39.67729 7.55615
 39.68042 7.56610
 39.67479 7.58602
 39.66580 7.60317
 39.65580 7.61633
 39.64223 7.63886
 39.64430 7.65563
 39.65128 7.67252
 39.65270 7.69547
 39.64332 7.71188
 39.62686 7.72436
 39.61123 7.73355
 39.60430 7.74012
 39.59846 7.75970
 39.58485 7.77585
 39.56914 7.79024
 39.55712 7.80471
 39.56697 7.81388
 39.58456 7.82127
 39.59180 7.82525
 39.61709 7.84613
 39.63593 7.86680
 39.64471 7.88543
 39.65417 7.90005
 39.65980 7.92036
 39.66104 7.93271
 39.66326 7.94346
 39.66616 7.95026
 39.67450 7.95276
 39.69006 7.95142
 39.70507 7.95220
 39.71243 7.95390
 39.71993 7.95432
 39.72721 7.95623
 39.73347 7.95922
 39.73773 7.96496
 39.73804 7.98951
 39.74677 8.02106
 39.74393 8.04188
 39.73649 8.04684
 39.68538 8.05857
 39.67536 8.06619
 39.66233 8.07095
 39.65161 8.07048
 39.63606 8.06322
 39.62967 8.06183
 39.62422 8.06154
 39.61815 8.08299
 39.61541 8.11792
 39.61616 8.13947
 39.62967 8.16469
 39.64650 8.22019
 39.65944 8.22910
 39.69505 8.23332
 39.71404 8.23337
 39.72316 8.22631
 39.74171 8.22794
 39.74639 8.22743
 39.75194 8.22771
 39.75659 8.22872
 39.76225 8.23236
 39.76760 8.23856
 39.77173 8.24993
 39.77427 8.26350
 39.77938 8.27324
 39.79478 8.27910
 39.80594 8.28422
 39.81080 8.28437
 39.81966 8.27678
 39.82351 8.27037
 39.82966 8.26998
 39.83462 8.27052
 39.84046 8.26494
 39.84480 8.25959
 39.85550 8.21538
 39.85426 8.20554
 39.85834 8.19970
 39.86713 8.19151
 39.87475 8.18267
 39.87801 8.17340
 39.87948 8.16500
 39.88441 8.15554
 39.89147 8.14578
 39.92123 8.12635
 39.93358 8.11048
 39.93958 8.10790
 39.94356 8.10084
 39.94524 8.09599
 39.94676 8.08247
 39.95673 8.07152
 39.96128 8.04883
 39.96095 8.03219
 39.96490 8.02888
 39.96968 8.02708
 39.97542 8.02573
 39.97668 8.02059
 39.97772 8.00615
 39.98229 8.00069
 39.98423 7.99571
 39.98593 7.98697
 39.98541 7.98008
 39.98361 7.97395
 39.98175 7.96953
 39.98459 7.96460
 39.99937 7.95158
 40.00311 7.94437
 40.00417 7.93651
 40.00448 7.91731
 40.00952 7.90770
 40.01479 7.90602
 40.02851 7.91052
 40.03668 7.90703
 40.04686 7.89486
 40.05616 7.87137
 40.05787 7.85701
 40.05818 7.84492
 40.05621 7.83582
 40.05327 7.82665
 40.04071 7.80719
 40.06071 7.80448
 40.07750 7.80595
 40.08326 7.80097
 40.08582 7.79624
 40.08497 7.79125
 40.08158 7.78954
 40.07784 7.78595
 40.07621 7.77895
 40.07750 7.76875
 40.08779 7.74885
 40.09448 7.74012
 40.09988 7.73632
 40.10551 7.73557
 40.11135 7.73601
 40.11807 7.73717
 40.12830 7.74190
 40.14303 7.76931
 40.15887 7.78611
 40.16571 7.79650
 40.17285 7.80166
 40.18504 7.80688
 40.19284 7.80381
 40.23204 7.78213
 40.23840 7.76272
 40.23992 7.74590
 40.24416 7.73394
 40.26563 7.69624
 40.27444 7.66924
 40.28674 7.64325
 40.30436 7.62136
 40.32676 7.60186
 40.31924 7.57692
 40.32457 7.54331
 40.33087 7.53362
 40.33764 7.52672
 40.35136 7.51946
 40.35839 7.51770
 40.37658 7.50390
 40.41342 7.45352
 40.38849 7.41422
 40.38276 7.39094
 40.38387 7.37967
 40.39061 7.34769
 40.40978 7.32614
 40.41071 7.31784
 40.41296 7.30784
 40.41443 7.29058
 40.41389 7.28281
 40.40978 7.27115
 40.35046 7.27976
 40.32421 7.29229
 40.31653 7.29988
 40.30948 7.30854
 40.29878 7.31870
 40.29118 7.32123
 40.28540 7.32030
 40.28235 7.31673
 40.27961 7.30973
 40.27839 7.30345
 40.27511 7.29299
 40.27152 7.27201
 40.26726 7.24655
 40.28002 7.20160
 40.27997 7.15380
 40.28351 7.14095
 40.28927 7.13380
 40.29635 7.13165
 40.30447 7.12718
 40.31180 7.12116
 40.31930 7.11026
 40.31762 7.10357
 40.31279 7.09796
 40.30594 7.09398
 40.29242 7.08434
 40.28628 7.07540
 40.28289 7.05251
 40.28374 7.02977
 40.28721 7.01360
 40.28648 7.00331
 40.28555 6.99750
 40.27589 6.97236
 40.26772 6.95699
 40.25894 6.94660
 40.25532 6.94249
 40.25498 6.94210
4 228 40.232 41.1922 6.79444 7.8376 'Guarda (Portugal)'
 40.27919 6.87451
 40.27124 6.87511
 40.26524 6.87805
 40.25548 6.89645
 40.25444 6.91583
 40.25584 6.93541
 40.25498 6.94210
 40.25532 6.94249
 40.25894 6.94660
 40.26772 6.95699
 40.27589 6.97236
 40.28555 6.99750
 40.28648 7.00331
 40.28721 7.01360
 40.28374 7.02977
 40.28289 7.05251
 40.28628 7.07540
 40.29242 7.08434
 40.30594 7.09398
 40.31279 7.09796
 40.31762 7.10357
 40.31930 7.11026
 40.31180 7.12116
 40.30447 7.12718
 40.29635 7.13165
 40.28927 7.13380
 40.28351 7.14095
 40.27997 7.15380
 40.28002 7.20160
 40.26726 7.24655
 40.27152 7.27201
 40.27511 7.29299
 40.27839 7.30345
 40.27961 7.30973
 40.28235 7.31673
 40.28540 7.32030
 40.29118 7.32123
 40.29878 7.31870
 40.30948 7.30854
 40.31653 7.29988
 40.32421 7.29229
 40.35046 7.27976
 40.40978 7.27115
 40.41389 7.28281
 40.41443 7.29058
 40.41296 7.30784
 40.41071 7.31784
 40.40978 7.32614
 40.39061 7.34769
 40.38387 7.37967
 40.38276 7.39094
 40.38849 7.41422
 40.41342 7.45352
 40.37658 7.50390
 40.35839 7.51770
 40.35136 7.51946
 40.33764 7.52672
 40.33087 7.53362
 40.32457 7.54331
 40.31924 7.57692
 40.32676 7.60186
 40.30436 7.62136
 40.28674 7.64325
 40.27444 7.66924
 40.26563 7.69624
 40.24416 7.73394
 40.23992 7.74590
 40.23840 7.76272
 40.23204 7.78213
 40.24953 7.79743
 40.26147 7.82463
 40.28106 7.81339
 40.29671 7.80838
 40.30705 7.80135
 40.31506 7.79267
 40.32731 7.76999
 40.33410 7.76730
 40.33950 7.77055
 40.34927 7.78507
 40.35694 7.79174
 40.39322 7.79991
 40.40211 7.79903
 40.40663 7.80474
 40.40947 7.82208
 40.41376 7.83060
 40.42379 7.83760
 40.43040 7.83461
 40.43523 7.82781
 40.43774 7.81905
 40.44115 7.81084
 40.44761 7.80510
 40.45696 7.80097
 40.46415 7.80223
 40.47133 7.80786
 40.47526 7.81443
 40.49784 7.82463
 40.50543 7.81474
 40.50895 7.78476
 40.51148 7.77443
 40.52592 7.74769
 40.53357 7.71826
 40.55153 7.68668
 40.56357 7.64441
 40.57230 7.57770
 40.59277 7.58173
 40.64811 7.55829
 40.66057 7.54455
 40.68537 7.53990
 40.70299 7.55713
 40.71410 7.57925
 40.72883 7.58948
 40.73948 7.57806
 40.74501 7.57589
 40.75234 7.57566
 40.75891 7.57894
 40.76513 7.58390
 40.78020 7.60919
 40.78810 7.61744
 40.79544 7.61860
 40.80198 7.61547
 40.81379 7.60397
 40.82965 7.59281
 40.85683 7.58168
 40.86125 7.57726
 40.86722 7.56951
 40.87156 7.55791
 40.86999 7.53315
 40.86717 7.52297
 40.85833 7.50824
 40.83063 7.47465
 40.82689 7.46884
 40.82004 7.46161
 40.81955 7.44551
 40.83043 7.43538
 40.87058 7.41251
 40.88148 7.41156
 40.89125 7.41453
 40.89704 7.41918
 40.91730 7.42339
 40.92231 7.41104
 40.91564 7.37298
 40.93776 7.34148
 40.95507 7.33260
 40.96577 7.33218
 40.97344 7.33407
 40.97957 7.33947
 40.98236 7.34779
 40.98665 7.35704
 40.99246 7.36557
 41.00401 7.37270
 41.00956 7.37355
 41.01414 7.37053
 41.01300 7.34637
 41.01982 7.33353
 41.04654 7.33849
 41.06535 7.33500
 41.09468 7.32603
 41.15935 7.30066
 41.16431 7.22250
 41.15728 7.19038
 41.15759 7.17013
 41.16803 7.16106
 41.18844 7.12274
 41.19224 7.11264
 41.17098 7.12170
 41.16431 7.12628
 41.16020 7.12176
 41.15614 7.11607
 41.15310 7.10951
 41.15191 7.10238
 41.14906 7.09269
 41.14199 7.09339
 41.13294 7.09770
 41.12395 7.09897
 41.11085 7.09398
 41.09729 7.08613
 41.08669 7.07532
 41.05274 6.98714
 41.05111 6.94456
 41.04824 6.92828
 41.04810 6.92745
 41.04793 6.92787
 41.02912 6.93179
 41.01600 6.94249
 41.00339 6.94042
 40.99207 6.93061
 40.96675 6.89924
 40.94892 6.88518
 40.90831 6.86363
 40.88722 6.85526
 40.87890 6.84705
 40.87590 6.83206
 40.87006 6.82116
 40.85684 6.81619
 40.84423 6.82033
 40.84025 6.83666
 40.81493 6.83805
 40.80831 6.83681
 40.79782 6.83351
 40.79224 6.83454
 40.78676 6.83728
 40.77689 6.83914
 40.75751 6.83914
 40.74330 6.83697
 40.71069 6.82431
 40.67716 6.81625
 40.65933 6.81423
 40.64718 6.81428
 40.63018 6.82131
 40.59778 6.84446
 40.58223 6.85046
 40.56476 6.84839
 40.55458 6.83976
 40.54554 6.82854
 40.53189 6.81805
 40.51463 6.81253
 40.50254 6.81532
 40.47722 6.83867
 40.44213 6.85712
 40.40952 6.85128
 40.38059 6.82808
 40.35640 6.79444
 40.33232 6.81196
 40.32534 6.82079
 40.30095 6.86394
 40.29553 6.87020
 40.28777 6.87387
 40.27919 6.87451
5 184 41.0481 41.9875 6.20595 7.43228 'Bragança (Portugal)'
 41.30299 6.48213
 41.29495 6.49585
 41.27562 6.55445
 41.27071 6.56350
 41.26994 6.62892
 41.26761 6.64664
 41.25784 6.65822
 41.21738 6.69377
 41.20245 6.70127
 41.19433 6.70695
 41.17144 6.74225
 41.15883 6.75522
 41.15175 6.75899
 41.12705 6.75651
 41.10886 6.76478
 41.06442 6.80436
 41.05414 6.81800
 41.05191 6.84529
 41.05610 6.90683
 41.04810 6.92745
 41.04824 6.92828
 41.05111 6.94456
 41.05274 6.98714
 41.08669 7.07532
 41.09729 7.08613
 41.11085 7.09398
 41.12395 7.09897
 41.13294 7.09770
 41.14199 7.09339
 41.14906 7.09269
 41.15191 7.10238
 41.15310 7.10951
 41.15614 7.11607
 41.16020 7.12176
 41.16431 7.12628
 41.17098 7.12170
 41.19224 7.11264
 41.18844 7.12274
 41.16803 7.16106
 41.15759 7.17013
 41.15728 7.19038
 41.16431 7.22250
 41.15935 7.30066
 41.15775 7.32619
 41.16607 7.35967
 41.17464 7.37234
 41.20749 7.40220
 41.21573 7.41742
 41.21599 7.43228
 41.22932 7.42623
 41.23412 7.42445
 41.23981 7.42039
 41.24291 7.41073
 41.24451 7.39673
 41.24637 7.39298
 41.25159 7.39450
 41.25821 7.39518
 41.26663 7.39450
 41.27952 7.39047
 41.28869 7.38148
 41.29696 7.37159
 41.30117 7.36936
 41.30730 7.37140
 41.31769 7.36929
 41.33166 7.35174
 41.34022 7.31743
 41.35091 7.34097
 41.35866 7.34957
 41.37236 7.35647
 41.39256 7.36234
 41.44192 7.36231
 41.46057 7.32950
 41.46321 7.32048
 41.46718 7.31198
 41.47566 7.30327
 41.49145 7.29572
 41.50847 7.28410
 41.51695 7.27464
 41.51992 7.26482
 41.52046 7.25562
 41.52222 7.24686
 41.52493 7.23958
 41.53028 7.23619
 41.53653 7.23777
 41.54343 7.24180
 41.54979 7.24725
 41.55651 7.25190
 41.56470 7.25524
 41.57795 7.25653
 41.60428 7.25252
 41.68784 7.22017
 41.72732 7.19498
 41.73360 7.18635
 41.73595 7.18059
 41.74164 7.17524
 41.74737 7.17266
 41.76117 7.17292
 41.76921 7.17392
 41.78825 7.19217
 41.80626 7.20108
 41.81626 7.20403
 41.83393 7.20635
 41.85409 7.20395
 41.86445 7.20154
 41.88401 7.20744
 41.88916 7.20932
 41.90150 7.19793
 41.91737 7.19565
 41.94974 7.20211
 41.96372 7.19994
 41.96961 7.19261
 41.97837 7.17731
 41.98573 7.15974
 41.98749 7.14537
 41.97243 7.11318
 41.95279 7.08274
 41.94201 7.05127
 41.95367 7.01577
 41.96638 6.99236
 41.96300 6.98346
 41.95770 6.96952
 41.94336 6.94513
 41.93909 6.91712
 41.94294 6.85495
 41.95395 6.83123
 41.98377 6.82493
 41.97971 6.79439
 41.93757 6.75790
 41.93085 6.72798
 41.93307 6.65677
 41.94096 6.62282
 41.96232 6.60949
 41.95465 6.58515
 41.94261 6.57166
 41.92607 6.56763
 41.88290 6.57580
 41.87587 6.56789
 41.87388 6.55006
 41.86742 6.52422
 41.84858 6.53575
 41.76688 6.56014
 41.75750 6.56437
 41.74921 6.57151
 41.73973 6.57740
 41.73105 6.57435
 41.72244 6.56768
 41.71304 6.56308
 41.69446 6.56050
 41.67490 6.55528
 41.65891 6.54153
 41.65092 6.51342
 41.65309 6.50304
 41.65880 6.48805
 41.66593 6.47435
 41.67206 6.46774
 41.67655 6.46082
 41.67624 6.44707
 41.66361 6.36594
 41.65015 6.31710
 41.62824 6.27225
 41.59490 6.23008
 41.58010 6.21613
 41.57028 6.20595
 41.51752 6.25364
 41.49700 6.27953
 41.48687 6.28589
 41.47897 6.28517
 41.47230 6.28248
 41.46564 6.28295
 41.41959 6.32103
 41.41101 6.32113
 41.40926 6.35235
 41.40517 6.36625
 41.39732 6.37917
 41.39685 6.37617
 41.39081 6.37555
 41.38300 6.37674
 41.37748 6.37917
 41.37655 6.38320
 41.37841 6.39550
 41.37748 6.39958
 41.33903 6.43100
 41.31412 6.46314
 41.30299 6.48213
6 201 41.1526 41.9139 7.17266 8.118 'Vila Real (Portugal)'
 41.81599 8.05045
 41.81639 8.04857
 41.84189 8.01571
 41.85396 8.00589
 41.86367 7.99364
 41.86861 7.97943
 41.86662 7.96336
 41.86695 7.94476
 41.87995 7.93535
 41.89667 7.93049
 41.90817 7.92579
 41.91385 7.90610
 41.88682 7.90336
 41.85794 7.89659
 41.85789 7.86481
 41.86378 7.85789
 41.87026 7.85443
 41.87577 7.84972
 41.87838 7.83923
 41.87713 7.81215
 41.88837 7.75014
 41.89925 7.72203
 41.89626 7.70637
 41.88135 7.67867
 41.87491 7.66116
 41.87318 7.60736
 41.84174 7.62281
 41.83233 7.62219
 41.82554 7.60607
 41.82422 7.58840
 41.82660 7.56710
 41.83205 7.54669
 41.84016 7.53155
 41.84737 7.52633
 41.85416 7.52525
 41.86016 7.52328
 41.86499 7.51584
 41.86494 7.50814
 41.85690 7.49300
 41.85621 7.48329
 41.85254 7.46938
 41.83923 7.45657
 41.82184 7.44696
 41.80595 7.44272
 41.81450 7.42954
 41.83520 7.40541
 41.84205 7.39192
 41.84404 7.37683
 41.84321 7.34050
 41.84541 7.32247
 41.86370 7.25146
 41.87905 7.21865
 41.88916 7.20932
 41.88401 7.20744
 41.86445 7.20154
 41.85409 7.20395
 41.83393 7.20635
 41.81626 7.20403
 41.80626 7.20108
 41.78825 7.19217
 41.76921 7.17392
 41.76117 7.17292
 41.74737 7.17266
 41.74164 7.17524
 41.73595 7.18059
 41.73360 7.18635
 41.72732 7.19498
 41.68784 7.22017
 41.60428 7.25252
 41.57795 7.25653
 41.56470 7.25524
 41.55651 7.25190
 41.54979 7.24725
 41.54343 7.24180
 41.53653 7.23777
 41.53028 7.23619
 41.52493 7.23958
 41.52222 7.24686
 41.52046 7.25562
 41.51992 7.26482
 41.51695 7.27464
 41.50847 7.28410
 41.49145 7.29572
 41.47566 7.30327
 41.46718 7.31198
 41.46321 7.32048
 41.46057 7.32950
 41.44192 7.36231
 41.39256 7.36234
 41.37236 7.35647
 41.35866 7.34957
 41.35091 7.34097
 41.34022 7.31743
 41.33166 7.35174
 41.31769 7.36929
 41.30730 7.37140
 41.30117 7.36936
 41.29696 7.37159
 41.28869 7.38148
 41.27952 7.39047
 41.26663 7.39450
 41.25821 7.39518
 41.25159 7.39450
 41.24637 7.39298
 41.24451 7.39673
 41.24291 7.41073
 41.23981 7.42039
 41.23412 7.42445
 41.22932 7.42623
 41.21599 7.43228
 41.18276 7.55015
 41.17785 7.59677
 41.18131 7.63883
 41.18131 7.64134
 41.18012 7.65857
 41.17436 7.67330
 41.15940 7.70206
 41.15480 7.71888
 41.15258 7.73787
 41.15325 7.75699
 41.15707 7.77402
 41.16421 7.78650
 41.18188 7.80975
 41.18643 7.82344
 41.18444 7.84329
 41.15912 7.89605
 41.18258 7.89114
 41.20679 7.88936
 41.24678 7.87546
 41.24841 7.87980
 41.25562 7.89269
 41.27890 7.90936
 41.29384 7.91362
 41.30676 7.90936
 41.32231 7.93667
 41.32825 7.95121
 41.33662 7.95848
 41.34538 7.95979
 41.35425 7.95894
 41.37008 7.97550
 41.38781 7.96677
 41.39313 7.96708
 41.39998 7.96940
 41.40339 7.96718
 41.40435 7.96390
 41.40703 7.95941
 41.41416 7.95646
 41.43246 7.94186
 41.43959 7.93868
 41.44478 7.93749
 41.45204 7.94186
 41.47566 7.93279
 41.48558 7.92357
 41.48804 7.91845
 41.48853 7.91354
 41.48677 7.90574
 41.49421 7.89520
 41.50623 7.89013
 41.50907 7.88672
 41.51571 7.86781
 41.52563 7.85574
 41.57095 7.81582
 41.58258 7.81355
 41.60547 7.83050
 41.60966 7.83561
 41.61384 7.84590
 41.59617 7.86652
 41.58971 7.89633
 41.59002 7.90889
 41.59635 7.94749
 41.59899 7.95695
 41.60289 7.96698
 41.60459 7.97824
 41.61121 7.99850
 41.65591 7.99462
 41.66552 7.99230
 41.67792 7.98819
 41.68376 7.99072
 41.68722 7.99591
 41.69957 8.02186
 41.70200 8.02855
 41.70242 8.03514
 41.69578 8.05413
 41.69497 8.06139
 41.69616 8.07035
 41.69637 8.07793
 41.69554 8.08537
 41.69353 8.09162
 41.69190 8.10431
 41.69234 8.11800
 41.71203 8.09513
 41.71838 8.09025
 41.72774 8.08472
 41.74885 8.07599
 41.76128 8.06671
 41.79001 8.05958
 41.79706 8.05480
 41.80288 8.04937
 41.80890 8.04762
 41.81404 8.04793
 41.81599 8.05045
7 180 41.325 41.816 7.81355 8.8198 'Braga (Portugal)'
 41.81261 8.17927
 41.81070 8.17957
 41.80673 8.09348
 41.81599 8.05045
 41.81404 8.04793
 41.80890 8.04762
 41.80288 8.04937
 41.79706 8.05480
 41.79001 8.05958
 41.76128 8.06671
 41.74885 8.07599
 41.72774 8.08472
 41.71838 8.09025
 41.71203 8.09513
 41.69234 8.11800
 41.69190 8.10431
 41.69353 8.09162
 41.69554 8.08537
 41.69637 8.07793
 41.69616 8.07035
 41.69497 8.06139
 41.69578 8.05413
 41.70242 8.03514
 41.70200 8.02855
 41.69957 8.02186
 41.68722 7.99591
 41.68376 7.99072
 41.67792 7.98819
 41.66552 7.99230
 41.65591 7.99462
 41.61121 7.99850
 41.60459 7.97824
 41.60289 7.96698
 41.59899 7.95695
 41.59635 7.94749
 41.59002 7.90889
 41.58971 7.89633
 41.59617 7.86652
 41.61384 7.84590
 41.60966 7.83561
 41.60547 7.83050
 41.58258 7.81355
 41.57095 7.81582
 41.52563 7.85574
 41.51571 7.86781
 41.50907 7.88672
 41.50623 7.89013
 41.49421 7.89520
 41.48677 7.90574
 41.48853 7.91354
 41.48804 7.91845
 41.48558 7.92357
 41.47566 7.93279
 41.45204 7.94186
 41.44478 7.93749
 41.43959 7.93868
 41.43246 7.94186
 41.41416 7.95646
 41.40703 7.95941
 41.40435 7.96390
 41.40339 7.96718
 41.39998 7.96940
 41.39313 7.96708
 41.38781 7.96677
 41.37008 7.97550
 41.35996 7.97902
 41.35595 7.98090
 41.35109 7.98455
 41.34737 7.98925
 41.34474 7.99447
 41.34009 8.00162
 41.33647 8.00553
 41.33252 8.01069
 41.32781 8.01829
 41.32523 8.02563
 41.32502 8.03614
 41.33197 8.04746
 41.34109 8.06904
 41.33913 8.07989
 41.34967 8.11182
 41.36983 8.14743
 41.37895 8.14547
 41.38497 8.14950
 41.40078 8.16975
 41.41458 8.21929
 41.39750 8.23430
 41.38641 8.25419
 41.37530 8.28497
 41.37396 8.29218
 41.36688 8.31569
 41.36683 8.32228
 41.37412 8.33579
 41.37629 8.34401
 41.37195 8.38514
 41.36603 8.41568
 41.36884 8.44059
 41.37275 8.44772
 41.37603 8.45537
 41.37592 8.46772
 41.37262 8.48477
 41.36425 8.50358
 41.35983 8.51144
 41.35463 8.51865
 41.35324 8.52710
 41.35122 8.53464
 41.35122 8.59089
 41.34967 8.60066
 41.34941 8.60422
 41.35241 8.61151
 41.35975 8.61699
 41.37293 8.62107
 41.38078 8.62254
 41.38838 8.61510
 41.39045 8.60531
 41.39287 8.59965
 41.39815 8.59645
 41.40414 8.60001
 41.41106 8.60988
 41.41308 8.62125
 41.41938 8.63510
 41.43277 8.65249
 41.43819 8.65846
 41.44414 8.66698
 41.44693 8.67693
 41.44734 8.70200
 41.45669 8.72770
 41.46734 8.75158
 41.46756 8.77510
 41.46756 8.77510
 41.46834 8.77485
 41.49107 8.78647
 41.51180 8.78826
 41.52584 8.79273
 41.54255 8.79542
 41.57294 8.80834
 41.59540 8.81286
 41.61188 8.81949
 41.61780 8.81980
 41.61780 8.81980
 41.61733 8.81496
 41.61508 8.79548
 41.61601 8.78579
 41.63604 8.71272
 41.63751 8.66133
 41.63911 8.65272
 41.64394 8.64513
 41.64826 8.64169
 41.65089 8.63681
 41.64673 8.62859
 41.63865 8.59895
 41.63604 8.57893
 41.63141 8.56800
 41.62947 8.55867
 41.62888 8.55206
 41.65234 8.53433
 41.66327 8.53909
 41.66914 8.53686
 41.67606 8.53206
 41.68252 8.52307
 41.68939 8.52004
 41.69684 8.51800
 41.71198 8.51609
 41.71973 8.51431
 41.72712 8.51123
 41.73384 8.50307
 41.73632 8.49800
 41.73792 8.48986
 41.73637 8.48157
 41.73606 8.47369
 41.74117 8.45689
 41.75228 8.43909
 41.75600 8.43160
 41.76035 8.41767
 41.76283 8.40266
 41.76593 8.31517
 41.77259 8.29078
 41.81145 8.19606
 41.81135 8.18355
 41.81246 8.17978
 41.81261 8.17927
8 178 36.9659 37.5283 7.40022 8.99787 'Faro (Portugal)'
 37.52833 7.51461
 37.51812 7.50633
 37.51166 7.49863
 37.50037 7.48148
 37.49425 7.47595
 37.47557 7.46887
 37.45113 7.46292
 37.42914 7.46003
 37.41787 7.46225
 37.38676 7.44499
 37.30734 7.43745
 37.27452 7.42758
 37.25933 7.43424
 37.23675 7.42939
 37.19282 7.41442
 37.18793 7.41149
 37.18374 7.40941
 37.18049 7.40640
 37.17853 7.40022
 37.17235 7.40022
 37.16486 7.40762
 37.17503 7.42431
 37.17963 7.44571
 37.18032 7.46866
 37.17853 7.49014
 37.17178 7.51179
 37.14924 7.55224
 37.14444 7.56900
 37.11396 7.62735
 37.10541 7.63516
 37.02269 7.78661
 36.99872 7.81957
 36.99893 7.83406
 37.00438 7.84960
 37.00788 7.87072
 37.00853 7.93244
 37.01411 7.94953
 37.00263 7.95812
 37.00373 7.96882
 37.01008 7.98160
 37.01411 7.99120
 37.00170 7.98135
 36.99535 7.97810
 36.98676 7.97680
 37.01325 7.99926
 37.03750 8.03527
 37.06928 8.10656
 37.07653 8.14748
 37.08810 8.17915
 37.08691 8.21290
 37.07770 8.29320
 37.08739 8.32738
 37.09800 8.36538
 37.08714 8.39521
 37.08273 8.43883
 37.09575 8.48226
 37.09416 8.48425
 37.11782 8.53746
 37.12397 8.58015
 37.12116 8.62678
 37.11774 8.64159
 37.11030 8.65465
 37.08295 8.68627
 37.08295 8.74767
 37.08027 8.75967
 37.06721 8.78555
 37.06249 8.79857
 37.06159 8.81371
 37.05659 8.83722
 37.04080 8.85916
 37.04721 8.87892
 37.03278 8.89696
 37.02774 8.90510
 37.02460 8.91560
 37.01097 8.93562
 37.00788 8.94603
 37.01240 8.96117
 37.02119 8.97208
 37.02660 8.98290
 37.02147 8.99787
 37.04951 8.99104
 37.06338 8.98559
 37.06928 8.98078
 37.11871 8.94179
 37.14614 8.92691
 37.16991 8.91356
 37.19965 8.92272
 37.21320 8.90465
 37.23248 8.88136
 37.27672 8.86709
 37.29412 8.87492
 37.30993 8.88277
 37.33515 8.86668
 37.36032 8.83866
 37.38459 8.83336
 37.41791 8.81599
 37.44942 8.80762
 37.44257 8.79579
 37.43288 8.77638
 37.42950 8.76088
 37.41888 8.74504
 37.41090 8.73636
 37.40394 8.72711
 37.40030 8.71928
 37.39911 8.67851
 37.38929 8.65210
 37.38511 8.64637
 37.38361 8.63670
 37.38715 8.63115
 37.39239 8.62580
 37.39803 8.62092
 37.40084 8.61275
 37.40583 8.57404
 37.40449 8.56219
 37.38614 8.52392
 37.38092 8.50911
 37.37539 8.46596
 37.38139 8.44834
 37.38715 8.43139
 37.39658 8.42617
 37.40376 8.42418
 37.41108 8.41780
 37.41394 8.41398
 37.42464 8.37512
 37.42870 8.35406
 37.42898 8.34261
 37.42756 8.33233
 37.43195 8.32328
 37.43389 8.30571
 37.42831 8.28070
 37.41673 8.27362
 37.40232 8.27112
 37.39632 8.26843
 37.38508 8.25611
 37.37911 8.24078
 37.33705 8.17079
 37.32992 8.13870
 37.32997 8.11893
 37.32658 8.08128
 37.32674 8.07069
 37.33199 8.05545
 37.34645 8.03286
 37.36165 7.99801
 37.36387 7.99072
 37.36826 7.99072
 37.37658 7.99850
 37.38061 8.00124
 37.38733 7.99958
 37.39405 7.99553
 37.40139 7.98240
 37.40518 7.94961
 37.40534 7.93618
 37.40929 7.90858
 37.41555 7.89556
 37.42216 7.89039
 37.42816 7.88820
 37.43699 7.87088
 37.43844 7.85574
 37.44516 7.85442
 37.44782 7.84830
 37.44965 7.84019
 37.45735 7.82213
 37.45764 7.81582
 37.46105 7.81022
 37.46423 7.80316
 37.47410 7.78564
 37.50040 7.70733
 37.49983 7.65470
 37.49743 7.64883
 37.49533 7.63480
 37.49309 7.62850
 37.49448 7.61966
 37.50086 7.60881
 37.51544 7.58896
 37.52443 7.56845
 37.52448 7.53951
 37.52830 7.51481
 37.52833 7.51461
9 14 36.9659 37.5283 7.40022 8.99787 'Faro (Portugal)'
 36.98054 7.95572
 36.97484 7.90396
 36.98086 7.88402
 37.00043 7.86010
 36.99746 7.85782
 36.99421 7.85607
 36.98676 7.85326
 36.98338 7.85912
 36.98054 7.86010
 36.97085 7.87849
 36.96589 7.90388
 36.96650 7.93139
 36.97309 7.95572
 36.98054 7.95572
10 323 37.3266 38.3319 6.9475 8.82653 'Beja (Portugal)'
 38.19839 6.95058
 38.19664 6.94750
 38.16816 6.95763
 38.15333 6.96549
 38.11995 6.97897
 38.08961 6.99763
 38.05933 7.00636
 38.04683 7.01577
 38.02256 7.02399
 38.02021 7.04936
 38.03866 7.10594
 38.04000 7.12326
 38.03238 7.13199
 38.01158 7.14191
 38.00065 7.15225
 37.99680 7.15974
 37.99383 7.17286
 37.98869 7.18527
 37.98993 7.19762
 37.99303 7.21033
 37.99383 7.22330
 37.98807 7.23405
 37.98295 7.26583
 37.97701 7.27270
 37.96895 7.27214
 37.95944 7.26909
 37.94924 7.26862
 37.93154 7.27389
 37.88487 7.29580
 37.85077 7.30686
 37.81193 7.33441
 37.75062 7.42634
 37.73015 7.44401
 37.70008 7.45755
 37.65197 7.46634
 37.63690 7.47161
 37.62887 7.47848
 37.60639 7.50489
 37.60140 7.51434
 37.59528 7.51176
 37.59037 7.51253
 37.58587 7.51465
 37.58094 7.51584
 37.57120 7.52649
 37.56717 7.52969
 37.55670 7.52912
 37.55551 7.52760
 37.55567 7.52367
 37.54195 7.51843
 37.53518 7.51755
 37.52934 7.51543
 37.52833 7.51461
 37.52830 7.51481
 37.52448 7.53951
 37.52443 7.56845
 37.51544 7.58896
 37.50086 7.60881
 37.49448 7.61966
 37.49309 7.62850
 37.49533 7.63480
 37.49743 7.64883
 37.49983 7.65470
 37.50040 7.70733
 37.47410 7.78564
 37.46423 7.80316
 37.46105 7.81022
 37.45764 7.81582
 37.45735 7.82213
 37.44965 7.84019
 37.44782 7.84830
 37.44516 7.85442
 37.43844 7.85574
 37.43699 7.87088
 37.42816 7.88820
 37.42216 7.89039
 37.41555 7.89556
 37.40929 7.90858
 37.40534 7.93618
 37.40518 7.94961
 37.40139 7.98240
 37.39405 7.99553
 37.38733 7.99958
 37.38061 8.00124
 37.37658 7.99850
 37.36826 7.99072
 37.36387 7.99072
 37.36165 7.99801
 37.34645 8.03286
 37.33199 8.05545
 37.32674 8.07069
 37.32658 8.08128
 37.32997 8.11893
 37.32992 8.13870
 37.33705 8.17079
 37.37911 8.24078
 37.38508 8.25611
 37.39632 8.26843
 37.40232 8.27112
 37.41673 8.27362
 37.42831 8.28070
 37.43389 8.30571
 37.43195 8.32328
 37.42756 8.33233
 37.42898 8.34261
 37.42870 8.35406
 37.42464 8.37512
 37.41394 8.41398
 37.41108 8.41780
 37.40376 8.42418
 37.39658 8.42617
 37.38715 8.43139
 37.38139 8.44834
 37.37539 8.46596
 37.38092 8.50911
 37.38614 8.52392
 37.40449 8.56219
 37.40583 8.57404
 37.40084 8.61275
 37.39803 8.62092
 37.39239 8.62580
 37.38715 8.63115
 37.38361 8.63670
 37.38511 8.64637
 37.38929 8.65210
 37.39911 8.67851
 37.40030 8.71928
 37.40394 8.72711
 37.41090 8.73636
 37.41888 8.74504
 37.42950 8.76088
 37.43288 8.77638
 37.44257 8.79579
 37.44942 8.80762
 37.46279 8.80406
 37.48960 8.79786
 37.53536 8.79550
 37.55906 8.80131
 37.57490 8.81114
 37.58755 8.82437
 37.60057 8.82653
 37.64468 8.81286
 37.67202 8.80826
 37.69758 8.79931
 37.70261 8.78621
 37.70673 8.75764
 37.73078 8.75219
 37.73456 8.75219
 37.72777 8.76183
 37.72313 8.78406
 37.72289 8.80871
 37.74030 8.81701
 37.79123 8.80958
 37.82676 8.80137
 37.81924 8.79184
 37.81283 8.78602
 37.81007 8.78109
 37.80963 8.77375
 37.81317 8.76680
 37.81645 8.75840
 37.81842 8.75145
 37.81345 8.73411
 37.80627 8.72688
 37.80095 8.72347
 37.77596 8.69784
 37.76240 8.68848
 37.75754 8.68355
 37.75793 8.67781
 37.76250 8.67375
 37.76772 8.67040
 37.77051 8.66417
 37.76917 8.65639
 37.76550 8.64833
 37.76100 8.64084
 37.75514 8.62358
 37.75436 8.61257
 37.75904 8.59580
 37.76589 8.58996
 37.77379 8.58805
 37.78147 8.58720
 37.80366 8.57800
 37.81087 8.57280
 37.82503 8.55573
 37.83232 8.55138
 37.83950 8.54898
 37.84648 8.53914
 37.85301 8.52167
 37.86655 8.43248
 37.86033 8.38853
 37.86022 8.36215
 37.85945 8.35811
 37.84673 8.32856
 37.87469 8.31484
 37.88164 8.31052
 37.90872 8.29946
 37.95277 8.29285
 37.98153 8.29336
 38.00275 8.30287
 38.01277 8.30949
 38.02135 8.32282
 38.02215 8.33564
 38.02414 8.34695
 38.02897 8.35982
 38.04331 8.37465
 38.05509 8.39408
 38.06525 8.39886
 38.07049 8.40067
 38.07600 8.40134
 38.08251 8.39816
 38.08848 8.39664
 38.09447 8.39367
 38.10165 8.39119
 38.11067 8.38581
 38.11096 8.37884
 38.10879 8.37351
 38.10708 8.36778
 38.10734 8.36292
 38.11173 8.35928
 38.11506 8.35703
 38.12444 8.35215
 38.12946 8.35083
 38.13457 8.35088
 38.13884 8.35013
 38.14320 8.34781
 38.14540 8.34075
 38.15002 8.33502
 38.15129 8.32809
 38.14801 8.31801
 38.14346 8.31068
 38.14132 8.30256
 38.14439 8.29574
 38.16186 8.28931
 38.17010 8.28825
 38.17638 8.28473
 38.18056 8.27727
 38.17938 8.24166
 38.18733 8.23492
 38.19819 8.23084
 38.20157 8.22272
 38.20857 8.18787
 38.21542 8.17043
 38.22325 8.13508
 38.23457 8.13048
 38.24139 8.13074
 38.25071 8.13009
 38.27591 8.13769
 38.31756 8.16213
 38.32652 8.15826
 38.32552 8.08433
 38.32758 8.06193
 38.32588 8.04754
 38.32376 8.04250
 38.31363 8.03043
 38.30751 8.02000
 38.30541 8.01103
 38.30518 8.00274
 38.31446 7.98036
 38.31358 7.96909
 38.31167 7.96041
 38.30255 7.93122
 38.28118 7.90856
 38.25110 7.82394
 38.24686 7.77345
 38.23927 7.74730
 38.21095 7.68371
 38.20749 7.66937
 38.20625 7.60359
 38.20309 7.58439
 38.19733 7.56217
 38.19633 7.51713
 38.19834 7.50638
 38.20496 7.50447
 38.22193 7.49122
 38.23563 7.47458
 38.24730 7.44597
 38.25071 7.44424
 38.25725 7.42830
 38.26170 7.42437
 38.26795 7.41417
 38.27689 7.40729
 38.28653 7.40288
 38.29322 7.40202
 38.29976 7.40047
 38.30681 7.36872
 38.32061 7.33647
 38.32273 7.32805
 38.32278 7.32156
 38.33130 7.29616
 38.33187 7.28805
 38.33084 7.28102
 38.32676 7.27823
 38.32381 7.27697
 38.31901 7.27614
 38.31544 7.27394
 38.31084 7.27027
 38.30567 7.26500
 38.29867 7.26089
 38.29105 7.25849
 38.28371 7.25684
 38.27699 7.25247
 38.26087 7.23198
 38.25131 7.20612
 38.24609 7.20007
 38.23953 7.19736
 38.23237 7.19581
 38.21183 7.18454
 38.20465 7.18175
 38.19033 7.17297
 38.18335 7.16442
 38.17648 7.15214
 38.17558 7.13749
 38.17819 7.12767
 38.18193 7.12160
 38.18363 7.11707
 38.17359 7.10352
 38.17338 7.08832
 38.17754 7.06305
 38.18622 7.03871
 38.19963 7.02641
 38.19824 7.02104
 38.19803 7.01815
 38.20428 6.99210
 38.20614 6.96420
 38.19839 6.95058
11 289 37.7544 38.8364 8.13009 9.25267 'Setúbal (Portugal)'
 37.82676 8.80137
 37.84487 8.79718
 37.87809 8.79896
 37.90187 8.80481
 37.92727 8.82067
 37.93228 8.85387
 37.95254 8.89485
 37.96092 8.89004
 37.96450 8.88317
 37.96735 8.87540
 37.97362 8.86750
 38.06212 8.81568
 38.13325 8.79699
 38.18695 8.77440
 38.24069 8.77795
 38.30391 8.78547
 38.35923 8.79507
 38.39882 8.82094
 38.42007 8.84679
 38.44916 8.87829
 38.47285 8.91466
 38.48139 8.94262
 38.49380 8.92732
 38.48640 8.90453
 38.46088 8.86750
 38.44855 8.82185
 38.43911 8.80016
 38.42609 8.79857
 38.42731 8.75699
 38.40595 8.65689
 38.41869 8.60680
 38.42015 8.63683
 38.42451 8.66275
 38.45185 8.73615
 38.46027 8.74503
 38.47394 8.75080
 38.48798 8.75251
 38.50064 8.75088
 38.51008 8.74576
 38.51488 8.73717
 38.52237 8.73717
 38.52643 8.75145
 38.53807 8.76122
 38.55207 8.76423
 38.56330 8.75764
 38.56533 8.77335
 38.53360 8.79296
 38.52855 8.81286
 38.52237 8.81286
 38.51992 8.79064
 38.50544 8.78026
 38.48908 8.78002
 38.48139 8.78840
 38.48286 8.81233
 38.48705 8.83226
 38.50186 8.86750
 38.51240 8.90583
 38.50514 8.95489
 38.46425 8.99977
 38.45948 8.99186
 38.44067 9.04860
 38.43138 9.14566
 38.42509 9.16591
 38.41562 9.18214
 38.41248 9.20036
 38.41840 9.22619
 38.41869 9.23062
 38.42422 9.23400
 38.43146 9.23375
 38.43769 9.23107
 38.44038 9.22720
 38.44904 9.21996
 38.47253 9.19003
 38.50413 9.18387
 38.55154 9.18379
 38.59742 9.20807
 38.63541 9.23846
 38.66548 9.25267
 38.67336 9.23440
 38.67801 9.18768
 38.68107 9.14504
 38.67097 9.12413
 38.65888 9.11392
 38.65888 9.10774
 38.67939 9.11392
 38.68561 9.09887
 38.69233 9.06729
 38.69367 9.05240
 38.69990 9.05240
 38.71394 9.03743
 38.72653 9.02117
 38.74381 8.99271
 38.76813 8.95686
 38.77025 8.95295
 38.77424 8.94713
 38.77558 8.94262
 38.77814 8.93154
 38.77776 8.92309
 38.76518 8.92449
 38.75014 8.91942
 38.74311 8.91108
 38.74058 8.90131
 38.74146 8.88981
 38.74802 8.86943
 38.75254 8.85894
 38.75619 8.84219
 38.75490 8.83077
 38.75195 8.82318
 38.74213 8.81385
 38.73420 8.78556
 38.73386 8.77897
 38.73810 8.76204
 38.75366 8.74698
 38.76156 8.74434
 38.78926 8.73225
 38.83440 8.70316
 38.83639 8.69647
 38.83339 8.68910
 38.82910 8.68313
 38.82332 8.67143
 38.81531 8.64373
 38.82425 8.62474
 38.83037 8.60782
 38.82812 8.60267
 38.82319 8.60223
 38.81569 8.60394
 38.80828 8.60430
 38.80076 8.60577
 38.79195 8.60601
 38.78358 8.60453
 38.77247 8.59322
 38.77014 8.58185
 38.77035 8.57265
 38.76704 8.54658
 38.76089 8.50485
 38.75794 8.49862
 38.74771 8.49630
 38.73185 8.50674
 38.72523 8.50581
 38.71283 8.50782
 38.70350 8.51593
 38.68826 8.53175
 38.64229 8.61546
 38.60617 8.65159
 38.59832 8.65221
 38.58886 8.65140
 38.58240 8.64683
 38.57449 8.64394
 38.55036 8.63812
 38.54716 8.60856
 38.52894 8.56994
 38.52566 8.54084
 38.51941 8.51655
 38.52227 8.51030
 38.52739 8.50904
 38.53393 8.51077
 38.53878 8.51252
 38.54256 8.50865
 38.54173 8.49932
 38.53816 8.49242
 38.53274 8.48911
 38.52801 8.48338
 38.52289 8.47423
 38.51910 8.46188
 38.52008 8.43325
 38.52406 8.41878
 38.53563 8.39584
 38.53909 8.37721
 38.53574 8.36850
 38.51708 8.34928
 38.50638 8.33605
 38.50080 8.33129
 38.50008 8.33086
 38.49892 8.33070
 38.49605 8.32995
 38.49003 8.32902
 38.46246 8.31559
 38.45657 8.31595
 38.45326 8.31995
 38.44786 8.32003
 38.44220 8.31538
 38.43714 8.30086
 38.43277 8.29357
 38.42484 8.28856
 38.40727 8.29220
 38.38458 8.30835
 38.37704 8.30835
 38.37440 8.30218
 38.36779 8.28047
 38.35900 8.26673
 38.34934 8.24608
 38.34704 8.23693
 38.34588 8.22748
 38.34598 8.21859
 38.34050 8.19993
 38.31756 8.16213
 38.27591 8.13769
 38.25071 8.13009
 38.24139 8.13074
 38.23457 8.13048
 38.22325 8.13508
 38.21542 8.17043
 38.20857 8.18787
 38.20157 8.22272
 38.19819 8.23084
 38.18733 8.23492
 38.17938 8.24166
 38.18056 8.27727
 38.17638 8.28473
 38.17010 8.28825
 38.16186 8.28931
 38.14439 8.29574
 38.14132 8.30256
 38.14346 8.31068
 38.14801 8.31801
 38.15129 8.32809
 38.15002 8.33502
 38.14540 8.34075
 38.14320 8.34781
 38.13884 8.35013
 38.13457 8.35088
 38.12946 8.35083
 38.12444 8.35215
 38.11506 8.35703
 38.11173 8.35928
 38.10734 8.36292
 38.10708 8.36778
 38.10879 8.37351
 38.11096 8.37884
 38.11067 8.38581
 38.10165 8.39119
 38.09447 8.39367
 38.08848 8.39664
 38.08251 8.39816
 38.07600 8.40134
 38.07049 8.40067
 38.06525 8.39886
 38.05509 8.39408
 38.04331 8.37465
 38.02897 8.35982
 38.02414 8.34695
 38.02215 8.33564
 38.02135 8.32282
 38.01277 8.30949
 38.00275 8.30287
 37.98153 8.29336
 37.95277 8.29285
 37.90872 8.29946
 37.88164 8.31052
 37.87469 8.31484
 37.84673 8.32856
 37.85945 8.35811
 37.86022 8.36215
 37.86033 8.38853
 37.86655 8.43248
 37.85301 8.52167
 37.84648 8.53914
 37.83950 8.54898
 37.83232 8.55138
 37.82503 8.55573
 37.81087 8.57280
 37.80366 8.57800
 37.78147 8.58720
 37.77379 8.58805
 37.76589 8.58996
 37.75904 8.59580
 37.75436 8.61257
 37.75514 8.62358
 37.76100 8.64084
 37.76550 8.64833
 37.76917 8.65639
 37.77051 8.66417
 37.76772 8.67040
 37.76250 8.67375
 37.75793 8.67781
 37.75754 8.68355
 37.76240 8.68848
 37.77596 8.69784
 37.80095 8.72347
 37.80627 8.72688
 37.81345 8.73411
 37.81842 8.75145
 37.81645 8.75840
 37.81317 8.76680
 37.80963 8.77375
 37.81007 8.78109
 37.81283 8.78602
 37.81924 8.79184
 37.82676 8.80137
12 39 38.6703 39.317 8.78858 9.49747 'Lisboa (Portugal)'
 38.77558 8.94262
 38.78172 8.94262
 38.79491 8.95263
 38.81485 8.96426
 38.83544 8.97029
 38.85065 8.96312
 38.84943 8.98632
 38.86555 8.99682
 38.88984 9.00259
 38.91340 9.01155
 38.98395 8.96911
 39.01520 8.94323
 39.03628 8.90844
 39.04011 8.88842
 39.04291 8.84553
 39.04926 8.82653
 39.07062 8.79035
 39.06506 8.78858
 39.06157 8.79083
 39.05865 8.79687
 39.03968 8.81731
 39.03139 8.85436
 39.02268 8.85103
 39.01607 8.84046
 38.99338 8.86010
 38.98305 8.86475
 38.97292 8.87431
 38.95592 8.88452
 38.88274 8.91906
 38.86083 8.93405
 38.85293 8.94110
 38.84091 8.95575
 38.82859 8.95601
 38.81158 8.93839
 38.80730 8.93467
 38.80060 8.93059
 38.77776 8.92309
 38.77814 8.93154
 38.77558 8.94262
13 88 38.6703 39.317 8.78858 9.49747 'Lisboa (Portugal)'
 39.08241 8.79175
 39.05671 8.83642
 39.04926 8.92272
 39.04072 8.93586
 39.01219 8.95507
 38.95775 9.00353
 38.87141 9.05891
 38.84357 9.08967
 38.83023 9.10025
 38.81379 9.10656
 38.79482 9.10422
 38.76159 9.10226
 38.73786 9.09825
 38.71418 9.11250
 38.70167 9.16329
 38.69390 9.22017
 38.69876 9.28521
 38.68770 9.30349
 38.67032 9.32178
 38.68952 9.36059
 38.70409 9.40477
 38.70726 9.42919
 38.70246 9.47167
 38.70759 9.49169
 38.72773 9.49128
 38.74470 9.48473
 38.78823 9.49747
 38.80976 9.49747
 38.81924 9.49193
 38.83076 9.47989
 38.85047 9.45550
 38.93140 9.42272
 38.99164 9.42536
 39.02949 9.43663
 39.05172 9.42665
 39.07863 9.42255
 39.13403 9.38370
 39.16092 9.37142
 39.19731 9.35086
 39.23523 9.34678
 39.26683 9.34059
 39.29248 9.34759
 39.29248 9.34759
 39.29316 9.33826
 39.29316 9.29966
 39.31259 9.25744
 39.31703 9.24938
 39.31533 9.23615
 39.31636 9.23119
 39.31318 9.22411
 39.30504 9.21662
 39.29362 9.20832
 39.23316 9.18545
 39.22120 9.16936
 39.23450 9.14830
 39.25295 9.12843
 39.28432 9.10507
 39.30396 9.08386
 39.30923 9.07389
 39.31166 9.06704
 39.31272 9.05554
 39.31078 9.04112
 39.30414 9.02226
 39.29900 8.99415
 39.27533 8.98216
 39.26039 8.98410
 39.24479 8.91485
 39.25425 8.87465
 39.23957 8.86661
 39.20092 8.81659
 39.19094 8.83054
 39.18761 8.84630
 39.18872 8.87617
 39.18575 8.88811
 39.17776 8.90263
 39.17151 8.90271
 39.16647 8.89798
 39.16314 8.88974
 39.15890 8.88294
 39.14609 8.87555
 39.13989 8.87077
 39.11921 8.84173
 39.11555 8.83532
 39.10901 8.81481
 39.10506 8.80827
 39.10110 8.80403
 39.09609 8.79990
 39.08241 8.79175
14 12 38.6703 39.317 8.78858 9.49747 'Lisboa (Portugal)'
 38.86762 9.04113
 38.87055 9.03527
 38.86420 9.03458
 38.84919 9.04141
 38.83299 9.05455
 38.81818 9.07315
 38.82014 9.07966
 38.83759 9.07140
 38.85224 9.06139
 38.86172 9.05012
 38.86579 9.04393
 38.86762 9.04113
15 320 38.7339 39.8373 7.80471 9.00286 'Santarém (Portugal)'
 39.07062 8.79035
 39.08344 8.77465
 39.09772 8.76513
 39.08241 8.79175
 39.09609 8.79990
 39.10110 8.80403
 39.10506 8.80827
 39.10901 8.81481
 39.11555 8.83532
 39.11921 8.84173
 39.13989 8.87077
 39.14609 8.87555
 39.15890 8.88294
 39.16314 8.88974
 39.16647 8.89798
 39.17151 8.90271
 39.17776 8.90263
 39.18575 8.88811
 39.18872 8.87617
 39.18761 8.84630
 39.19094 8.83054
 39.20092 8.81659
 39.23957 8.86661
 39.25425 8.87465
 39.24479 8.91485
 39.26039 8.98410
 39.27533 8.98216
 39.29900 8.99415
 39.33155 8.99694
 39.34943 9.00286
 39.36142 8.99872
 39.39033 8.97686
 39.39398 8.95733
 39.39845 8.94893
 39.40834 8.93971
 39.45981 8.90813
 39.47064 8.89452
 39.47937 8.86514
 39.48359 8.79959
 39.47955 8.75111
 39.48744 8.73675
 39.49495 8.73473
 39.49842 8.73310
 39.50017 8.73310
 39.50250 8.73497
 39.51335 8.74155
 39.52126 8.74303
 39.52808 8.74228
 39.53268 8.73776
 39.53237 8.73026
 39.52958 8.72254
 39.52973 8.71246
 39.53154 8.70432
 39.55730 8.67851
 39.56510 8.67220
 39.59172 8.68414
 39.61030 8.68569
 39.64177 8.69461
 39.65502 8.67290
 39.65918 8.66373
 39.66388 8.65562
 39.66996 8.64807
 39.67887 8.64440
 39.69489 8.64823
 39.70251 8.65593
 39.70781 8.66435
 39.71303 8.67102
 39.72088 8.67399
 39.73261 8.67391
 39.75042 8.67649
 39.75814 8.67670
 39.76682 8.67117
 39.77331 8.66582
 39.78899 8.61991
 39.78512 8.60172
 39.78700 8.58952
 39.79429 8.57128
 39.82170 8.52258
 39.82524 8.50888
 39.82558 8.49955
 39.83354 8.48622
 39.83731 8.47077
 39.79535 8.45697
 39.78450 8.45480
 39.76086 8.44793
 39.75277 8.44648
 39.74677 8.44408
 39.74228 8.44292
 39.74688 8.42473
 39.75868 8.38333
 39.76109 8.37054
 39.76853 8.34850
 39.76646 8.32910
 39.76868 8.32427
 39.78822 8.32742
 39.79530 8.32941
 39.80021 8.32830
 39.79783 8.32088
 39.79478 8.27910
 39.77938 8.27324
 39.77427 8.26350
 39.77173 8.24993
 39.76760 8.23856
 39.76225 8.23236
 39.75659 8.22872
 39.75194 8.22771
 39.74639 8.22743
 39.74171 8.22794
 39.72316 8.22631
 39.71404 8.23337
 39.69505 8.23332
 39.65944 8.22910
 39.64650 8.22019
 39.62967 8.16469
 39.61616 8.13947
 39.61541 8.11792
 39.61815 8.08299
 39.62422 8.06154
 39.62967 8.06183
 39.63606 8.06322
 39.65161 8.07048
 39.66233 8.07095
 39.67536 8.06619
 39.68538 8.05857
 39.73649 8.04684
 39.74393 8.04188
 39.74677 8.02106
 39.73804 7.98951
 39.73773 7.96496
 39.73347 7.95922
 39.72721 7.95623
 39.71993 7.95432
 39.71243 7.95390
 39.70507 7.95220
 39.69006 7.95142
 39.67450 7.95276
 39.66616 7.95026
 39.66326 7.94346
 39.66104 7.93271
 39.65980 7.92036
 39.65417 7.90005
 39.64471 7.88543
 39.63593 7.86680
 39.61709 7.84613
 39.59180 7.82525
 39.58456 7.82127
 39.56697 7.81388
 39.55712 7.80471
 39.54738 7.82618
 39.54345 7.83267
 39.52526 7.85215
 39.52234 7.85652
 39.52022 7.86181
 39.52214 7.86321
 39.53221 7.87701
 39.54952 7.91768
 39.55335 7.93659
 39.54958 7.94987
 39.53686 7.96801
 39.51242 7.98904
 39.46870 8.01023
 39.43690 7.97095
 39.42793 7.95494
 39.42106 7.95049
 39.41480 7.94920
 39.39021 7.96886
 39.36483 8.01713
 39.35982 8.02403
 39.34654 8.02723
 39.33887 8.03196
 39.32173 8.04614
 39.29980 8.06971
 39.29450 8.07377
 39.29016 8.07829
 39.28525 8.08542
 39.28238 8.09960
 39.28535 8.11940
 39.28313 8.12908
 39.27326 8.14190
 39.25228 8.15268
 39.23730 8.17665
 39.19451 8.23569
 39.16381 8.29125
 39.15293 8.30458
 39.11697 8.33362
 39.10066 8.33409
 39.09239 8.31052
 39.08661 8.30008
 39.07958 8.29101
 39.06966 8.28763
 39.06201 8.28404
 39.05415 8.27794
 39.04695 8.26706
 39.03638 8.26037
 39.02847 8.25673
 39.02139 8.25474
 39.01227 8.24138
 39.00090 8.19691
 38.98847 8.20582
 38.98460 8.21192
 38.98413 8.22523
 38.98305 8.23014
 38.97685 8.23502
 38.96765 8.23846
 38.95137 8.23879
 38.94078 8.24127
 38.93220 8.24515
 38.92589 8.25083
 38.92047 8.25688
 38.91396 8.26006
 38.90600 8.25781
 38.90067 8.25003
 38.89695 8.24290
 38.87874 8.19123
 38.87716 8.17890
 38.87427 8.17510
 38.86659 8.16991
 38.84952 8.17541
 38.84182 8.17557
 38.83298 8.16921
 38.81934 8.15322
 38.81835 8.14539
 38.81554 8.13684
 38.81014 8.13064
 38.80140 8.12893
 38.78737 8.13420
 38.77448 8.15162
 38.78125 8.16779
 38.78642 8.17200
 38.79877 8.17758
 38.80140 8.18267
 38.80016 8.18753
 38.80073 8.19340
 38.80487 8.19670
 38.81073 8.19807
 38.81683 8.20210
 38.82197 8.20810
 38.82505 8.21874
 38.83014 8.25003
 38.83533 8.25869
 38.85742 8.28574
 38.86140 8.29285
 38.86148 8.29915
 38.85680 8.30349
 38.85215 8.30543
 38.84967 8.31088
 38.85088 8.31677
 38.85073 8.32639
 38.84698 8.33812
 38.84791 8.35098
 38.85339 8.36845
 38.85267 8.37460
 38.84794 8.37724
 38.84213 8.37946
 38.83696 8.38380
 38.83303 8.38842
 38.83076 8.39398
 38.82892 8.40152
 38.82988 8.41300
 38.82781 8.42346
 38.81135 8.44400
 38.80559 8.45418
 38.79877 8.49867
 38.76704 8.54658
 38.77035 8.57265
 38.77014 8.58185
 38.77247 8.59322
 38.78358 8.60453
 38.79195 8.60601
 38.80076 8.60577
 38.80828 8.60430
 38.81569 8.60394
 38.82319 8.60223
 38.82812 8.60267
 38.83037 8.60782
 38.82425 8.62474
 38.81531 8.64373
 38.82332 8.67143
 38.82910 8.68313
 38.83339 8.68910
 38.83639 8.69647
 38.83440 8.70316
 38.78926 8.73225
 38.76156 8.74434
 38.75366 8.74698
 38.73810 8.76204
 38.73386 8.77897
 38.73420 8.78556
 38.74213 8.81385
 38.75195 8.82318
 38.75490 8.83077
 38.75619 8.84219
 38.75254 8.85894
 38.74802 8.86943
 38.74146 8.88981
 38.74058 8.90131
 38.74311 8.91108
 38.75014 8.91942
 38.76518 8.92449
 38.77776 8.92309
 38.80060 8.93059
 38.80730 8.93467
 38.81158 8.93839
 38.82859 8.95601
 38.84091 8.95575
 38.85293 8.94110
 38.86083 8.93405
 38.88274 8.91906
 38.95592 8.88452
 38.97292 8.87431
 38.98305 8.86475
 38.99338 8.86010
 39.01607 8.84046
 39.02268 8.85103
 39.03139 8.85436
 39.03968 8.81731
 39.05865 8.79687
 39.06157 8.79083
 39.06506 8.78858
 39.07062 8.79035
16 220 39.2212 40.0863 8.10798 9.40929 'Leiria (Portugal)'
 39.29248 9.34759
 39.31623 9.35407
 39.33600 9.36583
 39.36522 9.40176
 39.37519 9.40929
 39.37800 9.39782
 39.36793 9.35292
 39.40582 9.27924
 39.41844 9.26080
 39.42000 9.24031
 39.40843 9.22789
 39.40620 9.21760
 39.41547 9.20592
 39.42862 9.21353
 39.44074 9.22989
 39.46104 9.21365
 39.48154 9.19109
 39.49258 9.18287
 39.50202 9.16441
 39.51618 9.13569
 39.53510 9.12130
 39.55088 9.11101
 39.57927 9.09043
 39.59666 9.08834
 39.61564 9.09034
 39.64248 9.07795
 39.68044 9.07169
 39.84317 8.99303
 40.04741 8.90248
 40.04737 8.90237
 40.04536 8.89632
 40.03626 8.87077
 40.03156 8.86162
 40.02619 8.84762
 40.02107 8.81543
 40.02216 8.80548
 40.02898 8.79364
 40.03730 8.76894
 40.03342 8.71773
 40.03234 8.69802
 40.02810 8.67717
 40.02229 8.66512
 40.01053 8.64807
 39.99994 8.63890
 39.99815 8.63603
 39.99632 8.62900
 39.99678 8.61851
 39.99895 8.61322
 40.00097 8.61027
 40.02092 8.59484
 40.02508 8.58802
 40.02784 8.58079
 40.02836 8.57327
 40.02805 8.56730
 40.02572 8.56017
 40.02006 8.55379
 39.99766 8.54720
 39.98841 8.54575
 39.97244 8.54575
 39.96490 8.54418
 39.95953 8.54022
 39.95596 8.53547
 39.96061 8.52849
 39.97818 8.51004
 39.99048 8.48361
 40.01213 8.45087
 40.01079 8.43067
 40.01588 8.42865
 40.01497 8.41987
 40.01027 8.41274
 39.98893 8.39933
 39.96971 8.38961
 39.95661 8.38535
 39.94821 8.38729
 39.94154 8.39279
 39.93764 8.40018
 39.93431 8.40483
 39.93260 8.39793
 39.93255 8.38995
 39.94449 8.34912
 39.97511 8.31398
 39.97637 8.30357
 39.97079 8.28773
 39.97162 8.27910
 39.97637 8.27316
 39.98477 8.27099
 39.99051 8.27533
 39.99921 8.28729
 40.00262 8.29055
 40.00999 8.29236
 40.01596 8.29305
 40.03453 8.27765
 40.06399 8.23507
 40.05510 8.20520
 40.08634 8.17456
 40.08024 8.16159
 40.07637 8.15539
 40.06879 8.14919
 40.06239 8.14547
 40.03425 8.15244
 40.01704 8.14942
 39.96531 8.10798
 39.95839 8.11940
 39.95431 8.12366
 39.94402 8.12839
 39.93904 8.12573
 39.93498 8.12399
 39.93348 8.12296
 39.92123 8.12635
 39.89147 8.14578
 39.88441 8.15554
 39.87948 8.16500
 39.87801 8.17340
 39.87475 8.18267
 39.86713 8.19151
 39.85834 8.19970
 39.85426 8.20554
 39.85550 8.21538
 39.84480 8.25959
 39.84046 8.26494
 39.83462 8.27052
 39.82966 8.26998
 39.82351 8.27037
 39.81966 8.27678
 39.81080 8.28437
 39.80594 8.28422
 39.79478 8.27910
 39.79783 8.32088
 39.80021 8.32830
 39.79530 8.32941
 39.78822 8.32742
 39.76868 8.32427
 39.76646 8.32910
 39.76853 8.34850
 39.76109 8.37054
 39.75868 8.38333
 39.74688 8.42473
 39.74228 8.44292
 39.74677 8.44408
 39.75277 8.44648
 39.76086 8.44793
 39.78450 8.45480
 39.79535 8.45697
 39.83731 8.47077
 39.83354 8.48622
 39.82558 8.49955
 39.82524 8.50888
 39.82170 8.52258
 39.79429 8.57128
 39.78700 8.58952
 39.78512 8.60172
 39.78899 8.61991
 39.77331 8.66582
 39.76682 8.67117
 39.75814 8.67670
 39.75042 8.67649
 39.73261 8.67391
 39.72088 8.67399
 39.71303 8.67102
 39.70781 8.66435
 39.70251 8.65593
 39.69489 8.64823
 39.67887 8.64440
 39.66996 8.64807
 39.66388 8.65562
 39.65918 8.66373
 39.65502 8.67290
 39.64177 8.69461
 39.61030 8.68569
 39.59172 8.68414
 39.56510 8.67220
 39.55730 8.67851
 39.53154 8.70432
 39.52973 8.71246
 39.52958 8.72254
 39.53237 8.73026
 39.53268 8.73776
 39.52808 8.74228
 39.52126 8.74303
 39.51335 8.74155
 39.50250 8.73497
 39.50017 8.73310
 39.49842 8.73310
 39.49495 8.73473
 39.48744 8.73675
 39.47955 8.75111
 39.48359 8.79959
 39.47937 8.86514
 39.47064 8.89452
 39.45981 8.90813
 39.40834 8.93971
 39.39845 8.94893
 39.39398 8.95733
 39.39033 8.97686
 39.36142 8.99872
 39.34943 9.00286
 39.33155 8.99694
 39.29900 8.99415
 39.30414 9.02226
 39.31078 9.04112
 39.31272 9.05554
 39.31166 9.06704
 39.30923 9.07389
 39.30396 9.08386
 39.28432 9.10507
 39.25295 9.12843
 39.23450 9.14830
 39.22120 9.16936
 39.23316 9.18545
 39.29362 9.20832
 39.30504 9.21662
 39.31318 9.22411
 39.31636 9.23119
 39.31533 9.23615
 39.31703 9.24938
 39.31259 9.25744
 39.29316 9.29966
 39.29316 9.33826
 39.29248 9.34759
 39.29248 9.34759
17 250 39.9212 40.523 7.73557 8.90844 'Coimbra (Portugal)'
 40.04741 8.90248
 40.12482 8.86815
 40.13923 8.85326
 40.12596 8.84162
 40.12006 8.82506
 40.11872 8.78498
 40.12617 8.78498
 40.13793 8.80110
 40.14655 8.81615
 40.15168 8.83361
 40.15624 8.87938
 40.16474 8.89647
 40.17939 8.90661
 40.20067 8.90844
 40.22875 8.89574
 40.27546 8.86539
 40.47443 8.79857
 40.52296 8.78790
 40.52089 8.78579
 40.43469 8.67538
 40.43169 8.64208
 40.44221 8.63417
 40.45841 8.63060
 40.48399 8.60887
 40.46378 8.57048
 40.43934 8.57668
 40.42947 8.57583
 40.41149 8.57268
 40.40441 8.56560
 40.40265 8.55722
 40.40565 8.54844
 40.41392 8.53206
 40.41921 8.51655
 40.42007 8.50493
 40.40012 8.49963
 40.38356 8.48808
 40.37642 8.48648
 40.37020 8.48764
 40.35542 8.49265
 40.35258 8.49459
 40.34966 8.49886
 40.34811 8.50203
 40.34400 8.50725
 40.33754 8.51268
 40.32240 8.52082
 40.31198 8.52353
 40.30286 8.52384
 40.29677 8.52245
 40.29036 8.51547
 40.28566 8.45720
 40.28984 8.44976
 40.29671 8.44059
 40.30594 8.43594
 40.32818 8.41325
 40.33640 8.40762
 40.34374 8.39920
 40.34539 8.39207
 40.34423 8.37047
 40.35632 8.35835
 40.36475 8.35915
 40.37201 8.35021
 40.36847 8.33874
 40.36239 8.32910
 40.35583 8.29827
 40.34309 8.27486
 40.33247 8.25913
 40.32653 8.24324
 40.32064 8.23541
 40.32056 8.22934
 40.32335 8.22662
 40.32772 8.22422
 40.33247 8.22355
 40.33671 8.22102
 40.33971 8.21668
 40.34594 8.17441
 40.33891 8.11622
 40.38172 8.04049
 40.39898 7.98633
 40.42275 7.94248
 40.43012 7.92465
 40.45867 7.90075
 40.47841 7.86678
 40.48830 7.85564
 40.49373 7.84520
 40.49784 7.82463
 40.47526 7.81443
 40.47133 7.80786
 40.46415 7.80223
 40.45696 7.80097
 40.44761 7.80510
 40.44115 7.81084
 40.43774 7.81905
 40.43523 7.82781
 40.43040 7.83461
 40.42379 7.83760
 40.41376 7.83060
 40.40947 7.82208
 40.40663 7.80474
 40.40211 7.79903
 40.39322 7.79991
 40.35694 7.79174
 40.34927 7.78507
 40.33950 7.77055
 40.33410 7.76730
 40.32731 7.76999
 40.31506 7.79267
 40.30705 7.80135
 40.29671 7.80838
 40.28106 7.81339
 40.26147 7.82463
 40.24953 7.79743
 40.23204 7.78213
 40.19284 7.80381
 40.18504 7.80688
 40.17285 7.80166
 40.16571 7.79650
 40.15887 7.78611
 40.14303 7.76931
 40.12830 7.74190
 40.11807 7.73717
 40.11135 7.73601
 40.10551 7.73557
 40.09988 7.73632
 40.09448 7.74012
 40.08779 7.74885
 40.07750 7.76875
 40.07621 7.77895
 40.07784 7.78595
 40.08158 7.78954
 40.08497 7.79125
 40.08582 7.79624
 40.08326 7.80097
 40.07750 7.80595
 40.06071 7.80448
 40.04071 7.80719
 40.05327 7.82665
 40.05621 7.83582
 40.05818 7.84492
 40.05787 7.85701
 40.05616 7.87137
 40.04686 7.89486
 40.03668 7.90703
 40.02851 7.91052
 40.01479 7.90602
 40.00952 7.90770
 40.00448 7.91731
 40.00417 7.93651
 40.00311 7.94437
 39.99937 7.95158
 39.98459 7.96460
 39.98175 7.96953
 39.98361 7.97395
 39.98541 7.98008
 39.98593 7.98697
 39.98423 7.99571
 39.98229 8.00069
 39.97772 8.00615
 39.97668 8.02059
 39.97542 8.02573
 39.96968 8.02708
 39.96490 8.02888
 39.96095 8.03219
 39.96128 8.04883
 39.95673 8.07152
 39.94676 8.08247
 39.94524 8.09599
 39.94356 8.10084
 39.93958 8.10790
 39.93358 8.11048
 39.92123 8.12635
 39.93348 8.12296
 39.93498 8.12399
 39.93904 8.12573
 39.94402 8.12839
 39.95431 8.12366
 39.95839 8.11940
 39.96531 8.10798
 40.01704 8.14942
 40.03425 8.15244
 40.06239 8.14547
 40.06879 8.14919
 40.07637 8.15539
 40.08024 8.16159
 40.08634 8.17456
 40.05510 8.20520
 40.06399 8.23507
 40.03453 8.27765
 40.01596 8.29305
 40.00999 8.29236
 40.00262 8.29055
 39.99921 8.28729
 39.99051 8.27533
 39.98477 8.27099
 39.97637 8.27316
 39.97162 8.27910
 39.97079 8.28773
 39.97637 8.30357
 39.97511 8.31398
 39.94449 8.34912
 39.93255 8.38995
 39.93260 8.39793
 39.93431 8.40483
 39.93764 8.40018
 39.94154 8.39279
 39.94821 8.38729
 39.95661 8.38535
 39.96971 8.38961
 39.98893 8.39933
 40.01027 8.41274
 40.01497 8.41987
 40.01588 8.42865
 40.01079 8.43067
 40.01213 8.45087
 39.99048 8.48361
 39.97818 8.51004
 39.96061 8.52849
 39.95596 8.53547
 39.95953 8.54022
 39.96490 8.54418
 39.97244 8.54575
 39.98841 8.54575
 39.99766 8.54720
 40.02006 8.55379
 40.02572 8.56017
 40.02805 8.56730
 40.02836 8.57327
 40.02784 8.58079
 40.02508 8.58802
 40.02092 8.59484
 40.00097 8.61027
 39.99895 8.61322
 39.99678 8.61851
 39.99632 8.62900
 39.99815 8.63603
 39.99994 8.63890
 40.01053 8.64807
 40.02229 8.66512
 40.02810 8.67717
 40.03234 8.69802
 40.03342 8.71773
 40.03730 8.76894
 40.02898 8.79364
 40.02216 8.80548
 40.02107 8.81543
 40.02619 8.84762
 40.03156 8.86162
 40.03626 8.87077
 40.04536 8.89632
 40.04737 8.90237
 40.04741 8.90248
18 205 40.2857 41.0834 8.08707 8.7879 'Aveiro (Portugal)'
 40.52296 8.78790
 40.53682 8.78486
 40.58254 8.76579
 40.64081 8.75300
 40.64395 8.75036
 40.64692 8.74462
 40.62580 8.74397
 40.61905 8.74462
 40.64452 8.72468
 40.65347 8.71028
 40.64692 8.69616
 40.64692 8.69001
 40.65314 8.69001
 40.65571 8.69237
 40.66132 8.69640
 40.66795 8.69880
 40.67365 8.69616
 40.67792 8.68639
 40.67499 8.68078
 40.66966 8.67687
 40.66682 8.67199
 40.66987 8.66210
 40.67719 8.65364
 40.69416 8.64159
 40.70140 8.65746
 40.71320 8.66633
 40.72407 8.66364
 40.72891 8.64493
 40.73066 8.62182
 40.73579 8.60387
 40.74421 8.58837
 40.75556 8.57266
 40.75471 8.58951
 40.74494 8.61474
 40.74160 8.63598
 40.74006 8.63988
 40.73973 8.64538
 40.74746 8.66845
 40.75556 8.67569
 40.78311 8.68371
 40.82368 8.64558
 40.84492 8.65526
 40.82856 8.65697
 40.81493 8.66320
 40.81118 8.67052
 40.82445 8.67569
 40.80410 8.68981
 40.77798 8.70055
 40.75031 8.70739
 40.72517 8.70983
 40.70905 8.71426
 40.68598 8.72509
 40.66450 8.73843
 40.65314 8.75080
 40.99380 8.65510
 41.01665 8.65520
 41.01670 8.65500
 41.01869 8.64551
 41.02313 8.60187
 41.01507 8.58549
 41.02372 8.55356
 41.03197 8.53816
 41.03222 8.52609
 41.02837 8.51710
 41.02225 8.50880
 41.01657 8.49459
 41.01729 8.48431
 41.02117 8.47676
 41.03494 8.47015
 41.04049 8.46573
 41.05548 8.44814
 41.03928 8.42765
 41.03362 8.42299
 41.02256 8.41568
 41.01186 8.39778
 41.01186 8.38961
 41.01623 8.38628
 41.02272 8.38767
 41.02830 8.39238
 41.03447 8.39328
 41.03967 8.39227
 41.04925 8.36605
 41.04395 8.34618
 41.06959 8.29783
 41.07243 8.29440
 41.08338 8.29019
 41.05383 8.22957
 41.04762 8.22624
 41.03796 8.22288
 41.03119 8.22396
 41.00941 8.22438
 40.98205 8.14926
 40.98194 8.13715
 40.98375 8.12389
 40.99556 8.11686
 40.99910 8.11420
 41.00192 8.11144
 41.01057 8.09813
 41.01026 8.09110
 41.00670 8.08774
 41.00238 8.08707
 40.99990 8.08720
 40.99851 8.08754
 40.99336 8.08937
 40.95853 8.12089
 40.94766 8.12583
 40.93598 8.12893
 40.92923 8.12769
 40.91590 8.12314
 40.89017 8.11826
 40.87208 8.10976
 40.86040 8.11038
 40.85348 8.11539
 40.85162 8.12399
 40.85234 8.13312
 40.85521 8.14144
 40.85939 8.14926
 40.86221 8.15777
 40.86190 8.16950
 40.85518 8.18725
 40.85366 8.19926
 40.85497 8.21099
 40.85769 8.21892
 40.85536 8.24965
 40.82459 8.23833
 40.81885 8.23965
 40.80733 8.24864
 40.77420 8.26895
 40.75436 8.29241
 40.74025 8.31559
 40.72718 8.32499
 40.72297 8.32556
 40.71839 8.32535
 40.71206 8.32367
 40.70594 8.31918
 40.69431 8.30540
 40.68594 8.29944
 40.67896 8.29621
 40.65090 8.29522
 40.63757 8.28830
 40.63501 8.28339
 40.62925 8.26548
 40.61897 8.24864
 40.60651 8.28939
 40.60135 8.29621
 40.59390 8.30199
 40.58698 8.30137
 40.56512 8.29024
 40.54711 8.28391
 40.54073 8.27820
 40.53577 8.27145
 40.52962 8.26505
 40.51453 8.25324
 40.49761 8.30809
 40.48435 8.33135
 40.47867 8.33290
 40.47213 8.33083
 40.45813 8.32088
 40.44503 8.32163
 40.43663 8.32561
 40.40288 8.35424
 40.37201 8.35021
 40.36475 8.35915
 40.35632 8.35835
 40.34423 8.37047
 40.34539 8.39207
 40.34374 8.39920
 40.33640 8.40762
 40.32818 8.41325
 40.30594 8.43594
 40.29671 8.44059
 40.28984 8.44976
 40.28566 8.45720
 40.29036 8.51547
 40.29677 8.52245
 40.30286 8.52384
 40.31198 8.52353
 40.32240 8.52082
 40.33754 8.51268
 40.34400 8.50725
 40.34811 8.50203
 40.34966 8.49886
 40.35258 8.49459
 40.35542 8.49265
 40.37020 8.48764
 40.37642 8.48648
 40.38356 8.48808
 40.40012 8.49963
 40.42007 8.50493
 40.41921 8.51655
 40.41392 8.53206
 40.40565 8.54844
 40.40265 8.55722
 40.40441 8.56560
 40.41149 8.57268
 40.42947 8.57583
 40.43934 8.57668
 40.46378 8.57048
 40.48399 8.60887
 40.45841 8.63060
 40.44221 8.63417
 40.43169 8.64208
 40.43469 8.67538
 40.52089 8.78579
 40.52296 8.78790
19 138 41.0119 41.4676 7.87546 8.78556 'Porto (Portugal)'
 41.01665 8.65520
 41.03050 8.65526
 41.09756 8.66710
 41.13276 8.66613
 41.14663 8.64835
 41.15278 8.64835
 41.15949 8.68578
 41.18692 8.70519
 41.22150 8.71837
 41.24966 8.73717
 41.26293 8.73229
 41.27407 8.73461
 41.28498 8.74006
 41.29743 8.74462
 41.32811 8.74446
 41.33780 8.74913
 41.34054 8.75613
 41.35090 8.76032
 41.36131 8.76403
 41.37934 8.77815
 41.39387 8.78380
 41.40611 8.78377
 41.43488 8.78556
 41.46756 8.77510
 41.46756 8.77510
 41.46734 8.75158
 41.45669 8.72770
 41.44734 8.70200
 41.44693 8.67693
 41.44414 8.66698
 41.43819 8.65846
 41.43277 8.65249
 41.41938 8.63510
 41.41308 8.62125
 41.41106 8.60988
 41.40414 8.60001
 41.39815 8.59645
 41.39287 8.59965
 41.39045 8.60531
 41.38838 8.61510
 41.38078 8.62254
 41.37293 8.62107
 41.35975 8.61699
 41.35241 8.61151
 41.34941 8.60422
 41.34967 8.60066
 41.35122 8.59089
 41.35122 8.53464
 41.35324 8.52710
 41.35463 8.51865
 41.35983 8.51144
 41.36425 8.50358
 41.37262 8.48477
 41.37592 8.46772
 41.37603 8.45537
 41.37275 8.44772
 41.36884 8.44059
 41.36603 8.41568
 41.37195 8.38514
 41.37629 8.34401
 41.37412 8.33579
 41.36683 8.32228
 41.36688 8.31569
 41.37396 8.29218
 41.37530 8.28497
 41.38641 8.25419
 41.39750 8.23430
 41.41458 8.21929
 41.40078 8.16975
 41.38497 8.14950
 41.37895 8.14547
 41.36983 8.14743
 41.34967 8.11182
 41.33913 8.07989
 41.34109 8.06904
 41.33197 8.04746
 41.32502 8.03614
 41.32523 8.02563
 41.32781 8.01829
 41.33252 8.01069
 41.33647 8.00553
 41.34009 8.00162
 41.34474 7.99447
 41.34737 7.98925
 41.35109 7.98455
 41.35595 7.98090
 41.35996 7.97902
 41.37008 7.97550
 41.35425 7.95894
 41.34538 7.95979
 41.33662 7.95848
 41.32825 7.95121
 41.32231 7.93667
 41.30676 7.90936
 41.29384 7.91362
 41.27890 7.90936
 41.25562 7.89269
 41.24841 7.87980
 41.24678 7.87546
 41.20679 7.88936
 41.18258 7.89114
 41.15912 7.89605
 41.13801 7.94016
 41.10586 8.06206
 41.10374 8.09048
 41.10914 8.19022
 41.10349 8.22303
 41.08338 8.29019
 41.07243 8.29440
 41.06959 8.29783
 41.04395 8.34618
 41.04925 8.36605
 41.03967 8.39227
 41.03447 8.39328
 41.02830 8.39238
 41.02272 8.38767
 41.01623 8.38628
 41.01186 8.38961
 41.01186 8.39778
 41.02256 8.41568
 41.03362 8.42299
 41.03928 8.42765
 41.05548 8.44814
 41.04049 8.46573
 41.03494 8.47015
 41.02117 8.47676
 41.01729 8.48431
 41.01657 8.49459
 41.02225 8.50880
 41.02837 8.51710
 41.03222 8.52609
 41.03197 8.53816
 41.02372 8.55356
 41.01507 8.58549
 41.02313 8.60187
 41.01869 8.64551
 41.01670 8.65500
 41.01665 8.65520
20 10 30.0292 33.1108 15.855 17.2521 'Madeira (Portugal)'
 32.49169 16.48705
 32.53950 16.52184
 32.54853 16.53043
 32.55801 16.53677
 32.56851 16.54076
 32.58051 16.54235
 32.56721 16.52526
 32.54418 16.50666
 32.51716 16.49205
 32.49169 16.48705
21 50 30.0292 33.1108 15.855 17.2521 'Madeira (Portugal)'
 32.68667 16.78869
 32.65681 16.80639
 32.64403 16.84781
 32.64159 16.89590
 32.64720 16.97680
 32.70555 17.14297
 32.72598 17.18065
 32.75064 17.21447
 32.77912 17.24120
 32.79654 17.24991
 32.81452 17.25211
 32.82860 17.24645
 32.83438 17.23127
 32.83930 17.22496
 32.86848 17.20027
 32.87275 17.19140
 32.87417 17.18489
 32.87275 17.17756
 32.86848 17.16613
 32.86123 17.15575
 32.83906 17.13195
 32.83438 17.12169
 32.83344 17.11555
 32.82770 17.09390
 32.81415 17.06798
 32.81220 17.04117
 32.81704 17.01431
 32.82754 16.99478
 32.83324 16.97997
 32.83780 16.95788
 32.84121 16.91975
 32.83633 16.90307
 32.81745 16.87287
 32.81322 16.86075
 32.78002 16.80871
 32.77456 16.79747
 32.77228 16.78563
 32.77082 16.74747
 32.76679 16.73013
 32.75861 16.71361
 32.76463 16.70368
 32.76667 16.69302
 32.76463 16.68248
 32.75861 16.67268
 32.75487 16.68977
 32.74116 16.72509
 32.73810 16.73786
 32.73062 16.74999
 32.69611 16.78222
 32.68667 16.78869
22 20 30.0292 33.1108 15.855 17.2521 'Madeira (Portugal)'
 33.05720 16.33996
 33.04377 16.35269
 33.03437 16.36433
 33.03205 16.37829
 33.03978 16.39835
 33.04662 16.39835
 33.04735 16.38801
 33.05134 16.37987
 33.05817 16.37413
 33.09032 16.36168
 33.10594 16.34130
 33.11079 16.31713
 33.10126 16.29589
 33.10871 16.28913
 33.07941 16.28978
 33.06753 16.28600
 33.06025 16.27538
 33.06607 16.31078
 33.06582 16.32567
 33.05720 16.33996
23 5 30.0292 33.1108 15.855 17.2521 'Madeira (Portugal)'
 30.03360 16.02798
 30.03229 16.02310
 30.02924 16.02302
 30.02961 16.02725
 30.03360 16.02798
24 11 30.0292 33.1108 15.855 17.2521 'Madeira (Portugal)'
 30.15253 15.86441
 30.14692 15.85546
 30.13959 15.85497
 30.13329 15.85977
 30.13467 15.86327
 30.13618 15.87023
 30.13793 15.87475
 30.13972 15.87409
 30.14167 15.87413
 30.14354 15.87344
 30.15253 15.86441
25 19 36.9343 39.7283 25.0122 31.2849 'Azores (Portugal)'
 37.02147 25.06680
 37.01073 25.04674
 36.99238 25.02920
 36.97045 25.01692
 36.94920 25.01220
 36.93431 25.02709
 36.93724 25.06066
 36.95262 25.11901
 36.94587 25.15172
 36.94599 25.16910
 36.95604 25.17667
 36.96890 25.18322
 36.98017 25.19530
 36.99042 25.20165
 37.00043 25.19099
 37.01553 25.17032
 37.02302 25.13362
 37.02448 25.09447
 37.02147 25.06680
26 37 36.9343 39.7283 25.0122 31.2849 'Azores (Portugal)'
 37.86441 25.19782
 37.85204 25.15917
 37.82233 25.13516
 37.78620 25.13231
 37.75454 25.15685
 37.74071 25.19473
 37.72724 25.32754
 37.71743 25.37243
 37.71357 25.42032
 37.71540 25.46544
 37.71369 25.48827
 37.70673 25.50569
 37.72012 25.53270
 37.72907 25.55907
 37.74091 25.61555
 37.74405 25.70425
 37.81542 25.82506
 37.85391 25.85949
 37.90599 25.84146
 37.91157 25.76456
 37.90599 25.73908
 37.88264 25.70421
 37.87434 25.69811
 37.86253 25.69717
 37.85269 25.69420
 37.84585 25.68883
 37.84333 25.68073
 37.82966 25.55378
 37.83295 25.53889
 37.84748 25.51256
 37.85078 25.49889
 37.84805 25.48986
 37.83466 25.46886
 37.82966 25.45849
 37.83731 25.44205
 37.86180 25.33975
 37.86441 25.19782
27 31 36.9343 39.7283 25.0122 31.2849 'Azores (Portugal)'
 38.44660 28.10949
 38.44278 28.06383
 38.43256 28.04711
 38.40908 28.04060
 38.39850 28.05419
 38.39818 28.08487
 38.40717 28.16271
 38.40595 28.18521
 38.40034 28.20531
 38.37759 28.24185
 38.38255 28.25365
 38.39484 28.26293
 38.40567 28.27457
 38.41132 28.29678
 38.41352 28.43944
 38.40567 28.45954
 38.45392 28.52538
 38.48444 28.54890
 38.52855 28.54890
 38.55012 28.51867
 38.55781 28.48526
 38.55646 28.41454
 38.55048 28.37450
 38.50186 28.27457
 38.48965 28.23913
 38.48753 28.23668
 38.48444 28.22623
 38.47085 28.20629
 38.46772 28.19579
 38.46479 28.17447
 38.44660 28.10949
28 29 36.9343 39.7283 25.0122 31.2849 'Azores (Portugal)'
 38.59740 28.60973
 38.55272 28.59606
 38.55150 28.60302
 38.54059 28.63500
 38.53535 28.64395
 38.52945 28.63781
 38.52578 28.63537
 38.52363 28.63207
 38.52237 28.62340
 38.51553 28.63622
 38.51581 28.64782
 38.52237 28.67178
 38.52143 28.68395
 38.51533 28.71434
 38.51488 28.72704
 38.52350 28.74958
 38.55439 28.77538
 38.56953 28.79532
 38.59113 28.84114
 38.59943 28.84240
 38.60423 28.80895
 38.60489 28.77990
 38.60676 28.76635
 38.61172 28.75377
 38.61921 28.74511
 38.63898 28.72859
 38.64521 28.71959
 38.61400 28.63264
 38.59740 28.60973
29 42 36.9343 39.7283 25.0122 31.2849 'Azores (Portugal)'
 38.60423 27.89098
 38.58283 27.81664
 38.56708 27.77892
 38.54902 27.76061
 38.54413 27.77746
 38.54157 27.79646
 38.54279 27.83576
 38.54727 27.85220
 38.56053 27.88492
 38.56517 27.91515
 38.57030 27.93200
 38.57783 27.94860
 38.58686 27.96239
 38.59309 27.97688
 38.58942 28.00377
 38.59740 28.02074
 38.59007 28.03454
 38.59394 28.04418
 38.61172 28.06163
 38.61762 28.07437
 38.64509 28.17789
 38.65575 28.19579
 38.68211 28.21557
 38.68622 28.22305
 38.68504 28.23111
 38.68325 28.23473
 38.68285 28.23864
 38.68622 28.24722
 38.68993 28.24962
 38.69440 28.24852
 38.69819 28.24926
 38.69990 28.25719
 38.70319 28.26549
 38.73526 28.31212
 38.74209 28.31579
 38.75507 28.31554
 38.74925 28.29747
 38.73151 28.26448
 38.72773 28.25036
 38.72557 28.23253
 38.66633 28.03433
 38.60423 27.89098
30 34 36.9343 39.7283 25.0122 31.2849 'Azores (Portugal)'
 38.69367 27.02013
 38.69001 27.02575
 38.68293 27.04776
 38.67939 27.05435
 38.67133 27.05614
 38.65428 27.05175
 38.64521 27.05435
 38.64142 27.06029
 38.63101 27.08910
 38.63898 27.11417
 38.63935 27.18171
 38.65266 27.20450
 38.64130 27.21715
 38.64110 27.22838
 38.65266 27.25292
 38.65742 27.27880
 38.65888 27.30476
 38.66633 27.32763
 38.68439 27.35269
 38.70698 27.37340
 38.72773 27.38329
 38.75886 27.39171
 38.78266 27.36876
 38.79804 27.33178
 38.80353 27.29821
 38.79609 27.14428
 38.78608 27.11555
 38.76699 27.07506
 38.74445 27.04255
 38.72435 27.03751
 38.71442 27.04088
 38.70856 27.03283
 38.70283 27.02282
 38.69367 27.02013
31 20 36.9343 39.7283 25.0122 31.2849 'Azores (Portugal)'
 39.01512 27.98347
 39.01594 28.00390
 39.01911 28.02522
 39.02558 28.04516
 39.03628 28.06163
 39.05296 28.07299
 39.06761 28.07152
 39.09772 28.05484
 39.10322 28.04483
 39.10505 28.03433
 39.10322 28.02383
 39.09772 28.01382
 39.10456 28.00707
 39.08780 27.99128
 39.06647 27.95808
 39.05305 27.94221
 39.03596 27.93590
 39.02424 27.94717
 39.01732 27.96622
 39.01512 27.98347
32 29 36.9343 39.7283 25.0122 31.2849 'Azores (Portugal)'
 39.50861 31.20792
 39.50218 31.19856
 39.49665 31.18627
 39.49535 31.17272
 39.50178 31.15954
 39.48273 31.14074
 39.46552 31.13268
 39.42300 31.13158
 39.40030 31.13903
 39.37263 31.15665
 39.35562 31.17724
 39.36465 31.19367
 39.35773 31.21251
 39.35570 31.23445
 39.35810 31.25475
 39.36465 31.26879
 39.37840 31.27815
 39.39789 31.28466
 39.41616 31.28490
 39.42609 31.27562
 39.44310 31.28091
 39.45710 31.27562
 39.47207 31.26708
 39.49189 31.26256
 39.50747 31.25577
 39.51756 31.23933
 39.52241 31.21898
 39.52220 31.20051
 39.50861 31.20792
33 12 36.9343 39.7283 25.0122 31.2849 'Azores (Portugal)'
 39.72834 31.11730
 39.72272 31.08267
 39.69330 31.08023
 39.66401 31.09996
 39.65884 31.13158
 39.66535 31.13305
 39.69636 31.14892
 39.70108 31.15270
 39.71149 31.14965
 39.72089 31.14110
 39.72712 31.12938
 39.72834 31.11730
34 191 40.3206 41.216 7.30066 8.35424 'Viseu (Portugal)'
 41.17785 7.59677
 41.18276 7.55015
 41.21599 7.43228
 41.21573 7.41742
 41.20749 7.40220
 41.17464 7.37234
 41.16607 7.35967
 41.15775 7.32619
 41.15935 7.30066
 41.09468 7.32603
 41.06535 7.33500
 41.04654 7.33849
 41.01982 7.33353
 41.01300 7.34637
 41.01414 7.37053
 41.00956 7.37355
 41.00401 7.37270
 40.99246 7.36557
 40.98665 7.35704
 40.98236 7.34779
 40.97957 7.33947
 40.97344 7.33407
 40.96577 7.33218
 40.95507 7.33260
 40.93776 7.34148
 40.91564 7.37298
 40.92231 7.41104
 40.91730 7.42339
 40.89704 7.41918
 40.89125 7.41453
 40.88148 7.41156
 40.87058 7.41251
 40.83043 7.43538
 40.81955 7.44551
 40.82004 7.46161
 40.82689 7.46884
 40.83063 7.47465
 40.85833 7.50824
 40.86717 7.52297
 40.86999 7.53315
 40.87156 7.55791
 40.86722 7.56951
 40.86125 7.57726
 40.85683 7.58168
 40.82965 7.59281
 40.81379 7.60397
 40.80198 7.61547
 40.79544 7.61860
 40.78810 7.61744
 40.78020 7.60919
 40.76513 7.58390
 40.75891 7.57894
 40.75234 7.57566
 40.74501 7.57589
 40.73948 7.57806
 40.72883 7.58948
 40.71410 7.57925
 40.70299 7.55713
 40.68537 7.53990
 40.66057 7.54455
 40.64811 7.55829
 40.59277 7.58173
 40.57230 7.57770
 40.56357 7.64441
 40.55153 7.68668
 40.53357 7.71826
 40.52592 7.74769
 40.51148 7.77443
 40.50895 7.78476
 40.50543 7.81474
 40.49784 7.82463
 40.49373 7.84520
 40.48830 7.85564
 40.47841 7.86678
 40.45867 7.90075
 40.43012 7.92465
 40.42275 7.94248
 40.39898 7.98633
 40.38172 8.04049
 40.33891 8.11622
 40.34594 8.17441
 40.33971 8.21668
 40.33671 8.22102
 40.33247 8.22355
 40.32772 8.22422
 40.32335 8.22662
 40.32056 8.22934
 40.32064 8.23541
 40.32653 8.24324
 40.33247 8.25913
 40.34309 8.27486
 40.35583 8.29827
 40.36239 8.32910
 40.36847 8.33874
 40.37201 8.35021
 40.40288 8.35424
 40.43663 8.32561
 40.44503 8.32163
 40.45813 8.32088
 40.47213 8.33083
 40.47867 8.33290
 40.48435 8.33135
 40.49761 8.30809
 40.51453 8.25324
 40.52962 8.26505
 40.53577 8.27145
 40.54073 8.27820
 40.54711 8.28391
 40.56512 8.29024
 40.58698 8.30137
 40.59390 8.30199
 40.60135 8.29621
 40.60651 8.28939
 40.61897 8.24864
 40.62925 8.26548
 40.63501 8.28339
 40.63757 8.28830
 40.65090 8.29522
 40.67896 8.29621
 40.68594 8.29944
 40.69431 8.30540
 40.70594 8.31918
 40.71206 8.32367
 40.71839 8.32535
 40.72297 8.32556
 40.72718 8.32499
 40.74025 8.31559
 40.75436 8.29241
 40.77420 8.26895
 40.80733 8.24864
 40.81885 8.23965
 40.82459 8.23833
 40.85536 8.24965
 40.85769 8.21892
 40.85497 8.21099
 40.85366 8.19926
 40.85518 8.18725
 40.86190 8.16950
 40.86221 8.15777
 40.85939 8.14926
 40.85521 8.14144
 40.85234 8.13312
 40.85162 8.12399
 40.85348 8.11539
 40.86040 8.11038
 40.87208 8.10976
 40.89017 8.11826
 40.91590 8.12314
 40.92923 8.12769
 40.93598 8.12893
 40.94766 8.12583
 40.95853 8.12089
 40.99336 8.08937
 40.99851 8.08754
 40.99990 8.08720
 41.00238 8.08707
 41.00670 8.08774
 41.01026 8.09110
 41.01057 8.09813
 41.00192 8.11144
 40.99910 8.11420
 40.99556 8.11686
 40.98375 8.12389
 40.98194 8.13715
 40.98205 8.14926
 41.00941 8.22438
 41.03119 8.22396
 41.03796 8.22288
 41.04762 8.22624
 41.05383 8.22957
 41.08338 8.29019
 41.10349 8.22303
 41.10914 8.19022
 41.10374 8.09048
 41.10586 8.06206
 41.13801 7.94016
 41.15912 7.89605
 41.18444 7.84329
 41.18643 7.82344
 41.18188 7.80975
 41.16421 7.78650
 41.15707 7.77402
 41.15325 7.75699
 41.15258 7.73787
 41.15480 7.71888
 41.15940 7.70206
 41.17436 7.67330
 41.18012 7.65857
 41.18131 7.64134
 41.18131 7.63883
 41.17785 7.59677
