0 200 42.5658 45.2659 -19.6198 -15.7406 'Bosnia & Herzegovina (Bosnia & Herzegovina)'
 42.88907 -17.64985
 42.94383 -17.57853
 42.96752 -17.67530
 43.02291 -17.66764
 43.04722 -17.65445
 43.07042 -17.63666
 43.10222 -17.58945
 43.11500 -17.56528
 43.17945 -17.43472
 43.27569 -17.30375
 43.30208 -17.28764
 43.32902 -17.27819
 43.42006 -17.25785
 43.44535 -17.27069
 43.46403 -17.25472
 43.47805 -17.22333
 43.49777 -17.16027
 43.51027 -17.10666
 43.52638 -17.07139
 43.53625 -17.05305
 43.58611 -16.97639
 43.60334 -16.95583
 43.62166 -16.93750
 43.72555 -16.82972
 43.83375 -16.70958
 43.85334 -16.69903
 43.91222 -16.64639
 44.01569 -16.53347
 44.02250 -16.51042
 44.02666 -16.46361
 44.03604 -16.43000
 44.08750 -16.34680
 44.12006 -16.32305
 44.15291 -16.30583
 44.18319 -16.27264
 44.19753 -16.24367
 44.19638 -16.20680
 44.19249 -16.16611
 44.19867 -16.14548
 44.31389 -16.19195
 44.35361 -16.19805
 44.49235 -16.12986
 44.50916 -16.11541
 44.53055 -16.07416
 44.57416 -16.03334
 44.61695 -16.01055
 44.69388 -15.96166
 44.70785 -15.94222
 44.71215 -15.86319
 44.77999 -15.76375
 44.81225 -15.74059
 44.92277 -15.76916
 45.05639 -15.76500
 45.07792 -15.76514
 45.16895 -15.78576
 45.19180 -15.80680
 45.20861 -15.82875
 45.22250 -15.88250
 45.22833 -15.93083
 45.21437 -16.02243
 45.12625 -16.11277
 45.04445 -16.19722
 45.03138 -16.21500
 45.01166 -16.25597
 44.99912 -16.29176
 45.00738 -16.35266
 45.04202 -16.36640
 45.12426 -16.41780
 45.18583 -16.47639
 45.21209 -16.50541
 45.22553 -16.53109
 45.23019 -16.59592
 45.22081 -16.62966
 45.21027 -16.66277
 45.20499 -16.68278
 45.18749 -16.81847
 45.19634 -16.84443
 45.26595 -16.91393
 45.21180 -17.04257
 45.18833 -17.07111
 45.14833 -17.18277
 45.14875 -17.23708
 45.17638 -17.28250
 45.11756 -17.48590
 45.10951 -17.51955
 45.10889 -17.59638
 45.12277 -17.69000
 45.08666 -17.75805
 45.05555 -17.83277
 45.04937 -17.86035
 45.06805 -17.91250
 45.08027 -17.93305
 45.10444 -18.07027
 45.08444 -18.11798
 45.07819 -18.17305
 45.08333 -18.20153
 45.09854 -18.21527
 45.12590 -18.21785
 45.13777 -18.26083
 45.10889 -18.41916
 45.08333 -18.63416
 44.99361 -18.79500
 44.94514 -18.79735
 44.94215 -18.76979
 44.91584 -18.76805
 44.89735 -18.79111
 44.86277 -18.84674
 44.85333 -18.96277
 44.86027 -19.02972
 44.86138 -19.03972
 44.90138 -19.12111
 44.92243 -19.17535
 44.90944 -19.30486
 44.88916 -19.37139
 44.86482 -19.38220
 44.76774 -19.34522
 44.74722 -19.33611
 44.70472 -19.31361
 44.56015 -19.19398
 44.52143 -19.13083
 44.37666 -19.10555
 44.35583 -19.10445
 44.31523 -19.12899
 44.28678 -19.16091
 44.26518 -19.23744
 44.20941 -19.35795
 44.12028 -19.48584
 44.06027 -19.59695
 44.05262 -19.61856
 44.01975 -19.61978
 43.96045 -19.52579
 43.95888 -19.48527
 43.96065 -19.42853
 43.97087 -19.36613
 43.99774 -19.30893
 44.01061 -19.23945
 43.96238 -19.25122
 43.85945 -19.36695
 43.80028 -19.43750
 43.77277 -19.47527
 43.75847 -19.49014
 43.73708 -19.49958
 43.70958 -19.50764
 43.68583 -19.51055
 43.58805 -19.49389
 43.57139 -19.48055
 43.58445 -19.40861
 43.54416 -19.28750
 43.51322 -19.22881
 43.51903 -19.21778
 43.55597 -19.00916
 43.50604 -18.94985
 43.45590 -18.95715
 43.45277 -18.98277
 43.44735 -19.00500
 43.43235 -19.02527
 43.30527 -19.09292
 43.25527 -19.07555
 43.23595 -19.05957
 43.23944 -19.01666
 43.29389 -18.95505
 43.32091 -18.95813
 43.35777 -18.91557
 43.35554 -18.88083
 43.34802 -18.83934
 43.25715 -18.70277
 43.14722 -18.64584
 43.12707 -18.64826
 43.08388 -18.65812
 43.04340 -18.64705
 43.02916 -18.57972
 43.02277 -18.55222
 43.01472 -18.53000
 42.99541 -18.50305
 42.96617 -18.48174
 42.82861 -18.45541
 42.76639 -18.49084
 42.72756 -18.52382
 42.71395 -18.55785
 42.66305 -18.57638
 42.64117 -18.57208
 42.61514 -18.54333
 42.56945 -18.46389
 42.56583 -18.45555
 42.61041 -18.40472
 42.62666 -18.36250
 42.62903 -18.34097
 42.61819 -18.30708
 42.61715 -18.27465
 42.64555 -18.22695
 42.69500 -18.16055
 42.76472 -17.99055
 42.77916 -17.96000
 42.82138 -17.87972
 42.86084 -17.84535
 42.90388 -17.79750
 42.92027 -17.74445
 42.92708 -17.70653
 42.92027 -17.68611
 42.88907 -17.64985
