0 413 48.7442 49.6018 -20.0541 -18.3616 'Žilinský (Slovakia)'
 49.60178 -19.44339
 49.60036 -19.44887
 49.59806 -19.45734
 49.57873 -19.47419
 49.57351 -19.48174
 49.56338 -19.50520
 49.54328 -19.51729
 49.49285 -19.53548
 49.46101 -19.55160
 49.45388 -19.55677
 49.44525 -19.57393
 49.44158 -19.59480
 49.44132 -19.63480
 49.43502 -19.63015
 49.42959 -19.62860
 49.41394 -19.62922
 49.40217 -19.62710
 49.40187 -19.62704
 49.38908 -19.68451
 49.38753 -19.70632
 49.38887 -19.72658
 49.39766 -19.76006
 49.39321 -19.76906
 49.39311 -19.76926
 49.37420 -19.77856
 49.35756 -19.78363
 49.30919 -19.78952
 49.30511 -19.78797
 49.29761 -19.78032
 49.29345 -19.77971
 49.29337 -19.77970
 49.29002 -19.78322
 49.28340 -19.79686
 49.28335 -19.79696
 49.28108 -19.79856
 49.28071 -19.79882
 49.27549 -19.80642
 49.27524 -19.80678
 49.27090 -19.80864
 49.26526 -19.80626
 49.26304 -19.80048
 49.26185 -19.79407
 49.25947 -19.78962
 49.21906 -19.75180
 49.20596 -19.74779
 49.20589 -19.74777
 49.19421 -19.76068
 49.18816 -19.78590
 49.18589 -19.83200
 49.19126 -19.85422
 49.20079 -19.86829
 49.19767 -19.86936
 49.17421 -19.89050
 49.16620 -19.89546
 49.15684 -19.89918
 49.14452 -19.89964
 49.13814 -19.90088
 49.13261 -19.90553
 49.13129 -19.90879
 49.13176 -19.91158
 49.13362 -19.91344
 49.13612 -19.91685
 49.13767 -19.92073
 49.13824 -19.92801
 49.13736 -19.93427
 49.13393 -19.94031
 49.12850 -19.94527
 49.11853 -19.95148
 49.11494 -19.95535
 49.11406 -19.95845
 49.11581 -19.96109
 49.11664 -19.96357
 49.11561 -19.96651
 49.11183 -19.96961
 49.10920 -19.97271
 49.10739 -19.97597
 49.10739 -19.97985
 49.10972 -19.99943
 49.11388 -20.01307
 49.11499 -20.01834
 49.11530 -20.02362
 49.11111 -20.02641
 49.10331 -20.02718
 49.07385 -20.02098
 49.06279 -20.02067
 49.05445 -20.01943
 49.04011 -20.01462
 49.02750 -20.01369
 49.02143 -20.01183
 49.01879 -20.00811
 49.01833 -20.00145
 49.01492 -19.99059
 49.01476 -19.98517
 49.01538 -19.97799
 49.01476 -19.97473
 49.01225 -19.97364
 49.00804 -19.97457
 48.97866 -20.00873
 48.97479 -20.01478
 48.97071 -20.01958
 48.96595 -20.02284
 48.95727 -20.02424
 48.94737 -20.02827
 48.94347 -20.03044
 48.94079 -20.03261
 48.93862 -20.03571
 48.93737 -20.04067
 48.93598 -20.05173
 48.93368 -20.05405
 48.92957 -20.05188
 48.92208 -20.04098
 48.91660 -20.03028
 48.90658 -19.99618
 48.91314 -19.98310
 48.91350 -19.97876
 48.91340 -19.97333
 48.90776 -19.95582
 48.90699 -19.94388
 48.90642 -19.94124
 48.90782 -19.84549
 48.91298 -19.81743
 48.91314 -19.80807
 48.90435 -19.76234
 48.89991 -19.75035
 48.89986 -19.74663
 48.90087 -19.74275
 48.90412 -19.73764
 48.90637 -19.73500
 48.90828 -19.73206
 48.90947 -19.72834
 48.91118 -19.71841
 48.91254 -19.71469
 48.91660 -19.70922
 48.92048 -19.70162
 48.93619 -19.63739
 48.94239 -19.56152
 48.92353 -19.39363
 48.89634 -19.36024
 48.88828 -19.33916
 48.87903 -19.32846
 48.87526 -19.32676
 48.86890 -19.32536
 48.86689 -19.32443
 48.86523 -19.32304
 48.86358 -19.32102
 48.86100 -19.31575
 48.85981 -19.31027
 48.85562 -19.26950
 48.85573 -19.26640
 48.85637 -19.26454
 48.86053 -19.26687
 48.86177 -19.26795
 48.86224 -19.26935
 48.86255 -19.27291
 48.86306 -19.27400
 48.86549 -19.27431
 48.86921 -19.27384
 48.87720 -19.27214
 48.88084 -19.27012
 48.88306 -19.26780
 48.88410 -19.26470
 48.88529 -19.26299
 48.88885 -19.26144
 48.89050 -19.26004
 48.89061 -19.25209
 48.87490 -19.08672
 48.87671 -19.03923
 48.85903 -19.02771
 48.85655 -19.02476
 48.85325 -19.01996
 48.84777 -19.00337
 48.84539 -19.00120
 48.84203 -19.00135
 48.82968 -19.00678
 48.82384 -19.00771
 48.81960 -19.00678
 48.81575 -19.00290
 48.81345 -18.99996
 48.81041 -18.99872
 48.80596 -18.99965
 48.79888 -19.00538
 48.79087 -19.01872
 48.78953 -19.02011
 48.78632 -19.02073
 48.78142 -19.02027
 48.76966 -19.01701
 48.76359 -19.01468
 48.74695 -19.00104
 48.75025 -18.91598
 48.75289 -18.89908
 48.75426 -18.89862
 48.75702 -18.89629
 48.75826 -18.89443
 48.75945 -18.89319
 48.76105 -18.89180
 48.76307 -18.89102
 48.76509 -18.88978
 48.76664 -18.88808
 48.76405 -18.87583
 48.74416 -18.83299
 48.75372 -18.83035
 48.75687 -18.82741
 48.78511 -18.79325
 48.79191 -18.78658
 48.79697 -18.78302
 48.80405 -18.78007
 48.80736 -18.77961
 48.80984 -18.78023
 48.81170 -18.78255
 48.81260 -18.78224
 48.81420 -18.77930
 48.81645 -18.77341
 48.82645 -18.75759
 48.82728 -18.75341
 48.82803 -18.75093
 48.82963 -18.74731
 48.83053 -18.74468
 48.83144 -18.74002
 48.83208 -18.73770
 48.83325 -18.73506
 48.84686 -18.71243
 48.85061 -18.70824
 48.85381 -18.70607
 48.85950 -18.70592
 48.86583 -18.70731
 48.86828 -18.70762
 48.87071 -18.70731
 48.87531 -18.70592
 48.87813 -18.70592
 48.88074 -18.70654
 48.88671 -18.70933
 48.89071 -18.70964
 48.89578 -18.70917
 48.91102 -18.70344
 48.91484 -18.70313
 48.91704 -18.70452
 48.91980 -18.70731
 48.92198 -18.70871
 48.92404 -18.70964
 48.92570 -18.71010
 48.92694 -18.71088
 48.92792 -18.71243
 48.92872 -18.71444
 48.92988 -18.71646
 48.93169 -18.71910
 48.93360 -18.72096
 48.93660 -18.72592
 48.95378 -18.70592
 48.95567 -18.70204
 48.95781 -18.69646
 48.95905 -18.67734
 48.96611 -18.63574
 48.95980 -18.60350
 48.95998 -18.59373
 48.96184 -18.59187
 48.97003 -18.58567
 48.97151 -18.58319
 48.97151 -18.58081
 48.96223 -18.56779
 48.96068 -18.56624
 48.95898 -18.56562
 48.95719 -18.56531
 48.95378 -18.56174
 48.94957 -18.55492
 48.93924 -18.52820
 48.93815 -18.52076
 48.93862 -18.51689
 48.94166 -18.50293
 48.94394 -18.48479
 48.94823 -18.47627
 48.95626 -18.47064
 48.96766 -18.49999
 48.96993 -18.50402
 48.97386 -18.50975
 48.98458 -18.51921
 48.98830 -18.52510
 48.99086 -18.53130
 48.99649 -18.56143
 49.00145 -18.57073
 49.01050 -18.58226
 49.02295 -18.59543
 49.02967 -18.60055
 49.03530 -18.60272
 49.04858 -18.59977
 49.05065 -18.59993
 49.05272 -18.60086
 49.05551 -18.60257
 49.05711 -18.60303
 49.05861 -18.60288
 49.05990 -18.60226
 49.06140 -18.60210
 49.06310 -18.60241
 49.06713 -18.60396
 49.06894 -18.60427
 49.07049 -18.60396
 49.07179 -18.60272
 49.07308 -18.60101
 49.07390 -18.59931
 49.07530 -18.59543
 49.07618 -18.59404
 49.07731 -18.59280
 49.08186 -18.59016
 49.08341 -18.58846
 49.08512 -18.58629
 49.08646 -18.58391
 49.08739 -18.58195
 49.09021 -18.56763
 49.09021 -18.56360
 49.09054 -18.56190
 49.09251 -18.56050
 49.09612 -18.56422
 49.11468 -18.59109
 49.12711 -18.57910
 49.12935 -18.57802
 49.13333 -18.57709
 49.13721 -18.57771
 49.14449 -18.57724
 49.14938 -18.57430
 49.15684 -18.56624
 49.15984 -18.56128
 49.16757 -18.54252
 49.16850 -18.53694
 49.16956 -18.53306
 49.17144 -18.52882
 49.17886 -18.51673
 49.18036 -18.51347
 49.18080 -18.51099
 49.18080 -18.50758
 49.18108 -18.50603
 49.19152 -18.48200
 49.19511 -18.47642
 49.19999 -18.47095
 49.21501 -18.45839
 49.21725 -18.45684
 49.21818 -18.45699
 49.21986 -18.45653
 49.22201 -18.45544
 49.22824 -18.45048
 49.23010 -18.44971
 49.23131 -18.44986
 49.23387 -18.45141
 49.23534 -18.45188
 49.23787 -18.45064
 49.24131 -18.44816
 49.30846 -18.38656
 49.31025 -18.38547
 49.31229 -18.38485
 49.31410 -18.38454
 49.32185 -18.38423
 49.32567 -18.36625
 49.33019 -18.36159
 49.34226 -18.38516
 49.37762 -18.38701
 49.38975 -18.38764
 49.38546 -18.41679
 49.39507 -18.43922
 49.42908 -18.48180
 49.44060 -18.51466
 49.44608 -18.52293
 49.45486 -18.52800
 49.47347 -18.53048
 49.48168 -18.53564
 49.49016 -18.55621
 49.48597 -18.60045
 49.49579 -18.62897
 49.49672 -18.63590
 49.49579 -18.64282
 49.48504 -18.67558
 49.47925 -18.70452
 49.48029 -18.73253
 49.50489 -18.77356
 49.50954 -18.79227
 49.51026 -18.83320
 49.50432 -18.93221
 49.49279 -18.96115
 49.47595 -18.95236
 49.46168 -18.95340
 49.44815 -18.95825
 49.43331 -18.96084
 49.40045 -18.95670
 49.38918 -18.96228
 49.38681 -18.98182
 49.38810 -19.00714
 49.40277 -19.04579
 49.40613 -19.06760
 49.40407 -19.07680
 49.39461 -19.09664
 49.39140 -19.10625
 49.39094 -19.11659
 49.39420 -19.14170
 49.40226 -19.17250
 49.41027 -19.17974
 49.42272 -19.18232
 49.44220 -19.18935
 49.44262 -19.19224
 49.44282 -19.20454
 49.44499 -19.20899
 49.45166 -19.21136
 49.45641 -19.20940
 49.45941 -19.20620
 49.46055 -19.20444
 49.49300 -19.22046
 49.50721 -19.23410
 49.51626 -19.24867
 49.52147 -19.26500
 49.52416 -19.28423
 49.52395 -19.31503
 49.52504 -19.32536
 49.52876 -19.33952
 49.53300 -19.34707
 49.59517 -19.43378
 49.60013 -19.43760
 49.60178 -19.44339
1 517 48.7601 49.4494 -22.5396 -19.8683 'Prešov (Slovakia)'
 49.44944 -21.26054
 49.44727 -21.27439
 49.42779 -21.33041
 49.40980 -21.42787
 49.40991 -21.44441
 49.41523 -21.48151
 49.41239 -21.49619
 49.41721 -21.51442
 49.42122 -21.52957
 49.42649 -21.60119
 49.42334 -21.61990
 49.41890 -21.63003
 49.40706 -21.64863
 49.40246 -21.65876
 49.40179 -21.66630
 49.40407 -21.68181
 49.40215 -21.69173
 49.39089 -21.70858
 49.35709 -21.74217
 49.34893 -21.75757
 49.35347 -21.76800
 49.36448 -21.78216
 49.37482 -21.79942
 49.37725 -21.81958
 49.37042 -21.83787
 49.34836 -21.87456
 49.33079 -21.92841
 49.30857 -21.96448
 49.27818 -21.99321
 49.24289 -22.00582
 49.21105 -22.01243
 49.19746 -22.04075
 49.18863 -22.11155
 49.17488 -22.14411
 49.17152 -22.15568
 49.17111 -22.16571
 49.17302 -22.18968
 49.17199 -22.19795
 49.16398 -22.20891
 49.15695 -22.20901
 49.15049 -22.20622
 49.14418 -22.20849
 49.14000 -22.21594
 49.13059 -22.26286
 49.13199 -22.31815
 49.12646 -22.33944
 49.09303 -22.39009
 49.08564 -22.42678
 49.08341 -22.50501
 49.07220 -22.53964
 49.05571 -22.53199
 49.03287 -22.52475
 49.00983 -22.52010
 48.99293 -22.52052
 48.98425 -22.50501
 48.98053 -22.46657
 48.97143 -22.44900
 48.92947 -22.42729
 48.91169 -22.41489
 48.90678 -22.41365
 48.89386 -22.41375
 48.88777 -22.41179
 48.87883 -22.40238
 48.86544 -22.37841
 48.85825 -22.37080
 48.85836 -22.37014
 48.86627 -22.32420
 48.86601 -22.31924
 48.86100 -22.29350
 48.85976 -22.26058
 48.86100 -22.25547
 48.86332 -22.25190
 48.86839 -22.25082
 48.87487 -22.25020
 48.89893 -22.23485
 48.90366 -22.23299
 48.90735 -22.23278
 48.91128 -22.23175
 48.91510 -22.22844
 48.92172 -22.21108
 48.92146 -22.18395
 48.88782 -22.14669
 48.88182 -22.12545
 48.87996 -22.12266
 48.87733 -22.11920
 48.87516 -22.11878
 48.87286 -22.11889
 48.87040 -22.11971
 48.86120 -22.12375
 48.85167 -22.12654
 48.84699 -22.12700
 48.84389 -22.12576
 48.84296 -22.12375
 48.84237 -22.12013
 48.84152 -22.06256
 48.83829 -22.03264
 48.83862 -22.01404
 48.84221 -21.99290
 48.86038 -21.94732
 48.86399 -21.94122
 48.86549 -21.94153
 48.86720 -21.93905
 48.86942 -21.93363
 48.87381 -21.91999
 48.89454 -21.82330
 48.89526 -21.78563
 48.86989 -21.78454
 48.86803 -21.78516
 48.86611 -21.78609
 48.86322 -21.78671
 48.85004 -21.78671
 48.84624 -21.78733
 48.83588 -21.79152
 48.83387 -21.79214
 48.82759 -21.79152
 48.82503 -21.79198
 48.82203 -21.79338
 48.81325 -21.79896
 48.80919 -21.80051
 48.80555 -21.80066
 48.80121 -21.79911
 48.79578 -21.79601
 48.79278 -21.79198
 48.79056 -21.78640
 48.78638 -21.76744
 48.77656 -21.75100
 48.77374 -21.72821
 48.77160 -21.72150
 48.77025 -21.72057
 48.76689 -21.71917
 48.76532 -21.71762
 48.76385 -21.71498
 48.76237 -21.71095
 48.76105 -21.70537
 48.76012 -21.69747
 48.76082 -21.68785
 48.76317 -21.67700
 48.77237 -21.65819
 48.77434 -21.65106
 48.77490 -21.64284
 48.77436 -21.62533
 48.77744 -21.59954
 48.79382 -21.53670
 48.82849 -21.50771
 48.83320 -21.50301
 48.84082 -21.49732
 48.84694 -21.49417
 48.85699 -21.49293
 48.86188 -21.49185
 48.88107 -21.48006
 48.87642 -21.46596
 48.87474 -21.46348
 48.87270 -21.45882
 48.87133 -21.45076
 48.87208 -21.44317
 48.87640 -21.43025
 48.87996 -21.42591
 48.88317 -21.42327
 48.88565 -21.42281
 48.88808 -21.42157
 48.88818 -21.41986
 48.88624 -21.41769
 48.87867 -21.41661
 48.87469 -21.41537
 48.87270 -21.41366
 48.87324 -21.41102
 48.87629 -21.40699
 48.88027 -21.39986
 48.88105 -21.39614
 48.88094 -21.39128
 48.87888 -21.38198
 48.87720 -21.37842
 48.87536 -21.37718
 48.87133 -21.38043
 48.86896 -21.38167
 48.86580 -21.38198
 48.85288 -21.37950
 48.84570 -21.37656
 48.84144 -21.37361
 48.83919 -21.37020
 48.83795 -21.36648
 48.83733 -21.36322
 48.83624 -21.34726
 48.83309 -21.33547
 48.83258 -21.33093
 48.83263 -21.31651
 48.83208 -21.31139
 48.83100 -21.30752
 48.82922 -21.30519
 48.82730 -21.30364
 48.82513 -21.30287
 48.82304 -21.30302
 48.82103 -21.30395
 48.81948 -21.30550
 48.81692 -21.31031
 48.81575 -21.31186
 48.81501 -21.31201
 48.81405 -21.31108
 48.81327 -21.30829
 48.81232 -21.29496
 48.81320 -21.28287
 48.81687 -21.27196
 48.82782 -21.25367
 48.83940 -21.24282
 48.84190 -21.24235
 48.84389 -21.24220
 48.84609 -21.24313
 48.84823 -21.24514
 48.85291 -21.25088
 48.85495 -21.25243
 48.85676 -21.25444
 48.86058 -21.26049
 48.86213 -21.26189
 48.86363 -21.26220
 48.86704 -21.26049
 48.86880 -21.26003
 48.87007 -21.25863
 48.87045 -21.25584
 48.86870 -21.24964
 48.86849 -21.24406
 48.86942 -21.23910
 48.87286 -21.23228
 48.87495 -21.22530
 48.87510 -21.21564
 48.87867 -21.20106
 48.87604 -21.18060
 48.87774 -21.17471
 48.88306 -21.16587
 48.88671 -21.16101
 48.88957 -21.15791
 48.89167 -21.15605
 48.89361 -21.15326
 48.89541 -21.14954
 48.89733 -21.14458
 48.89885 -21.14148
 48.89965 -21.13776
 48.89986 -21.13295
 48.89598 -21.11466
 48.89585 -21.10996
 48.89748 -21.09073
 48.90596 -21.05270
 48.90490 -21.03890
 48.90428 -21.03611
 48.90373 -21.03224
 48.90466 -21.02836
 48.90709 -21.02433
 48.91285 -21.01859
 48.91608 -21.01658
 48.91846 -21.01549
 48.92012 -21.01534
 48.92285 -21.01255
 48.93334 -20.99596
 48.93779 -20.99141
 48.94244 -20.98924
 48.94518 -20.98955
 48.94750 -20.98955
 48.95001 -20.98909
 48.95526 -20.98645
 48.95665 -20.98257
 48.95712 -20.97668
 48.95577 -20.96304
 48.95443 -20.95731
 48.95314 -20.95389
 48.95190 -20.95312
 48.95066 -20.95172
 48.95122 -20.94723
 48.96339 -20.91912
 48.96549 -20.89834
 48.97696 -20.87829
 48.97246 -20.84667
 48.97277 -20.84202
 48.97386 -20.83566
 48.97737 -20.82419
 48.97990 -20.82103
 48.98239 -20.82088
 48.98528 -20.82491
 48.98724 -20.82398
 48.98923 -20.81871
 48.99164 -20.80305
 48.99866 -20.77933
 49.00047 -20.76817
 49.00006 -20.76533
 48.99732 -20.76424
 48.99533 -20.76502
 48.99184 -20.76750
 48.98941 -20.76781
 48.98647 -20.76734
 48.98254 -20.76610
 48.98006 -20.76564
 48.97825 -20.76564
 48.97717 -20.76672
 48.97613 -20.76848
 48.97381 -20.77344
 48.97262 -20.77530
 48.97153 -20.77499
 48.97071 -20.77323
 48.96980 -20.76982
 48.97675 -20.70714
 48.97598 -20.68885
 48.97474 -20.68249
 48.97339 -20.67830
 48.97205 -20.67722
 48.97055 -20.67706
 48.96895 -20.67768
 48.96502 -20.68047
 48.96373 -20.68094
 48.96275 -20.68032
 48.95908 -20.67520
 48.95750 -20.67241
 48.95582 -20.66838
 48.95267 -20.65800
 48.95169 -20.64554
 48.95226 -20.63391
 48.95407 -20.62771
 48.96750 -20.61547
 48.96998 -20.61361
 48.97164 -20.60849
 48.97293 -20.60022
 48.97443 -20.57929
 48.98378 -20.55526
 48.99719 -20.52886
 49.00047 -20.52358
 49.00342 -20.52141
 49.01057 -20.52374
 49.01329 -20.52296
 49.01458 -20.51785
 49.01365 -20.51320
 49.00833 -20.50529
 49.00494 -20.50250
 49.00176 -20.50126
 48.99567 -20.50638
 48.99391 -20.50669
 48.99257 -20.50312
 48.98719 -20.47950
 48.98626 -20.47671
 48.98474 -20.47625
 48.98257 -20.47656
 48.97753 -20.47826
 48.97489 -20.47997
 48.97319 -20.48183
 48.97228 -20.48354
 48.97148 -20.48462
 48.97040 -20.48509
 48.97122 -20.48323
 48.97396 -20.47950
 48.98874 -20.46385
 48.99892 -20.44121
 49.00001 -20.43403
 49.00125 -20.43300
 49.00269 -20.43046
 49.00337 -20.42798
 49.00202 -20.42395
 48.99215 -20.40845
 48.99040 -20.40380
 48.99008 -20.40054
 48.99094 -20.39837
 48.99078 -20.39574
 48.98970 -20.39310
 48.98580 -20.38613
 48.97303 -20.34236
 48.96730 -20.32918
 48.96394 -20.32406
 48.95221 -20.31145
 48.94492 -20.29967
 48.94280 -20.29921
 48.94068 -20.30200
 48.93949 -20.31362
 48.93670 -20.32670
 48.92448 -20.34127
 48.91190 -20.31161
 48.90813 -20.30603
 48.90149 -20.29921
 48.88208 -20.28742
 48.87278 -20.27270
 48.88857 -20.23187
 48.89242 -20.22458
 48.89433 -20.21916
 48.89857 -20.19957
 48.90482 -20.18128
 48.90474 -20.17461
 48.89567 -20.15911
 48.89474 -20.14015
 48.90658 -19.99618
 48.91660 -20.03028
 48.92208 -20.04098
 48.92957 -20.05188
 48.93368 -20.05405
 48.93598 -20.05173
 48.93737 -20.04067
 48.93862 -20.03571
 48.94079 -20.03261
 48.94347 -20.03044
 48.94737 -20.02827
 48.95727 -20.02424
 48.96595 -20.02284
 48.97071 -20.01958
 48.97479 -20.01478
 48.97866 -20.00873
 49.00804 -19.97457
 49.01225 -19.97364
 49.01476 -19.97473
 49.01538 -19.97799
 49.01476 -19.98517
 49.01492 -19.99059
 49.01833 -20.00145
 49.01879 -20.00811
 49.02143 -20.01183
 49.02750 -20.01369
 49.04011 -20.01462
 49.05445 -20.01943
 49.06279 -20.02067
 49.07385 -20.02098
 49.10331 -20.02718
 49.11111 -20.02641
 49.11530 -20.02362
 49.11499 -20.01834
 49.11388 -20.01307
 49.10972 -19.99943
 49.10739 -19.97985
 49.10739 -19.97597
 49.10920 -19.97271
 49.11183 -19.96961
 49.11561 -19.96651
 49.11664 -19.96357
 49.11581 -19.96109
 49.11406 -19.95845
 49.11494 -19.95535
 49.11853 -19.95148
 49.12850 -19.94527
 49.13393 -19.94031
 49.13736 -19.93427
 49.13824 -19.92801
 49.13767 -19.92073
 49.13612 -19.91685
 49.13362 -19.91344
 49.13176 -19.91158
 49.13129 -19.90879
 49.13261 -19.90553
 49.13814 -19.90088
 49.14452 -19.89964
 49.15684 -19.89918
 49.16620 -19.89546
 49.17421 -19.89050
 49.19767 -19.86936
 49.20079 -19.86829
 49.21400 -19.88781
 49.22278 -19.90590
 49.22511 -19.93794
 49.21565 -19.96574
 49.18387 -20.01731
 49.17323 -20.05049
 49.18310 -20.07002
 49.20811 -20.08036
 49.24304 -20.08604
 49.25286 -20.09844
 49.26397 -20.10537
 49.27586 -20.11105
 49.30392 -20.13017
 49.30888 -20.13586
 49.30733 -20.13834
 49.30562 -20.16035
 49.31162 -20.17017
 49.32862 -20.19198
 49.33420 -20.20717
 49.33864 -20.28437
 49.34309 -20.28933
 49.35694 -20.29647
 49.37120 -20.30163
 49.38040 -20.30370
 49.38660 -20.30742
 49.39161 -20.31765
 49.39177 -20.32954
 49.38169 -20.37047
 49.38298 -20.42214
 49.40019 -20.42194
 49.40252 -20.43754
 49.37435 -20.52209
 49.37084 -20.54400
 49.37637 -20.56766
 49.38340 -20.57914
 49.39626 -20.59505
 49.40003 -20.60528
 49.40045 -20.61448
 49.39833 -20.63608
 49.40231 -20.67391
 49.40050 -20.68952
 49.33120 -20.77830
 49.32366 -20.79411
 49.32138 -20.81654
 49.32206 -20.83359
 49.32050 -20.84930
 49.31141 -20.86801
 49.30030 -20.88434
 49.29260 -20.90056
 49.29033 -20.91896
 49.29586 -20.94242
 49.30810 -20.96402
 49.33937 -20.99668
 49.35244 -21.01725
 49.35461 -21.03296
 49.35477 -21.05404
 49.35720 -21.07254
 49.36634 -21.08071
 49.38143 -21.06851
 49.39058 -21.04546
 49.39967 -21.03327
 49.41445 -21.05353
 49.41921 -21.06882
 49.42458 -21.10944
 49.42365 -21.12494
 49.41554 -21.14303
 49.40515 -21.15729
 49.39828 -21.17259
 49.40060 -21.19409
 49.41109 -21.21124
 49.44127 -21.24245
 49.44944 -21.26054
2 483 48.3338 49.0146 -22.3708 -20.1805 'Košický (Slovakia)'
 48.85825 -22.37080
 48.85645 -22.36890
 48.84425 -22.36228
 48.83645 -22.36156
 48.82829 -22.36352
 48.79439 -22.36569
 48.78762 -22.36342
 48.77615 -22.35650
 48.76788 -22.34781
 48.76297 -22.33841
 48.75640 -22.33076
 48.74302 -22.32766
 48.72158 -22.32890
 48.70034 -22.32249
 48.68168 -22.31030
 48.66762 -22.29428
 48.66241 -22.28218
 48.65677 -22.25552
 48.65119 -22.24322
 48.64416 -22.23568
 48.62822 -22.22524
 48.62094 -22.21904
 48.58587 -22.15372
 48.56959 -22.13873
 48.54934 -22.13666
 48.50882 -22.14834
 48.49311 -22.14483
 48.47684 -22.13377
 48.40480 -22.13284
 48.38865 -22.11393
 48.37943 -22.09646
 48.37581 -22.07786
 48.37974 -22.01801
 48.37896 -21.99993
 48.37472 -21.98153
 48.37291 -21.92934
 48.36909 -21.91477
 48.35746 -21.88428
 48.35317 -21.84118
 48.33553 -21.78940
 48.33377 -21.75901
 48.34090 -21.72770
 48.35395 -21.70124
 48.37235 -21.67757
 48.42965 -21.62155
 48.44035 -21.61339
 48.48164 -21.60037
 48.49301 -21.59168
 48.49557 -21.57463
 48.49523 -21.53773
 48.50009 -21.52182
 48.50712 -21.51510
 48.52650 -21.50600
 48.53507 -21.49939
 48.54027 -21.49081
 48.54500 -21.47273
 48.55833 -21.43914
 48.56127 -21.42456
 48.55035 -21.37268
 48.54985 -21.33857
 48.54758 -21.32183
 48.53991 -21.30230
 48.53058 -21.29392
 48.51993 -21.28824
 48.50872 -21.27656
 48.50319 -21.26178
 48.50650 -21.25041
 48.51345 -21.23801
 48.51872 -21.21992
 48.51371 -21.18675
 48.48911 -21.10934
 48.49301 -21.08401
 48.50624 -21.06386
 48.51464 -21.03596
 48.51815 -21.00650
 48.51686 -20.98149
 48.51898 -20.94583
 48.54110 -20.89137
 48.54332 -20.85995
 48.54582 -20.84548
 48.56381 -20.81581
 48.56923 -20.80031
 48.56905 -20.78408
 48.53657 -20.57252
 48.53378 -20.51051
 48.52608 -20.48167
 48.51854 -20.48054
 48.51022 -20.48023
 48.49288 -20.48219
 48.48937 -20.48281
 48.48583 -20.48291
 48.48226 -20.48250
 48.47875 -20.48167
 48.46539 -20.46824
 48.46379 -20.46597
 48.46407 -20.46540
 48.47229 -20.44865
 48.47216 -20.42674
 48.47043 -20.41946
 48.46397 -20.40209
 48.46363 -20.39388
 48.46505 -20.37822
 48.46268 -20.33600
 48.46309 -20.33150
 48.46423 -20.33119
 48.46580 -20.33197
 48.46751 -20.33321
 48.46939 -20.33507
 48.47100 -20.33584
 48.47296 -20.33352
 48.48014 -20.31595
 48.48337 -20.31114
 48.48655 -20.30866
 48.48911 -20.30897
 48.49164 -20.30975
 48.49451 -20.30959
 48.49725 -20.30851
 48.50190 -20.30510
 48.50541 -20.30386
 48.50949 -20.30355
 48.51585 -20.30541
 48.52071 -20.30804
 48.52567 -20.31176
 48.53130 -20.31734
 48.53538 -20.32003
 48.55905 -20.32732
 48.56468 -20.32995
 48.56835 -20.33228
 48.57158 -20.33491
 48.57404 -20.33755
 48.57636 -20.33941
 48.57954 -20.34096
 48.59254 -20.34484
 48.59936 -20.34763
 48.60096 -20.34716
 48.60207 -20.34499
 48.60437 -20.33615
 48.60742 -20.32778
 48.60817 -20.32437
 48.60918 -20.31347
 48.61062 -20.30634
 48.61373 -20.29735
 48.61605 -20.29362
 48.61791 -20.29192
 48.62019 -20.29176
 48.62225 -20.29223
 48.62406 -20.29316
 48.62587 -20.29409
 48.64427 -20.28727
 48.68439 -20.26649
 48.69176 -20.26102
 48.71989 -20.20965
 48.72080 -20.20738
 48.72235 -20.19616
 48.72741 -20.18826
 48.73351 -20.18438
 48.74535 -20.18082
 48.75129 -20.18050
 48.75573 -20.18128
 48.75832 -20.18361
 48.76111 -20.18702
 48.76441 -20.19229
 48.76839 -20.19709
 48.77273 -20.20128
 48.77795 -20.20081
 48.78782 -20.19787
 48.79565 -20.19802
 48.80532 -20.19864
 48.80780 -20.19926
 48.81087 -20.19957
 48.81575 -20.19864
 48.82157 -20.20298
 48.86818 -20.25001
 48.87278 -20.27270
 48.88208 -20.28742
 48.90149 -20.29921
 48.90813 -20.30603
 48.91190 -20.31161
 48.92448 -20.34127
 48.93670 -20.32670
 48.93949 -20.31362
 48.94068 -20.30200
 48.94280 -20.29921
 48.94492 -20.29967
 48.95221 -20.31145
 48.96394 -20.32406
 48.96730 -20.32918
 48.97303 -20.34236
 48.98580 -20.38613
 48.98970 -20.39310
 48.99078 -20.39574
 48.99094 -20.39837
 48.99008 -20.40054
 48.99040 -20.40380
 48.99215 -20.40845
 49.00202 -20.42395
 49.00337 -20.42798
 49.00269 -20.43046
 49.00125 -20.43300
 49.00001 -20.43403
 48.99892 -20.44121
 48.98874 -20.46385
 48.97396 -20.47950
 48.97122 -20.48323
 48.97040 -20.48509
 48.97148 -20.48462
 48.97228 -20.48354
 48.97319 -20.48183
 48.97489 -20.47997
 48.97753 -20.47826
 48.98257 -20.47656
 48.98474 -20.47625
 48.98626 -20.47671
 48.98719 -20.47950
 48.99257 -20.50312
 48.99391 -20.50669
 48.99567 -20.50638
 49.00176 -20.50126
 49.00494 -20.50250
 49.00833 -20.50529
 49.01365 -20.51320
 49.01458 -20.51785
 49.01329 -20.52296
 49.01057 -20.52374
 49.00342 -20.52141
 49.00047 -20.52358
 48.99719 -20.52886
 48.98378 -20.55526
 48.97443 -20.57929
 48.97293 -20.60022
 48.97164 -20.60849
 48.96998 -20.61361
 48.96750 -20.61547
 48.95407 -20.62771
 48.95226 -20.63391
 48.95169 -20.64554
 48.95267 -20.65800
 48.95582 -20.66838
 48.95750 -20.67241
 48.95908 -20.67520
 48.96275 -20.68032
 48.96373 -20.68094
 48.96502 -20.68047
 48.96895 -20.67768
 48.97055 -20.67706
 48.97205 -20.67722
 48.97339 -20.67830
 48.97474 -20.68249
 48.97598 -20.68885
 48.97675 -20.70714
 48.96980 -20.76982
 48.97071 -20.77323
 48.97153 -20.77499
 48.97262 -20.77530
 48.97381 -20.77344
 48.97613 -20.76848
 48.97717 -20.76672
 48.97825 -20.76564
 48.98006 -20.76564
 48.98254 -20.76610
 48.98647 -20.76734
 48.98941 -20.76781
 48.99184 -20.76750
 48.99533 -20.76502
 48.99732 -20.76424
 49.00006 -20.76533
 49.00047 -20.76817
 48.99866 -20.77933
 48.99164 -20.80305
 48.98923 -20.81871
 48.98724 -20.82398
 48.98528 -20.82491
 48.98239 -20.82088
 48.97990 -20.82103
 48.97737 -20.82419
 48.97386 -20.83566
 48.97277 -20.84202
 48.97246 -20.84667
 48.97696 -20.87829
 48.96549 -20.89834
 48.96339 -20.91912
 48.95122 -20.94723
 48.95066 -20.95172
 48.95190 -20.95312
 48.95314 -20.95389
 48.95443 -20.95731
 48.95577 -20.96304
 48.95712 -20.97668
 48.95665 -20.98257
 48.95526 -20.98645
 48.95001 -20.98909
 48.94750 -20.98955
 48.94518 -20.98955
 48.94244 -20.98924
 48.93779 -20.99141
 48.93334 -20.99596
 48.92285 -21.01255
 48.92012 -21.01534
 48.91846 -21.01549
 48.91608 -21.01658
 48.91285 -21.01859
 48.90709 -21.02433
 48.90466 -21.02836
 48.90373 -21.03224
 48.90428 -21.03611
 48.90490 -21.03890
 48.90596 -21.05270
 48.89748 -21.09073
 48.89585 -21.10996
 48.89598 -21.11466
 48.89986 -21.13295
 48.89965 -21.13776
 48.89885 -21.14148
 48.89733 -21.14458
 48.89541 -21.14954
 48.89361 -21.15326
 48.89167 -21.15605
 48.88957 -21.15791
 48.88671 -21.16101
 48.88306 -21.16587
 48.87774 -21.17471
 48.87604 -21.18060
 48.87867 -21.20106
 48.87510 -21.21564
 48.87495 -21.22530
 48.87286 -21.23228
 48.86942 -21.23910
 48.86849 -21.24406
 48.86870 -21.24964
 48.87045 -21.25584
 48.87007 -21.25863
 48.86880 -21.26003
 48.86704 -21.26049
 48.86363 -21.26220
 48.86213 -21.26189
 48.86058 -21.26049
 48.85676 -21.25444
 48.85495 -21.25243
 48.85291 -21.25088
 48.84823 -21.24514
 48.84609 -21.24313
 48.84389 -21.24220
 48.84190 -21.24235
 48.83940 -21.24282
 48.82782 -21.25367
 48.81687 -21.27196
 48.81320 -21.28287
 48.81232 -21.29496
 48.81327 -21.30829
 48.81405 -21.31108
 48.81501 -21.31201
 48.81575 -21.31186
 48.81692 -21.31031
 48.81948 -21.30550
 48.82103 -21.30395
 48.82304 -21.30302
 48.82513 -21.30287
 48.82730 -21.30364
 48.82922 -21.30519
 48.83100 -21.30752
 48.83208 -21.31139
 48.83263 -21.31651
 48.83258 -21.33093
 48.83309 -21.33547
 48.83624 -21.34726
 48.83733 -21.36322
 48.83795 -21.36648
 48.83919 -21.37020
 48.84144 -21.37361
 48.84570 -21.37656
 48.85288 -21.37950
 48.86580 -21.38198
 48.86896 -21.38167
 48.87133 -21.38043
 48.87536 -21.37718
 48.87720 -21.37842
 48.87888 -21.38198
 48.88094 -21.39128
 48.88105 -21.39614
 48.88027 -21.39986
 48.87629 -21.40699
 48.87324 -21.41102
 48.87270 -21.41366
 48.87469 -21.41537
 48.87867 -21.41661
 48.88624 -21.41769
 48.88818 -21.41986
 48.88808 -21.42157
 48.88565 -21.42281
 48.88317 -21.42327
 48.87996 -21.42591
 48.87640 -21.43025
 48.87208 -21.44317
 48.87133 -21.45076
 48.87270 -21.45882
 48.87474 -21.46348
 48.87642 -21.46596
 48.88107 -21.48006
 48.86188 -21.49185
 48.85699 -21.49293
 48.84694 -21.49417
 48.84082 -21.49732
 48.83320 -21.50301
 48.82849 -21.50771
 48.79382 -21.53670
 48.77744 -21.59954
 48.77436 -21.62533
 48.77490 -21.64284
 48.77434 -21.65106
 48.77237 -21.65819
 48.76317 -21.67700
 48.76082 -21.68785
 48.76012 -21.69747
 48.76105 -21.70537
 48.76237 -21.71095
 48.76385 -21.71498
 48.76532 -21.71762
 48.76689 -21.71917
 48.77025 -21.72057
 48.77160 -21.72150
 48.77374 -21.72821
 48.77656 -21.75100
 48.78638 -21.76744
 48.79056 -21.78640
 48.79278 -21.79198
 48.79578 -21.79601
 48.80121 -21.79911
 48.80555 -21.80066
 48.80919 -21.80051
 48.81325 -21.79896
 48.82203 -21.79338
 48.82503 -21.79198
 48.82759 -21.79152
 48.83387 -21.79214
 48.83588 -21.79152
 48.84624 -21.78733
 48.85004 -21.78671
 48.86322 -21.78671
 48.86611 -21.78609
 48.86803 -21.78516
 48.86989 -21.78454
 48.89526 -21.78563
 48.89454 -21.82330
 48.87381 -21.91999
 48.86942 -21.93363
 48.86720 -21.93905
 48.86549 -21.94153
 48.86399 -21.94122
 48.86038 -21.94732
 48.84221 -21.99290
 48.83862 -22.01404
 48.83829 -22.03264
 48.84152 -22.06256
 48.84237 -22.12013
 48.84296 -22.12375
 48.84389 -22.12576
 48.84699 -22.12700
 48.85167 -22.12654
 48.86120 -22.12375
 48.87040 -22.11971
 48.87286 -22.11889
 48.87516 -22.11878
 48.87733 -22.11920
 48.87996 -22.12266
 48.88182 -22.12545
 48.88782 -22.14669
 48.92146 -22.18395
 48.92172 -22.21108
 48.91510 -22.22844
 48.91128 -22.23175
 48.90735 -22.23278
 48.90366 -22.23299
 48.89893 -22.23485
 48.87487 -22.25020
 48.86839 -22.25082
 48.86332 -22.25190
 48.86100 -22.25547
 48.85976 -22.26058
 48.86100 -22.29350
 48.86601 -22.31924
 48.86627 -22.32420
 48.85836 -22.37014
 48.85825 -22.37080
3 277 48.0054 48.6562 -17.5322 -16.8445 'Bratislavský (Slovakia)'
 48.00544 -17.14834
 48.01952 -17.12498
 48.02725 -17.09263
 48.03567 -17.06969
 48.05208 -17.07506
 48.05877 -17.06307
 48.06043 -17.05914
 48.07903 -17.06483
 48.08916 -17.07000
 48.09761 -17.08023
 48.10694 -17.06721
 48.11272 -17.06245
 48.13099 -17.04747
 48.13551 -17.03692
 48.13717 -17.02090
 48.14280 -17.00716
 48.16130 -16.98194
 48.17688 -16.97481
 48.19856 -16.97471
 48.21664 -16.96995
 48.25256 -16.95434
 48.25734 -16.95393
 48.26879 -16.95527
 48.27313 -16.95434
 48.27659 -16.95062
 48.27801 -16.94442
 48.28473 -16.93336
 48.28752 -16.92427
 48.29080 -16.91662
 48.29669 -16.91331
 48.30124 -16.91207
 48.30697 -16.90887
 48.31199 -16.90546
 48.31411 -16.90277
 48.31617 -16.89843
 48.32124 -16.90029
 48.32703 -16.90422
 48.33147 -16.90649
 48.33940 -16.90194
 48.34702 -16.89171
 48.35281 -16.88117
 48.35503 -16.87549
 48.35646 -16.85533
 48.35958 -16.84758
 48.36560 -16.84448
 48.37658 -16.84510
 48.38113 -16.84686
 48.38410 -16.84934
 48.39041 -16.85192
 48.44379 -16.86081
 48.45808 -16.86494
 48.47154 -16.87507
 48.49660 -16.90122
 48.50991 -16.90649
 48.51934 -16.91393
 48.52820 -16.93047
 48.53973 -16.94690
 48.54484 -16.94905
 48.54513 -16.95243
 48.55750 -17.01295
 48.55882 -17.05811
 48.55926 -17.06137
 48.56091 -17.06199
 48.56337 -17.06090
 48.56804 -17.05796
 48.56830 -17.06400
 48.56592 -17.07708
 48.55197 -17.12095
 48.54985 -17.13077
 48.55078 -17.13666
 48.56275 -17.17821
 48.56830 -17.19175
 48.57166 -17.20973
 48.57205 -17.22213
 48.57352 -17.22988
 48.57642 -17.23422
 48.58282 -17.23826
 48.58582 -17.24203
 48.58773 -17.24637
 48.59042 -17.25552
 48.59393 -17.26327
 48.59533 -17.26528
 48.59711 -17.26699
 48.60130 -17.26916
 48.60336 -17.27071
 48.60546 -17.27319
 48.60833 -17.27768
 48.61130 -17.28373
 48.61181 -17.28575
 48.61205 -17.28776
 48.61249 -17.28931
 48.61342 -17.29040
 48.61486 -17.29138
 48.64522 -17.31959
 48.65266 -17.32843
 48.65623 -17.33494
 48.65538 -17.33975
 48.65406 -17.34238
 48.65266 -17.34440
 48.65160 -17.34641
 48.64956 -17.35685
 48.64832 -17.36042
 48.64644 -17.36398
 48.64318 -17.36817
 48.63951 -17.37205
 48.63481 -17.37577
 48.62768 -17.37825
 48.61827 -17.37871
 48.60680 -17.37298
 48.59990 -17.36771
 48.58404 -17.34998
 48.58179 -17.34672
 48.58096 -17.34378
 48.58076 -17.34037
 48.58096 -17.33711
 48.58060 -17.33370
 48.57895 -17.33169
 48.56644 -17.32471
 48.56463 -17.32300
 48.56321 -17.32068
 48.55941 -17.30952
 48.55311 -17.30983
 48.54525 -17.30471
 48.50944 -17.35902
 48.50533 -17.34967
 48.50257 -17.34564
 48.49813 -17.34068
 48.48226 -17.32564
 48.47079 -17.31711
 48.45955 -17.32052
 48.45622 -17.33339
 48.45637 -17.34709
 48.45616 -17.34936
 48.45544 -17.35143
 48.45420 -17.35360
 48.45211 -17.35639
 48.44846 -17.36367
 48.44469 -17.36941
 48.44350 -17.37220
 48.44283 -17.37639
 48.44244 -17.39422
 48.44118 -17.39732
 48.43906 -17.39778
 48.43518 -17.39546
 48.43322 -17.39344
 48.43115 -17.39297
 48.42898 -17.39484
 48.42381 -17.40434
 48.42131 -17.40775
 48.41415 -17.41458
 48.40888 -17.42233
 48.40413 -17.42682
 48.38175 -17.44357
 48.37829 -17.44760
 48.37653 -17.45070
 48.37630 -17.45643
 48.37514 -17.46036
 48.37307 -17.46356
 48.36870 -17.46920
 48.36547 -17.47245
 48.36196 -17.47524
 48.35994 -17.47757
 48.35596 -17.47757
 48.35049 -17.47524
 48.33741 -17.46672
 48.32878 -17.45922
 48.32635 -17.45860
 48.32429 -17.45845
 48.31297 -17.46450
 48.28375 -17.51865
 48.26178 -17.49106
 48.25561 -17.48625
 48.25065 -17.48532
 48.24155 -17.48734
 48.23835 -17.48935
 48.23675 -17.49183
 48.23613 -17.49633
 48.22974 -17.51700
 48.22633 -17.51917
 48.22186 -17.51896
 48.21093 -17.51700
 48.20719 -17.51917
 48.20559 -17.52144
 48.20646 -17.52568
 48.20639 -17.52739
 48.20569 -17.52863
 48.20326 -17.53064
 48.20197 -17.53219
 48.19887 -17.53219
 48.19422 -17.53080
 48.18326 -17.52444
 48.17900 -17.52103
 48.17675 -17.51731
 48.17809 -17.51199
 48.17572 -17.50082
 48.15923 -17.46920
 48.15130 -17.44264
 48.15122 -17.43783
 48.15236 -17.43349
 48.15634 -17.42589
 48.15778 -17.42124
 48.15877 -17.40775
 48.15949 -17.40496
 48.16052 -17.40383
 48.16218 -17.40352
 48.16424 -17.40465
 48.16967 -17.40910
 48.17324 -17.40744
 48.17481 -17.40631
 48.17644 -17.40589
 48.17799 -17.40507
 48.17830 -17.40310
 48.17760 -17.39995
 48.17494 -17.39375
 48.17388 -17.38972
 48.17225 -17.38631
 48.16972 -17.38383
 48.15970 -17.38088
 48.15691 -17.38135
 48.15505 -17.38228
 48.15329 -17.38352
 48.14959 -17.38848
 48.14776 -17.39049
 48.14616 -17.39173
 48.14479 -17.39204
 48.14300 -17.39080
 48.14089 -17.38801
 48.13918 -17.38166
 48.13853 -17.37794
 48.13717 -17.37375
 48.13497 -17.36957
 48.13014 -17.36197
 48.12574 -17.35215
 48.12500 -17.34802
 48.12469 -17.33680
 48.12848 -17.31324
 48.12843 -17.30967
 48.12755 -17.30766
 48.12616 -17.30704
 48.11988 -17.31277
 48.11763 -17.31308
 48.11510 -17.31277
 48.11097 -17.31153
 48.10851 -17.31122
 48.10662 -17.31153
 48.10541 -17.31262
 48.10138 -17.32068
 48.09768 -17.32611
 48.09675 -17.32828
 48.09637 -17.33045
 48.09727 -17.34641
 48.09701 -17.34812
 48.09639 -17.34988
 48.09551 -17.35112
 48.09360 -17.35277
 48.09252 -17.35236
 48.08967 -17.34812
 48.08508 -17.33711
 48.07660 -17.32192
 48.07459 -17.31494
 48.07428 -17.31014
 48.07531 -17.30750
 48.07474 -17.30518
 48.07272 -17.30363
 48.06678 -17.30347
 48.06291 -17.30456
 48.05872 -17.30642
 48.05650 -17.30533
 48.05443 -17.30223
 48.05048 -17.29169
 48.04787 -17.28637
 48.03291 -17.26792
 48.00761 -17.26239
 48.00728 -17.26232
 48.01505 -17.22089
 48.02027 -17.18482
 48.00544 -17.14834
4 508 47.7737 48.8661 -17.9926 -16.945 'Trnavský (Slovakia)'
 48.54484 -16.94905
 48.55740 -16.95434
 48.60417 -16.94504
 48.62316 -16.94752
 48.63595 -16.96334
 48.64987 -16.97481
 48.74633 -17.02535
 48.77403 -17.04995
 48.79372 -17.08436
 48.80576 -17.09873
 48.82462 -17.10462
 48.83392 -17.11371
 48.85976 -17.16746
 48.86606 -17.21221
 48.85779 -17.26027
 48.81961 -17.37437
 48.82178 -17.39173
 48.83022 -17.41122
 48.82405 -17.40837
 48.80963 -17.39933
 48.80002 -17.38863
 48.78028 -17.35732
 48.77467 -17.37933
 48.77279 -17.39142
 48.77279 -17.39453
 48.77325 -17.39701
 48.77521 -17.40026
 48.78906 -17.41706
 48.78860 -17.42202
 48.78488 -17.42729
 48.77372 -17.43938
 48.76658 -17.44884
 48.76586 -17.45039
 48.76493 -17.45209
 48.76405 -17.45411
 48.76343 -17.45628
 48.76204 -17.46481
 48.76033 -17.46796
 48.75710 -17.47214
 48.74958 -17.48020
 48.74317 -17.48548
 48.73687 -17.48858
 48.73000 -17.48796
 48.72731 -17.48641
 48.72457 -17.48238
 48.72271 -17.48098
 48.71909 -17.47958
 48.71648 -17.47772
 48.71170 -17.47385
 48.70915 -17.47214
 48.70561 -17.47059
 48.70307 -17.47106
 48.70075 -17.47292
 48.69749 -17.47850
 48.69439 -17.48129
 48.68328 -17.48424
 48.68049 -17.48703
 48.67695 -17.49121
 48.67057 -17.50082
 48.65982 -17.51214
 48.62835 -17.53359
 48.64179 -17.55700
 48.64440 -17.56366
 48.64569 -17.56599
 48.64693 -17.56769
 48.64726 -17.57048
 48.64726 -17.57250
 48.64189 -17.58681
 48.64848 -17.61921
 48.65220 -17.62200
 48.65483 -17.62511
 48.65682 -17.62495
 48.65840 -17.62495
 48.65982 -17.62526
 48.66124 -17.62542
 48.66442 -17.62495
 48.66881 -17.62542
 48.67070 -17.62604
 48.67217 -17.62681
 48.67261 -17.62852
 48.67217 -17.63069
 48.66706 -17.63771
 48.66654 -17.64019
 48.66654 -17.64981
 48.66698 -17.65322
 48.66793 -17.65601
 48.67176 -17.66205
 48.68059 -17.69342
 48.68370 -17.71001
 48.67928 -17.72350
 48.67212 -17.73218
 48.65876 -17.74303
 48.65708 -17.74520
 48.65558 -17.74851
 48.64954 -17.76711
 48.64763 -17.78541
 48.64809 -17.82003
 48.64897 -17.82577
 48.65034 -17.82639
 48.65186 -17.82608
 48.65331 -17.82561
 48.65468 -17.82545
 48.65584 -17.82592
 48.65662 -17.82701
 48.65605 -17.82980
 48.65424 -17.83352
 48.64928 -17.84127
 48.64091 -17.84933
 48.63791 -17.85383
 48.63724 -17.85755
 48.63863 -17.86318
 48.63993 -17.86674
 48.64096 -17.87031
 48.64055 -17.87589
 48.63905 -17.88070
 48.63450 -17.88705
 48.63223 -17.88938
 48.63011 -17.89093
 48.61608 -17.98808
 48.60975 -17.99056
 48.60814 -17.99165
 48.60600 -17.99258
 48.60396 -17.99041
 48.60158 -17.98529
 48.58913 -17.93904
 48.58835 -17.93067
 48.58882 -17.92447
 48.59461 -17.91170
 48.59556 -17.90850
 48.59572 -17.90550
 48.59060 -17.90101
 48.53807 -17.87031
 48.53590 -17.86845
 48.52288 -17.85119
 48.50779 -17.89527
 48.50750 -17.89806
 48.50624 -17.90178
 48.49428 -17.92385
 48.46417 -17.96834
 48.44805 -17.94648
 48.36309 -17.87589
 48.35193 -17.85930
 48.33710 -17.85476
 48.33421 -17.85352
 48.33025 -17.85248
 48.32620 -17.85196
 48.30951 -17.84778
 48.30687 -17.84623
 48.30522 -17.84421
 48.30346 -17.84158
 48.30046 -17.84282
 48.29829 -17.84421
 48.28282 -17.87016
 48.27457 -17.86333
 48.27052 -17.85915
 48.26755 -17.85744
 48.26532 -17.85755
 48.26233 -17.85977
 48.25954 -17.85977
 48.25612 -17.85682
 48.25411 -17.85403
 48.25106 -17.85290
 48.24749 -17.85383
 48.23956 -17.85775
 48.23664 -17.86070
 48.23501 -17.86333
 48.23463 -17.86581
 48.23318 -17.86845
 48.22626 -17.87837
 48.22303 -17.88178
 48.21902 -17.88349
 48.21359 -17.88333
 48.20636 -17.88023
 48.20274 -17.87713
 48.20026 -17.87295
 48.19391 -17.85662
 48.18776 -17.84545
 48.18742 -17.84282
 48.18833 -17.84080
 48.19975 -17.82685
 48.20057 -17.82406
 48.20042 -17.82204
 48.19892 -17.81832
 48.19670 -17.81135
 48.19360 -17.81166
 48.18900 -17.81429
 48.17791 -17.82282
 48.17225 -17.82592
 48.16652 -17.82545
 48.16171 -17.82297
 48.16001 -17.82111
 48.15846 -17.81863
 48.15737 -17.81584
 48.15662 -17.81274
 48.15654 -17.80995
 48.15711 -17.80716
 48.16003 -17.80029
 48.16223 -17.79331
 48.16269 -17.78975
 48.16223 -17.78448
 48.15802 -17.76804
 48.15494 -17.76417
 48.15143 -17.76463
 48.11892 -17.80856
 48.11205 -17.81398
 48.10389 -17.81352
 48.09004 -17.80530
 48.08626 -17.80344
 48.08311 -17.80406
 48.08063 -17.80685
 48.07681 -17.81367
 48.07572 -17.81801
 48.07603 -17.82344
 48.07988 -17.83987
 48.08048 -17.84592
 48.07924 -17.84902
 48.07572 -17.85088
 48.06782 -17.84685
 48.06528 -17.84654
 48.06371 -17.84809
 48.06123 -17.85248
 48.06045 -17.85569
 48.05986 -17.86271
 48.05882 -17.86690
 48.05867 -17.86876
 48.05867 -17.87217
 48.05810 -17.87465
 48.05681 -17.87729
 48.05278 -17.87977
 48.04746 -17.88008
 48.02573 -17.87543
 47.99102 -17.88240
 47.96513 -17.87992
 47.96069 -17.88721
 47.95769 -17.88845
 47.95382 -17.88953
 47.95010 -17.88907
 47.94694 -17.88767
 47.94359 -17.88566
 47.93170 -17.88380
 47.92405 -17.89046
 47.91940 -17.89356
 47.91576 -17.89232
 47.91170 -17.88597
 47.90447 -17.86922
 47.89015 -17.84545
 47.87899 -17.83414
 47.87522 -17.82654
 47.87387 -17.82266
 47.87429 -17.82065
 47.87367 -17.81801
 47.87186 -17.81507
 47.86793 -17.80964
 47.86315 -17.80592
 47.85643 -17.80236
 47.83496 -17.80205
 47.83088 -17.79781
 47.82618 -17.79052
 47.81631 -17.77176
 47.81331 -17.76355
 47.81212 -17.75781
 47.81271 -17.75549
 47.81300 -17.75331
 47.81303 -17.75114
 47.81331 -17.74913
 47.81489 -17.74510
 47.81527 -17.74272
 47.81362 -17.74045
 47.81021 -17.73838
 47.78680 -17.73125
 47.77951 -17.72737
 47.77383 -17.71947
 47.77367 -17.71924
 47.78918 -17.67668
 47.79703 -17.66624
 47.80732 -17.65838
 47.81920 -17.63988
 47.82923 -17.61911
 47.83424 -17.60423
 47.83310 -17.59296
 47.82979 -17.58294
 47.82954 -17.57260
 47.83799 -17.56041
 47.87212 -17.52661
 47.87625 -17.51731
 47.87982 -17.49219
 47.88271 -17.48186
 47.88881 -17.47204
 47.98121 -17.36941
 47.99873 -17.33789
 48.00534 -17.27267
 48.00728 -17.26232
 48.00761 -17.26239
 48.03291 -17.26792
 48.04787 -17.28637
 48.05048 -17.29169
 48.05443 -17.30223
 48.05650 -17.30533
 48.05872 -17.30642
 48.06291 -17.30456
 48.06678 -17.30347
 48.07272 -17.30363
 48.07474 -17.30518
 48.07531 -17.30750
 48.07428 -17.31014
 48.07459 -17.31494
 48.07660 -17.32192
 48.08508 -17.33711
 48.08967 -17.34812
 48.09252 -17.35236
 48.09360 -17.35277
 48.09551 -17.35112
 48.09639 -17.34988
 48.09701 -17.34812
 48.09727 -17.34641
 48.09637 -17.33045
 48.09675 -17.32828
 48.09768 -17.32611
 48.10138 -17.32068
 48.10541 -17.31262
 48.10662 -17.31153
 48.10851 -17.31122
 48.11097 -17.31153
 48.11510 -17.31277
 48.11763 -17.31308
 48.11988 -17.31277
 48.12616 -17.30704
 48.12755 -17.30766
 48.12843 -17.30967
 48.12848 -17.31324
 48.12469 -17.33680
 48.12500 -17.34802
 48.12574 -17.35215
 48.13014 -17.36197
 48.13497 -17.36957
 48.13717 -17.37375
 48.13853 -17.37794
 48.13918 -17.38166
 48.14089 -17.38801
 48.14300 -17.39080
 48.14479 -17.39204
 48.14616 -17.39173
 48.14776 -17.39049
 48.14959 -17.38848
 48.15329 -17.38352
 48.15505 -17.38228
 48.15691 -17.38135
 48.15970 -17.38088
 48.16972 -17.38383
 48.17225 -17.38631
 48.17388 -17.38972
 48.17494 -17.39375
 48.17760 -17.39995
 48.17830 -17.40310
 48.17799 -17.40507
 48.17644 -17.40589
 48.17481 -17.40631
 48.17324 -17.40744
 48.16967 -17.40910
 48.16424 -17.40465
 48.16218 -17.40352
 48.16052 -17.40383
 48.15949 -17.40496
 48.15877 -17.40775
 48.15778 -17.42124
 48.15634 -17.42589
 48.15236 -17.43349
 48.15122 -17.43783
 48.15130 -17.44264
 48.15923 -17.46920
 48.17572 -17.50082
 48.17809 -17.51199
 48.17675 -17.51731
 48.17900 -17.52103
 48.18326 -17.52444
 48.19422 -17.53080
 48.19887 -17.53219
 48.20197 -17.53219
 48.20326 -17.53064
 48.20569 -17.52863
 48.20639 -17.52739
 48.20646 -17.52568
 48.20559 -17.52144
 48.20719 -17.51917
 48.21093 -17.51700
 48.22186 -17.51896
 48.22633 -17.51917
 48.22974 -17.51700
 48.23613 -17.49633
 48.23675 -17.49183
 48.23835 -17.48935
 48.24155 -17.48734
 48.25065 -17.48532
 48.25561 -17.48625
 48.26178 -17.49106
 48.28375 -17.51865
 48.31297 -17.46450
 48.32429 -17.45845
 48.32635 -17.45860
 48.32878 -17.45922
 48.33741 -17.46672
 48.35049 -17.47524
 48.35596 -17.47757
 48.35994 -17.47757
 48.36196 -17.47524
 48.36547 -17.47245
 48.36870 -17.46920
 48.37307 -17.46356
 48.37514 -17.46036
 48.37630 -17.45643
 48.37653 -17.45070
 48.37829 -17.44760
 48.38175 -17.44357
 48.40413 -17.42682
 48.40888 -17.42233
 48.41415 -17.41458
 48.42131 -17.40775
 48.42381 -17.40434
 48.42898 -17.39484
 48.43115 -17.39297
 48.43322 -17.39344
 48.43518 -17.39546
 48.43906 -17.39778
 48.44118 -17.39732
 48.44244 -17.39422
 48.44283 -17.37639
 48.44350 -17.37220
 48.44469 -17.36941
 48.44846 -17.36367
 48.45211 -17.35639
 48.45420 -17.35360
 48.45544 -17.35143
 48.45616 -17.34936
 48.45637 -17.34709
 48.45622 -17.33339
 48.45955 -17.32052
 48.47079 -17.31711
 48.48226 -17.32564
 48.49813 -17.34068
 48.50257 -17.34564
 48.50533 -17.34967
 48.50944 -17.35902
 48.54525 -17.30471
 48.55311 -17.30983
 48.55941 -17.30952
 48.56321 -17.32068
 48.56463 -17.32300
 48.56644 -17.32471
 48.57895 -17.33169
 48.58060 -17.33370
 48.58096 -17.33711
 48.58076 -17.34037
 48.58096 -17.34378
 48.58179 -17.34672
 48.58404 -17.34998
 48.59990 -17.36771
 48.60680 -17.37298
 48.61827 -17.37871
 48.62768 -17.37825
 48.63481 -17.37577
 48.63951 -17.37205
 48.64318 -17.36817
 48.64644 -17.36398
 48.64832 -17.36042
 48.64956 -17.35685
 48.65160 -17.34641
 48.65266 -17.34440
 48.65406 -17.34238
 48.65538 -17.33975
 48.65623 -17.33494
 48.65266 -17.32843
 48.64522 -17.31959
 48.61486 -17.29138
 48.61342 -17.29040
 48.61249 -17.28931
 48.61205 -17.28776
 48.61181 -17.28575
 48.61130 -17.28373
 48.60833 -17.27768
 48.60546 -17.27319
 48.60336 -17.27071
 48.60130 -17.26916
 48.59711 -17.26699
 48.59533 -17.26528
 48.59393 -17.26327
 48.59042 -17.25552
 48.58773 -17.24637
 48.58582 -17.24203
 48.58282 -17.23826
 48.57642 -17.23422
 48.57352 -17.22988
 48.57205 -17.22213
 48.57166 -17.20973
 48.56830 -17.19175
 48.56275 -17.17821
 48.55078 -17.13666
 48.54985 -17.13077
 48.55197 -17.12095
 48.56592 -17.07708
 48.56830 -17.06400
 48.56804 -17.05796
 48.56337 -17.06090
 48.56091 -17.06199
 48.55926 -17.06137
 48.55882 -17.05811
 48.55750 -17.01295
 48.54513 -16.95243
 48.54484 -16.94905
5 411 48.4918 49.3302 -18.833 -17.3573 'Trenciansky (Slovakia)'
 49.01913 -18.01288
 49.02915 -18.04606
 49.04719 -18.07552
 49.07029 -18.09629
 49.09225 -18.10290
 49.13693 -18.10163
 49.14294 -18.10146
 49.16976 -18.10508
 49.20258 -18.11779
 49.23307 -18.13649
 49.25870 -18.16058
 49.27694 -18.19003
 49.31125 -18.32460
 49.33019 -18.36159
 49.32567 -18.36625
 49.32185 -18.38423
 49.31410 -18.38454
 49.31229 -18.38485
 49.31025 -18.38547
 49.30846 -18.38656
 49.24131 -18.44816
 49.23787 -18.45064
 49.23534 -18.45188
 49.23387 -18.45141
 49.23131 -18.44986
 49.23010 -18.44971
 49.22824 -18.45048
 49.22201 -18.45544
 49.21986 -18.45653
 49.21818 -18.45699
 49.21725 -18.45684
 49.21501 -18.45839
 49.19999 -18.47095
 49.19511 -18.47642
 49.19152 -18.48200
 49.18108 -18.50603
 49.18080 -18.50758
 49.18080 -18.51099
 49.18036 -18.51347
 49.17886 -18.51673
 49.17144 -18.52882
 49.16956 -18.53306
 49.16850 -18.53694
 49.16757 -18.54252
 49.15984 -18.56128
 49.15684 -18.56624
 49.14938 -18.57430
 49.14449 -18.57724
 49.13721 -18.57771
 49.13333 -18.57709
 49.12935 -18.57802
 49.12711 -18.57910
 49.11468 -18.59109
 49.09612 -18.56422
 49.09251 -18.56050
 49.09054 -18.56190
 49.09021 -18.56360
 49.09021 -18.56763
 49.08739 -18.58195
 49.08646 -18.58391
 49.08512 -18.58629
 49.08341 -18.58846
 49.08186 -18.59016
 49.07731 -18.59280
 49.07618 -18.59404
 49.07530 -18.59543
 49.07390 -18.59931
 49.07308 -18.60101
 49.07179 -18.60272
 49.07049 -18.60396
 49.06894 -18.60427
 49.06713 -18.60396
 49.06310 -18.60241
 49.06140 -18.60210
 49.05990 -18.60226
 49.05861 -18.60288
 49.05711 -18.60303
 49.05551 -18.60257
 49.05272 -18.60086
 49.05065 -18.59993
 49.04858 -18.59977
 49.03530 -18.60272
 49.02967 -18.60055
 49.02295 -18.59543
 49.01050 -18.58226
 49.00145 -18.57073
 48.99649 -18.56143
 48.99086 -18.53130
 48.98830 -18.52510
 48.98458 -18.51921
 48.97386 -18.50975
 48.96993 -18.50402
 48.96766 -18.49999
 48.95626 -18.47064
 48.94823 -18.47627
 48.94394 -18.48479
 48.94166 -18.50293
 48.93862 -18.51689
 48.93815 -18.52076
 48.93924 -18.52820
 48.94957 -18.55492
 48.95378 -18.56174
 48.95719 -18.56531
 48.95898 -18.56562
 48.96068 -18.56624
 48.96223 -18.56779
 48.97151 -18.58081
 48.97151 -18.58319
 48.97003 -18.58567
 48.96184 -18.59187
 48.95998 -18.59373
 48.95980 -18.60350
 48.96611 -18.63574
 48.95905 -18.67734
 48.95781 -18.69646
 48.95567 -18.70204
 48.95378 -18.70592
 48.93660 -18.72592
 48.93360 -18.72096
 48.93169 -18.71910
 48.92988 -18.71646
 48.92872 -18.71444
 48.92792 -18.71243
 48.92694 -18.71088
 48.92570 -18.71010
 48.92404 -18.70964
 48.92198 -18.70871
 48.91980 -18.70731
 48.91704 -18.70452
 48.91484 -18.70313
 48.91102 -18.70344
 48.89578 -18.70917
 48.89071 -18.70964
 48.88671 -18.70933
 48.88074 -18.70654
 48.87813 -18.70592
 48.87531 -18.70592
 48.87071 -18.70731
 48.86828 -18.70762
 48.86583 -18.70731
 48.85950 -18.70592
 48.85381 -18.70607
 48.85061 -18.70824
 48.84686 -18.71243
 48.83325 -18.73506
 48.83208 -18.73770
 48.83144 -18.74002
 48.83053 -18.74468
 48.82963 -18.74731
 48.82803 -18.75093
 48.82728 -18.75341
 48.82645 -18.75759
 48.81645 -18.77341
 48.81420 -18.77930
 48.81260 -18.78224
 48.81170 -18.78255
 48.80984 -18.78023
 48.80736 -18.77961
 48.80405 -18.78007
 48.79697 -18.78302
 48.79191 -18.78658
 48.78511 -18.79325
 48.75687 -18.82741
 48.75372 -18.83035
 48.74416 -18.83299
 48.73749 -18.83237
 48.73560 -18.83113
 48.73310 -18.82911
 48.72979 -18.82570
 48.71315 -18.81377
 48.69909 -18.79992
 48.69749 -18.79635
 48.69651 -18.79170
 48.69615 -18.77697
 48.69424 -18.77139
 48.69005 -18.76659
 48.66016 -18.74281
 48.65682 -18.73894
 48.64866 -18.72468
 48.64613 -18.72127
 48.64396 -18.71956
 48.63522 -18.72173
 48.63119 -18.72158
 48.63016 -18.71491
 48.63000 -18.70933
 48.63972 -18.65455
 48.61419 -18.62799
 48.60267 -18.61311
 48.59827 -18.60846
 48.59517 -18.60582
 48.59215 -18.60427
 48.59032 -18.60365
 48.58871 -18.60365
 48.58714 -18.60381
 48.58561 -18.60381
 48.58391 -18.60350
 48.57735 -18.60008
 48.57579 -18.59946
 48.57357 -18.59915
 48.56538 -18.50123
 48.54923 -18.48991
 48.52089 -18.41948
 48.50226 -18.38749
 48.49642 -18.37276
 48.49523 -18.37090
 48.49428 -18.37028
 48.49296 -18.36997
 48.49229 -18.36873
 48.49177 -18.36656
 48.49564 -18.35984
 48.50200 -18.35333
 48.50272 -18.35147
 48.50200 -18.34930
 48.49846 -18.34666
 48.49482 -18.34449
 48.49399 -18.34387
 48.49430 -18.33705
 48.50024 -18.31256
 48.52277 -18.30124
 48.53662 -18.29173
 48.53985 -18.28724
 48.54861 -18.26770
 48.55249 -18.26243
 48.55461 -18.25887
 48.55572 -18.25499
 48.55554 -18.24300
 48.55642 -18.23866
 48.55828 -18.23602
 48.56293 -18.23571
 48.56520 -18.23246
 48.56737 -18.22998
 48.57145 -18.22796
 48.57799 -18.22874
 48.58794 -18.23680
 48.59657 -18.24533
 48.60597 -18.25111
 48.61202 -18.25060
 48.62096 -18.24254
 48.62830 -18.23122
 48.63140 -18.21386
 48.64783 -18.17055
 48.65522 -18.16249
 48.66871 -18.15148
 48.67357 -18.14621
 48.68860 -18.12430
 48.69191 -18.11608
 48.70209 -18.04487
 48.70354 -18.04317
 48.70775 -18.04224
 48.71054 -18.04239
 48.71271 -18.04208
 48.71411 -18.03914
 48.71517 -18.03619
 48.71630 -18.01537
 48.71253 -18.00823
 48.70837 -18.00327
 48.70561 -18.00234
 48.70232 -18.00250
 48.69605 -18.00467
 48.69186 -18.00560
 48.68762 -18.00606
 48.68083 -18.00591
 48.67796 -18.00668
 48.67620 -18.00777
 48.67569 -18.00870
 48.67455 -18.00963
 48.67308 -18.01056
 48.66990 -18.01165
 48.66339 -18.01599
 48.66261 -18.01661
 48.66220 -18.01738
 48.66171 -18.01893
 48.66124 -18.01940
 48.65967 -18.02033
 48.65889 -18.02126
 48.65801 -18.02250
 48.65716 -18.02343
 48.65589 -18.02456
 48.64959 -18.02622
 48.64396 -18.02684
 48.63941 -18.02653
 48.63310 -18.02456
 48.63062 -18.02312
 48.62949 -18.02095
 48.63093 -18.01661
 48.63207 -18.01397
 48.63130 -18.00994
 48.63008 -18.00730
 48.61608 -17.98808
 48.63011 -17.89093
 48.63223 -17.88938
 48.63450 -17.88705
 48.63905 -17.88070
 48.64055 -17.87589
 48.64096 -17.87031
 48.63993 -17.86674
 48.63863 -17.86318
 48.63724 -17.85755
 48.63791 -17.85383
 48.64091 -17.84933
 48.64928 -17.84127
 48.65424 -17.83352
 48.65605 -17.82980
 48.65662 -17.82701
 48.65584 -17.82592
 48.65468 -17.82545
 48.65331 -17.82561
 48.65186 -17.82608
 48.65034 -17.82639
 48.64897 -17.82577
 48.64809 -17.82003
 48.64763 -17.78541
 48.64954 -17.76711
 48.65558 -17.74851
 48.65708 -17.74520
 48.65876 -17.74303
 48.67212 -17.73218
 48.67928 -17.72350
 48.68370 -17.71001
 48.68059 -17.69342
 48.67176 -17.66205
 48.66793 -17.65601
 48.66698 -17.65322
 48.66654 -17.64981
 48.66654 -17.64019
 48.66706 -17.63771
 48.67217 -17.63069
 48.67261 -17.62852
 48.67217 -17.62681
 48.67070 -17.62604
 48.66881 -17.62542
 48.66442 -17.62495
 48.66124 -17.62542
 48.65982 -17.62526
 48.65840 -17.62495
 48.65682 -17.62495
 48.65483 -17.62511
 48.65220 -17.62200
 48.64848 -17.61921
 48.64189 -17.58681
 48.64726 -17.57250
 48.64726 -17.57048
 48.64693 -17.56769
 48.64569 -17.56599
 48.64440 -17.56366
 48.64179 -17.55700
 48.62835 -17.53359
 48.65982 -17.51214
 48.67057 -17.50082
 48.67695 -17.49121
 48.68049 -17.48703
 48.68328 -17.48424
 48.69439 -17.48129
 48.69749 -17.47850
 48.70075 -17.47292
 48.70307 -17.47106
 48.70561 -17.47059
 48.70915 -17.47214
 48.71170 -17.47385
 48.71648 -17.47772
 48.71909 -17.47958
 48.72271 -17.48098
 48.72457 -17.48238
 48.72731 -17.48641
 48.73000 -17.48796
 48.73687 -17.48858
 48.74317 -17.48548
 48.74958 -17.48020
 48.75710 -17.47214
 48.76033 -17.46796
 48.76204 -17.46481
 48.76343 -17.45628
 48.76405 -17.45411
 48.76493 -17.45209
 48.76586 -17.45039
 48.76658 -17.44884
 48.77372 -17.43938
 48.78488 -17.42729
 48.78860 -17.42202
 48.78906 -17.41706
 48.77521 -17.40026
 48.77325 -17.39701
 48.77279 -17.39453
 48.77279 -17.39142
 48.77467 -17.37933
 48.78028 -17.35732
 48.80002 -17.38863
 48.80963 -17.39933
 48.82405 -17.40837
 48.83022 -17.41122
 48.83816 -17.42956
 48.84276 -17.45333
 48.83811 -17.46790
 48.81676 -17.49850
 48.81299 -17.53508
 48.84182 -17.64603
 48.86291 -17.72722
 48.87257 -17.74489
 48.91174 -17.77941
 48.92058 -17.79553
 48.92337 -17.82013
 48.92099 -17.84122
 48.92172 -17.86034
 48.93355 -17.87873
 48.94725 -17.88690
 48.97820 -17.89465
 48.99303 -17.90085
 49.01050 -17.91408
 49.01939 -17.93506
 49.02187 -17.95924
 49.01913 -18.01288
6 461 48.0606 48.9424 -20.466 -18.4887 'Banskobystrický (Slovakia)'
 48.46379 -20.46597
 48.44239 -20.43558
 48.42924 -20.42059
 48.41371 -20.40902
 48.33434 -20.37016
 48.30548 -20.34928
 48.27995 -20.32427
 48.26041 -20.29523
 48.25246 -20.27238
 48.25589 -20.26029
 48.26419 -20.24903
 48.27090 -20.22908
 48.26760 -20.21781
 48.24899 -20.18764
 48.24403 -20.17089
 48.24527 -20.15332
 48.24781 -20.14309
 48.24667 -20.13451
 48.23675 -20.12201
 48.22972 -20.11808
 48.21174 -20.11260
 48.20280 -20.10526
 48.19843 -20.09700
 48.19355 -20.07808
 48.17723 -20.03830
 48.17587 -20.03498
 48.16791 -19.99695
 48.15838 -19.97390
 48.13009 -19.92863
 48.12430 -19.90507
 48.12962 -19.88429
 48.15267 -19.84626
 48.15791 -19.82166
 48.14869 -19.78559
 48.14952 -19.77608
 48.15900 -19.76668
 48.16745 -19.76916
 48.17608 -19.77484
 48.18590 -19.77433
 48.20031 -19.75655
 48.20290 -19.73309
 48.19690 -19.68699
 48.20039 -19.67697
 48.21835 -19.65526
 48.22481 -19.64390
 48.22677 -19.63387
 48.22701 -19.62323
 48.21065 -19.53124
 48.20396 -19.51398
 48.18941 -19.50303
 48.15071 -19.49362
 48.13489 -19.48174
 48.13443 -19.48143
 48.13396 -19.48122
 48.13334 -19.48143
 48.13267 -19.48174
 48.12719 -19.48329
 48.12177 -19.48380
 48.11650 -19.48329
 48.11133 -19.48174
 48.08585 -19.42820
 48.08776 -19.29322
 48.06208 -19.23348
 48.06058 -19.22253
 48.07074 -19.09850
 48.06487 -19.03866
 48.06550 -19.01902
 48.06588 -19.01897
 48.07510 -19.01794
 48.08745 -19.01763
 48.09081 -19.01949
 48.10200 -19.03081
 48.10693 -19.03380
 48.10967 -19.03660
 48.11213 -19.04032
 48.11422 -19.04528
 48.11675 -19.04977
 48.12115 -19.05566
 48.12766 -19.06295
 48.13450 -19.06652
 48.14140 -19.06698
 48.15972 -19.06094
 48.16512 -19.06063
 48.17246 -19.06342
 48.17652 -19.06543
 48.17944 -19.06745
 48.18373 -19.07194
 48.18579 -19.07303
 48.18770 -19.07334
 48.19070 -19.07334
 48.19241 -19.07365
 48.19499 -19.07241
 48.19665 -19.07117
 48.20677 -19.05768
 48.19685 -19.04156
 48.19422 -19.03629
 48.19241 -19.03132
 48.19205 -19.02631
 48.19210 -19.02290
 48.19287 -19.01701
 48.19251 -19.01422
 48.19158 -19.01065
 48.18889 -18.99391
 48.18398 -18.97996
 48.18274 -18.97469
 48.18212 -18.96797
 48.18039 -18.95991
 48.17866 -18.95619
 48.17752 -18.95247
 48.17608 -18.94502
 48.17453 -18.94177
 48.17184 -18.93867
 48.16771 -18.93557
 48.16450 -18.93433
 48.16254 -18.93386
 48.16143 -18.93324
 48.16083 -18.93231
 48.16068 -18.93045
 48.16119 -18.92425
 48.16099 -18.91970
 48.15897 -18.91009
 48.15866 -18.90513
 48.15913 -18.90017
 48.16068 -18.89211
 48.16078 -18.88916
 48.16019 -18.88374
 48.16026 -18.88095
 48.16099 -18.87676
 48.16282 -18.87195
 48.17308 -18.85268
 48.17463 -18.84849
 48.17551 -18.84291
 48.17582 -18.83795
 48.17566 -18.83361
 48.17453 -18.83035
 48.17267 -18.82787
 48.16920 -18.82555
 48.16716 -18.82353
 48.16577 -18.82105
 48.16538 -18.81857
 48.16579 -18.81594
 48.16714 -18.81346
 48.17008 -18.81036
 48.17419 -18.80850
 48.17928 -18.80705
 48.18517 -18.80705
 48.18951 -18.80860
 48.19473 -18.81408
 48.19879 -18.82059
 48.20233 -18.82477
 48.20393 -18.82958
 48.20561 -18.83097
 48.20863 -18.83082
 48.21515 -18.82679
 48.22496 -18.81857
 48.22863 -18.81687
 48.23122 -18.81749
 48.23346 -18.82121
 48.23494 -18.82260
 48.23649 -18.82260
 48.24297 -18.81346
 48.24651 -18.81408
 48.25137 -18.81780
 48.26155 -18.82911
 48.26972 -18.84136
 48.27442 -18.84446
 48.27814 -18.84648
 48.30646 -18.85485
 48.36635 -18.81563
 48.37126 -18.80943
 48.38581 -18.78348
 48.41413 -18.75475
 48.41622 -18.74297
 48.41503 -18.73847
 48.41260 -18.73289
 48.40508 -18.72344
 48.39555 -18.70902
 48.39299 -18.70623
 48.38873 -18.70266
 48.38457 -18.69687
 48.38268 -18.69563
 48.38025 -18.69522
 48.37782 -18.69398
 48.37565 -18.69191
 48.37242 -18.68757
 48.36935 -18.68680
 48.36609 -18.68649
 48.36382 -18.68556
 48.36108 -18.68308
 48.35415 -18.65099
 48.34767 -18.58830
 48.34480 -18.57569
 48.33868 -18.56732
 48.33178 -18.56081
 48.32997 -18.55880
 48.32604 -18.55182
 48.32398 -18.54903
 48.31958 -18.54577
 48.31989 -18.54128
 48.33111 -18.53120
 48.33568 -18.53616
 48.34139 -18.54453
 48.34366 -18.54701
 48.34604 -18.54903
 48.34868 -18.54980
 48.35113 -18.55073
 48.35302 -18.55244
 48.35664 -18.55911
 48.35922 -18.56252
 48.36340 -18.56655
 48.36826 -18.56918
 48.37436 -18.57151
 48.38097 -18.57244
 48.38891 -18.57120
 48.40196 -18.56717
 48.41162 -18.55957
 48.41583 -18.55414
 48.41689 -18.54965
 48.41710 -18.54670
 48.41849 -18.54453
 48.42175 -18.54360
 48.42735 -18.54469
 48.43332 -18.54469
 48.43896 -18.54236
 48.44908 -18.53399
 48.45451 -18.53089
 48.46107 -18.53161
 48.46407 -18.53430
 48.47141 -18.54267
 48.47322 -18.54391
 48.47435 -18.54329
 48.47513 -18.53756
 48.47663 -18.53585
 48.47937 -18.53539
 48.48585 -18.53709
 48.49037 -18.53787
 48.49513 -18.53818
 48.49968 -18.53616
 48.50249 -18.53275
 48.50448 -18.52433
 48.50448 -18.51549
 48.50092 -18.49115
 48.50226 -18.48867
 48.50588 -18.48991
 48.51371 -18.49627
 48.52567 -18.51099
 48.52805 -18.51316
 48.53125 -18.51130
 48.53443 -18.50448
 48.54923 -18.48991
 48.56538 -18.50123
 48.57357 -18.59915
 48.57579 -18.59946
 48.57735 -18.60008
 48.58391 -18.60350
 48.58561 -18.60381
 48.58714 -18.60381
 48.58871 -18.60365
 48.59032 -18.60365
 48.59215 -18.60427
 48.59517 -18.60582
 48.59827 -18.60846
 48.60267 -18.61311
 48.61419 -18.62799
 48.63972 -18.65455
 48.63000 -18.70933
 48.63016 -18.71491
 48.63119 -18.72158
 48.63522 -18.72173
 48.64396 -18.71956
 48.64613 -18.72127
 48.64866 -18.72468
 48.65682 -18.73894
 48.66016 -18.74281
 48.69005 -18.76659
 48.69424 -18.77139
 48.69615 -18.77697
 48.69651 -18.79170
 48.69749 -18.79635
 48.69909 -18.79992
 48.71315 -18.81377
 48.72979 -18.82570
 48.73310 -18.82911
 48.73560 -18.83113
 48.73749 -18.83237
 48.74416 -18.83299
 48.76405 -18.87583
 48.76664 -18.88808
 48.76509 -18.88978
 48.76307 -18.89102
 48.76105 -18.89180
 48.75945 -18.89319
 48.75826 -18.89443
 48.75702 -18.89629
 48.75426 -18.89862
 48.75289 -18.89908
 48.75025 -18.91598
 48.74695 -19.00104
 48.76359 -19.01468
 48.76966 -19.01701
 48.78142 -19.02027
 48.78632 -19.02073
 48.78953 -19.02011
 48.79087 -19.01872
 48.79888 -19.00538
 48.80596 -18.99965
 48.81041 -18.99872
 48.81345 -18.99996
 48.81575 -19.00290
 48.81960 -19.00678
 48.82384 -19.00771
 48.82968 -19.00678
 48.84203 -19.00135
 48.84539 -19.00120
 48.84777 -19.00337
 48.85325 -19.01996
 48.85655 -19.02476
 48.85903 -19.02771
 48.87671 -19.03923
 48.87490 -19.08672
 48.89061 -19.25209
 48.89050 -19.26004
 48.88885 -19.26144
 48.88529 -19.26299
 48.88410 -19.26470
 48.88306 -19.26780
 48.88084 -19.27012
 48.87720 -19.27214
 48.86921 -19.27384
 48.86549 -19.27431
 48.86306 -19.27400
 48.86255 -19.27291
 48.86224 -19.26935
 48.86177 -19.26795
 48.86053 -19.26687
 48.85637 -19.26454
 48.85573 -19.26640
 48.85562 -19.26950
 48.85981 -19.31027
 48.86100 -19.31575
 48.86358 -19.32102
 48.86523 -19.32304
 48.86689 -19.32443
 48.86890 -19.32536
 48.87526 -19.32676
 48.87903 -19.32846
 48.88828 -19.33916
 48.89634 -19.36024
 48.92353 -19.39363
 48.94239 -19.56152
 48.93619 -19.63739
 48.92048 -19.70162
 48.91660 -19.70922
 48.91254 -19.71469
 48.91118 -19.71841
 48.90947 -19.72834
 48.90828 -19.73206
 48.90637 -19.73500
 48.90412 -19.73764
 48.90087 -19.74275
 48.89986 -19.74663
 48.89991 -19.75035
 48.90435 -19.76234
 48.91314 -19.80807
 48.91298 -19.81743
 48.90782 -19.84549
 48.90642 -19.94124
 48.90699 -19.94388
 48.90776 -19.95582
 48.91340 -19.97333
 48.91350 -19.97876
 48.91314 -19.98310
 48.90658 -19.99618
 48.89474 -20.14015
 48.89567 -20.15911
 48.90474 -20.17461
 48.90482 -20.18128
 48.89857 -20.19957
 48.89433 -20.21916
 48.89242 -20.22458
 48.88857 -20.23187
 48.87278 -20.27270
 48.86818 -20.25001
 48.82157 -20.20298
 48.81575 -20.19864
 48.81087 -20.19957
 48.80780 -20.19926
 48.80532 -20.19864
 48.79565 -20.19802
 48.78782 -20.19787
 48.77795 -20.20081
 48.77273 -20.20128
 48.76839 -20.19709
 48.76441 -20.19229
 48.76111 -20.18702
 48.75832 -20.18361
 48.75573 -20.18128
 48.75129 -20.18050
 48.74535 -20.18082
 48.73351 -20.18438
 48.72741 -20.18826
 48.72235 -20.19616
 48.72080 -20.20738
 48.71989 -20.20965
 48.69176 -20.26102
 48.68439 -20.26649
 48.64427 -20.28727
 48.62587 -20.29409
 48.62406 -20.29316
 48.62225 -20.29223
 48.62019 -20.29176
 48.61791 -20.29192
 48.61605 -20.29362
 48.61373 -20.29735
 48.61062 -20.30634
 48.60918 -20.31347
 48.60817 -20.32437
 48.60742 -20.32778
 48.60437 -20.33615
 48.60207 -20.34499
 48.60096 -20.34716
 48.59936 -20.34763
 48.59254 -20.34484
 48.57954 -20.34096
 48.57636 -20.33941
 48.57404 -20.33755
 48.57158 -20.33491
 48.56835 -20.33228
 48.56468 -20.32995
 48.55905 -20.32732
 48.53538 -20.32003
 48.53130 -20.31734
 48.52567 -20.31176
 48.52071 -20.30804
 48.51585 -20.30541
 48.50949 -20.30355
 48.50541 -20.30386
 48.50190 -20.30510
 48.49725 -20.30851
 48.49451 -20.30959
 48.49164 -20.30975
 48.48911 -20.30897
 48.48655 -20.30866
 48.48337 -20.31114
 48.48014 -20.31595
 48.47296 -20.33352
 48.47100 -20.33584
 48.46939 -20.33507
 48.46751 -20.33321
 48.46580 -20.33197
 48.46423 -20.33119
 48.46309 -20.33150
 48.46268 -20.33600
 48.46505 -20.37822
 48.46363 -20.39388
 48.46397 -20.40209
 48.47043 -20.41946
 48.47216 -20.42674
 48.47229 -20.44865
 48.46407 -20.46540
 48.46379 -20.46597
7 462 47.75 48.7163 -19.0736 -17.7192 'Nitriansky (Slovakia)'
 48.06550 -19.01902
 48.06621 -18.99649
 48.06162 -18.98182
 48.05435 -18.93360
 48.04001 -18.83847
 48.03045 -18.82100
 47.99314 -18.79423
 47.98761 -18.78472
 47.98539 -18.76529
 47.98183 -18.75620
 47.97105 -18.74318
 47.96736 -18.74452
 47.96335 -18.75144
 47.95180 -18.75475
 47.91051 -18.74473
 47.88946 -18.74225
 47.87072 -18.74876
 47.85145 -18.77801
 47.83256 -18.81645
 47.83219 -18.81492
 47.82633 -18.79030
 47.82230 -18.76767
 47.81362 -18.75031
 47.78812 -18.71723
 47.77796 -18.69284
 47.77590 -18.66370
 47.77982 -18.63383
 47.79065 -18.59745
 47.79285 -18.55259
 47.77677 -18.34785
 47.75626 -18.27302
 47.75388 -18.23592
 47.76249 -18.11262
 47.75252 -17.88353
 47.75001 -17.82571
 47.76538 -17.74200
 47.77367 -17.71924
 47.77383 -17.71947
 47.77951 -17.72737
 47.78680 -17.73125
 47.81021 -17.73838
 47.81362 -17.74045
 47.81527 -17.74272
 47.81489 -17.74510
 47.81331 -17.74913
 47.81303 -17.75114
 47.81300 -17.75331
 47.81271 -17.75549
 47.81212 -17.75781
 47.81331 -17.76355
 47.81631 -17.77176
 47.82618 -17.79052
 47.83088 -17.79781
 47.83496 -17.80205
 47.85643 -17.80236
 47.86315 -17.80592
 47.86793 -17.80964
 47.87186 -17.81507
 47.87367 -17.81801
 47.87429 -17.82065
 47.87387 -17.82266
 47.87522 -17.82654
 47.87899 -17.83414
 47.89015 -17.84545
 47.90447 -17.86922
 47.91170 -17.88597
 47.91576 -17.89232
 47.91940 -17.89356
 47.92405 -17.89046
 47.93170 -17.88380
 47.94359 -17.88566
 47.94694 -17.88767
 47.95010 -17.88907
 47.95382 -17.88953
 47.95769 -17.88845
 47.96069 -17.88721
 47.96513 -17.87992
 47.99102 -17.88240
 48.02573 -17.87543
 48.04746 -17.88008
 48.05278 -17.87977
 48.05681 -17.87729
 48.05810 -17.87465
 48.05867 -17.87217
 48.05867 -17.86876
 48.05882 -17.86690
 48.05986 -17.86271
 48.06045 -17.85569
 48.06123 -17.85248
 48.06371 -17.84809
 48.06528 -17.84654
 48.06782 -17.84685
 48.07572 -17.85088
 48.07924 -17.84902
 48.08048 -17.84592
 48.07988 -17.83987
 48.07603 -17.82344
 48.07572 -17.81801
 48.07681 -17.81367
 48.08063 -17.80685
 48.08311 -17.80406
 48.08626 -17.80344
 48.09004 -17.80530
 48.10389 -17.81352
 48.11205 -17.81398
 48.11892 -17.80856
 48.15143 -17.76463
 48.15494 -17.76417
 48.15802 -17.76804
 48.16223 -17.78448
 48.16269 -17.78975
 48.16223 -17.79331
 48.16003 -17.80029
 48.15711 -17.80716
 48.15654 -17.80995
 48.15662 -17.81274
 48.15737 -17.81584
 48.15846 -17.81863
 48.16001 -17.82111
 48.16171 -17.82297
 48.16652 -17.82545
 48.17225 -17.82592
 48.17791 -17.82282
 48.18900 -17.81429
 48.19360 -17.81166
 48.19670 -17.81135
 48.19892 -17.81832
 48.20042 -17.82204
 48.20057 -17.82406
 48.19975 -17.82685
 48.18833 -17.84080
 48.18742 -17.84282
 48.18776 -17.84545
 48.19391 -17.85662
 48.20026 -17.87295
 48.20274 -17.87713
 48.20636 -17.88023
 48.21359 -17.88333
 48.21902 -17.88349
 48.22303 -17.88178
 48.22626 -17.87837
 48.23318 -17.86845
 48.23463 -17.86581
 48.23501 -17.86333
 48.23664 -17.86070
 48.23956 -17.85775
 48.24749 -17.85383
 48.25106 -17.85290
 48.25411 -17.85403
 48.25612 -17.85682
 48.25954 -17.85977
 48.26233 -17.85977
 48.26532 -17.85755
 48.26755 -17.85744
 48.27052 -17.85915
 48.27457 -17.86333
 48.28282 -17.87016
 48.29829 -17.84421
 48.30046 -17.84282
 48.30346 -17.84158
 48.30522 -17.84421
 48.30687 -17.84623
 48.30951 -17.84778
 48.32620 -17.85196
 48.33025 -17.85248
 48.33421 -17.85352
 48.33710 -17.85476
 48.35193 -17.85930
 48.36309 -17.87589
 48.44805 -17.94648
 48.46417 -17.96834
 48.49428 -17.92385
 48.50624 -17.90178
 48.50750 -17.89806
 48.50779 -17.89527
 48.52288 -17.85119
 48.53590 -17.86845
 48.53807 -17.87031
 48.59060 -17.90101
 48.59572 -17.90550
 48.59556 -17.90850
 48.59461 -17.91170
 48.58882 -17.92447
 48.58835 -17.93067
 48.58913 -17.93904
 48.60158 -17.98529
 48.60396 -17.99041
 48.60600 -17.99258
 48.60814 -17.99165
 48.60975 -17.99056
 48.61608 -17.98808
 48.63008 -18.00730
 48.63130 -18.00994
 48.63207 -18.01397
 48.63093 -18.01661
 48.62949 -18.02095
 48.63062 -18.02312
 48.63310 -18.02456
 48.63941 -18.02653
 48.64396 -18.02684
 48.64959 -18.02622
 48.65589 -18.02456
 48.65716 -18.02343
 48.65801 -18.02250
 48.65889 -18.02126
 48.65967 -18.02033
 48.66124 -18.01940
 48.66171 -18.01893
 48.66220 -18.01738
 48.66261 -18.01661
 48.66339 -18.01599
 48.66990 -18.01165
 48.67308 -18.01056
 48.67455 -18.00963
 48.67569 -18.00870
 48.67620 -18.00777
 48.67796 -18.00668
 48.68083 -18.00591
 48.68762 -18.00606
 48.69186 -18.00560
 48.69605 -18.00467
 48.70232 -18.00250
 48.70561 -18.00234
 48.70837 -18.00327
 48.71253 -18.00823
 48.71630 -18.01537
 48.71517 -18.03619
 48.71411 -18.03914
 48.71271 -18.04208
 48.71054 -18.04239
 48.70775 -18.04224
 48.70354 -18.04317
 48.70209 -18.04487
 48.69191 -18.11608
 48.68860 -18.12430
 48.67357 -18.14621
 48.66871 -18.15148
 48.65522 -18.16249
 48.64783 -18.17055
 48.63140 -18.21386
 48.62830 -18.23122
 48.62096 -18.24254
 48.61202 -18.25060
 48.60597 -18.25111
 48.59657 -18.24533
 48.58794 -18.23680
 48.57799 -18.22874
 48.57145 -18.22796
 48.56737 -18.22998
 48.56520 -18.23246
 48.56293 -18.23571
 48.55828 -18.23602
 48.55642 -18.23866
 48.55554 -18.24300
 48.55572 -18.25499
 48.55461 -18.25887
 48.55249 -18.26243
 48.54861 -18.26770
 48.53985 -18.28724
 48.53662 -18.29173
 48.52277 -18.30124
 48.50024 -18.31256
 48.49430 -18.33705
 48.49399 -18.34387
 48.49482 -18.34449
 48.49846 -18.34666
 48.50200 -18.34930
 48.50272 -18.35147
 48.50200 -18.35333
 48.49564 -18.35984
 48.49177 -18.36656
 48.49229 -18.36873
 48.49296 -18.36997
 48.49428 -18.37028
 48.49523 -18.37090
 48.49642 -18.37276
 48.50226 -18.38749
 48.52089 -18.41948
 48.54923 -18.48991
 48.53443 -18.50448
 48.53125 -18.51130
 48.52805 -18.51316
 48.52567 -18.51099
 48.51371 -18.49627
 48.50588 -18.48991
 48.50226 -18.48867
 48.50092 -18.49115
 48.50448 -18.51549
 48.50448 -18.52433
 48.50249 -18.53275
 48.49968 -18.53616
 48.49513 -18.53818
 48.49037 -18.53787
 48.48585 -18.53709
 48.47937 -18.53539
 48.47663 -18.53585
 48.47513 -18.53756
 48.47435 -18.54329
 48.47322 -18.54391
 48.47141 -18.54267
 48.46407 -18.53430
 48.46107 -18.53161
 48.45451 -18.53089
 48.44908 -18.53399
 48.43896 -18.54236
 48.43332 -18.54469
 48.42735 -18.54469
 48.42175 -18.54360
 48.41849 -18.54453
 48.41710 -18.54670
 48.41689 -18.54965
 48.41583 -18.55414
 48.41162 -18.55957
 48.40196 -18.56717
 48.38891 -18.57120
 48.38097 -18.57244
 48.37436 -18.57151
 48.36826 -18.56918
 48.36340 -18.56655
 48.35922 -18.56252
 48.35664 -18.55911
 48.35302 -18.55244
 48.35113 -18.55073
 48.34868 -18.54980
 48.34604 -18.54903
 48.34366 -18.54701
 48.34139 -18.54453
 48.33568 -18.53616
 48.33111 -18.53120
 48.31989 -18.54128
 48.31958 -18.54577
 48.32398 -18.54903
 48.32604 -18.55182
 48.32997 -18.55880
 48.33178 -18.56081
 48.33868 -18.56732
 48.34480 -18.57569
 48.34767 -18.58830
 48.35415 -18.65099
 48.36108 -18.68308
 48.36382 -18.68556
 48.36609 -18.68649
 48.36935 -18.68680
 48.37242 -18.68757
 48.37565 -18.69191
 48.37782 -18.69398
 48.38025 -18.69522
 48.38268 -18.69563
 48.38457 -18.69687
 48.38873 -18.70266
 48.39299 -18.70623
 48.39555 -18.70902
 48.40508 -18.72344
 48.41260 -18.73289
 48.41503 -18.73847
 48.41622 -18.74297
 48.41413 -18.75475
 48.38581 -18.78348
 48.37126 -18.80943
 48.36635 -18.81563
 48.30646 -18.85485
 48.27814 -18.84648
 48.27442 -18.84446
 48.26972 -18.84136
 48.26155 -18.82911
 48.25137 -18.81780
 48.24651 -18.81408
 48.24297 -18.81346
 48.23649 -18.82260
 48.23494 -18.82260
 48.23346 -18.82121
 48.23122 -18.81749
 48.22863 -18.81687
 48.22496 -18.81857
 48.21515 -18.82679
 48.20863 -18.83082
 48.20561 -18.83097
 48.20393 -18.82958
 48.20233 -18.82477
 48.19879 -18.82059
 48.19473 -18.81408
 48.18951 -18.80860
 48.18517 -18.80705
 48.17928 -18.80705
 48.17419 -18.80850
 48.17008 -18.81036
 48.16714 -18.81346
 48.16579 -18.81594
 48.16538 -18.81857
 48.16577 -18.82105
 48.16716 -18.82353
 48.16920 -18.82555
 48.17267 -18.82787
 48.17453 -18.83035
 48.17566 -18.83361
 48.17582 -18.83795
 48.17551 -18.84291
 48.17463 -18.84849
 48.17308 -18.85268
 48.16282 -18.87195
 48.16099 -18.87676
 48.16026 -18.88095
 48.16019 -18.88374
 48.16078 -18.88916
 48.16068 -18.89211
 48.15913 -18.90017
 48.15866 -18.90513
 48.15897 -18.91009
 48.16099 -18.91970
 48.16119 -18.92425
 48.16068 -18.93045
 48.16083 -18.93231
 48.16143 -18.93324
 48.16254 -18.93386
 48.16450 -18.93433
 48.16771 -18.93557
 48.17184 -18.93867
 48.17453 -18.94177
 48.17608 -18.94502
 48.17752 -18.95247
 48.17866 -18.95619
 48.18039 -18.95991
 48.18212 -18.96797
 48.18274 -18.97469
 48.18398 -18.97996
 48.18889 -18.99391
 48.19158 -19.01065
 48.19251 -19.01422
 48.19287 -19.01701
 48.19210 -19.02290
 48.19205 -19.02631
 48.19241 -19.03132
 48.19422 -19.03629
 48.19685 -19.04156
 48.20677 -19.05768
 48.19665 -19.07117
 48.19499 -19.07241
 48.19241 -19.07365
 48.19070 -19.07334
 48.18770 -19.07334
 48.18579 -19.07303
 48.18373 -19.07194
 48.17944 -19.06745
 48.17652 -19.06543
 48.17246 -19.06342
 48.16512 -19.06063
 48.15972 -19.06094
 48.14140 -19.06698
 48.13450 -19.06652
 48.12766 -19.06295
 48.12115 -19.05566
 48.11675 -19.04977
 48.11422 -19.04528
 48.11213 -19.04032
 48.10967 -19.03660
 48.10693 -19.03380
 48.10200 -19.03081
 48.09081 -19.01949
 48.08745 -19.01763
 48.07510 -19.01794
 48.06588 -19.01897
 48.06550 -19.01902
