3628 69 9.03389 10.44611 -123.34685 -122.59494 'Central Visayas (Philippines)'
 10.39440 -123.34700
 10.27670 -123.33400
 10.24240 -123.32600
 10.12780 -123.28400
 10.08710 -123.26700
 10.02330 -123.23800
 10.00080 -123.22200
 9.98389 -123.20600
 9.95445 -123.18600
 9.91195 -123.15900
 9.89889 -123.15300
 9.82965 -123.13900
 9.81722 -123.14500
 9.75666 -123.15700
 9.71277 -123.16200
 9.69527 -123.16300
 9.66055 -123.15500
 9.65111 -123.14300
 9.65333 -123.12900
 9.65236 -123.11700
 9.62764 -123.10700
 9.54500 -123.14900
 9.47514 -123.19100
 9.42195 -123.23800
 9.34861 -123.30200
 9.33305 -123.31300
 9.31916 -123.31600
 9.29639 -123.31300
 9.22972 -123.29600
 9.21972 -123.29200
 9.19277 -123.27800
 9.14666 -123.24500
 9.09527 -123.19000
 9.07000 -123.16200
 9.04500 -123.12900
 9.03389 -123.01500
 9.04698 -122.98600
 9.07416 -122.93900
 9.13778 -122.90900
 9.19445 -122.89000
 9.23250 -122.87900
 9.26250 -122.87400
 9.28389 -122.87500
 9.30972 -122.87300
 9.32403 -122.86600
 9.35500 -122.80600
 9.35972 -122.78700
 9.37222 -122.72700
 9.37285 -122.70600
 9.37445 -122.69100
 9.37903 -122.67600
 9.39861 -122.64200
 9.42334 -122.60400
 9.43503 -122.59500
 9.53500 -122.67700
 9.66889 -122.78600
 9.92861 -122.99100
 10.07330 -123.07100
 10.28280 -123.18100
 10.30690 -123.17400
 10.37610 -123.15500
 10.42190 -123.14400
 10.43920 -123.19900
 10.44610 -123.23000
 10.44280 -123.24100
 10.43640 -123.24900
 10.41440 -123.25600
 10.40420 -123.30200
 10.39440 -123.34700
3629 63 9.41027 11.27750 -124.06840 -123.29707 'Central Visayas (Philippines)'
 10.05000 -123.41000
 10.06390 -123.42800
 10.09290 -123.46000
 10.14280 -123.50700
 10.22860 -123.54900
 10.35360 -123.60300
 10.37080 -123.62600
 10.41280 -123.66400
 10.50190 -123.70900
 10.53540 -123.70600
 10.56100 -123.71400
 10.64390 -123.75900
 10.68920 -123.79200
 10.75190 -123.83300
 10.81280 -123.86400
 10.84000 -123.87400
 10.92190 -123.90300
 11.09000 -123.96100
 11.12240 -123.96000
 11.14930 -123.94600
 11.17750 -123.94700
 11.27120 -124.00900
 11.27750 -124.05000
 11.24620 -124.06800
 11.21240 -124.04600
 11.11890 -124.02000
 11.05380 -124.02800
 11.00970 -124.04600
 10.87810 -124.05500
 10.79560 -124.03500
 10.61780 -124.03200
 10.45190 -124.01800
 10.40780 -124.00500
 10.38700 -124.02000
 10.35540 -124.00200
 10.32440 -123.96400
 10.23080 -123.79600
 10.22420 -123.77100
 10.16860 -123.71700
 10.06990 -123.63700
 10.02620 -123.62300
 9.97514 -123.62600
 9.94222 -123.62700
 9.87291 -123.60300
 9.84847 -123.57400
 9.80250 -123.53900
 9.71909 -123.51400
 9.67889 -123.51200
 9.57195 -123.47300
 9.51972 -123.43900
 9.43416 -123.37200
 9.41674 -123.35200
 9.41027 -123.33400
 9.41674 -123.30500
 9.48750 -123.29700
 9.55695 -123.30700
 9.77583 -123.34800
 9.87125 -123.37200
 9.87423 -123.39700
 9.92326 -123.40100
 9.94274 -123.37900
 9.99069 -123.37400
 10.05000 -123.41000
3630 41 9.58445 10.15805 -124.59922 -123.78165 'Central Visayas (Philippines)'
 10.05560 -124.52900
 10.03670 -124.55000
 10.02220 -124.56400
 9.99250 -124.57400
 9.91274 -124.57900
 9.88628 -124.57400
 9.86942 -124.55300
 9.84843 -124.52900
 9.82478 -124.55700
 9.81024 -124.58800
 9.76174 -124.59900
 9.73403 -124.57800
 9.72666 -124.53100
 9.75027 -124.50100
 9.65882 -124.40800
 9.62361 -124.35700
 9.60889 -124.31800
 9.60027 -124.29000
 9.59653 -124.26800
 9.58472 -124.09700
 9.58445 -124.05900
 9.59861 -123.95700
 9.63527 -123.86100
 9.73333 -123.79200
 9.76972 -123.78200
 9.84389 -123.78700
 9.91527 -123.88600
 9.95027 -123.95700
 9.96042 -123.98000
 9.99833 -124.04500
 10.11140 -124.13300
 10.13150 -124.13900
 10.14810 -124.15200
 10.15670 -124.21100
 10.15810 -124.24200
 10.15710 -124.31500
 10.14680 -124.37600
 10.09500 -124.42000
 10.05830 -124.46700
 10.05000 -124.48700
 10.05560 -124.52900
3631 24 9.08889 9.29681 -123.70764 -123.45721 'Central Visayas (Philippines)'
 9.08889 -123.58600
 9.09055 -123.56800
 9.09666 -123.55700
 9.16195 -123.47900
 9.17861 -123.46100
 9.19055 -123.45700
 9.21111 -123.46200
 9.22006 -123.47500
 9.21027 -123.50400
 9.22416 -123.54900
 9.22945 -123.55900
 9.24916 -123.58300
 9.26097 -123.58900
 9.27597 -123.59200
 9.29653 -123.59900
 9.29681 -123.62900
 9.27500 -123.64900
 9.22639 -123.67500
 9.14972 -123.70700
 9.13805 -123.70800
 9.12611 -123.70000
 9.11153 -123.67800
 9.09222 -123.60900
 9.08889 -123.58600
3632 169 6.88861 8.73111 -123.70679 -121.89695 'Western Mindanao (Philippines)'
 8.62038 -123.54900
 8.34916 -123.55300
 8.05361 -123.55700
 8.04361 -123.56400
 8.01278 -123.63900
 8.00794 -123.65900
 7.97014 -123.65300
 7.95445 -123.66700
 7.95834 -123.68100
 7.96815 -123.68900
 7.91334 -123.70700
 7.90000 -123.70200
 7.88236 -123.68400
 7.82949 -123.61100
 7.83500 -123.60100
 7.84903 -123.56800
 7.84805 -123.54000
 7.81055 -123.45900
 7.75528 -123.44900
 7.73597 -123.47800
 7.72416 -123.48400
 7.68277 -123.48300
 7.65361 -123.47400
 7.64166 -123.46900
 7.62819 -123.46100
 7.61833 -123.44800
 7.61076 -123.42500
 7.60972 -123.40900
 7.60583 -123.38900
 7.56861 -123.34200
 7.55777 -123.33500
 7.54722 -123.33900
 7.46778 -123.41100
 7.45027 -123.43800
 7.43792 -123.44800
 7.37236 -123.45600
 7.35611 -123.41300
 7.35639 -123.40300
 7.37111 -123.38400
 7.41403 -123.33200
 7.46084 -123.28900
 7.47334 -123.28500
 7.49125 -123.29600
 7.51764 -123.30600
 7.52569 -123.29900
 7.53431 -123.22900
 7.52722 -123.21600
 7.50472 -123.18800
 7.49445 -123.18500
 7.48063 -123.19300
 7.46361 -123.17300
 7.50389 -123.12500
 7.52000 -123.11100
 7.54958 -123.10300
 7.57305 -123.13200
 7.57840 -123.16400
 7.57584 -123.18000
 7.58569 -123.19500
 7.60805 -123.19100
 7.70889 -123.13500
 7.72889 -123.11700
 7.67861 -123.06400
 7.65139 -123.04300
 7.62277 -123.03100
 7.59555 -123.03200
 7.58125 -123.03700
 7.55250 -123.02900
 7.47666 -123.00300
 7.45548 -122.99300
 7.47583 -122.95300
 7.46611 -122.87900
 7.43527 -122.84500
 7.43695 -122.81300
 7.47139 -122.78000
 7.68083 -122.78300
 7.69750 -122.79200
 7.70972 -122.80000
 7.71264 -122.82000
 7.73222 -122.81700
 7.74653 -122.81000
 7.76472 -122.78800
 7.78028 -122.71900
 7.78111 -122.65900
 7.77305 -122.62400
 7.73027 -122.54800
 7.68916 -122.51200
 7.67777 -122.50200
 7.59584 -122.44400
 7.58084 -122.43400
 7.47055 -122.35900
 7.45361 -122.35100
 7.43750 -122.34400
 7.40084 -122.34600
 7.39778 -122.36600
 7.38924 -122.39300
 7.33389 -122.36100
 7.30889 -122.33200
 7.30834 -122.32900
 7.34000 -122.32000
 7.33403 -122.30500
 7.32500 -122.29500
 7.30805 -122.29000
 7.23027 -122.27300
 7.15722 -122.25700
 7.10722 -122.25200
 6.95014 -122.18700
 6.90528 -122.15000
 6.89111 -122.13100
 6.88861 -122.12000
 6.89027 -122.10500
 6.91222 -122.04400
 6.95111 -121.95700
 6.96000 -121.94700
 6.96805 -121.94100
 6.99416 -121.92100
 7.07722 -121.89700
 7.14542 -121.90100
 7.17889 -121.91900
 7.19195 -121.92600
 7.20250 -121.93400
 7.32666 -122.03500
 7.35250 -122.02900
 7.43722 -122.05400
 7.50472 -122.07700
 7.53916 -122.09900
 7.56334 -122.12600
 7.64264 -122.13100
 7.67222 -122.12900
 7.68666 -122.12600
 7.72250 -122.11300
 7.72777 -122.10300
 7.77584 -122.11100
 7.84166 -122.14700
 7.96416 -122.22500
 7.99722 -122.26600
 8.01472 -122.30000
 8.03028 -122.33300
 8.03861 -122.35100
 8.06555 -122.44200
 8.07139 -122.46600
 8.07055 -122.47900
 8.06639 -122.48900
 8.06250 -122.50300
 8.11166 -122.77900
 8.11416 -122.79200
 8.11972 -122.82000
 8.14347 -122.90600
 8.15083 -122.92300
 8.20166 -122.99100
 8.22277 -122.99700
 8.33083 -122.98400
 8.41945 -122.98300
 8.48875 -123.02600
 8.51680 -123.06400
 8.53389 -123.17900
 8.53416 -123.19200
 8.52500 -123.21700
 8.51278 -123.25900
 8.51166 -123.27400
 8.51445 -123.29100
 8.52305 -123.30500
 8.54583 -123.32200
 8.64222 -123.36900
 8.70597 -123.37900
 8.72527 -123.37900
 8.73111 -123.39400
 8.71735 -123.43400
 8.63111 -123.53100
 8.62038 -123.54900
3633 31 6.40834 6.75250 -122.23831 -121.79276 'Western Mindanao (Philippines)'
 6.40834 -121.99100
 6.41166 -121.97200
 6.42445 -121.95400
 6.44972 -121.92000
 6.45722 -121.91100
 6.59777 -121.79400
 6.63055 -121.79300
 6.65486 -121.80300
 6.67500 -121.82300
 6.67889 -121.83300
 6.67945 -121.84900
 6.67347 -121.86200
 6.66264 -121.86800
 6.65500 -121.88400
 6.66861 -121.93200
 6.70416 -121.97400
 6.72292 -121.98700
 6.73861 -121.99900
 6.75055 -122.02100
 6.75250 -122.07600
 6.71472 -122.10700
 6.68111 -122.14400
 6.66777 -122.19400
 6.66084 -122.23000
 6.59222 -122.23800
 6.50722 -122.19700
 6.45805 -122.16300
 6.42139 -122.07000
 6.41527 -122.05100
 6.41153 -122.03600
 6.40834 -121.99100
3634 30 5.85416 6.08834 -121.42713 -120.86887 'Western Mindanao (Philippines)'
 5.85416 -121.28800
 5.87264 -121.28200
 5.93111 -121.24000
 5.94195 -121.23200
 5.94916 -121.19800
 5.94111 -121.18400
 5.88805 -121.08400
 5.88778 -120.93200
 5.89084 -120.92000
 5.91931 -120.87700
 5.94361 -120.86900
 5.95389 -120.86900
 5.99834 -120.89100
 6.02166 -120.92000
 6.07805 -121.01600
 6.08834 -121.11700
 6.08666 -121.12800
 6.07361 -121.15600
 6.04000 -121.18500
 6.01611 -121.25400
 6.00931 -121.39100
 5.99972 -121.40800
 5.97764 -121.42700
 5.95431 -121.42600
 5.91666 -121.38900
 5.91389 -121.36800
 5.91389 -121.35300
 5.88695 -121.31500
 5.87333 -121.30200
 5.85416 -121.28800
3635 38 5.04916 5.34660 -120.25665 -119.81638 'Western Mindanao (Philippines)'
 5.04916 -119.85800
 5.05236 -119.84200
 5.05695 -119.83200
 5.13166 -119.81600
 5.14722 -119.82500
 5.15569 -119.84200
 5.15500 -119.86100
 5.15264 -119.87700
 5.23611 -120.02900
 5.25555 -120.05400
 5.27666 -120.07800
 5.31139 -120.12800
 5.34250 -120.17600
 5.34660 -120.21100
 5.32534 -120.22000
 5.30516 -120.21800
 5.29304 -120.23200
 5.28222 -120.25400
 5.26084 -120.25700
 5.23334 -120.25400
 5.12674 -120.22600
 5.13055 -120.19700
 5.13445 -120.18000
 5.14416 -120.17000
 5.17277 -120.11300
 5.18347 -120.05100
 5.17945 -120.03700
 5.15972 -120.00800
 5.14527 -120.00000
 5.12472 -119.99500
 5.11361 -119.99300
 5.10305 -119.98900
 5.08945 -119.98100
 5.07972 -119.96500
 5.09114 -119.95500
 5.09197 -119.94200
 5.07166 -119.91500
 5.04916 -119.85800
3636 16 7.27528 7.43597 -122.97561 -122.78568 'Western Mindanao (Philippines)'
 7.27528 -122.83300
 7.28139 -122.81700
 7.28945 -122.80900
 7.33945 -122.78600
 7.35236 -122.78600
 7.39055 -122.79400
 7.40889 -122.80100
 7.42236 -122.80600
 7.43305 -122.82900
 7.43597 -122.90000
 7.42277 -122.93000
 7.41500 -122.93800
 7.36514 -122.97600
 7.31722 -122.90100
 7.30555 -122.85000
 7.27528 -122.83300
3637 10 6.24027 6.39465 -120.60305 -120.47992 'Western Mindanao (Philippines)'
 6.24027 -120.54700
 6.24055 -120.53600
 6.25729 -120.48000
 6.37000 -120.55400
 6.38334 -120.56800
 6.39465 -120.60000
 6.38000 -120.60300
 6.25222 -120.57900
 6.24527 -120.57000
 6.24027 -120.54700
3638 86 10.41319 11.92750 -123.16665 -121.84942 'Western Visayas (Philippines)'
 11.23360 -122.04900
 11.32670 -122.03900
 11.40110 -122.04800
 11.47500 -122.06800
 11.59690 -122.09300
 11.64830 -122.10100
 11.70500 -122.09700
 11.73070 -122.07500
 11.75060 -121.98800
 11.75690 -121.94400
 11.75640 -121.91100
 11.75250 -121.87500
 11.75850 -121.84900
 11.89960 -121.88800
 11.92750 -121.95400
 11.92330 -121.97400
 11.91080 -122.00300
 11.87760 -122.03100
 11.84890 -122.06200
 11.82920 -122.10900
 11.82400 -122.14200
 11.80970 -122.20700
 11.79780 -122.22900
 11.69530 -122.40500
 11.58780 -122.52100
 11.52110 -122.58700
 11.57220 -122.70200
 11.60170 -122.74700
 11.60860 -122.83100
 11.53810 -122.89200
 11.48780 -122.89600
 11.45310 -122.86600
 11.43030 -122.88000
 11.43180 -122.90700
 11.48690 -123.00100
 11.52920 -123.07200
 11.55210 -123.10600
 11.58000 -123.13000
 11.59860 -123.14700
 11.56440 -123.16700
 11.39500 -123.14900
 11.36500 -123.14500
 11.23670 -123.09500
 11.20360 -123.12100
 11.16570 -123.12400
 11.04280 -122.94600
 11.02470 -122.87600
 10.98600 -122.78800
 10.94460 -122.73100
 10.91100 -122.77600
 10.86280 -122.77300
 10.82280 -122.75200
 10.80080 -122.72900
 10.80370 -122.62200
 10.72470 -122.58900
 10.67810 -122.48600
 10.66860 -122.38700
 10.65170 -122.26400
 10.63470 -122.20800
 10.57500 -122.10300
 10.54780 -122.08500
 10.51810 -122.07400
 10.48920 -122.05600
 10.45780 -122.02900
 10.44310 -122.01300
 10.41320 -121.97000
 10.41640 -121.94300
 10.42680 -121.92400
 10.44460 -121.91000
 10.50270 -121.92000
 10.52610 -121.94700
 10.55350 -121.96000
 10.61220 -121.97100
 10.64640 -121.97500
 10.67970 -121.97500
 10.73240 -121.95100
 10.78170 -121.93300
 10.85360 -121.95500
 10.92870 -121.98200
 10.94750 -122.00100
 10.99220 -122.03400
 11.02940 -122.05100
 11.08560 -122.04400
 11.11970 -122.03900
 11.17140 -122.03600
 11.23360 -122.04900
3639 69 9.43503 11.00042 -123.56387 -122.39638 'Western Visayas (Philippines)'
 9.43503 -122.59500
 9.44583 -122.57700
 9.48375 -122.54200
 9.55916 -122.48200
 9.65834 -122.41400
 9.72861 -122.39600
 9.79861 -122.40700
 9.97486 -122.45400
 9.98195 -122.50100
 9.98139 -122.53100
 9.97805 -122.57200
 9.97195 -122.60600
 9.97055 -122.61800
 9.97305 -122.66300
 9.98166 -122.68700
 10.03610 -122.79400
 10.05110 -122.81400
 10.05310 -122.82200
 10.09510 -122.85700
 10.12000 -122.86200
 10.15250 -122.86200
 10.31890 -122.85500
 10.42720 -122.82900
 10.54400 -122.83600
 10.54560 -122.84700
 10.55080 -122.85900
 10.56720 -122.88000
 10.61110 -122.91800
 10.68720 -122.95200
 10.73780 -122.96300
 10.80440 -122.96600
 10.81330 -122.96000
 10.83330 -122.94900
 10.84440 -122.94600
 10.85830 -122.94600
 10.89440 -122.95200
 10.91920 -123.00000
 10.99940 -123.18500
 11.00040 -123.19900
 10.99670 -123.22400
 10.93740 -123.50500
 10.84470 -123.56300
 10.83220 -123.56400
 10.79420 -123.56400
 10.51810 -123.46600
 10.50280 -123.45100
 10.47720 -123.42100
 10.47250 -123.40700
 10.46860 -123.39500
 10.45220 -123.37300
 10.43530 -123.36200
 10.42610 -123.35700
 10.41030 -123.35100
 10.39440 -123.34700
 10.40420 -123.30200
 10.41440 -123.25600
 10.43640 -123.24900
 10.44280 -123.24100
 10.44610 -123.23000
 10.43920 -123.19900
 10.42190 -123.14400
 10.37610 -123.15500
 10.30690 -123.17400
 10.28280 -123.18100
 10.07330 -123.07100
 9.92861 -122.99100
 9.66889 -122.78600
 9.53500 -122.67700
 9.43503 -122.59500
3640 21 10.40305 10.74680 -122.73109 -122.47971 'Western Visayas (Philippines)'
 10.40310 -122.54400
 10.40730 -122.52200
 10.47580 -122.48100
 10.48780 -122.48000
 10.58500 -122.51900
 10.59330 -122.52400
 10.61970 -122.54400
 10.70720 -122.61700
 10.74680 -122.65700
 10.74490 -122.67200
 10.71670 -122.71300
 10.69110 -122.72300
 10.63860 -122.72900
 10.61780 -122.73100
 10.50420 -122.68500
 10.47330 -122.66800
 10.44360 -122.63500
 10.43220 -122.61100
 10.43330 -122.59400
 10.42920 -122.56600
 10.40310 -122.54400
3645 209 12.53166 14.34472 -124.19637 -122.30609 'Bicol (Philippines)'
 13.24080 -123.83300
 13.25830 -123.83000
 13.26250 -123.84800
 13.23210 -123.87000
 13.22530 -123.85600
 13.22670 -123.84000
 13.23030 -123.82400
 13.23470 -123.81000
 13.23470 -123.79700
 13.23070 -123.78400
 13.22060 -123.77600
 13.18890 -123.76100
 13.17830 -123.75800
 13.16140 -123.75700
 13.08890 -123.75800
 13.06350 -123.76200
 13.05390 -123.77600
 13.04940 -123.78800
 13.04940 -123.80400
 13.08310 -123.83900
 13.11850 -123.86500
 13.13500 -123.86800
 13.14040 -123.88000
 13.14070 -123.90100
 13.10640 -123.97800
 13.09530 -123.99600
 13.07310 -124.01400
 13.05750 -124.02300
 13.04560 -124.03400
 13.00910 -124.08200
 13.01400 -124.09300
 13.03170 -124.10100
 13.04860 -124.10500
 13.06150 -124.11100
 13.07150 -124.12700
 13.07290 -124.17700
 13.06500 -124.19100
 13.05330 -124.19600
 13.03670 -124.19600
 13.01860 -124.19300
 12.96220 -124.15400
 12.90720 -124.12600
 12.85500 -124.15500
 12.81000 -124.15900
 12.70420 -124.14400
 12.66670 -124.13700
 12.55360 -124.09600
 12.54170 -124.08300
 12.53170 -124.03800
 12.53750 -124.01300
 12.54320 -123.99400
 12.55580 -123.97300
 12.65140 -123.87900
 12.69280 -123.86100
 12.72740 -123.85000
 12.82810 -123.84100
 12.86930 -123.86400
 12.86140 -123.88500
 12.85030 -123.90400
 12.84550 -123.93400
 12.87170 -124.01600
 12.87810 -124.02400
 12.88810 -124.03200
 12.92140 -124.04700
 12.93280 -124.04700
 12.94920 -124.03900
 12.96370 -124.02600
 12.97280 -123.89700
 12.96580 -123.88700
 12.93810 -123.88400
 12.89690 -123.85800
 12.87420 -123.82600
 12.86220 -123.80700
 12.85360 -123.72900
 12.88560 -123.63700
 12.90640 -123.58800
 12.96830 -123.50700
 12.98170 -123.49100
 13.02440 -123.45400
 13.04220 -123.42100
 13.04420 -123.40900
 13.02750 -123.37400
 13.01890 -123.36000
 13.01220 -123.34200
 13.00860 -123.32400
 13.03170 -123.30800
 13.05330 -123.29800
 13.11510 -123.29100
 13.14420 -123.29500
 13.17860 -123.31100
 13.29140 -123.24700
 13.37890 -123.20900
 13.40000 -123.20700
 13.41800 -123.20200
 13.43810 -123.18500
 13.45110 -123.16700
 13.46820 -123.13700
 13.49890 -123.06700
 13.50470 -123.05300
 13.51530 -123.01500
 13.51860 -123.00000
 13.51750 -122.98500
 13.57460 -122.89300
 13.62250 -122.84000
 13.63830 -122.83300
 13.65060 -122.83000
 13.68350 -122.86300
 13.70720 -122.85600
 13.73310 -122.84000
 13.78690 -122.77600
 13.89170 -122.61400
 13.93660 -122.56100
 13.96170 -122.65100
 13.96640 -122.68500
 13.98190 -122.77200
 13.99290 -122.81600
 14.01530 -122.77800
 14.08420 -122.62700
 14.16150 -122.45400
 14.11220 -122.38900
 14.09580 -122.37200
 14.08390 -122.35700
 14.07640 -122.34200
 14.07420 -122.32700
 14.07940 -122.31200
 14.09140 -122.30600
 14.10340 -122.31000
 14.10720 -122.32900
 14.11650 -122.34800
 14.13500 -122.35400
 14.15330 -122.34200
 14.16600 -122.33700
 14.18500 -122.33500
 14.19970 -122.33600
 14.24220 -122.36400
 14.25830 -122.38000
 14.32110 -122.45000
 14.34060 -122.47300
 14.34470 -122.51600
 14.33580 -122.54200
 14.31330 -122.60600
 14.33780 -122.67800
 14.34000 -122.69400
 14.33830 -122.71300
 14.31870 -122.77400
 14.27810 -122.84700
 14.26530 -122.86500
 14.19890 -122.92900
 14.06940 -123.03900
 13.96890 -123.09500
 13.88780 -123.09700
 13.87420 -123.08700
 13.86530 -123.07200
 13.84940 -123.06500
 13.81640 -123.05600
 13.79750 -123.05200
 13.77940 -123.04900
 13.77040 -123.05400
 13.74360 -123.09700
 13.73430 -123.11800
 13.71260 -123.12700
 13.69570 -123.12200
 13.66750 -123.10000
 13.70720 -123.13300
 13.74040 -123.26800
 13.78930 -123.31800
 13.80940 -123.32700
 13.83610 -123.32200
 13.92670 -123.29600
 13.94330 -123.26900
 13.96390 -123.24200
 13.97440 -123.23700
 14.00220 -123.23000
 14.04750 -123.28100
 14.08690 -123.34300
 14.08110 -123.36100
 14.02940 -123.39200
 13.98220 -123.41800
 13.96190 -123.45600
 13.91170 -123.57400
 13.87750 -123.68100
 13.78920 -123.92500
 13.75180 -123.97000
 13.73780 -123.97500
 13.71690 -123.97800
 13.70720 -123.97200
 13.68720 -123.81000
 13.69000 -123.78700
 13.69280 -123.77400
 13.70640 -123.71800
 13.72280 -123.61800
 13.72330 -123.59700
 13.71830 -123.58000
 13.70650 -123.57000
 13.67390 -123.55200
 13.62420 -123.53500
 13.57120 -123.53300
 13.55820 -123.54200
 13.48810 -123.63500
 13.48060 -123.66800
 13.47530 -123.67800
 13.43820 -123.70400
 13.37000 -123.73400
 13.32890 -123.75200
 13.30190 -123.78700
 13.29090 -123.81100
 13.27640 -123.82100
 13.25500 -123.81900
 13.24080 -123.83300
3646 37 11.71611 12.60576 -124.07909 -123.14415 'Bicol (Philippines)'
 11.90420 -123.16500
 11.90650 -123.16000
 11.93490 -123.14400
 12.06690 -123.21000
 12.13580 -123.24600
 12.24470 -123.30200
 12.33890 -123.26900
 12.58470 -123.23400
 12.60580 -123.24600
 12.57610 -123.32600
 12.51470 -123.46600
 12.45080 -123.54300
 12.34690 -123.66900
 12.24280 -123.80500
 12.21690 -123.87800
 12.18920 -123.91100
 11.97890 -124.04500
 11.85040 -124.07400
 11.72790 -124.07900
 11.71610 -124.06500
 11.79330 -124.00700
 11.82360 -123.97600
 11.86360 -123.92000
 11.89690 -123.86200
 11.90890 -123.83800
 11.91930 -123.80100
 12.09220 -123.61500
 12.11580 -123.60300
 12.14670 -123.58400
 12.20540 -123.53700
 12.20930 -123.47600
 12.19940 -123.44100
 12.08830 -123.35200
 11.97040 -123.25200
 11.95390 -123.23300
 11.90580 -123.17300
 11.90420 -123.16500
3647 38 13.51527 14.09875 -124.41805 -124.03055 'Bicol (Philippines)'
 13.51530 -124.20800
 13.51780 -124.20300
 13.53250 -124.17800
 13.61080 -124.05500
 13.64890 -124.03400
 13.66390 -124.03100
 13.68760 -124.06000
 13.69420 -124.07400
 13.70170 -124.09300
 13.75810 -124.12400
 13.79220 -124.13400
 13.92080 -124.14800
 13.93140 -124.14500
 13.94920 -124.13500
 13.98060 -124.12800
 13.99780 -124.12700
 14.04610 -124.12800
 14.06040 -124.13000
 14.09870 -124.20800
 14.04550 -124.25500
 13.99780 -124.28200
 13.94620 -124.28700
 13.93040 -124.31300
 13.93330 -124.34900
 13.89640 -124.39400
 13.87780 -124.40700
 13.85440 -124.41700
 13.79320 -124.41800
 13.54860 -124.33100
 13.55570 -124.31700
 13.58830 -124.31000
 13.59390 -124.29400
 13.59440 -124.28000
 13.59390 -124.26000
 13.58810 -124.24500
 13.56010 -124.21100
 13.54280 -124.20800
 13.51530 -124.20800
3648 17 12.69139 13.14916 -123.38353 -122.93124 'Bicol (Philippines)'
 12.69140 -123.36900
 12.74280 -123.31700
 12.83250 -123.22000
 12.99570 -123.03100
 13.00570 -122.98800
 13.03110 -122.95000
 13.10920 -122.93100
 13.14920 -122.99300
 13.14780 -123.00500
 13.13670 -123.04500
 13.11560 -123.05900
 12.98500 -123.14700
 12.90830 -123.22400
 12.83810 -123.28200
 12.71690 -123.37600
 12.69560 -123.38400
 12.69140 -123.36900
3649 17 12.34222 12.67389 -123.79860 -123.58110 'Bicol (Philippines)'
 12.34220 -123.78700
 12.39470 -123.73800
 12.40920 -123.72600
 12.45500 -123.69000
 12.55110 -123.62900
 12.62780 -123.58100
 12.64780 -123.58200
 12.65860 -123.58400
 12.67390 -123.63400
 12.62440 -123.70400
 12.61000 -123.72200
 12.60170 -123.72800
 12.58500 -123.73400
 12.50920 -123.76100
 12.36810 -123.79900
 12.34650 -123.79400
 12.34220 -123.78700
3650 103 16.18444 18.48055 -121.66970 -120.46390 'Cordillera Administrative Region (Philippines)'
 16.20080 -120.75700
 16.18440 -120.67000
 16.23230 -120.52600
 16.25440 -120.51600
 16.37750 -120.48500
 16.43310 -120.47600
 16.50080 -120.47100
 16.65270 -120.59500
 16.67780 -120.61500
 16.70390 -120.61500
 16.73970 -120.61800
 16.86030 -120.63800
 16.88970 -120.65100
 16.90920 -120.68600
 16.90920 -120.75200
 16.92120 -120.77400
 16.93310 -120.78100
 16.98530 -120.79100
 17.12970 -120.80100
 17.15280 -120.75300
 17.15890 -120.72500
 17.18510 -120.68600
 17.20110 -120.68000
 17.24300 -120.68600
 17.25720 -120.67900
 17.26580 -120.67300
 17.29420 -120.61700
 17.30720 -120.55800
 17.34140 -120.53400
 17.37610 -120.53700
 17.42280 -120.57100
 17.48420 -120.58600
 17.49110 -120.57600
 17.50640 -120.52500
 17.49830 -120.49400
 17.48550 -120.47300
 17.49500 -120.46400
 17.51640 -120.46400
 17.57580 -120.48100
 17.64280 -120.50500
 17.74190 -120.55900
 17.82110 -120.62100
 17.95280 -120.84000
 17.95500 -120.85100
 17.94580 -120.91500
 17.95280 -120.92800
 17.96720 -120.93900
 17.99690 -120.95000
 18.02720 -120.94200
 18.10420 -120.94100
 18.12530 -120.94800
 18.15970 -120.98100
 18.17170 -120.98400
 18.32750 -120.95800
 18.44690 -120.95700
 18.48060 -121.10400
 18.42530 -121.25800
 18.39080 -121.32400
 18.31220 -121.45600
 18.24920 -121.49000
 18.13000 -121.47500
 18.05810 -121.44900
 17.98940 -121.40100
 17.85470 -121.31800
 17.83610 -121.31700
 17.80830 -121.32900
 17.67920 -121.46000
 17.56250 -121.56500
 17.54310 -121.61400
 17.51830 -121.65300
 17.49940 -121.66700
 17.47330 -121.67000
 17.45940 -121.65700
 17.44000 -121.62100
 17.38780 -121.60000
 17.27940 -121.57300
 17.25020 -121.57100
 17.15330 -121.57200
 17.12500 -121.57200
 16.91050 -121.57400
 16.90150 -121.56800
 16.85310 -121.53300
 16.83220 -121.50400
 16.82420 -121.46200
 16.82140 -121.42800
 16.78970 -121.34300
 16.76440 -121.33500
 16.74780 -121.34100
 16.69830 -121.31600
 16.66220 -121.29100
 16.65330 -121.26400
 16.61140 -121.03000
 16.59750 -120.90300
 16.53530 -120.89800
 16.44280 -120.90700
 16.37000 -120.87900
 16.31860 -120.85300
 16.31330 -120.83300
 16.32390 -120.82300
 16.32500 -120.80800
 16.25030 -120.75500
 16.21970 -120.75300
 16.20080 -120.75700
3651 150 15.77788 18.62764 -122.53305 -120.75280 'Cagayan Valley (Philippines)'
 15.77790 -121.26700
 15.83560 -121.24100
 15.89080 -121.20700
 15.90830 -121.20000
 15.94250 -121.19500
 15.96470 -121.19300
 15.98500 -121.19200
 15.99860 -121.19300
 16.01920 -121.19100
 16.04310 -121.18700
 16.05470 -121.18400
 16.06610 -121.17800
 16.07610 -121.17200
 16.08610 -121.16300
 16.09250 -121.15500
 16.09690 -121.14500
 16.13440 -121.04400
 16.13670 -121.00700
 16.13720 -120.99300
 16.13000 -120.93600
 16.11860 -120.90200
 16.10080 -120.88700
 16.17000 -120.86000
 16.20080 -120.75700
 16.21970 -120.75300
 16.25030 -120.75500
 16.32500 -120.80800
 16.32390 -120.82300
 16.31330 -120.83300
 16.31860 -120.85300
 16.37000 -120.87900
 16.44280 -120.90700
 16.53530 -120.89800
 16.59750 -120.90300
 16.61140 -121.03000
 16.65330 -121.26400
 16.66220 -121.29100
 16.69830 -121.31600
 16.74780 -121.34100
 16.76440 -121.33500
 16.78970 -121.34300
 16.82140 -121.42800
 16.82420 -121.46200
 16.83220 -121.50400
 16.85310 -121.53300
 16.90150 -121.56800
 16.91050 -121.57400
 17.12500 -121.57200
 17.15330 -121.57200
 17.25020 -121.57100
 17.27940 -121.57300
 17.38780 -121.60000
 17.44000 -121.62100
 17.45940 -121.65700
 17.47330 -121.67000
 17.49940 -121.66700
 17.51830 -121.65300
 17.54310 -121.61400
 17.56250 -121.56500
 17.67920 -121.46000
 17.80830 -121.32900
 17.83610 -121.31700
 17.85470 -121.31800
 17.98940 -121.40100
 18.05810 -121.44900
 18.13000 -121.47500
 18.24920 -121.49000
 18.31220 -121.45600
 18.39080 -121.32400
 18.42530 -121.25800
 18.48060 -121.10400
 18.44690 -120.95700
 18.49250 -120.96000
 18.58940 -120.98300
 18.58990 -120.98300
 18.59530 -120.99100
 18.60860 -121.02900
 18.62440 -121.10300
 18.62760 -121.12500
 18.62530 -121.15400
 18.61720 -121.17500
 18.60140 -121.20400
 18.58440 -121.23100
 18.56610 -121.25700
 18.49220 -121.37700
 18.38310 -121.58600
 18.36170 -121.63700
 18.30330 -121.80200
 18.28830 -121.84600
 18.27780 -121.89600
 18.26940 -121.93700
 18.26890 -121.95000
 18.27280 -121.96600
 18.28610 -122.00800
 18.29640 -122.02500
 18.37690 -122.12000
 18.43030 -122.13300
 18.44390 -122.13600
 18.50890 -122.15700
 18.51870 -122.16700
 18.52060 -122.22600
 18.51500 -122.23900
 18.38040 -122.32500
 18.36110 -122.33100
 18.31060 -122.34200
 18.27610 -122.33700
 18.24850 -122.32200
 18.21170 -122.29500
 18.17440 -122.26400
 18.16860 -122.25500
 18.15670 -122.22800
 18.15080 -122.21900
 18.12030 -122.18900
 18.07510 -122.17300
 18.03940 -122.18200
 18.02560 -122.19300
 18.00390 -122.19600
 17.93420 -122.18400
 17.88640 -122.17200
 17.83170 -122.15500
 17.80170 -122.14700
 17.78310 -122.14600
 17.60720 -122.17000
 17.59390 -122.17300
 17.46920 -122.21500
 17.39600 -122.24100
 17.36350 -122.25700
 17.34080 -122.29800
 17.33370 -122.31900
 17.34170 -122.34600
 17.26860 -122.42700
 17.15600 -122.42000
 17.13470 -122.43000
 17.12150 -122.45400
 17.11780 -122.48600
 17.12320 -122.49600
 17.13100 -122.50300
 17.13450 -122.52100
 17.10140 -122.53300
 17.04390 -122.51800
 16.88060 -122.46800
 16.78530 -122.42500
 16.56360 -122.31000
 16.54030 -122.29500
 16.52750 -122.27900
 16.51080 -122.25300
 16.50780 -122.03800
 16.23170 -121.82400
 15.92430 -121.44800
 15.77790 -121.26700
3652 12 19.24916 19.39111 -121.54359 -121.36887 'Cagayan Valley (Philippines)'
 19.24920 -121.51300
 19.28690 -121.42100
 19.31560 -121.39400
 19.35250 -121.36900
 19.36440 -121.37300
 19.39110 -121.39600
 19.39030 -121.52900
 19.35940 -121.53700
 19.29030 -121.54300
 19.27780 -121.54400
 19.26670 -121.54000
 19.24920 -121.51300
3653 13 18.81888 19.00805 -121.99505 -121.83221 'Cagayan Valley (Philippines)'
 18.81890 -121.85400
 18.82260 -121.84500
 18.86690 -121.83200
 18.88060 -121.83300
 18.97890 -121.87300
 18.99060 -121.88600
 19.00810 -121.91300
 19.00610 -121.93500
 19.00310 -121.94900
 18.96410 -121.99500
 18.94470 -121.98800
 18.83330 -121.88300
 18.81890 -121.85400
3654 159 14.42195 16.13722 -121.37082 -119.89258 'Central Luzon (Philippines)'
 14.77200 -121.10800
 14.76780 -121.07000
 14.69780 -121.02100
 14.67750 -120.99500
 14.67080 -120.97900
 14.66970 -120.96700
 14.67140 -120.95600
 14.68140 -120.92400
 14.70190 -120.90400
 14.71750 -120.88800
 14.76030 -120.83700
 14.75810 -120.79000
 14.75560 -120.77100
 14.75360 -120.75500
 14.76970 -120.68100
 14.80640 -120.61600
 14.82610 -120.56300
 14.82330 -120.54900
 14.72170 -120.54900
 14.71060 -120.55100
 14.69650 -120.55800
 14.65400 -120.58000
 14.51890 -120.61100
 14.50190 -120.61200
 14.48810 -120.61000
 14.46220 -120.60300
 14.43710 -120.58100
 14.42530 -120.55800
 14.42190 -120.54200
 14.42970 -120.49300
 14.44060 -120.45400
 14.45860 -120.39400
 14.47170 -120.38900
 14.50530 -120.38000
 14.52810 -120.37700
 14.62440 -120.31800
 14.63580 -120.30300
 14.68870 -120.25200
 14.69990 -120.25000
 14.73170 -120.25400
 14.76610 -120.26000
 14.77920 -120.27700
 14.80400 -120.29500
 14.84780 -120.24500
 14.82750 -120.21400
 14.81360 -120.21200
 14.77190 -120.20100
 14.75140 -120.19200
 14.74460 -120.18300
 14.74010 -120.15700
 14.75080 -120.13300
 14.75750 -120.12300
 14.78350 -120.08700
 14.88940 -120.05600
 14.93170 -120.05600
 14.95140 -120.05800
 14.98530 -120.06400
 15.02080 -120.06500
 15.04760 -120.06500
 15.09670 -120.05500
 15.16440 -120.03800
 15.26390 -120.01300
 15.27890 -120.00500
 15.34580 -119.96500
 15.37970 -119.93900
 15.40280 -119.90900
 15.42560 -119.89900
 15.43640 -119.89800
 15.48040 -119.90200
 15.49110 -119.90600
 15.52250 -119.95600
 15.62280 -119.90800
 15.70530 -119.92000
 15.80110 -119.89300
 15.80030 -119.90300
 15.79920 -119.91600
 15.80620 -119.97400
 15.83120 -119.98600
 15.84140 -119.99500
 15.85560 -120.01800
 15.85680 -120.02900
 15.81750 -120.09700
 15.76940 -120.16000
 15.75610 -120.16200
 15.74640 -120.16700
 15.69530 -120.19800
 15.61680 -120.25200
 15.62970 -120.29100
 15.63680 -120.30100
 15.66470 -120.32900
 15.69170 -120.34700
 15.70960 -120.35200
 15.72640 -120.35800
 15.75760 -120.40100
 15.73750 -120.44200
 15.71460 -120.48400
 15.71560 -120.49400
 15.74780 -120.54600
 15.76180 -120.56200
 15.81890 -120.62700
 15.84190 -120.73400
 15.84330 -120.74600
 15.84280 -120.77000
 15.82670 -120.78900
 15.81030 -120.80400
 15.79780 -120.80800
 15.78870 -120.82100
 15.81190 -120.84300
 15.91470 -120.91200
 15.93030 -120.91800
 15.96900 -120.92800
 15.98530 -120.92600
 16.01640 -120.91700
 16.06580 -120.89900
 16.10080 -120.88700
 16.11860 -120.90200
 16.13000 -120.93600
 16.13720 -120.99300
 16.13670 -121.00700
 16.13440 -121.04400
 16.09690 -121.14500
 16.09250 -121.15500
 16.08610 -121.16300
 16.07610 -121.17200
 16.06610 -121.17800
 16.05470 -121.18400
 16.04310 -121.18700
 16.01920 -121.19100
 15.99860 -121.19300
 15.98500 -121.19200
 15.96470 -121.19300
 15.94250 -121.19500
 15.90830 -121.20000
 15.89080 -121.20700
 15.83560 -121.24100
 15.77790 -121.26700
 15.62530 -121.31900
 15.49470 -121.36300
 15.46170 -121.37100
 15.43080 -121.36400
 15.39860 -121.35100
 15.36280 -121.34000
 15.32810 -121.33200
 15.28250 -121.32300
 15.18670 -121.30500
 15.08750 -121.29200
 15.07060 -121.29500
 15.03460 -121.32900
 15.02060 -121.33400
 14.91860 -121.34100
 14.88940 -121.34200
 14.83710 -121.25700
 14.83250 -121.23400
 14.83220 -121.22200
 14.82860 -121.20000
 14.81140 -121.15900
 14.78470 -121.12100
 14.77750 -121.11300
 14.77200 -121.10800
3655 202 15.61680 18.61083 -120.98390 -119.75277 'Ilocos (Philippines)'
 15.80110 -119.89300
 15.84070 -119.91300
 15.85610 -119.90900
 15.96290 -119.85700
 15.95000 -119.81400
 15.92580 -119.80800
 15.91890 -119.77300
 15.96040 -119.75300
 16.17420 -119.75800
 16.31850 -119.78600
 16.33250 -119.79100
 16.34690 -119.80100
 16.36500 -119.82400
 16.39670 -119.88600
 16.38360 -119.92900
 16.36220 -119.93400
 16.33080 -119.93100
 16.29030 -119.91900
 16.24280 -119.93500
 16.18390 -120.01400
 16.11360 -120.09400
 16.10140 -120.09600
 16.07350 -120.10200
 16.05440 -120.12700
 16.03610 -120.15700
 16.03310 -120.17900
 16.03060 -120.19800
 16.03060 -120.20300
 16.03390 -120.23500
 16.03860 -120.25900
 16.04610 -120.28100
 16.07560 -120.33800
 16.09360 -120.36900
 16.12060 -120.39600
 16.12970 -120.40400
 16.15580 -120.42200
 16.16910 -120.42600
 16.20750 -120.41900
 16.24280 -120.40600
 16.26400 -120.39100
 16.28470 -120.36700
 16.43000 -120.34000
 16.57670 -120.31900
 16.63110 -120.31700
 16.85140 -120.37100
 16.86190 -120.39000
 16.87390 -120.40000
 16.96860 -120.44900
 16.98170 -120.45400
 16.99500 -120.45600
 17.01140 -120.45700
 17.03640 -120.45500
 17.05470 -120.45200
 17.17780 -120.43100
 17.18800 -120.42700
 17.36060 -120.45600
 17.38970 -120.46100
 17.41170 -120.46000
 17.50970 -120.42700
 17.54100 -120.39200
 17.53320 -120.38000
 17.53100 -120.36800
 17.55580 -120.34700
 17.57170 -120.33900
 17.63940 -120.35700
 17.68030 -120.37200
 17.69220 -120.39500
 17.70800 -120.42200
 17.73250 -120.44000
 17.82350 -120.45800
 17.92920 -120.45000
 18.07860 -120.48000
 18.18890 -120.52100
 18.20190 -120.52600
 18.21330 -120.53400
 18.25360 -120.56100
 18.31500 -120.59500
 18.33080 -120.60100
 18.37030 -120.60400
 18.39310 -120.60200
 18.42440 -120.59400
 18.45500 -120.58200
 18.46810 -120.57300
 18.48110 -120.56900
 18.49320 -120.57200
 18.51140 -120.58500
 18.54750 -120.63200
 18.53890 -120.66400
 18.53310 -120.67900
 18.52860 -120.70300
 18.52670 -120.71800
 18.52700 -120.73700
 18.53220 -120.75200
 18.54030 -120.76800
 18.55830 -120.78800
 18.61080 -120.87500
 18.57600 -120.90100
 18.56530 -120.91700
 18.55940 -120.93500
 18.56290 -120.95600
 18.57690 -120.97300
 18.58990 -120.98300
 18.58940 -120.98300
 18.49250 -120.96000
 18.44690 -120.95700
 18.32750 -120.95800
 18.17170 -120.98400
 18.15970 -120.98100
 18.12530 -120.94800
 18.10420 -120.94100
 18.02720 -120.94200
 17.99690 -120.95000
 17.96720 -120.93900
 17.95280 -120.92800
 17.94580 -120.91500
 17.95500 -120.85100
 17.95280 -120.84000
 17.82110 -120.62100
 17.74190 -120.55900
 17.64280 -120.50500
 17.57580 -120.48100
 17.51640 -120.46400
 17.49500 -120.46400
 17.48550 -120.47300
 17.49830 -120.49400
 17.50640 -120.52500
 17.49110 -120.57600
 17.48420 -120.58600
 17.42280 -120.57100
 17.37610 -120.53700
 17.34140 -120.53400
 17.30720 -120.55800
 17.29420 -120.61700
 17.26580 -120.67300
 17.25720 -120.67900
 17.24300 -120.68600
 17.20110 -120.68000
 17.18510 -120.68600
 17.15890 -120.72500
 17.15280 -120.75300
 17.12970 -120.80100
 16.98530 -120.79100
 16.93310 -120.78100
 16.92120 -120.77400
 16.90920 -120.75200
 16.90920 -120.68600
 16.88970 -120.65100
 16.86030 -120.63800
 16.73970 -120.61800
 16.70390 -120.61500
 16.67780 -120.61500
 16.65270 -120.59500
 16.50080 -120.47100
 16.43310 -120.47600
 16.37750 -120.48500
 16.25440 -120.51600
 16.23230 -120.52600
 16.18440 -120.67000
 16.20080 -120.75700
 16.17000 -120.86000
 16.10080 -120.88700
 16.06580 -120.89900
 16.01640 -120.91700
 15.98530 -120.92600
 15.96900 -120.92800
 15.93030 -120.91800
 15.91470 -120.91200
 15.81190 -120.84300
 15.78870 -120.82100
 15.79780 -120.80800
 15.81030 -120.80400
 15.82670 -120.78900
 15.84280 -120.77000
 15.84330 -120.74600
 15.84190 -120.73400
 15.81890 -120.62700
 15.76180 -120.56200
 15.74780 -120.54600
 15.71560 -120.49400
 15.71460 -120.48400
 15.73750 -120.44200
 15.75760 -120.40100
 15.72640 -120.35800
 15.70960 -120.35200
 15.69170 -120.34700
 15.66470 -120.32900
 15.63680 -120.30100
 15.62970 -120.29100
 15.61680 -120.25200
 15.69530 -120.19800
 15.74640 -120.16700
 15.75610 -120.16200
 15.76940 -120.16000
 15.81750 -120.09700
 15.85680 -120.02900
 15.85560 -120.01800
 15.84140 -119.99500
 15.83120 -119.98600
 15.80620 -119.97400
 15.79920 -119.91600
 15.80030 -119.90300
 15.80110 -119.89300
3656 26 14.38291 14.77205 -121.11748 -120.92410 'National Capital Region (Philippines)'
 14.68140 -120.92400
 14.67140 -120.95600
 14.66970 -120.96700
 14.67080 -120.97900
 14.67750 -120.99500
 14.69780 -121.02100
 14.76780 -121.07000
 14.77200 -121.10800
 14.70420 -121.11200
 14.67720 -121.11400
 14.55940 -121.11700
 14.52190 -121.11700
 14.38340 -121.05600
 14.38290 -121.03700
 14.38480 -121.02000
 14.44720 -120.97800
 14.47710 -120.97300
 14.49060 -120.98600
 14.51490 -120.99400
 14.53140 -120.99400
 14.54920 -120.99100
 14.62580 -120.96200
 14.63690 -120.95700
 14.65170 -120.94700
 14.67310 -120.93200
 14.68140 -120.92400
3657 271 13.16361 16.51081 -122.81593 -120.57887 'Southern Tagalog (Philippines)'
 15.77790 -121.26700
 15.92430 -121.44800
 16.23170 -121.82400
 16.50780 -122.03800
 16.51080 -122.25300
 16.43280 -122.20700
 16.42060 -122.20800
 16.41080 -122.21200
 16.39760 -122.22000
 16.39710 -122.23100
 16.35750 -122.22900
 16.26670 -122.21200
 16.23420 -122.20600
 16.22640 -122.19900
 16.17900 -122.15400
 16.17170 -122.14100
 16.15680 -122.12500
 16.13770 -122.10500
 16.12400 -122.09200
 16.11120 -122.09500
 16.06280 -122.05200
 16.05250 -122.04100
 16.02890 -122.00200
 16.04670 -121.99900
 16.05580 -122.00300
 16.08580 -122.01900
 16.09530 -122.02600
 16.10610 -122.03500
 16.14240 -122.06500
 16.15460 -122.08100
 16.16960 -122.09200
 16.20540 -122.11400
 16.25230 -122.14000
 16.26010 -122.09900
 16.23440 -122.07600
 16.22390 -122.07200
 16.20970 -122.07000
 16.17440 -122.02100
 16.14530 -121.97700
 16.13420 -121.95800
 16.06500 -121.78300
 16.07570 -121.76200
 16.06810 -121.74300
 16.00640 -121.67000
 15.91810 -121.57800
 15.90310 -121.56300
 15.89170 -121.55600
 15.88080 -121.55300
 15.86220 -121.55000
 15.83780 -121.54800
 15.81360 -121.55100
 15.78080 -121.56100
 15.76750 -121.56800
 15.75560 -121.57600
 15.75110 -121.58700
 15.75780 -121.60700
 15.74850 -121.63700
 15.73170 -121.64400
 15.71310 -121.64300
 15.63560 -121.60000
 15.51830 -121.49500
 15.37990 -121.40600
 15.37470 -121.39500
 15.34890 -121.38400
 15.33220 -121.37900
 15.31500 -121.37600
 15.30250 -121.38000
 15.25780 -121.40000
 15.22810 -121.41800
 15.20760 -121.43100
 15.19790 -121.45600
 15.17620 -121.48600
 15.02170 -121.54200
 14.91940 -121.57600
 14.88330 -121.58500
 14.87060 -121.58900
 14.81920 -121.60500
 14.79080 -121.62700
 14.77670 -121.64000
 14.69670 -121.69500
 14.66830 -121.61600
 14.65850 -121.60800
 14.62030 -121.61000
 14.60250 -121.61200
 14.48250 -121.64200
 14.38220 -121.67700
 14.34110 -121.71800
 14.32760 -121.72700
 14.23920 -121.76100
 14.22690 -121.76200
 14.20190 -121.75300
 14.19150 -121.74300
 14.18070 -121.73500
 14.16850 -121.73600
 14.13220 -121.76300
 14.12360 -121.77000
 14.00920 -121.91100
 13.98780 -121.94700
 13.98220 -121.95800
 13.95890 -122.00900
 13.94860 -122.03400
 13.92280 -122.10500
 13.91500 -122.14200
 13.91750 -122.16000
 13.91360 -122.19000
 13.89720 -122.23300
 13.92310 -122.24700
 13.95990 -122.30300
 14.00080 -122.30800
 14.01530 -122.30900
 14.04830 -122.26600
 14.07580 -122.22700
 14.08280 -122.20600
 14.11190 -122.18200
 14.13580 -122.16800
 14.15130 -122.16500
 14.24000 -122.25700
 14.24350 -122.27300
 14.22860 -122.27700
 14.21060 -122.27300
 14.20080 -122.26800
 14.18370 -122.26500
 14.12900 -122.26800
 14.10110 -122.30400
 14.10340 -122.31000
 14.09140 -122.30600
 14.07940 -122.31200
 14.07420 -122.32700
 14.07640 -122.34200
 14.08390 -122.35700
 14.09580 -122.37200
 14.11220 -122.38900
 14.16150 -122.45400
 14.08420 -122.62700
 14.01530 -122.77800
 13.99290 -122.81600
 13.98190 -122.77200
 13.96640 -122.68500
 13.96170 -122.65100
 13.93660 -122.56100
 13.92110 -122.52500
 13.84060 -122.50300
 13.70640 -122.48300
 13.69330 -122.48500
 13.64610 -122.50300
 13.53610 -122.57700
 13.49940 -122.60800
 13.47640 -122.62900
 13.44640 -122.65000
 13.42460 -122.66300
 13.40720 -122.66900
 13.37360 -122.68100
 13.25170 -122.70000
 13.23190 -122.70200
 13.22150 -122.70200
 13.17000 -122.62000
 13.16390 -122.60700
 13.16360 -122.59600
 13.16920 -122.58200
 13.18560 -122.56300
 13.23220 -122.52400
 13.28140 -122.52500
 13.30830 -122.52500
 13.32250 -122.52300
 13.34600 -122.51900
 13.40560 -122.49100
 13.51920 -122.40400
 13.58350 -122.33100
 13.59360 -122.31200
 13.60330 -122.26500
 13.59710 -122.24500
 13.60190 -122.20800
 13.67220 -122.17600
 13.76390 -122.10900
 13.77510 -122.06200
 13.85190 -121.90900
 13.89720 -121.83000
 13.90500 -121.82100
 13.91440 -121.81600
 13.93780 -121.81800
 13.96480 -121.75000
 13.96570 -121.71800
 13.95920 -121.70200
 13.83470 -121.47400
 13.82490 -121.46500
 13.79000 -121.44400
 13.77310 -121.43900
 13.75750 -121.43700
 13.66360 -121.38800
 13.65420 -121.36300
 13.63720 -121.33500
 13.59390 -121.27900
 13.62720 -121.23000
 13.64320 -121.18200
 13.64170 -121.16600
 13.63330 -121.13200
 13.66220 -121.05600
 13.71370 -121.06200
 13.75500 -121.04700
 13.76310 -121.04100
 13.77370 -121.02000
 13.78180 -120.99500
 13.77390 -120.97500
 13.77500 -120.92900
 13.85780 -120.91900
 13.87500 -120.91400
 13.89280 -120.89800
 13.89920 -120.88900
 13.90250 -120.87900
 13.92940 -120.76400
 13.93220 -120.75000
 13.93240 -120.73900
 13.92530 -120.71700
 13.91560 -120.70600
 13.86110 -120.65900
 13.82940 -120.65800
 13.81140 -120.66700
 13.79040 -120.67700
 13.77850 -120.67500
 13.76890 -120.66200
 13.80920 -120.62500
 13.87680 -120.61900
 13.94560 -120.61700
 13.96500 -120.61900
 14.11830 -120.61000
 14.13750 -120.57900
 14.21580 -120.58900
 14.23110 -120.59200
 14.26720 -120.62700
 14.27610 -120.64100
 14.28280 -120.65700
 14.28250 -120.66700
 14.28190 -120.67700
 14.28970 -120.70900
 14.31810 -120.75300
 14.32940 -120.76800
 14.39420 -120.83800
 14.45140 -120.90200
 14.47710 -120.97300
 14.44720 -120.97800
 14.38480 -121.02000
 14.38290 -121.03700
 14.38340 -121.05600
 14.52190 -121.11700
 14.55940 -121.11700
 14.67720 -121.11400
 14.70420 -121.11200
 14.77200 -121.10800
 14.77750 -121.11300
 14.78470 -121.12100
 14.81140 -121.15900
 14.82860 -121.20000
 14.83220 -121.22200
 14.83250 -121.23400
 14.83710 -121.25700
 14.88940 -121.34200
 14.91860 -121.34100
 15.02060 -121.33400
 15.03460 -121.32900
 15.07060 -121.29500
 15.08750 -121.29200
 15.18670 -121.30500
 15.28250 -121.32300
 15.32810 -121.33200
 15.36280 -121.34000
 15.39860 -121.35100
 15.43080 -121.36400
 15.46170 -121.37100
 15.49470 -121.36300
 15.62530 -121.31900
 15.77790 -121.26700
3658 148 8.32736 11.42424 -119.71585 -117.17859 'Southern Tagalog (Philippines)'
 10.01420 -118.77700
 10.01580 -118.78100
 10.03470 -118.80100
 10.10420 -118.82500
 10.11140 -118.80500
 10.16940 -118.79800
 10.19020 -118.80100
 10.20830 -118.85900
 10.20160 -118.87900
 10.20400 -118.92500
 10.31000 -118.99500
 10.36420 -119.00600
 10.34440 -118.97200
 10.36720 -118.96100
 10.43930 -119.00700
 10.42110 -119.09000
 10.38370 -119.13200
 10.41170 -119.16500
 10.58420 -119.31300
 10.60610 -119.32200
 10.72010 -119.34100
 10.77150 -119.30700
 10.77150 -119.27600
 10.86610 -119.22900
 10.95550 -119.21700
 10.95040 -119.26300
 10.76030 -119.41700
 10.73500 -119.42700
 10.72080 -119.43100
 10.72400 -119.45600
 10.82640 -119.43400
 10.86940 -119.41600
 10.87080 -119.38600
 10.87330 -119.36100
 10.89500 -119.34100
 10.94370 -119.30900
 10.97500 -119.30200
 11.00610 -119.30300
 11.09960 -119.32900
 11.07620 -119.35100
 11.04380 -119.37200
 11.02790 -119.39900
 11.03080 -119.42000
 11.14060 -119.42900
 11.22810 -119.42700
 11.26500 -119.42500
 11.30440 -119.42100
 11.34120 -119.43100
 11.42420 -119.47200
 11.41360 -119.50100
 11.39380 -119.50600
 11.37290 -119.50800
 11.33560 -119.50900
 11.31910 -119.52800
 11.33320 -119.54400
 11.31900 -119.56100
 11.28830 -119.56600
 11.26180 -119.56400
 11.22190 -119.55400
 10.99170 -119.49400
 10.96330 -119.48900
 10.87930 -119.48400
 10.82820 -119.51300
 10.81890 -119.53800
 10.83580 -119.56800
 10.82370 -119.59700
 10.72580 -119.60700
 10.67310 -119.62800
 10.54150 -119.69300
 10.51090 -119.71600
 10.48610 -119.67900
 10.40640 -119.58000
 10.37210 -119.48800
 10.37240 -119.45600
 10.34360 -119.39000
 10.30940 -119.32900
 10.27670 -119.30100
 10.22690 -119.26100
 10.20640 -119.25000
 10.15820 -119.23200
 10.13000 -119.23700
 10.07540 -119.21700
 10.04850 -119.20200
 10.02610 -119.15700
 9.97861 -118.96900
 9.97222 -118.94200
 9.97458 -118.91100
 9.97945 -118.87300
 9.92500 -118.75300
 9.76403 -118.69300
 9.71416 -118.69400
 9.68055 -118.71600
 9.65451 -118.75300
 9.65389 -118.73200
 9.51305 -118.63100
 9.30250 -118.45900
 9.18861 -118.34900
 9.17792 -118.33200
 9.15305 -118.18500
 9.14611 -118.14200
 9.04778 -118.09600
 8.94472 -118.04600
 8.87746 -117.99900
 8.86972 -117.96500
 8.83945 -117.90900
 8.82611 -117.88900
 8.75632 -117.80400
 8.72027 -117.78400
 8.69118 -117.75200
 8.65750 -117.63400
 8.57722 -117.53800
 8.50250 -117.45200
 8.48979 -117.37500
 8.45250 -117.32300
 8.37695 -117.24500
 8.32736 -117.20200
 8.33298 -117.17900
 8.51500 -117.22100
 8.56403 -117.23600
 8.56500 -117.24500
 8.60945 -117.25900
 8.72611 -117.34400
 8.74819 -117.36900
 8.80889 -117.44400
 8.85555 -117.47300
 8.91722 -117.51700
 9.07695 -117.66200
 9.17611 -117.78600
 9.26416 -117.90600
 9.26889 -117.95400
 9.26000 -117.97900
 9.25916 -118.02700
 9.35445 -118.12600
 9.58416 -118.33200
 9.61569 -118.34100
 9.70695 -118.42400
 9.72695 -118.45200
 9.73445 -118.47600
 9.76666 -118.51600
 9.87445 -118.60700
 9.93111 -118.64100
 9.97485 -118.65900
 10.00580 -118.66400
 10.12390 -118.75600
 10.06920 -118.76200
 10.07030 -118.74100
 10.02220 -118.76600
 10.01420 -118.77700
3659 72 12.23055 13.52445 -121.55790 -120.30379 'Southern Tagalog (Philippines)'
 12.33220 -121.07900
 12.42250 -120.98300
 12.50110 -120.93300
 12.52820 -120.92200
 12.56000 -120.93700
 12.60740 -120.93200
 12.65060 -120.90800
 12.71700 -120.85500
 12.72200 -120.82900
 12.72490 -120.80200
 12.77860 -120.78700
 12.82560 -120.78300
 12.91470 -120.78500
 13.01740 -120.75800
 13.04060 -120.74600
 13.05890 -120.73500
 13.13580 -120.68800
 13.18990 -120.64800
 13.22290 -120.59100
 13.22470 -120.56400
 13.23060 -120.54100
 13.37360 -120.38600
 13.37900 -120.35100
 13.39360 -120.33500
 13.41940 -120.31200
 13.44420 -120.30400
 13.47580 -120.32100
 13.49350 -120.34000
 13.51210 -120.36800
 13.52220 -120.39700
 13.52440 -120.42100
 13.49140 -120.66400
 13.48330 -120.70200
 13.47780 -120.72200
 13.46690 -120.74300
 13.51080 -120.91700
 13.52310 -120.96700
 13.51840 -120.99000
 13.46920 -120.99100
 13.42220 -121.03400
 13.41110 -121.05100
 13.40430 -121.07000
 13.40890 -121.15000
 13.42000 -121.18400
 13.40750 -121.21800
 13.34740 -121.30200
 13.14890 -121.50200
 13.04990 -121.50900
 13.03360 -121.49700
 13.01000 -121.49000
 12.76130 -121.48200
 12.74330 -121.49200
 12.72440 -121.51700
 12.70560 -121.53300
 12.66140 -121.55200
 12.60150 -121.55800
 12.55360 -121.51300
 12.53320 -121.49200
 12.51620 -121.46700
 12.50250 -121.44600
 12.43990 -121.41200
 12.39110 -121.41500
 12.35170 -121.44000
 12.35420 -121.38400
 12.32140 -121.34300
 12.23060 -121.22100
 12.24500 -121.12300
 12.27940 -121.09900
 12.31080 -121.10900
 12.32900 -121.11800
 12.34410 -121.08800
 12.33220 -121.07900
3660 34 11.96319 12.33361 -120.34385 -119.86165 'Southern Tagalog (Philippines)'
 12.00000 -120.20100
 12.02850 -120.16900
 12.02170 -120.12900
 12.00690 -120.13600
 11.97720 -120.11800
 11.96320 -120.09900
 11.97990 -120.08500
 11.99010 -120.08300
 12.00530 -120.07800
 12.01110 -120.06200
 12.00000 -120.05000
 11.99360 -120.04200
 11.98530 -120.01800
 12.02420 -119.97300
 12.06780 -119.94000
 12.24430 -119.86200
 12.31220 -119.87300
 12.33360 -119.88800
 12.33280 -119.90100
 12.32530 -119.92200
 12.32140 -119.93100
 12.20110 -120.09400
 12.15670 -120.12800
 12.11930 -120.16700
 12.11530 -120.19100
 12.13720 -120.22200
 12.17970 -120.24500
 12.08360 -120.33300
 12.05860 -120.34400
 12.01560 -120.34200
 11.99280 -120.34000
 11.98220 -120.30400
 11.98490 -120.22400
 12.00000 -120.20100
3661 22 13.19916 13.54472 -122.15109 -121.81485 'Southern Tagalog (Philippines)'
 13.20080 -122.03100
 13.19920 -122.02700
 13.20330 -122.00000
 13.21000 -121.98400
 13.28400 -121.86800
 13.33470 -121.83700
 13.37390 -121.82700
 13.43390 -121.81600
 13.45280 -121.81500
 13.54140 -121.87400
 13.54470 -122.01100
 13.53080 -122.03600
 13.47670 -122.10900
 13.45640 -122.12700
 13.44010 -122.12900
 13.42490 -122.12100
 13.40410 -122.12300
 13.39050 -122.12800
 13.39050 -122.14400
 13.37190 -122.15100
 13.23860 -122.05600
 13.20080 -122.03100
3662 22 12.09416 12.67695 -122.14444 -121.91776 'Southern Tagalog (Philippines)'
 12.09420 -122.01800
 12.14830 -121.96700
 12.17000 -121.95700
 12.28940 -121.92200
 12.30290 -121.91800
 12.31360 -121.92000
 12.36390 -121.94000
 12.40370 -121.97900
 12.40920 -121.98900
 12.44510 -122.00300
 12.47970 -122.00900
 12.49250 -122.00900
 12.56750 -122.00300
 12.57620 -121.99300
 12.60240 -122.00000
 12.63250 -122.03800
 12.67690 -122.12300
 12.63610 -122.14400
 12.57080 -122.13800
 12.41530 -122.11100
 12.17670 -122.04900
 12.09420 -122.01800
3663 45 14.62695 15.05695 -122.05832 -121.80768 'Southern Tagalog (Philippines)'
 14.62690 -121.94000
 14.62920 -121.93100
 14.63570 -121.91800
 14.64500 -121.91200
 14.66500 -121.90800
 14.68220 -121.90500
 14.71870 -121.90900
 14.70970 -121.91600
 14.70350 -121.93200
 14.71370 -121.93800
 14.73060 -121.93600
 14.75060 -121.93000
 14.79080 -121.91400
 14.87780 -121.86900
 14.92790 -121.83000
 14.92350 -121.80800
 14.94890 -121.80800
 14.98140 -121.81600
 14.99170 -121.81900
 15.02720 -121.83700
 15.03600 -121.84800
 15.05690 -121.93600
 15.05390 -121.96600
 15.04500 -121.99500
 15.03740 -122.01400
 15.00720 -122.04700
 14.99670 -122.05100
 14.96220 -122.05800
 14.95310 -122.05400
 14.97190 -122.04400
 14.98820 -122.02800
 14.98540 -122.01100
 14.95440 -121.99400
 14.90110 -121.96800
 14.88580 -121.96800
 14.86750 -121.96900
 14.85690 -121.97600
 14.83520 -121.99300
 14.80720 -122.02200
 14.71210 -122.03200
 14.68720 -122.01800
 14.66670 -122.00300
 14.64320 -121.97900
 14.62830 -121.95000
 14.62690 -121.94000
3664 26 12.26445 12.50250 -122.70902 -122.42429 'Southern Tagalog (Philippines)'
 12.26440 -122.64000
 12.35670 -122.55000
 12.36420 -122.53800
 12.37940 -122.50000
 12.38620 -122.47800
 12.39000 -122.46300
 12.39500 -122.45200
 12.40250 -122.44400
 12.41330 -122.43400
 12.43570 -122.42400
 12.45690 -122.43100
 12.48480 -122.45900
 12.49490 -122.48500
 12.50250 -122.53300
 12.50250 -122.56100
 12.49690 -122.61700
 12.49110 -122.65100
 12.48360 -122.66900
 12.43420 -122.69600
 12.41670 -122.70400
 12.40320 -122.70900
 12.36390 -122.70400
 12.33440 -122.69700
 12.32250 -122.69300
 12.30810 -122.68100
 12.26440 -122.64000
3665 22 11.65666 11.97930 -120.07055 -119.86415 'Southern Tagalog (Philippines)'
 11.65670 -119.95300
 11.67760 -119.94400
 11.76140 -119.93200
 11.89280 -119.87200
 11.93420 -119.86400
 11.96530 -119.87500
 11.97510 -119.88400
 11.97930 -119.90700
 11.93010 -120.01400
 11.91920 -120.02500
 11.86500 -120.07100
 11.84920 -120.05100
 11.83460 -120.04400
 11.81230 -120.04100
 11.80220 -120.05800
 11.78860 -120.06800
 11.74080 -120.05200
 11.72080 -120.04300
 11.67780 -120.00200
 11.66720 -119.99200
 11.65690 -119.96500
 11.65670 -119.95300
3666 15 10.43916 10.61111 -120.01055 -119.74971 'Southern Tagalog (Philippines)'
 10.43920 -119.81700
 10.44940 -119.78300
 10.51830 -119.75100
 10.53190 -119.75000
 10.55080 -119.75300
 10.55870 -119.76100
 10.60670 -119.83600
 10.61110 -119.89900
 10.59530 -119.99700
 10.55620 -120.01100
 10.52750 -119.99300
 10.47350 -119.92700
 10.45530 -119.87900
 10.43970 -119.82700
 10.43920 -119.81700
3667 16 7.80527 8.07792 -117.09332 -116.95000 'Southern Tagalog (Philippines)'
 7.80527 -117.01500
 7.81535 -116.99800
 7.87166 -116.97400
 7.91028 -116.96100
 7.94361 -116.95400
 8.03222 -116.95000
 8.04416 -116.95400
 8.05535 -116.96200
 8.07792 -117.06700
 8.06055 -117.07600
 7.90708 -117.09300
 7.86777 -117.07600
 7.84639 -117.06500
 7.83750 -117.05900
 7.80889 -117.02200
 7.80527 -117.01500
3668 18 13.66833 13.86403 -120.28194 -120.08193 'Southern Tagalog (Philippines)'
 13.66830 -120.27500
 13.70260 -120.25300
 13.73700 -120.19400
 13.73670 -120.18100
 13.76060 -120.12900
 13.77920 -120.10900
 13.78720 -120.10300
 13.80060 -120.09500
 13.85240 -120.08200
 13.86330 -120.09600
 13.86400 -120.11000
 13.85330 -120.14900
 13.81810 -120.22300
 13.80810 -120.23900
 13.78860 -120.25900
 13.75420 -120.28200
 13.68500 -120.28100
 13.66830 -120.27500
3669 14 13.99861 14.21750 -122.18886 -121.91748 'Southern Tagalog (Philippines)'
 13.99860 -122.17100
 13.99860 -122.16300
 14.02110 -122.12500
 14.10470 -121.99600
 14.11420 -121.98400
 14.18530 -121.91700
 14.21750 -121.94700
 14.08760 -122.12600
 14.05170 -122.16500
 14.03690 -122.17600
 14.01690 -122.18900
 14.00650 -122.18800
 14.00000 -122.17800
 13.99860 -122.17100
3670 15 11.37666 11.52139 -119.87747 -119.71443 'Southern Tagalog (Philippines)'
 11.37670 -119.82900
 11.38060 -119.81400
 11.40110 -119.76500
 11.41530 -119.74900
 11.43500 -119.72900
 11.47210 -119.71400
 11.52140 -119.81400
 11.51560 -119.85000
 11.50490 -119.87300
 11.49310 -119.87700
 11.45080 -119.87300
 11.43780 -119.86800
 11.41140 -119.85700
 11.37830 -119.83500
 11.37670 -119.82900
3671 14 8.18166 8.33063 -117.35471 -117.26541 'Southern Tagalog (Philippines)'
 8.18166 -117.29500
 8.18250 -117.29000
 8.20236 -117.27000
 8.21527 -117.26500
 8.29084 -117.26700
 8.30611 -117.26800
 8.32139 -117.27600
 8.33063 -117.31900
 8.30472 -117.34700
 8.28611 -117.35500
 8.20674 -117.34400
 8.19291 -117.33000
 8.18222 -117.29900
 8.18166 -117.29500
3672 11 14.71805 14.84083 -122.25985 -122.09818 'Southern Tagalog (Philippines)'
 14.71810 -122.24800
 14.75530 -122.20700
 14.76890 -122.17400
 14.79670 -122.11700
 14.80580 -122.11200
 14.83670 -122.09800
 14.84080 -122.18800
 14.83970 -122.21200
 14.78370 -122.26000
 14.72440 -122.25600
 14.71810 -122.24800
3678 158 6.11458 8.37777 -125.30609 -123.61111 'Central Mindanao (Philippines)'
 7.96815 -123.68900
 8.00584 -123.75100
 8.02833 -123.77400
 8.04972 -123.78700
 8.10777 -123.84800
 8.17111 -123.96200
 8.19111 -124.01300
 8.19500 -124.02700
 8.19333 -124.07500
 8.18916 -124.10000
 8.18527 -124.11800
 8.18250 -124.14600
 8.18695 -124.17100
 8.21250 -124.22400
 8.27361 -124.26100
 8.28805 -124.25700
 8.32307 -124.24500
 8.36055 -124.32100
 8.36500 -124.33000
 8.37055 -124.35200
 8.37666 -124.38800
 8.37777 -124.40100
 8.37527 -124.41500
 8.32972 -124.47500
 8.28695 -124.52900
 8.22250 -124.56700
 8.19583 -124.57700
 8.17986 -124.57700
 8.15666 -124.56600
 8.03750 -124.61500
 7.96403 -124.67100
 7.94139 -124.66500
 7.92861 -124.65700
 7.92972 -124.64000
 7.93416 -124.62200
 7.92962 -124.60800
 7.90097 -124.60100
 7.84611 -124.63100
 7.83389 -124.64700
 7.83222 -124.65900
 7.78000 -124.70100
 7.73861 -124.73400
 7.61389 -124.80900
 7.53472 -124.85600
 7.50834 -124.86800
 7.46750 -124.88200
 7.44027 -124.87800
 7.42090 -124.88200
 7.41305 -124.90000
 7.40305 -124.98300
 7.40514 -125.01200
 7.42472 -125.06000
 7.49445 -125.13300
 7.54861 -125.18100
 7.56416 -125.19300
 7.58527 -125.23000
 7.58292 -125.25900
 7.57858 -125.26600
 7.49333 -125.26200
 7.44861 -125.24900
 7.37277 -125.23600
 7.35166 -125.23400
 7.15389 -125.25400
 7.13639 -125.28200
 7.11916 -125.30000
 7.10625 -125.30500
 7.04778 -125.30600
 7.02195 -125.30200
 6.95416 -125.26900
 6.94500 -125.26200
 6.92416 -125.24400
 6.90389 -125.22200
 6.89666 -125.21300
 6.89139 -125.20400
 6.88445 -125.19400
 6.86195 -125.17000
 6.84416 -125.15900
 6.80292 -125.14800
 6.77902 -125.15000
 6.74445 -125.15400
 6.72666 -125.15700
 6.71055 -125.17000
 6.69527 -125.18300
 6.66722 -125.19400
 6.62861 -125.19200
 6.61250 -125.18900
 6.56334 -125.17700
 6.56305 -124.90700
 6.53527 -124.86100
 6.52389 -124.84600
 6.63666 -124.75200
 6.61195 -124.63400
 6.51095 -124.60500
 6.38542 -124.63100
 6.37000 -124.64200
 6.32986 -124.65100
 6.28972 -124.64500
 6.29000 -124.55000
 6.29333 -124.38600
 6.29250 -124.24900
 6.22416 -124.29600
 6.16222 -124.38300
 6.11861 -124.36800
 6.11458 -124.32400
 6.15166 -124.26800
 6.21389 -124.18300
 6.37916 -124.06700
 6.43166 -124.04200
 6.49500 -124.03200
 6.53139 -124.03600
 6.54416 -124.06000
 6.63361 -124.05100
 6.74084 -124.03600
 6.77361 -123.99200
 6.76542 -123.98000
 6.76889 -123.97100
 6.78500 -123.96100
 6.82334 -123.94900
 6.92666 -123.96800
 6.97195 -123.97900
 7.02389 -123.99300
 7.03805 -124.00000
 7.10861 -124.04000
 7.13027 -124.05400
 7.14555 -124.07100
 7.14555 -124.08200
 7.14805 -124.10300
 7.15166 -124.11600
 7.17195 -124.15500
 7.18055 -124.16000
 7.36305 -124.26600
 7.37445 -124.26900
 7.40945 -124.25000
 7.41819 -124.23600
 7.40889 -124.20500
 7.40305 -124.17400
 7.40805 -124.16400
 7.43611 -124.13800
 7.45334 -124.13200
 7.48472 -124.12500
 7.52555 -124.11200
 7.63500 -124.02600
 7.64861 -124.01200
 7.68750 -123.91900
 7.69569 -123.88400
 7.69833 -123.82300
 7.69916 -123.77400
 7.72500 -123.73900
 7.73986 -123.73400
 7.76458 -123.73600
 7.78555 -123.71600
 7.80305 -123.69300
 7.81250 -123.67700
 7.82949 -123.61100
 7.88236 -123.68400
 7.90000 -123.70200
 7.91334 -123.70700
 7.96815 -123.68900
3679 100 11.00889 12.57653 -125.76117 -124.25776 'Eastern Visayas (Philippines)'
 11.00890 -125.75100
 11.01400 -125.73700
 11.03080 -125.71600
 11.06170 -125.69400
 11.08640 -125.68000
 11.10780 -125.68900
 11.13430 -125.66400
 11.14610 -125.57000
 11.13590 -125.52200
 11.09860 -125.46200
 11.12810 -125.26900
 11.18030 -125.19500
 11.25390 -125.16800
 11.27240 -125.15600
 11.27830 -125.13300
 11.28140 -125.07400
 11.35280 -125.00000
 11.41710 -124.99100
 11.44620 -124.97100
 11.46810 -124.89600
 11.46480 -124.84900
 11.49660 -124.82900
 11.51790 -124.83700
 11.57240 -124.89800
 11.56620 -124.93400
 11.57690 -124.95800
 11.61250 -124.99100
 11.72790 -125.04200
 11.75290 -125.03700
 11.77460 -125.00300
 11.80750 -124.86200
 11.89810 -124.77200
 12.01060 -124.69400
 12.03250 -124.66400
 12.04280 -124.64500
 12.06080 -124.59700
 12.08750 -124.49900
 12.10420 -124.47000
 12.10720 -124.47400
 12.12780 -124.46500
 12.15330 -124.44500
 12.18830 -124.39400
 12.28930 -124.34300
 12.46280 -124.28300
 12.55110 -124.25800
 12.57380 -124.28700
 12.53670 -124.35100
 12.52080 -124.46400
 12.50420 -124.65300
 12.51220 -124.72900
 12.51500 -124.75200
 12.53330 -124.87100
 12.55490 -124.88900
 12.53440 -125.04200
 12.54440 -125.07900
 12.57190 -125.10100
 12.57650 -125.14800
 12.56110 -125.17800
 12.52500 -125.22900
 12.45750 -125.29700
 12.41500 -125.31900
 12.39470 -125.30700
 12.34310 -125.29300
 12.29350 -125.29700
 12.26820 -125.33700
 12.28540 -125.36400
 12.29030 -125.39000
 12.26060 -125.45200
 12.20500 -125.50500
 12.17110 -125.51600
 12.16220 -125.48000
 12.11510 -125.44600
 12.10220 -125.44900
 12.05560 -125.52100
 12.02540 -125.49100
 12.01000 -125.47300
 11.99110 -125.45300
 11.95360 -125.43600
 11.90320 -125.42900
 11.82670 -125.44300
 11.65560 -125.45300
 11.61290 -125.44600
 11.59030 -125.45000
 11.45000 -125.52800
 11.40090 -125.57000
 11.39590 -125.59100
 11.35150 -125.64100
 11.32330 -125.63600
 11.29510 -125.61100
 11.28080 -125.57600
 11.25100 -125.54700
 11.22670 -125.53600
 11.18950 -125.54200
 11.19060 -125.60400
 11.22390 -125.59700
 11.19440 -125.66500
 11.16750 -125.68500
 11.06640 -125.74700
 11.02100 -125.76100
 11.00890 -125.75100
3680 84 10.02945 11.56695 -125.27165 -124.28832 'Eastern Visayas (Philippines)'
 10.57470 -124.76700
 10.66120 -124.80500
 10.72650 -124.79800
 10.75670 -124.78900
 10.78500 -124.77900
 10.81810 -124.76200
 10.93030 -124.68900
 10.94820 -124.67500
 10.99250 -124.62200
 11.01040 -124.59700
 11.01420 -124.57400
 10.98780 -124.55200
 10.96290 -124.55000
 10.92810 -124.55400
 10.90690 -124.54500
 10.88690 -124.53400
 10.87120 -124.52200
 10.86240 -124.48900
 10.91330 -124.42100
 10.97420 -124.40100
 11.11140 -124.40400
 11.23930 -124.40300
 11.29190 -124.37000
 11.31400 -124.34900
 11.47220 -124.30100
 11.53160 -124.28800
 11.56690 -124.31600
 11.40140 -124.53600
 11.34000 -124.55200
 11.30960 -124.58200
 11.29310 -124.64100
 11.30590 -124.70700
 11.32420 -124.74200
 11.33670 -124.76300
 11.38080 -124.80900
 11.42250 -124.85600
 11.42170 -124.95000
 11.38720 -124.97300
 11.36720 -124.97800
 11.25360 -124.97800
 11.19580 -125.03000
 11.01060 -125.04100
 10.97920 -125.04100
 10.94560 -125.03700
 10.92010 -125.03000
 10.86920 -125.00800
 10.81140 -125.00700
 10.74340 -125.01500
 10.71120 -125.05700
 10.70840 -125.08400
 10.61080 -125.14400
 10.54330 -125.18000
 10.52990 -125.17000
 10.44110 -125.18700
 10.39710 -125.23700
 10.37780 -125.25700
 10.33220 -125.27100
 10.29750 -125.27200
 10.26310 -125.25900
 10.17690 -125.12100
 10.21460 -125.08500
 10.24640 -125.07200
 10.31580 -125.04200
 10.33780 -125.03600
 10.36560 -125.02400
 10.37990 -125.00500
 10.37460 -124.97800
 10.24250 -124.98800
 10.15810 -125.00800
 10.08190 -125.02900
 10.04360 -125.03200
 10.02940 -125.01100
 10.04030 -124.97800
 10.13360 -124.84600
 10.19640 -124.76500
 10.30080 -124.78900
 10.32920 -124.78800
 10.35470 -124.76700
 10.37810 -124.73900
 10.40720 -124.72400
 10.46860 -124.73300
 10.51190 -124.75600
 10.53500 -124.76700
 10.57470 -124.76700
3681 17 11.46166 11.70916 -124.61914 -124.33776 'Eastern Visayas (Philippines)'
 11.46170 -124.48800
 11.47440 -124.45700
 11.48580 -124.44500
 11.54240 -124.40600
 11.67760 -124.33800
 11.70920 -124.42400
 11.70560 -124.46500
 11.70190 -124.47800
 11.67970 -124.53100
 11.55060 -124.60900
 11.53470 -124.61700
 11.52210 -124.61900
 11.50750 -124.61600
 11.49890 -124.61100
 11.48610 -124.60200
 11.47250 -124.58500
 11.46170 -124.48800
3682 13 9.90777 10.15555 -125.29971 -125.11971 'Eastern Visayas (Philippines)'
 9.90777 -125.28000
 9.91945 -125.25500
 10.06040 -125.13800
 10.08280 -125.12400
 10.10310 -125.12100
 10.14360 -125.12000
 10.15560 -125.12900
 10.12400 -125.21600
 9.99555 -125.28300
 9.93166 -125.30000
 9.91764 -125.29600
 9.90916 -125.28700
 9.90777 -125.28000
3683 13 10.68555 10.82319 -125.82229 -125.66124 'Eastern Visayas (Philippines)'
 10.68560 -125.76600
 10.68970 -125.75000
 10.74280 -125.67100
 10.75410 -125.66100
 10.78280 -125.66100
 10.81280 -125.68100
 10.82320 -125.69500
 10.81640 -125.71300
 10.73030 -125.81500
 10.71800 -125.82200
 10.69330 -125.81400
 10.68890 -125.80200
 10.68560 -125.76600
3684 10 11.52805 11.72798 -124.84290 -124.72041 'Eastern Visayas (Philippines)'
 11.52810 -124.82700
 11.52860 -124.82100
 11.53670 -124.80200
 11.56560 -124.77000
 11.69960 -124.72000
 11.72800 -124.72600
 11.59170 -124.84300
 11.54310 -124.84300
 11.52970 -124.83300
 11.52810 -124.82700
3685 162 7.40305 9.80916 -126.29165 -124.24541 'Northern Mindanao (Philippines)'
 8.32307 -124.24500
 8.33750 -124.25500
 8.39389 -124.28100
 8.40750 -124.28400
 8.41750 -124.28600
 8.44055 -124.28500
 8.45945 -124.28100
 8.54722 -124.32600
 8.61527 -124.43200
 8.60833 -124.47800
 8.58500 -124.49000
 8.53889 -124.54700
 8.52139 -124.57500
 8.47735 -124.67600
 8.47333 -124.70100
 8.47416 -124.70900
 8.47972 -124.71900
 8.48638 -124.72700
 8.51153 -124.74900
 8.59430 -124.77000
 8.63819 -124.76200
 8.64632 -124.74600
 8.66139 -124.73900
 8.67639 -124.73800
 8.69527 -124.73800
 8.78750 -124.77000
 8.90083 -124.78200
 8.95111 -124.77300
 8.97014 -124.77300
 8.98472 -124.78500
 8.99958 -124.80100
 9.00666 -124.81600
 9.01653 -124.88000
 8.95681 -124.96900
 8.90695 -125.02300
 8.88416 -125.03200
 8.82889 -125.07400
 8.82527 -125.09100
 8.82945 -125.11500
 8.84114 -125.14300
 8.84889 -125.15800
 8.99027 -125.28000
 8.97722 -125.42900
 8.97833 -125.44100
 8.98416 -125.45900
 8.99055 -125.47700
 9.00666 -125.51500
 9.01666 -125.52000
 9.05333 -125.53400
 9.06472 -125.53800
 9.08805 -125.53700
 9.19125 -125.53200
 9.27861 -125.51300
 9.30805 -125.50400
 9.46945 -125.45100
 9.59083 -125.41000
 9.64972 -125.39100
 9.71527 -125.39700
 9.74333 -125.40100
 9.76750 -125.40700
 9.80916 -125.44000
 9.80834 -125.46000
 9.79250 -125.50000
 9.76250 -125.55500
 9.72416 -125.58300
 9.63416 -125.60800
 9.61195 -125.63600
 9.60555 -125.64700
 9.56333 -125.75000
 9.55889 -125.76200
 9.55277 -125.78100
 9.54166 -125.83700
 9.48726 -125.92200
 9.35945 -125.74500
 9.29861 -125.73600
 9.24264 -125.74000
 9.22611 -125.75300
 9.20055 -125.77500
 9.16722 -125.80100
 9.14875 -125.80700
 9.10889 -125.81100
 9.06695 -125.81400
 9.02055 -125.81500
 8.94195 -125.82500
 8.77277 -125.95600
 8.67389 -126.04200
 8.61347 -126.03700
 8.58695 -126.00800
 8.57666 -125.99500
 8.54861 -125.99600
 8.52680 -125.99900
 8.49333 -126.01500
 8.37403 -126.07500
 8.36695 -126.08900
 8.36416 -126.09900
 8.35972 -126.12400
 8.35195 -126.17500
 8.35139 -126.18900
 8.34583 -126.22200
 8.14472 -126.21800
 8.03945 -126.28600
 8.02111 -126.29100
 8.00834 -126.29200
 7.99584 -126.29100
 7.99498 -126.18300
 7.99445 -126.04100
 7.99695 -125.70900
 7.99527 -125.49200
 7.96584 -125.39600
 7.91055 -125.42100
 7.77889 -125.44600
 7.75139 -125.44600
 7.69583 -125.43200
 7.68416 -125.42600
 7.66945 -125.41100
 7.66639 -125.39800
 7.67195 -125.38700
 7.67916 -125.36500
 7.67416 -125.33200
 7.66195 -125.30900
 7.57858 -125.26600
 7.58292 -125.25900
 7.58527 -125.23000
 7.56416 -125.19300
 7.54861 -125.18100
 7.49445 -125.13300
 7.42472 -125.06000
 7.40514 -125.01200
 7.40305 -124.98300
 7.41305 -124.90000
 7.42090 -124.88200
 7.44027 -124.87800
 7.46750 -124.88200
 7.50834 -124.86800
 7.53472 -124.85600
 7.61389 -124.80900
 7.73861 -124.73400
 7.78000 -124.70100
 7.83222 -124.65900
 7.83389 -124.64700
 7.84611 -124.63100
 7.90097 -124.60100
 7.92962 -124.60800
 7.93416 -124.62200
 7.92972 -124.64000
 7.92861 -124.65700
 7.94139 -124.66500
 7.96403 -124.67100
 8.03750 -124.61500
 8.15666 -124.56600
 8.17986 -124.57700
 8.19583 -124.57700
 8.22250 -124.56700
 8.28695 -124.52900
 8.32972 -124.47500
 8.37527 -124.41500
 8.37777 -124.40100
 8.37666 -124.38800
 8.37055 -124.35200
 8.36500 -124.33000
 8.36055 -124.32100
 8.32307 -124.24500
3686 26 8.00794 8.65834 -123.86887 -123.54889 'Northern Mindanao (Philippines)'
 8.62038 -123.54900
 8.65834 -123.62200
 8.63305 -123.69300
 8.60222 -123.73100
 8.54708 -123.77700
 8.47695 -123.81800
 8.42861 -123.83600
 8.22722 -123.86600
 8.20333 -123.86800
 8.18083 -123.86900
 8.16042 -123.86600
 8.14000 -123.85000
 8.06625 -123.77200
 8.05861 -123.75900
 8.04861 -123.73200
 8.04834 -123.71700
 8.04930 -123.70100
 8.04333 -123.68700
 8.03305 -123.67000
 8.01389 -123.65200
 8.00794 -123.65900
 8.01278 -123.63900
 8.04361 -123.56400
 8.05361 -123.55700
 8.34916 -123.55300
 8.62038 -123.54900
3687 26 9.82166 10.46666 -125.71165 -125.47527 'Northern Mindanao (Philippines)'
 9.82166 -125.64700
 9.82361 -125.58200
 9.85916 -125.59600
 9.89611 -125.62100
 9.94695 -125.61200
 10.06720 -125.50200
 10.10390 -125.48100
 10.12110 -125.47700
 10.13110 -125.47500
 10.31830 -125.51500
 10.45790 -125.62400
 10.46670 -125.63700
 10.46670 -125.64800
 10.41920 -125.67400
 10.39120 -125.68300
 10.25250 -125.65500
 10.16440 -125.65500
 10.11670 -125.66500
 10.10680 -125.67400
 10.06970 -125.69900
 9.89236 -125.71200
 9.86445 -125.70700
 9.84583 -125.69000
 9.83361 -125.67600
 9.82583 -125.66300
 9.82166 -125.64700
3688 16 9.74250 10.05333 -126.17471 -125.94554 'Northern Mindanao (Philippines)'
 9.74250 -126.03200
 9.83083 -125.94600
 9.88778 -125.96800
 10.02580 -126.03700
 10.04620 -126.04900
 10.05330 -126.05800
 10.05200 -126.07300
 10.00190 -126.09100
 9.90333 -126.11900
 9.87138 -126.12300
 9.83833 -126.14600
 9.80514 -126.17500
 9.78305 -126.16900
 9.77445 -126.15700
 9.74500 -126.11400
 9.74250 -126.03200
3689 20 9.07472 9.25750 -124.80998 -124.63275 'Northern Mindanao (Philippines)'
 9.07472 -124.77200
 9.10500 -124.70700
 9.11945 -124.68100
 9.13083 -124.66200
 9.14166 -124.65200
 9.15528 -124.64400
 9.17000 -124.63500
 9.20722 -124.63300
 9.21750 -124.63600
 9.23638 -124.65000
 9.25305 -124.67300
 9.25750 -124.71300
 9.24695 -124.73700
 9.20945 -124.77700
 9.19222 -124.78600
 9.14416 -124.80500
 9.11750 -124.81000
 9.10541 -124.81000
 9.07611 -124.78000
 9.07472 -124.77200
3690 14 9.55583 9.75569 -125.99109 -125.90179 'Northern Mindanao (Philippines)'
 9.55583 -125.94400
 9.57222 -125.92600
 9.61235 -125.90200
 9.70666 -125.90800
 9.75153 -125.91400
 9.75569 -125.94100
 9.73916 -125.95900
 9.67416 -125.98600
 9.66195 -125.99100
 9.64292 -125.99100
 9.57472 -125.97200
 9.56375 -125.96500
 9.55750 -125.95200
 9.55583 -125.94400
3691 322 5.55431 9.48726 -126.59804 -124.24915 'Southern Mindanao (Philippines)'
 5.56584 -125.40900
 5.56334 -125.40600
 5.55889 -125.39300
 5.55431 -125.37600
 5.56555 -125.31900
 5.57959 -125.29000
 5.60931 -125.29300
 5.62514 -125.30300
 5.63708 -125.30500
 5.68833 -125.28600
 5.69805 -125.27900
 5.70555 -125.27000
 5.74277 -125.22400
 5.76722 -125.19200
 5.83584 -125.17700
 5.87195 -125.21600
 5.91777 -125.25600
 5.97555 -125.28600
 6.00389 -125.28900
 6.06083 -125.27700
 6.08611 -125.26900
 6.09334 -125.25900
 6.10722 -125.17900
 6.10139 -125.15500
 6.09027 -125.15300
 5.87277 -125.08700
 5.86389 -125.07900
 5.85361 -125.06500
 5.85055 -125.03800
 5.85139 -124.95700
 5.88083 -124.85000
 5.88639 -124.83100
 5.93305 -124.71900
 6.01916 -124.52600
 6.09389 -124.39500
 6.10555 -124.37600
 6.11861 -124.36800
 6.16222 -124.38300
 6.22416 -124.29600
 6.29250 -124.24900
 6.29333 -124.38600
 6.29000 -124.55000
 6.28972 -124.64500
 6.32986 -124.65100
 6.37000 -124.64200
 6.38542 -124.63100
 6.51095 -124.60500
 6.61195 -124.63400
 6.63666 -124.75200
 6.52389 -124.84600
 6.53527 -124.86100
 6.56305 -124.90700
 6.56334 -125.17700
 6.61250 -125.18900
 6.62861 -125.19200
 6.66722 -125.19400
 6.69527 -125.18300
 6.71055 -125.17000
 6.72666 -125.15700
 6.74445 -125.15400
 6.77902 -125.15000
 6.80292 -125.14800
 6.84416 -125.15900
 6.86195 -125.17000
 6.88445 -125.19400
 6.89139 -125.20400
 6.89666 -125.21300
 6.90389 -125.22200
 6.92416 -125.24400
 6.94500 -125.26200
 6.95416 -125.26900
 7.02195 -125.30200
 7.04778 -125.30600
 7.10625 -125.30500
 7.11916 -125.30000
 7.13639 -125.28200
 7.15389 -125.25400
 7.35166 -125.23400
 7.37277 -125.23600
 7.44861 -125.24900
 7.49333 -125.26200
 7.57858 -125.26600
 7.66195 -125.30900
 7.67416 -125.33200
 7.67916 -125.36500
 7.67195 -125.38700
 7.66639 -125.39800
 7.66945 -125.41100
 7.68416 -125.42600
 7.69583 -125.43200
 7.75139 -125.44600
 7.77889 -125.44600
 7.91055 -125.42100
 7.96584 -125.39600
 7.99527 -125.49200
 7.99695 -125.70900
 7.99445 -126.04100
 7.99498 -126.18300
 7.99584 -126.29100
 8.00834 -126.29200
 8.02111 -126.29100
 8.03945 -126.28600
 8.14472 -126.21800
 8.34583 -126.22200
 8.35139 -126.18900
 8.35195 -126.17500
 8.35972 -126.12400
 8.36416 -126.09900
 8.36695 -126.08900
 8.37403 -126.07500
 8.49333 -126.01500
 8.52680 -125.99900
 8.54861 -125.99600
 8.57666 -125.99500
 8.58695 -126.00800
 8.61347 -126.03700
 8.67389 -126.04200
 8.77277 -125.95600
 8.94195 -125.82500
 9.02055 -125.81500
 9.06695 -125.81400
 9.10889 -125.81100
 9.14875 -125.80700
 9.16722 -125.80100
 9.20055 -125.77500
 9.22611 -125.75300
 9.24264 -125.74000
 9.29861 -125.73600
 9.35945 -125.74500
 9.48726 -125.92200
 9.44639 -125.93900
 9.42430 -125.90100
 9.40750 -125.90200
 9.26584 -126.01700
 9.23195 -126.05000
 9.25125 -126.11200
 9.26083 -126.12800
 9.24277 -126.18600
 9.20445 -126.18000
 9.10111 -126.16700
 9.07847 -126.18500
 9.03144 -126.23300
 9.01943 -126.23700
 9.01360 -126.22200
 8.99627 -126.22600
 8.99559 -126.23800
 8.99027 -126.25800
 8.98273 -126.27400
 8.97416 -126.29100
 8.96333 -126.30200
 8.95472 -126.30700
 8.91861 -126.32500
 8.84180 -126.33500
 8.82361 -126.32700
 8.78527 -126.30400
 8.77458 -126.29200
 8.69611 -126.19300
 8.66972 -126.14900
 8.64778 -126.10700
 8.63222 -126.09400
 8.60972 -126.08400
 8.54250 -126.12200
 8.53500 -126.12900
 8.52750 -126.14400
 8.52083 -126.19900
 8.52000 -126.22100
 8.52695 -126.23100
 8.53666 -126.21200
 8.55139 -126.22700
 8.54174 -126.36200
 8.50750 -126.39200
 8.46555 -126.39600
 8.39208 -126.37400
 8.36916 -126.35800
 8.36027 -126.34800
 8.23638 -126.32600
 8.20305 -126.39500
 8.22195 -126.41600
 8.24139 -126.44600
 8.23569 -126.46300
 8.22527 -126.46600
 8.11945 -126.44600
 8.11000 -126.44000
 8.09861 -126.43500
 7.90385 -126.36300
 7.88250 -126.36600
 7.84527 -126.38000
 7.82861 -126.38900
 7.82584 -126.40500
 7.82458 -126.42200
 7.80777 -126.45500
 7.72861 -126.52300
 7.69222 -126.55200
 7.51611 -126.59300
 7.50000 -126.59600
 7.48055 -126.59800
 7.44986 -126.59500
 7.44097 -126.58300
 7.39639 -126.55600
 7.35611 -126.55400
 7.30153 -126.55500
 7.29007 -126.56200
 7.28431 -126.58200
 7.19945 -126.55900
 7.05166 -126.45500
 7.00285 -126.34900
 6.99889 -126.32900
 6.98639 -126.31800
 6.92125 -126.28100
 6.89861 -126.28900
 6.88945 -126.29900
 6.88139 -126.31100
 6.86861 -126.32800
 6.85472 -126.34400
 6.80048 -126.34800
 6.79445 -126.32400
 6.79805 -126.31200
 6.80334 -126.30000
 6.81750 -126.28800
 6.83931 -126.28400
 6.87834 -126.27800
 6.90139 -126.27100
 6.92431 -126.26100
 6.94750 -126.21300
 6.94597 -126.20000
 6.93292 -126.18700
 6.88166 -126.16500
 6.86639 -126.17300
 6.83555 -126.19000
 6.81416 -126.20700
 6.80666 -126.21600
 6.79416 -126.22900
 6.77264 -126.24700
 6.75084 -126.25900
 6.70139 -126.24700
 6.68555 -126.23900
 6.67166 -126.23000
 6.63472 -126.22100
 6.42277 -126.21300
 6.32028 -126.20700
 6.27222 -126.19200
 6.32250 -126.18900
 6.33334 -126.18600
 6.34584 -126.18000
 6.39166 -126.14400
 6.47972 -126.10200
 6.51639 -126.08800
 6.52889 -126.08500
 6.64334 -126.06700
 6.66354 -126.07200
 6.69916 -126.08500
 6.73445 -126.09600
 6.84361 -126.07700
 6.85792 -126.06400
 6.86458 -126.04500
 6.86777 -126.02500
 6.88500 -126.00600
 6.90584 -125.98800
 6.92153 -125.97800
 6.94847 -125.97000
 6.96639 -125.97400
 6.98527 -125.98100
 7.00264 -125.98700
 7.02055 -125.98200
 7.06111 -125.96000
 7.07445 -125.94300
 7.08695 -125.91400
 7.09527 -125.90500
 7.11736 -125.88700
 7.25139 -125.84100
 7.27222 -125.84100
 7.31500 -125.84800
 7.33097 -125.85300
 7.34527 -125.85600
 7.35486 -125.85000
 7.36111 -125.83100
 7.36166 -125.81000
 7.32334 -125.75000
 7.30334 -125.72400
 7.27639 -125.69000
 7.23458 -125.65200
 7.20903 -125.64700
 7.18695 -125.65400
 7.15889 -125.66200
 7.12861 -125.66000
 7.11514 -125.65800
 7.10611 -125.65300
 7.09027 -125.64200
 7.04292 -125.60300
 7.03958 -125.57200
 7.04527 -125.54600
 7.03084 -125.52600
 6.97736 -125.48800
 6.94333 -125.49100
 6.92805 -125.49400
 6.89472 -125.47600
 6.84834 -125.43700
 6.80305 -125.39900
 6.79222 -125.39500
 6.72361 -125.37800
 6.61472 -125.38600
 6.59764 -125.39100
 6.58125 -125.44600
 6.59055 -125.45000
 6.56445 -125.49300
 6.47666 -125.59300
 6.25500 -125.68900
 6.16945 -125.71200
 6.10361 -125.71100
 6.02500 -125.70300
 5.97416 -125.68900
 5.95945 -125.68400
 5.91819 -125.66300
 5.86916 -125.62900
 5.85527 -125.60200
 5.78250 -125.54000
 5.74666 -125.51700
 5.73195 -125.50800
 5.69666 -125.48900
 5.64834 -125.46200
 5.58778 -125.42500
 5.56584 -125.40900
3692 12 6.88750 7.19139 -125.79679 -125.66345 'Southern Mindanao (Philippines)'
 6.88750 -125.76700
 6.88889 -125.76600
 6.89861 -125.75700
 7.07500 -125.67000
 7.09861 -125.66300
 7.19027 -125.69800
 7.19139 -125.71500
 7.14889 -125.77500
 7.13445 -125.78900
 7.11945 -125.79700
 6.93277 -125.79500
 6.88750 -125.76700
