2153 181 10.95414 14.45250 -38.93659 -35.26544 'Gonder (Ethiopia)'
 11.93360 -35.26540
 11.98330 -35.28390
 12.16560 -35.38360
 12.59150 -35.64740
 12.60220 -35.68620
 12.62500 -35.70010
 12.66610 -35.70110
 12.71560 -35.96470
 12.72060 -36.01260
 12.71500 -36.03720
 12.72410 -36.07230
 12.70640 -36.09340
 12.69400 -36.11190
 12.71490 -36.14250
 12.88140 -36.15920
 12.92540 -36.13530
 12.95280 -36.14210
 12.97170 -36.15110
 12.99000 -36.16890
 13.03310 -36.15740
 13.36810 -36.24860
 13.50280 -36.34890
 13.51940 -36.36220
 13.56780 -36.39750
 13.59510 -36.40870
 13.61560 -36.41140
 13.63530 -36.40740
 13.65750 -36.40900
 13.68690 -36.42100
 13.80420 -36.47110
 13.83940 -36.48690
 13.95690 -36.44640
 14.24610 -36.53940
 14.26210 -36.54280
 14.28860 -36.55850
 14.31670 -36.64120
 14.32720 -36.73640
 14.32810 -36.82500
 14.32030 -36.88610
 14.29440 -36.94990
 14.26150 -36.99980
 14.28750 -37.07530
 14.31240 -37.09050
 14.34670 -37.09080
 14.37120 -37.09170
 14.39310 -37.10140
 14.42560 -37.12470
 14.45250 -37.19960
 14.45190 -37.28780
 14.42670 -37.33690
 14.35640 -37.39120
 14.26810 -37.43310
 14.11430 -37.53080
 14.10230 -37.57220
 13.97680 -37.62070
 13.90630 -37.67840
 13.86900 -37.76290
 13.87490 -37.81680
 13.87970 -37.85110
 13.88170 -37.88960
 13.83580 -37.95360
 13.80590 -37.98270
 13.76190 -38.04170
 13.72830 -38.16920
 13.72280 -38.21820
 13.73530 -38.24690
 13.75890 -38.27220
 13.79890 -38.34620
 13.77310 -38.39670
 13.74510 -38.41340
 13.67720 -38.50530
 13.67100 -38.52760
 13.65640 -38.58120
 13.63710 -38.60740
 13.53250 -38.66620
 13.37580 -38.72530
 13.32330 -38.72970
 13.29320 -38.72860
 13.15290 -38.69750
 13.13530 -38.69060
 13.10500 -38.67110
 13.04310 -38.63780
 13.00030 -38.61750
 12.90510 -38.64120
 12.81750 -38.66420
 12.79690 -38.60720
 12.79030 -38.56930
 12.74310 -38.46820
 12.72850 -38.45150
 12.69720 -38.44060
 12.54330 -38.42110
 12.50580 -38.41640
 12.46820 -38.41600
 12.40320 -38.42330
 12.36900 -38.45330
 12.33930 -38.46260
 12.30780 -38.45990
 12.26110 -38.44310
 12.22400 -38.42870
 12.20310 -38.43040
 12.12140 -38.46850
 12.10500 -38.48330
 12.03670 -38.61860
 12.03250 -38.63940
 12.03070 -38.72280
 12.04010 -38.74760
 12.02100 -38.79720
 11.98690 -38.82560
 11.91610 -38.86130
 11.86030 -38.85820
 11.75010 -38.82080
 11.72560 -38.79640
 11.68860 -38.75030
 11.61140 -38.81100
 11.59650 -38.83120
 11.44860 -38.91640
 11.42920 -38.92420
 11.38860 -38.93660
 11.34640 -38.93370
 11.32390 -38.92440
 11.28890 -38.90360
 11.25560 -38.87720
 11.18860 -38.77710
 11.16530 -38.72610
 11.16220 -38.69110
 11.15580 -38.66000
 11.14310 -38.63820
 11.02860 -38.53720
 10.97220 -38.49940
 10.95410 -38.49330
 11.01720 -38.48490
 11.08240 -38.43650
 11.15070 -38.29840
 11.16030 -38.21690
 11.15860 -38.11440
 11.16030 -38.09430
 11.17560 -38.03050
 11.21650 -37.87740
 11.26390 -37.79250
 11.30670 -37.73750
 11.34140 -37.70470
 11.39910 -37.66940
 11.42740 -37.66030
 11.48400 -37.62030
 11.50650 -37.54590
 11.54730 -37.39020
 11.58370 -37.39510
 11.61990 -37.39180
 11.89440 -37.30780
 12.00190 -37.27440
 11.87900 -37.02410
 11.83530 -36.93610
 11.82420 -36.91570
 11.81640 -36.89100
 11.82310 -36.83250
 11.87810 -36.70830
 11.90190 -36.68390
 11.92940 -36.65580
 11.97570 -36.59890
 12.00560 -36.46640
 12.04170 -36.37470
 12.05330 -36.35500
 12.05760 -36.32560
 12.05000 -36.30220
 12.03160 -36.28420
 12.01110 -36.21400
 12.01030 -36.15750
 12.01170 -35.96500
 12.01280 -35.89000
 12.02060 -35.85780
 12.03470 -35.81260
 12.04190 -35.78600
 11.89580 -35.64330
 11.78950 -35.54440
 11.78190 -35.41030
 11.78250 -35.38500
 11.79260 -35.31030
 11.85690 -35.27830
 11.87960 -35.29060
 11.92840 -35.27680
 11.93360 -35.26540
2166 169 12.41166 14.88361 -41.84386 -37.57221 'Tigray (Ethiopia)'
 13.13530 -38.69060
 13.15290 -38.69750
 13.29320 -38.72860
 13.32330 -38.72970
 13.37580 -38.72530
 13.53250 -38.66620
 13.63710 -38.60740
 13.65640 -38.58120
 13.67100 -38.52760
 13.67720 -38.50530
 13.74510 -38.41340
 13.77310 -38.39670
 13.79890 -38.34620
 13.75890 -38.27220
 13.73530 -38.24690
 13.72280 -38.21820
 13.72830 -38.16920
 13.76190 -38.04170
 13.80590 -37.98270
 13.83580 -37.95360
 13.88170 -37.88960
 13.87970 -37.85110
 13.87490 -37.81680
 13.86900 -37.76290
 13.90630 -37.67840
 13.97680 -37.62070
 14.10230 -37.57220
 14.36000 -37.68440
 14.71530 -37.83830
 14.88360 -37.91140
 14.87100 -37.92650
 14.83780 -37.95580
 14.80110 -37.97830
 14.77600 -37.98030
 14.73500 -38.01830
 14.72190 -38.04060
 14.68330 -38.14370
 14.69210 -38.18890
 14.68740 -38.24490
 14.67760 -38.26330
 14.59420 -38.30690
 14.52160 -38.33350
 14.41870 -38.44900
 14.42650 -38.56140
 14.46970 -38.79560
 14.50080 -38.89310
 14.54610 -38.96560
 14.58900 -39.01240
 14.65520 -39.02400
 14.64360 -39.09400
 14.62940 -39.11870
 14.61780 -39.13530
 14.60000 -39.15220
 14.56430 -39.17860
 14.54430 -39.18960
 14.48560 -39.20970
 14.47360 -39.26310
 14.48390 -39.37600
 14.51130 -39.48260
 14.56560 -39.53140
 14.51030 -39.61390
 14.49360 -39.69510
 14.49570 -39.72600
 14.50280 -39.74640
 14.51360 -39.77990
 14.47980 -39.85170
 14.44370 -39.88680
 14.43250 -39.90370
 14.43180 -39.94580
 14.45890 -40.01890
 14.47010 -40.11690
 14.46470 -40.15670
 14.45800 -40.17940
 14.44350 -40.22810
 14.42470 -40.27110
 14.40580 -40.30140
 14.38780 -40.32280
 14.35920 -40.34970
 14.32530 -40.38560
 14.28260 -40.43360
 14.26140 -40.46890
 14.22030 -40.55280
 14.20310 -40.59250
 14.19580 -40.61420
 14.18900 -40.64690
 14.18250 -40.69360
 14.17280 -40.74890
 14.16470 -40.77690
 14.15310 -40.80270
 14.05220 -40.90940
 14.03220 -40.92920
 13.94470 -41.00800
 13.90000 -41.04720
 13.86650 -41.07290
 13.82290 -41.10040
 13.79690 -41.11560
 13.76610 -41.13250
 13.68170 -41.17830
 13.61240 -41.21860
 13.59540 -41.23650
 13.47220 -41.42810
 13.41120 -41.52800
 13.39780 -41.54970
 13.38670 -41.56690
 13.36530 -41.59920
 13.35360 -41.61560
 13.23640 -41.75690
 13.21190 -41.78140
 13.18780 -41.79860
 13.15780 -41.81650
 13.10580 -41.84310
 13.09850 -41.84390
 13.04640 -41.76580
 13.01420 -41.71310
 12.94070 -41.56940
 12.92110 -41.51690
 12.90560 -41.47750
 12.89750 -41.45830
 12.83750 -41.32800
 12.82610 -41.30500
 12.81670 -41.28610
 12.78560 -41.22780
 12.66330 -41.00470
 12.61610 -40.92250
 12.60070 -40.89990
 12.55220 -40.86110
 12.53580 -40.83610
 12.50190 -40.77330
 12.47330 -40.71530
 12.45750 -40.68280
 12.44810 -40.65780
 12.43360 -40.61080
 12.41560 -40.54320
 12.41170 -40.50290
 12.44280 -40.17920
 12.44870 -40.13430
 12.46470 -40.03500
 12.47210 -40.00000
 12.53120 -39.75670
 12.54080 -39.73060
 12.55920 -39.68870
 12.58860 -39.64670
 12.60960 -39.62580
 12.63970 -39.60080
 12.67140 -39.57860
 12.71150 -39.55900
 12.73140 -39.53510
 12.73760 -39.51290
 12.73640 -39.46460
 12.72970 -39.43080
 12.72060 -39.39890
 12.70580 -39.35190
 12.69530 -39.32110
 12.68390 -39.29110
 12.67780 -39.27000
 12.67080 -39.23220
 12.66970 -39.20280
 12.67220 -39.17610
 12.67820 -39.14140
 12.72930 -39.09290
 12.78670 -39.06830
 12.82400 -39.05490
 12.86280 -39.04310
 12.88500 -39.03810
 12.98890 -38.91440
 13.04670 -38.81210
 13.04760 -38.74990
 13.06150 -38.72830
 13.13530 -38.69060
2167 207 10.35319 13.13527 -42.39972 -38.41597 'Welo (Ethiopia)'
 10.83330 -40.44550
 10.83830 -40.43670
 10.85350 -40.39150
 10.86220 -40.31720
 10.86220 -40.28720
 10.84610 -40.08220
 10.82760 -39.99490
 10.81500 -39.97330
 10.79110 -39.94960
 10.79810 -39.92060
 10.89810 -39.85060
 10.98110 -39.79990
 11.01650 -39.77330
 11.02680 -39.74530
 11.01530 -39.71570
 10.99330 -39.69610
 10.92580 -39.65180
 10.86460 -39.61860
 10.81390 -39.60220
 10.72060 -39.56250
 10.61280 -39.50220
 10.58060 -39.47860
 10.55650 -39.45440
 10.44440 -39.29930
 10.43330 -39.25990
 10.43580 -39.20220
 10.42080 -39.10860
 10.40720 -39.07420
 10.38420 -39.02170
 10.36970 -39.00140
 10.35320 -38.96970
 10.35860 -38.92190
 10.36330 -38.89750
 10.37310 -38.85310
 10.39780 -38.70460
 10.38890 -38.57330
 10.37430 -38.49270
 10.38460 -38.47810
 10.40440 -38.48140
 10.48930 -38.47890
 10.50850 -38.47060
 10.59250 -38.45530
 10.61320 -38.45870
 10.64220 -38.47170
 10.65930 -38.49250
 10.68890 -38.50170
 10.71220 -38.50670
 10.90390 -38.51830
 10.92890 -38.50940
 10.95410 -38.49330
 10.97220 -38.49940
 11.02860 -38.53720
 11.14310 -38.63820
 11.15580 -38.66000
 11.16220 -38.69110
 11.16530 -38.72610
 11.18860 -38.77710
 11.25560 -38.87720
 11.28890 -38.90360
 11.32390 -38.92440
 11.34640 -38.93370
 11.38860 -38.93660
 11.42920 -38.92420
 11.44860 -38.91640
 11.59650 -38.83120
 11.61140 -38.81100
 11.68860 -38.75030
 11.72560 -38.79640
 11.75010 -38.82080
 11.86030 -38.85820
 11.91610 -38.86130
 11.98690 -38.82560
 12.02100 -38.79720
 12.04010 -38.74760
 12.03070 -38.72280
 12.03250 -38.63940
 12.03670 -38.61860
 12.10500 -38.48330
 12.12140 -38.46850
 12.20310 -38.43040
 12.22400 -38.42870
 12.26110 -38.44310
 12.30780 -38.45990
 12.33930 -38.46260
 12.36900 -38.45330
 12.40320 -38.42330
 12.46820 -38.41600
 12.50580 -38.41640
 12.54330 -38.42110
 12.69720 -38.44060
 12.72850 -38.45150
 12.74310 -38.46820
 12.79030 -38.56930
 12.79690 -38.60720
 12.81750 -38.66420
 12.90510 -38.64120
 13.00030 -38.61750
 13.04310 -38.63780
 13.10500 -38.67110
 13.13530 -38.69060
 13.06150 -38.72830
 13.04760 -38.74990
 13.04670 -38.81210
 12.98890 -38.91440
 12.88500 -39.03810
 12.86280 -39.04310
 12.82400 -39.05490
 12.78670 -39.06830
 12.72930 -39.09290
 12.67820 -39.14140
 12.67220 -39.17610
 12.66970 -39.20280
 12.67080 -39.23220
 12.67780 -39.27000
 12.68390 -39.29110
 12.69530 -39.32110
 12.70580 -39.35190
 12.72060 -39.39890
 12.72970 -39.43080
 12.73640 -39.46460
 12.73760 -39.51290
 12.73140 -39.53510
 12.71150 -39.55900
 12.67140 -39.57860
 12.63970 -39.60080
 12.60960 -39.62580
 12.58860 -39.64670
 12.55920 -39.68870
 12.54080 -39.73060
 12.53120 -39.75670
 12.47210 -40.00000
 12.46470 -40.03500
 12.44870 -40.13430
 12.44280 -40.17920
 12.41170 -40.50290
 12.41560 -40.54320
 12.43360 -40.61080
 12.44810 -40.65780
 12.45750 -40.68280
 12.47330 -40.71530
 12.50190 -40.77330
 12.53580 -40.83610
 12.55220 -40.86110
 12.60070 -40.89990
 12.61610 -40.92250
 12.66330 -41.00470
 12.78560 -41.22780
 12.81670 -41.28610
 12.82610 -41.30500
 12.83750 -41.32800
 12.89750 -41.45830
 12.90560 -41.47750
 12.92110 -41.51690
 12.94070 -41.56940
 13.01420 -41.71310
 13.04640 -41.76580
 13.09850 -41.84390
 12.94870 -41.91470
 12.92670 -41.92680
 12.88530 -41.95420
 12.86330 -41.97430
 12.85010 -41.99310
 12.84060 -42.01720
 12.83030 -42.04820
 12.81970 -42.07690
 12.81190 -42.09780
 12.80120 -42.11900
 12.77850 -42.15310
 12.74610 -42.19430
 12.72580 -42.21440
 12.65060 -42.26280
 12.59820 -42.29220
 12.57470 -42.30650
 12.54940 -42.32610
 12.52670 -42.34470
 12.51170 -42.35810
 12.46970 -42.39970
 12.43030 -42.36610
 12.39690 -42.33940
 12.35920 -42.32560
 12.30830 -42.30830
 12.29390 -42.29220
 12.26330 -42.25560
 12.13720 -42.16890
 12.09030 -42.12720
 11.97580 -42.05860
 11.92640 -42.02510
 11.81670 -41.94860
 11.77360 -41.89140
 11.74100 -41.82900
 11.63830 -41.79800
 11.50790 -41.75990
 11.38100 -41.79370
 11.25790 -41.81190
 11.16830 -41.80670
 11.09900 -41.80290
 11.03110 -41.80060
 11.01170 -41.50330
 10.99670 -41.27500
 10.97140 -40.90640
 10.95580 -40.67830
 10.95110 -40.60810
 10.94580 -40.52030
 10.94220 -40.45000
 10.91890 -40.45110
 10.85030 -40.44880
 10.83330 -40.44550
2188 113 4.43361 6.81800 -37.89725 -35.77444 'Gamo Gofa (Ethiopia)'
 6.81800 -37.28920
 6.80569 -37.29430
 6.78611 -37.31630
 6.75125 -37.43460
 6.75305 -37.46080
 6.75153 -37.48740
 6.71528 -37.61500
 6.67514 -37.72280
 6.64555 -37.75710
 6.47361 -37.89730
 6.36639 -37.86970
 6.28611 -37.84640
 6.25972 -37.83780
 6.23361 -37.82600
 6.21500 -37.81440
 6.18715 -37.79360
 6.15722 -37.76860
 6.12986 -37.74160
 6.09334 -37.69990
 6.03611 -37.65110
 6.02027 -37.63860
 5.98431 -37.62360
 5.95305 -37.61940
 5.74945 -37.69970
 5.65028 -37.74140
 5.53972 -37.71920
 5.29416 -37.66360
 5.27764 -37.64940
 5.27055 -37.62040
 5.24695 -37.52920
 5.21666 -37.47920
 5.18264 -37.43560
 5.18334 -37.39920
 5.18945 -37.37750
 5.21334 -37.33190
 5.22861 -37.29360
 5.23916 -37.22110
 5.22250 -37.05720
 5.21431 -37.00850
 5.19084 -36.97290
 5.14014 -36.94470
 5.10027 -36.92690
 5.06084 -36.91280
 5.01445 -36.90190
 4.94354 -36.89800
 4.91792 -36.94080
 4.91777 -36.97400
 4.90055 -36.98510
 4.85916 -36.97720
 4.81611 -36.96140
 4.77084 -36.93830
 4.74972 -36.92610
 4.72027 -36.90690
 4.69361 -36.88600
 4.67222 -36.86670
 4.64861 -36.84300
 4.62861 -36.82240
 4.58055 -36.78190
 4.56084 -36.76720
 4.52764 -36.74690
 4.48750 -36.73110
 4.43384 -36.71220
 4.43361 -36.66640
 4.44666 -36.64750
 4.44166 -36.43360
 4.43916 -36.27170
 4.44800 -36.21120
 4.44708 -36.04530
 4.52111 -35.95110
 4.62250 -35.94060
 4.64027 -35.92470
 4.79861 -35.77440
 5.08264 -35.78000
 5.10527 -35.80280
 5.13666 -35.82360
 5.16840 -35.83070
 5.20681 -35.80510
 5.23514 -35.79620
 5.26555 -35.79870
 5.32861 -35.82170
 5.33500 -35.83550
 5.35750 -35.86760
 5.37945 -35.88750
 5.43063 -35.92010
 5.48111 -35.90690
 5.73945 -35.95530
 6.00004 -36.00440
 6.06639 -35.98500
 6.10674 -35.95780
 6.16666 -35.94760
 6.24584 -35.97220
 6.34861 -36.01580
 6.43805 -36.10950
 6.43042 -36.16420
 6.40639 -36.19820
 6.39632 -36.22650
 6.40097 -36.24850
 6.48382 -36.39080
 6.52628 -36.43210
 6.56805 -36.48500
 6.62250 -36.56000
 6.65250 -36.62940
 6.67458 -36.66120
 6.71215 -36.68600
 6.70666 -36.91360
 6.69722 -36.94580
 6.67611 -36.96790
 6.63555 -37.03420
 6.66028 -37.20540
 6.67563 -37.22730
 6.73027 -37.23750
 6.78195 -37.25600
 6.81800 -37.28920
2189 167 9.84774 12.05764 -38.51833 -34.96416 'Gojam (Ethiopia)'
 9.87011 -37.66100
 9.89431 -37.62850
 9.92250 -37.59610
 9.95945 -37.56400
 9.98750 -37.55010
 10.00780 -37.52830
 10.06150 -37.39600
 10.05420 -37.35130
 10.04750 -37.29190
 10.10510 -37.20760
 10.12330 -37.19110
 10.16870 -37.16790
 10.18930 -37.17120
 10.21220 -37.19010
 10.24220 -37.19290
 10.31440 -36.99190
 10.34920 -36.85640
 10.36500 -36.74140
 10.36470 -36.69430
 10.33280 -36.67870
 10.32940 -36.65430
 10.37810 -36.53760
 10.39890 -36.52430
 10.43490 -36.51790
 10.46080 -36.53180
 10.48590 -36.52520
 10.49010 -36.47130
 10.48310 -36.45080
 10.44810 -36.42330
 10.38110 -36.39800
 10.25170 -36.31000
 10.21110 -36.28110
 10.15640 -36.23890
 10.13530 -36.21370
 10.12190 -36.15540
 10.13490 -36.12080
 10.15360 -36.03220
 10.14710 -35.96860
 10.08720 -35.89640
 10.01530 -35.82970
 9.97916 -35.73550
 9.99187 -35.62300
 10.04150 -35.58110
 10.05750 -35.56220
 10.10810 -35.48820
 10.12190 -35.45310
 10.11930 -35.42690
 10.11280 -35.39750
 10.13390 -35.35330
 10.20770 -35.31600
 10.26570 -35.31240
 10.32920 -35.31970
 10.40190 -35.31630
 10.43880 -35.29870
 10.45750 -35.27370
 10.47790 -35.23820
 10.57300 -35.14730
 10.61740 -35.13560
 10.70670 -35.15130
 10.72280 -35.16640
 10.77610 -35.17940
 10.89780 -35.20400
 11.05390 -35.19530
 11.10780 -35.18740
 11.13280 -35.17460
 11.20250 -35.09790
 11.21250 -35.07640
 11.23260 -35.01600
 11.22390 -34.97890
 11.23110 -34.97110
 11.25040 -34.96420
 11.27490 -34.96710
 11.31830 -34.98640
 11.34890 -35.00440
 11.36780 -35.01330
 11.53580 -35.08750
 11.57650 -35.09520
 11.59890 -35.09170
 11.62350 -35.07820
 11.64650 -35.06680
 11.73030 -35.05830
 11.75960 -35.06320
 11.80560 -35.08360
 11.83440 -35.10240
 11.85080 -35.11620
 11.86390 -35.13440
 11.87830 -35.16830
 11.88640 -35.20170
 11.89820 -35.23140
 11.91750 -35.25360
 11.93360 -35.26540
 11.92840 -35.27680
 11.87960 -35.29060
 11.85690 -35.27830
 11.79260 -35.31030
 11.78250 -35.38500
 11.78190 -35.41030
 11.78950 -35.54440
 11.89580 -35.64330
 12.04190 -35.78600
 12.03470 -35.81260
 12.02060 -35.85780
 12.01280 -35.89000
 12.01170 -35.96500
 12.01030 -36.15750
 12.01110 -36.21400
 12.03160 -36.28420
 12.05000 -36.30220
 12.05760 -36.32560
 12.05330 -36.35500
 12.04170 -36.37470
 12.00560 -36.46640
 11.97570 -36.59890
 11.92940 -36.65580
 11.90190 -36.68390
 11.87810 -36.70830
 11.82310 -36.83250
 11.81640 -36.89100
 11.82420 -36.91570
 11.83530 -36.93610
 11.87900 -37.02410
 12.00190 -37.27440
 11.89440 -37.30780
 11.61990 -37.39180
 11.58370 -37.39510
 11.54730 -37.39020
 11.50650 -37.54590
 11.48400 -37.62030
 11.42740 -37.66030
 11.39910 -37.66940
 11.34140 -37.70470
 11.30670 -37.73750
 11.26390 -37.79250
 11.21650 -37.87740
 11.17560 -38.03050
 11.16030 -38.09430
 11.15860 -38.11440
 11.16030 -38.21690
 11.15070 -38.29840
 11.08240 -38.43650
 11.01720 -38.48490
 10.95410 -38.49330
 10.92890 -38.50940
 10.90390 -38.51830
 10.71220 -38.50670
 10.68890 -38.50170
 10.65930 -38.49250
 10.64220 -38.47170
 10.61320 -38.45870
 10.59250 -38.45530
 10.50850 -38.47060
 10.48930 -38.47890
 10.40440 -38.48140
 10.38460 -38.47810
 10.35350 -38.47570
 10.18810 -38.40710
 10.15720 -38.36890
 10.11010 -38.28670
 10.10640 -38.26310
 10.11030 -38.22840
 10.01420 -38.06100
 9.99292 -38.04650
 9.95195 -37.96610
 9.88055 -37.80830
 9.86000 -37.74000
 9.84774 -37.69380
 9.87011 -37.66100
2190 161 7.01111 8.68792 -36.90298 -32.99180 'Ilubabor (Ethiopia)'
 8.53521 -36.64760
 8.53514 -36.65390
 8.50826 -36.68260
 8.45798 -36.71440
 8.42583 -36.71500
 8.39736 -36.72500
 8.35666 -36.76920
 8.31972 -36.82220
 8.29611 -36.84640
 8.26611 -36.86640
 8.22277 -36.89000
 8.19403 -36.90150
 8.16785 -36.90300
 7.95681 -36.81330
 7.94639 -36.79190
 7.94195 -36.73000
 7.93945 -36.70580
 7.93000 -36.67360
 7.90132 -36.60740
 7.87125 -36.56220
 7.85611 -36.54440
 7.73666 -36.41780
 7.28111 -35.92110
 7.24361 -35.88080
 7.20528 -35.74920
 7.18972 -35.62780
 7.18500 -35.59110
 7.16500 -35.45860
 7.15528 -35.43420
 7.14027 -35.40470
 7.13250 -35.38530
 7.11431 -35.33310
 7.11361 -35.19830
 7.08334 -34.98190
 7.05195 -34.85690
 7.03361 -34.80640
 7.02305 -34.76580
 7.01222 -34.69110
 7.01111 -34.63190
 7.01111 -34.54170
 7.01166 -34.50860
 7.03389 -34.30190
 7.04250 -34.22360
 7.09000 -34.19390
 7.17166 -34.16330
 7.19972 -34.09920
 7.24813 -34.02710
 7.28004 -34.02970
 7.30445 -34.03280
 7.37867 -34.02770
 7.52542 -33.88560
 7.65847 -33.71250
 7.68500 -33.64720
 7.74403 -33.46440
 7.74445 -33.43920
 7.76361 -33.25750
 7.78111 -33.09670
 7.79069 -33.05220
 7.84606 -33.01500
 7.88722 -32.99680
 7.92605 -32.99180
 7.99739 -33.03190
 8.10097 -33.12140
 8.11500 -33.16280
 8.14029 -33.18590
 8.22250 -33.17810
 8.27833 -33.16580
 8.35653 -33.16080
 8.39979 -33.17120
 8.46153 -33.26350
 8.45368 -33.32670
 8.43792 -33.38080
 8.46620 -33.50860
 8.46715 -33.63440
 8.43708 -33.67000
 8.39548 -33.69050
 8.37506 -33.71530
 8.36775 -33.77130
 8.38445 -33.78970
 8.41153 -33.81870
 8.42584 -33.85250
 8.43084 -33.88150
 8.43055 -33.91530
 8.43756 -33.97080
 8.46028 -34.00220
 8.52334 -34.07080
 8.55778 -34.10550
 8.57958 -34.12170
 8.58465 -34.12280
 8.58945 -34.12940
 8.59584 -34.15720
 8.59555 -34.18350
 8.58931 -34.21240
 8.57972 -34.23190
 8.50000 -34.39530
 8.48389 -34.46110
 8.46305 -34.49680
 8.43250 -34.51760
 8.41222 -34.52830
 8.39834 -34.54280
 8.34680 -34.63620
 8.34527 -34.66140
 8.33083 -34.67670
 8.27833 -34.71390
 8.24972 -34.73360
 8.22555 -34.74970
 8.20097 -34.76280
 8.17708 -34.78430
 8.17389 -34.81280
 8.17528 -34.83690
 8.19676 -34.93170
 8.26195 -34.95690
 8.35997 -34.96260
 8.39834 -34.96470
 8.41250 -35.05340
 8.41174 -35.09780
 8.43166 -35.11750
 8.45389 -35.12600
 8.47514 -35.11780
 8.49514 -35.08640
 8.49951 -35.05630
 8.56576 -35.08690
 8.59861 -35.11640
 8.61916 -35.13740
 8.63910 -35.17070
 8.63416 -35.20190
 8.63361 -35.23440
 8.64708 -35.32960
 8.65931 -35.35570
 8.67347 -35.37250
 8.68569 -35.40220
 8.64764 -35.47500
 8.62153 -35.49390
 8.60507 -35.52020
 8.59527 -35.56560
 8.59611 -35.58890
 8.60555 -35.65920
 8.62472 -35.71280
 8.62389 -35.73460
 8.60389 -35.76670
 8.59584 -35.78670
 8.57389 -35.84250
 8.55201 -35.97260
 8.58389 -36.00670
 8.60389 -36.03560
 8.65889 -36.11750
 8.68139 -36.15330
 8.68792 -36.17930
 8.66708 -36.20120
 8.63583 -36.21860
 8.60014 -36.24800
 8.59313 -36.28080
 8.61195 -36.33220
 8.62305 -36.35190
 8.63292 -36.37350
 8.63653 -36.39990
 8.63389 -36.42190
 8.62666 -36.46680
 8.57084 -36.58940
 8.53972 -36.64470
 8.53521 -36.64760
2191 183 5.32861 8.92754 -37.60305 -34.22361 'Kefa (Ethiopia)'
 6.01395 -34.98780
 6.06111 -34.98140
 6.08653 -34.96970
 6.10347 -34.95220
 6.13229 -34.92240
 6.23750 -34.87060
 6.26722 -34.85930
 6.29111 -34.85640
 6.36666 -34.85000
 6.61378 -34.75700
 6.67778 -34.70470
 6.70000 -34.67920
 6.71666 -34.65470
 6.72903 -34.63210
 6.73472 -34.60280
 6.73569 -34.55360
 6.74722 -34.52880
 6.87749 -34.48700
 6.91431 -34.47180
 6.93541 -34.43100
 6.95903 -34.36100
 6.95875 -34.32870
 6.96433 -34.29960
 6.97584 -34.28060
 7.01972 -34.23570
 7.04250 -34.22360
 7.03389 -34.30190
 7.01166 -34.50860
 7.01111 -34.54170
 7.01111 -34.63190
 7.01222 -34.69110
 7.02305 -34.76580
 7.03361 -34.80640
 7.05195 -34.85690
 7.08334 -34.98190
 7.11361 -35.19830
 7.11431 -35.33310
 7.13250 -35.38530
 7.14027 -35.40470
 7.15528 -35.43420
 7.16500 -35.45860
 7.18500 -35.59110
 7.18972 -35.62780
 7.20528 -35.74920
 7.24361 -35.88080
 7.28111 -35.92110
 7.73666 -36.41780
 7.85611 -36.54440
 7.87125 -36.56220
 7.90132 -36.60740
 7.93000 -36.67360
 7.93945 -36.70580
 7.94195 -36.73000
 7.94639 -36.79190
 7.95681 -36.81330
 8.16785 -36.90300
 8.19403 -36.90150
 8.22277 -36.89000
 8.26611 -36.86640
 8.29611 -36.84640
 8.31972 -36.82220
 8.35666 -36.76920
 8.39736 -36.72500
 8.42583 -36.71500
 8.45798 -36.71440
 8.50826 -36.68260
 8.53514 -36.65390
 8.53521 -36.64760
 8.61424 -36.65110
 8.62958 -36.74610
 8.62958 -36.78530
 8.63431 -36.83140
 8.66048 -36.91310
 8.68181 -36.95140
 8.70111 -36.97040
 8.72805 -36.98500
 8.75431 -36.99720
 8.78736 -37.01600
 8.85750 -37.07170
 8.88305 -37.09470
 8.92754 -37.14350
 8.92611 -37.16720
 8.86639 -37.20250
 8.79375 -37.20580
 8.76021 -37.19810
 8.74451 -37.17700
 8.73625 -37.14310
 8.70805 -37.13870
 8.63903 -37.17170
 8.60750 -37.21070
 8.60826 -37.23800
 8.58111 -37.26750
 8.52250 -37.30810
 8.47834 -37.33220
 8.39334 -37.37670
 8.35027 -37.40940
 8.29000 -37.47250
 8.26472 -37.53850
 8.22201 -37.60310
 7.99472 -37.58110
 7.93931 -37.59030
 7.85834 -37.58000
 7.82639 -37.57400
 7.66500 -37.52920
 7.60847 -37.50440
 7.53111 -37.45500
 7.47139 -37.40740
 7.44528 -37.39560
 7.33914 -37.35760
 7.31472 -37.35400
 7.29334 -37.35610
 7.27278 -37.36220
 7.25292 -37.37360
 7.21264 -37.42570
 7.19611 -37.47490
 7.21250 -37.50600
 7.19736 -37.53850
 7.18639 -37.53310
 7.17472 -37.50750
 7.13007 -37.46120
 7.04111 -37.44030
 6.94889 -37.42390
 6.91403 -37.42430
 6.89000 -37.41740
 6.86424 -37.38730
 6.86805 -37.35670
 6.86250 -37.32850
 6.82750 -37.29290
 6.81800 -37.28920
 6.78195 -37.25600
 6.73027 -37.23750
 6.67563 -37.22730
 6.66028 -37.20540
 6.63555 -37.03420
 6.67611 -36.96790
 6.69722 -36.94580
 6.70666 -36.91360
 6.71215 -36.68600
 6.67458 -36.66120
 6.65250 -36.62940
 6.62250 -36.56000
 6.56805 -36.48500
 6.52628 -36.43210
 6.48382 -36.39080
 6.40097 -36.24850
 6.39632 -36.22650
 6.40639 -36.19820
 6.43042 -36.16420
 6.43805 -36.10950
 6.34861 -36.01580
 6.24584 -35.97220
 6.16666 -35.94760
 6.10674 -35.95780
 6.06639 -35.98500
 6.00004 -36.00440
 5.73945 -35.95530
 5.48111 -35.90690
 5.43063 -35.92010
 5.37945 -35.88750
 5.35750 -35.86760
 5.33500 -35.83550
 5.32861 -35.82170
 5.33111 -35.79690
 5.33722 -35.77500
 5.34695 -35.75370
 5.36445 -35.72620
 5.42681 -35.52790
 5.43139 -35.50470
 5.42552 -35.44370
 5.39840 -35.41910
 5.35069 -35.35280
 5.35708 -35.32620
 5.37736 -35.30310
 5.43834 -35.27040
 5.45805 -35.27710
 5.48764 -35.29270
 5.50778 -35.29000
 5.63250 -35.10390
 5.68834 -35.10540
 5.81416 -35.02830
 5.87805 -34.98640
 5.96472 -34.97580
 6.01395 -34.98780
2192 249 6.97581 11.02681 -40.60520 -37.02138 'Shewa (Ethiopia)'
 8.92754 -37.14350
 8.96764 -37.12530
 8.98972 -37.09530
 9.07695 -37.02280
 9.30695 -37.02140
 9.35743 -37.03260
 9.35514 -37.06620
 9.32187 -37.08450
 9.18639 -37.25720
 9.18222 -37.34420
 9.18198 -37.38030
 9.22298 -37.40400
 9.24903 -37.40940
 9.30472 -37.43420
 9.32395 -37.45350
 9.33264 -37.48780
 9.32805 -37.51180
 9.32695 -37.57370
 9.37751 -37.64630
 9.40584 -37.65440
 9.42584 -37.65100
 9.44625 -37.63690
 9.59389 -37.61440
 9.82875 -37.63060
 9.87011 -37.66100
 9.84774 -37.69380
 9.86000 -37.74000
 9.88055 -37.80830
 9.95195 -37.96610
 9.99292 -38.04650
 10.01420 -38.06100
 10.11030 -38.22840
 10.10640 -38.26310
 10.11010 -38.28670
 10.15720 -38.36890
 10.18810 -38.40710
 10.35350 -38.47570
 10.38460 -38.47810
 10.37430 -38.49270
 10.38890 -38.57330
 10.39780 -38.70460
 10.37310 -38.85310
 10.36330 -38.89750
 10.35860 -38.92190
 10.35320 -38.96970
 10.36970 -39.00140
 10.38420 -39.02170
 10.40720 -39.07420
 10.42080 -39.10860
 10.43580 -39.20220
 10.43330 -39.25990
 10.44440 -39.29930
 10.55650 -39.45440
 10.58060 -39.47860
 10.61280 -39.50220
 10.72060 -39.56250
 10.81390 -39.60220
 10.86460 -39.61860
 10.92580 -39.65180
 10.99330 -39.69610
 11.01530 -39.71570
 11.02680 -39.74530
 11.01650 -39.77330
 10.98110 -39.79990
 10.89810 -39.85060
 10.79810 -39.92060
 10.79110 -39.94960
 10.81500 -39.97330
 10.82760 -39.99490
 10.84610 -40.08220
 10.86220 -40.28720
 10.86220 -40.31720
 10.85350 -40.39150
 10.83830 -40.43670
 10.83330 -40.44550
 10.80890 -40.43750
 10.78840 -40.43320
 10.73220 -40.43690
 10.68760 -40.44970
 10.66440 -40.46800
 10.62000 -40.50240
 10.53500 -40.52580
 10.45500 -40.53720
 10.37030 -40.53920
 10.23420 -40.56000
 10.12760 -40.59170
 10.10500 -40.60520
 10.05500 -40.59500
 10.00610 -40.54620
 9.97319 -40.49620
 9.97361 -40.43920
 9.97479 -40.36950
 9.92528 -40.30310
 9.90222 -40.27780
 9.80334 -40.22420
 9.78292 -40.22140
 9.72334 -40.23290
 9.67889 -40.25310
 9.66750 -40.26970
 9.65180 -40.29250
 9.63250 -40.30390
 9.55805 -40.29980
 9.51111 -40.27290
 9.47292 -40.22290
 9.46132 -40.18500
 9.42208 -40.14990
 9.29931 -40.08190
 9.27875 -40.07970
 9.21943 -40.09220
 9.16277 -40.11720
 9.10527 -40.14830
 9.08055 -40.16470
 9.05887 -40.17720
 9.03166 -40.18710
 9.00316 -40.18430
 8.93097 -40.14350
 8.90166 -40.12080
 8.88780 -40.10640
 8.88027 -40.09670
 8.83472 -40.02220
 8.83665 -40.00200
 8.85552 -39.99150
 8.86422 -39.95520
 8.85016 -39.90520
 8.82084 -39.88400
 8.77246 -39.86560
 8.74053 -39.86440
 8.70042 -39.83330
 8.65972 -39.78610
 8.55389 -39.63810
 8.42750 -39.47030
 8.38590 -39.36740
 8.39361 -39.31060
 8.40389 -39.28610
 8.41666 -39.25670
 8.44584 -39.22920
 8.47264 -39.21580
 8.47653 -39.15590
 8.46181 -39.12710
 8.43006 -39.10350
 8.40208 -39.07940
 8.39334 -39.05760
 8.39472 -39.02740
 8.39916 -39.00710
 8.41465 -38.98150
 8.41528 -38.93440
 8.40166 -38.82500
 8.39486 -38.79800
 8.37712 -38.76500
 8.35083 -38.74610
 8.31916 -38.72920
 8.29916 -38.72460
 8.26326 -38.72850
 8.23458 -38.75320
 8.22250 -38.78670
 8.21195 -38.81190
 8.19445 -38.83610
 8.17361 -38.85680
 8.13555 -38.87370
 8.08993 -38.86740
 8.03111 -38.84900
 7.99750 -38.83690
 7.93028 -38.81080
 7.90139 -38.79750
 7.86932 -38.77430
 7.84486 -38.75720
 7.80993 -38.74650
 7.58111 -38.75110
 7.54445 -38.75420
 7.51041 -38.76110
 7.47736 -38.77140
 7.44431 -38.79150
 7.41792 -38.80240
 7.35722 -38.81580
 7.32639 -38.81810
 7.29222 -38.81690
 7.25445 -38.81220
 7.21916 -38.80550
 7.19334 -38.79750
 7.17445 -38.78860
 7.00590 -38.69260
 6.98500 -38.67220
 6.97581 -38.65050
 7.01222 -38.64030
 7.03111 -38.63220
 7.05695 -38.61670
 7.12472 -38.57150
 7.15028 -38.51970
 7.15778 -38.49220
 7.16000 -38.44920
 7.15139 -38.41350
 7.11666 -38.34280
 7.10166 -38.31640
 7.07028 -38.25360
 7.05305 -38.21260
 7.04472 -38.18390
 7.04208 -38.15290
 7.04548 -38.11800
 7.05639 -38.09060
 7.07951 -38.06500
 7.11069 -38.04780
 7.12945 -38.02890
 7.14305 -38.00080
 7.14916 -37.97890
 7.15611 -37.94330
 7.15750 -37.92000
 7.15597 -37.88820
 7.14916 -37.80810
 7.15611 -37.68580
 7.17764 -37.59370
 7.18195 -37.56610
 7.18639 -37.53310
 7.19736 -37.53850
 7.21250 -37.50600
 7.19611 -37.47490
 7.21264 -37.42570
 7.25292 -37.37360
 7.27278 -37.36220
 7.29334 -37.35610
 7.31472 -37.35400
 7.33914 -37.35760
 7.44528 -37.39560
 7.47139 -37.40740
 7.53111 -37.45500
 7.60847 -37.50440
 7.66500 -37.52920
 7.82639 -37.57400
 7.85834 -37.58000
 7.93931 -37.59030
 7.99472 -37.58110
 8.22201 -37.60310
 8.26472 -37.53850
 8.29000 -37.47250
 8.35027 -37.40940
 8.39334 -37.37670
 8.47834 -37.33220
 8.52250 -37.30810
 8.58111 -37.26750
 8.60826 -37.23800
 8.60750 -37.21070
 8.63903 -37.17170
 8.70805 -37.13870
 8.73625 -37.14310
 8.74451 -37.17700
 8.76021 -37.19810
 8.79375 -37.20580
 8.86639 -37.20250
 8.92611 -37.16720
 8.92754 -37.14350
2193 211 8.17389 11.23264 -37.66095 -34.08583 'Welega (Ethiopia)'
 8.58465 -34.12280
 8.63416 -34.12360
 8.80583 -34.13000
 8.95527 -34.13500
 9.38527 -34.10060
 9.41972 -34.09780
 9.45389 -34.09500
 9.45472 -34.09420
 9.55305 -34.08580
 9.75805 -34.14000
 9.90500 -34.20720
 9.97361 -34.21970
 10.02760 -34.23060
 10.11720 -34.32310
 10.23850 -34.34830
 10.28080 -34.34190
 10.35000 -34.32800
 10.55420 -34.28610
 10.58640 -34.31470
 10.63170 -34.35280
 10.78440 -34.43970
 10.88780 -34.59440
 10.83470 -34.67390
 10.80220 -34.71080
 10.74940 -34.76990
 10.72330 -34.80060
 10.73200 -34.86060
 10.86440 -34.97530
 10.91530 -34.97860
 10.95670 -34.93330
 11.11030 -34.98360
 11.17440 -35.00560
 11.19830 -35.00750
 11.22390 -34.97890
 11.23260 -35.01600
 11.21250 -35.07640
 11.20250 -35.09790
 11.13280 -35.17460
 11.10780 -35.18740
 11.05390 -35.19530
 10.89780 -35.20400
 10.77610 -35.17940
 10.72280 -35.16640
 10.70670 -35.15130
 10.61740 -35.13560
 10.57300 -35.14730
 10.47790 -35.23820
 10.45750 -35.27370
 10.43880 -35.29870
 10.40190 -35.31630
 10.32920 -35.31970
 10.26570 -35.31240
 10.20770 -35.31600
 10.13390 -35.35330
 10.11280 -35.39750
 10.11930 -35.42690
 10.12190 -35.45310
 10.10810 -35.48820
 10.05750 -35.56220
 10.04150 -35.58110
 9.99187 -35.62300
 9.97916 -35.73550
 10.01530 -35.82970
 10.08720 -35.89640
 10.14710 -35.96860
 10.15360 -36.03220
 10.13490 -36.12080
 10.12190 -36.15540
 10.13530 -36.21370
 10.15640 -36.23890
 10.21110 -36.28110
 10.25170 -36.31000
 10.38110 -36.39800
 10.44810 -36.42330
 10.48310 -36.45080
 10.49010 -36.47130
 10.48590 -36.52520
 10.46080 -36.53180
 10.43490 -36.51790
 10.39890 -36.52430
 10.37810 -36.53760
 10.32940 -36.65430
 10.33280 -36.67870
 10.36470 -36.69430
 10.36500 -36.74140
 10.34920 -36.85640
 10.31440 -36.99190
 10.24220 -37.19290
 10.21220 -37.19010
 10.18930 -37.17120
 10.16870 -37.16790
 10.12330 -37.19110
 10.10510 -37.20760
 10.04750 -37.29190
 10.05420 -37.35130
 10.06150 -37.39600
 10.00780 -37.52830
 9.98750 -37.55010
 9.95945 -37.56400
 9.92250 -37.59610
 9.89431 -37.62850
 9.87011 -37.66100
 9.82875 -37.63060
 9.59389 -37.61440
 9.44625 -37.63690
 9.42584 -37.65100
 9.40584 -37.65440
 9.37751 -37.64630
 9.32695 -37.57370
 9.32805 -37.51180
 9.33264 -37.48780
 9.32395 -37.45350
 9.30472 -37.43420
 9.24903 -37.40940
 9.22298 -37.40400
 9.18198 -37.38030
 9.18222 -37.34420
 9.18639 -37.25720
 9.32187 -37.08450
 9.35514 -37.06620
 9.35743 -37.03260
 9.30695 -37.02140
 9.07695 -37.02280
 8.98972 -37.09530
 8.96764 -37.12530
 8.92754 -37.14350
 8.88305 -37.09470
 8.85750 -37.07170
 8.78736 -37.01600
 8.75431 -36.99720
 8.72805 -36.98500
 8.70111 -36.97040
 8.68181 -36.95140
 8.66048 -36.91310
 8.63431 -36.83140
 8.62958 -36.78530
 8.62958 -36.74610
 8.61424 -36.65110
 8.53521 -36.64760
 8.53972 -36.64470
 8.57084 -36.58940
 8.62666 -36.46680
 8.63389 -36.42190
 8.63653 -36.39990
 8.63292 -36.37350
 8.62305 -36.35190
 8.61195 -36.33220
 8.59313 -36.28080
 8.60014 -36.24800
 8.63583 -36.21860
 8.66708 -36.20120
 8.68792 -36.17930
 8.68139 -36.15330
 8.65889 -36.11750
 8.60389 -36.03560
 8.58389 -36.00670
 8.55201 -35.97260
 8.57389 -35.84250
 8.59584 -35.78670
 8.60389 -35.76670
 8.62389 -35.73460
 8.62472 -35.71280
 8.60555 -35.65920
 8.59611 -35.58890
 8.59527 -35.56560
 8.60507 -35.52020
 8.62153 -35.49390
 8.64764 -35.47500
 8.68569 -35.40220
 8.67347 -35.37250
 8.65931 -35.35570
 8.64708 -35.32960
 8.63361 -35.23440
 8.63416 -35.20190
 8.63910 -35.17070
 8.61916 -35.13740
 8.59861 -35.11640
 8.56576 -35.08690
 8.49951 -35.05630
 8.49514 -35.08640
 8.47514 -35.11780
 8.45389 -35.12600
 8.43166 -35.11750
 8.41174 -35.09780
 8.41250 -35.05340
 8.39834 -34.96470
 8.35997 -34.96260
 8.26195 -34.95690
 8.19676 -34.93170
 8.17528 -34.83690
 8.17389 -34.81280
 8.17708 -34.78430
 8.20097 -34.76280
 8.22555 -34.74970
 8.24972 -34.73360
 8.27833 -34.71390
 8.33083 -34.67670
 8.34527 -34.66140
 8.34680 -34.63620
 8.39834 -34.54280
 8.41222 -34.52830
 8.43250 -34.51760
 8.46305 -34.49680
 8.48389 -34.46110
 8.50000 -34.39530
 8.57972 -34.23190
 8.58931 -34.21240
 8.59555 -34.18350
 8.59584 -34.15720
 8.58945 -34.12940
 8.58465 -34.12280
2194 139 6.90483 8.88780 -40.74817 -38.65045 'Arsi (Ethiopia)'
 6.90483 -38.76650
 6.91069 -38.76250
 6.93361 -38.72290
 6.94722 -38.67750
 6.96292 -38.65640
 6.97581 -38.65050
 6.98500 -38.67220
 7.00590 -38.69260
 7.17445 -38.78860
 7.19334 -38.79750
 7.21916 -38.80550
 7.25445 -38.81220
 7.29222 -38.81690
 7.32639 -38.81810
 7.35722 -38.81580
 7.41792 -38.80240
 7.44431 -38.79150
 7.47736 -38.77140
 7.51041 -38.76110
 7.54445 -38.75420
 7.58111 -38.75110
 7.80993 -38.74650
 7.84486 -38.75720
 7.86932 -38.77430
 7.90139 -38.79750
 7.93028 -38.81080
 7.99750 -38.83690
 8.03111 -38.84900
 8.08993 -38.86740
 8.13555 -38.87370
 8.17361 -38.85680
 8.19445 -38.83610
 8.21195 -38.81190
 8.22250 -38.78670
 8.23458 -38.75320
 8.26326 -38.72850
 8.29916 -38.72460
 8.31916 -38.72920
 8.35083 -38.74610
 8.37712 -38.76500
 8.39486 -38.79800
 8.40166 -38.82500
 8.41528 -38.93440
 8.41465 -38.98150
 8.39916 -39.00710
 8.39472 -39.02740
 8.39334 -39.05760
 8.40208 -39.07940
 8.43006 -39.10350
 8.46181 -39.12710
 8.47653 -39.15590
 8.47264 -39.21580
 8.44584 -39.22920
 8.41666 -39.25670
 8.40389 -39.28610
 8.39361 -39.31060
 8.38590 -39.36740
 8.42750 -39.47030
 8.55389 -39.63810
 8.65972 -39.78610
 8.70042 -39.83330
 8.74053 -39.86440
 8.77246 -39.86560
 8.82084 -39.88400
 8.85016 -39.90520
 8.86422 -39.95520
 8.85552 -39.99150
 8.83665 -40.00200
 8.83472 -40.02220
 8.88027 -40.09670
 8.88780 -40.10640
 8.87347 -40.11820
 8.84389 -40.14010
 8.76777 -40.18320
 8.73666 -40.19610
 8.66139 -40.22250
 8.49792 -40.32780
 8.47361 -40.33710
 8.43416 -40.33680
 8.40445 -40.32610
 8.38583 -40.31690
 8.35834 -40.30580
 8.31416 -40.29360
 8.27680 -40.29240
 8.15236 -40.31340
 8.10889 -40.33640
 8.03111 -40.38580
 8.01334 -40.40330
 7.99416 -40.42560
 7.90416 -40.55490
 7.88319 -40.61030
 7.88195 -40.68540
 7.90380 -40.74820
 7.88278 -40.73830
 7.81305 -40.69030
 7.79222 -40.66860
 7.66431 -40.52620
 7.63889 -40.48000
 7.62250 -40.44860
 7.61445 -40.42330
 7.59695 -40.38670
 7.53555 -40.29780
 7.48945 -40.23530
 7.44278 -40.16540
 7.43084 -40.14330
 7.42395 -40.11760
 7.43278 -40.09140
 7.45584 -40.03610
 7.48575 -39.92670
 7.48445 -39.89470
 7.47750 -39.86800
 7.47055 -39.84140
 7.45166 -39.79440
 7.43431 -39.76080
 7.43111 -39.74060
 7.44861 -39.68170
 7.46431 -39.64180
 7.43292 -39.58360
 7.41361 -39.56190
 7.35555 -39.50690
 7.32264 -39.49760
 7.29645 -39.50760
 7.24305 -39.47500
 7.20805 -39.44920
 7.18500 -39.42940
 7.12139 -39.35080
 7.06916 -39.21500
 7.06000 -39.18890
 7.03736 -39.10430
 7.03861 -39.07310
 7.00403 -38.99610
 6.97042 -38.96790
 6.95555 -38.95150
 6.93139 -38.89170
 6.93542 -38.87010
 6.94472 -38.84060
 6.94445 -38.81780
 6.92958 -38.78840
 6.90483 -38.76650
2195 271 4.17615 8.15514 -45.00784 -38.75875 'Bale (Ethiopia)'
 4.27119 -42.72650
 4.26472 -42.65610
 4.26042 -42.62230
 4.22889 -42.48580
 4.20750 -42.40140
 4.20208 -42.37030
 4.20375 -42.26990
 4.20777 -42.23610
 4.20889 -42.19580
 4.20334 -42.15170
 4.19389 -42.11780
 4.18666 -42.09830
 4.17615 -42.07390
 4.27958 -42.05320
 4.30150 -42.02300
 4.31958 -41.98650
 4.32042 -41.94240
 4.35695 -41.88970
 4.48416 -41.77530
 4.57416 -41.71610
 4.59305 -41.69080
 4.60805 -41.65860
 4.66028 -41.62110
 4.70639 -41.60390
 4.75555 -41.59030
 4.91861 -41.51670
 4.94250 -41.48530
 5.00486 -41.42420
 5.02181 -41.41060
 5.07222 -41.38440
 5.15666 -41.34690
 5.22722 -41.32800
 5.29625 -41.32110
 5.35027 -41.29780
 5.44458 -41.24420
 5.46771 -41.21030
 5.51555 -41.18030
 5.56834 -41.15030
 5.59986 -41.15540
 5.64027 -41.14720
 5.71361 -41.04570
 5.70743 -40.97420
 5.66945 -40.87720
 5.61958 -40.77330
 5.52750 -40.64920
 5.50305 -40.62470
 5.43153 -40.55610
 5.41042 -40.52680
 5.40111 -40.48920
 5.35695 -40.23920
 5.35389 -40.19510
 5.35972 -40.12420
 5.39778 -39.97100
 5.42695 -39.92750
 5.44639 -39.91190
 5.46805 -39.89990
 5.50834 -39.85850
 5.52653 -39.80190
 5.51590 -39.77160
 5.53028 -39.69420
 5.60059 -39.68180
 5.61805 -39.71110
 5.66479 -39.72100
 5.70347 -39.69530
 5.73965 -39.61940
 5.72861 -39.57830
 5.70813 -39.55530
 5.73195 -39.50960
 5.80493 -39.45460
 5.85500 -39.44470
 6.02972 -39.36210
 6.06472 -39.36020
 6.09639 -39.35660
 6.11889 -39.35340
 6.15139 -39.34050
 6.18472 -39.31310
 6.21416 -39.27640
 6.24903 -39.23060
 6.26666 -39.20710
 6.29334 -39.17890
 6.31445 -39.16610
 6.33625 -39.15720
 6.37334 -39.14330
 6.39389 -39.13750
 6.41277 -39.12940
 6.46278 -39.10470
 6.50222 -39.08300
 6.54000 -39.04870
 6.55903 -39.02400
 6.57555 -38.99510
 6.58847 -38.96320
 6.60139 -38.92670
 6.61250 -38.90310
 6.63139 -38.87360
 6.64611 -38.85710
 6.67278 -38.83190
 6.69500 -38.81260
 6.71584 -38.79890
 6.76111 -38.77670
 6.79084 -38.76580
 6.84569 -38.75870
 6.88028 -38.76220
 6.90483 -38.76650
 6.92958 -38.78840
 6.94445 -38.81780
 6.94472 -38.84060
 6.93542 -38.87010
 6.93139 -38.89170
 6.95555 -38.95150
 6.97042 -38.96790
 7.00403 -38.99610
 7.03861 -39.07310
 7.03736 -39.10430
 7.06000 -39.18890
 7.06916 -39.21500
 7.12139 -39.35080
 7.18500 -39.42940
 7.20805 -39.44920
 7.24305 -39.47500
 7.29645 -39.50760
 7.32264 -39.49760
 7.35555 -39.50690
 7.41361 -39.56190
 7.43292 -39.58360
 7.46431 -39.64180
 7.44861 -39.68170
 7.43111 -39.74060
 7.43431 -39.76080
 7.45166 -39.79440
 7.47055 -39.84140
 7.47750 -39.86800
 7.48445 -39.89470
 7.48575 -39.92670
 7.45584 -40.03610
 7.43278 -40.09140
 7.42395 -40.11760
 7.43084 -40.14330
 7.44278 -40.16540
 7.48945 -40.23530
 7.53555 -40.29780
 7.59695 -40.38670
 7.61445 -40.42330
 7.62250 -40.44860
 7.63889 -40.48000
 7.66431 -40.52620
 7.79222 -40.66860
 7.81305 -40.69030
 7.88278 -40.73830
 7.90380 -40.74820
 7.91472 -40.75670
 7.93792 -40.78470
 7.95139 -40.81420
 7.95334 -40.85190
 7.95166 -40.87220
 7.95250 -40.91080
 7.96416 -40.96760
 8.01584 -41.03720
 8.04555 -41.07000
 8.06666 -41.09690
 8.11903 -41.17750
 8.12834 -41.19940
 8.14916 -41.27420
 8.15514 -41.32070
 8.13027 -41.49240
 8.09264 -41.52120
 7.80555 -41.61370
 7.78195 -41.61210
 7.74472 -41.62120
 7.59431 -41.72970
 7.54555 -41.81330
 7.53139 -41.85530
 7.51916 -41.91110
 7.53084 -41.98110
 7.56122 -42.02980
 7.46666 -42.09250
 7.42084 -42.14740
 7.41181 -42.17530
 7.27889 -42.21780
 7.22750 -42.22490
 7.13389 -42.21640
 7.04139 -42.18500
 6.98722 -42.16530
 6.95750 -42.13300
 6.93042 -42.09640
 6.67528 -42.02280
 6.64611 -42.01720
 6.62139 -42.02170
 6.59472 -42.03560
 6.47861 -42.11330
 6.37277 -42.21580
 6.31819 -42.29010
 6.28326 -42.41710
 6.27889 -42.57250
 6.26465 -42.72100
 6.20736 -42.78760
 6.18805 -42.79920
 6.16264 -42.81010
 6.14805 -42.82610
 6.09278 -42.95110
 6.05639 -43.03860
 5.97527 -43.19280
 5.95500 -43.23080
 5.95139 -43.32470
 5.95507 -43.36850
 5.96486 -43.40620
 5.95695 -43.46420
 5.93916 -43.53220
 5.86063 -43.70490
 5.77722 -43.82050
 5.74028 -43.87330
 5.59958 -44.10680
 5.56805 -44.20780
 5.58410 -44.23530
 5.59882 -44.27290
 5.59111 -44.29750
 5.56972 -44.31030
 5.52792 -44.34620
 5.50445 -44.37440
 5.47097 -44.43750
 5.46514 -44.51890
 5.37334 -44.58720
 5.34042 -44.59810
 5.30916 -44.62080
 5.25986 -44.67420
 5.25201 -44.70670
 5.23931 -44.73830
 5.21875 -44.75470
 5.19805 -44.76750
 5.16819 -44.78060
 5.13201 -44.79170
 5.06986 -44.84970
 5.04945 -44.90970
 4.99722 -44.97390
 4.96257 -45.00780
 4.95431 -45.00000
 4.90250 -44.95080
 4.93027 -44.51280
 4.93353 -44.46690
 4.94416 -44.29030
 4.94834 -44.22170
 4.95861 -44.05900
 4.96305 -43.98190
 4.95139 -43.95990
 4.93445 -43.92220
 4.92278 -43.88720
 4.91389 -43.85580
 4.91028 -43.83310
 4.90569 -43.79810
 4.90334 -43.76750
 4.90055 -43.73740
 4.89195 -43.68640
 4.86000 -43.58720
 4.85250 -43.56780
 4.82222 -43.49060
 4.76527 -43.35890
 4.74861 -43.32170
 4.68778 -43.19360
 4.66639 -43.15820
 4.60416 -43.08080
 4.52542 -42.98570
 4.50431 -42.96890
 4.48111 -42.95720
 4.44611 -42.94650
 4.38875 -42.93360
 4.36403 -42.92000
 4.31834 -42.87670
 4.30472 -42.85570
 4.29528 -42.83170
 4.27834 -42.76860
 4.27278 -42.74080
 4.27119 -42.72650
2196 265 4.96257 11.09708 -47.98825 -40.07972 'Harerge (Ethiopia)'
 6.16203 -46.11400
 6.03555 -45.99030
 5.99916 -45.95580
 5.73861 -45.71670
 5.48976 -45.48940
 5.36392 -45.37450
 5.06027 -45.09610
 4.96257 -45.00780
 4.99722 -44.97390
 5.04945 -44.90970
 5.06986 -44.84970
 5.13201 -44.79170
 5.16819 -44.78060
 5.19805 -44.76750
 5.21875 -44.75470
 5.23931 -44.73830
 5.25201 -44.70670
 5.25986 -44.67420
 5.30916 -44.62080
 5.34042 -44.59810
 5.37334 -44.58720
 5.46514 -44.51890
 5.47097 -44.43750
 5.50445 -44.37440
 5.52792 -44.34620
 5.56972 -44.31030
 5.59111 -44.29750
 5.59882 -44.27290
 5.58410 -44.23530
 5.56805 -44.20780
 5.59958 -44.10680
 5.74028 -43.87330
 5.77722 -43.82050
 5.86063 -43.70490
 5.93916 -43.53220
 5.95695 -43.46420
 5.96486 -43.40620
 5.95507 -43.36850
 5.95139 -43.32470
 5.95500 -43.23080
 5.97527 -43.19280
 6.05639 -43.03860
 6.09278 -42.95110
 6.14805 -42.82610
 6.16264 -42.81010
 6.18805 -42.79920
 6.20736 -42.78760
 6.26465 -42.72100
 6.27889 -42.57250
 6.28326 -42.41710
 6.31819 -42.29010
 6.37277 -42.21580
 6.47861 -42.11330
 6.59472 -42.03560
 6.62139 -42.02170
 6.64611 -42.01720
 6.67528 -42.02280
 6.93042 -42.09640
 6.95750 -42.13300
 6.98722 -42.16530
 7.04139 -42.18500
 7.13389 -42.21640
 7.22750 -42.22490
 7.27889 -42.21780
 7.41181 -42.17530
 7.42084 -42.14740
 7.46666 -42.09250
 7.56122 -42.02980
 7.53084 -41.98110
 7.51916 -41.91110
 7.53139 -41.85530
 7.54555 -41.81330
 7.59431 -41.72970
 7.74472 -41.62120
 7.78195 -41.61210
 7.80555 -41.61370
 8.09264 -41.52120
 8.13027 -41.49240
 8.15514 -41.32070
 8.14916 -41.27420
 8.12834 -41.19940
 8.11903 -41.17750
 8.06666 -41.09690
 8.04555 -41.07000
 8.01584 -41.03720
 7.96416 -40.96760
 7.95250 -40.91080
 7.95166 -40.87220
 7.95334 -40.85190
 7.95139 -40.81420
 7.93792 -40.78470
 7.91472 -40.75670
 7.90380 -40.74820
 7.88195 -40.68540
 7.88319 -40.61030
 7.90416 -40.55490
 7.99416 -40.42560
 8.01334 -40.40330
 8.03111 -40.38580
 8.10889 -40.33640
 8.15236 -40.31340
 8.27680 -40.29240
 8.31416 -40.29360
 8.35834 -40.30580
 8.38583 -40.31690
 8.40445 -40.32610
 8.43416 -40.33680
 8.47361 -40.33710
 8.49792 -40.32780
 8.66139 -40.22250
 8.73666 -40.19610
 8.76777 -40.18320
 8.84389 -40.14010
 8.87347 -40.11820
 8.88780 -40.10640
 8.90166 -40.12080
 8.93097 -40.14350
 9.00316 -40.18430
 9.03166 -40.18710
 9.05887 -40.17720
 9.08055 -40.16470
 9.10527 -40.14830
 9.16277 -40.11720
 9.21943 -40.09220
 9.27875 -40.07970
 9.29931 -40.08190
 9.42208 -40.14990
 9.46132 -40.18500
 9.47292 -40.22290
 9.51111 -40.27290
 9.55805 -40.29980
 9.63250 -40.30390
 9.65180 -40.29250
 9.66750 -40.26970
 9.67889 -40.25310
 9.72334 -40.23290
 9.78292 -40.22140
 9.80334 -40.22420
 9.90222 -40.27780
 9.92528 -40.30310
 9.97479 -40.36950
 9.97361 -40.43920
 9.97319 -40.49620
 10.00610 -40.54620
 10.05500 -40.59500
 10.10500 -40.60520
 10.12760 -40.59170
 10.23420 -40.56000
 10.37030 -40.53920
 10.45500 -40.53720
 10.53500 -40.52580
 10.62000 -40.50240
 10.66440 -40.46800
 10.68760 -40.44970
 10.73220 -40.43690
 10.78840 -40.43320
 10.80890 -40.43750
 10.83330 -40.44550
 10.85030 -40.44880
 10.91890 -40.45110
 10.94220 -40.45000
 10.94580 -40.52030
 10.95110 -40.60810
 10.95580 -40.67830
 10.97140 -40.90640
 10.99670 -41.27500
 11.01170 -41.50330
 11.03110 -41.80060
 11.00810 -41.78970
 10.98530 -41.80830
 10.97310 -41.83720
 10.96080 -41.88190
 10.95360 -41.91810
 10.95000 -41.94030
 10.94220 -41.99190
 10.94470 -42.01970
 10.97740 -42.08030
 10.99940 -42.12550
 11.00030 -42.17170
 11.01140 -42.30060
 11.01920 -42.35890
 11.06360 -42.50110
 11.09160 -42.60820
 11.09710 -42.64040
 11.07790 -42.74820
 11.05910 -42.75980
 11.02320 -42.76930
 10.99780 -42.79220
 10.98830 -42.81100
 10.98210 -42.89100
 11.00240 -42.94410
 10.95530 -42.91750
 10.89220 -42.85500
 10.87390 -42.83860
 10.78040 -42.76420
 10.63290 -42.66480
 10.58280 -42.68110
 10.53610 -42.70940
 10.51790 -42.72220
 10.49570 -42.74670
 10.45560 -42.78610
 10.42280 -42.79710
 10.38060 -42.80330
 10.35000 -42.80610
 10.31390 -42.81690
 10.21940 -42.85070
 10.20060 -42.86420
 10.17210 -42.89100
 10.14780 -42.92280
 10.13250 -42.95330
 10.11760 -42.98060
 10.08110 -43.01310
 10.02500 -43.03470
 9.99305 -43.04280
 9.96819 -43.05170
 9.94875 -43.06300
 9.92486 -43.08430
 9.90889 -43.11030
 9.90277 -43.14780
 9.90277 -43.18040
 9.89229 -43.20410
 9.86319 -43.22490
 9.79931 -43.23780
 9.75083 -43.24640
 9.68472 -43.26060
 9.66445 -43.26720
 9.64555 -43.27530
 9.63472 -43.28330
 9.62834 -43.30530
 9.61958 -43.32850
 9.55695 -43.38670
 9.48527 -43.42780
 9.46084 -43.42510
 9.43458 -43.42580
 9.41764 -43.44170
 9.34847 -43.55530
 9.33611 -43.58310
 9.35445 -43.62720
 9.26278 -43.72780
 9.00722 -44.01060
 8.79517 -44.65050
 8.67861 -45.00220
 8.61611 -45.19000
 8.54195 -45.41170
 8.47333 -45.61610
 8.32361 -46.05920
 8.23222 -46.33170
 8.15722 -46.55280
 8.07639 -46.79080
 8.00611 -46.99470
 8.00111 -47.01190
 8.00195 -47.08690
 8.00334 -47.60750
 8.00361 -47.74640
 8.00305 -47.85060
 8.00305 -47.90250
 8.00411 -47.98820
 8.00111 -47.98720
 7.92045 -47.90400
 7.78659 -47.76180
 7.68889 -47.65810
 7.59222 -47.55550
 7.05695 -46.99140
 6.61945 -46.56140
 6.16203 -46.11400
2199 264 3.40666 7.18639 -42.07388 -36.71215 'Sidamo (Ethiopia)'
 3.98032 -41.90520
 3.96986 -41.89190
 3.94847 -41.84010
 3.96055 -41.80080
 3.98195 -41.78110
 4.00014 -41.72580
 3.98916 -41.61140
 3.97611 -41.53490
 3.96111 -41.48760
 3.94931 -41.46900
 3.94111 -41.27390
 3.94153 -41.18100
 3.94584 -41.16060
 3.95847 -41.13510
 3.97597 -41.11470
 3.99639 -41.09360
 4.03125 -41.06360
 4.06042 -41.04820
 4.10861 -41.00940
 4.21666 -40.87690
 4.23472 -40.85360
 4.28797 -40.78380
 4.22861 -40.67220
 4.12305 -40.39890
 4.09889 -40.38860
 4.02250 -40.18250
 3.92858 -40.00000
 3.86945 -39.86670
 3.67834 -39.78280
 3.50084 -39.59500
 3.40666 -39.56030
 3.40931 -39.51900
 3.42264 -39.50210
 3.45014 -39.49960
 3.46250 -39.45080
 3.46000 -39.42250
 3.46916 -39.33140
 3.49965 -39.32860
 3.47650 -39.29610
 3.47528 -39.29500
 3.47139 -39.24890
 3.47861 -39.19690
 3.51084 -39.13000
 3.53445 -39.08470
 3.52889 -39.04610
 3.51861 -38.95640
 3.51389 -38.91360
 3.54334 -38.81000
 3.56722 -38.72940
 3.60166 -38.62190
 3.62695 -38.51690
 3.59945 -38.44810
 3.60889 -38.32390
 3.61166 -38.12110
 3.65195 -38.05610
 3.69805 -38.03360
 3.72861 -37.99810
 4.19445 -37.28050
 4.28639 -37.13030
 4.33166 -37.09920
 4.37555 -37.03970
 4.43472 -36.88780
 4.43384 -36.71220
 4.48750 -36.73110
 4.52764 -36.74690
 4.56084 -36.76720
 4.58055 -36.78190
 4.62861 -36.82240
 4.64861 -36.84300
 4.67222 -36.86670
 4.69361 -36.88600
 4.72027 -36.90690
 4.74972 -36.92610
 4.77084 -36.93830
 4.81611 -36.96140
 4.85916 -36.97720
 4.90055 -36.98510
 4.91777 -36.97400
 4.91792 -36.94080
 4.94354 -36.89800
 5.01445 -36.90190
 5.06084 -36.91280
 5.10027 -36.92690
 5.14014 -36.94470
 5.19084 -36.97290
 5.21431 -37.00850
 5.22250 -37.05720
 5.23916 -37.22110
 5.22861 -37.29360
 5.21334 -37.33190
 5.18945 -37.37750
 5.18334 -37.39920
 5.18264 -37.43560
 5.21666 -37.47920
 5.24695 -37.52920
 5.27055 -37.62040
 5.27764 -37.64940
 5.29416 -37.66360
 5.53972 -37.71920
 5.65028 -37.74140
 5.74945 -37.69970
 5.95305 -37.61940
 5.98431 -37.62360
 6.02027 -37.63860
 6.03611 -37.65110
 6.09334 -37.69990
 6.12986 -37.74160
 6.15722 -37.76860
 6.18715 -37.79360
 6.21500 -37.81440
 6.23361 -37.82600
 6.25972 -37.83780
 6.28611 -37.84640
 6.36639 -37.86970
 6.47361 -37.89730
 6.64555 -37.75710
 6.67514 -37.72280
 6.71528 -37.61500
 6.75153 -37.48740
 6.75305 -37.46080
 6.75125 -37.43460
 6.78611 -37.31630
 6.80569 -37.29430
 6.81800 -37.28920
 6.82750 -37.29290
 6.86250 -37.32850
 6.86805 -37.35670
 6.86424 -37.38730
 6.89000 -37.41740
 6.91403 -37.42430
 6.94889 -37.42390
 7.04111 -37.44030
 7.13007 -37.46120
 7.17472 -37.50750
 7.18639 -37.53310
 7.18195 -37.56610
 7.17764 -37.59370
 7.15611 -37.68580
 7.14916 -37.80810
 7.15597 -37.88820
 7.15750 -37.92000
 7.15611 -37.94330
 7.14916 -37.97890
 7.14305 -38.00080
 7.12945 -38.02890
 7.11069 -38.04780
 7.07951 -38.06500
 7.05639 -38.09060
 7.04548 -38.11800
 7.04208 -38.15290
 7.04472 -38.18390
 7.05305 -38.21260
 7.07028 -38.25360
 7.10166 -38.31640
 7.11666 -38.34280
 7.15139 -38.41350
 7.16000 -38.44920
 7.15778 -38.49220
 7.15028 -38.51970
 7.12472 -38.57150
 7.05695 -38.61670
 7.03111 -38.63220
 7.01222 -38.64030
 6.97581 -38.65050
 6.96292 -38.65640
 6.94722 -38.67750
 6.93361 -38.72290
 6.91069 -38.76250
 6.90483 -38.76650
 6.88028 -38.76220
 6.84569 -38.75870
 6.79084 -38.76580
 6.76111 -38.77670
 6.71584 -38.79890
 6.69500 -38.81260
 6.67278 -38.83190
 6.64611 -38.85710
 6.63139 -38.87360
 6.61250 -38.90310
 6.60139 -38.92670
 6.58847 -38.96320
 6.57555 -38.99510
 6.55903 -39.02400
 6.54000 -39.04870
 6.50222 -39.08300
 6.46278 -39.10470
 6.41277 -39.12940
 6.39389 -39.13750
 6.37334 -39.14330
 6.33625 -39.15720
 6.31445 -39.16610
 6.29334 -39.17890
 6.26666 -39.20710
 6.24903 -39.23060
 6.21416 -39.27640
 6.18472 -39.31310
 6.15139 -39.34050
 6.11889 -39.35340
 6.09639 -39.35660
 6.06472 -39.36020
 6.02972 -39.36210
 5.85500 -39.44470
 5.80493 -39.45460
 5.73195 -39.50960
 5.70813 -39.55530
 5.72861 -39.57830
 5.73965 -39.61940
 5.70347 -39.69530
 5.66479 -39.72100
 5.61805 -39.71110
 5.60059 -39.68180
 5.53028 -39.69420
 5.51590 -39.77160
 5.52653 -39.80190
 5.50834 -39.85850
 5.46805 -39.89990
 5.44639 -39.91190
 5.42695 -39.92750
 5.39778 -39.97100
 5.35972 -40.12420
 5.35389 -40.19510
 5.35695 -40.23920
 5.40111 -40.48920
 5.41042 -40.52680
 5.43153 -40.55610
 5.50305 -40.62470
 5.52750 -40.64920
 5.61958 -40.77330
 5.66945 -40.87720
 5.70743 -40.97420
 5.71361 -41.04570
 5.64027 -41.14720
 5.59986 -41.15540
 5.56834 -41.15030
 5.51555 -41.18030
 5.46771 -41.21030
 5.44458 -41.24420
 5.35027 -41.29780
 5.29625 -41.32110
 5.22722 -41.32800
 5.15666 -41.34690
 5.07222 -41.38440
 5.02181 -41.41060
 5.00486 -41.42420
 4.94250 -41.48530
 4.91861 -41.51670
 4.75555 -41.59030
 4.70639 -41.60390
 4.66028 -41.62110
 4.60805 -41.65860
 4.59305 -41.69080
 4.57416 -41.71610
 4.48416 -41.77530
 4.35695 -41.88970
 4.32042 -41.94240
 4.31958 -41.98650
 4.30150 -42.02300
 4.27958 -42.05320
 4.17615 -42.07390
 4.14278 -42.04080
 4.08847 -41.95940
 4.05271 -41.93780
 4.02236 -41.93870
 3.98032 -41.90520
