4123 32 -2.80563 -2.29953 -29.95236 -29.57055 'Butare (Rwanda)'
 -2.34062 -29.65390
 -2.34598 -29.71420
 -2.30881 -29.74830
 -2.31031 -29.81820
 -2.32995 -29.91840
 -2.29953 -29.95240
 -2.30945 -29.95220
 -2.32111 -29.94690
 -2.37084 -29.93530
 -2.56639 -29.91640
 -2.64195 -29.92030
 -2.65278 -29.92190
 -2.69368 -29.90650
 -2.73750 -29.87640
 -2.75555 -29.85690
 -2.77278 -29.82190
 -2.80292 -29.73920
 -2.80563 -29.69580
 -2.78111 -29.63080
 -2.79389 -29.61580
 -2.80236 -29.59700
 -2.80000 -29.57060
 -2.71938 -29.59890
 -2.66115 -29.59360
 -2.63126 -29.58380
 -2.57046 -29.58950
 -2.50889 -29.63560
 -2.47472 -29.66310
 -2.44778 -29.69470
 -2.39528 -29.69830
 -2.35583 -29.66890
 -2.34062 -29.65390
4124 49 -1.88433 -1.05445 -30.83094 -29.88844 'Byumba (Rwanda)'
 -1.65490 -30.83090
 -1.66132 -30.73430
 -1.67691 -30.49950
 -1.68903 -30.47380
 -1.70857 -30.46220
 -1.72907 -30.45560
 -1.78923 -30.43900
 -1.82206 -30.43180
 -1.84483 -30.42290
 -1.86068 -30.40680
 -1.87320 -30.37460
 -1.88433 -30.33980
 -1.84135 -30.27980
 -1.84345 -30.25740
 -1.85057 -30.23530
 -1.84925 -30.21450
 -1.77357 -30.09520
 -1.75071 -29.98570
 -1.74502 -29.94500
 -1.65794 -29.88840
 -1.64757 -29.90610
 -1.64014 -29.93180
 -1.60751 -29.92320
 -1.58109 -29.90460
 -1.55575 -29.90100
 -1.53081 -29.90980
 -1.51020 -29.91930
 -1.47611 -29.92970
 -1.47584 -29.93670
 -1.46222 -29.97970
 -1.36750 -30.10920
 -1.31500 -30.17170
 -1.26666 -30.22920
 -1.20965 -30.28350
 -1.18472 -30.29780
 -1.14376 -30.31540
 -1.06097 -30.36080
 -1.05445 -30.45190
 -1.05933 -30.47680
 -1.06334 -30.48220
 -1.07500 -30.46690
 -1.10139 -30.45440
 -1.16069 -30.47060
 -1.33069 -30.56470
 -1.38945 -30.63750
 -1.38722 -30.68610
 -1.43695 -30.73920
 -1.51708 -30.74890
 -1.65490 -30.83090
4125 48 -2.39986 -1.65490 -30.89326 -30.25361 'Kibungo (Rwanda)'
 -2.39916 -30.57330
 -2.39986 -30.56140
 -2.38347 -30.50940
 -2.35236 -30.46510
 -2.32605 -30.44240
 -2.30156 -30.39310
 -2.33639 -30.35640
 -2.33305 -30.34940
 -2.19222 -30.26920
 -2.16833 -30.25860
 -2.12305 -30.25360
 -2.08972 -30.31780
 -2.06861 -30.38690
 -2.07555 -30.41360
 -2.04215 -30.42060
 -1.99323 -30.41650
 -1.97305 -30.40620
 -1.88433 -30.33980
 -1.87320 -30.37460
 -1.86068 -30.40680
 -1.84483 -30.42290
 -1.82206 -30.43180
 -1.78923 -30.43900
 -1.72907 -30.45560
 -1.70857 -30.46220
 -1.68903 -30.47380
 -1.67691 -30.49950
 -1.66132 -30.73430
 -1.65490 -30.83090
 -1.70055 -30.81110
 -1.72875 -30.81830
 -1.80055 -30.83500
 -1.84666 -30.82470
 -1.92945 -30.80830
 -2.03826 -30.87140
 -2.07549 -30.89330
 -2.09729 -30.88620
 -2.18972 -30.84820
 -2.22416 -30.84320
 -2.26111 -30.84870
 -2.29792 -30.85180
 -2.32569 -30.84580
 -2.35431 -30.83080
 -2.38055 -30.78220
 -2.35514 -30.72640
 -2.34778 -30.70620
 -2.38764 -30.58620
 -2.39916 -30.57330
4127 34 -2.74472 -2.21295 -29.36358 -28.85445 'Cyangugu (Rwanda)'
 -2.74472 -29.02440
 -2.72403 -29.01710
 -2.69424 -28.97590
 -2.69125 -28.94290
 -2.68000 -28.92350
 -2.66000 -28.90220
 -2.52611 -28.85440
 -2.39868 -28.86740
 -2.36639 -28.89350
 -2.33445 -28.98500
 -2.26855 -29.09780
 -2.24111 -29.11830
 -2.21295 -29.13050
 -2.23396 -29.15550
 -2.27740 -29.23460
 -2.28275 -29.26470
 -2.29349 -29.31140
 -2.30259 -29.31920
 -2.35990 -29.32720
 -2.40041 -29.31280
 -2.51460 -29.32150
 -2.54741 -29.33990
 -2.62361 -29.36360
 -2.67926 -29.35900
 -2.68333 -29.32580
 -2.65708 -29.32890
 -2.63445 -29.27970
 -2.58916 -29.14060
 -2.59222 -29.09420
 -2.60326 -29.06260
 -2.66653 -29.04710
 -2.69708 -29.05330
 -2.72945 -29.04150
 -2.74472 -29.02440
4128 35 -2.82549 -2.20639 -29.69833 -29.31278 'Gikongoro (Rwanda)'
 -2.34062 -29.65390
 -2.35583 -29.66890
 -2.39528 -29.69830
 -2.44778 -29.69470
 -2.47472 -29.66310
 -2.50889 -29.63560
 -2.57046 -29.58950
 -2.63126 -29.58380
 -2.66115 -29.59360
 -2.71938 -29.59890
 -2.80000 -29.57060
 -2.82445 -29.53560
 -2.80597 -29.46430
 -2.79584 -29.44390
 -2.82549 -29.38050
 -2.81778 -29.35900
 -2.75708 -29.33750
 -2.73695 -29.35170
 -2.71695 -29.35420
 -2.68333 -29.32580
 -2.67926 -29.35900
 -2.62361 -29.36360
 -2.54741 -29.33990
 -2.51460 -29.32150
 -2.40041 -29.31280
 -2.35990 -29.32720
 -2.30259 -29.31920
 -2.24915 -29.41420
 -2.27163 -29.44290
 -2.27381 -29.46480
 -2.23352 -29.53000
 -2.20639 -29.56190
 -2.24389 -29.58110
 -2.30778 -29.62060
 -2.34062 -29.65390
4129 36 -2.01976 -1.50416 -29.66639 -29.12430 'Gisenyi (Rwanda)'
 -1.50416 -29.45640
 -1.61186 -29.48200
 -1.62316 -29.50810
 -1.64350 -29.55660
 -1.66799 -29.61460
 -1.71417 -29.62800
 -1.73250 -29.63720
 -1.74285 -29.65950
 -1.79528 -29.66640
 -1.96416 -29.66530
 -1.96694 -29.62220
 -1.96677 -29.60910
 -1.96306 -29.58030
 -1.94259 -29.52940
 -1.92150 -29.51580
 -1.89101 -29.49010
 -1.88155 -29.46130
 -1.89859 -29.38370
 -1.92925 -29.37400
 -1.98437 -29.36010
 -1.99885 -29.34050
 -2.00480 -29.31320
 -2.01442 -29.26620
 -2.01869 -29.22660
 -2.01976 -29.18170
 -2.01436 -29.14820
 -1.97639 -29.13530
 -1.94889 -29.12810
 -1.91605 -29.12430
 -1.85105 -29.12990
 -1.81514 -29.14350
 -1.65472 -29.25140
 -1.62639 -29.27080
 -1.51090 -29.36200
 -1.50416 -29.44280
 -1.50416 -29.45640
4130 32 -2.34598 -1.73305 -30.04315 -29.56194 'Gitarama (Rwanda)'
 -2.29953 -29.95240
 -2.32995 -29.91840
 -2.31031 -29.81820
 -2.30881 -29.74830
 -2.34598 -29.71420
 -2.34062 -29.65390
 -2.30778 -29.62060
 -2.24389 -29.58110
 -2.20639 -29.56190
 -2.17791 -29.59570
 -2.05972 -29.62580
 -1.99028 -29.63080
 -1.96694 -29.62220
 -1.96416 -29.66530
 -1.79528 -29.66640
 -1.74285 -29.65950
 -1.73305 -29.67810
 -1.75778 -29.73780
 -1.77278 -29.74360
 -1.81361 -29.77170
 -1.85083 -29.80330
 -1.86111 -29.84610
 -1.85361 -29.88710
 -1.88222 -29.94390
 -1.90722 -29.97390
 -1.97648 -30.04310
 -2.08692 -30.02250
 -2.11417 -30.00750
 -2.14055 -29.97890
 -2.16944 -29.97390
 -2.24250 -29.96550
 -2.29953 -29.95240
4131 36 -2.30259 -1.88155 -29.63083 -29.13049 'Kibuye (Rwanda)'
 -2.30259 -29.31920
 -2.29349 -29.31140
 -2.28275 -29.26470
 -2.27740 -29.23460
 -2.23396 -29.15550
 -2.21295 -29.13050
 -2.18916 -29.14390
 -2.16084 -29.15640
 -2.13319 -29.16640
 -2.09334 -29.17060
 -2.06861 -29.16750
 -2.01436 -29.14820
 -2.01976 -29.18170
 -2.01869 -29.22660
 -2.01442 -29.26620
 -2.00480 -29.31320
 -1.99885 -29.34050
 -1.98437 -29.36010
 -1.92925 -29.37400
 -1.89859 -29.38370
 -1.88155 -29.46130
 -1.89101 -29.49010
 -1.92150 -29.51580
 -1.94259 -29.52940
 -1.96306 -29.58030
 -1.96677 -29.60910
 -1.96694 -29.62220
 -1.99028 -29.63080
 -2.05972 -29.62580
 -2.17791 -29.59570
 -2.20639 -29.56190
 -2.23352 -29.53000
 -2.27381 -29.46480
 -2.27163 -29.44290
 -2.24915 -29.41420
 -2.30259 -29.31920
4132 46 -2.42834 -1.65794 -30.42061 -29.73778 'Kigali (Rwanda)'
 -2.30945 -29.95220
 -2.29953 -29.95240
 -2.24250 -29.96550
 -2.16944 -29.97390
 -2.14055 -29.97890
 -2.11417 -30.00750
 -2.08692 -30.02250
 -1.97648 -30.04310
 -1.90722 -29.97390
 -1.88222 -29.94390
 -1.85361 -29.88710
 -1.86111 -29.84610
 -1.85083 -29.80330
 -1.81361 -29.77170
 -1.77278 -29.74360
 -1.75778 -29.73780
 -1.75040 -29.75540
 -1.71754 -29.79710
 -1.68709 -29.81020
 -1.65893 -29.82340
 -1.65794 -29.88840
 -1.74502 -29.94500
 -1.75071 -29.98570
 -1.77357 -30.09520
 -1.84925 -30.21450
 -1.85057 -30.23530
 -1.84345 -30.25740
 -1.84135 -30.27980
 -1.88433 -30.33980
 -1.97305 -30.40620
 -1.99323 -30.41650
 -2.04215 -30.42060
 -2.07555 -30.41360
 -2.06861 -30.38690
 -2.08972 -30.31780
 -2.12305 -30.25360
 -2.16833 -30.25860
 -2.19222 -30.26920
 -2.33305 -30.34940
 -2.33639 -30.35640
 -2.35599 -30.28590
 -2.42834 -30.15830
 -2.42042 -30.11250
 -2.40916 -30.09310
 -2.33611 -30.00420
 -2.30945 -29.95220
4133 40 -1.75778 -1.31972 -29.93177 -29.45639 'Ruhengeri (Rwanda)'
 -1.50416 -29.45640
 -1.48250 -29.47000
 -1.44958 -29.49530
 -1.41361 -29.53830
 -1.39347 -29.57330
 -1.38584 -29.59690
 -1.38708 -29.61740
 -1.38666 -29.64080
 -1.38166 -29.67750
 -1.36750 -29.69780
 -1.34750 -29.71720
 -1.31972 -29.83530
 -1.32695 -29.85530
 -1.37042 -29.88420
 -1.40181 -29.88450
 -1.43278 -29.89060
 -1.46507 -29.91000
 -1.47611 -29.92970
 -1.51020 -29.91930
 -1.53081 -29.90980
 -1.55575 -29.90100
 -1.58109 -29.90460
 -1.60751 -29.92320
 -1.64014 -29.93180
 -1.64757 -29.90610
 -1.65794 -29.88840
 -1.65893 -29.82340
 -1.68709 -29.81020
 -1.71754 -29.79710
 -1.75040 -29.75540
 -1.75778 -29.73780
 -1.73305 -29.67810
 -1.74285 -29.65950
 -1.73250 -29.63720
 -1.71417 -29.62800
 -1.66799 -29.61460
 -1.64350 -29.55660
 -1.62316 -29.50810
 -1.61186 -29.48200
 -1.50416 -29.45640
