2709 192 45.98374 47.58285 -35.11076 -31.76597 'Kherson (Ukraine)'
 46.72680 -31.96640
 46.72330 -32.00800
 46.73300 -32.11670
 46.73940 -32.15030
 46.75100 -32.17850
 46.77500 -32.20030
 46.80210 -32.21560
 46.83910 -32.38360
 46.84650 -32.43050
 46.86220 -32.63460
 46.84280 -32.68420
 46.82620 -32.70480
 46.82890 -32.77580
 46.85050 -32.92860
 46.93430 -33.01430
 47.01780 -33.06190
 47.04300 -33.02810
 47.07580 -32.95220
 47.07620 -32.92350
 47.10690 -32.91600
 47.16410 -32.96220
 47.17690 -32.99640
 47.17780 -33.04190
 47.20050 -33.12250
 47.22560 -33.13810
 47.42640 -33.13030
 47.52550 -33.11890
 47.58280 -33.08920
 47.57420 -33.14390
 47.54690 -33.27930
 47.51310 -33.36140
 47.52390 -33.44250
 47.50860 -33.58800
 47.48500 -33.64780
 47.48440 -33.70140
 47.48710 -33.73330
 47.50000 -33.79500
 47.50690 -33.83440
 47.51110 -33.85920
 47.51390 -33.87940
 47.51440 -33.91580
 47.50850 -33.93710
 47.49190 -33.99390
 47.48140 -34.04860
 47.47860 -34.06860
 47.47470 -34.10530
 47.47280 -34.15280
 47.47550 -34.18420
 47.47840 -34.20350
 47.47470 -34.20660
 47.44580 -34.22410
 47.40920 -34.24110
 47.35360 -34.26360
 47.27210 -34.29830
 47.28530 -34.40030
 47.31130 -34.42430
 47.31370 -34.50540
 47.23250 -34.50250
 47.19440 -34.49780
 47.14310 -34.49860
 47.11330 -34.50500
 47.00580 -34.56200
 46.95760 -34.60720
 46.94280 -34.66000
 46.92850 -34.71760
 46.86220 -34.79030
 46.83910 -34.79800
 46.75030 -34.72390
 46.72140 -34.68390
 46.59260 -34.72530
 46.54420 -34.76310
 46.49720 -34.86110
 46.48170 -34.95110
 46.46710 -35.03190
 46.37650 -35.05870
 46.29960 -35.06350
 46.29410 -35.11080
 46.26010 -35.05670
 46.25010 -35.03390
 46.18140 -34.81250
 46.17580 -34.70250
 46.08220 -34.63150
 45.99820 -34.58260
 45.98600 -34.56640
 45.98370 -34.54080
 45.98660 -34.50190
 46.01270 -34.40520
 46.09390 -34.44140
 46.09820 -34.46240
 46.11200 -34.49060
 46.10380 -34.51690
 46.08790 -34.54120
 46.09760 -34.55970
 46.12110 -34.57030
 46.15320 -34.57400
 46.18450 -34.53690
 46.16100 -34.47700
 46.15460 -34.45640
 46.17030 -34.32940
 46.22820 -34.23960
 46.25920 -34.20610
 46.27440 -34.18330
 46.28140 -34.15580
 46.20610 -34.12780
 46.16010 -34.12390
 46.11840 -34.12690
 46.13330 -34.03250
 46.16960 -33.99300
 46.20030 -33.97490
 46.21360 -33.95720
 46.24810 -33.77300
 46.22170 -33.68160
 46.23350 -33.66390
 46.23290 -33.64330
 46.21100 -33.63170
 46.18050 -33.64140
 46.15960 -33.64970
 46.13810 -33.64600
 46.12400 -33.62300
 46.14260 -33.61400
 46.15620 -33.59350
 46.11300 -33.52530
 46.08390 -33.51080
 46.06640 -33.49530
 46.05300 -33.47440
 46.04600 -33.42960
 46.08740 -33.38350
 46.12440 -33.31580
 46.14170 -33.26910
 46.16010 -33.18860
 46.13110 -33.12490
 46.11120 -32.90380
 46.12000 -32.84610
 46.12930 -32.81180
 46.13000 -32.77440
 46.12610 -32.74470
 46.10920 -32.63440
 46.09610 -32.58550
 46.07760 -32.53800
 46.07620 -32.50040
 46.09170 -32.41000
 46.10800 -32.33750
 46.12690 -32.26450
 46.17300 -32.24330
 46.25640 -32.02720
 46.28380 -31.91870
 46.28160 -31.88980
 46.27690 -31.83110
 46.27870 -31.81040
 46.28420 -31.79010
 46.30980 -31.76600
 46.33960 -31.81500
 46.34230 -31.85140
 46.34050 -31.88220
 46.34030 -31.91720
 46.34300 -31.94280
 46.35010 -31.97540
 46.39170 -32.05670
 46.44800 -32.00700
 46.45300 -31.96670
 46.48300 -31.81630
 46.51000 -31.83890
 46.52270 -31.85250
 46.51860 -31.89640
 46.50970 -32.09250
 46.49140 -32.18110
 46.46860 -32.27660
 46.46190 -32.31970
 46.45920 -32.34800
 46.49780 -32.41610
 46.52580 -32.41260
 46.55230 -32.44870
 46.57560 -32.49080
 46.59660 -32.55790
 46.60400 -32.59610
 46.61390 -32.61470
 46.64230 -32.64160
 46.60830 -32.51860
 46.58470 -32.45610
 46.56830 -32.42140
 46.56140 -32.40000
 46.55750 -32.37530
 46.55650 -32.32830
 46.56500 -32.29900
 46.57790 -32.28110
 46.60110 -32.24310
 46.58080 -32.18470
 46.56030 -32.14190
 46.63430 -32.01360
 46.65390 -31.99300
 46.69360 -31.97080
 46.72680 -31.96640
2710 19 45.73987 46.10818 -34.98113 -34.66621 'Kherson (Ukraine)'
 45.75140 -34.98110
 45.73990 -34.96040
 45.75420 -34.94640
 45.81310 -34.90420
 45.86340 -34.86490
 45.89810 -34.84870
 46.01130 -34.75490
 46.03080 -34.71690
 46.04640 -34.70050
 46.08640 -34.66620
 46.10820 -34.73350
 46.08770 -34.79950
 46.07260 -34.82360
 46.00080 -34.85300
 45.96250 -34.86500
 45.88350 -34.90220
 45.81980 -34.93950
 45.75330 -34.97940
 45.75140 -34.98110
2711 14 46.07423 46.25981 -35.28120 -34.98012 'Kherson (Ukraine)'
 46.25450 -35.28120
 46.15440 -35.19620
 46.12850 -35.16060
 46.11250 -35.12440
 46.07420 -34.99670
 46.08600 -34.98010
 46.14170 -35.05460
 46.15550 -35.10940
 46.16360 -35.15180
 46.17240 -35.18530
 46.18440 -35.20430
 46.23330 -35.24800
 46.25980 -35.26760
 46.25450 -35.28120
2712 161 46.60194 48.22416 -33.13806 -30.21437 'Nikolayev (Ukraine)'
 46.62450 -31.18910
 46.65660 -31.17940
 46.69440 -31.16830
 46.77060 -31.17330
 46.82020 -31.16560
 46.87500 -31.10240
 46.88940 -31.07390
 46.90360 -31.04710
 46.94510 -31.02940
 46.97530 -31.11860
 46.97330 -31.17550
 46.97460 -31.22250
 47.04580 -31.29570
 47.09790 -31.30680
 47.27080 -31.14960
 47.26470 -31.08860
 47.26470 -31.01970
 47.27940 -30.88920
 47.42440 -30.83010
 47.44360 -30.84220
 47.51230 -30.87120
 47.54480 -30.87080
 47.63350 -30.78650
 47.63360 -30.58500
 47.62830 -30.52670
 47.62580 -30.50000
 47.69140 -30.40170
 47.80580 -30.35750
 47.95070 -30.29530
 47.98390 -30.25430
 47.99350 -30.21900
 48.06960 -30.21440
 48.08500 -30.25530
 48.09190 -30.28420
 48.11310 -30.29360
 48.13220 -30.29580
 48.16880 -30.37010
 48.16110 -30.49670
 48.17090 -30.64540
 48.18330 -30.70390
 48.18780 -30.85280
 48.22250 -31.03690
 48.22420 -31.05890
 48.21860 -31.13060
 48.20890 -31.18170
 48.17520 -31.18950
 48.12500 -31.23790
 48.11820 -31.26170
 48.11040 -31.34460
 48.11050 -31.51190
 48.09790 -31.75320
 48.07000 -31.77110
 47.85280 -31.84220
 47.79650 -31.85490
 47.79470 -31.92110
 47.75110 -32.10330
 47.74720 -32.13300
 47.75350 -32.16160
 47.77280 -32.18390
 47.79000 -32.19550
 47.81620 -32.22530
 47.82530 -32.27000
 47.81830 -32.30420
 47.80640 -32.32920
 47.78720 -32.42670
 47.78360 -32.48170
 47.79940 -32.64580
 47.84660 -32.68310
 47.87170 -32.67250
 47.89350 -32.66040
 47.96400 -32.68920
 48.03920 -32.89670
 48.04460 -32.97730
 47.99850 -33.01520
 47.96640 -33.03520
 47.96300 -33.04620
 47.91660 -33.06530
 47.86910 -33.06890
 47.76970 -33.05860
 47.71230 -32.98550
 47.59350 -33.00140
 47.58280 -33.08920
 47.52550 -33.11890
 47.42640 -33.13030
 47.22560 -33.13810
 47.20050 -33.12250
 47.17780 -33.04190
 47.17690 -32.99640
 47.16410 -32.96220
 47.10690 -32.91600
 47.07620 -32.92350
 47.07580 -32.95220
 47.04300 -33.02810
 47.01780 -33.06190
 46.93430 -33.01430
 46.85050 -32.92860
 46.82890 -32.77580
 46.82620 -32.70480
 46.84280 -32.68420
 46.86220 -32.63460
 46.84650 -32.43050
 46.83910 -32.38360
 46.80210 -32.21560
 46.77500 -32.20030
 46.75100 -32.17850
 46.73940 -32.15030
 46.73300 -32.11670
 46.72330 -32.00800
 46.72680 -31.96640
 46.74070 -31.94870
 46.76400 -31.93600
 46.79400 -31.93510
 46.82050 -31.94670
 46.84510 -31.97970
 46.86890 -31.99300
 46.90500 -32.00800
 46.92610 -32.01120
 47.00750 -31.98080
 47.17970 -31.84000
 47.25240 -31.75150
 47.23180 -31.72670
 47.20170 -31.75490
 47.19110 -31.79890
 47.17790 -31.81650
 47.07990 -31.87030
 47.04150 -31.84240
 47.01290 -31.83940
 46.92400 -31.90760
 46.92110 -31.93640
 46.92540 -31.96500
 46.89000 -31.96420
 46.85470 -31.94100
 46.83220 -31.88790
 46.81710 -31.87170
 46.79550 -31.86380
 46.77000 -31.87190
 46.75180 -31.89570
 46.73370 -31.90710
 46.65360 -31.90820
 46.62830 -31.85970
 46.61570 -31.81190
 46.62720 -31.73890
 46.63800 -31.71190
 46.64410 -31.69190
 46.65330 -31.64710
 46.64820 -31.61490
 46.63120 -31.59340
 46.60760 -31.57560
 46.63200 -31.47770
 46.65600 -31.48780
 46.66990 -31.51250
 46.71890 -31.55050
 46.79710 -31.59570
 46.74000 -31.52080
 46.71650 -31.50470
 46.66860 -31.47000
 46.62540 -31.41970
 46.60190 -31.33700
 46.60800 -31.26810
 46.61290 -31.23740
 46.62450 -31.18910
2713 20 46.47137 46.57909 -31.85253 -31.51451 'Nikolayev (Ukraine)'
 46.52270 -31.85250
 46.51000 -31.83890
 46.48300 -31.81630
 46.48500 -31.80970
 46.49360 -31.77240
 46.48920 -31.70600
 46.47140 -31.65830
 46.50360 -31.60280
 46.55750 -31.52710
 46.57910 -31.51450
 46.56180 -31.54000
 46.55010 -31.55650
 46.54190 -31.58780
 46.54030 -31.62030
 46.54510 -31.67260
 46.55070 -31.69550
 46.55420 -31.74350
 46.55330 -31.76370
 46.52970 -31.83750
 46.52270 -31.85250
2720 148 50.34992 52.37860 -33.48694 -30.50777 'Chernigov (Ukraine)'
 51.25180 -30.55140
 51.29780 -30.56780
 51.32390 -30.61580
 51.33120 -30.64260
 51.36890 -30.64370
 51.48920 -30.58640
 51.54190 -30.55390
 51.64330 -30.56500
 51.70790 -30.62600
 51.80110 -30.66690
 51.82170 -30.66210
 51.89530 -30.74690
 51.94750 -30.82500
 51.97780 -30.89690
 52.00080 -30.95890
 52.03220 -30.93060
 52.06180 -30.93500
 52.07930 -30.95970
 52.08640 -31.10640
 52.08640 -31.13220
 52.08690 -31.29620
 52.10500 -31.32390
 52.11370 -31.34600
 52.11740 -31.37080
 52.12000 -31.42250
 52.11750 -31.50280
 52.11640 -31.52360
 52.10890 -31.62220
 52.10610 -31.73470
 52.10800 -31.78390
 52.11140 -31.82530
 52.10790 -31.85610
 52.09320 -31.90000
 52.06940 -31.90890
 52.05440 -31.99580
 52.04440 -32.12370
 52.07940 -32.22500
 52.10920 -32.29810
 52.16940 -32.33170
 52.31900 -32.36440
 52.33400 -32.38920
 52.33550 -32.41330
 52.32440 -32.52720
 52.32000 -32.55250
 52.30970 -32.58440
 52.30050 -32.60890
 52.28940 -32.63920
 52.26830 -32.70080
 52.26140 -32.73170
 52.25780 -32.75860
 52.24760 -32.91680
 52.25390 -32.94170
 52.27280 -32.97190
 52.30580 -33.03800
 52.37860 -33.20570
 52.36500 -33.37860
 52.35540 -33.41770
 52.35020 -33.40810
 52.20460 -33.31620
 52.18220 -33.31530
 52.15540 -33.32340
 52.12610 -33.40170
 52.08240 -33.48690
 52.06150 -33.48280
 51.94210 -33.37290
 51.93140 -33.31030
 51.90370 -33.16680
 51.87250 -33.13190
 51.80690 -33.06860
 51.77690 -33.06500
 51.74830 -33.07580
 51.72990 -33.08760
 51.71760 -33.10490
 51.69330 -33.15190
 51.59000 -33.16050
 51.56890 -33.15720
 51.42050 -33.13220
 51.37750 -33.12390
 51.25280 -33.07190
 51.19450 -33.02420
 51.14190 -32.97300
 51.09580 -32.93650
 51.04690 -33.04390
 51.03670 -33.06720
 51.03080 -33.08970
 51.02640 -33.14390
 51.04670 -33.16190
 51.01810 -33.18390
 50.96640 -33.19050
 50.89670 -33.17920
 50.88660 -33.15510
 50.87110 -33.14190
 50.81780 -33.12050
 50.79100 -33.12110
 50.77040 -33.13050
 50.75830 -33.15000
 50.72170 -33.14000
 50.67580 -33.12750
 50.59720 -33.09580
 50.53850 -33.06140
 50.53030 -33.05930
 50.48720 -33.02260
 50.42110 -32.89440
 50.35870 -32.74180
 50.35740 -32.70610
 50.36250 -32.56050
 50.37180 -32.50330
 50.40140 -32.48210
 50.41000 -32.45610
 50.41030 -32.37000
 50.40890 -32.34190
 50.38460 -32.28080
 50.35000 -32.18500
 50.34990 -32.13910
 50.35690 -32.11920
 50.37720 -32.06720
 50.42250 -32.01500
 50.47600 -31.97100
 50.49690 -31.98860
 50.54800 -31.97360
 50.59330 -31.90940
 50.62330 -31.85370
 50.62140 -31.81920
 50.61260 -31.79700
 50.57560 -31.78440
 50.55250 -31.74890
 50.51690 -31.61390
 50.50830 -31.56780
 50.49750 -31.45170
 50.50650 -31.32640
 50.51970 -31.27740
 50.59720 -31.18090
 50.60830 -31.20120
 50.63340 -31.22010
 50.66760 -31.20690
 50.76760 -31.08920
 50.75790 -30.95800
 50.74250 -30.92850
 50.76000 -30.79970
 50.81080 -30.77170
 50.98100 -30.65380
 51.00330 -30.62140
 51.00360 -30.57890
 51.00760 -30.52260
 51.05650 -30.50780
 51.11440 -30.51220
 51.17220 -30.53110
 51.25180 -30.55140
2721 147 50.01295 51.93818 -27.72447 -25.06331 'Rovno (Ukraine)'
 50.54120 -27.19230
 50.56360 -27.13250
 50.53330 -26.99890
 50.53180 -26.90280
 50.46830 -26.75780
 50.45720 -26.73500
 50.42830 -26.70920
 50.40170 -26.70300
 50.29550 -26.55530
 50.25180 -26.47970
 50.17000 -26.29500
 50.15180 -26.23690
 50.15230 -26.23310
 50.15760 -26.23470
 50.18750 -26.23170
 50.24970 -26.19550
 50.26550 -26.05860
 50.26520 -25.95120
 50.25070 -25.91960
 50.21690 -25.87170
 50.18990 -25.83420
 50.17900 -25.80900
 50.17510 -25.77790
 50.16750 -25.66640
 50.13900 -25.56150
 50.15080 -25.52780
 50.16170 -25.51000
 50.12500 -25.44330
 50.02800 -25.36990
 50.01290 -25.36750
 50.03030 -25.32500
 50.09330 -25.19940
 50.12050 -25.18690
 50.21180 -25.16190
 50.27940 -25.09060
 50.29480 -25.06330
 50.29860 -25.06500
 50.33720 -25.13330
 50.36170 -25.18970
 50.39470 -25.17560
 50.39750 -25.16900
 50.43550 -25.13330
 50.46580 -25.13310
 50.54530 -25.18830
 50.58530 -25.29940
 50.66300 -25.39330
 50.66140 -25.47580
 50.69730 -25.58340
 50.70720 -25.60870
 50.70600 -25.66350
 50.69440 -25.68860
 50.67690 -25.71140
 50.63050 -25.81430
 50.63340 -25.83500
 50.70460 -25.86990
 50.75280 -25.86690
 50.78990 -25.87180
 50.82500 -25.93750
 50.89470 -26.01220
 50.98030 -26.09630
 51.18090 -26.05920
 51.21720 -26.00150
 51.22610 -25.97610
 51.23920 -25.92810
 51.28190 -25.86470
 51.33440 -25.80810
 51.35550 -25.81220
 51.37390 -25.80080
 51.36860 -25.66220
 51.35940 -25.60720
 51.39920 -25.56220
 51.51610 -25.54890
 51.62670 -25.50760
 51.68210 -25.50570
 51.71100 -25.51360
 51.73860 -25.53780
 51.75800 -25.55920
 51.77300 -25.57970
 51.78990 -25.61170
 51.81540 -25.63690
 51.88080 -25.64030
 51.89390 -25.62000
 51.89580 -25.57780
 51.90550 -25.54560
 51.92210 -25.54670
 51.92000 -25.56280
 51.91890 -25.59830
 51.92240 -25.68600
 51.92740 -25.73360
 51.93820 -25.77040
 51.93580 -25.81830
 51.91030 -26.02690
 51.87850 -26.14440
 51.86290 -26.17540
 51.85830 -26.20780
 51.85360 -26.29670
 51.85750 -26.33860
 51.85890 -26.36420
 51.85620 -26.43550
 51.82310 -26.44000
 51.81280 -26.45720
 51.81190 -26.49860
 51.81330 -26.53080
 51.81830 -26.57110
 51.82110 -26.60810
 51.82070 -26.64240
 51.81500 -26.67250
 51.80250 -26.72250
 51.78580 -26.77250
 51.77250 -26.82080
 51.75560 -26.89500
 51.75040 -26.92650
 51.74890 -26.94810
 51.75220 -26.97110
 51.76810 -27.01930
 51.77110 -27.08080
 51.76420 -27.17000
 51.75130 -27.20260
 51.71750 -27.20460
 51.67510 -27.19940
 51.59820 -27.28260
 51.59750 -27.41670
 51.60280 -27.45320
 51.62890 -27.51200
 51.61580 -27.59720
 51.60140 -27.68720
 51.58170 -27.72450
 51.55050 -27.70980
 51.49050 -27.66280
 51.48690 -27.63280
 51.47510 -27.59190
 51.43930 -27.50180
 51.37190 -27.48330
 51.31640 -27.48310
 51.25530 -27.45080
 51.09750 -27.35110
 51.05010 -27.30920
 51.04000 -27.28560
 51.03490 -27.26280
 51.02760 -27.22570
 50.99280 -27.19500
 50.96310 -27.21830
 50.93250 -27.23970
 50.73050 -27.27330
 50.57520 -27.23590
 50.54670 -27.20190
 50.54120 -27.19230
2725 108 47.71315 48.67553 -27.51952 -24.92819 'Chernovtsy (Ukraine)'
 47.98170 -26.10270
 47.98360 -26.03720
 47.97470 -25.92220
 47.96350 -25.83830
 47.95530 -25.81720
 47.93690 -25.78050
 47.93360 -25.64610
 47.93440 -25.58860
 47.93580 -25.56830
 47.93470 -25.52500
 47.93330 -25.50170
 47.91670 -25.33390
 47.88870 -25.24640
 47.87610 -25.22440
 47.82330 -25.17510
 47.79010 -25.15380
 47.75940 -25.11690
 47.74440 -25.08550
 47.73330 -25.04940
 47.72890 -25.02970
 47.72450 -25.00000
 47.72450 -24.99950
 47.72080 -24.96120
 47.71310 -24.92890
 47.72260 -24.92820
 47.75890 -24.93470
 47.77720 -24.94610
 47.80810 -24.97030
 47.84020 -24.98380
 47.90690 -24.96780
 47.92400 -24.94960
 47.95080 -24.93350
 47.99600 -24.92820
 48.02330 -24.94030
 48.11550 -25.00120
 48.12500 -25.04460
 48.14890 -25.07940
 48.25580 -25.19530
 48.31670 -25.25830
 48.33030 -25.27580
 48.34440 -25.29970
 48.38030 -25.36940
 48.38920 -25.39690
 48.39940 -25.44170
 48.40330 -25.47470
 48.40260 -25.51640
 48.39360 -25.54970
 48.38820 -25.56930
 48.39970 -25.59030
 48.44050 -25.60280
 48.51850 -25.60880
 48.57740 -25.57920
 48.62430 -25.56560
 48.66040 -25.60150
 48.67550 -25.63300
 48.66640 -25.66220
 48.65580 -25.72280
 48.65640 -25.76640
 48.59620 -25.86120
 48.53720 -26.10440
 48.52500 -26.17330
 48.50570 -26.36450
 48.51990 -26.38630
 48.52570 -26.40060
 48.53280 -26.46080
 48.52870 -26.48600
 48.51170 -26.51220
 48.49290 -26.53290
 48.47080 -26.54600
 48.45120 -26.57150
 48.44900 -26.60790
 48.49920 -26.70480
 48.52750 -26.66000
 48.58670 -26.73580
 48.59830 -26.78560
 48.57280 -26.81990
 48.54120 -26.85010
 48.53540 -26.88100
 48.56050 -27.02060
 48.55790 -27.11750
 48.59890 -27.33720
 48.62550 -27.36930
 48.62420 -27.38220
 48.61580 -27.40580
 48.58750 -27.45200
 48.54250 -27.47420
 48.51190 -27.48280
 48.48550 -27.49120
 48.46940 -27.50370
 48.46550 -27.51950
 48.43970 -27.45420
 48.36830 -27.23940
 48.35780 -26.98110
 48.33310 -26.80830
 48.34000 -26.70210
 48.30080 -26.65170
 48.27360 -26.63780
 48.25720 -26.63500
 48.22250 -26.56780
 48.20820 -26.53080
 48.21350 -26.50750
 48.21750 -26.46890
 48.17610 -26.31770
 48.07610 -26.27220
 48.00150 -26.19350
 47.98530 -26.15860
 47.98140 -26.11500
 47.98170 -26.10270
2726 123 47.71315 49.52457 -25.64903 -23.53270 'Ivano-Frankovsk (Ukraine)'
 48.67550 -25.63300
 48.66040 -25.60150
 48.62430 -25.56560
 48.57740 -25.57920
 48.51850 -25.60880
 48.44050 -25.60280
 48.39970 -25.59030
 48.38820 -25.56930
 48.39360 -25.54970
 48.40260 -25.51640
 48.40330 -25.47470
 48.39940 -25.44170
 48.38920 -25.39690
 48.38030 -25.36940
 48.34440 -25.29970
 48.33030 -25.27580
 48.31670 -25.25830
 48.25580 -25.19530
 48.14890 -25.07940
 48.12500 -25.04460
 48.11550 -25.00120
 48.02330 -24.94030
 47.99600 -24.92820
 47.95080 -24.93350
 47.92400 -24.94960
 47.90690 -24.96780
 47.84020 -24.98380
 47.80810 -24.97030
 47.77720 -24.94610
 47.75890 -24.93470
 47.72260 -24.92820
 47.71310 -24.92890
 47.71780 -24.89870
 47.76000 -24.86330
 47.80840 -24.82110
 47.81780 -24.80280
 47.82050 -24.77030
 47.83860 -24.71690
 47.84920 -24.69390
 47.86680 -24.67090
 47.89550 -24.67010
 47.93370 -24.61540
 47.94580 -24.58830
 47.94950 -24.57230
 47.97330 -24.57610
 47.99500 -24.58770
 48.02420 -24.61580
 48.20830 -24.54500
 48.26460 -24.49790
 48.32890 -24.39440
 48.35720 -24.34580
 48.36750 -24.28580
 48.35400 -24.26150
 48.35030 -24.23420
 48.35050 -24.20800
 48.35440 -24.17750
 48.36570 -24.15250
 48.38930 -24.13780
 48.42800 -24.13080
 48.48920 -24.13530
 48.53210 -24.12540
 48.50250 -24.01720
 48.47830 -23.96440
 48.50690 -23.91470
 48.59670 -23.78470
 48.70210 -23.61680
 48.71580 -23.57390
 48.72050 -23.55220
 48.72360 -23.53270
 48.73850 -23.54310
 48.80470 -23.56890
 48.83850 -23.57430
 48.85970 -23.56830
 48.91640 -23.56470
 48.97370 -23.57610
 49.09830 -23.69930
 49.11210 -23.73320
 49.11440 -23.76360
 49.11050 -23.79060
 49.10610 -23.82780
 49.10530 -23.84860
 49.10750 -23.91110
 49.11250 -24.02500
 49.13470 -24.15830
 49.16000 -24.28580
 49.18250 -24.36060
 49.23200 -24.36180
 49.28440 -24.30030
 49.50120 -24.42180
 49.51670 -24.44050
 49.52460 -24.57250
 49.52030 -24.60360
 49.50560 -24.63440
 49.49170 -24.70700
 49.43820 -24.76680
 49.38890 -24.80440
 49.33710 -24.83460
 49.30390 -24.82830
 49.11140 -24.87040
 49.12070 -24.90520
 49.10760 -24.97610
 49.05760 -24.99040
 49.04740 -24.96900
 49.05350 -24.94620
 49.05160 -24.90080
 48.97170 -24.97830
 48.96320 -25.00140
 48.96690 -25.02250
 48.97530 -25.04390
 48.92710 -25.24110
 48.86170 -25.27190
 48.81680 -25.25410
 48.80030 -25.23640
 48.77550 -25.25570
 48.77360 -25.28280
 48.81040 -25.35580
 48.84850 -25.35590
 48.84720 -25.38920
 48.83970 -25.41420
 48.79150 -25.57180
 48.74310 -25.64080
 48.68900 -25.64900
 48.67550 -25.63300
2727 100 48.44895 50.56361 -27.88770 -26.14920 'Khmel'nitskiy (Ukraine)'
 50.15230 -26.23310
 50.15180 -26.23690
 50.17000 -26.29500
 50.25180 -26.47970
 50.29550 -26.55530
 50.40170 -26.70300
 50.42830 -26.70920
 50.45720 -26.73500
 50.46830 -26.75780
 50.53180 -26.90280
 50.53330 -26.99890
 50.56360 -27.13250
 50.54120 -27.19230
 50.53580 -27.20680
 50.51440 -27.24610
 50.48360 -27.27610
 50.46120 -27.27220
 50.44100 -27.24870
 50.38470 -27.23050
 50.25800 -27.43860
 50.22190 -27.48710
 50.22180 -27.55180
 50.25540 -27.59050
 50.04820 -27.66590
 50.02260 -27.65970
 50.00350 -27.60630
 50.00500 -27.56390
 49.94170 -27.54440
 49.91030 -27.54160
 49.80390 -27.65440
 49.79310 -27.67350
 49.77970 -27.77860
 49.76010 -27.86790
 49.71720 -27.83610
 49.64720 -27.80810
 49.52710 -27.74430
 49.49660 -27.71800
 49.43760 -27.74090
 49.42940 -27.77140
 49.43020 -27.82150
 49.40790 -27.84350
 49.27360 -27.87940
 49.15580 -27.88770
 49.11600 -27.76710
 49.12330 -27.73500
 49.13750 -27.69190
 49.15280 -27.65290
 49.15860 -27.62830
 49.16000 -27.60710
 49.12510 -27.49300
 49.01760 -27.39320
 48.99030 -27.37690
 48.92940 -27.37040
 48.89870 -27.39040
 48.87110 -27.40070
 48.80440 -27.40640
 48.68710 -27.39650
 48.62550 -27.36930
 48.59890 -27.33720
 48.55790 -27.11750
 48.56050 -27.02060
 48.53540 -26.88100
 48.54120 -26.85010
 48.57280 -26.81990
 48.59830 -26.78560
 48.58670 -26.73580
 48.52750 -26.66000
 48.49920 -26.70480
 48.44900 -26.60790
 48.45120 -26.57150
 48.47080 -26.54600
 48.49290 -26.53290
 48.51170 -26.51220
 48.52870 -26.48600
 48.53280 -26.46080
 48.52570 -26.40060
 48.51990 -26.38630
 48.61750 -26.30670
 48.67630 -26.23670
 48.94890 -26.19190
 49.00000 -26.22140
 49.07310 -26.23420
 49.13190 -26.21330
 49.17640 -26.19610
 49.22570 -26.20890
 49.24420 -26.24730
 49.28240 -26.26170
 49.39800 -26.22930
 49.45220 -26.18190
 49.50520 -26.14920
 49.54460 -26.16560
 49.58250 -26.21440
 49.64660 -26.25350
 49.77720 -26.23420
 49.84610 -26.19470
 49.90330 -26.15560
 49.96650 -26.15460
 50.01390 -26.21420
 50.10630 -26.27320
 50.15230 -26.23310
2728 114 48.72355 50.62860 -25.43270 -22.65687 'L'viv (Ukraine)'
 49.00290 -22.88610
 49.04980 -22.86350
 49.08740 -22.87650
 49.10580 -22.85280
 49.15050 -22.77810
 49.16990 -22.70380
 49.21780 -22.72670
 49.28590 -22.75880
 49.39720 -22.73280
 49.45080 -22.69440
 49.52990 -22.65690
 49.56940 -22.67850
 49.57710 -22.68610
 49.60440 -22.71720
 49.67500 -22.78000
 49.95500 -23.11080
 49.98300 -23.14610
 50.04670 -23.22820
 50.10080 -23.30360
 50.11530 -23.32440
 50.12750 -23.34280
 50.14970 -23.37830
 50.22080 -23.49610
 50.24280 -23.54030
 50.25580 -23.56890
 50.26920 -23.59110
 50.33370 -23.68420
 50.37010 -23.69710
 50.38380 -23.71760
 50.39440 -23.75580
 50.40250 -23.79190
 50.40580 -23.81440
 50.40670 -23.84690
 50.40540 -23.88150
 50.40360 -23.92940
 50.40600 -23.98320
 50.41440 -24.00220
 50.56690 -24.11140
 50.62590 -24.10840
 50.62860 -24.17030
 50.58570 -24.27750
 50.60920 -24.35320
 50.59330 -24.40470
 50.54420 -24.50530
 50.51710 -24.53440
 50.49000 -24.52040
 50.48170 -24.48610
 50.47140 -24.45370
 50.42110 -24.50500
 50.37670 -24.70300
 50.35530 -24.85440
 50.34860 -25.04290
 50.33130 -25.06390
 50.29480 -25.06330
 50.27940 -25.09060
 50.21180 -25.16190
 50.12050 -25.18690
 50.09330 -25.19940
 50.03030 -25.32500
 50.01290 -25.36750
 49.97780 -25.40780
 49.94240 -25.43270
 49.87410 -25.38270
 49.86420 -25.36440
 49.84050 -25.25890
 49.83360 -25.22220
 49.82610 -25.16580
 49.81440 -25.08760
 49.77520 -25.08150
 49.71140 -25.03860
 49.62820 -24.95120
 49.61420 -24.92360
 49.59280 -24.86000
 49.57560 -24.80330
 49.53640 -24.72640
 49.49170 -24.70700
 49.50560 -24.63440
 49.52030 -24.60360
 49.52460 -24.57250
 49.51670 -24.44050
 49.50120 -24.42180
 49.28440 -24.30030
 49.23200 -24.36180
 49.18250 -24.36060
 49.16000 -24.28580
 49.13470 -24.15830
 49.11250 -24.02500
 49.10750 -23.91110
 49.10530 -23.84860
 49.10610 -23.82780
 49.11050 -23.79060
 49.11440 -23.76360
 49.11210 -23.73320
 49.09830 -23.69930
 48.97370 -23.57610
 48.91640 -23.56470
 48.85970 -23.56830
 48.83850 -23.57430
 48.80470 -23.56890
 48.73850 -23.54310
 48.72360 -23.53270
 48.72440 -23.43790
 48.73300 -23.38610
 48.77180 -23.21470
 48.78540 -23.18640
 48.81330 -23.16000
 48.84640 -23.14130
 48.86800 -23.12050
 48.87080 -23.09280
 48.86550 -23.06080
 48.85850 -23.03430
 48.85790 -22.98650
 48.94180 -22.89110
 49.00290 -22.88610
2729 94 48.50565 50.26555 -26.38632 -24.70702 'Ternopl' (Ukraine)'
 50.15230 -26.23310
 50.10630 -26.27320
 50.01390 -26.21420
 49.96650 -26.15460
 49.90330 -26.15560
 49.84610 -26.19470
 49.77720 -26.23420
 49.64660 -26.25350
 49.58250 -26.21440
 49.54460 -26.16560
 49.50520 -26.14920
 49.45220 -26.18190
 49.39800 -26.22930
 49.28240 -26.26170
 49.24420 -26.24730
 49.22570 -26.20890
 49.17640 -26.19610
 49.13190 -26.21330
 49.07310 -26.23420
 49.00000 -26.22140
 48.94890 -26.19190
 48.67630 -26.23670
 48.61750 -26.30670
 48.51990 -26.38630
 48.50570 -26.36450
 48.52500 -26.17330
 48.53720 -26.10440
 48.59620 -25.86120
 48.65640 -25.76640
 48.65580 -25.72280
 48.66640 -25.66220
 48.67550 -25.63300
 48.68900 -25.64900
 48.74310 -25.64080
 48.79150 -25.57180
 48.83970 -25.41420
 48.84720 -25.38920
 48.84850 -25.35590
 48.81040 -25.35580
 48.77360 -25.28280
 48.77550 -25.25570
 48.80030 -25.23640
 48.81680 -25.25410
 48.86170 -25.27190
 48.92710 -25.24110
 48.97530 -25.04390
 48.96690 -25.02250
 48.96320 -25.00140
 48.97170 -24.97830
 49.05160 -24.90080
 49.05350 -24.94620
 49.04740 -24.96900
 49.05760 -24.99040
 49.10760 -24.97610
 49.12070 -24.90520
 49.11140 -24.87040
 49.30390 -24.82830
 49.33710 -24.83460
 49.38890 -24.80440
 49.43820 -24.76680
 49.49170 -24.70700
 49.53640 -24.72640
 49.57560 -24.80330
 49.59280 -24.86000
 49.61420 -24.92360
 49.62820 -24.95120
 49.71140 -25.03860
 49.77520 -25.08150
 49.81440 -25.08760
 49.82610 -25.16580
 49.83360 -25.22220
 49.84050 -25.25890
 49.86420 -25.36440
 49.87410 -25.38270
 49.94240 -25.43270
 49.97780 -25.40780
 50.01290 -25.36750
 50.02800 -25.36990
 50.12500 -25.44330
 50.16170 -25.51000
 50.15080 -25.52780
 50.13900 -25.56150
 50.16750 -25.66640
 50.17510 -25.77790
 50.17900 -25.80900
 50.18990 -25.83420
 50.21690 -25.87170
 50.25070 -25.91960
 50.26520 -25.95120
 50.26550 -26.05860
 50.24970 -26.19550
 50.18750 -26.23170
 50.15760 -26.23470
 50.15230 -26.23310
2730 102 47.90388 49.09154 -24.61583 -22.15145 'Zakarpats'ka (Ukraine)'
 47.95450 -22.89480
 47.99390 -22.85920
 48.04050 -22.88320
 48.08320 -22.84650
 48.11670 -22.79030
 48.11440 -22.73780
 48.09500 -22.67980
 48.09430 -22.64700
 48.10030 -22.62570
 48.11650 -22.60520
 48.14580 -22.59780
 48.18720 -22.57470
 48.24970 -22.49460
 48.24360 -22.45470
 48.24490 -22.38100
 48.27500 -22.34780
 48.36000 -22.27030
 48.40220 -22.27020
 48.41780 -22.21430
 48.40910 -22.17170
 48.41190 -22.15140
 48.57830 -22.15980
 48.59280 -22.17360
 48.62470 -22.23530
 48.68700 -22.32870
 48.80020 -22.38870
 48.88940 -22.42500
 48.94940 -22.46140
 48.99490 -22.53490
 49.03940 -22.55170
 49.07940 -22.55810
 49.08790 -22.56850
 49.09150 -22.59410
 49.04720 -22.73780
 49.00300 -22.86310
 49.00290 -22.88610
 48.94180 -22.89110
 48.85790 -22.98650
 48.85850 -23.03430
 48.86550 -23.06080
 48.87080 -23.09280
 48.86800 -23.12050
 48.84640 -23.14130
 48.81330 -23.16000
 48.78540 -23.18640
 48.77180 -23.21470
 48.73300 -23.38610
 48.72440 -23.43790
 48.72360 -23.53270
 48.72050 -23.55220
 48.71580 -23.57390
 48.70210 -23.61680
 48.59670 -23.78470
 48.50690 -23.91470
 48.47830 -23.96440
 48.50250 -24.01720
 48.53210 -24.12540
 48.48920 -24.13530
 48.42800 -24.13080
 48.38930 -24.13780
 48.36570 -24.15250
 48.35440 -24.17750
 48.35050 -24.20800
 48.35030 -24.23420
 48.35400 -24.26150
 48.36750 -24.28580
 48.35720 -24.34580
 48.32890 -24.39440
 48.26460 -24.49790
 48.20830 -24.54500
 48.02420 -24.61580
 47.99500 -24.58770
 47.97330 -24.57610
 47.94950 -24.57230
 47.95300 -24.55640
 47.95860 -24.45390
 47.95780 -24.42150
 47.92890 -24.32690
 47.90390 -24.24690
 47.91200 -24.12750
 47.93240 -24.09620
 47.95600 -24.03240
 47.96140 -23.96970
 47.96690 -23.82390
 48.00000 -23.56610
 47.98930 -23.51430
 47.98250 -23.50300
 48.00050 -23.41030
 48.02110 -23.35610
 48.04490 -23.29910
 48.07530 -23.27920
 48.09010 -23.26070
 48.10830 -23.17420
 48.10570 -23.15240
 48.08940 -23.12560
 48.06280 -23.11250
 48.03430 -23.10220
 48.01350 -23.08780
 47.99300 -23.04330
 47.96050 -22.93000
 47.95390 -22.89610
 47.95450 -22.89480
2763 122 50.29475 51.95985 -26.09632 -23.60464 'Volyn (Ukraine)'
 50.39470 -25.17560
 50.36170 -25.18970
 50.33720 -25.13330
 50.29860 -25.06500
 50.29480 -25.06330
 50.33130 -25.06390
 50.34860 -25.04290
 50.35530 -24.85440
 50.37670 -24.70300
 50.42110 -24.50500
 50.47140 -24.45370
 50.48170 -24.48610
 50.49000 -24.52040
 50.51710 -24.53440
 50.54420 -24.50530
 50.59330 -24.40470
 50.60920 -24.35320
 50.58570 -24.27750
 50.62860 -24.17030
 50.62590 -24.10840
 50.63360 -24.10720
 50.69580 -24.07220
 50.74000 -24.01470
 50.79170 -23.95440
 50.81520 -23.95840
 50.82960 -23.98100
 50.83180 -24.02190
 50.83140 -24.05250
 50.82940 -24.07690
 50.83820 -24.13100
 50.85960 -24.14350
 50.88190 -24.09030
 50.88750 -24.06150
 50.89830 -24.03430
 50.93110 -23.98830
 50.95040 -23.96510
 50.99410 -23.93170
 51.06810 -23.90500
 51.16890 -23.81110
 51.19940 -23.75670
 51.21470 -23.73190
 51.28860 -23.68390
 51.36930 -23.68120
 51.40240 -23.69280
 51.48500 -23.64360
 51.49860 -23.61410
 51.52770 -23.60460
 51.52350 -23.64110
 51.57970 -23.62780
 51.60670 -23.61330
 51.63620 -23.65000
 51.65180 -23.75130
 51.63420 -23.90160
 51.61990 -23.92290
 51.59610 -23.93840
 51.58550 -23.96350
 51.59290 -23.99820
 51.61030 -24.04310
 51.62500 -24.07060
 51.74120 -24.28340
 51.76460 -24.29740
 51.80300 -24.30610
 51.82400 -24.31460
 51.88470 -24.39420
 51.89390 -24.70030
 51.88970 -24.74060
 51.90070 -24.89750
 51.91190 -24.99190
 51.93220 -25.05190
 51.94220 -25.09360
 51.95930 -25.17310
 51.95990 -25.24100
 51.95360 -25.26960
 51.93970 -25.31220
 51.92860 -25.35210
 51.92220 -25.44000
 51.92210 -25.54670
 51.90550 -25.54560
 51.89580 -25.57780
 51.89390 -25.62000
 51.88080 -25.64030
 51.81540 -25.63690
 51.78990 -25.61170
 51.77300 -25.57970
 51.75800 -25.55920
 51.73860 -25.53780
 51.71100 -25.51360
 51.68210 -25.50570
 51.62670 -25.50760
 51.51610 -25.54890
 51.39920 -25.56220
 51.35940 -25.60720
 51.36860 -25.66220
 51.37390 -25.80080
 51.35550 -25.81220
 51.33440 -25.80810
 51.28190 -25.86470
 51.23920 -25.92810
 51.22610 -25.97610
 51.21720 -26.00150
 51.18090 -26.05920
 50.98030 -26.09630
 50.89470 -26.01220
 50.82500 -25.93750
 50.78990 -25.87180
 50.75280 -25.86690
 50.70460 -25.86990
 50.63340 -25.83500
 50.63050 -25.81430
 50.67690 -25.71140
 50.69440 -25.68860
 50.70600 -25.66350
 50.70720 -25.60870
 50.69730 -25.58340
 50.66140 -25.47580
 50.66300 -25.39330
 50.58530 -25.29940
 50.54530 -25.18830
 50.46580 -25.13310
 50.43550 -25.13330
 50.39750 -25.16900
 50.39470 -25.17560
2767 124 48.45194 50.24957 -32.82944 -29.59344 'Cherkassy (Ukraine)'
 49.22730 -29.69720
 49.19390 -29.72690
 49.17830 -29.75100
 49.17030 -29.78120
 49.17420 -29.87150
 49.19330 -29.86890
 49.24540 -29.91780
 49.26310 -29.95000
 49.28640 -30.03420
 49.30470 -30.10530
 49.29590 -30.16760
 49.27670 -30.20420
 49.25580 -30.35860
 49.31190 -30.41690
 49.33330 -30.48390
 49.36080 -30.61940
 49.35150 -30.68670
 49.32120 -30.72000
 49.34500 -30.82500
 49.36220 -30.87690
 49.37890 -30.91970
 49.49050 -31.07740
 49.54780 -31.13080
 49.59030 -31.15030
 49.67580 -31.17640
 49.72400 -31.19030
 49.75780 -31.19830
 49.79690 -31.19720
 49.81970 -31.17760
 49.85170 -31.20690
 49.89420 -31.32640
 49.89900 -31.34870
 49.89770 -31.44410
 49.85560 -31.47420
 49.84000 -31.49190
 49.85750 -31.61190
 49.84790 -31.71390
 50.02590 -31.87350
 50.12220 -31.89720
 50.24010 -31.98820
 50.24960 -32.03440
 50.23870 -32.06950
 50.23770 -32.09290
 50.16220 -32.19720
 50.12000 -32.22860
 50.04890 -32.29860
 49.96920 -32.41700
 49.90580 -32.41360
 49.80780 -32.46670
 49.78360 -32.53030
 49.75880 -32.56930
 49.71120 -32.56780
 49.69580 -32.59280
 49.67300 -32.68550
 49.59580 -32.75220
 49.55960 -32.76030
 49.53760 -32.74140
 49.52920 -32.72030
 49.47810 -32.67770
 49.43550 -32.71690
 49.40900 -32.74540
 49.38780 -32.75940
 49.35970 -32.77640
 49.33100 -32.78950
 49.27580 -32.79310
 49.26240 -32.78880
 49.23330 -32.77780
 49.16330 -32.77820
 49.14180 -32.79170
 49.02500 -32.82940
 48.99640 -32.82670
 48.95970 -32.78280
 48.92610 -32.54370
 48.92870 -32.51780
 48.96080 -32.50850
 49.02110 -32.45360
 49.09020 -32.33240
 49.04830 -32.23350
 48.94860 -32.14750
 48.88390 -31.92610
 48.90440 -31.84850
 48.92420 -31.81060
 48.94360 -31.72360
 48.94420 -31.69690
 48.94290 -31.67290
 48.91780 -31.59140
 48.87250 -31.53250
 48.84360 -31.53070
 48.75220 -31.45800
 48.74280 -31.42860
 48.72660 -31.32650
 48.74560 -31.29700
 48.75420 -31.22330
 48.75240 -31.18280
 48.73670 -31.03940
 48.75280 -30.80830
 48.75780 -30.78860
 48.76580 -30.75060
 48.76860 -30.71060
 48.75580 -30.66860
 48.70740 -30.60610
 48.55890 -30.56520
 48.55550 -30.47470
 48.55470 -30.39170
 48.51330 -30.32080
 48.49420 -30.26360
 48.45190 -30.11310
 48.45330 -30.07560
 48.45490 -30.07620
 48.47080 -30.05250
 48.52930 -30.02120
 48.55120 -30.01690
 48.62580 -29.95610
 48.72420 -29.85970
 48.76470 -29.81080
 48.92800 -29.67080
 48.94600 -29.63560
 49.03780 -29.59340
 49.06570 -29.61570
 49.07860 -29.64720
 49.08680 -29.67470
 49.13350 -29.71350
 49.18110 -29.71420
 49.22730 -29.69720
2768 150 47.74721 49.26237 -33.91601 -29.76277 'Kirovograd (Ukraine)'
 48.20300 -29.77460
 48.22250 -29.78330
 48.25560 -29.78030
 48.29530 -29.76280
 48.35260 -29.77920
 48.42190 -29.86530
 48.43720 -29.89560
 48.42790 -29.91730
 48.37880 -29.93930
 48.43140 -30.05310
 48.44360 -30.06970
 48.45490 -30.07620
 48.45330 -30.07560
 48.45190 -30.11310
 48.49420 -30.26360
 48.51330 -30.32080
 48.55470 -30.39170
 48.55550 -30.47470
 48.55890 -30.56520
 48.70740 -30.60610
 48.75580 -30.66860
 48.76860 -30.71060
 48.76580 -30.75060
 48.75780 -30.78860
 48.75280 -30.80830
 48.73670 -31.03940
 48.75240 -31.18280
 48.75420 -31.22330
 48.74560 -31.29700
 48.72660 -31.32650
 48.74280 -31.42860
 48.75220 -31.45800
 48.84360 -31.53070
 48.87250 -31.53250
 48.91780 -31.59140
 48.94290 -31.67290
 48.94420 -31.69690
 48.94360 -31.72360
 48.92420 -31.81060
 48.90440 -31.84850
 48.88390 -31.92610
 48.94860 -32.14750
 49.04830 -32.23350
 49.09020 -32.33240
 49.02110 -32.45360
 48.96080 -32.50850
 48.92870 -32.51780
 48.92610 -32.54370
 48.95970 -32.78280
 48.99640 -32.82670
 49.02500 -32.82940
 49.14180 -32.79170
 49.16330 -32.77820
 49.23330 -32.77780
 49.26240 -32.78880
 49.18670 -33.02250
 49.17110 -33.06710
 49.13030 -33.14220
 49.06580 -33.25560
 48.99550 -33.29640
 48.93610 -33.38760
 48.95430 -33.40290
 48.94500 -33.46470
 48.91870 -33.53580
 48.89640 -33.65470
 48.90890 -33.69690
 48.92430 -33.75940
 48.91750 -33.80280
 48.91170 -33.82500
 48.90350 -33.84620
 48.87020 -33.91600
 48.86330 -33.91550
 48.81530 -33.88470
 48.76830 -33.83530
 48.77130 -33.81050
 48.79580 -33.80280
 48.80650 -33.76320
 48.80790 -33.66140
 48.79430 -33.58140
 48.76360 -33.55710
 48.72330 -33.59560
 48.71220 -33.66500
 48.69640 -33.76170
 48.66530 -33.81860
 48.60800 -33.70170
 48.55890 -33.54720
 48.55140 -33.51390
 48.54100 -33.47720
 48.52240 -33.44280
 48.40940 -33.47690
 48.37190 -33.49550
 48.29390 -33.52680
 48.25580 -33.52000
 48.23250 -33.51240
 48.17150 -33.39790
 48.15470 -33.30970
 48.08030 -33.14000
 48.06530 -33.10970
 48.02780 -33.05580
 47.96640 -33.03520
 47.99850 -33.01520
 48.04460 -32.97730
 48.03920 -32.89670
 47.96400 -32.68920
 47.89350 -32.66040
 47.87170 -32.67250
 47.84660 -32.68310
 47.79940 -32.64580
 47.78360 -32.48170
 47.78720 -32.42670
 47.80640 -32.32920
 47.81830 -32.30420
 47.82530 -32.27000
 47.81620 -32.22530
 47.79000 -32.19550
 47.77280 -32.18390
 47.75350 -32.16160
 47.74720 -32.13300
 47.75110 -32.10330
 47.79470 -31.92110
 47.79650 -31.85490
 47.85280 -31.84220
 48.07000 -31.77110
 48.09790 -31.75320
 48.11050 -31.51190
 48.11040 -31.34460
 48.11820 -31.26170
 48.12500 -31.23790
 48.17520 -31.18950
 48.20890 -31.18170
 48.21860 -31.13060
 48.22420 -31.05890
 48.22250 -31.03690
 48.18780 -30.85280
 48.18330 -30.70390
 48.17090 -30.64540
 48.16110 -30.49670
 48.16880 -30.37010
 48.13220 -30.29580
 48.13560 -30.27440
 48.14080 -30.20640
 48.13440 -30.16890
 48.13400 -30.10350
 48.14170 -30.06670
 48.14790 -30.04670
 48.19470 -30.00950
 48.22050 -29.99420
 48.22390 -29.93040
 48.21100 -29.81830
 48.20300 -29.77460
2769 152 49.17027 51.49930 -32.13912 -29.26805 'Kiev (Ukraine)'
 49.22730 -29.69720
 49.23970 -29.69280
 49.27390 -29.61560
 49.31580 -29.52610
 49.37240 -29.50010
 49.39330 -29.51470
 49.41600 -29.56480
 49.44250 -29.57110
 49.52670 -29.56850
 49.63940 -29.51110
 49.64720 -29.49190
 49.64920 -29.47110
 49.65090 -29.44720
 49.67080 -29.45720
 49.70970 -29.46750
 49.80250 -29.47830
 49.81670 -29.51440
 49.84390 -29.58360
 49.86400 -29.63220
 49.94310 -29.73220
 49.97500 -29.70690
 50.00000 -29.68310
 50.01920 -29.66850
 50.07360 -29.67060
 50.09860 -29.68140
 50.10640 -29.72260
 50.12220 -29.74120
 50.25360 -29.68920
 50.27610 -29.67420
 50.31360 -29.64580
 50.40140 -29.57260
 50.49030 -29.50000
 50.59470 -29.47580
 50.61850 -29.49260
 50.67080 -29.54090
 50.67970 -29.56690
 50.70250 -29.59300
 50.76440 -29.57310
 50.85640 -29.50970
 50.94970 -29.41530
 50.97920 -29.43690
 51.00360 -29.46220
 51.06170 -29.48820
 51.11640 -29.41250
 51.13790 -29.37210
 51.14510 -29.34400
 51.12170 -29.30940
 51.24120 -29.26810
 51.24400 -29.29420
 51.24920 -29.31390
 51.27010 -29.35670
 51.28440 -29.37500
 51.30960 -29.39010
 51.36280 -29.39030
 51.37530 -29.35380
 51.40280 -29.40970
 51.49070 -29.62400
 51.49930 -29.67580
 51.49100 -29.71900
 51.45710 -29.73820
 51.44080 -29.76280
 51.44190 -29.83440
 51.45970 -29.88170
 51.47280 -29.91170
 51.48640 -29.98330
 51.48920 -30.01220
 51.49030 -30.04310
 51.49330 -30.15220
 51.49150 -30.18000
 51.48370 -30.20720
 51.40010 -30.34760
 51.35830 -30.35030
 51.29500 -30.46470
 51.25180 -30.55140
 51.17220 -30.53110
 51.11440 -30.51220
 51.05650 -30.50780
 51.00760 -30.52260
 51.00360 -30.57890
 51.00330 -30.62140
 50.98100 -30.65380
 50.81080 -30.77170
 50.76000 -30.79970
 50.74250 -30.92850
 50.75790 -30.95800
 50.76760 -31.08920
 50.66760 -31.20690
 50.63340 -31.22010
 50.60830 -31.20120
 50.59720 -31.18090
 50.51970 -31.27740
 50.50650 -31.32640
 50.49750 -31.45170
 50.50830 -31.56780
 50.51690 -31.61390
 50.55250 -31.74890
 50.57560 -31.78440
 50.61260 -31.79700
 50.62140 -31.81920
 50.62330 -31.85370
 50.59330 -31.90940
 50.54800 -31.97360
 50.49690 -31.98860
 50.47600 -31.97100
 50.42250 -32.01500
 50.37720 -32.06720
 50.35690 -32.11920
 50.34990 -32.13910
 50.34080 -32.13640
 50.26610 -32.09970
 50.23870 -32.06950
 50.24960 -32.03440
 50.24010 -31.98820
 50.12220 -31.89720
 50.02590 -31.87350
 49.84790 -31.71390
 49.85750 -31.61190
 49.84000 -31.49190
 49.85560 -31.47420
 49.89770 -31.44410
 49.89900 -31.34870
 49.89420 -31.32640
 49.85170 -31.20690
 49.81970 -31.17760
 49.79690 -31.19720
 49.75780 -31.19830
 49.72400 -31.19030
 49.67580 -31.17640
 49.59030 -31.15030
 49.54780 -31.13080
 49.49050 -31.07740
 49.37890 -30.91970
 49.36220 -30.87690
 49.34500 -30.82500
 49.32120 -30.72000
 49.35150 -30.68670
 49.36080 -30.61940
 49.33330 -30.48390
 49.31190 -30.41690
 49.25580 -30.35860
 49.27670 -30.20420
 49.29590 -30.16760
 49.30470 -30.10530
 49.28640 -30.03420
 49.26310 -29.95000
 49.24540 -29.91780
 49.19330 -29.86890
 49.17420 -29.87150
 49.17030 -29.78120
 49.17830 -29.75100
 49.19390 -29.72690
 49.22730 -29.69720
2770 227 45.21013 48.22388 -31.30676 -28.21484 'Odessa (Ukraine)'
 45.44860 -28.21480
 45.46350 -28.21540
 45.49540 -28.23240
 45.51110 -28.24690
 45.52010 -28.26650
 45.52600 -28.28890
 45.52750 -28.31640
 45.52300 -28.34560
 45.51780 -28.36640
 45.51180 -28.39960
 45.50650 -28.48300
 45.51490 -28.51580
 45.53170 -28.53060
 45.64700 -28.52480
 45.66580 -28.49070
 45.71110 -28.52440
 45.76800 -28.59700
 45.77970 -28.68000
 45.86280 -28.76670
 45.92640 -28.75050
 45.96190 -28.76340
 45.97250 -28.80110
 45.97830 -28.82940
 45.99050 -28.89670
 46.00610 -28.96830
 46.19550 -29.04010
 46.21760 -29.02170
 46.28940 -28.95000
 46.43000 -28.93400
 46.46820 -28.97640
 46.47830 -28.99440
 46.49670 -29.03890
 46.53970 -29.17390
 46.54500 -29.20330
 46.51950 -29.22320
 46.48470 -29.22830
 46.40680 -29.21990
 46.38310 -29.20240
 46.36730 -29.21790
 46.36830 -29.23830
 46.40420 -29.30740
 46.42820 -29.30540
 46.47000 -29.35080
 46.48480 -29.49940
 46.44230 -29.49440
 46.37680 -29.60210
 46.36970 -29.63360
 46.37940 -29.66220
 46.44100 -29.73440
 46.36860 -29.82530
 46.34640 -29.86640
 46.38200 -29.92330
 46.37970 -29.96670
 46.37890 -29.99640
 46.37890 -30.04860
 46.38120 -30.09850
 46.40510 -30.12870
 46.42650 -30.11660
 46.42960 -30.09650
 46.43530 -30.06580
 46.44300 -30.03530
 46.45660 -30.00690
 46.50530 -29.92860
 46.53520 -29.89940
 46.55860 -29.91620
 46.57010 -29.96500
 46.74190 -29.97170
 46.81830 -29.94430
 46.86130 -29.86700
 46.89030 -29.73750
 46.94740 -29.57420
 47.02320 -29.59250
 47.14280 -29.57220
 47.27910 -29.59920
 47.31030 -29.59050
 47.33770 -29.56700
 47.34450 -29.50190
 47.32760 -29.49010
 47.29720 -29.47850
 47.29110 -29.41400
 47.32910 -29.38030
 47.35610 -29.38100
 47.37830 -29.35890
 47.42220 -29.29940
 47.45760 -29.24560
 47.44890 -29.22300
 47.43950 -29.19010
 47.51180 -29.14290
 47.54910 -29.13540
 47.58170 -29.16010
 47.60920 -29.19540
 47.76640 -29.25750
 47.95470 -29.17560
 47.98350 -29.14490
 47.98650 -29.10350
 47.97700 -29.07340
 47.95170 -29.06120
 47.93570 -29.04300
 47.93230 -29.01650
 47.93690 -28.98260
 47.94660 -28.96170
 47.98860 -28.90040
 48.00560 -28.88220
 48.01050 -28.87980
 48.00940 -28.88080
 48.01310 -28.90110
 48.02140 -28.94610
 48.02830 -28.96860
 48.08710 -29.05040
 48.10650 -29.16760
 48.08420 -29.24000
 48.08870 -29.68340
 48.12750 -29.70010
 48.19220 -29.75690
 48.20300 -29.77460
 48.21100 -29.81830
 48.22390 -29.93040
 48.22050 -29.99420
 48.19470 -30.00950
 48.14790 -30.04670
 48.14170 -30.06670
 48.13400 -30.10350
 48.13440 -30.16890
 48.14080 -30.20640
 48.13560 -30.27440
 48.13220 -30.29580
 48.11310 -30.29360
 48.09190 -30.28420
 48.08500 -30.25530
 48.06960 -30.21440
 47.99350 -30.21900
 47.98390 -30.25430
 47.95070 -30.29530
 47.80580 -30.35750
 47.69140 -30.40170
 47.62580 -30.50000
 47.62830 -30.52670
 47.63360 -30.58500
 47.63350 -30.78650
 47.54480 -30.87080
 47.51230 -30.87120
 47.44360 -30.84220
 47.42440 -30.83010
 47.27940 -30.88920
 47.26470 -31.01970
 47.26470 -31.08860
 47.27080 -31.14960
 47.09790 -31.30680
 47.04580 -31.29570
 46.97460 -31.22250
 46.97330 -31.17550
 46.97530 -31.11860
 46.94510 -31.02940
 46.90360 -31.04710
 46.88940 -31.07390
 46.87500 -31.10240
 46.82020 -31.16560
 46.77060 -31.17330
 46.69440 -31.16830
 46.65660 -31.17940
 46.62450 -31.18910
 46.62550 -31.17690
 46.62360 -31.15610
 46.61440 -31.07330
 46.61190 -31.05310
 46.60360 -31.01530
 46.58250 -30.94110
 46.54830 -30.83280
 46.48140 -30.78000
 46.44530 -30.79350
 46.37900 -30.76510
 46.25360 -30.65570
 46.09640 -30.50920
 45.87360 -30.24620
 45.82970 -30.16360
 45.82050 -30.14440
 45.79990 -30.06330
 45.81280 -30.04740
 45.83130 -30.03010
 45.84320 -29.98360
 45.81780 -29.93000
 45.73510 -29.80210
 45.71490 -29.79740
 45.68650 -29.82570
 45.67560 -29.85990
 45.64830 -29.82280
 45.62890 -29.78010
 45.62400 -29.74260
 45.69620 -29.67970
 45.73960 -29.67720
 45.76860 -29.68960
 45.80360 -29.68140
 45.82070 -29.63610
 45.68340 -29.59610
 45.55710 -29.59300
 45.48780 -29.61920
 45.46550 -29.67420
 45.47140 -29.73300
 45.44940 -29.75350
 45.32220 -29.76040
 45.22620 -29.73190
 45.21330 -29.70860
 45.21010 -29.66820
 45.21180 -29.66430
 45.27220 -29.67220
 45.29460 -29.66900
 45.32780 -29.65500
 45.34640 -29.64100
 45.37690 -29.60330
 45.38900 -29.58070
 45.41070 -29.51080
 45.43580 -29.41140
 45.43900 -29.32150
 45.42580 -29.22170
 45.32110 -28.96810
 45.30170 -28.84860
 45.23790 -28.79760
 45.22010 -28.70080
 45.24280 -28.57470
 45.30050 -28.37580
 45.31550 -28.34330
 45.33710 -28.31780
 45.36260 -28.29920
 45.39520 -28.28540
 45.42890 -28.27920
 45.44940 -28.22700
 45.44860 -28.21480
2771 133 48.00944 49.88222 -30.07623 -27.36933 'Vinnitsa (Ukraine)'
 48.45490 -30.07620
 48.44360 -30.06970
 48.43140 -30.05310
 48.37880 -29.93930
 48.42790 -29.91730
 48.43720 -29.89560
 48.42190 -29.86530
 48.35260 -29.77920
 48.29530 -29.76280
 48.25560 -29.78030
 48.22250 -29.78330
 48.20300 -29.77460
 48.19220 -29.75690
 48.12750 -29.70010
 48.08870 -29.68340
 48.08420 -29.24000
 48.10650 -29.16760
 48.08710 -29.05040
 48.02830 -28.96860
 48.02140 -28.94610
 48.01310 -28.90110
 48.00940 -28.88080
 48.01050 -28.87980
 48.10970 -28.82830
 48.12540 -28.80740
 48.13860 -28.73750
 48.15360 -28.64250
 48.16180 -28.55770
 48.13420 -28.50190
 48.14580 -28.43670
 48.16390 -28.38860
 48.19100 -28.36750
 48.22180 -28.37050
 48.24200 -28.34700
 48.23640 -28.29060
 48.22050 -28.26000
 48.20680 -28.23580
 48.20650 -28.21310
 48.24260 -28.08610
 48.29120 -28.09370
 48.31110 -28.07490
 48.31670 -28.01470
 48.32740 -27.95580
 48.33750 -27.93220
 48.34800 -27.91280
 48.36420 -27.89100
 48.38110 -27.88030
 48.40060 -27.86620
 48.44960 -27.76320
 48.46830 -27.54720
 48.46550 -27.51950
 48.46940 -27.50370
 48.48550 -27.49120
 48.51190 -27.48280
 48.54250 -27.47420
 48.58750 -27.45200
 48.61580 -27.40580
 48.62420 -27.38220
 48.62550 -27.36930
 48.68710 -27.39650
 48.80440 -27.40640
 48.87110 -27.40070
 48.89870 -27.39040
 48.92940 -27.37040
 48.99030 -27.37690
 49.01760 -27.39320
 49.12510 -27.49300
 49.16000 -27.60710
 49.15860 -27.62830
 49.15280 -27.65290
 49.13750 -27.69190
 49.12330 -27.73500
 49.11600 -27.76710
 49.15580 -27.88770
 49.27360 -27.87940
 49.40790 -27.84350
 49.43020 -27.82150
 49.42940 -27.77140
 49.43760 -27.74090
 49.49660 -27.71800
 49.52710 -27.74430
 49.64720 -27.80810
 49.71720 -27.83610
 49.76010 -27.86790
 49.76690 -27.98250
 49.76280 -28.06080
 49.80740 -28.42210
 49.80940 -28.52140
 49.80050 -28.64310
 49.79220 -28.69220
 49.79330 -28.71600
 49.81460 -28.73790
 49.83530 -28.75330
 49.88220 -28.82820
 49.87420 -28.90630
 49.83360 -28.94030
 49.75390 -28.96970
 49.69140 -28.95580
 49.59970 -28.98150
 49.58780 -29.01110
 49.58170 -29.13250
 49.58220 -29.15690
 49.58690 -29.23920
 49.61690 -29.34750
 49.65240 -29.42660
 49.65090 -29.44720
 49.64920 -29.47110
 49.64720 -29.49190
 49.63940 -29.51110
 49.52670 -29.56850
 49.44250 -29.57110
 49.41600 -29.56480
 49.39330 -29.51470
 49.37240 -29.50010
 49.31580 -29.52610
 49.27390 -29.61560
 49.23970 -29.69280
 49.22730 -29.69720
 49.18110 -29.71420
 49.13350 -29.71350
 49.08680 -29.67470
 49.07860 -29.64720
 49.06570 -29.61570
 49.03780 -29.59340
 48.94600 -29.63560
 48.92800 -29.67080
 48.76470 -29.81080
 48.72420 -29.85970
 48.62580 -29.95610
 48.55120 -30.01690
 48.52930 -30.02120
 48.47080 -30.05250
 48.45490 -30.07620
2772 148 49.58166 51.65929 -29.74117 -27.19226 'Zhitomir (Ukraine)'
 49.65090 -29.44720
 49.65240 -29.42660
 49.61690 -29.34750
 49.58690 -29.23920
 49.58220 -29.15690
 49.58170 -29.13250
 49.58780 -29.01110
 49.59970 -28.98150
 49.69140 -28.95580
 49.75390 -28.96970
 49.83360 -28.94030
 49.87420 -28.90630
 49.88220 -28.82820
 49.83530 -28.75330
 49.81460 -28.73790
 49.79330 -28.71600
 49.79220 -28.69220
 49.80050 -28.64310
 49.80940 -28.52140
 49.80740 -28.42210
 49.76280 -28.06080
 49.76690 -27.98250
 49.76010 -27.86790
 49.77970 -27.77860
 49.79310 -27.67350
 49.80390 -27.65440
 49.91030 -27.54160
 49.94170 -27.54440
 50.00500 -27.56390
 50.00350 -27.60630
 50.02260 -27.65970
 50.04820 -27.66590
 50.25540 -27.59050
 50.22180 -27.55180
 50.22190 -27.48710
 50.25800 -27.43860
 50.38470 -27.23050
 50.44100 -27.24870
 50.46120 -27.27220
 50.48360 -27.27610
 50.51440 -27.24610
 50.53580 -27.20680
 50.54120 -27.19230
 50.54670 -27.20190
 50.57520 -27.23590
 50.73050 -27.27330
 50.93250 -27.23970
 50.96310 -27.21830
 50.99280 -27.19500
 51.02760 -27.22570
 51.03490 -27.26280
 51.04000 -27.28560
 51.05010 -27.30920
 51.09750 -27.35110
 51.25530 -27.45080
 51.31640 -27.48310
 51.37190 -27.48330
 51.43930 -27.50180
 51.47510 -27.59190
 51.48690 -27.63280
 51.49050 -27.66280
 51.55050 -27.70980
 51.49320 -27.68170
 51.46650 -27.74790
 51.53330 -27.81680
 51.56830 -27.81420
 51.59220 -27.81390
 51.60920 -27.83210
 51.62180 -27.86600
 51.61310 -27.89580
 51.59170 -27.92560
 51.57500 -27.95530
 51.56580 -27.98370
 51.56220 -28.00610
 51.56440 -28.07900
 51.56940 -28.10920
 51.58300 -28.13820
 51.61000 -28.15750
 51.63780 -28.18200
 51.65570 -28.21570
 51.65930 -28.25670
 51.58920 -28.31940
 51.56610 -28.43330
 51.57790 -28.46820
 51.58110 -28.49060
 51.56490 -28.62830
 51.54360 -28.63280
 51.51000 -28.63720
 51.46470 -28.65290
 51.44670 -28.66650
 51.41560 -28.75720
 51.44800 -28.76940
 51.48140 -28.76600
 51.51610 -28.79310
 51.53440 -28.81060
 51.55030 -28.83690
 51.63110 -29.05250
 51.63800 -29.08400
 51.63690 -29.11810
 51.62780 -29.16320
 51.61800 -29.18140
 51.54100 -29.24150
 51.50230 -29.24960
 51.38760 -29.31200
 51.37320 -29.34220
 51.37530 -29.35380
 51.36280 -29.39030
 51.30960 -29.39010
 51.28440 -29.37500
 51.27010 -29.35670
 51.24920 -29.31390
 51.24400 -29.29420
 51.24120 -29.26810
 51.12170 -29.30940
 51.14510 -29.34400
 51.13790 -29.37210
 51.11640 -29.41250
 51.06170 -29.48820
 51.00360 -29.46220
 50.97920 -29.43690
 50.94970 -29.41530
 50.85640 -29.50970
 50.76440 -29.57310
 50.70250 -29.59300
 50.67970 -29.56690
 50.67080 -29.54090
 50.61850 -29.49260
 50.59470 -29.47580
 50.49030 -29.50000
 50.40140 -29.57260
 50.31360 -29.64580
 50.27610 -29.67420
 50.25360 -29.68920
 50.12220 -29.74120
 50.10640 -29.72260
 50.09860 -29.68140
 50.07360 -29.67060
 50.01920 -29.66850
 50.00000 -29.68310
 49.97500 -29.70690
 49.94310 -29.73220
 49.86400 -29.63220
 49.84390 -29.58360
 49.81670 -29.51440
 49.80250 -29.47830
 49.70970 -29.46750
 49.67080 -29.45720
 49.65090 -29.44720
2810 155 50.11444 52.36874 -35.69309 -32.93652 'Sumy (Ukraine)'
 50.96030 -35.30580
 50.92860 -35.35780
 50.76310 -35.46090
 50.67860 -35.48610
 50.64160 -35.39930
 50.51200 -35.44110
 50.48810 -35.45830
 50.37360 -35.59790
 50.35420 -35.64470
 50.34690 -35.68140
 50.34740 -35.69310
 50.33250 -35.68750
 50.31720 -35.66370
 50.31840 -35.45490
 50.32970 -35.42600
 50.33320 -35.40310
 50.30640 -35.32490
 50.27650 -35.25770
 50.20510 -35.03090
 50.16280 -34.95500
 50.14570 -34.90810
 50.15110 -34.89600
 50.16390 -34.84250
 50.16780 -34.81360
 50.15930 -34.78990
 50.14360 -34.76330
 50.11470 -34.67000
 50.11440 -34.62780
 50.11530 -34.60310
 50.12080 -34.51000
 50.17180 -34.50070
 50.19340 -34.50550
 50.27220 -34.42670
 50.44360 -34.25430
 50.47800 -34.24860
 50.50500 -34.24890
 50.53190 -34.25130
 50.54500 -34.20560
 50.51860 -34.11440
 50.49400 -34.06780
 50.51940 -33.92440
 50.50110 -33.80440
 50.48000 -33.77420
 50.46140 -33.72930
 50.47140 -33.68550
 50.48710 -33.63960
 50.50310 -33.49690
 50.50460 -33.47680
 50.50570 -33.41140
 50.50780 -33.38170
 50.51280 -33.36140
 50.52750 -33.33670
 50.54830 -33.27640
 50.54610 -33.22220
 50.52110 -33.20740
 50.51610 -33.17390
 50.52120 -33.10580
 50.53850 -33.06140
 50.59720 -33.09580
 50.67580 -33.12750
 50.72170 -33.14000
 50.75830 -33.15000
 50.77040 -33.13050
 50.79100 -33.12110
 50.81780 -33.12050
 50.87110 -33.14190
 50.88660 -33.15510
 50.89670 -33.17920
 50.96640 -33.19050
 51.01810 -33.18390
 51.04670 -33.16190
 51.02640 -33.14390
 51.03080 -33.08970
 51.03670 -33.06720
 51.04690 -33.04390
 51.09580 -32.93650
 51.14190 -32.97300
 51.19450 -33.02420
 51.25280 -33.07190
 51.37750 -33.12390
 51.42050 -33.13220
 51.56890 -33.15720
 51.59000 -33.16050
 51.69330 -33.15190
 51.71760 -33.10490
 51.72990 -33.08760
 51.74830 -33.07580
 51.77690 -33.06500
 51.80690 -33.06860
 51.87250 -33.13190
 51.90370 -33.16680
 51.93140 -33.31030
 51.94210 -33.37290
 52.06150 -33.48280
 52.08240 -33.48690
 52.12610 -33.40170
 52.15540 -33.32340
 52.18220 -33.31530
 52.20460 -33.31620
 52.35020 -33.40810
 52.35540 -33.41770
 52.32690 -33.51280
 52.33190 -33.60170
 52.34190 -33.62860
 52.35970 -33.68890
 52.36870 -33.76220
 52.36320 -33.83170
 52.19610 -34.06290
 52.14510 -34.09980
 52.12120 -34.07760
 52.05860 -34.07360
 52.03750 -34.08360
 51.98610 -34.12920
 51.91140 -34.24050
 51.85670 -34.33740
 51.84310 -34.38400
 51.80420 -34.42220
 51.75490 -34.44110
 51.72830 -34.42610
 51.71520 -34.38900
 51.70110 -34.25530
 51.69670 -34.19780
 51.67480 -34.10550
 51.64770 -34.10190
 51.61470 -34.16300
 51.54420 -34.23460
 51.50120 -34.24520
 51.43190 -34.23990
 51.26360 -34.38220
 51.26360 -34.40690
 51.23330 -34.55050
 51.17850 -34.67240
 51.17420 -34.70860
 51.17250 -34.73500
 51.17140 -34.76670
 51.17360 -34.80110
 51.17800 -34.82720
 51.19790 -34.92030
 51.21600 -34.94430
 51.22360 -34.97500
 51.22060 -35.07640
 51.19930 -35.11900
 51.17860 -35.12490
 51.15180 -35.11960
 51.07370 -35.15070
 51.05860 -35.16570
 51.04830 -35.19510
 51.04840 -35.22210
 51.05090 -35.24410
 51.05990 -35.29350
 51.04210 -35.36880
 51.02140 -35.37050
 51.00640 -35.34490
 50.98260 -35.30970
 50.96030 -35.30580
2813 166 47.47275 49.18319 -36.92700 -32.98547 'Dnepropetrovsk (Ukraine)'
 47.96640 -33.03520
 48.02780 -33.05580
 48.06530 -33.10970
 48.08030 -33.14000
 48.15470 -33.30970
 48.17150 -33.39790
 48.23250 -33.51240
 48.25580 -33.52000
 48.29390 -33.52680
 48.37190 -33.49550
 48.40940 -33.47690
 48.52240 -33.44280
 48.54100 -33.47720
 48.55140 -33.51390
 48.55890 -33.54720
 48.60800 -33.70170
 48.66530 -33.81860
 48.69640 -33.76170
 48.71220 -33.66500
 48.72330 -33.59560
 48.76360 -33.55710
 48.79430 -33.58140
 48.80790 -33.66140
 48.80650 -33.76320
 48.79580 -33.80280
 48.77130 -33.81050
 48.76830 -33.83530
 48.81530 -33.88470
 48.86330 -33.91550
 48.87020 -33.91600
 48.83940 -33.98720
 48.74030 -34.22010
 48.75330 -34.25390
 48.76330 -34.27330
 48.77680 -34.29240
 48.83140 -34.30390
 48.88740 -34.28010
 48.91830 -34.27570
 48.96420 -34.30080
 49.01190 -34.34640
 49.05300 -34.40550
 49.10250 -34.53310
 49.12050 -34.58640
 49.17260 -34.77470
 49.18220 -34.82530
 49.18320 -34.92900
 49.17860 -34.94930
 49.16350 -34.98390
 49.15700 -35.10270
 49.15390 -35.14550
 49.14430 -35.17780
 49.12430 -35.21090
 49.02170 -35.36150
 48.97320 -35.46930
 48.97140 -35.56550
 48.95500 -35.70780
 48.94530 -35.75500
 48.97730 -35.93940
 48.96250 -35.97780
 48.95290 -35.99640
 48.89690 -36.02120
 48.87830 -36.00390
 48.80940 -36.10280
 48.76680 -36.16860
 48.71360 -36.15500
 48.63140 -36.28860
 48.56000 -36.36400
 48.58610 -36.38850
 48.63470 -36.44940
 48.64940 -36.48350
 48.63050 -36.53680
 48.61780 -36.56170
 48.62170 -36.65640
 48.62590 -36.72520
 48.56360 -36.74610
 48.51530 -36.85030
 48.47550 -36.83170
 48.41250 -36.80620
 48.34970 -36.81830
 48.31830 -36.85200
 48.29940 -36.90370
 48.26390 -36.91420
 48.19850 -36.92700
 48.06290 -36.89010
 48.03330 -36.84050
 48.05890 -36.74080
 48.07740 -36.71820
 48.08830 -36.65960
 48.07640 -36.58930
 47.87330 -36.56670
 47.84420 -36.57620
 47.83800 -36.53830
 47.81070 -36.28820
 47.83420 -36.11420
 47.87800 -36.06470
 47.94940 -36.06860
 48.03310 -36.04720
 48.09030 -35.96220
 48.09110 -35.93420
 48.08330 -35.88750
 48.07440 -35.86040
 48.06220 -35.82480
 48.09550 -35.73170
 48.12150 -35.69510
 48.12530 -35.65290
 48.12000 -35.61800
 48.11410 -35.59780
 48.10030 -35.56800
 48.08630 -35.49280
 48.09880 -35.38970
 48.12590 -35.27500
 48.13040 -35.25020
 48.11780 -35.04730
 48.08030 -34.88610
 47.97800 -34.85640
 47.92230 -34.84580
 47.90190 -34.81240
 47.87400 -34.81120
 47.74080 -34.94550
 47.70080 -34.93720
 47.64070 -34.91650
 47.60420 -34.89690
 47.57140 -34.92870
 47.54310 -34.92390
 47.52500 -34.90550
 47.52300 -34.86330
 47.52970 -34.79500
 47.53890 -34.72940
 47.54800 -34.69720
 47.55670 -34.67300
 47.56460 -34.63820
 47.56860 -34.59170
 47.56600 -34.56870
 47.54110 -34.49550
 47.51000 -34.35440
 47.50140 -34.29430
 47.48110 -34.21140
 47.47840 -34.20350
 47.47550 -34.18420
 47.47280 -34.15280
 47.47470 -34.10530
 47.47860 -34.06860
 47.48140 -34.04860
 47.49190 -33.99390
 47.50850 -33.93710
 47.51440 -33.91580
 47.51390 -33.87940
 47.51110 -33.85920
 47.50690 -33.83440
 47.50000 -33.79500
 47.48710 -33.73330
 47.48440 -33.70140
 47.48500 -33.64780
 47.50860 -33.58800
 47.52390 -33.44250
 47.51310 -33.36140
 47.54690 -33.27930
 47.57420 -33.14390
 47.58280 -33.08920
 47.59350 -33.00140
 47.71230 -32.98550
 47.76970 -33.05860
 47.86910 -33.06890
 47.91660 -33.06530
 47.96300 -33.04620
 47.96640 -33.03520
2814 151 46.87403 49.23221 -39.05915 -36.56666 'Donetsk (Ukraine)'
 47.86580 -39.03820
 47.86830 -38.92470
 47.86830 -38.89720
 47.86440 -38.86720
 47.85680 -38.84600
 47.83850 -38.82280
 47.77890 -38.79000
 47.72080 -38.77040
 47.68960 -38.75820
 47.63940 -38.61030
 47.63250 -38.57750
 47.62800 -38.53720
 47.62710 -38.49670
 47.62890 -38.45390
 47.60870 -38.35390
 47.55510 -38.30080
 47.50610 -38.28080
 47.34000 -38.22330
 47.30110 -38.30110
 47.22800 -38.25390
 47.21100 -38.22710
 47.18760 -38.21470
 47.12780 -38.22550
 47.10940 -38.23580
 47.06220 -38.13370
 47.09500 -38.07140
 47.09720 -37.89670
 47.09690 -37.85970
 47.09280 -37.83580
 47.08140 -37.80170
 47.07010 -37.75120
 47.07500 -37.64830
 47.08580 -37.60940
 47.08640 -37.55960
 47.07860 -37.53890
 47.01110 -37.46000
 46.94920 -37.39360
 46.90010 -37.32100
 46.93290 -37.24730
 46.92570 -37.19690
 46.88530 -37.07830
 46.87400 -37.03950
 46.91950 -37.01050
 46.95940 -37.05690
 46.95420 -37.08890
 46.96620 -37.11520
 47.02670 -37.12030
 47.05890 -37.06890
 47.11220 -36.98750
 47.15140 -36.93550
 47.20440 -36.93190
 47.26720 -36.92800
 47.29050 -36.97640
 47.30420 -37.07500
 47.38800 -37.18420
 47.45780 -37.22230
 47.46300 -37.14430
 47.45580 -37.12030
 47.52600 -37.01800
 47.57110 -36.93050
 47.60030 -36.75310
 47.70970 -36.69220
 47.78980 -36.64730
 47.78640 -36.61400
 47.78800 -36.59400
 47.79830 -36.57500
 47.84420 -36.57620
 47.87330 -36.56670
 48.07640 -36.58930
 48.08830 -36.65960
 48.07740 -36.71820
 48.05890 -36.74080
 48.03330 -36.84050
 48.06290 -36.89010
 48.19850 -36.92700
 48.26390 -36.91420
 48.29940 -36.90370
 48.31830 -36.85200
 48.34970 -36.81830
 48.41250 -36.80620
 48.47550 -36.83170
 48.51530 -36.85030
 48.56360 -36.74610
 48.62590 -36.72520
 48.64930 -36.70910
 48.78370 -36.69720
 48.80110 -36.88470
 48.79500 -36.99750
 48.86780 -37.18190
 48.91830 -37.26530
 48.97470 -37.29120
 48.99940 -37.30780
 49.04690 -37.36240
 49.06170 -37.39500
 49.07250 -37.42530
 49.11800 -37.54360
 49.13000 -37.57280
 49.15040 -37.61420
 49.17080 -37.59690
 49.17580 -37.57710
 49.17550 -37.54870
 49.18370 -37.50390
 49.22680 -37.54470
 49.22920 -37.59080
 49.22860 -37.64280
 49.21610 -37.70780
 49.20890 -37.73800
 49.20390 -37.77990
 49.21110 -37.84070
 49.23180 -37.84730
 49.23220 -37.85540
 49.19220 -37.92890
 49.18890 -37.89510
 49.15960 -37.88460
 49.13130 -37.97370
 49.15240 -38.01760
 49.15050 -38.07330
 49.02940 -38.06830
 48.98860 -38.04310
 48.95720 -38.01110
 48.93690 -38.04780
 48.93170 -38.12420
 48.92890 -38.17050
 48.92160 -38.20910
 48.83740 -38.28290
 48.79390 -38.29920
 48.71680 -38.30500
 48.69670 -38.28420
 48.66560 -38.25110
 48.60580 -38.25190
 48.53050 -38.27330
 48.44640 -38.30930
 48.43170 -38.36990
 48.44240 -38.39400
 48.26970 -38.57580
 48.19710 -38.60470
 48.17510 -38.60670
 48.16500 -38.63190
 48.14640 -38.70000
 48.14280 -38.71970
 48.13570 -38.75030
 48.12890 -38.77170
 48.10070 -38.82410
 48.05730 -38.80350
 48.02000 -38.84440
 48.02190 -38.89920
 48.02140 -38.92750
 48.01970 -38.95140
 48.00440 -39.03120
 47.92070 -39.05920
 47.86580 -39.03820
2815 160 48.55999 50.43915 -38.05471 -34.84568 'Khar'kov (Ukraine)'
 50.14570 -34.90810
 50.16280 -34.95500
 50.20510 -35.03090
 50.27650 -35.25770
 50.30640 -35.32490
 50.33320 -35.40310
 50.32970 -35.42600
 50.31840 -35.45490
 50.31720 -35.66370
 50.33250 -35.68750
 50.34740 -35.69310
 50.38530 -35.74320
 50.42300 -35.82760
 50.42970 -35.85810
 50.43330 -35.89420
 50.43580 -35.92750
 50.43830 -35.97860
 50.43920 -36.00780
 50.43500 -36.05940
 50.43110 -36.09190
 50.42230 -36.14850
 50.39830 -36.18840
 50.37330 -36.19960
 50.35500 -36.21580
 50.29440 -36.27920
 50.28360 -36.30010
 50.28080 -36.32710
 50.28720 -36.35370
 50.29580 -36.37510
 50.31390 -36.42000
 50.30140 -36.47720
 50.26940 -36.55990
 50.23100 -36.55410
 50.21730 -36.57850
 50.21300 -36.60850
 50.21940 -36.65140
 50.24360 -36.67000
 50.26250 -36.69350
 50.27470 -36.71750
 50.31420 -36.81030
 50.33740 -36.89180
 50.34920 -36.97600
 50.34690 -37.01680
 50.33790 -37.05920
 50.34830 -37.13050
 50.36970 -37.21690
 50.37990 -37.24570
 50.39390 -37.27080
 50.41220 -37.29250
 50.42870 -37.32260
 50.43800 -37.41860
 50.43620 -37.46190
 50.18420 -37.64940
 50.08050 -37.74610
 50.06920 -37.79330
 50.06170 -37.82330
 50.02460 -37.92480
 49.96930 -37.98170
 49.93440 -38.01360
 49.90310 -38.02420
 49.85860 -38.05470
 49.79080 -38.04420
 49.70890 -38.00140
 49.57420 -37.95390
 49.51850 -37.96470
 49.48360 -37.91970
 49.44300 -37.87530
 49.42220 -37.85710
 49.36440 -37.88690
 49.29960 -37.92520
 49.25970 -37.90940
 49.23180 -37.84730
 49.21110 -37.84070
 49.20390 -37.77990
 49.20890 -37.73800
 49.21610 -37.70780
 49.22860 -37.64280
 49.22920 -37.59080
 49.22680 -37.54470
 49.18370 -37.50390
 49.17550 -37.54870
 49.17580 -37.57710
 49.17080 -37.59690
 49.15040 -37.61420
 49.13000 -37.57280
 49.11800 -37.54360
 49.07250 -37.42530
 49.06170 -37.39500
 49.04690 -37.36240
 48.99940 -37.30780
 48.97470 -37.29120
 48.91830 -37.26530
 48.86780 -37.18190
 48.79500 -36.99750
 48.80110 -36.88470
 48.78370 -36.69720
 48.64930 -36.70910
 48.62590 -36.72520
 48.62170 -36.65640
 48.61780 -36.56170
 48.63050 -36.53680
 48.64940 -36.48350
 48.63470 -36.44940
 48.58610 -36.38850
 48.56000 -36.36400
 48.63140 -36.28860
 48.71360 -36.15500
 48.76680 -36.16860
 48.80940 -36.10280
 48.87830 -36.00390
 48.89690 -36.02120
 48.95290 -35.99640
 48.96250 -35.97780
 48.97730 -35.93940
 48.94530 -35.75500
 48.95500 -35.70780
 48.97140 -35.56550
 48.97320 -35.46930
 49.02170 -35.36150
 49.12430 -35.21090
 49.14430 -35.17780
 49.15390 -35.14550
 49.15700 -35.10270
 49.16350 -34.98390
 49.16850 -34.98830
 49.19180 -34.98750
 49.21980 -34.97250
 49.25100 -34.95330
 49.27780 -34.96940
 49.29420 -34.98940
 49.30650 -35.00730
 49.31970 -35.03490
 49.30970 -35.06090
 49.29680 -35.09000
 49.29350 -35.12840
 49.29150 -35.18310
 49.29400 -35.20980
 49.30040 -35.23290
 49.31550 -35.27120
 49.33720 -35.30290
 49.39170 -35.36070
 49.50090 -35.46970
 49.60230 -35.44520
 49.64370 -35.41580
 49.66730 -35.36100
 49.67030 -35.33460
 49.67980 -35.28430
 49.70180 -35.23680
 49.75410 -35.19680
 49.78020 -35.19040
 49.84760 -35.12620
 49.85540 -35.07570
 49.89720 -34.93500
 49.91580 -34.88800
 49.93920 -34.87080
 50.00650 -34.84570
 50.04470 -34.90000
 50.05870 -34.91560
 50.13030 -34.91870
 50.14570 -34.90810
2816 213 44.37915 46.23346 -36.63694 -32.48110 'Crimean (Ukraine)'
 46.12400 -33.62300
 46.13810 -33.64600
 46.15960 -33.64970
 46.18050 -33.64140
 46.21100 -33.63170
 46.23290 -33.64330
 46.23350 -33.66390
 46.22170 -33.68160
 46.21550 -33.67100
 46.16500 -33.70570
 46.14500 -33.72960
 46.12110 -33.78990
 46.14030 -33.80210
 46.17060 -33.80700
 46.16030 -33.84580
 46.06780 -33.88350
 46.03860 -33.90000
 46.01720 -33.96820
 46.02680 -33.98960
 46.07180 -33.98980
 46.08800 -33.94420
 46.10080 -33.96220
 46.09730 -34.00530
 46.01760 -34.11430
 45.96830 -34.11690
 45.94010 -34.13940
 45.93780 -34.16140
 45.95620 -34.20050
 45.99490 -34.19770
 46.00770 -34.22150
 46.03320 -34.18140
 46.01620 -34.35830
 45.99220 -34.38170
 45.94860 -34.41480
 45.92530 -34.39620
 45.91870 -34.37640
 45.88370 -34.35850
 45.87480 -34.49740
 45.92780 -34.57160
 45.96550 -34.54550
 45.94830 -34.61390
 45.93740 -34.63650
 45.91710 -34.63120
 45.87880 -34.60320
 45.84220 -34.54580
 45.76930 -34.46340
 45.78560 -34.64920
 45.71580 -34.78530
 45.66220 -34.91390
 45.63190 -34.98660
 45.55110 -35.07070
 45.52480 -35.08460
 45.46390 -35.09360
 45.44780 -35.07610
 45.43610 -35.04600
 45.42340 -35.01370
 45.36540 -35.05870
 45.32860 -35.12050
 45.32500 -35.13300
 45.33670 -35.16710
 45.28610 -35.33860
 45.33250 -35.34300
 45.44300 -35.23220
 45.52750 -35.14690
 45.58490 -35.08760
 45.61000 -35.05430
 45.67190 -35.00220
 45.70080 -34.98080
 45.73990 -34.96040
 45.75140 -34.98110
 45.73330 -34.99110
 45.65390 -35.05390
 45.63460 -35.07080
 45.44660 -35.24920
 45.37690 -35.31930
 45.35110 -35.35970
 45.33860 -35.38280
 45.29850 -35.45790
 45.28820 -35.48890
 45.29310 -35.54550
 45.32850 -35.69730
 45.40440 -35.86300
 45.39190 -35.88670
 45.37030 -35.93280
 45.36320 -35.95510
 45.35820 -35.99280
 45.36030 -36.01510
 45.37780 -36.04070
 45.40280 -36.05690
 45.42510 -36.06890
 45.45830 -36.13620
 45.46530 -36.29080
 45.44140 -36.48530
 45.41860 -36.60460
 45.37790 -36.63680
 45.34970 -36.63690
 45.33350 -36.62040
 45.33150 -36.57460
 45.34140 -36.54050
 45.33870 -36.49410
 45.27110 -36.43110
 45.19970 -36.41050
 45.15600 -36.40520
 45.12820 -36.41500
 45.09830 -36.44170
 45.07730 -36.45350
 45.00580 -36.22820
 45.01980 -36.13440
 45.01140 -36.00920
 44.99830 -35.99370
 44.98640 -35.85690
 44.99390 -35.83400
 45.02460 -35.81180
 45.05280 -35.78540
 45.08050 -35.72790
 45.10030 -35.67720
 45.11140 -35.64190
 45.11920 -35.59300
 45.12050 -35.56240
 45.11850 -35.52660
 45.07420 -35.42890
 45.06250 -35.41260
 45.04060 -35.39720
 44.95610 -35.24970
 44.89190 -35.14890
 44.87600 -35.13390
 44.85360 -35.12260
 44.82500 -35.11300
 44.80610 -35.10330
 44.79120 -35.08300
 44.79250 -35.04950
 44.83330 -34.99840
 44.83940 -34.96410
 44.80930 -34.72420
 44.74440 -34.51860
 44.72040 -34.46210
 44.70480 -34.44120
 44.65080 -34.39860
 44.62170 -34.37690
 44.59330 -34.35970
 44.54910 -34.33650
 44.43540 -34.13010
 44.39580 -34.01170
 44.38110 -33.95550
 44.37920 -33.93030
 44.39810 -33.83870
 44.38720 -33.79530
 44.39440 -33.71070
 44.45220 -33.62390
 44.47640 -33.60170
 44.49190 -33.57860
 44.48670 -33.53800
 44.51280 -33.45960
 44.55960 -33.38710
 44.58440 -33.36910
 44.60300 -33.46470
 44.62360 -33.55440
 44.67250 -33.53860
 44.78110 -33.51970
 44.79670 -33.52890
 44.82560 -33.54050
 44.84230 -33.55620
 44.85780 -33.60140
 44.91750 -33.62120
 44.96260 -33.61250
 45.08750 -33.56650
 45.10850 -33.54620
 45.12940 -33.51330
 45.17330 -33.42610
 45.18480 -33.39620
 45.18400 -33.36240
 45.17420 -33.33890
 45.15550 -33.27620
 45.19010 -33.17540
 45.20940 -33.14640
 45.22910 -33.12300
 45.26760 -33.07320
 45.30440 -33.01170
 45.34280 -32.93460
 45.35760 -32.86400
 45.35970 -32.84050
 45.35460 -32.72730
 45.33530 -32.68620
 45.31260 -32.65670
 45.31990 -32.56980
 45.33970 -32.50970
 45.39400 -32.48110
 45.42190 -32.49390
 45.45750 -32.52870
 45.48250 -32.57390
 45.51000 -32.63000
 45.60500 -32.83440
 45.64280 -32.89860
 45.65760 -32.93120
 45.68750 -33.02250
 45.73860 -33.18420
 45.74260 -33.23290
 45.74780 -33.25860
 45.76600 -33.31040
 45.78750 -33.35920
 45.80030 -33.38100
 45.81980 -33.40470
 45.83170 -33.42400
 45.84800 -33.48050
 45.86170 -33.56580
 45.87750 -33.62300
 45.92530 -33.76940
 45.94500 -33.74470
 45.95740 -33.66820
 45.97080 -33.64640
 45.99820 -33.62640
 46.06440 -33.62830
 46.12400 -33.62300
2817 173 47.81915 50.07388 -40.17875 -37.84725 'Lugansk (Ukraine)'
 49.23180 -37.84730
 49.25970 -37.90940
 49.29960 -37.92520
 49.36440 -37.88690
 49.42220 -37.85710
 49.44300 -37.87530
 49.48360 -37.91970
 49.51850 -37.96470
 49.57420 -37.95390
 49.70890 -38.00140
 49.79080 -38.04420
 49.85860 -38.05470
 49.90310 -38.02420
 49.93860 -38.10360
 50.06550 -38.18690
 50.07390 -38.30490
 50.06570 -38.32960
 50.04640 -38.34390
 50.02290 -38.35120
 50.00070 -38.36120
 49.98500 -38.38460
 49.95210 -38.50570
 49.95470 -38.54720
 49.96460 -38.58780
 49.96390 -38.61440
 49.95890 -38.65220
 49.93530 -38.68920
 49.88140 -38.82580
 49.87440 -38.86640
 49.86140 -38.89890
 49.83550 -38.92080
 49.81100 -38.94190
 49.80720 -38.97140
 49.81990 -39.07280
 49.83110 -39.09190
 49.85610 -39.12190
 49.88040 -39.18370
 49.87120 -39.20300
 49.80260 -39.23920
 49.77430 -39.24810
 49.75670 -39.26610
 49.74390 -39.29640
 49.73690 -39.32860
 49.73290 -39.35970
 49.73540 -39.38320
 49.74540 -39.41190
 49.75670 -39.44280
 49.75720 -39.47030
 49.72140 -39.58770
 49.66860 -39.61310
 49.62760 -39.62990
 49.60760 -39.65430
 49.55050 -39.81240
 49.55180 -39.85950
 49.55940 -39.89830
 49.56860 -39.93040
 49.58070 -39.95430
 49.59990 -39.97510
 49.61240 -39.99850
 49.61670 -40.04280
 49.61310 -40.06830
 49.60110 -40.13980
 49.57770 -40.14900
 49.55540 -40.13620
 49.54250 -40.10360
 49.53070 -40.07930
 49.50570 -40.05920
 49.47400 -40.05460
 49.42470 -40.08890
 49.40390 -40.10970
 49.37050 -40.14900
 49.35260 -40.17240
 49.33300 -40.17870
 49.25170 -40.16760
 49.18380 -40.08170
 49.17420 -40.05420
 49.14940 -40.00020
 49.12390 -39.96640
 49.10780 -39.95110
 49.08970 -39.93940
 49.06440 -39.94140
 49.05030 -39.91760
 49.05220 -39.82330
 49.03600 -39.70540
 49.01680 -39.69790
 48.97650 -39.69370
 48.90120 -39.77560
 48.86750 -39.95000
 48.89370 -40.02680
 48.89080 -40.05930
 48.87620 -40.07490
 48.84980 -40.06900
 48.82030 -40.03970
 48.80870 -40.02140
 48.82120 -39.85690
 48.82460 -39.82900
 48.81960 -39.80800
 48.80280 -39.78280
 48.76220 -39.72720
 48.71860 -39.70420
 48.60390 -39.66020
 48.58250 -39.73250
 48.58250 -39.76060
 48.58360 -39.79010
 48.57760 -39.81490
 48.55690 -39.84890
 48.50390 -39.86720
 48.36840 -39.92150
 48.29720 -39.99890
 48.21710 -39.94080
 48.19830 -39.91750
 48.18170 -39.90360
 48.02400 -39.77620
 48.00080 -39.80000
 47.97440 -39.81780
 47.86860 -39.80330
 47.84220 -39.78110
 47.82930 -39.76430
 47.81920 -39.73140
 47.82370 -39.68390
 47.83280 -39.64300
 47.83900 -39.60500
 47.83940 -39.47970
 47.83140 -39.43220
 47.83170 -39.40960
 47.84550 -39.38460
 47.85250 -39.35390
 47.85290 -39.25470
 47.84300 -39.18920
 47.83430 -39.14150
 47.83750 -39.11830
 47.86580 -39.03820
 47.92070 -39.05920
 48.00440 -39.03120
 48.01970 -38.95140
 48.02140 -38.92750
 48.02190 -38.89920
 48.02000 -38.84440
 48.05730 -38.80350
 48.10070 -38.82410
 48.12890 -38.77170
 48.13570 -38.75030
 48.14280 -38.71970
 48.14640 -38.70000
 48.16500 -38.63190
 48.17510 -38.60670
 48.19710 -38.60470
 48.26970 -38.57580
 48.44240 -38.39400
 48.43170 -38.36990
 48.44640 -38.30930
 48.53050 -38.27330
 48.60580 -38.25190
 48.66560 -38.25110
 48.69670 -38.28420
 48.71680 -38.30500
 48.79390 -38.29920
 48.83740 -38.28290
 48.92160 -38.20910
 48.92890 -38.17050
 48.93170 -38.12420
 48.93690 -38.04780
 48.95720 -38.01110
 48.98860 -38.04310
 49.02940 -38.06830
 49.15050 -38.07330
 49.15240 -38.01760
 49.13130 -37.97370
 49.15960 -37.88460
 49.18890 -37.89510
 49.19220 -37.92890
 49.23220 -37.85540
 49.23180 -37.84730
2818 149 48.74035 50.54833 -35.46966 -32.06951 'Poltava (Ukraine)'
 50.14570 -34.90810
 50.13030 -34.91870
 50.05870 -34.91560
 50.04470 -34.90000
 50.00650 -34.84570
 49.93920 -34.87080
 49.91580 -34.88800
 49.89720 -34.93500
 49.85540 -35.07570
 49.84760 -35.12620
 49.78020 -35.19040
 49.75410 -35.19680
 49.70180 -35.23680
 49.67980 -35.28430
 49.67030 -35.33460
 49.66730 -35.36100
 49.64370 -35.41580
 49.60230 -35.44520
 49.50090 -35.46970
 49.39170 -35.36070
 49.33720 -35.30290
 49.31550 -35.27120
 49.30040 -35.23290
 49.29400 -35.20980
 49.29150 -35.18310
 49.29350 -35.12840
 49.29680 -35.09000
 49.30970 -35.06090
 49.31970 -35.03490
 49.30650 -35.00730
 49.29420 -34.98940
 49.27780 -34.96940
 49.25100 -34.95330
 49.21980 -34.97250
 49.19180 -34.98750
 49.16850 -34.98830
 49.16350 -34.98390
 49.17860 -34.94930
 49.18320 -34.92900
 49.18220 -34.82530
 49.17260 -34.77470
 49.12050 -34.58640
 49.10250 -34.53310
 49.05300 -34.40550
 49.01190 -34.34640
 48.96420 -34.30080
 48.91830 -34.27570
 48.88740 -34.28010
 48.83140 -34.30390
 48.77680 -34.29240
 48.76330 -34.27330
 48.75330 -34.25390
 48.74030 -34.22010
 48.83940 -33.98720
 48.87020 -33.91600
 48.90350 -33.84620
 48.91170 -33.82500
 48.91750 -33.80280
 48.92430 -33.75940
 48.90890 -33.69690
 48.89640 -33.65470
 48.91870 -33.53580
 48.94500 -33.46470
 48.95430 -33.40290
 48.93610 -33.38760
 48.99550 -33.29640
 49.06580 -33.25560
 49.13030 -33.14220
 49.17110 -33.06710
 49.18670 -33.02250
 49.26240 -32.78880
 49.27580 -32.79310
 49.33100 -32.78950
 49.35970 -32.77640
 49.38780 -32.75940
 49.40900 -32.74540
 49.43550 -32.71690
 49.47810 -32.67770
 49.52920 -32.72030
 49.53760 -32.74140
 49.55960 -32.76030
 49.59580 -32.75220
 49.67300 -32.68550
 49.69580 -32.59280
 49.71120 -32.56780
 49.75880 -32.56930
 49.78360 -32.53030
 49.80780 -32.46670
 49.90580 -32.41360
 49.96920 -32.41700
 50.04890 -32.29860
 50.12000 -32.22860
 50.16220 -32.19720
 50.23770 -32.09290
 50.23870 -32.06950
 50.26610 -32.09970
 50.34080 -32.13640
 50.34990 -32.13910
 50.35000 -32.18500
 50.38460 -32.28080
 50.40890 -32.34190
 50.41030 -32.37000
 50.41000 -32.45610
 50.40140 -32.48210
 50.37180 -32.50330
 50.36250 -32.56050
 50.35740 -32.70610
 50.35870 -32.74180
 50.42110 -32.89440
 50.48720 -33.02260
 50.53030 -33.05930
 50.53850 -33.06140
 50.52120 -33.10580
 50.51610 -33.17390
 50.52110 -33.20740
 50.54610 -33.22220
 50.54830 -33.27640
 50.52750 -33.33670
 50.51280 -33.36140
 50.50780 -33.38170
 50.50570 -33.41140
 50.50460 -33.47680
 50.50310 -33.49690
 50.48710 -33.63960
 50.47140 -33.68550
 50.46140 -33.72930
 50.48000 -33.77420
 50.50110 -33.80440
 50.51940 -33.92440
 50.49400 -34.06780
 50.51860 -34.11440
 50.54500 -34.20560
 50.53190 -34.25130
 50.50500 -34.24890
 50.47800 -34.24860
 50.44360 -34.25430
 50.27220 -34.42670
 50.19340 -34.50550
 50.17180 -34.50070
 50.12080 -34.51000
 50.11530 -34.60310
 50.11440 -34.62780
 50.11470 -34.67000
 50.14360 -34.76330
 50.15930 -34.78990
 50.16780 -34.81360
 50.16390 -34.84250
 50.15110 -34.89600
 50.14570 -34.90810
2819 139 46.25453 48.13037 -37.22227 -34.20348 'Zaporozh'ye (Ukraine)'
 46.25450 -35.28120
 46.25980 -35.26760
 46.27050 -35.28290
 46.32170 -35.33430
 46.34960 -35.34800
 46.44330 -35.19800
 46.41030 -35.21570
 46.38710 -35.20540
 46.29940 -35.11970
 46.29410 -35.11080
 46.29960 -35.06350
 46.37650 -35.05870
 46.46710 -35.03190
 46.48170 -34.95110
 46.49720 -34.86110
 46.54420 -34.76310
 46.59260 -34.72530
 46.72140 -34.68390
 46.75030 -34.72390
 46.83910 -34.79800
 46.86220 -34.79030
 46.92850 -34.71760
 46.94280 -34.66000
 46.95760 -34.60720
 47.00580 -34.56200
 47.11330 -34.50500
 47.14310 -34.49860
 47.19440 -34.49780
 47.23250 -34.50250
 47.31370 -34.50540
 47.31130 -34.42430
 47.28530 -34.40030
 47.27210 -34.29830
 47.35360 -34.26360
 47.40920 -34.24110
 47.44580 -34.22410
 47.47470 -34.20660
 47.47840 -34.20350
 47.48110 -34.21140
 47.50140 -34.29430
 47.51000 -34.35440
 47.54110 -34.49550
 47.56600 -34.56870
 47.56860 -34.59170
 47.56460 -34.63820
 47.55670 -34.67300
 47.54800 -34.69720
 47.53890 -34.72940
 47.52970 -34.79500
 47.52300 -34.86330
 47.52500 -34.90550
 47.54310 -34.92390
 47.57140 -34.92870
 47.60420 -34.89690
 47.64070 -34.91650
 47.70080 -34.93720
 47.74080 -34.94550
 47.87400 -34.81120
 47.90190 -34.81240
 47.92230 -34.84580
 47.97800 -34.85640
 48.08030 -34.88610
 48.11780 -35.04730
 48.13040 -35.25020
 48.12590 -35.27500
 48.09880 -35.38970
 48.08630 -35.49280
 48.10030 -35.56800
 48.11410 -35.59780
 48.12000 -35.61800
 48.12530 -35.65290
 48.12150 -35.69510
 48.09550 -35.73170
 48.06220 -35.82480
 48.07440 -35.86040
 48.08330 -35.88750
 48.09110 -35.93420
 48.09030 -35.96220
 48.03310 -36.04720
 47.94940 -36.06860
 47.87800 -36.06470
 47.83420 -36.11420
 47.81070 -36.28820
 47.83800 -36.53830
 47.84420 -36.57620
 47.79830 -36.57500
 47.78800 -36.59400
 47.78640 -36.61400
 47.78980 -36.64730
 47.70970 -36.69220
 47.60030 -36.75310
 47.57110 -36.93050
 47.52600 -37.01800
 47.45580 -37.12030
 47.46300 -37.14430
 47.45780 -37.22230
 47.38800 -37.18420
 47.30420 -37.07500
 47.29050 -36.97640
 47.26720 -36.92800
 47.20440 -36.93190
 47.15140 -36.93550
 47.11220 -36.98750
 47.05890 -37.06890
 47.02670 -37.12030
 46.96620 -37.11520
 46.95420 -37.08890
 46.95940 -37.05690
 46.91950 -37.01050
 46.87400 -37.03950
 46.85750 -36.99300
 46.82550 -36.91670
 46.79080 -36.86790
 46.75110 -36.76390
 46.76460 -36.74170
 46.77250 -36.70010
 46.77530 -36.61360
 46.75310 -36.51510
 46.72440 -36.41670
 46.71720 -36.39550
 46.70890 -36.37550
 46.69530 -36.35460
 46.63400 -36.23900
 46.65960 -36.21460
 46.66690 -36.19320
 46.67030 -36.06750
 46.65110 -35.90720
 46.61860 -35.81180
 46.59290 -35.76050
 46.57300 -35.72870
 46.54470 -35.69920
 46.50170 -35.64980
 46.48920 -35.62800
 46.47220 -35.58280
 46.46080 -35.54850
 46.45540 -35.51820
 46.44160 -35.48420
 46.33170 -35.35220
 46.25450 -35.28120
