4208 12 -4.78916 -4.55166 -55.54055 -55.37541 'Seychelles (Seychelles)'
 -4.78916 -55.53250
 -4.78695 -55.52430
 -4.77611 -55.51110
 -4.74055 -55.47750
 -4.62514 -55.37540
 -4.55805 -55.44530
 -4.55166 -55.46390
 -4.55945 -55.47500
 -4.66375 -55.53820
 -4.68389 -55.54060
 -4.76305 -55.53530
 -4.78916 -55.53250
4209 28 -9.46305 -9.34646 -46.52131 -46.20569 'Seychelles (Seychelles)'
 -9.46305 -46.26920
 -9.46250 -46.26310
 -9.45736 -46.23810
 -9.44723 -46.22170
 -9.43334 -46.21170
 -9.41917 -46.20610
 -9.39681 -46.20570
 -9.40736 -46.21610
 -9.42139 -46.23830
 -9.42972 -46.26750
 -9.42805 -46.30220
 -9.41305 -46.36530
 -9.38611 -46.42560
 -9.34646 -46.44970
 -9.34889 -46.46800
 -9.35361 -46.48310
 -9.36514 -46.51180
 -9.37743 -46.52130
 -9.39361 -46.51390
 -9.42250 -46.47610
 -9.42472 -46.46530
 -9.42555 -46.44920
 -9.41917 -46.41860
 -9.41861 -46.40550
 -9.42139 -46.39530
 -9.43945 -46.33310
 -9.44278 -46.32280
 -9.46305 -46.26920
