1295 763 54.62722 58.66055 1.77334 6.23452 'Scotland (United Kingdom)'
 55.68690 5.45334
 55.68440 5.45695
 55.66860 5.46889
 55.64310 5.48639
 55.41440 5.55520
 55.39690 5.53403
 55.36350 5.51528
 55.35220 5.52305
 55.34060 5.53528
 55.31670 5.56695
 55.30580 5.59584
 55.29220 5.73778
 55.29190 5.75250
 55.29360 5.76584
 55.29900 5.78166
 55.30870 5.78889
 55.36030 5.79528
 55.37330 5.79584
 55.38820 5.79431
 55.39640 5.78778
 55.41750 5.75916
 55.43400 5.72431
 55.44460 5.71764
 55.51500 5.71805
 55.58860 5.70166
 55.66170 5.66916
 55.75930 5.60986
 55.78140 5.64750
 55.80530 5.67319
 55.88840 5.67697
 55.89940 5.67789
 55.91350 5.67389
 55.91930 5.66439
 55.92490 5.65489
 55.96610 5.63361
 56.01320 5.58014
 56.03760 5.57805
 56.03220 5.59750
 56.02060 5.62555
 55.98260 5.66039
 55.97410 5.67595
 55.99400 5.67785
 56.04310 5.64222
 56.05190 5.63250
 56.07640 5.60139
 56.11330 5.56334
 56.16490 5.52000
 56.18530 5.51576
 56.18250 5.53222
 56.16940 5.55889
 56.16000 5.57389
 56.15970 5.59778
 56.25690 5.59653
 56.32830 5.57139
 56.37360 5.52611
 56.38670 5.52305
 56.42230 5.43722
 56.43090 5.42439
 56.43570 5.32764
 56.42970 5.30855
 56.43600 5.23875
 56.43580 5.22084
 56.44100 5.20611
 56.44830 5.19334
 56.48500 5.13555
 56.49560 5.12055
 56.50780 5.10778
 56.56070 5.07014
 56.55710 5.08416
 56.54470 5.09584
 56.52940 5.10389
 56.51280 5.11555
 56.46190 5.19111
 56.45420 5.20305
 56.45190 5.21445
 56.45100 5.23208
 56.47430 5.36834
 56.47870 5.39866
 56.52110 5.37718
 56.51500 5.36351
 56.51650 5.33685
 56.55750 5.25080
 56.55630 5.31826
 56.54820 5.33664
 56.54630 5.35381
 56.55920 5.37405
 56.58310 5.38305
 56.65670 5.31473
 56.71220 5.24222
 56.76000 5.17639
 56.79400 5.13236
 56.81470 5.12084
 56.79920 5.15445
 56.77640 5.18889
 56.74330 5.23416
 56.66190 5.36334
 56.54060 5.56389
 56.52420 5.59278
 56.51940 5.60195
 56.49390 5.67695
 56.51140 5.69361
 56.53810 5.79055
 56.54220 5.82666
 56.55330 5.88416
 56.55690 5.89555
 56.56970 5.93055
 56.57670 5.94278
 56.61140 5.99584
 56.62250 6.00931
 56.63350 6.00972
 56.64530 5.99681
 56.64940 5.98750
 56.65140 5.97472
 56.65670 5.88261
 56.68280 5.69916
 56.68030 5.64861
 56.68190 5.61250
 56.68890 5.55240
 56.71170 5.73945
 56.71140 5.76597
 56.70780 5.77945
 56.70140 5.79278
 56.69160 5.82622
 56.68090 5.84539
 56.67390 5.91916
 56.67970 6.19139
 56.68420 6.20916
 56.69720 6.22778
 56.71670 6.23452
 56.74890 6.19208
 56.75780 6.14000
 56.78030 5.96695
 56.78080 5.95111
 56.77560 5.94028
 56.75670 5.90500
 56.74280 5.86750
 56.74440 5.84958
 56.79180 5.80208
 56.80360 5.83945
 56.81430 5.85590
 56.82780 5.85313
 56.83960 5.78584
 56.84220 5.74916
 56.83920 5.73305
 56.83940 5.71805
 56.86920 5.66292
 56.87610 5.67250
 56.89370 5.74278
 56.89250 5.76750
 56.88560 5.81805
 56.87940 5.86528
 56.87900 5.88278
 56.88710 5.91958
 57.00350 5.82584
 57.01140 5.80611
 57.01360 5.79416
 57.01020 5.76345
 57.01170 5.75111
 57.00910 5.73374
 56.99670 5.72228
 56.98920 5.69722
 56.97970 5.67166
 56.97610 5.66111
 56.97220 5.64611
 56.97310 5.62972
 56.98000 5.57916
 56.98220 5.56611
 56.98940 5.53805
 56.99740 5.52403
 56.99320 5.55195
 56.98970 5.56916
 56.98470 5.61611
 56.98500 5.63139
 56.99190 5.65389
 57.04560 5.77361
 57.05410 5.78729
 57.06810 5.78584
 57.08070 5.77528
 57.11310 5.72472
 57.11090 5.69161
 57.11610 5.65111
 57.11060 5.62045
 57.10340 5.61161
 57.09750 5.57750
 57.09250 5.55945
 57.08820 5.53708
 57.08810 5.51805
 57.11060 5.40305
 57.11780 5.42084
 57.11830 5.44361
 57.11670 5.45722
 57.11220 5.48166
 57.11640 5.55028
 57.16160 5.64751
 57.23500 5.64611
 57.24120 5.61042
 57.25480 5.56066
 57.25640 5.54850
 57.24750 5.53966
 57.23890 5.49472
 57.22960 5.47681
 57.22140 5.44972
 57.21890 5.42514
 57.23100 5.40514
 57.27740 5.51266
 57.28410 5.57116
 57.33050 5.59885
 57.33210 5.57568
 57.35920 5.52055
 57.37080 5.49250
 57.38850 5.46084
 57.39610 5.45278
 57.41800 5.45125
 57.42000 5.46223
 57.40110 5.50334
 57.37060 5.63255
 57.34330 5.75111
 57.34010 5.77375
 57.34390 5.78861
 57.36250 5.81805
 57.45080 5.86000
 57.46780 5.86695
 57.47920 5.87139
 57.49390 5.86986
 57.54970 5.85042
 57.57280 5.83972
 57.57920 5.81569
 57.57000 5.77695
 57.54830 5.75000
 57.50870 5.65305
 57.50860 5.64278
 57.52470 5.62000
 57.52830 5.53084
 57.53320 5.51014
 57.54850 5.51972
 57.55220 5.53528
 57.55220 5.64361
 57.54710 5.65500
 57.54670 5.67000
 57.55940 5.69555
 57.63960 5.81084
 57.81940 5.81708
 57.85390 5.80139
 57.86470 5.76695
 57.86750 5.75500
 57.86940 5.71695
 57.85200 5.69369
 57.84580 5.68345
 57.78890 5.66305
 57.77390 5.64111
 57.76620 5.60674
 57.81940 5.58153
 57.83170 5.58166
 57.84490 5.59958
 57.85220 5.62555
 57.86440 5.63466
 57.88060 5.64413
 57.89970 5.64445
 57.91150 5.63181
 57.92360 5.61111
 57.85890 5.45750
 57.90100 5.42875
 57.92080 5.33861
 57.90080 5.21750
 57.86940 5.12750
 57.85940 5.11195
 57.85080 5.10278
 57.86800 5.09834
 57.95070 5.19334
 57.95470 5.20305
 57.97110 5.26278
 58.03110 5.39805
 58.04280 5.41695
 58.07420 5.45285
 58.09360 5.44236
 58.09820 5.42292
 58.09420 5.40834
 58.08360 5.38416
 58.07610 5.37195
 58.06420 5.31514
 58.06850 5.29334
 58.07720 5.28145
 58.11720 5.27389
 58.14860 5.27445
 58.14990 5.29416
 58.25050 5.39764
 58.26030 5.38945
 58.25920 5.36861
 58.25080 5.20361
 58.26470 5.07166
 58.26720 5.07555
 58.26890 5.08222
 58.28750 5.12639
 58.32530 5.16472
 58.35000 5.17472
 58.36500 5.16889
 58.50830 5.10945
 58.62420 5.00153
 58.60260 4.77014
 58.55860 4.70166
 58.52440 4.67666
 58.51000 4.70195
 58.49440 4.71778
 58.44600 4.76145
 58.44830 4.74139
 58.48830 4.66805
 58.53030 4.59910
 58.55000 4.59972
 58.56150 4.59736
 58.57080 4.58861
 58.57440 4.57834
 58.57580 4.56055
 58.56780 4.50666
 58.56110 4.47611
 58.54900 4.43653
 58.53970 4.42889
 58.53360 4.27722
 58.55530 4.08055
 58.55830 3.90334
 58.56000 3.84834
 58.56750 3.78264
 58.59280 3.73028
 58.60370 3.71166
 58.61970 3.66028
 58.62190 3.57611
 58.60920 3.55334
 58.59560 3.36931
 58.59960 3.35958
 58.61650 3.35299
 58.62750 3.37334
 58.66060 3.35389
 58.64940 3.17639
 58.64650 3.02264
 58.63820 3.01472
 58.45080 3.05792
 58.38170 3.10972
 58.36940 3.12195
 58.30620 3.20555
 58.27690 3.33750
 58.27510 3.36035
 58.26470 3.38195
 58.24360 3.42028
 58.22310 3.44431
 58.20310 3.45916
 58.18280 3.48334
 58.16370 3.51319
 58.13920 3.56611
 58.08970 3.68445
 58.02000 3.84500
 57.95060 3.99695
 57.92690 4.01166
 57.90610 3.99166
 57.86780 4.01500
 57.85190 4.10666
 57.85080 4.12000
 57.87030 4.24305
 57.89780 4.36250
 57.90360 4.37805
 57.90140 4.39166
 57.86040 4.34986
 57.84640 4.29750
 57.84420 4.28334
 57.82530 4.14973
 57.81440 4.04322
 57.80750 3.92639
 57.81530 3.87472
 57.82000 3.85055
 57.82760 3.83819
 57.84830 3.82347
 57.85820 3.80681
 57.86110 3.78834
 57.85490 3.77403
 57.84360 3.77778
 57.80460 3.81945
 57.76860 3.86555
 57.71490 3.94805
 57.70250 3.96861
 57.69830 3.97778
 57.69530 3.98889
 57.69310 4.00111
 57.70230 4.01908
 57.71650 4.01628
 57.72810 4.01945
 57.73140 4.03111
 57.72610 4.08528
 57.72390 4.09778
 57.67440 4.29666
 57.60170 4.41639
 57.57280 4.43153
 57.57280 4.41472
 57.58970 4.37834
 57.60780 4.34361
 57.61890 4.33028
 57.62810 4.31250
 57.65530 4.25945
 57.65940 4.24945
 57.66500 4.22778
 57.67140 4.19139
 57.66530 4.08078
 57.64280 4.04666
 57.59830 4.11139
 57.56250 4.17945
 57.53610 4.21084
 57.51550 4.22889
 57.49670 4.23778
 57.48920 4.22528
 57.48610 4.21305
 57.48580 4.19666
 57.48940 4.17916
 57.49670 4.15889
 57.55570 4.03986
 57.62500 3.75414
 57.63880 3.64063
 57.63250 3.62445
 57.63670 3.59542
 57.66330 3.52222
 57.67490 3.50486
 57.69080 3.49563
 57.70280 3.49805
 57.70940 3.48805
 57.72330 3.33972
 57.72500 3.28625
 57.71810 3.27805
 57.70470 3.26111
 57.69830 3.24611
 57.69170 3.22334
 57.67170 3.12334
 57.66560 3.08084
 57.66250 3.03847
 57.66530 3.02250
 57.67420 2.98945
 57.68030 2.96750
 57.68940 2.94250
 57.69690 2.92361
 57.70690 2.89805
 57.70580 2.85278
 57.70220 2.78639
 57.68800 2.64584
 57.67970 2.57000
 57.67170 2.51000
 57.66830 2.44445
 57.66640 2.39625
 57.66860 2.18611
 57.67100 2.17000
 57.69060 2.14028
 57.69530 2.13139
 57.69750 2.12000
 57.69940 2.07555
 57.69390 2.02222
 57.67780 1.92972
 57.67060 1.91834
 57.62140 1.86000
 57.57860 1.82195
 57.50560 1.78139
 57.49080 1.77416
 57.45810 1.77334
 57.39890 1.85584
 57.33250 1.95889
 57.31710 1.97486
 57.21860 2.05416
 57.20420 2.06166
 57.19060 2.06584
 57.14760 2.07431
 57.13440 2.06722
 57.07030 2.09334
 57.00050 2.16695
 56.97470 2.19028
 56.96220 2.19639
 56.94390 2.19708
 56.93250 2.18972
 56.92010 2.18584
 56.90250 2.19416
 56.86780 2.21972
 56.79640 2.31986
 56.78440 2.34805
 56.77170 2.39000
 56.75860 2.41528
 56.71530 2.47805
 56.69640 2.46278
 56.69140 2.44848
 56.61420 2.48861
 56.57610 2.53125
 56.56390 2.55139
 56.52250 2.64084
 56.48890 2.72084
 56.46390 2.89528
 56.45610 2.95861
 56.45470 3.04055
 56.45500 3.05195
 56.45190 3.07028
 56.44860 3.08084
 56.35750 3.27805
 56.34610 3.26472
 56.34810 3.25250
 56.35960 3.19042
 56.41420 2.99555
 56.44280 2.93222
 56.45010 2.91653
 56.45220 2.90084
 56.45140 2.88445
 56.44940 2.87000
 56.43960 2.81208
 56.43280 2.80416
 56.41280 2.80000
 56.39670 2.80945
 56.37360 2.81528
 56.36280 2.81334
 56.34570 2.80236
 56.33180 2.76861
 56.32430 2.72708
 56.32470 2.70416
 56.32280 2.67208
 56.31430 2.63743
 56.28260 2.58403
 56.26850 2.58347
 56.21460 2.67937
 56.18750 2.78805
 56.18420 2.82000
 56.18360 2.83445
 56.18640 2.84695
 56.19030 2.85778
 56.19960 2.87764
 56.20190 2.88778
 56.20500 2.91666
 56.20530 2.93166
 56.20220 2.95695
 56.19470 2.97611
 56.11080 3.13903
 56.08850 3.15305
 56.02330 3.34403
 56.01080 3.39584
 56.01250 3.40945
 56.01920 3.44111
 56.03440 3.49750
 56.05360 3.57139
 56.05500 3.58250
 56.05670 3.71972
 56.05550 3.73722
 56.02740 3.72375
 56.00650 3.66416
 56.00500 3.64611
 55.99190 3.45472
 55.97170 3.25472
 55.94810 3.08805
 55.94440 3.06750
 55.94360 3.05305
 55.94940 3.01805
 55.96940 2.93500
 55.97250 2.92445
 55.97900 2.90834
 55.98860 2.89555
 56.02840 2.86618
 56.05110 2.83389
 56.05690 2.82028
 56.06030 2.79416
 56.06140 2.78222
 56.05970 2.65722
 56.05470 2.63111
 56.04330 2.60055
 56.00280 2.50222
 55.95690 2.37528
 55.91860 2.26028
 55.88580 2.13028
 55.86720 2.07972
 55.85060 2.07055
 55.84000 2.06111
 55.80610 2.02166
 55.80500 2.02945
 55.79440 2.08028
 55.78050 2.08361
 55.76090 2.08703
 55.66500 2.22000
 55.65190 2.23861
 55.64860 2.24834
 55.64560 2.26611
 55.64470 2.27916
 55.57530 2.27416
 55.50580 2.21528
 55.45990 2.18278
 55.44220 2.19611
 55.42780 2.21236
 55.42280 2.22722
 55.39580 2.33472
 55.36110 2.46305
 55.34500 2.49666
 55.30190 2.56084
 55.25500 2.63055
 55.21890 2.65361
 55.17720 2.69945
 55.04060 2.95055
 55.03890 2.96278
 55.04000 2.97778
 55.04610 2.99916
 55.05220 3.01500
 55.05230 3.03069
 54.99440 3.04889
 54.97990 3.05103
 54.97470 3.06639
 54.96500 3.14695
 54.97140 3.36055
 54.97250 3.37639
 54.97420 3.39055
 54.98640 3.44528
 54.99080 3.57111
 54.96940 3.58069
 54.87530 3.61584
 54.87750 3.62889
 54.88110 3.69250
 54.84890 3.81222
 54.80530 3.86972
 54.76750 3.95361
 54.76530 3.96500
 54.76530 3.97945
 54.76780 4.09555
 54.77470 4.13584
 54.85900 4.35055
 54.88190 4.37847
 54.89320 4.38069
 54.90560 4.38479
 54.90640 4.39805
 54.88150 4.42445
 54.86410 4.42855
 54.82580 4.41111
 54.77110 4.35973
 54.70920 4.34569
 54.69920 4.34805
 54.68800 4.35584
 54.68030 4.36500
 54.67670 4.37584
 54.67560 4.38722
 54.67690 4.40222
 54.69890 4.49639
 54.70280 4.50611
 54.73900 4.55792
 54.75000 4.56084
 54.78030 4.59861
 54.79970 4.68084
 54.82170 4.74055
 54.85560 4.80125
 54.86170 4.81416
 54.86440 4.82555
 54.86860 4.85222
 54.85190 4.89389
 54.83710 4.92431
 54.82970 4.93555
 54.79690 4.96076
 54.76750 4.94473
 54.71670 4.91195
 54.70110 4.90000
 54.69610 4.88792
 54.68530 4.87090
 54.62960 4.85723
 54.62720 4.86416
 54.64050 4.92250
 54.64670 4.93681
 54.65500 4.95014
 54.68120 4.96229
 54.69670 4.95264
 54.72420 4.95847
 54.76330 5.00500
 54.78220 5.03528
 54.80580 5.07472
 54.82170 5.10250
 54.83180 5.11666
 54.84530 5.13195
 54.85720 5.14222
 54.89110 5.17000
 54.90430 5.17792
 54.92170 5.18445
 54.93620 5.18563
 54.98890 5.17834
 55.00050 5.17416
 55.00890 5.16222
 55.01170 5.15222
 55.02390 5.10500
 55.04900 5.05361
 55.13350 5.01250
 55.14190 4.99916
 55.15500 4.97389
 55.17860 4.93500
 55.22340 4.86542
 55.26940 4.84778
 55.31880 4.83715
 55.41060 4.74847
 55.42030 4.72889
 55.42500 4.71361
 55.43390 4.68250
 55.43720 4.65375
 55.44260 4.63958
 55.49070 4.61361
 55.51390 4.62292
 55.56190 4.65945
 55.59750 4.68722
 55.60570 4.69681
 55.61110 4.70778
 55.61780 4.72945
 55.62860 4.76916
 55.64560 4.81361
 55.67220 4.86084
 55.68190 4.87584
 55.68970 4.90389
 55.70080 4.91639
 55.93650 4.87826
 55.94950 4.82405
 55.95090 4.79039
 55.94610 4.75166
 55.93400 4.70972
 55.92110 4.57028
 55.91860 4.52305
 55.92360 4.48542
 55.92920 4.50111
 55.94550 4.62723
 55.97980 4.77659
 55.97640 4.81015
 55.98650 4.85461
 56.03180 4.86635
 56.07040 4.85965
 56.08630 4.84623
 56.11320 4.82861
 56.10560 4.86720
 56.07120 4.88145
 55.98140 4.89824
 55.96130 4.91334
 55.93360 4.92844
 55.88000 4.96195
 55.86490 4.98666
 55.86690 5.01222
 55.86970 5.02584
 55.90310 5.11000
 55.92920 5.17334
 55.92190 5.20612
 55.90180 5.22458
 55.87410 5.22961
 55.84440 5.20805
 55.82870 5.20750
 55.84750 5.29250
 55.85220 5.30528
 55.90200 5.34000
 55.92610 5.34084
 56.00570 5.30905
 56.03450 5.28105
 56.04170 5.27355
 56.11860 5.20069
 56.18690 5.07222
 56.23330 4.97416
 56.25000 4.94726
 56.27110 4.92229
 56.23250 5.03222
 56.13720 5.20584
 56.11890 5.23889
 56.10690 5.25889
 56.08410 5.28745
 56.06920 5.30595
 56.05540 5.31678
 56.03460 5.33895
 56.02490 5.35611
 55.99970 5.39924
 56.00690 5.42916
 55.90670 5.41889
 55.75030 5.38000
 55.73640 5.40416
 55.70680 5.44597
 55.68690 5.45334
1296 111 57.72632 58.51264 6.14750 7.12743 'Scotland (United Kingdom)'
 57.94830 6.47389
 57.94220 6.47334
 57.91570 6.54111
 57.91110 6.57403
 57.91490 6.62458
 57.92000 6.65305
 57.92560 6.66431
 57.95810 6.69195
 57.96750 6.69861
 57.98670 6.70472
 58.00320 6.70653
 58.02290 6.69597
 58.04600 6.65937
 58.04830 6.62945
 58.04690 6.61847
 58.04850 6.59445
 58.05430 6.60403
 58.05820 6.67416
 58.05620 6.68681
 57.99830 6.76139
 57.95230 6.72334
 57.94470 6.70084
 57.93070 6.68181
 57.90060 6.66472
 57.88260 6.66139
 57.82580 6.73528
 57.72630 6.96493
 57.72710 6.98111
 57.81670 7.12187
 57.83560 7.12424
 57.83670 7.10389
 57.83280 7.09223
 57.82470 7.08361
 57.82080 7.06584
 57.83220 7.02889
 57.90220 6.83222
 57.93250 6.87945
 57.94970 6.93500
 57.95280 6.94611
 57.95930 6.98889
 57.95190 7.02195
 57.95280 7.03264
 57.96250 7.07528
 57.98560 7.11334
 58.00800 7.08416
 58.02030 7.05555
 58.03640 7.05778
 58.07050 7.09389
 58.12790 7.12743
 58.18190 7.09445
 58.22180 7.05736
 58.23570 7.03625
 58.23490 7.00458
 58.21610 6.91972
 58.21030 6.90750
 58.20360 6.92028
 58.18800 6.93611
 58.10860 6.87111
 58.10600 6.86097
 58.17860 6.87328
 58.19590 6.80518
 58.18520 6.75037
 58.19720 6.74473
 58.22940 6.78658
 58.25970 6.80805
 58.28240 6.81666
 58.30220 6.79778
 58.34920 6.67305
 58.34740 6.65395
 58.35970 6.56028
 58.36330 6.55028
 58.45750 6.35528
 58.47920 6.31055
 58.48830 6.29278
 58.50940 6.27458
 58.51260 6.26334
 58.51010 6.24875
 58.50420 6.23473
 58.49640 6.22334
 58.42290 6.16597
 58.35610 6.20416
 58.31780 6.23250
 58.28780 6.27973
 58.26360 6.32389
 58.23540 6.32703
 58.22270 6.28211
 58.22550 6.26953
 58.23360 6.22084
 58.24080 6.20861
 58.25920 6.16819
 58.25440 6.14750
 58.21830 6.15834
 58.20960 6.16834
 58.18360 6.22472
 58.17660 6.26378
 58.18280 6.32911
 58.15860 6.36666
 58.13320 6.37715
 58.09750 6.49722
 58.09190 6.54805
 58.08500 6.60111
 58.08010 6.61972
 58.07830 6.59472
 58.08750 6.49695
 58.10220 6.42028
 58.10570 6.40639
 58.10170 6.39334
 58.03150 6.35528
 58.00920 6.38611
 57.96800 6.45778
 57.94830 6.47389
1297 73 57.02346 57.68610 5.64764 6.78528 'Scotland (United Kingdom)'
 57.10530 5.84750
 57.09280 5.85916
 57.06250 5.89111
 57.03860 5.92805
 57.03560 5.93945
 57.02690 5.98000
 57.02360 5.99834
 57.02350 6.01431
 57.05210 6.03313
 57.11170 5.99084
 57.13030 5.97416
 57.17750 6.03055
 57.12550 6.07750
 57.12830 6.09666
 57.17060 6.17666
 57.15850 6.31639
 57.26640 6.44972
 57.30250 6.48014
 57.33380 6.42174
 57.32860 6.39834
 57.31440 6.37389
 57.30220 6.34584
 57.29780 6.33236
 57.29980 6.31208
 57.40750 6.53014
 57.38000 6.57361
 57.35090 6.56395
 57.33620 6.56861
 57.33360 6.57916
 57.34420 6.62500
 57.36080 6.68916
 57.36390 6.70000
 57.36800 6.70972
 57.37970 6.72229
 57.40360 6.72445
 57.42970 6.77528
 57.44810 6.78528
 57.49280 6.74750
 57.60560 6.63750
 57.60580 6.62278
 57.60260 6.61153
 57.58860 6.58639
 57.58040 6.57528
 57.56830 6.56555
 57.55260 6.56236
 57.50890 6.46334
 57.50500 6.43000
 57.52420 6.37555
 57.60280 6.39584
 57.63720 6.42028
 57.64890 6.40722
 57.68470 6.34555
 57.68610 6.30416
 57.67220 6.27695
 57.61150 6.17792
 57.59420 6.16055
 57.57150 6.14500
 57.48440 6.13666
 57.41920 6.14666
 57.40420 6.14778
 57.31300 6.13472
 57.30610 6.12723
 57.24190 5.89916
 57.23960 5.88334
 57.25360 5.83334
 57.27220 5.76889
 57.27600 5.74681
 57.25830 5.64764
 57.20580 5.66424
 57.11670 5.80361
 57.11030 5.81639
 57.10610 5.83000
 57.10530 5.84750
1298 64 59.85111 60.63340 1.03855 1.69215 'Scotland (United Kingdom)'
 60.22500 1.18055
 60.19470 1.15750
 60.14690 1.12722
 60.13250 1.14986
 60.13740 1.16681
 60.12720 1.18722
 60.10280 1.21222
 60.02250 1.22055
 59.86030 1.26139
 59.85110 1.26861
 59.85750 1.30695
 59.89170 1.37195
 59.90430 1.37792
 60.00220 1.32765
 60.00930 1.31042
 60.09360 1.26834
 60.11140 1.26208
 60.12750 1.26097
 60.22000 1.28500
 60.24140 1.29139
 60.25310 1.40951
 60.23720 1.38750
 60.22970 1.36361
 60.20890 1.35305
 60.19250 1.35834
 60.15180 1.45111
 60.16780 1.49055
 60.18840 1.52549
 60.20110 1.51972
 60.21580 1.58889
 60.22470 1.64778
 60.22610 1.65500
 60.23080 1.66472
 60.24290 1.67625
 60.28510 1.69215
 60.29970 1.66695
 60.30310 1.65528
 60.30720 1.62834
 60.30720 1.59319
 60.31500 1.47472
 60.31860 1.44584
 60.32140 1.42695
 60.34000 1.34584
 60.35640 1.32028
 60.46050 1.44584
 60.46970 1.50222
 60.47370 1.56049
 60.47840 1.61035
 60.50780 1.59305
 60.53580 1.54695
 60.60600 1.41334
 60.63340 1.29653
 60.61330 1.28750
 60.49110 1.29611
 60.47110 1.28666
 60.45440 1.16389
 60.44280 1.03855
 60.35810 1.06611
 60.27580 1.10111
 60.26010 1.16500
 60.26790 1.19535
 60.25580 1.19805
 60.23060 1.18555
 60.22500 1.18055
1299 66 56.25889 56.65305 5.64861 6.36625 'Scotland (United Kingdom)'
 56.65030 6.11666
 56.63890 6.06889
 56.63580 6.05695
 56.62280 6.03945
 56.58170 5.99458
 56.54760 5.97278
 56.51920 5.85639
 56.51320 5.79722
 56.50890 5.78361
 56.47890 5.71472
 56.45110 5.65111
 56.43990 5.64861
 56.39930 5.66084
 56.35920 5.70195
 56.35190 5.71472
 56.31750 5.80861
 56.30850 5.84361
 56.31060 5.86000
 56.31820 5.87334
 56.32990 5.86278
 56.34490 5.85334
 56.35220 5.86403
 56.35190 5.88250
 56.34920 5.89278
 56.31860 5.98361
 56.30470 6.01611
 56.25890 6.26472
 56.26540 6.32305
 56.27640 6.33945
 56.28310 6.34722
 56.31100 6.36625
 56.33000 6.36361
 56.33690 6.35028
 56.33920 6.33945
 56.34080 6.29778
 56.33810 6.28611
 56.33040 6.27500
 56.31830 6.23195
 56.35500 6.06584
 56.36640 6.02472
 56.37600 6.01937
 56.38250 6.03097
 56.37110 6.07889
 56.36280 6.10472
 56.36000 6.11584
 56.35610 6.16916
 56.35670 6.18500
 56.36460 6.19611
 56.38240 6.20166
 56.42810 6.14305
 56.44280 6.08305
 56.44610 6.07166
 56.45940 6.03195
 56.46540 6.01708
 56.47600 6.00625
 56.49260 6.00340
 56.49660 6.01769
 56.48110 6.09889
 56.47330 6.11805
 56.47460 6.12916
 56.53940 6.32528
 56.54670 6.33778
 56.60150 6.32153
 56.64310 6.18666
 56.65300 6.13722
 56.65030 6.11666
1300 44 55.57277 55.93403 6.02611 6.50958 'Scotland (United Kingdom)'
 55.57280 6.27445
 55.57690 6.30055
 55.58680 6.32445
 55.61710 6.32139
 55.70720 6.28584
 55.76920 6.25250
 55.77720 6.26222
 55.78140 6.32847
 55.77760 6.34166
 55.76810 6.35042
 55.75420 6.35847
 55.74080 6.36750
 55.72810 6.37972
 55.71720 6.39305
 55.70390 6.41084
 55.68030 6.44945
 55.67390 6.46250
 55.67000 6.47334
 55.66900 6.48819
 55.67500 6.50319
 55.68640 6.50958
 55.72140 6.50000
 55.73360 6.49528
 55.85110 6.44569
 55.86940 6.36972
 55.86360 6.30972
 55.91640 6.19222
 55.92750 6.16305
 55.93400 6.13931
 55.93120 6.12570
 55.92170 6.11861
 55.89500 6.12278
 55.87890 6.12166
 55.80920 6.10250
 55.79330 6.09542
 55.78390 6.08834
 55.77750 6.07555
 55.76690 6.05292
 55.72060 6.03028
 55.67930 6.02611
 55.67000 6.03834
 55.65000 6.07666
 55.59220 6.22889
 55.57280 6.27445
1301 28 58.87888 59.14861 2.75584 3.36805 'Scotland (United Kingdom)'
 58.87890 2.82445
 58.89330 2.86916
 58.93940 2.97000
 58.94000 3.00834
 58.93580 3.05722
 58.92810 3.11055
 58.92120 3.11972
 58.91080 3.17222
 58.91060 3.19166
 58.94580 3.30334
 58.95000 3.31334
 58.96580 3.34555
 58.99390 3.36208
 59.01210 3.36805
 59.10820 3.35084
 59.12940 3.31750
 59.14070 3.27500
 59.14610 3.23889
 59.14860 3.21889
 59.14790 3.19916
 59.12040 3.07500
 59.06820 2.99681
 59.05580 2.99584
 58.99830 2.94722
 58.97560 2.85222
 58.95140 2.79305
 58.91780 2.75584
 58.87890 2.82445
1302 26 55.42945 55.71722 5.07597 5.40055 'Scotland (United Kingdom)'
 55.42940 5.17195
 55.43100 5.23229
 55.44690 5.28334
 55.45110 5.29278
 55.47610 5.34125
 55.50420 5.35722
 55.60470 5.40055
 55.61780 5.40028
 55.62890 5.39639
 55.67010 5.37958
 55.67690 5.37084
 55.70080 5.32778
 55.71670 5.29528
 55.71720 5.26555
 55.71610 5.25195
 55.71360 5.23916
 55.71030 5.22834
 55.69920 5.19834
 55.69280 5.18528
 55.68170 5.16416
 55.67330 5.15473
 55.55490 5.08458
 55.45750 5.07597
 55.44170 5.09334
 55.43860 5.10361
 55.42940 5.17195
1303 27 55.78833 56.15055 5.68500 6.08792 'Scotland (United Kingdom)'
 55.78830 5.97195
 55.79240 6.02986
 55.80030 6.05305
 55.80610 6.06681
 55.81360 6.07458
 55.82670 6.07916
 55.87960 6.08792
 55.89420 6.08445
 55.90550 6.07889
 56.02360 5.96805
 56.03050 5.95584
 56.05960 5.90403
 56.10970 5.80916
 56.13330 5.75500
 56.13750 5.74500
 56.15060 5.70847
 56.14720 5.69445
 56.11960 5.68500
 56.10670 5.69084
 56.09750 5.70528
 56.08940 5.71695
 56.07800 5.73028
 56.06030 5.74903
 55.94940 5.84584
 55.88250 5.90416
 55.83000 5.94695
 55.78830 5.97195
1304 20 57.50361 57.68708 7.06861 7.54084 'Scotland (United Kingdom)'
 57.50360 7.23361
 57.50620 7.32208
 57.52750 7.32750
 57.54420 7.32528
 57.55080 7.34778
 57.56810 7.41166
 57.56390 7.45555
 57.56220 7.47236
 57.56610 7.48611
 57.59010 7.54084
 57.64920 7.48764
 57.65500 7.47278
 57.65330 7.43250
 57.65790 7.27305
 57.67690 7.24472
 57.68710 7.19292
 57.63660 7.06861
 57.51220 7.15069
 57.50800 7.16834
 57.50360 7.23361
1305 26 57.09472 57.40138 7.21472 7.42361 'Scotland (United Kingdom)'
 57.09470 7.23028
 57.10360 7.26555
 57.10610 7.28722
 57.10610 7.30334
 57.10000 7.33361
 57.09960 7.35958
 57.11170 7.38403
 57.12850 7.39431
 57.18460 7.41819
 57.21830 7.42084
 57.38370 7.42361
 57.38970 7.41222
 57.40140 7.36805
 57.39580 7.33555
 57.38110 7.28584
 57.37370 7.26958
 57.33960 7.22375
 57.33280 7.23111
 57.32720 7.25403
 57.33610 7.28528
 57.32250 7.28805
 57.15250 7.25916
 57.11440 7.21472
 57.11030 7.21528
 57.09690 7.22584
 57.09470 7.23028
1306 16 60.48555 60.73153 0.98264 1.18305 'Scotland (United Kingdom)'
 60.48550 1.10472
 60.48640 1.12750
 60.49100 1.14139
 60.52720 1.17028
 60.59890 1.18305
 60.62360 1.18139
 60.63460 1.17834
 60.72580 1.11000
 60.73000 1.09861
 60.73150 1.08861
 60.73080 1.05695
 60.72240 0.99389
 60.65350 0.98264
 60.51720 1.01847
 60.50020 1.02542
 60.48550 1.10472
1307 14 58.77555 58.92750 3.13555 3.43257 'Scotland (United Kingdom)'
 58.77560 3.23139
 58.77690 3.29660
 58.87600 3.43257
 58.90740 3.41514
 58.91720 3.39805
 58.92690 3.34916
 58.92750 3.33555
 58.88610 3.23069
 58.87420 3.21472
 58.80250 3.13555
 58.78570 3.13931
 58.78110 3.16028
 58.77920 3.18084
 58.77560 3.23139
1308 12 60.67334 60.84333 0.75764 0.96208 'Scotland (United Kingdom)'
 60.67330 0.83500
 60.67440 0.93556
 60.68530 0.96208
 60.71140 0.95972
 60.79440 0.93889
 60.84330 0.88069
 60.84060 0.80611
 60.83000 0.77028
 60.81580 0.75764
 60.79330 0.76361
 60.68890 0.81972
 60.67330 0.83500
1309 14 55.72138 55.91895 5.00528 5.20632 'Scotland (United Kingdom)'
 55.72140 5.02305
 55.72320 5.03250
 55.77870 5.12042
 55.87580 5.19958
 55.89670 5.20632
 55.91900 5.17493
 55.91530 5.16055
 55.87690 5.08028
 55.83780 5.03639
 55.77960 5.00722
 55.76780 5.00528
 55.72870 5.00805
 55.72190 5.01639
 55.72140 5.02305
1310 19 56.93416 57.05416 6.24750 6.45097 'Scotland (United Kingdom)'
 56.93420 6.31750
 56.93490 6.32805
 56.94640 6.36195
 57.00330 6.45097
 57.03280 6.41555
 57.04390 6.39334
 57.04800 6.38416
 57.05310 6.34750
 57.05420 6.32611
 57.04250 6.27389
 57.03490 6.25792
 57.02400 6.24945
 56.99560 6.24750
 56.96240 6.25597
 56.95170 6.26666
 56.94440 6.27834
 56.93720 6.29861
 56.93440 6.31055
 56.93420 6.31750
1311 15 57.39750 57.48888 7.20334 7.40855 'Scotland (United Kingdom)'
 57.39750 7.28334
 57.40060 7.31695
 57.42030 7.37805
 57.42390 7.38805
 57.44870 7.40855
 57.46810 7.40278
 57.48890 7.35445
 57.48360 7.30055
 57.48060 7.27611
 57.47640 7.24416
 57.45920 7.20361
 57.41690 7.20334
 57.40290 7.24208
 57.39890 7.26889
 57.39750 7.28334
1312 15 59.18416 59.31264 2.39014 2.69215 'Scotland (United Kingdom)'
 59.18420 2.68584
 59.19290 2.69215
 59.21240 2.69153
 59.22080 2.68445
 59.29060 2.59278
 59.30310 2.55555
 59.30500 2.53445
 59.31260 2.40597
 59.30330 2.39722
 59.28140 2.39014
 59.24500 2.49555
 59.24220 2.57403
 59.23490 2.62278
 59.19580 2.68139
 59.18420 2.68584
1313 13 57.32444 57.50861 5.97757 6.07958 'Scotland (United Kingdom)'
 57.32440 6.05111
 57.32740 6.06576
 57.35100 6.07958
 57.39420 6.07834
 57.43050 6.07305
 57.45290 6.06445
 57.49320 6.02972
 57.50860 6.00305
 57.49120 5.97757
 57.34310 5.99472
 57.33500 6.00639
 57.32860 6.02695
 57.32440 6.05111
1314 16 56.43861 56.54875 6.73007 6.98972 'Scotland (United Kingdom)'
 56.43860 6.89278
 56.44000 6.92500
 56.44920 6.97222
 56.49620 6.98972
 56.50800 6.97334
 56.51310 6.95805
 56.54870 6.76097
 56.54490 6.74861
 56.52400 6.73007
 56.51580 6.73916
 56.51420 6.75861
 56.51580 6.77416
 56.51500 6.79264
 56.51220 6.80389
 56.47190 6.87916
 56.43860 6.89278
1315 15 56.55555 56.68722 6.45601 6.69750 'Scotland (United Kingdom)'
 56.55550 6.67834
 56.55670 6.68584
 56.56940 6.69445
 56.58170 6.69750
 56.63440 6.61389
 56.65330 6.57389
 56.66610 6.54584
 56.68310 6.50722
 56.68720 6.49334
 56.68280 6.45601
 56.63860 6.48500
 56.62750 6.49736
 56.58440 6.57666
 56.58000 6.58916
 56.55550 6.67834
1316 12 56.94083 57.05500 7.37708 7.56028 'Scotland (United Kingdom)'
 56.94080 7.46695
 56.94080 7.47528
 56.94310 7.51528
 56.94420 7.53055
 56.94940 7.55486
 56.95790 7.56028
 56.96640 7.55361
 57.05500 7.44264
 57.04260 7.41666
 56.98040 7.37708
 56.94390 7.43695
 56.94080 7.46695
1317 14 58.73000 58.83888 2.87722 3.03208 'Scotland (United Kingdom)'
 58.73000 2.93945
 58.73060 2.94805
 58.73470 2.95778
 58.74190 2.97055
 58.75030 2.98000
 58.82120 3.03208
 58.83240 3.00722
 58.83530 2.97472
 58.83890 2.91611
 58.83760 2.89666
 58.83190 2.88639
 58.82220 2.87722
 58.73290 2.91611
 58.73000 2.93945
1324 753 49.95527 55.80611 -1.74945 5.71681 'England (United Kingdom)'
 50.66750 4.74361
 50.68830 4.70084
 50.71530 4.65139
 50.77620 4.56139
 50.78530 4.55361
 50.80250 4.54945
 50.82070 4.54736
 50.85950 4.54743
 50.92690 4.54334
 51.01420 4.52132
 51.01420 4.47445
 51.00960 4.42736
 51.00280 4.41195
 50.99110 4.37639
 50.98940 4.35778
 50.99060 4.33945
 50.99530 4.32472
 51.00420 4.30361
 51.04660 4.23702
 51.07240 4.21028
 51.11050 4.22028
 51.18780 4.22805
 51.19580 4.20861
 51.19830 4.19861
 51.21220 4.11666
 51.21390 4.07166
 51.21690 3.98472
 51.22420 3.88389
 51.23920 3.79250
 51.23000 3.70028
 51.21800 3.63222
 51.21670 3.61861
 51.22180 3.59222
 51.23030 3.57014
 51.22330 3.50722
 51.20640 3.43729
 51.19060 3.42000
 51.18440 3.40861
 51.18140 3.39361
 51.18110 3.37028
 51.18110 3.30139
 51.20610 3.02834
 51.25630 3.01278
 51.27280 3.01334
 51.30720 3.00695
 51.37500 2.96000
 51.44470 2.85278
 51.48920 2.77055
 51.56390 2.65334
 51.57890 2.63945
 51.65720 2.55305
 51.72440 2.47166
 51.73170 2.45486
 51.73690 2.42889
 51.74040 2.40389
 51.74670 2.38834
 51.76170 2.38000
 51.77510 2.39278
 51.74670 2.46055
 51.67780 2.57889
 51.64420 2.62916
 51.61500 2.66500
 51.62750 2.67166
 51.65420 2.68361
 51.71890 2.68666
 51.76960 2.68334
 51.79280 2.67111
 51.80040 2.66361
 51.81810 2.65945
 51.82580 2.67000
 51.88580 2.77861
 51.92890 2.86639
 51.92970 2.88000
 51.92440 2.89986
 51.91570 2.91757
 51.90670 2.94389
 51.90890 2.95903
 51.92560 2.98889
 51.97640 3.04528
 52.01930 3.08500
 52.06940 3.11250
 52.11800 3.12222
 52.13810 3.09695
 52.14800 3.07555
 52.15790 3.11000
 52.16790 3.11250
 52.17890 3.10305
 52.23350 3.05125
 52.28140 2.99750
 52.33120 2.95486
 52.34420 2.96347
 52.34640 2.97903
 52.34390 2.99945
 52.34140 3.00972
 52.34030 3.02195
 52.34140 3.05722
 52.34500 3.06778
 52.41030 3.19611
 52.42360 3.21097
 52.43510 3.21500
 52.44860 3.21500
 52.46720 3.19514
 52.49190 3.11916
 52.49440 3.10861
 52.49590 3.07678
 52.49580 3.04278
 52.49790 3.02736
 52.51790 2.99347
 52.53080 2.98028
 52.54740 2.97799
 52.56900 3.00792
 52.56820 3.01861
 52.55700 3.07089
 52.58670 3.11750
 52.63530 3.06666
 52.71170 3.01111
 52.77030 3.06805
 52.79310 3.13708
 52.80810 3.15084
 52.82320 3.15542
 52.88490 3.13014
 52.91610 3.08639
 52.94690 3.01334
 52.95360 2.99389
 52.95430 2.97834
 52.94170 2.86555
 52.93870 2.85069
 52.93110 2.83611
 52.92030 2.82305
 52.91330 2.81278
 52.90210 2.79278
 52.89890 2.78028
 52.91900 2.71945
 52.94210 2.71666
 52.96870 2.73109
 52.97860 2.75334
 52.98250 2.76334
 52.98510 2.77792
 52.98330 2.80000
 52.98690 2.81611
 53.03250 2.85695
 53.10420 2.89389
 53.17010 2.91069
 53.18310 2.91042
 53.21560 2.95528
 53.22250 2.96695
 53.23940 3.00139
 53.24720 3.02000
 53.25110 3.03722
 53.26000 3.08860
 53.26850 3.08257
 53.32500 3.12611
 53.34830 3.15416
 53.35710 3.16695
 53.36280 3.17639
 53.37780 3.18889
 53.38830 3.18972
 53.39610 3.18028
 53.40030 3.17084
 53.40940 3.07248
 53.41020 3.05814
 53.40360 3.04364
 53.38190 3.02889
 53.36720 2.98945
 53.31060 2.94250
 53.30220 2.92829
 53.28920 2.89972
 53.28530 2.88250
 53.28280 2.86222
 53.29250 2.77639
 53.30430 2.75319
 53.35060 2.70493
 53.35250 2.71750
 53.33930 2.76945
 53.33280 2.77778
 53.32080 2.85736
 53.32570 2.87834
 53.36030 2.95389
 53.36780 2.96389
 53.41740 3.00678
 53.42510 3.01328
 53.55990 3.10563
 53.57640 3.09361
 53.59810 3.07305
 53.69380 2.97729
 53.70810 2.94222
 53.72500 2.89979
 53.73240 2.90722
 53.73440 2.92445
 53.73470 2.93945
 53.73360 2.96611
 53.73280 2.99278
 53.73500 3.00639
 53.73970 3.02166
 53.74940 3.03708
 53.76740 3.05278
 53.78490 3.05889
 53.79750 3.05972
 53.90760 3.05264
 53.91870 3.04347
 53.92610 3.02500
 53.95060 2.93250
 53.99890 2.89695
 54.08500 2.83361
 54.14280 2.81750
 54.22280 2.81361
 54.15330 2.93097
 54.08190 3.15222
 54.09560 3.21472
 54.10100 3.23000
 54.24440 3.38055
 54.28010 3.41055
 54.29110 3.41222
 54.34810 3.43389
 54.37860 3.46611
 54.40330 3.49305
 54.42610 3.52472
 54.44830 3.55695
 54.48860 3.61305
 54.51220 3.63264
 54.64250 3.56916
 54.81560 3.42916
 54.87640 3.39166
 54.88440 3.38111
 54.93790 3.28931
 54.94140 3.27000
 54.94940 3.20861
 54.94670 3.18813
 54.94060 3.17889
 54.93140 3.13292
 54.93390 3.10334
 54.94750 3.02569
 54.97290 3.02708
 54.97890 3.04139
 54.97990 3.05103
 54.99440 3.04889
 55.05230 3.03069
 55.05220 3.01500
 55.04610 2.99916
 55.04000 2.97778
 55.03890 2.96278
 55.04060 2.95055
 55.17720 2.69945
 55.21890 2.65361
 55.25500 2.63055
 55.30190 2.56084
 55.34500 2.49666
 55.36110 2.46305
 55.39580 2.33472
 55.42280 2.22722
 55.42780 2.21236
 55.44220 2.19611
 55.45990 2.18278
 55.50580 2.21528
 55.57530 2.27416
 55.64470 2.27916
 55.64560 2.26611
 55.64860 2.24834
 55.65190 2.23861
 55.66500 2.22000
 55.76090 2.08703
 55.78050 2.08361
 55.79440 2.08028
 55.80500 2.02945
 55.80610 2.02166
 55.79500 2.01361
 55.78030 2.00084
 55.75420 1.97681
 55.65720 1.85139
 55.63310 1.81764
 55.63110 1.80500
 55.63690 1.79472
 55.62500 1.74695
 55.60560 1.69000
 55.58190 1.63597
 55.48360 1.58097
 55.41530 1.57445
 55.40000 1.58250
 55.38530 1.59743
 55.28720 1.56584
 55.16420 1.52055
 55.14970 1.51500
 55.08620 1.48292
 54.99940 1.41278
 54.97640 1.38139
 54.92780 1.36500
 54.87140 1.34555
 54.77140 1.30445
 54.76360 1.29750
 54.64970 1.16528
 54.61720 1.06139
 54.61310 1.04389
 54.57030 0.87584
 54.48000 0.56472
 54.44750 0.51847
 54.37690 0.45750
 54.35030 0.43611
 54.33220 0.42166
 54.27280 0.39334
 54.26750 0.39347
 54.25560 0.38195
 54.17440 0.26250
 54.15170 0.20053
 54.14140 0.15166
 54.13220 0.11695
 54.11340 0.07931
 54.09830 0.11250
 54.09490 0.13875
 54.08810 0.16111
 54.08170 0.17389
 54.05150 0.20569
 54.03120 0.21458
 54.01870 0.21555
 54.00830 0.21222
 53.91850 0.16916
 53.86390 0.12750
 53.85060 0.11278
 53.83970 0.09945
 53.80310 0.05389
 53.76860 0.01305
 53.70390 -0.06264
 53.64530 -0.12639
 53.62720 -0.14111
 53.61470 -0.14944
 53.60280 -0.15389
 53.58850 -0.14944
 53.58060 -0.14208
 53.56680 -0.11604
 53.57560 -0.12334
 53.59360 -0.13771
 53.60830 -0.13055
 53.61920 -0.10916
 53.62670 -0.08916
 53.63330 -0.06750
 53.63920 -0.04416
 53.64000 -0.02972
 53.63900 -0.01403
 53.63550 -0.00000
 53.62550 0.03472
 53.62310 0.05166
 53.62290 0.07514
 53.62440 0.08555
 53.63170 0.10584
 53.64140 0.12972
 53.64800 0.14195
 53.67530 0.17166
 53.72170 0.23139
 53.72970 0.24945
 53.73550 0.27250
 53.73670 0.29389
 53.73060 0.35728
 53.72660 0.38095
 53.71760 0.42261
 53.70610 0.54916
 53.71140 0.56500
 53.72420 0.58195
 53.72970 0.60584
 53.73000 0.61972
 53.72920 0.63222
 53.72530 0.65445
 53.71750 0.67875
 53.69640 0.71653
 53.68610 0.69305
 53.68530 0.51972
 53.68640 0.50489
 53.69610 0.45789
 53.70790 0.39022
 53.71320 0.30166
 53.70860 0.28778
 53.69080 0.26445
 53.66810 0.24156
 53.65330 0.23056
 53.64440 0.22278
 53.63080 0.20722
 53.58190 0.11722
 53.57310 0.10084
 53.50970 -0.02695
 53.48640 -0.08528
 53.47440 -0.12569
 53.47530 -0.14347
 53.46000 -0.16861
 53.41690 -0.21694
 53.39940 -0.23555
 53.38060 -0.24750
 53.36780 -0.25500
 53.34640 -0.27000
 53.23470 -0.33958
 53.18720 -0.35389
 53.17640 -0.35639
 53.16080 -0.35778
 53.14400 -0.35542
 53.09240 -0.33916
 53.08320 -0.32666
 53.06690 -0.27666
 53.02810 -0.20389
 53.00920 -0.17334
 52.91720 -0.03222
 52.87990 -0.00211
 52.88080 -0.02805
 52.88920 -0.05778
 52.89100 -0.07208
 52.88970 -0.08639
 52.87750 -0.12222
 52.86860 -0.14750
 52.86250 -0.16124
 52.85210 -0.17389
 52.83780 -0.18695
 52.80690 -0.21778
 52.79620 -0.24007
 52.78030 -0.36334
 52.78140 -0.37889
 52.82400 -0.42903
 52.83290 -0.43500
 52.84560 -0.43834
 52.86570 -0.44431
 52.93430 -0.49139
 52.96620 -0.54778
 52.97610 -0.66722
 52.96640 -0.88472
 52.95780 -0.89861
 52.95260 -0.90958
 52.95080 -0.94222
 52.95000 -0.96972
 52.95110 -0.99472
 52.95280 -1.00584
 52.93890 -1.18389
 52.92750 -1.28222
 52.92170 -1.30584
 52.90970 -1.35250
 52.90250 -1.37278
 52.89360 -1.39334
 52.87470 -1.43222
 52.85440 -1.46861
 52.83750 -1.50361
 52.83140 -1.51722
 52.82530 -1.53084
 52.77110 -1.64528
 52.76420 -1.65695
 52.74810 -1.67528
 52.73670 -1.68639
 52.71580 -1.70250
 52.70610 -1.70722
 52.67670 -1.72111
 52.62020 -1.74590
 52.52910 -1.74898
 52.45580 -1.74945
 52.41140 -1.73028
 52.39310 -1.73305
 52.38170 -1.72666
 52.32630 -1.68575
 52.19530 -1.63000
 52.17810 -1.62639
 52.08390 -1.58736
 52.07640 -1.57972
 51.97000 -1.39028
 51.92870 -1.33125
 51.94360 -1.31778
 51.98550 -1.27750
 51.99250 -1.26472
 52.02360 -1.16347
 51.95080 -1.20834
 51.88100 -1.28097
 51.87410 -1.29326
 51.85240 -1.28334
 51.83920 -1.26611
 51.80890 -1.22361
 51.79800 -1.20403
 51.78970 -1.18139
 51.77690 -1.13222
 51.77330 -1.11166
 51.77060 -1.08834
 51.77060 -1.05000
 51.77420 -1.03569
 51.81080 -0.99750
 51.82530 -0.98278
 51.80580 -0.93236
 51.77360 -0.86211
 51.72670 -0.72416
 51.71850 -0.70111
 51.69160 -0.76140
 51.71170 -0.86305
 51.71690 -0.87639
 51.73460 -0.90257
 51.74040 -0.92250
 51.73650 -0.93569
 51.72560 -0.94695
 51.60920 -0.95250
 51.58140 -0.91000
 51.56110 -0.87528
 51.53560 -0.82084
 51.53000 -0.80805
 51.52420 -0.78944
 51.52190 -0.77916
 51.52140 -0.76694
 51.53220 -0.68055
 51.53680 -0.65194
 51.50310 -0.46500
 51.49810 -0.45166
 51.44820 -0.38894
 51.44690 -0.41222
 51.45560 -0.45215
 51.47120 -0.46597
 51.48010 -0.47500
 51.48440 -0.48916
 51.48810 -0.53611
 51.48810 -0.54889
 51.48780 -0.59195
 51.47080 -0.69750
 51.46540 -0.71195
 51.45420 -0.72472
 51.44040 -0.72160
 51.43610 -0.70889
 51.43540 -0.68750
 51.43920 -0.66584
 51.44040 -0.64236
 51.40600 -0.55944
 51.38760 -0.58403
 51.38300 -0.61972
 51.37750 -0.70416
 51.34070 -0.90805
 51.34560 -0.98139
 51.34780 -0.99916
 51.35190 -1.01222
 51.36190 -1.03334
 51.36720 -1.05278
 51.36920 -1.06625
 51.37860 -1.19195
 51.38780 -1.38555
 51.33110 -1.42750
 51.20110 -1.41111
 51.18390 -1.40764
 51.16390 -1.39834
 51.15420 -1.39028
 51.13580 -1.36889
 51.12760 -1.35584
 51.10170 -1.26250
 51.10080 -1.23195
 51.09970 -1.22055
 51.07360 -1.10028
 51.06860 -1.08695
 51.04940 -1.04555
 51.04080 -1.03000
 51.01900 -0.99778
 51.00720 -0.98611
 50.99670 -0.97889
 50.98110 -0.97125
 50.96830 -0.96805
 50.94530 -0.97000
 50.93190 -0.97500
 50.92560 -0.85666
 50.93440 -0.81416
 50.93610 -0.79334
 50.93560 -0.78139
 50.90500 -0.71639
 50.89780 -0.70584
 50.87680 -0.67889
 50.86940 -0.66222
 50.84780 -0.56722
 50.83810 -0.49861
 50.83390 -0.45278
 50.83110 -0.43084
 50.82440 -0.40055
 50.81640 -0.37195
 50.80860 -0.34945
 50.78050 -0.30722
 50.77330 -0.29639
 50.76500 -0.28695
 50.74870 -0.27403
 50.74140 -0.26361
 50.73860 -0.25389
 50.73810 -0.24222
 50.73940 -0.22778
 50.74170 -0.21528
 50.75940 -0.12334
 50.76780 -0.09834
 50.78080 -0.05695
 50.81030 0.09445
 50.81830 0.13806
 50.82140 0.15695
 50.82580 0.19084
 50.82670 0.20611
 50.82640 0.25500
 50.79530 0.57722
 50.78720 0.63750
 50.78110 0.67528
 50.77390 0.71139
 50.76580 0.74611
 50.74970 0.76736
 50.73900 0.76792
 50.72720 0.78187
 50.72620 0.79945
 50.77400 0.90826
 50.79040 0.89250
 50.79960 0.86584
 50.80890 0.87195
 50.83970 0.92842
 50.84080 0.93916
 50.84580 1.09445
 50.84080 1.15889
 50.83110 1.14666
 50.80690 1.11695
 50.78310 1.13160
 50.77790 1.14431
 50.79140 1.33139
 50.77080 1.40805
 50.72420 1.59278
 50.72970 1.61416
 50.73790 1.66799
 50.73890 1.68445
 50.73690 1.70139
 50.72310 1.81639
 50.71280 1.93416
 50.71500 2.00945
 50.72000 2.02403
 50.73150 2.03493
 50.71430 2.06681
 50.69660 2.08007
 50.67030 1.97472
 50.66540 1.95441
 50.63940 1.93555
 50.59670 1.96437
 50.58570 2.05445
 50.60720 2.12195
 50.61330 2.13389
 50.61690 2.14472
 50.62610 2.19722
 50.64170 2.39097
 50.63500 2.43111
 50.62640 2.44666
 50.59420 2.46597
 50.58390 2.46584
 50.57500 2.45861
 50.56000 2.42472
 50.54180 2.43445
 50.54890 2.45523
 50.56170 2.45824
 50.59570 2.49460
 50.63220 2.56305
 50.67330 2.66195
 50.68690 2.70055
 50.69330 2.72111
 50.70860 2.77139
 50.72030 2.82305
 50.72830 2.86389
 50.73110 2.88278
 50.73330 2.90695
 50.73120 2.92750
 50.72330 2.94445
 50.71280 2.95945
 50.70640 2.97805
 50.69220 3.09445
 50.68830 3.17347
 50.67440 3.24416
 50.67190 3.25416
 50.61610 3.41139
 50.60500 3.43722
 50.58790 3.46181
 50.54640 3.49416
 50.53580 3.50028
 50.43830 3.55139
 50.42560 3.55334
 50.23110 3.65195
 50.22030 3.67500
 50.20970 3.70666
 50.20670 3.71666
 50.20640 3.72889
 50.21220 3.78945
 50.21420 3.80305
 50.21720 3.81334
 50.22970 3.83653
 50.23810 3.84500
 50.25170 3.85195
 50.28140 3.87764
 50.31350 3.94389
 50.31560 3.95528
 50.31390 3.97584
 50.31140 3.98555
 50.30360 4.00834
 50.29640 4.01847
 50.29290 4.03084
 50.29790 4.05708
 50.33030 4.11139
 50.37030 4.16555
 50.37780 4.17500
 50.36390 4.38000
 50.35140 4.42972
 50.34440 4.44098
 50.33550 4.45208
 50.32920 4.46639
 50.32580 4.48278
 50.32250 4.51055
 50.32220 4.54334
 50.32360 4.64528
 50.32580 4.67861
 50.31140 4.76250
 50.23170 4.85750
 50.19330 4.95278
 50.17110 5.04805
 50.13920 5.05945
 50.08170 5.07090
 50.06010 5.05416
 50.04610 5.05750
 50.03750 5.06555
 50.02280 5.08611
 50.00320 5.16070
 49.97960 5.17889
 49.95530 5.19305
 49.95670 5.20084
 49.97330 5.22861
 49.98110 5.23750
 50.00510 5.25674
 50.02530 5.25215
 50.05970 5.27666
 50.06940 5.28972
 50.09140 5.33361
 50.12500 5.47055
 50.12710 5.48597
 50.12610 5.50111
 50.12390 5.51139
 50.11570 5.53416
 50.10390 5.54166
 50.08460 5.53792
 50.07050 5.54166
 50.05710 5.55555
 50.05110 5.56722
 50.04780 5.58278
 50.03630 5.66174
 50.03860 5.67778
 50.04190 5.68750
 50.06080 5.71681
 50.12920 5.71000
 50.15510 5.69195
 50.20530 5.54639
 50.21420 5.51166
 50.21690 5.49584
 50.21420 5.48125
 50.20060 5.46924
 50.19330 5.43195
 50.27390 5.26805
 50.34370 5.15208
 50.42750 5.04729
 50.47270 5.02569
 50.49810 5.03916
 50.54260 5.01750
 50.57720 4.91584
 50.57890 4.89750
 50.57890 4.87389
 50.58940 4.80139
 50.59360 4.78361
 50.60190 4.77166
 50.61470 4.76166
 50.64140 4.75166
 50.66750 4.74361
1325 20 50.57889 50.77166 1.05972 1.56958 'England (United Kingdom)'
 50.57890 1.28250
 50.61860 1.36750
 50.66080 1.47305
 50.66790 1.49639
 50.66890 1.51222
 50.66750 1.52334
 50.66360 1.53805
 50.65900 1.56958
 50.67530 1.55084
 50.69530 1.52334
 50.77110 1.30889
 50.77170 1.29416
 50.73640 1.11597
 50.72060 1.09389
 50.68750 1.05972
 50.60190 1.16834
 50.59360 1.19139
 50.58720 1.21528
 50.58250 1.24166
 50.57890 1.28250
1326 17 51.35722 51.44472 -0.94618 -0.73792 'England (United Kingdom)'
 51.35720 -0.89916
 51.35830 -0.88528
 51.37000 -0.78431
 51.37830 -0.76278
 51.39440 -0.74528
 51.40430 -0.73792
 51.42970 -0.74055
 51.44360 -0.74889
 51.44470 -0.76028
 51.44000 -0.79111
 51.42140 -0.89222
 51.41790 -0.90653
 51.39620 -0.93361
 51.38500 -0.94389
 51.37340 -0.94618
 51.35810 -0.90472
 51.35720 -0.89916
1327 173 54.02764 55.23916 5.43132 8.17166 'Northern Ireland (United Kingdom)'
 54.29940 7.94139
 54.35720 8.03028
 54.36140 8.04528
 54.36640 8.05584
 54.37280 8.06555
 54.44030 8.15805
 54.46390 8.17166
 54.50720 8.04695
 54.53220 7.95084
 54.55390 7.83361
 54.59440 7.75223
 54.62690 7.77750
 54.63390 7.85236
 54.66440 7.90639
 54.67110 7.91389
 54.70050 7.92639
 54.73360 7.84305
 54.73420 7.82576
 54.71050 7.73916
 54.76280 7.55334
 54.82990 7.48284
 54.85780 7.45805
 54.88250 7.44389
 54.95330 7.40639
 55.04530 7.32639
 55.07060 7.25251
 55.04680 7.25305
 55.03690 7.09500
 55.03920 7.06889
 55.04680 7.05139
 55.06190 7.02916
 55.07030 7.01972
 55.11030 6.99416
 55.15610 6.96695
 55.16780 6.88972
 55.16810 6.82472
 55.18030 6.73028
 55.20720 6.61334
 55.23310 6.51555
 55.23920 6.37639
 55.23780 6.35334
 55.21190 6.25500
 55.21860 6.16834
 55.22070 6.14584
 55.20940 6.10125
 55.19150 6.06375
 55.15460 6.03445
 55.10280 6.04250
 55.08720 6.04945
 55.05780 6.03611
 54.89610 5.84445
 54.85140 5.79139
 54.85530 5.77875
 54.85360 5.74695
 54.84930 5.73416
 54.83170 5.70931
 54.80920 5.69042
 54.76340 5.68775
 54.75040 5.69486
 54.73920 5.71111
 54.72450 5.74672
 54.72410 5.76705
 54.71970 5.78584
 54.70970 5.81903
 54.68970 5.86681
 54.68250 5.87805
 54.67310 5.88986
 54.63180 5.92445
 54.60230 5.90243
 54.60650 5.88257
 54.61970 5.87472
 54.63750 5.85584
 54.65550 5.81639
 54.66140 5.80305
 54.67380 5.73674
 54.67940 5.62916
 54.67920 5.59916
 54.67720 5.57431
 54.65090 5.53521
 54.63000 5.52778
 54.53640 5.47945
 54.48600 5.43132
 54.45850 5.43584
 54.38560 5.46111
 54.36440 5.50672
 54.36910 5.51772
 54.40530 5.54643
 54.41750 5.54397
 54.42680 5.53222
 54.44900 5.54215
 54.47690 5.54361
 54.50080 5.55097
 54.51740 5.56070
 54.52440 5.56805
 54.54190 5.59972
 54.55920 5.63945
 54.56640 5.65916
 54.57310 5.68055
 54.57260 5.69813
 54.53360 5.70472
 54.52240 5.67361
 54.49270 5.64502
 54.37700 5.57334
 54.36690 5.56817
 54.34380 5.56200
 54.29080 5.55916
 54.28310 5.56222
 54.26500 5.58666
 54.24970 5.60834
 54.22700 5.65555
 54.23500 5.66695
 54.24470 5.69208
 54.24750 5.73055
 54.24810 5.74611
 54.23960 5.82500
 54.22600 5.85973
 54.20920 5.87347
 54.19750 5.87195
 54.18580 5.86542
 54.16690 5.86458
 54.11640 5.88500
 54.09680 5.90000
 54.08580 5.92028
 54.06390 5.96834
 54.03140 6.04389
 54.02760 6.07139
 54.02830 6.08195
 54.03640 6.10834
 54.07220 6.17403
 54.09040 6.18903
 54.09600 6.19972
 54.09980 6.26697
 54.10400 6.27153
 54.10860 6.28861
 54.11560 6.33889
 54.11420 6.35361
 54.10400 6.36521
 54.05830 6.44750
 54.05080 6.56750
 54.04440 6.60584
 54.04220 6.60805
 54.03720 6.62000
 54.04220 6.62875
 54.06530 6.65555
 54.18360 6.73473
 54.28970 6.85111
 54.34210 6.87305
 54.37360 6.91722
 54.37920 6.92695
 54.40170 6.97445
 54.41720 7.02945
 54.41000 7.05834
 54.33670 7.16084
 54.28920 7.17555
 54.25650 7.14347
 54.22530 7.14584
 54.12350 7.28389
 54.11250 7.31334
 54.11310 7.33028
 54.12690 7.55945
 54.14250 7.61000
 54.14750 7.62181
 54.16370 7.62486
 54.20250 7.69972
 54.20030 7.74778
 54.19920 7.81805
 54.21220 7.85139
 54.21800 7.86195
 54.22760 7.86834
 54.25310 7.86945
 54.28500 7.87576
 54.29420 7.90028
 54.29940 7.94139
1328 263 51.37861 53.34722 2.65945 5.25889 'Wales (United Kingdom)'
 51.62030 5.05139
 51.66860 5.02128
 51.67580 4.97061
 51.69690 4.90500
 51.69940 4.89416
 51.71330 4.86111
 51.72280 4.86722
 51.74670 4.88445
 51.72870 4.89028
 51.71850 4.89597
 51.71250 4.90875
 51.70350 5.00739
 51.70500 5.06505
 51.70890 5.19111
 51.72310 5.22861
 51.73030 5.24695
 51.76220 5.16111
 51.76530 5.14819
 51.76530 5.12416
 51.76750 5.11000
 51.77900 5.10257
 51.83330 5.11528
 51.84720 5.12097
 51.85640 5.13166
 51.86960 5.18500
 51.87060 5.21334
 51.87060 5.25889
 51.91640 5.23916
 51.96060 5.09945
 51.97690 5.08069
 51.99610 5.07666
 52.01390 4.84445
 52.01620 4.83028
 52.06440 4.76778
 52.07310 4.75916
 52.09030 4.74611
 52.10360 4.73695
 52.11310 4.72278
 52.13030 4.66945
 52.13440 4.64403
 52.13420 4.62666
 52.13170 4.59055
 52.13080 4.52722
 52.13710 4.49764
 52.22250 4.29195
 52.24890 4.23166
 52.27640 4.19361
 52.32030 4.14305
 52.33470 4.13084
 52.38580 4.09666
 52.39780 4.09195
 52.48580 4.05972
 52.50610 4.06111
 52.55330 4.08055
 52.60370 4.12597
 52.65080 4.10639
 52.71670 4.05334
 52.72420 4.06334
 52.77780 4.13055
 52.80040 4.14834
 52.87890 4.13569
 52.88720 4.12986
 52.89440 4.11834
 52.91440 4.13361
 52.91500 4.23334
 52.90500 4.31292
 52.88470 4.41416
 52.87250 4.44055
 52.85500 4.47722
 52.82940 4.50028
 52.79310 4.53945
 52.78140 4.72778
 52.78120 4.74416
 52.78730 4.75849
 52.80690 4.75223
 52.81940 4.74111
 52.83610 4.72195
 52.88690 4.65111
 52.90920 4.61889
 52.92390 4.58611
 52.92890 4.55278
 52.93050 4.54028
 52.93580 4.52666
 52.94610 4.50584
 52.97030 4.46250
 53.02890 4.36097
 53.03810 4.35264
 53.06510 4.34458
 53.11220 4.33028
 53.20610 4.19639
 53.22560 4.15334
 53.22970 4.13458
 53.22750 4.10528
 53.22640 4.06639
 53.23750 4.01861
 53.24190 4.00305
 53.28440 3.85445
 53.28940 3.73014
 53.28560 3.69250
 53.27940 3.60986
 53.28220 3.58945
 53.32050 3.46166
 53.34360 3.38805
 53.34610 3.36278
 53.34720 3.33639
 53.34690 3.31889
 53.29750 3.21166
 53.25560 3.12597
 53.24780 3.10222
 53.26000 3.08860
 53.25110 3.03722
 53.24720 3.02000
 53.23940 3.00139
 53.22250 2.96695
 53.21560 2.95528
 53.18310 2.91042
 53.17010 2.91069
 53.10420 2.89389
 53.03250 2.85695
 52.98690 2.81611
 52.98330 2.80000
 52.98510 2.77792
 52.98250 2.76334
 52.97860 2.75334
 52.96870 2.73109
 52.94210 2.71666
 52.91900 2.71945
 52.89890 2.78028
 52.90210 2.79278
 52.91330 2.81278
 52.92030 2.82305
 52.93110 2.83611
 52.93870 2.85069
 52.94170 2.86555
 52.95430 2.97834
 52.95360 2.99389
 52.94690 3.01334
 52.91610 3.08639
 52.88490 3.13014
 52.82320 3.15542
 52.80810 3.15084
 52.79310 3.13708
 52.77030 3.06805
 52.71170 3.01111
 52.63530 3.06666
 52.58670 3.11750
 52.55700 3.07089
 52.56820 3.01861
 52.56900 3.00792
 52.54740 2.97799
 52.53080 2.98028
 52.51790 2.99347
 52.49790 3.02736
 52.49580 3.04278
 52.49590 3.07678
 52.49440 3.10861
 52.49190 3.11916
 52.46720 3.19514
 52.44860 3.21500
 52.43510 3.21500
 52.42360 3.21097
 52.41030 3.19611
 52.34500 3.06778
 52.34140 3.05722
 52.34030 3.02195
 52.34140 3.00972
 52.34390 2.99945
 52.34640 2.97903
 52.34420 2.96347
 52.33120 2.95486
 52.28140 2.99750
 52.23350 3.05125
 52.17890 3.10305
 52.16790 3.11250
 52.15790 3.11000
 52.14800 3.07555
 52.13810 3.09695
 52.11800 3.12222
 52.06940 3.11250
 52.01930 3.08500
 51.97640 3.04528
 51.92560 2.98889
 51.90890 2.95903
 51.90670 2.94389
 51.91570 2.91757
 51.92440 2.89986
 51.92970 2.88000
 51.92890 2.86639
 51.88580 2.77861
 51.82580 2.67000
 51.81810 2.65945
 51.80040 2.66361
 51.79280 2.67111
 51.76960 2.68334
 51.71890 2.68666
 51.65420 2.68361
 51.62750 2.67166
 51.61500 2.66500
 51.60690 2.67472
 51.58940 2.69889
 51.58080 2.71472
 51.54500 2.84778
 51.53860 2.89278
 51.53780 2.91889
 51.53970 2.95472
 51.54170 2.96639
 51.52530 3.02111
 51.48750 3.11875
 51.47890 3.12778
 51.45300 3.15166
 51.43050 3.15889
 51.40910 3.16458
 51.39740 3.18111
 51.38010 3.27097
 51.37860 3.34611
 51.37860 3.35945
 51.37970 3.40334
 51.38060 3.41639
 51.38470 3.45111
 51.39000 3.48861
 51.39780 3.54250
 51.40550 3.56028
 51.47390 3.67195
 51.52930 3.75160
 51.54440 3.76111
 51.56750 3.78166
 51.62000 3.83792
 51.61280 3.94972
 51.60970 3.96555
 51.53530 4.20486
 51.53280 4.21723
 51.54080 4.24278
 51.55670 4.27778
 51.60740 4.29208
 51.62860 4.25055
 51.63300 4.23195
 51.62670 4.21139
 51.62240 4.17750
 51.62330 4.16250
 51.63420 4.11639
 51.64740 4.07653
 51.66800 4.06615
 51.67720 4.07472
 51.67920 4.19750
 51.67690 4.26222
 51.73720 4.43611
 51.73420 4.57445
 51.72890 4.62834
 51.72670 4.64584
 51.72070 4.67153
 51.70990 4.68431
 51.68940 4.68666
 51.66670 4.69028
 51.64960 4.71097
 51.63340 4.79063
 51.64050 4.80722
 51.64530 4.83569
 51.64010 4.86416
 51.62690 4.89028
 51.59420 4.94139
 51.60640 5.00528
 51.61670 5.04250
 51.62030 5.05139
1329 24 53.12445 53.42500 4.04653 4.56805 'Wales (United Kingdom)'
 53.12440 4.35139
 53.12580 4.40222
 53.17670 4.47889
 53.18940 4.49445
 53.27330 4.56750
 53.38970 4.56805
 53.39670 4.56000
 53.41860 4.47472
 53.42470 4.42611
 53.42500 4.41611
 53.41190 4.31389
 53.40540 4.28805
 53.39830 4.27695
 53.38860 4.27000
 53.32170 4.22222
 53.31120 4.12458
 53.31240 4.11292
 53.30550 4.06000
 53.30150 4.04653
 53.25500 4.09000
 53.24780 4.10139
 53.20030 4.21805
 53.14500 4.32555
 53.12440 4.35139
