3031 199 38.84115 41.29705 -46.62054 -43.45416 'Armenia (Armenia)'
 38.87560 -46.54040
 38.87800 -46.51640
 38.89000 -46.45190
 38.90690 -46.37640
 38.91000 -46.35110
 38.89580 -46.29470
 38.88230 -46.26860
 38.86680 -46.24500
 38.84410 -46.19550
 38.84110 -46.17820
 38.91000 -46.12360
 38.93610 -46.10720
 39.17460 -45.96870
 39.19780 -45.96940
 39.22300 -45.98610
 39.24900 -46.00560
 39.27540 -45.98510
 39.34800 -45.85560
 39.44630 -45.82890
 39.54920 -45.81940
 39.56550 -45.79190
 39.57920 -45.73840
 39.56000 -45.62670
 39.55170 -45.59920
 39.53390 -45.55830
 39.51720 -45.52830
 39.50440 -45.50240
 39.49400 -45.46500
 39.53900 -45.32690
 39.61110 -45.26640
 39.77230 -45.07550
 39.77920 -45.04710
 39.76990 -45.02110
 39.75190 -44.99870
 39.72940 -44.96050
 39.71980 -44.92680
 39.72290 -44.88960
 39.72500 -44.85830
 39.71120 -44.79430
 39.70640 -44.77890
 39.73060 -44.74610
 39.80370 -44.64140
 39.83180 -44.59250
 39.87940 -44.56030
 39.89870 -44.55180
 39.96280 -44.48780
 40.00360 -44.39920
 40.02220 -44.35170
 40.04610 -44.28260
 40.01030 -44.04430
 40.01080 -43.97140
 40.01360 -43.93390
 40.01860 -43.91250
 40.10320 -43.66840
 40.12490 -43.64880
 40.14620 -43.66850
 40.15720 -43.71540
 40.27440 -43.66170
 40.36890 -43.60690
 40.45110 -43.58310
 40.50110 -43.59280
 40.53140 -43.65300
 40.62090 -43.71790
 40.66670 -43.74140
 40.74500 -43.75040
 40.77030 -43.74250
 40.92650 -43.67250
 40.99330 -43.59520
 40.99670 -43.56600
 41.02280 -43.48390
 41.09490 -43.45420
 41.11300 -43.46080
 41.13500 -43.54640
 41.13550 -43.57010
 41.12970 -43.59970
 41.12300 -43.63750
 41.11360 -43.73440
 41.11260 -43.75620
 41.11870 -43.79140
 41.14550 -43.83360
 41.16010 -43.85650
 41.16540 -43.89250
 41.16410 -43.99280
 41.18190 -44.12280
 41.18500 -44.14470
 41.19690 -44.17270
 41.22360 -44.24890
 41.21250 -44.34050
 41.19220 -44.43000
 41.18780 -44.48420
 41.18530 -44.56620
 41.21220 -44.72860
 41.21250 -44.82470
 41.21310 -44.84890
 41.21660 -44.86970
 41.27030 -44.97860
 41.29710 -45.02290
 41.22330 -45.04690
 41.20150 -45.14360
 41.17300 -45.19300
 41.15970 -45.21140
 41.14000 -45.22110
 41.12080 -45.20470
 41.11500 -45.17600
 41.11820 -45.12790
 41.11360 -45.08210
 41.08040 -45.08000
 41.05970 -45.09640
 41.00100 -45.35100
 40.86660 -45.61940
 40.83600 -45.61800
 40.80050 -45.60270
 40.77750 -45.57690
 40.76310 -45.52330
 40.74220 -45.45550
 40.73370 -45.43640
 40.72000 -45.42040
 40.66370 -45.38920
 40.60800 -45.41360
 40.45690 -45.53640
 40.39110 -45.63800
 40.37580 -45.66280
 40.26750 -45.88220
 40.26450 -45.91330
 40.27210 -45.95600
 40.23080 -45.99770
 40.11850 -45.97740
 40.02390 -45.90800
 40.01400 -45.88050
 40.01610 -45.84780
 40.02000 -45.82440
 40.02440 -45.76360
 40.02610 -45.71360
 40.02580 -45.68190
 40.02170 -45.63800
 40.01440 -45.61360
 39.99740 -45.59760
 39.97180 -45.60780
 39.96140 -45.70530
 39.95830 -45.72970
 39.95330 -45.75110
 39.94050 -45.77930
 39.91790 -45.79690
 39.89210 -45.80470
 39.86040 -45.82030
 39.82900 -45.85070
 39.80860 -45.88140
 39.79170 -45.91760
 39.77860 -45.96030
 39.77750 -45.98390
 39.77020 -46.00870
 39.74550 -46.03050
 39.72300 -46.04330
 39.69980 -46.05750
 39.60720 -46.18970
 39.59710 -46.20760
 39.59500 -46.24420
 39.61650 -46.30460
 39.62510 -46.32940
 39.62650 -46.35720
 39.57810 -46.52620
 39.54940 -46.54570
 39.47560 -46.51300
 39.45780 -46.44860
 39.45120 -46.40430
 39.43870 -46.38600
 39.40600 -46.38420
 39.38420 -46.39820
 39.26910 -46.55750
 39.25360 -46.58140
 39.22940 -46.62050
 39.22170 -46.62050
 39.18940 -46.54170
 39.20360 -46.49610
 39.21760 -46.45580
 39.20870 -46.42310
 39.16560 -46.42440
 39.14280 -46.45830
 39.13670 -46.47750
 39.12640 -46.49510
 39.07370 -46.51780
 39.04420 -46.52360
 39.02480 -46.51610
 38.99980 -46.50220
 38.95730 -46.49550
 38.87560 -46.54040
 41.03050 -45.02580
 41.03870 -45.04970
 41.05970 -45.05530
 41.08710 -45.02390
 41.08540 -44.99260
 41.05760 -44.98420
 41.03310 -45.01000
 41.03050 -45.02580
 40.96920 -45.22920
 40.98510 -45.24110
 40.99940 -45.20200
 40.97940 -45.20640
 40.96920 -45.22920
3032 8 40.60610 40.66421 -45.58791 -45.49194 'Armenia (Armenia)'
 40.60610 -45.52890
 40.61210 -45.50610
 40.63690 -45.49190
 40.66180 -45.50940
 40.66420 -45.56390
 40.65110 -45.58790
 40.63250 -45.57310
 40.60610 -45.52890
