0 41 7.21957 7.90356 -1.15639 -0.775282 'Amou (Togo)'
 7.40303 -0.79281
 7.41125 -0.80736
 7.43750 -0.84334
 7.57368 -0.99288
 7.59416 -0.93695
 7.61395 -0.91090
 7.64555 -0.90334
 7.70347 -0.90292
 7.72527 -0.90416
 7.77250 -0.91028
 7.81445 -0.92305
 7.84847 -0.93986
 7.86528 -0.95334
 7.88834 -1.00305
 7.89972 -1.03222
 7.90356 -1.04893
 7.77181 -1.14764
 7.75084 -1.15334
 7.71666 -1.15639
 7.69139 -1.15472
 7.65584 -1.15195
 7.60611 -1.14611
 7.57681 -1.12889
 7.55805 -1.12166
 7.50764 -1.11861
 7.47069 -1.12625
 7.45361 -1.13708
 7.43305 -1.14236
 7.30986 -1.10618
 7.27805 -1.06555
 7.21957 -0.98489
 7.23528 -0.98166
 7.26305 -0.96889
 7.28465 -0.94931
 7.29334 -0.92555
 7.29445 -0.87945
 7.29389 -0.85722
 7.29084 -0.82847
 7.29285 -0.79292
 7.36222 -0.77528
 7.40303 -0.79281
1 51 6.53445 7.40303 -0.993609 -0.525 'Kloto (Togo)'
 7.08324 -0.99119
 7.06584 -0.96139
 7.03903 -0.92625
 6.99834 -0.90500
 6.96195 -0.89472
 6.93222 -0.89125
 6.90972 -0.88945
 6.87334 -0.89000
 6.82555 -0.89222
 6.73792 -0.90208
 6.71389 -0.90222
 6.68278 -0.89861
 6.66084 -0.89195
 6.64139 -0.88278
 6.56778 -0.81458
 6.53986 -0.76611
 6.53445 -0.73584
 6.53565 -0.72467
 6.55722 -0.74389
 6.58420 -0.72836
 6.58916 -0.69084
 6.61042 -0.65972
 6.64681 -0.64334
 6.67666 -0.64722
 6.70819 -0.65069
 6.73354 -0.64382
 6.81472 -0.56903
 6.94778 -0.52500
 6.99361 -0.58931
 7.01722 -0.60875
 7.20555 -0.64000
 7.28277 -0.65222
 7.36965 -0.65295
 7.38584 -0.70139
 7.39681 -0.75222
 7.40303 -0.79281
 7.36222 -0.77528
 7.29285 -0.79292
 7.29084 -0.82847
 7.29389 -0.85722
 7.29445 -0.87945
 7.29334 -0.92555
 7.28465 -0.94931
 7.26305 -0.96889
 7.23528 -0.98166
 7.21957 -0.98489
 7.21028 -0.98416
 7.16945 -0.98722
 7.13584 -0.99236
 7.09445 -0.99361
 7.08324 -0.99119
2 63 7.08264 8.37305 -1.65542 -0.984163 'Ogou (Togo)'
 7.90356 -1.04893
 7.91722 -1.04584
 7.94416 -1.03889
 7.96242 -1.03243
 7.94958 -1.06965
 7.97486 -1.20201
 8.00125 -1.24061
 8.06361 -1.25250
 8.16375 -1.26445
 8.19181 -1.26298
 8.24000 -1.24666
 8.29861 -1.23055
 8.37305 -1.22805
 8.37250 -1.29528
 8.37139 -1.36500
 8.36711 -1.61705
 8.36028 -1.63097
 7.99861 -1.63805
 7.75986 -1.63931
 7.62819 -1.64195
 7.54778 -1.65069
 7.52977 -1.65542
 7.51389 -1.65014
 7.44305 -1.64445
 7.40967 -1.64375
 7.38195 -1.62334
 7.36555 -1.61084
 7.34416 -1.59305
 7.29916 -1.55125
 7.28805 -1.52945
 7.28055 -1.48555
 7.21111 -1.32416
 7.19722 -1.29889
 7.18653 -1.26639
 7.17916 -1.21916
 7.17958 -1.16903
 7.17389 -1.14916
 7.16084 -1.12750
 7.14416 -1.10611
 7.12250 -1.07945
 7.09555 -1.04340
 7.08264 -1.00069
 7.08324 -0.99119
 7.09445 -0.99361
 7.13584 -0.99236
 7.16945 -0.98722
 7.21028 -0.98416
 7.21957 -0.98489
 7.27805 -1.06555
 7.30986 -1.10618
 7.43305 -1.14236
 7.45361 -1.13708
 7.47069 -1.12625
 7.50764 -1.11861
 7.55805 -1.12166
 7.57681 -1.12889
 7.60611 -1.14611
 7.65584 -1.15195
 7.69139 -1.15472
 7.71666 -1.15639
 7.75084 -1.15334
 7.77181 -1.14764
 7.90356 -1.04893
3 38 7.36965 7.97986 -1.04893 -0.510554 'Wawa (Togo)'
 7.36965 -0.65295
 7.39785 -0.64264
 7.38764 -0.59834
 7.38666 -0.56826
 7.41597 -0.53653
 7.46055 -0.51055
 7.53111 -0.51278
 7.55778 -0.51416
 7.58542 -0.52125
 7.70187 -0.59319
 7.89673 -0.62293
 7.90361 -0.68584
 7.93055 -0.75389
 7.95084 -0.82500
 7.97986 -0.96625
 7.96555 -1.02305
 7.96242 -1.03243
 7.94416 -1.03889
 7.91722 -1.04584
 7.90356 -1.04893
 7.89972 -1.03222
 7.88834 -1.00305
 7.86528 -0.95334
 7.84847 -0.93986
 7.81445 -0.92305
 7.77250 -0.91028
 7.72527 -0.90416
 7.70347 -0.90292
 7.64555 -0.90334
 7.61395 -0.91090
 7.59416 -0.93695
 7.57368 -0.99288
 7.43750 -0.84334
 7.41125 -0.80736
 7.40303 -0.79281
 7.39681 -0.75222
 7.38584 -0.70139
 7.36965 -0.65295
4 43 6.16035 6.82555 -1.40594 -0.722782 'Zio (Togo)'
 6.25139 -1.40594
 6.24055 -1.40472
 6.21783 -1.39945
 6.21389 -1.39805
 6.21028 -1.35972
 6.24305 -1.23472
 6.25931 -1.21945
 6.27486 -1.19195
 6.28569 -1.14764
 6.28042 -1.12819
 6.26334 -1.11653
 6.16035 -1.09997
 6.21945 -1.06222
 6.32528 -1.00153
 6.32945 -0.90472
 6.41555 -0.78834
 6.44778 -0.75889
 6.50153 -0.72736
 6.52445 -0.72278
 6.53565 -0.72467
 6.53445 -0.73584
 6.53986 -0.76611
 6.56778 -0.81458
 6.64139 -0.88278
 6.66084 -0.89195
 6.68278 -0.89861
 6.71389 -0.90222
 6.73792 -0.90208
 6.82555 -0.89222
 6.81084 -1.08750
 6.80889 -1.12195
 6.78861 -1.14916
 6.76542 -1.17903
 6.73687 -1.20097
 6.72173 -1.24089
 6.68695 -1.24584
 6.51403 -1.30819
 6.44334 -1.35069
 6.42250 -1.36611
 6.39695 -1.36945
 6.31111 -1.38695
 6.28493 -1.39469
 6.25139 -1.40594
5 18 6.10055 6.28569 -1.40355 -1.09997 'Golfe (Togo)'
 6.10055 -1.19889
 6.11777 -1.20278
 6.16000 -1.20111
 6.16084 -1.11500
 6.16035 -1.09997
 6.26334 -1.11653
 6.28042 -1.12819
 6.28569 -1.14764
 6.27486 -1.19195
 6.25931 -1.21945
 6.24305 -1.23472
 6.21028 -1.35972
 6.21389 -1.39805
 6.20111 -1.39625
 6.16695 -1.40166
 6.16535 -1.40355
 6.13854 -1.29395
 6.10055 -1.19889
6 51 6.72173 7.40967 -1.64555 -0.889445 'Haho (Togo)'
 6.90927 -1.57703
 6.85347 -1.52639
 6.84055 -1.50681
 6.83069 -1.47972
 6.83222 -1.45834
 6.84292 -1.40861
 6.83389 -1.37584
 6.81695 -1.34861
 6.80416 -1.33084
 6.78916 -1.31195
 6.77361 -1.29278
 6.75778 -1.27555
 6.73361 -1.25139
 6.72173 -1.24089
 6.73687 -1.20097
 6.76542 -1.17903
 6.78861 -1.14916
 6.80889 -1.12195
 6.81084 -1.08750
 6.82555 -0.89222
 6.87334 -0.89000
 6.90972 -0.88945
 6.93222 -0.89125
 6.96195 -0.89472
 6.99834 -0.90500
 7.03903 -0.92625
 7.06584 -0.96139
 7.08324 -0.99119
 7.08264 -1.00069
 7.09555 -1.04340
 7.12250 -1.07945
 7.14416 -1.10611
 7.16084 -1.12750
 7.17389 -1.14916
 7.17958 -1.16903
 7.17916 -1.21916
 7.18653 -1.26639
 7.19722 -1.29889
 7.21111 -1.32416
 7.28055 -1.48555
 7.28805 -1.52945
 7.29916 -1.55125
 7.34416 -1.59305
 7.36555 -1.61084
 7.38195 -1.62334
 7.40967 -1.64375
 7.33389 -1.64555
 6.99555 -1.64250
 6.99656 -1.55388
 6.94819 -1.56236
 6.90927 -1.57703
7 36 6.16535 6.57701 -1.7978 -1.39625 'Lacs (Togo)'
 6.25139 -1.40594
 6.22639 -1.44500
 6.21403 -1.46805
 6.21027 -1.49111
 6.23610 -1.58528
 6.29722 -1.60486
 6.36611 -1.61555
 6.41028 -1.60750
 6.51500 -1.56222
 6.54014 -1.54708
 6.55023 -1.53654
 6.56445 -1.56250
 6.56945 -1.58584
 6.56340 -1.63618
 6.57067 -1.65542
 6.57701 -1.66403
 6.54916 -1.69305
 6.45666 -1.74916
 6.41486 -1.77153
 6.30834 -1.79528
 6.28025 -1.79780
 6.26972 -1.74250
 6.25959 -1.68306
 6.25028 -1.65250
 6.23514 -1.62977
 6.21872 -1.63540
 6.20611 -1.56055
 6.18639 -1.46889
 6.16777 -1.40889
 6.16535 -1.40355
 6.16695 -1.40166
 6.20111 -1.39625
 6.21389 -1.39805
 6.21783 -1.39945
 6.24055 -1.40472
 6.25139 -1.40594
8 17 6.21027 6.55023 -1.61555 -1.36611 'Vo (Togo)'
 6.25139 -1.40594
 6.28493 -1.39469
 6.31111 -1.38695
 6.39695 -1.36945
 6.42250 -1.36611
 6.53118 -1.45882
 6.55023 -1.53654
 6.54014 -1.54708
 6.51500 -1.56222
 6.41028 -1.60750
 6.36611 -1.61555
 6.29722 -1.60486
 6.23610 -1.58528
 6.21027 -1.49111
 6.21403 -1.46805
 6.22639 -1.44500
 6.25139 -1.40594
9 31 6.4225 6.90927 -1.65542 -1.24089 'Yoto (Togo)'
 6.55023 -1.53654
 6.53118 -1.45882
 6.42250 -1.36611
 6.44334 -1.35069
 6.51403 -1.30819
 6.68695 -1.24584
 6.72173 -1.24089
 6.73361 -1.25139
 6.75778 -1.27555
 6.77361 -1.29278
 6.78916 -1.31195
 6.80416 -1.33084
 6.81695 -1.34861
 6.83389 -1.37584
 6.84292 -1.40861
 6.83222 -1.45834
 6.83069 -1.47972
 6.84055 -1.50681
 6.85347 -1.52639
 6.90927 -1.57703
 6.89431 -1.60416
 6.79666 -1.60750
 6.71569 -1.59014
 6.67972 -1.57528
 6.59625 -1.61681
 6.57305 -1.64750
 6.57067 -1.65542
 6.56340 -1.63618
 6.56945 -1.58584
 6.56445 -1.56250
 6.55023 -1.53654
10 26 9.2123 9.45265 -1.43163 -0.955836 'Assoli (Togo)'
 9.21230 -1.01551
 9.22576 -1.02764
 9.27527 -1.02958
 9.32055 -0.98472
 9.33576 -0.96125
 9.37764 -0.95584
 9.45265 -0.98548
 9.41764 -1.00611
 9.40653 -1.03416
 9.41195 -1.13222
 9.43055 -1.29986
 9.44590 -1.36605
 9.42990 -1.39855
 9.38792 -1.39945
 9.34472 -1.40695
 9.31903 -1.41805
 9.30125 -1.43163
 9.28889 -1.42055
 9.27222 -1.40222
 9.25500 -1.37465
 9.21445 -1.21445
 9.21250 -1.17472
 9.21750 -1.14945
 9.22472 -1.12222
 9.22924 -1.08201
 9.21230 -1.01551
11 69 8.84249 10.0305 -1.02958 -0.217218 'Bassar (Togo)'
 9.21230 -1.01551
 9.20416 -0.99965
 9.17118 -0.98653
 9.10208 -0.98834
 9.06681 -1.00160
 9.02000 -0.95375
 9.00500 -0.88555
 9.00416 -0.87373
 9.00500 -0.86028
 9.01389 -0.81861
 9.02975 -0.78385
 9.02722 -0.71778
 8.97792 -0.64014
 8.88285 -0.59007
 8.84778 -0.53361
 8.84249 -0.51117
 8.84445 -0.51278
 8.88875 -0.52055
 8.91986 -0.51347
 9.03222 -0.44868
 9.06027 -0.45528
 9.15750 -0.50111
 9.18805 -0.51945
 9.20639 -0.52750
 9.36736 -0.55278
 9.40889 -0.55063
 9.47250 -0.50125
 9.48834 -0.46278
 9.49618 -0.42299
 9.48514 -0.35528
 9.44493 -0.33632
 9.42000 -0.28208
 9.42278 -0.24861
 9.43102 -0.22931
 9.46028 -0.21722
 9.55014 -0.22319
 9.66493 -0.25931
 9.76222 -0.32445
 10.03028 -0.35618
 10.03049 -0.40023
 9.99472 -0.42250
 9.94334 -0.46805
 9.87611 -0.55389
 9.87889 -0.58035
 9.88805 -0.63653
 9.88222 -0.67555
 9.87348 -0.67978
 9.85542 -0.68441
 9.85205 -0.74653
 9.89195 -0.76805
 9.88778 -0.79778
 9.86792 -0.83750
 9.85222 -0.84861
 9.81778 -0.84639
 9.70681 -0.86042
 9.67834 -0.87653
 9.64524 -0.91641
 9.62586 -0.92528
 9.60410 -0.98201
 9.59455 -1.00833
 9.52889 -1.00653
 9.46625 -0.99458
 9.45265 -0.98548
 9.37764 -0.95584
 9.33576 -0.96125
 9.32055 -0.98472
 9.27527 -1.02958
 9.22576 -1.02764
 9.21230 -1.01551
12 32 9.40653 9.77081 -1.39855 -0.916409 'Kozah (Togo)'
 9.48135 -1.36425
 9.48625 -1.38993
 9.42990 -1.39855
 9.44590 -1.36605
 9.43055 -1.29986
 9.41195 -1.13222
 9.40653 -1.03416
 9.41764 -1.00611
 9.45265 -0.98548
 9.46625 -0.99458
 9.52889 -1.00653
 9.59455 -1.00833
 9.60410 -0.98201
 9.62586 -0.92528
 9.64524 -0.91641
 9.63903 -0.99292
 9.64500 -1.03500
 9.66458 -1.10028
 9.69416 -1.15055
 9.73972 -1.18972
 9.76403 -1.20778
 9.77081 -1.21111
 9.76069 -1.22916
 9.66076 -1.30458
 9.63445 -1.30389
 9.60389 -1.29750
 9.58111 -1.29000
 9.53965 -1.27132
 9.51472 -1.28805
 9.48889 -1.33625
 9.48139 -1.35695
 9.48135 -1.36425
13 29 8.36711 9.28042 -1.62666 -1.22472 'Nyala (Togo)'
 8.58728 -1.62540
 8.42528 -1.62416
 8.36711 -1.61705
 8.37139 -1.36500
 8.37250 -1.29528
 8.37305 -1.22805
 8.40750 -1.22472
 8.51250 -1.22722
 8.62861 -1.24972
 8.65055 -1.25445
 8.67271 -1.25785
 8.68142 -1.24929
 8.68958 -1.24563
 8.85639 -1.31195
 8.93292 -1.35986
 8.98722 -1.37861
 9.13048 -1.40972
 9.18604 -1.39666
 9.27569 -1.44764
 9.28042 -1.45245
 9.22834 -1.49361
 9.21084 -1.51055
 9.18965 -1.54000
 9.16792 -1.56861
 9.09916 -1.60597
 9.03424 -1.61972
 8.84695 -1.62666
 8.72666 -1.62611
 8.58728 -1.62540
14 51 7.89673 9.02975 -1.26445 -0.382736 'Sotouboua (Togo)'
 7.96242 -1.03243
 7.96555 -1.02305
 7.97986 -0.96625
 7.95084 -0.82500
 7.93055 -0.75389
 7.90361 -0.68584
 7.89673 -0.62293
 8.09472 -0.59750
 8.21611 -0.61166
 8.23750 -0.63834
 8.25375 -0.66695
 8.27305 -0.70445
 8.29521 -0.72861
 8.32375 -0.72625
 8.38861 -0.69889
 8.47305 -0.64986
 8.49347 -0.63222
 8.55555 -0.53834
 8.59555 -0.47007
 8.69055 -0.41236
 8.73847 -0.38847
 8.76075 -0.38274
 8.79583 -0.48868
 8.84249 -0.51117
 8.84778 -0.53361
 8.88285 -0.59007
 8.97792 -0.64014
 9.02722 -0.71778
 9.02975 -0.78385
 9.01389 -0.81861
 9.00500 -0.86028
 9.00416 -0.87373
 8.91027 -0.92166
 8.81500 -0.98416
 8.74750 -1.06334
 8.68142 -1.24929
 8.67271 -1.25785
 8.65055 -1.25445
 8.62861 -1.24972
 8.51250 -1.22722
 8.40750 -1.22472
 8.37305 -1.22805
 8.29861 -1.23055
 8.24000 -1.24666
 8.19181 -1.26298
 8.16375 -1.26445
 8.06361 -1.25250
 8.00125 -1.24061
 7.97486 -1.20201
 7.94958 -1.06965
 7.96242 -1.03243
15 30 8.68142 9.30125 -1.45245 -0.873727 'Tchaoudjo (Togo)'
 9.28042 -1.45245
 9.27569 -1.44764
 9.18604 -1.39666
 9.13048 -1.40972
 8.98722 -1.37861
 8.93292 -1.35986
 8.85639 -1.31195
 8.68958 -1.24563
 8.68142 -1.24929
 8.74750 -1.06334
 8.81500 -0.98416
 8.91027 -0.92166
 9.00416 -0.87373
 9.00500 -0.88555
 9.02000 -0.95375
 9.06681 -1.00160
 9.10208 -0.98834
 9.17118 -0.98653
 9.20416 -0.99965
 9.21230 -1.01551
 9.22924 -1.08201
 9.22472 -1.12222
 9.21750 -1.14945
 9.21250 -1.17472
 9.21445 -1.21445
 9.25500 -1.37465
 9.27222 -1.40222
 9.28889 -1.42055
 9.30125 -1.43163
 9.28042 -1.45245
16 20 9.48135 9.91472 -1.37 -1.21111 'Binah (Togo)'
 9.77081 -1.21111
 9.84222 -1.24611
 9.86500 -1.26542
 9.89250 -1.30708
 9.91472 -1.35889
 9.63639 -1.37000
 9.59666 -1.36834
 9.54250 -1.33750
 9.48555 -1.36111
 9.48135 -1.36425
 9.48139 -1.35695
 9.48889 -1.33625
 9.51472 -1.28805
 9.53965 -1.27132
 9.58111 -1.29000
 9.60389 -1.29750
 9.63445 -1.30389
 9.66076 -1.30458
 9.76069 -1.22916
 9.77081 -1.21111
17 29 9.63903 10.1086 -1.35889 -0.846391 'Doufelgou (Togo)'
 9.64524 -0.91641
 9.67834 -0.87653
 9.70681 -0.86042
 9.81778 -0.84639
 9.85222 -0.84861
 9.84666 -0.95222
 9.85111 -1.05875
 9.86250 -1.07528
 9.92361 -1.11834
 9.99084 -1.15445
 10.02500 -1.17111
 10.04500 -1.17416
 10.08264 -1.17500
 10.10860 -1.17240
 10.10000 -1.18722
 10.02527 -1.30778
 9.99528 -1.35500
 9.91472 -1.35889
 9.89250 -1.30708
 9.86500 -1.26542
 9.84222 -1.24611
 9.77081 -1.21111
 9.76403 -1.20778
 9.73972 -1.18972
 9.69416 -1.15055
 9.66458 -1.10028
 9.64500 -1.03500
 9.63903 -0.99292
 9.64524 -0.91641
18 26 9.84666 10.2201 -1.175 -0.666663 'Keran (Togo)'
 9.85222 -0.84861
 9.86792 -0.83750
 9.88778 -0.79778
 9.89195 -0.76805
 9.85205 -0.74653
 9.85542 -0.68441
 9.87348 -0.67978
 9.93916 -0.66666
 10.06083 -0.69361
 10.08333 -0.70389
 10.14500 -0.74278
 10.15750 -0.80084
 10.18319 -0.97437
 10.20181 -0.99166
 10.22007 -0.99937
 10.17445 -1.06695
 10.10860 -1.17240
 10.08264 -1.17500
 10.04500 -1.17416
 10.02500 -1.17111
 9.99084 -1.15445
 9.92361 -1.11834
 9.86250 -1.07528
 9.85111 -1.05875
 9.84666 -0.95222
 9.85222 -0.84861
19 42 9.87348 10.7124 -0.999373 -0.1206 'Oti (Togo)'
 9.87348 -0.67978
 9.88222 -0.67555
 9.88805 -0.63653
 9.87889 -0.58035
 9.87611 -0.55389
 9.94334 -0.46805
 9.99472 -0.42250
 10.03049 -0.40023
 10.06756 -0.39569
 10.08277 -0.37250
 10.09347 -0.35514
 10.11527 -0.34972
 10.19695 -0.35778
 10.25416 -0.36653
 10.38945 -0.30334
 10.41437 -0.28514
 10.40945 -0.22889
 10.52167 -0.12060
 10.52389 -0.13861
 10.53222 -0.18222
 10.56250 -0.33334
 10.63305 -0.57111
 10.68361 -0.68666
 10.70805 -0.74250
 10.71245 -0.80219
 10.70166 -0.80055
 10.68111 -0.80028
 10.64111 -0.80403
 10.60722 -0.80750
 10.57361 -0.80597
 10.54666 -0.79805
 10.52931 -0.78750
 10.37666 -0.77666
 10.22007 -0.99937
 10.20181 -0.99166
 10.18319 -0.97437
 10.15750 -0.80084
 10.14500 -0.74278
 10.08333 -0.70389
 10.06083 -0.69361
 9.93916 -0.66666
 9.87348 -0.67978
20 44 10.5217 11.1385 -0.917973 0.149764 'Tone (Togo)'
 10.70260 0.08205
 10.78222 0.05945
 10.85861 0.02028
 10.99000 -0.03222
 11.02139 -0.03472
 11.07715 -0.03132
 11.09884 0.00514
 11.10205 0.04351
 11.09166 0.07722
 11.09319 0.09916
 11.12430 0.14486
 11.13854 0.14976
 11.13778 0.14222
 11.12722 0.08972
 11.09889 -0.05028
 11.07055 -0.19000
 11.06416 -0.21889
 11.02445 -0.41695
 11.00458 -0.50555
 10.97542 -0.51486
 10.93695 -0.50416
 10.98389 -0.63084
 10.99611 -0.66611
 10.99695 -0.72445
 10.99695 -0.81195
 10.99640 -0.91797
 10.91111 -0.89055
 10.86695 -0.89361
 10.79972 -0.87945
 10.72333 -0.80708
 10.71245 -0.80219
 10.70805 -0.74250
 10.68361 -0.68666
 10.63305 -0.57111
 10.56250 -0.33334
 10.53222 -0.18222
 10.52389 -0.13861
 10.52167 -0.12060
 10.59042 -0.03785
 10.60833 0.00222
 10.63125 0.06375
 10.65084 0.07875
 10.69861 0.08361
 10.70260 0.08205
