45 32 -13.80889 -13.46055 172.16782 172.78003 'Samoa (Samoa)'
 -13.50910 172.59600
 -13.49720 172.55200
 -13.47970 172.47500
 -13.46420 172.39100
 -13.46060 172.36100
 -13.46140 172.34800
 -13.47220 172.30300
 -13.48420 172.28800
 -13.56310 172.22200
 -13.59190 172.20300
 -13.61330 172.19300
 -13.68100 172.16800
 -13.69140 172.16800
 -13.80650 172.21200
 -13.80890 172.22500
 -13.80430 172.25900
 -13.79170 172.39300
 -13.80680 172.48600
 -13.80670 172.50900
 -13.80270 172.52800
 -13.76580 172.57400
 -13.73970 172.59000
 -13.62610 172.69100
 -13.57400 172.75200
 -13.55000 172.77300
 -13.53260 172.78000
 -13.51750 172.77300
 -13.51030 172.75600
 -13.50850 172.73900
 -13.51330 172.72900
 -13.51920 172.65500
 -13.50910 172.59600
46 23 -14.05750 -13.80555 171.42920 172.06476 'Samoa (Samoa)'
 -14.05750 171.44200
 -14.05280 171.46500
 -14.05060 171.48000
 -14.04780 171.52100
 -14.05030 171.54600
 -14.05250 171.58900
 -14.05030 171.64800
 -14.03580 171.76800
 -14.01250 171.91100
 -13.91250 172.05100
 -13.90320 172.05800
 -13.87820 172.06500
 -13.86690 172.06000
 -13.84030 172.02900
 -13.80670 171.90700
 -13.80560 171.88400
 -13.80750 171.82200
 -13.83170 171.74800
 -13.87860 171.61900
 -13.98440 171.44400
 -14.00240 171.43100
 -14.01630 171.42900
 -14.05750 171.44200
