4015 192 -12.45945 -8.37376 -30.45604 -28.35743 'Luapula (Zambia)'
 -12.45750 -29.47060
 -12.43390 -29.40000
 -12.36540 -29.26100
 -12.36900 -29.17680
 -12.37630 -29.14890
 -12.39110 -29.10390
 -12.38720 -29.05710
 -12.37690 -29.02710
 -12.35580 -29.02500
 -12.30530 -29.00080
 -12.20060 -28.93540
 -12.18150 -28.91970
 -12.09690 -28.83560
 -11.98820 -28.69760
 -11.98110 -28.67690
 -11.95640 -28.63220
 -11.87060 -28.50030
 -11.77640 -28.44860
 -11.72420 -28.44490
 -11.66250 -28.42580
 -11.61890 -28.40690
 -11.59500 -28.39530
 -11.57670 -28.37920
 -11.55560 -28.36540
 -11.52440 -28.35740
 -11.47580 -28.35810
 -11.43440 -28.36670
 -11.36940 -28.41060
 -11.24460 -28.46500
 -11.22310 -28.47110
 -11.16250 -28.48560
 -10.95580 -28.53030
 -10.85560 -28.54900
 -10.83280 -28.55360
 -10.79030 -28.57640
 -10.71500 -28.62540
 -10.71080 -28.66140
 -10.65190 -28.69870
 -10.55690 -28.66330
 -10.51920 -28.63350
 -10.24610 -28.59500
 -10.14750 -28.62310
 -9.98639 -28.62220
 -9.94778 -28.62580
 -9.92584 -28.63110
 -9.85250 -28.66080
 -9.79576 -28.69560
 -9.74861 -28.66970
 -9.47084 -28.53780
 -9.35903 -28.51900
 -9.33695 -28.48740
 -9.32292 -28.42890
 -9.30278 -28.39030
 -9.27917 -28.37220
 -9.25042 -28.37710
 -9.22750 -28.39760
 -9.21764 -28.41570
 -9.20555 -28.44280
 -9.19153 -28.47390
 -9.16834 -28.51690
 -9.10861 -28.60390
 -9.09389 -28.62250
 -9.01708 -28.70510
 -8.99195 -28.72860
 -8.90278 -28.80530
 -8.85750 -28.84360
 -8.82695 -28.86830
 -8.74195 -28.92580
 -8.68667 -28.95280
 -8.66472 -28.96190
 -8.63555 -28.96060
 -8.59695 -28.95360
 -8.52945 -28.93070
 -8.48041 -28.89970
 -8.47861 -28.90170
 -8.47473 -28.92250
 -8.46417 -28.99190
 -8.43305 -29.20060
 -8.42778 -29.23530
 -8.40334 -29.39500
 -8.37666 -29.56860
 -8.37376 -29.57520
 -8.37666 -29.57610
 -8.41000 -29.56060
 -8.44764 -29.54080
 -8.47361 -29.52270
 -8.49500 -29.49780
 -8.49945 -29.47670
 -8.51097 -29.43920
 -8.52195 -29.41670
 -8.54639 -29.39570
 -8.64875 -29.33460
 -8.66861 -29.32560
 -8.69417 -29.31500
 -8.72097 -29.30530
 -8.75153 -29.29860
 -8.79826 -29.28930
 -8.85639 -29.27060
 -8.88639 -29.25720
 -8.90834 -29.24670
 -8.92916 -29.22600
 -8.95055 -29.17600
 -9.04611 -29.11810
 -9.09584 -29.10560
 -9.15611 -29.19680
 -9.15695 -29.21790
 -9.18000 -29.26330
 -9.22084 -29.32930
 -9.25305 -29.34720
 -9.33917 -29.34780
 -9.39278 -29.32820
 -9.42236 -29.32360
 -9.45028 -29.32670
 -9.52819 -29.35190
 -9.64916 -29.53440
 -9.66055 -29.58540
 -9.71090 -29.80260
 -9.84278 -29.92220
 -9.88868 -29.94170
 -10.04690 -29.92560
 -10.09330 -29.91330
 -10.20530 -29.87750
 -10.22420 -29.86140
 -10.23630 -29.83650
 -10.23560 -29.80750
 -10.22320 -29.77990
 -10.21810 -29.73490
 -10.22180 -29.70000
 -10.23390 -29.67390
 -10.32890 -29.50640
 -10.38220 -29.43930
 -10.49170 -29.39330
 -10.51890 -29.40940
 -10.56390 -29.39030
 -10.60170 -29.36390
 -10.65360 -29.30390
 -10.74650 -29.16220
 -10.77130 -29.16390
 -10.83250 -29.16470
 -10.87180 -29.16060
 -10.90040 -29.13500
 -10.91720 -29.11390
 -10.94440 -29.09140
 -10.96250 -29.08060
 -10.97720 -29.12390
 -10.99330 -29.17470
 -11.07930 -29.26040
 -11.09250 -29.27890
 -11.11750 -29.38260
 -11.03990 -29.39750
 -11.02190 -29.38060
 -10.99890 -29.36560
 -10.90580 -29.32440
 -10.78420 -29.55310
 -10.73780 -29.65410
 -10.78580 -29.75250
 -10.80110 -29.78030
 -10.90560 -29.86190
 -10.94220 -29.88310
 -10.96290 -29.88830
 -11.00610 -29.89250
 -11.03810 -29.89190
 -11.09690 -29.88810
 -11.15940 -29.87810
 -11.31970 -29.84690
 -11.40400 -29.83180
 -11.23960 -30.00810
 -11.24190 -30.12220
 -11.48810 -30.45600
 -11.58580 -30.45330
 -11.82330 -30.26310
 -11.83080 -30.22780
 -11.85440 -30.09740
 -11.86530 -29.98420
 -11.89560 -29.80390
 -11.91430 -29.77860
 -11.95440 -29.77140
 -12.01170 -29.77680
 -12.05760 -29.79010
 -12.10100 -29.82340
 -12.14530 -29.81220
 -12.15520 -29.80500
 -12.15420 -29.77030
 -12.19080 -29.56890
 -12.24910 -29.47350
 -12.33880 -29.44690
 -12.39350 -29.48960
 -12.39570 -29.52370
 -12.42530 -29.52760
 -12.44250 -29.51710
 -12.45940 -29.48170
 -12.45750 -29.47060
4016 327 -13.43483 -8.19166 -33.70228 -29.08055 'Northern (Zambia)'
 -8.37376 -29.57520
 -8.37361 -29.58940
 -8.32223 -29.92280
 -8.29750 -30.08250
 -8.27055 -30.25610
 -8.24195 -30.43670
 -8.23111 -30.50610
 -8.19555 -30.73530
 -8.19166 -30.76310
 -8.19225 -30.77120
 -8.19834 -30.77080
 -8.26555 -30.79420
 -8.35292 -30.83580
 -8.38167 -30.85280
 -8.46778 -30.90750
 -8.53222 -30.96100
 -8.54750 -30.97690
 -8.58500 -31.03260
 -8.59973 -31.05940
 -8.60750 -31.07890
 -8.61389 -31.11040
 -8.61285 -31.14230
 -8.59528 -31.17030
 -8.57889 -31.20280
 -8.57972 -31.22680
 -8.62000 -31.29560
 -8.63361 -31.41470
 -8.66639 -31.48560
 -8.75139 -31.56390
 -8.81778 -31.57400
 -8.83973 -31.59280
 -8.90889 -31.68360
 -8.91708 -31.70640
 -8.91275 -31.74120
 -8.88768 -31.78740
 -8.89778 -31.83500
 -8.91416 -31.89780
 -8.93625 -31.95210
 -8.95305 -31.93830
 -8.97389 -31.93180
 -9.00973 -31.93280
 -9.03125 -31.93930
 -9.07063 -31.98170
 -9.06834 -32.00260
 -9.04632 -32.02990
 -9.04153 -32.05870
 -9.05195 -32.08640
 -9.05872 -32.09490
 -9.06445 -32.16030
 -9.09973 -32.19970
 -9.12028 -32.22140
 -9.13334 -32.25860
 -9.13473 -32.30170
 -9.13250 -32.36560
 -9.12903 -32.42120
 -9.17674 -32.49070
 -9.21729 -32.50550
 -9.26118 -32.54010
 -9.27417 -32.62830
 -9.28222 -32.70280
 -9.33250 -32.76780
 -9.37389 -32.84420
 -9.37723 -32.87470
 -9.39028 -32.91530
 -9.40508 -32.94040
 -9.41584 -32.93940
 -9.45584 -32.94360
 -9.47736 -32.94710
 -9.62185 -33.00010
 -9.63133 -33.01880
 -9.63167 -33.07220
 -9.62500 -33.10920
 -9.59805 -33.13500
 -9.60250 -33.20690
 -9.63416 -33.22920
 -9.65555 -33.23420
 -9.67764 -33.22890
 -9.70528 -33.22460
 -9.73139 -33.23860
 -9.79889 -33.30250
 -9.81111 -33.32250
 -9.93305 -33.35940
 -9.99361 -33.33080
 -10.06400 -33.32600
 -10.16530 -33.46170
 -10.20610 -33.53390
 -10.22380 -33.55710
 -10.24490 -33.56030
 -10.27110 -33.55060
 -10.29640 -33.54580
 -10.33190 -33.54490
 -10.39250 -33.56750
 -10.50070 -33.64660
 -10.54860 -33.68750
 -10.56190 -33.70230
 -10.58250 -33.60890
 -10.68990 -33.52090
 -10.74170 -33.46580
 -10.76740 -33.35080
 -10.75200 -33.22570
 -10.71190 -33.22080
 -10.67630 -33.22580
 -10.62240 -33.23490
 -10.59610 -33.23610
 -10.56310 -33.23430
 -10.42920 -33.20360
 -10.42780 -33.14220
 -10.42170 -33.07010
 -10.38330 -33.05750
 -10.32190 -32.97640
 -10.31000 -32.81300
 -10.38940 -32.68420
 -10.47830 -32.54530
 -10.48940 -32.52670
 -10.54250 -32.41890
 -10.57000 -32.36080
 -10.59000 -32.33600
 -10.61330 -32.32030
 -10.67080 -32.29800
 -10.72420 -32.29280
 -10.76360 -32.34040
 -10.82920 -32.39140
 -10.84970 -32.38690
 -10.87330 -32.37470
 -10.91170 -32.34890
 -10.94650 -32.32710
 -10.96810 -32.33360
 -10.99110 -32.35170
 -11.02160 -32.36840
 -11.06010 -32.32990
 -11.10880 -32.28280
 -11.13580 -32.26390
 -11.25220 -32.23620
 -11.40610 -32.21890
 -11.46750 -32.22470
 -11.47450 -32.25370
 -11.46560 -32.32100
 -11.48830 -32.38110
 -11.51280 -32.43670
 -11.54330 -32.47290
 -11.69990 -32.59860
 -11.78560 -32.54250
 -11.82080 -32.51580
 -11.85510 -32.48670
 -11.87130 -32.46490
 -11.88180 -32.44170
 -12.13530 -32.28310
 -12.18470 -32.28710
 -12.20870 -32.29340
 -12.26900 -32.27610
 -12.29240 -32.25710
 -12.31310 -32.22600
 -12.34390 -32.19740
 -12.41030 -32.15280
 -12.46380 -32.14030
 -12.53390 -32.13370
 -12.74860 -32.08220
 -12.78460 -32.06740
 -12.89440 -31.98140
 -13.04690 -31.88250
 -13.06310 -31.84470
 -13.10390 -31.76640
 -13.20290 -31.68600
 -13.24350 -31.66750
 -13.27030 -31.67080
 -13.30720 -31.66470
 -13.34390 -31.65030
 -13.36390 -31.63470
 -13.42600 -31.54900
 -13.43330 -31.52610
 -13.43480 -31.43280
 -13.39830 -31.42670
 -13.27880 -31.38680
 -13.24480 -31.36840
 -13.21750 -31.36330
 -13.16190 -31.36190
 -13.13060 -31.36190
 -13.05940 -31.35670
 -13.00190 -31.35000
 -12.98280 -31.34190
 -12.96750 -31.32310
 -12.95210 -31.29100
 -12.94670 -31.26970
 -12.94740 -31.22210
 -12.96650 -31.18720
 -12.99330 -31.18070
 -13.03780 -31.14920
 -13.03850 -31.11170
 -13.01760 -31.08240
 -12.99310 -31.06190
 -12.97540 -31.05250
 -12.95340 -31.02870
 -12.92740 -30.90480
 -12.93490 -30.86160
 -12.91610 -30.81610
 -12.90330 -30.79280
 -12.86760 -30.74260
 -12.75750 -30.72650
 -12.72470 -30.74110
 -12.69480 -30.76300
 -12.66790 -30.76530
 -12.62640 -30.70860
 -12.61180 -30.65890
 -12.62450 -30.61700
 -12.58080 -30.56780
 -12.47890 -30.51720
 -12.39170 -30.51060
 -12.33460 -30.51330
 -12.31070 -30.50390
 -12.27240 -30.41040
 -12.26000 -30.34080
 -12.24420 -30.28170
 -12.20330 -30.15890
 -12.16250 -30.10110
 -12.14830 -30.08330
 -12.10310 -30.05440
 -12.06930 -30.04970
 -12.03420 -30.03500
 -12.00060 -29.99690
 -12.00420 -29.96330
 -12.00940 -29.94220
 -12.02920 -29.89150
 -12.05060 -29.85800
 -12.08250 -29.84890
 -12.12270 -29.84370
 -12.15560 -29.82150
 -12.15520 -29.80500
 -12.14530 -29.81220
 -12.10100 -29.82340
 -12.05760 -29.79010
 -12.01170 -29.77680
 -11.95440 -29.77140
 -11.91430 -29.77860
 -11.89560 -29.80390
 -11.86530 -29.98420
 -11.85440 -30.09740
 -11.83080 -30.22780
 -11.82330 -30.26310
 -11.58580 -30.45330
 -11.48810 -30.45600
 -11.24190 -30.12220
 -11.23960 -30.00810
 -11.40400 -29.83180
 -11.31970 -29.84690
 -11.15940 -29.87810
 -11.09690 -29.88810
 -11.03810 -29.89190
 -11.00610 -29.89250
 -10.96290 -29.88830
 -10.94220 -29.88310
 -10.90560 -29.86190
 -10.80110 -29.78030
 -10.78580 -29.75250
 -10.73780 -29.65410
 -10.78420 -29.55310
 -10.90580 -29.32440
 -10.99890 -29.36560
 -11.02190 -29.38060
 -11.03990 -29.39750
 -11.11750 -29.38260
 -11.09250 -29.27890
 -11.07930 -29.26040
 -10.99330 -29.17470
 -10.97720 -29.12390
 -10.96250 -29.08060
 -10.94440 -29.09140
 -10.91720 -29.11390
 -10.90040 -29.13500
 -10.87180 -29.16060
 -10.83250 -29.16470
 -10.77130 -29.16390
 -10.74650 -29.16220
 -10.65360 -29.30390
 -10.60170 -29.36390
 -10.56390 -29.39030
 -10.51890 -29.40940
 -10.49170 -29.39330
 -10.38220 -29.43930
 -10.32890 -29.50640
 -10.23390 -29.67390
 -10.22180 -29.70000
 -10.21810 -29.73490
 -10.22320 -29.77990
 -10.23560 -29.80750
 -10.23630 -29.83650
 -10.22420 -29.86140
 -10.20530 -29.87750
 -10.09330 -29.91330
 -10.04690 -29.92560
 -9.88868 -29.94170
 -9.84278 -29.92220
 -9.71090 -29.80260
 -9.66055 -29.58540
 -9.64916 -29.53440
 -9.52819 -29.35190
 -9.45028 -29.32670
 -9.42236 -29.32360
 -9.39278 -29.32820
 -9.33917 -29.34780
 -9.25305 -29.34720
 -9.22084 -29.32930
 -9.18000 -29.26330
 -9.15695 -29.21790
 -9.15611 -29.19680
 -9.09584 -29.10560
 -9.04611 -29.11810
 -8.95055 -29.17600
 -8.92916 -29.22600
 -8.90834 -29.24670
 -8.88639 -29.25720
 -8.85639 -29.27060
 -8.79826 -29.28930
 -8.75153 -29.29860
 -8.72097 -29.30530
 -8.69417 -29.31500
 -8.66861 -29.32560
 -8.64875 -29.33460
 -8.54639 -29.39570
 -8.52195 -29.41670
 -8.51097 -29.43920
 -8.49945 -29.47670
 -8.49500 -29.49780
 -8.47361 -29.52270
 -8.44764 -29.54080
 -8.41000 -29.56060
 -8.37666 -29.57610
 -8.37376 -29.57520
4077 236 -15.73986 -12.00063 -31.43282 -25.32474 'Central (Zambia)'
 -15.29900 -25.32470
 -15.21670 -25.32720
 -15.13420 -25.38420
 -15.11390 -25.41530
 -15.02570 -25.45500
 -14.96720 -25.45490
 -14.89580 -25.42060
 -14.87420 -25.42080
 -14.68860 -25.47620
 -14.63400 -25.50310
 -14.60690 -25.51970
 -14.58830 -25.53830
 -14.58520 -25.54830
 -14.55170 -25.58530
 -14.58500 -25.94030
 -14.59170 -26.00820
 -14.60690 -26.10500
 -14.61560 -26.15780
 -14.62370 -26.17760
 -14.71830 -26.32420
 -14.69340 -26.37350
 -14.65760 -26.37560
 -14.60810 -26.40640
 -14.57190 -26.43470
 -14.46740 -26.53470
 -14.44950 -26.56820
 -14.43000 -26.77280
 -14.40940 -26.95520
 -14.19780 -26.98220
 -14.17430 -26.98060
 -14.14180 -26.96560
 -14.11000 -26.94220
 -14.08140 -26.91860
 -14.02030 -26.89720
 -13.90940 -26.91170
 -13.88830 -26.92030
 -13.86720 -26.93530
 -13.83930 -26.95110
 -13.81860 -26.95490
 -13.72620 -26.86860
 -13.71660 -26.85240
 -13.71810 -26.87470
 -13.72360 -27.08860
 -13.73720 -27.34600
 -13.86850 -27.38630
 -13.90670 -27.39780
 -13.91960 -27.42250
 -13.88920 -27.47220
 -13.81960 -27.55030
 -13.75780 -27.57720
 -13.70580 -27.60030
 -13.65750 -27.62880
 -13.64810 -27.64860
 -13.67890 -27.81530
 -13.91560 -27.91670
 -13.92100 -27.95240
 -13.89470 -28.03690
 -13.86440 -28.17610
 -13.87330 -28.32390
 -13.88970 -28.41610
 -13.88330 -28.51220
 -13.85190 -28.67430
 -13.78690 -28.66920
 -13.73410 -28.66870
 -13.57310 -28.85640
 -13.52330 -28.95030
 -13.39610 -29.06250
 -13.38740 -29.06580
 -13.38920 -29.09810
 -13.43380 -29.19740
 -13.37310 -29.30830
 -13.30330 -29.46430
 -13.28970 -29.48560
 -13.26030 -29.51860
 -13.23470 -29.54510
 -13.22280 -29.57040
 -13.22350 -29.59470
 -13.26690 -29.68350
 -13.30020 -29.68190
 -13.31640 -29.65100
 -13.38220 -29.62110
 -13.41560 -29.63400
 -13.43470 -29.65460
 -13.45810 -29.72670
 -13.44970 -29.80170
 -13.41780 -29.80220
 -13.17140 -29.80310
 -12.78080 -29.80440
 -12.54110 -29.80560
 -12.47250 -29.80580
 -12.22560 -29.80670
 -12.16390 -29.80640
 -12.15520 -29.80500
 -12.15560 -29.82150
 -12.12270 -29.84370
 -12.08250 -29.84890
 -12.05060 -29.85800
 -12.02920 -29.89150
 -12.00940 -29.94220
 -12.00420 -29.96330
 -12.00060 -29.99690
 -12.03420 -30.03500
 -12.06930 -30.04970
 -12.10310 -30.05440
 -12.14830 -30.08330
 -12.16250 -30.10110
 -12.20330 -30.15890
 -12.24420 -30.28170
 -12.26000 -30.34080
 -12.27240 -30.41040
 -12.31070 -30.50390
 -12.33460 -30.51330
 -12.39170 -30.51060
 -12.47890 -30.51720
 -12.58080 -30.56780
 -12.62450 -30.61700
 -12.61180 -30.65890
 -12.62640 -30.70860
 -12.66790 -30.76530
 -12.69480 -30.76300
 -12.72470 -30.74110
 -12.75750 -30.72650
 -12.86760 -30.74260
 -12.90330 -30.79280
 -12.91610 -30.81610
 -12.93490 -30.86160
 -12.92740 -30.90480
 -12.95340 -31.02870
 -12.97540 -31.05250
 -12.99310 -31.06190
 -13.01760 -31.08240
 -13.03850 -31.11170
 -13.03780 -31.14920
 -12.99330 -31.18070
 -12.96650 -31.18720
 -12.94740 -31.22210
 -12.94670 -31.26970
 -12.95210 -31.29100
 -12.96750 -31.32310
 -12.98280 -31.34190
 -13.00190 -31.35000
 -13.05940 -31.35670
 -13.13060 -31.36190
 -13.16190 -31.36190
 -13.21750 -31.36330
 -13.24480 -31.36840
 -13.27880 -31.38680
 -13.39830 -31.42670
 -13.43480 -31.43280
 -13.46060 -31.37080
 -13.59030 -31.16620
 -13.63350 -31.11900
 -13.67470 -31.10990
 -13.71400 -31.10340
 -13.77940 -31.03560
 -13.82780 -30.95890
 -13.92760 -30.89090
 -13.93150 -30.86640
 -13.93140 -30.09010
 -14.04780 -30.18240
 -14.06380 -30.22490
 -14.07280 -30.25750
 -14.08000 -30.27650
 -14.09920 -30.30390
 -14.12080 -30.31670
 -14.15490 -30.31880
 -14.21050 -30.29190
 -14.37690 -30.08330
 -14.45240 -30.02640
 -14.50720 -30.00920
 -14.56580 -29.99860
 -14.61060 -29.99320
 -14.65890 -30.03250
 -14.64890 -29.96810
 -14.69500 -29.81300
 -14.72220 -29.73720
 -14.76950 -29.64860
 -14.85500 -29.49770
 -14.93750 -29.47920
 -14.99680 -29.42520
 -14.99420 -29.34160
 -14.93420 -29.28220
 -14.85390 -29.25420
 -14.87810 -29.18860
 -14.93300 -29.11690
 -14.97480 -29.05300
 -14.98180 -28.95740
 -15.04290 -28.89530
 -15.09260 -28.85320
 -15.13070 -28.80520
 -15.11980 -28.63410
 -15.14840 -28.60410
 -15.14410 -28.53640
 -15.11300 -28.48280
 -15.10660 -28.40120
 -15.10230 -28.34150
 -15.16160 -28.30140
 -15.25000 -28.29090
 -15.30560 -28.27070
 -15.31290 -28.21890
 -15.26340 -28.02010
 -15.22940 -27.83710
 -15.24640 -27.79120
 -15.35020 -27.79460
 -15.34300 -27.85840
 -15.37610 -27.91790
 -15.43990 -27.95930
 -15.51300 -27.95890
 -15.53370 -27.90300
 -15.54250 -27.79150
 -15.64360 -27.76780
 -15.66240 -27.74060
 -15.66610 -27.69860
 -15.65000 -27.68030
 -15.62260 -27.65110
 -15.58630 -27.65890
 -15.55670 -27.66110
 -15.52060 -27.63080
 -15.47570 -27.56310
 -15.47810 -27.54240
 -15.58610 -27.40170
 -15.73990 -27.30740
 -15.72470 -27.28030
 -15.47750 -27.22310
 -15.47390 -27.07390
 -15.43810 -26.99560
 -15.33310 -26.81030
 -15.33330 -26.75080
 -15.33250 -26.55250
 -15.33060 -26.38310
 -15.29500 -26.06310
 -15.28890 -26.00970
 -15.29390 -25.72220
 -15.29920 -25.41440
 -15.30030 -25.34220
 -15.29900 -25.32470
4078 108 -13.92097 -12.23336 -29.06585 -26.78889 'Copperbelt (Zambia)'
 -13.71660 -26.85240
 -13.70440 -26.83220
 -13.69310 -26.81420
 -13.67210 -26.79620
 -13.64960 -26.78930
 -13.61920 -26.78890
 -13.57000 -26.79500
 -13.54500 -26.80360
 -13.43740 -26.86220
 -13.40690 -26.91560
 -13.35380 -26.96710
 -13.33440 -26.97720
 -13.29160 -26.97810
 -13.24860 -26.95940
 -13.22780 -26.95930
 -13.20220 -26.97060
 -13.18310 -26.99390
 -13.16460 -27.02680
 -13.15190 -27.04530
 -13.12700 -27.06340
 -13.00490 -27.09370
 -12.97750 -27.03310
 -12.94940 -26.97390
 -12.92720 -26.92970
 -12.88850 -26.87820
 -12.73930 -26.84250
 -12.67170 -26.86280
 -12.64390 -26.88030
 -12.53160 -27.01980
 -12.50140 -27.06780
 -12.41610 -27.06890
 -12.38690 -27.06690
 -12.35940 -27.05850
 -12.33810 -27.05600
 -12.33330 -27.15370
 -12.33530 -27.19000
 -12.34030 -27.22040
 -12.34500 -27.25060
 -12.34500 -27.28220
 -12.27030 -27.45190
 -12.30550 -27.49760
 -12.24690 -27.58620
 -12.23340 -27.60010
 -12.24530 -27.62330
 -12.26260 -27.64070
 -12.29030 -27.65540
 -12.30220 -27.67700
 -12.29780 -27.79740
 -12.28330 -27.82190
 -12.25980 -27.83820
 -12.25470 -27.86030
 -12.26470 -27.88560
 -12.27750 -27.91440
 -12.29080 -27.93580
 -12.31160 -27.96400
 -12.36780 -28.04920
 -12.42940 -28.16360
 -12.42440 -28.22940
 -12.43310 -28.31940
 -12.44040 -28.34650
 -12.52580 -28.44620
 -12.65680 -28.53060
 -12.68920 -28.53060
 -12.70720 -28.51570
 -12.72820 -28.49510
 -12.75500 -28.49790
 -12.89180 -28.57270
 -12.89200 -28.59740
 -12.86360 -28.61750
 -12.84000 -28.63710
 -12.84060 -28.67350
 -12.90870 -28.74300
 -13.02670 -28.82500
 -13.15420 -28.92020
 -13.25080 -28.95060
 -13.27470 -28.95440
 -13.33110 -28.95800
 -13.36010 -28.97040
 -13.39850 -29.01870
 -13.39650 -29.04030
 -13.38740 -29.06580
 -13.39610 -29.06250
 -13.52330 -28.95030
 -13.57310 -28.85640
 -13.73410 -28.66870
 -13.78690 -28.66920
 -13.85190 -28.67430
 -13.88330 -28.51220
 -13.88970 -28.41610
 -13.87330 -28.32390
 -13.86440 -28.17610
 -13.89470 -28.03690
 -13.92100 -27.95240
 -13.91560 -27.91670
 -13.67890 -27.81530
 -13.64810 -27.64860
 -13.65750 -27.62880
 -13.70580 -27.60030
 -13.75780 -27.57720
 -13.81960 -27.55030
 -13.88920 -27.47220
 -13.91960 -27.42250
 -13.90670 -27.39780
 -13.86850 -27.38630
 -13.73720 -27.34600
 -13.72360 -27.08860
 -13.71810 -26.87470
 -13.71660 -26.85240
4079 212 -14.98172 -10.31000 -33.70228 -29.99319 'Eastern (Zambia)'
 -14.65890 -30.03250
 -14.61060 -29.99320
 -14.56580 -29.99860
 -14.50720 -30.00920
 -14.45240 -30.02640
 -14.37690 -30.08330
 -14.21050 -30.29190
 -14.15490 -30.31880
 -14.12080 -30.31670
 -14.09920 -30.30390
 -14.08000 -30.27650
 -14.07280 -30.25750
 -14.06380 -30.22490
 -14.04780 -30.18240
 -13.93140 -30.09010
 -13.93150 -30.86640
 -13.92760 -30.89090
 -13.82780 -30.95890
 -13.77940 -31.03560
 -13.71400 -31.10340
 -13.67470 -31.10990
 -13.63350 -31.11900
 -13.59030 -31.16620
 -13.46060 -31.37080
 -13.43480 -31.43280
 -13.43330 -31.52610
 -13.42600 -31.54900
 -13.36390 -31.63470
 -13.34390 -31.65030
 -13.30720 -31.66470
 -13.27030 -31.67080
 -13.24350 -31.66750
 -13.20290 -31.68600
 -13.10390 -31.76640
 -13.06310 -31.84470
 -13.04690 -31.88250
 -12.89440 -31.98140
 -12.78460 -32.06740
 -12.74860 -32.08220
 -12.53390 -32.13370
 -12.46380 -32.14030
 -12.41030 -32.15280
 -12.34390 -32.19740
 -12.31310 -32.22600
 -12.29240 -32.25710
 -12.26900 -32.27610
 -12.20870 -32.29340
 -12.18470 -32.28710
 -12.13530 -32.28310
 -11.88180 -32.44170
 -11.87130 -32.46490
 -11.85510 -32.48670
 -11.82080 -32.51580
 -11.78560 -32.54250
 -11.69990 -32.59860
 -11.54330 -32.47290
 -11.51280 -32.43670
 -11.48830 -32.38110
 -11.46560 -32.32100
 -11.47450 -32.25370
 -11.46750 -32.22470
 -11.40610 -32.21890
 -11.25220 -32.23620
 -11.13580 -32.26390
 -11.10880 -32.28280
 -11.06010 -32.32990
 -11.02160 -32.36840
 -10.99110 -32.35170
 -10.96810 -32.33360
 -10.94650 -32.32710
 -10.91170 -32.34890
 -10.87330 -32.37470
 -10.84970 -32.38690
 -10.82920 -32.39140
 -10.76360 -32.34040
 -10.72420 -32.29280
 -10.67080 -32.29800
 -10.61330 -32.32030
 -10.59000 -32.33600
 -10.57000 -32.36080
 -10.54250 -32.41890
 -10.48940 -32.52670
 -10.47830 -32.54530
 -10.38940 -32.68420
 -10.31000 -32.81300
 -10.32190 -32.97640
 -10.38330 -33.05750
 -10.42170 -33.07010
 -10.42780 -33.14220
 -10.42920 -33.20360
 -10.56310 -33.23430
 -10.59610 -33.23610
 -10.62240 -33.23490
 -10.67630 -33.22580
 -10.71190 -33.22080
 -10.75200 -33.22570
 -10.76740 -33.35080
 -10.74170 -33.46580
 -10.68990 -33.52090
 -10.58250 -33.60890
 -10.56190 -33.70230
 -10.57670 -33.69600
 -10.59630 -33.68040
 -10.62110 -33.63780
 -10.64780 -33.60470
 -10.71290 -33.54700
 -10.74360 -33.54180
 -10.77560 -33.51080
 -10.80360 -33.46090
 -10.80310 -33.41780
 -10.79860 -33.39690
 -10.81390 -33.34420
 -10.86370 -33.26260
 -10.89210 -33.25040
 -11.08000 -33.34980
 -11.11310 -33.38440
 -11.16320 -33.41040
 -11.19390 -33.40080
 -11.21560 -33.39110
 -11.30030 -33.33940
 -11.36810 -33.29310
 -11.41100 -33.24950
 -11.52030 -33.25420
 -11.57080 -33.27040
 -11.58250 -33.30870
 -11.61310 -33.32460
 -11.74470 -33.33080
 -11.89720 -33.33220
 -12.00010 -33.31240
 -12.05720 -33.28000
 -12.12990 -33.27140
 -12.30970 -33.35530
 -12.32630 -33.36890
 -12.34010 -33.38960
 -12.34190 -33.41030
 -12.33640 -33.43670
 -12.31440 -33.47970
 -12.33580 -33.54580
 -12.36420 -33.54180
 -12.37780 -33.52870
 -12.38610 -33.50530
 -12.41280 -33.47640
 -12.43960 -33.47960
 -12.54040 -33.36400
 -12.58580 -33.23810
 -12.58930 -33.16430
 -12.58130 -33.14370
 -12.58530 -33.06900
 -12.60390 -33.04640
 -12.75800 -32.96200
 -12.85310 -32.97240
 -12.88580 -33.02670
 -12.91380 -33.03490
 -12.94110 -33.02890
 -12.96280 -33.02060
 -12.98110 -33.01030
 -13.00220 -33.00280
 -13.03690 -32.99280
 -13.09640 -32.98640
 -13.14060 -32.98620
 -13.22920 -32.97750
 -13.38930 -32.91870
 -13.43030 -32.89640
 -13.52860 -32.83170
 -13.54130 -32.81370
 -13.56390 -32.75330
 -13.56600 -32.69550
 -13.61280 -32.68190
 -13.63140 -32.71000
 -13.64190 -32.75420
 -13.63880 -32.78100
 -13.70420 -32.83080
 -13.82000 -32.89920
 -13.93470 -32.99000
 -13.98110 -33.07890
 -13.92690 -33.16670
 -13.97360 -33.19000
 -13.99720 -33.20450
 -14.01260 -33.22220
 -14.09670 -32.98390
 -14.30830 -32.37280
 -14.31720 -32.34330
 -14.34140 -32.23030
 -14.37720 -32.09470
 -14.42360 -31.95080
 -14.45780 -31.87500
 -14.46560 -31.85560
 -14.47280 -31.83560
 -14.48060 -31.80970
 -14.48690 -31.78250
 -14.49500 -31.73080
 -14.50210 -31.70080
 -14.58880 -31.53490
 -14.61150 -31.50370
 -14.61970 -31.48470
 -14.62530 -31.46330
 -14.66560 -31.30470
 -14.70830 -31.11640
 -14.71170 -31.09440
 -14.71640 -31.04580
 -14.75060 -30.91220
 -14.77810 -30.80810
 -14.84970 -30.60250
 -14.87580 -30.52780
 -14.88470 -30.50470
 -14.96780 -30.34360
 -14.98170 -30.21300
 -14.90130 -30.21640
 -14.84140 -30.21280
 -14.79970 -30.18170
 -14.66600 -30.04750
 -14.65890 -30.03250
4080 86 -15.96373 -14.64889 -30.41575 -27.76778 'Lusaka (Zambia)'
 -15.65040 -30.29370
 -15.64010 -30.26120
 -15.63150 -30.15990
 -15.61650 -29.83500
 -15.62440 -29.79940
 -15.64810 -29.72810
 -15.67080 -29.65610
 -15.67130 -29.62720
 -15.66280 -29.60140
 -15.66090 -29.57850
 -15.73670 -29.34510
 -15.77740 -29.24570
 -15.88970 -29.07970
 -15.95190 -28.98890
 -15.96370 -28.94320
 -15.93890 -28.92340
 -15.93460 -28.88400
 -15.95670 -28.80580
 -15.95470 -28.75680
 -15.89610 -28.61170
 -15.84750 -28.50860
 -15.80380 -28.43720
 -15.78460 -28.36330
 -15.78930 -28.29060
 -15.80560 -28.26500
 -15.75720 -28.11920
 -15.69470 -28.01920
 -15.66720 -27.96760
 -15.65110 -27.81250
 -15.64360 -27.76780
 -15.54250 -27.79150
 -15.53370 -27.90300
 -15.51300 -27.95890
 -15.43990 -27.95930
 -15.37610 -27.91790
 -15.34300 -27.85840
 -15.35020 -27.79460
 -15.24640 -27.79120
 -15.22940 -27.83710
 -15.26340 -28.02010
 -15.31290 -28.21890
 -15.30560 -28.27070
 -15.25000 -28.29090
 -15.16160 -28.30140
 -15.10230 -28.34150
 -15.10660 -28.40120
 -15.11300 -28.48280
 -15.14410 -28.53640
 -15.14840 -28.60410
 -15.11980 -28.63410
 -15.13070 -28.80520
 -15.09260 -28.85320
 -15.04290 -28.89530
 -14.98180 -28.95740
 -14.97480 -29.05300
 -14.93300 -29.11690
 -14.87810 -29.18860
 -14.85390 -29.25420
 -14.93420 -29.28220
 -14.99420 -29.34160
 -14.99680 -29.42520
 -14.93750 -29.47920
 -14.85500 -29.49770
 -14.76950 -29.64860
 -14.72220 -29.73720
 -14.69500 -29.81300
 -14.64890 -29.96810
 -14.65890 -30.03250
 -14.66600 -30.04750
 -14.79970 -30.18170
 -14.84140 -30.21280
 -14.90130 -30.21640
 -14.98170 -30.21300
 -15.09610 -30.21920
 -15.13940 -30.22780
 -15.21610 -30.25250
 -15.25780 -30.27150
 -15.29140 -30.30330
 -15.31250 -30.33280
 -15.33740 -30.36110
 -15.47890 -30.38810
 -15.59360 -30.39670
 -15.63190 -30.41580
 -15.64720 -30.38490
 -15.65900 -30.35430
 -15.65040 -30.29370
4081 258 -14.71826 -10.86916 -27.60006 -21.99639 'North-Western (Zambia)'
 -14.58520 -25.54830
 -14.58280 -25.51970
 -14.57650 -25.31760
 -14.60190 -25.23310
 -14.61810 -25.19970
 -14.62880 -25.16240
 -14.63650 -25.04030
 -14.63040 -25.02120
 -14.60930 -24.99340
 -14.57890 -24.96830
 -14.55710 -24.96060
 -14.47830 -24.96630
 -14.46530 -24.98310
 -14.45670 -25.00640
 -14.44140 -25.03440
 -14.42490 -25.05040
 -14.29350 -25.08680
 -14.25940 -25.08920
 -14.23210 -25.08460
 -14.21260 -25.05820
 -14.19860 -24.96000
 -14.12680 -24.75440
 -14.11380 -24.73830
 -14.08320 -24.72540
 -14.04610 -24.72670
 -14.00690 -24.70930
 -13.95880 -24.66170
 -13.95920 -24.59310
 -13.96030 -24.42780
 -13.95920 -24.38110
 -13.93960 -24.33430
 -13.91190 -24.28890
 -13.90440 -24.22580
 -13.96440 -24.05250
 -13.99510 -24.01620
 -14.00360 -23.98820
 -14.00220 -23.90890
 -13.99130 -23.83950
 -13.98810 -23.77750
 -13.99360 -23.68920
 -14.07470 -23.48970
 -14.13960 -23.36010
 -14.16940 -23.26830
 -14.17420 -23.22900
 -14.16000 -23.18230
 -14.13290 -23.18830
 -14.06970 -23.15890
 -13.97750 -23.05920
 -13.87820 -22.87530
 -13.86580 -22.84400
 -13.90580 -22.74490
 -13.93140 -22.73940
 -13.97920 -22.72860
 -13.98940 -22.69930
 -13.96810 -22.64110
 -13.90940 -22.54080
 -13.89420 -22.51580
 -13.81970 -22.42250
 -13.79470 -22.39190
 -13.75000 -22.33860
 -13.70830 -22.28970
 -13.69190 -22.26420
 -13.68190 -22.23890
 -13.68580 -22.21690
 -13.70720 -22.20360
 -13.75080 -22.15420
 -13.76390 -22.12010
 -13.76320 -22.09870
 -13.75060 -22.07280
 -13.73000 -22.05140
 -13.70780 -22.02500
 -13.69780 -22.00670
 -13.69780 -21.99830
 -13.45280 -21.99670
 -13.31560 -21.99640
 -13.00460 -22.00150
 -13.00500 -22.50000
 -13.00470 -22.99580
 -13.00530 -23.28250
 -13.00560 -23.42310
 -13.00640 -23.58470
 -13.00690 -23.88000
 -12.99940 -24.01940
 -12.95310 -24.00620
 -12.93350 -23.99460
 -12.89640 -23.96170
 -12.88030 -23.94640
 -12.85240 -23.91190
 -12.82540 -23.89190
 -12.76360 -23.88700
 -12.51250 -23.97140
 -12.49190 -23.98530
 -12.39240 -24.05070
 -12.29750 -24.04280
 -12.27710 -24.03920
 -12.25760 -24.03110
 -12.22930 -24.00390
 -12.21180 -23.98480
 -11.88220 -23.98420
 -11.82420 -24.01240
 -11.71570 -23.99850
 -11.69690 -23.98970
 -11.66220 -23.96740
 -11.45250 -24.03190
 -11.42640 -24.05620
 -11.40280 -24.08440
 -11.25000 -24.02700
 -11.12270 -24.00780
 -10.92000 -23.98810
 -10.87050 -23.98620
 -10.86920 -23.99470
 -10.87860 -24.05850
 -10.89360 -24.09220
 -10.91670 -24.13190
 -10.97940 -24.14220
 -11.02960 -24.18560
 -11.05130 -24.31850
 -11.08860 -24.37680
 -11.11180 -24.39860
 -11.21660 -24.41650
 -11.28010 -24.41000
 -11.34990 -24.36600
 -11.40470 -24.37530
 -11.46260 -24.44920
 -11.46140 -24.52640
 -11.43780 -24.58420
 -11.40480 -24.60290
 -11.34000 -24.69280
 -11.31710 -24.73970
 -11.26500 -24.98030
 -11.26190 -25.02940
 -11.26110 -25.06640
 -11.26240 -25.12690
 -11.25240 -25.18930
 -11.22720 -25.25530
 -11.20750 -25.28440
 -11.19440 -25.32020
 -11.20530 -25.34440
 -11.27810 -25.34500
 -11.32720 -25.32250
 -11.36560 -25.29160
 -11.51610 -25.31610
 -11.55440 -25.32610
 -11.64300 -25.36360
 -11.71000 -25.49830
 -11.76750 -25.69220
 -11.80220 -25.84250
 -11.89570 -25.98350
 -11.90250 -26.00470
 -11.90500 -26.04390
 -11.90470 -26.07190
 -11.90220 -26.19810
 -11.91040 -26.43670
 -11.91560 -26.45760
 -11.92720 -26.47750
 -11.97140 -26.59860
 -11.98920 -26.67810
 -11.98440 -26.75080
 -11.97170 -26.87400
 -11.96110 -26.90220
 -11.91460 -26.95990
 -11.89580 -26.97580
 -11.87720 -26.98470
 -11.83570 -26.99440
 -11.75970 -26.99680
 -11.59690 -27.03310
 -11.57650 -27.20900
 -11.60500 -27.21890
 -11.68220 -27.22830
 -11.71700 -27.22920
 -11.74360 -27.22860
 -11.77580 -27.23110
 -11.79740 -27.24470
 -11.81330 -27.26390
 -11.87140 -27.35280
 -11.88420 -27.37470
 -11.90940 -27.41890
 -11.93690 -27.45390
 -11.97150 -27.48080
 -12.00030 -27.48670
 -12.02080 -27.48690
 -12.05890 -27.49400
 -12.16140 -27.53030
 -12.17330 -27.53580
 -12.18170 -27.54140
 -12.21350 -27.56850
 -12.22640 -27.58690
 -12.23340 -27.60010
 -12.24690 -27.58620
 -12.30550 -27.49760
 -12.27030 -27.45190
 -12.34500 -27.28220
 -12.34500 -27.25060
 -12.34030 -27.22040
 -12.33530 -27.19000
 -12.33330 -27.15370
 -12.33810 -27.05600
 -12.35940 -27.05850
 -12.38690 -27.06690
 -12.41610 -27.06890
 -12.50140 -27.06780
 -12.53160 -27.01980
 -12.64390 -26.88030
 -12.67170 -26.86280
 -12.73930 -26.84250
 -12.88850 -26.87820
 -12.92720 -26.92970
 -12.94940 -26.97390
 -12.97750 -27.03310
 -13.00490 -27.09370
 -13.12700 -27.06340
 -13.15190 -27.04530
 -13.16460 -27.02680
 -13.18310 -26.99390
 -13.20220 -26.97060
 -13.22780 -26.95930
 -13.24860 -26.95940
 -13.29160 -26.97810
 -13.33440 -26.97720
 -13.35380 -26.96710
 -13.40690 -26.91560
 -13.43740 -26.86220
 -13.54500 -26.80360
 -13.57000 -26.79500
 -13.61920 -26.78890
 -13.64960 -26.78930
 -13.67210 -26.79620
 -13.69310 -26.81420
 -13.70440 -26.83220
 -13.71660 -26.85240
 -13.72620 -26.86860
 -13.81860 -26.95490
 -13.83930 -26.95110
 -13.86720 -26.93530
 -13.88830 -26.92030
 -13.90940 -26.91170
 -14.02030 -26.89720
 -14.08140 -26.91860
 -14.11000 -26.94220
 -14.14180 -26.96560
 -14.17430 -26.98060
 -14.19780 -26.98220
 -14.40940 -26.95520
 -14.43000 -26.77280
 -14.44950 -26.56820
 -14.46740 -26.53470
 -14.57190 -26.43470
 -14.60810 -26.40640
 -14.65760 -26.37560
 -14.69340 -26.37350
 -14.71830 -26.32420
 -14.62370 -26.17760
 -14.61560 -26.15780
 -14.60690 -26.10500
 -14.59170 -26.00820
 -14.58500 -25.94030
 -14.55170 -25.58530
 -14.58520 -25.54830
4082 140 -18.07492 -15.28889 -28.94322 -24.97000 'Southern (Zambia)'
 -15.29900 -25.32470
 -15.30030 -25.34220
 -15.29920 -25.41440
 -15.29390 -25.72220
 -15.28890 -26.00970
 -15.29500 -26.06310
 -15.33060 -26.38310
 -15.33250 -26.55250
 -15.33330 -26.75080
 -15.33310 -26.81030
 -15.43810 -26.99560
 -15.47390 -27.07390
 -15.47750 -27.22310
 -15.72470 -27.28030
 -15.73990 -27.30740
 -15.58610 -27.40170
 -15.47810 -27.54240
 -15.47570 -27.56310
 -15.52060 -27.63080
 -15.55670 -27.66110
 -15.58630 -27.65890
 -15.62260 -27.65110
 -15.65000 -27.68030
 -15.66610 -27.69860
 -15.66240 -27.74060
 -15.64360 -27.76780
 -15.65110 -27.81250
 -15.66720 -27.96760
 -15.69470 -28.01920
 -15.75720 -28.11920
 -15.80560 -28.26500
 -15.78930 -28.29060
 -15.78460 -28.36330
 -15.80380 -28.43720
 -15.84750 -28.50860
 -15.89610 -28.61170
 -15.95470 -28.75680
 -15.95670 -28.80580
 -15.93460 -28.88400
 -15.93890 -28.92340
 -15.96370 -28.94320
 -15.97240 -28.92770
 -16.03650 -28.86610
 -16.05600 -28.85940
 -16.16000 -28.84780
 -16.30420 -28.83750
 -16.34000 -28.84360
 -16.36220 -28.85350
 -16.39400 -28.85240
 -16.47580 -28.82070
 -16.55590 -28.75260
 -16.59030 -28.58560
 -16.72420 -28.26000
 -16.82360 -28.13860
 -16.87310 -28.02580
 -16.95920 -27.82530
 -16.98330 -27.80750
 -17.12810 -27.70580
 -17.22470 -27.63890
 -17.34130 -27.61420
 -17.42390 -27.51970
 -17.57530 -27.34780
 -17.80650 -27.14610
 -17.85420 -27.15020
 -17.96130 -27.02940
 -17.96690 -26.99610
 -17.97440 -26.94390
 -17.98580 -26.88810
 -18.00060 -26.84140
 -18.03380 -26.74500
 -18.04970 -26.72560
 -18.07490 -26.69860
 -18.04270 -26.60550
 -17.99740 -26.56830
 -17.95000 -26.42940
 -17.93110 -26.36170
 -17.90280 -26.23000
 -17.90190 -26.19060
 -17.93140 -26.12360
 -17.96720 -26.09280
 -18.00450 -25.96750
 -17.98890 -25.90440
 -17.97500 -25.86170
 -17.94040 -25.84170
 -17.92190 -25.85430
 -17.86470 -25.78250
 -17.80760 -25.68580
 -17.81400 -25.65710
 -17.83640 -25.61850
 -17.86310 -25.51390
 -17.85690 -25.43280
 -17.85420 -25.41110
 -17.84380 -25.33900
 -17.83630 -25.31960
 -17.80220 -25.26440
 -17.78310 -25.25190
 -17.62470 -25.06530
 -17.61000 -25.03000
 -17.58390 -24.98430
 -17.55970 -24.97000
 -17.53940 -24.97170
 -17.51250 -24.97470
 -17.48000 -24.98110
 -17.29390 -25.05250
 -17.21710 -25.09970
 -17.18640 -25.08160
 -17.15940 -25.07970
 -17.07440 -25.16000
 -16.95900 -25.26290
 -16.91710 -25.28000
 -16.70490 -25.25020
 -16.68670 -25.21870
 -16.67970 -25.17690
 -16.65470 -25.08890
 -16.56470 -25.00220
 -16.53620 -24.99440
 -16.37690 -25.14570
 -16.34430 -25.19820
 -16.28470 -25.30510
 -16.13500 -25.37720
 -16.07210 -25.38250
 -16.03560 -25.34230
 -16.00330 -25.33360
 -15.92610 -25.35030
 -15.91290 -25.37530
 -15.87080 -25.38580
 -15.75640 -25.39710
 -15.73000 -25.37850
 -15.72310 -25.35760
 -15.74180 -25.34060
 -15.75920 -25.31930
 -15.75690 -25.28820
 -15.73560 -25.26690
 -15.70930 -25.25250
 -15.59540 -25.22210
 -15.56220 -25.25570
 -15.54580 -25.26810
 -15.42420 -25.32030
 -15.34130 -25.34510
 -15.29900 -25.32470
4083 171 -17.62584 -13.68195 -25.54834 -21.99777 'Western (Zambia)'
 -15.29900 -25.32470
 -15.34130 -25.34510
 -15.42420 -25.32030
 -15.54580 -25.26810
 -15.56220 -25.25570
 -15.59540 -25.22210
 -15.70930 -25.25250
 -15.73560 -25.26690
 -15.75690 -25.28820
 -15.75920 -25.31930
 -15.74180 -25.34060
 -15.72310 -25.35760
 -15.73000 -25.37850
 -15.75640 -25.39710
 -15.87080 -25.38580
 -15.91290 -25.37530
 -15.92610 -25.35030
 -16.00330 -25.33360
 -16.03560 -25.34230
 -16.07210 -25.38250
 -16.13500 -25.37720
 -16.28470 -25.30510
 -16.34430 -25.19820
 -16.37690 -25.14570
 -16.53620 -24.99440
 -16.56470 -25.00220
 -16.65470 -25.08890
 -16.67970 -25.17690
 -16.68670 -25.21870
 -16.70490 -25.25020
 -16.91710 -25.28000
 -16.95900 -25.26290
 -17.07440 -25.16000
 -17.15940 -25.07970
 -17.18640 -25.08160
 -17.21710 -25.09970
 -17.29390 -25.05250
 -17.48000 -24.98110
 -17.51250 -24.97470
 -17.53940 -24.97170
 -17.55970 -24.97000
 -17.54080 -24.91250
 -17.51560 -24.81780
 -17.49830 -24.70860
 -17.49360 -24.66390
 -17.49670 -24.63820
 -17.50580 -24.61920
 -17.53390 -24.59030
 -17.53350 -24.56540
 -17.52500 -24.54220
 -17.50810 -24.50250
 -17.48240 -24.44010
 -17.47350 -24.38120
 -17.47840 -24.23910
 -17.51960 -24.02900
 -17.56030 -23.82080
 -17.62580 -23.47610
 -17.61580 -23.45440
 -17.47970 -23.20170
 -17.33190 -23.06500
 -17.07000 -22.76250
 -17.04140 -22.73060
 -16.78090 -22.49390
 -16.61220 -22.29330
 -16.56170 -22.21780
 -16.54110 -22.18830
 -16.48590 -22.13510
 -16.38210 -22.13150
 -16.34880 -22.12390
 -16.32250 -22.11190
 -16.23410 -22.06720
 -16.18330 -22.01440
 -16.17170 -22.00010
 -16.12280 -21.99970
 -16.00000 -21.99920
 -15.60560 -22.00000
 -15.45110 -22.00000
 -14.95000 -21.99920
 -14.89860 -21.99920
 -14.84720 -21.99920
 -14.74420 -21.99920
 -14.45250 -21.99970
 -14.00670 -21.99940
 -13.96750 -21.99940
 -13.91610 -21.99860
 -13.72720 -21.99780
 -13.69780 -21.99830
 -13.69780 -22.00670
 -13.70780 -22.02500
 -13.73000 -22.05140
 -13.75060 -22.07280
 -13.76320 -22.09870
 -13.76390 -22.12010
 -13.75080 -22.15420
 -13.70720 -22.20360
 -13.68580 -22.21690
 -13.68190 -22.23890
 -13.69190 -22.26420
 -13.70830 -22.28970
 -13.75000 -22.33860
 -13.79470 -22.39190
 -13.81970 -22.42250
 -13.89420 -22.51580
 -13.90940 -22.54080
 -13.96810 -22.64110
 -13.98940 -22.69930
 -13.97920 -22.72860
 -13.93140 -22.73940
 -13.90580 -22.74490
 -13.86580 -22.84400
 -13.87820 -22.87530
 -13.97750 -23.05920
 -14.06970 -23.15890
 -14.13290 -23.18830
 -14.16000 -23.18230
 -14.17420 -23.22900
 -14.16940 -23.26830
 -14.13960 -23.36010
 -14.07470 -23.48970
 -13.99360 -23.68920
 -13.98810 -23.77750
 -13.99130 -23.83950
 -14.00220 -23.90890
 -14.00360 -23.98820
 -13.99510 -24.01620
 -13.96440 -24.05250
 -13.90440 -24.22580
 -13.91190 -24.28890
 -13.93960 -24.33430
 -13.95920 -24.38110
 -13.96030 -24.42780
 -13.95920 -24.59310
 -13.95880 -24.66170
 -14.00690 -24.70930
 -14.04610 -24.72670
 -14.08320 -24.72540
 -14.11380 -24.73830
 -14.12680 -24.75440
 -14.19860 -24.96000
 -14.21260 -25.05820
 -14.23210 -25.08460
 -14.25940 -25.08920
 -14.29350 -25.08680
 -14.42490 -25.05040
 -14.44140 -25.03440
 -14.45670 -25.00640
 -14.46530 -24.98310
 -14.47830 -24.96630
 -14.55710 -24.96060
 -14.57890 -24.96830
 -14.60930 -24.99340
 -14.63040 -25.02120
 -14.63650 -25.04030
 -14.62880 -25.16240
 -14.61810 -25.19970
 -14.60190 -25.23310
 -14.57650 -25.31760
 -14.58280 -25.51970
 -14.58520 -25.54830
 -14.58830 -25.53830
 -14.60690 -25.51970
 -14.63400 -25.50310
 -14.68860 -25.47620
 -14.87420 -25.42080
 -14.89580 -25.42060
 -14.96720 -25.45490
 -15.02570 -25.45500
 -15.11390 -25.41530
 -15.13420 -25.38420
 -15.21670 -25.32720
 -15.29900 -25.32470
