5 263 14.91506 25.00027 -4.25139 6.57722 'Gao (Mali)'
 22.99030 6.33595
 23.25470 6.36695
 23.87880 6.44180
 24.16140 6.47528
 24.45810 6.51111
 24.56280 6.52389
 24.63250 6.53334
 24.99920 6.57722
 25.00000 6.50028
 25.00000 6.36695
 24.99940 6.29972
 24.99940 6.13389
 25.00000 5.76722
 24.99940 4.96666
 24.99940 4.86666
 25.00030 4.80611
 24.82500 4.52528
 24.57110 4.12305
 24.36030 3.79222
 24.14890 3.46278
 24.00050 3.23377
 23.73470 2.82498
 23.48720 2.44834
 23.25000 2.09000
 23.02330 1.75055
 22.79560 1.41222
 22.61280 1.14278
 22.36110 0.77389
 22.11970 0.42334
 21.90060 0.10750
 21.83060 0.00805
 21.81530 -0.01555
 21.73310 -0.14972
 21.66080 -0.26722
 21.57830 -0.40111
 21.35170 -0.76834
 21.10090 -1.17080
 21.05780 -1.18555
 21.02280 -1.19486
 21.00250 -1.19715
 20.93750 -1.19250
 20.90060 -1.18639
 20.87750 -1.18139
 20.84060 -1.17076
 20.80010 -1.16028
 20.75490 -1.16340
 20.73370 -1.17639
 20.68190 -1.35139
 20.64140 -1.47834
 20.62670 -1.51889
 20.59990 -1.57792
 20.57110 -1.62750
 20.53820 -1.66166
 20.46470 -1.67195
 20.41560 -1.66840
 20.37000 -1.71500
 20.31290 -1.78972
 20.30110 -1.81028
 20.25970 -1.90028
 20.21870 -2.09084
 20.23640 -2.12916
 20.27650 -2.17389
 20.28310 -2.20361
 20.27420 -2.22750
 20.24200 -2.27576
 20.20310 -2.32000
 20.17780 -2.34416
 20.16110 -2.35528
 20.12690 -2.37666
 20.10890 -2.38639
 20.06560 -2.40590
 20.05310 -2.42166
 20.02220 -2.51486
 20.00170 -2.58778
 20.00250 -2.70264
 19.96690 -2.90222
 19.92780 -3.00611
 19.91780 -3.02861
 19.81710 -3.23305
 19.73750 -3.23084
 19.62330 -3.22305
 19.58420 -3.21250
 19.55670 -3.21153
 19.44600 -3.24840
 19.42570 -3.27042
 19.40580 -3.27805
 19.37670 -3.27257
 19.25610 -3.19111
 19.20190 -3.14639
 19.18000 -3.12584
 19.14560 -3.11701
 19.11710 -3.13736
 19.07860 -3.18389
 18.97640 -3.33195
 19.05170 -3.73334
 19.08480 -3.90910
 19.09310 -3.95278
 19.11670 -4.08084
 19.14670 -4.24528
 19.07250 -4.24528
 18.86640 -4.24584
 18.66060 -4.24555
 18.64530 -4.24500
 17.99810 -4.24666
 17.64810 -4.24861
 17.47610 -4.24972
 17.29200 -4.25111
 16.99400 -4.25139
 16.91500 -4.22111
 16.82080 -4.19889
 16.74670 -4.19958
 16.39390 -4.20084
 16.38420 -4.17958
 16.36970 -4.14528
 16.34810 -4.11416
 16.33070 -4.09639
 16.29860 -4.07208
 16.07030 -3.98084
 15.94190 -3.95028
 15.74860 -3.90222
 15.72750 -3.89500
 15.70920 -3.88500
 15.70670 -3.88195
 15.67420 -3.84639
 15.66400 -3.81805
 15.66120 -3.77931
 15.65490 -3.73326
 15.51220 -3.56722
 15.42920 -3.53555
 15.39830 -3.53084
 15.35990 -3.51810
 15.39240 -3.30705
 15.43310 -3.03250
 15.41400 -3.02278
 15.34180 -3.01181
 15.34470 -2.86000
 15.35060 -2.62805
 15.34500 -2.51055
 15.31890 -1.97416
 15.31530 -1.88472
 15.28670 -1.31250
 15.07940 -1.08555
 14.99530 -0.99445
 14.97860 -0.97472
 14.97750 -0.93889
 14.96860 -0.77834
 14.96080 -0.73111
 14.94220 -0.69500
 14.95560 -0.65389
 14.96750 -0.61861
 15.00080 -0.51222
 14.97860 -0.45055
 14.96060 -0.39666
 14.97560 -0.33416
 14.98860 -0.28084
 15.00000 -0.23777
 14.95030 -0.23222
 14.91510 -0.23505
 14.99440 -0.00000
 15.07750 0.24639
 15.00530 0.38666
 15.08280 0.44361
 15.08240 0.72315
 15.09110 0.73361
 15.12330 0.98278
 15.13440 1.07166
 15.14060 1.12528
 15.16060 1.25986
 15.17670 1.27889
 15.20110 1.30334
 15.22080 1.32584
 15.26320 1.37500
 15.28810 1.40639
 15.31610 1.44861
 15.36360 1.52125
 15.37250 1.54084
 15.38470 1.57139
 15.40190 1.61889
 15.40920 1.64750
 15.41810 1.70305
 15.42060 1.72945
 15.41650 1.79236
 15.41140 1.82584
 15.40310 1.87389
 15.39080 1.95334
 15.38920 1.98000
 15.39220 2.01278
 15.39890 2.05278
 15.40560 2.08555
 15.41030 2.12389
 15.40970 2.15334
 15.36780 2.27889
 15.32500 2.40416
 15.29500 2.50334
 15.32750 2.67195
 15.64600 2.81292
 15.66940 2.81139
 15.71500 2.80472
 15.74540 2.80528
 15.77170 2.80972
 15.82620 2.83604
 15.91150 2.86492
 15.94920 2.79750
 16.06890 2.95750
 16.15970 3.08945
 16.00140 3.05861
 16.00170 3.59357
 16.07900 3.52819
 16.08460 3.49805
 16.08770 3.47319
 16.10770 3.46139
 16.14060 3.46208
 16.13160 3.57479
 16.11720 3.60278
 16.10680 3.64903
 16.10530 3.67084
 16.11810 3.74305
 16.12500 3.77889
 16.15780 3.87139
 16.19560 3.99139
 16.10000 4.20666
 16.04390 4.33222
 15.92330 4.60111
 15.83390 4.79805
 15.78640 4.90334
 15.79750 4.99305
 15.80780 5.06778
 15.71830 5.15500
 15.61690 5.27028
 15.53970 5.40735
 15.49840 5.49505
 15.51560 5.49361
 15.56720 5.48389
 15.89440 5.42028
 16.06640 5.38611
 16.13530 5.37250
 16.32810 5.33500
 16.50780 5.60139
 16.74860 5.62805
 17.35030 5.69445
 17.83110 5.74778
 18.15250 5.78278
 18.34140 5.80334
 18.65000 5.83778
 18.78720 5.85389
 19.06170 5.88445
 19.21580 5.90111
 19.37000 5.91834
 19.71250 5.95666
 19.86640 5.97416
 20.14920 6.00666
 20.55940 6.05528
 20.74720 6.07750
 20.99940 6.10722
 21.22110 6.13223
 21.40890 6.15305
 21.59640 6.17445
 21.88580 6.20834
 22.03920 6.22611
 22.66860 6.29889
 22.85560 6.31973
 22.90640 6.32584
 22.99030 6.33595
1492 217 11.47000 15.50722 5.96555 9.18467 'Bamako (Mali)'
 12.43750 9.08473
 12.55310 8.94750
 12.62720 8.93778
 12.63550 8.80243
 12.75080 8.61028
 12.93360 8.59361
 13.09990 8.58146
 13.21940 8.55750
 13.24510 8.53493
 13.40250 8.44639
 13.42970 8.44916
 13.46310 8.45653
 13.49080 8.46723
 13.53310 8.50389
 13.56080 8.53195
 13.57810 8.54417
 13.70040 8.55285
 13.73940 8.52486
 13.76000 8.49472
 13.81330 8.45778
 13.85970 8.44473
 13.92080 8.46639
 13.94890 8.48028
 13.95310 8.52931
 13.94940 8.55805
 13.92080 8.57916
 13.84970 8.58566
 13.83480 8.62111
 13.84440 8.70305
 13.87000 8.73695
 13.96880 8.84895
 13.99470 8.85834
 14.06330 8.82084
 14.10340 8.77437
 14.11750 8.75590
 14.19600 8.76611
 14.24530 8.78986
 14.26710 8.78871
 14.29720 8.69166
 14.30970 8.65195
 14.38220 8.58834
 14.36810 8.57028
 14.27690 8.45473
 14.30560 8.12278
 14.32280 8.14000
 14.35670 8.17611
 14.45920 8.14778
 14.51000 8.25500
 14.52220 8.27916
 14.53420 8.29750
 14.65670 8.47223
 14.80080 8.46223
 14.94010 8.52986
 14.94190 8.59431
 14.93920 8.62028
 14.94120 8.66458
 14.94440 8.68945
 14.95390 8.73528
 14.97830 8.78292
 15.00610 8.79528
 15.03550 8.79222
 15.18690 8.82166
 15.22250 8.87611
 15.41780 9.16834
 15.49820 9.18467
 15.49890 9.09055
 15.49830 9.03695
 15.49830 8.99639
 15.50110 8.58528
 15.50140 8.51389
 15.50080 8.50509
 15.50140 8.05111
 15.50080 8.00139
 15.50330 7.66222
 15.50500 7.50111
 15.50580 7.35834
 15.50720 7.01889
 15.50580 6.65861
 15.50440 6.42639
 15.50360 6.31916
 15.50280 6.30798
 15.48640 6.31389
 15.43470 6.32889
 15.21060 6.39222
 15.14560 6.41139
 14.93110 6.57250
 14.82280 6.47361
 14.54640 6.40055
 14.44420 6.43861
 14.48080 6.63389
 14.11780 6.84945
 14.00080 6.91861
 13.69470 6.91639
 13.62610 6.87750
 13.52640 6.82445
 13.35370 6.84549
 13.35890 6.89632
 13.32720 6.96069
 13.23420 7.06055
 13.19490 7.09653
 13.01510 7.12431
 12.98470 7.10858
 12.98140 7.06584
 12.92830 6.96028
 12.90920 6.93666
 12.83060 6.93958
 12.77420 6.91389
 12.75860 6.87695
 12.78920 6.75555
 12.78140 6.60528
 12.68080 6.50859
 12.71490 6.48395
 12.72420 6.46000
 12.72500 6.42237
 12.65570 6.41292
 12.60690 6.39222
 12.58830 6.38139
 12.58580 6.35584
 12.57680 6.28708
 12.54950 6.25666
 12.50130 6.26319
 12.47310 6.26778
 12.43610 6.24916
 12.41000 6.22084
 12.33810 6.12695
 12.33120 6.02326
 12.31760 5.99153
 12.23420 5.96555
 12.19790 5.96653
 12.17260 5.98139
 12.12860 6.12945
 12.11070 6.29834
 12.09620 6.33036
 12.04980 6.38035
 11.99790 6.37444
 11.89530 6.39000
 11.74610 6.47500
 11.72130 6.48416
 11.67890 6.48264
 11.65570 6.49416
 11.64260 6.52320
 11.64030 6.55945
 11.68640 6.55695
 11.71670 6.55792
 11.73510 6.56722
 11.75830 6.58916
 11.76940 6.60584
 11.77890 6.63139
 11.78190 6.66320
 11.77540 6.72361
 11.77310 6.76028
 11.78030 6.80528
 11.79100 6.82250
 11.95230 6.97903
 11.96860 7.00625
 11.97900 7.03416
 11.99180 7.07375
 12.06890 7.15618
 12.09010 7.11128
 12.17740 7.08070
 12.20390 7.08111
 12.38940 7.13834
 12.40970 7.17028
 12.33470 7.28514
 12.31460 7.29195
 12.27580 7.29542
 12.25500 7.30945
 12.23750 7.33014
 12.22140 7.36000
 12.21360 7.38584
 12.18330 7.44250
 12.17000 7.46445
 12.13000 7.51125
 12.07610 7.52431
 12.03960 7.51090
 11.98990 7.54514
 11.95420 7.63028
 11.90890 7.74666
 11.88610 7.82250
 11.86390 7.89042
 11.78870 7.97028
 11.75390 7.97125
 11.72140 7.99597
 11.69350 8.10528
 11.69710 8.12958
 11.71720 8.15473
 11.73560 8.18916
 11.70610 8.27889
 11.64890 8.44555
 11.56940 8.50473
 11.55080 8.51361
 11.49390 8.53388
 11.48000 8.54778
 11.47000 8.57778
 11.47510 8.60472
 11.49720 8.63805
 11.52040 8.65666
 11.55670 8.67250
 11.60250 8.68942
 11.63220 8.69473
 11.65600 8.70597
 11.63860 8.73702
 11.63990 8.77389
 11.66170 8.83166
 11.85670 8.79278
 11.92580 8.77973
 12.00630 8.79690
 12.19120 8.93681
 12.19570 8.96208
 12.22960 8.98045
 12.27850 8.97750
 12.31560 8.95584
 12.33470 8.94361
 12.35470 8.94834
 12.39280 8.98000
 12.43500 9.05618
 12.43750 9.08473
1493 238 11.89261 15.70472 8.12278 12.24484 'Kayes (Mali)'
 12.13020 11.44940
 12.13610 11.45940
 12.17640 11.49420
 12.20610 11.49470
 12.22760 11.48150
 12.24440 11.45070
 12.38330 11.38310
 12.40780 11.37310
 12.44780 11.37360
 12.53500 11.40890
 12.56940 11.41690
 12.65610 11.42420
 12.83190 11.39500
 12.93220 11.36990
 12.98290 11.37610
 13.08580 11.46330
 13.11210 11.51510
 13.14010 11.52890
 13.21240 11.55620
 13.25470 11.53940
 13.28280 11.55220
 13.35830 11.60810
 13.39150 11.63460
 13.41250 11.71630
 13.40900 11.74100
 13.36470 11.75860
 13.30930 11.80950
 13.38160 11.88730
 13.42040 11.87820
 13.52810 11.96550
 13.55640 11.99080
 13.61080 12.03440
 13.66470 12.05720
 13.69560 12.06440
 13.72860 12.04140
 13.74670 12.01000
 13.76120 11.98940
 13.78170 11.96780
 13.80100 11.95570
 13.83030 11.94780
 13.85890 11.94250
 13.88360 11.94170
 13.90680 11.94330
 13.92280 11.95880
 13.94370 11.98670
 13.96620 12.00790
 14.01850 12.01400
 14.06180 12.00440
 14.15140 11.98000
 14.17280 11.98220
 14.27750 12.03030
 14.37420 12.15080
 14.39530 12.20640
 14.50530 12.22570
 14.53970 12.21690
 14.60750 12.17860
 14.75060 12.24420
 14.76440 12.24480
 14.76830 12.17500
 14.73960 12.09430
 14.72560 12.06000
 14.77150 11.97430
 14.84080 11.86690
 14.86310 11.84140
 14.92500 11.81530
 15.01480 11.79630
 15.05030 11.81220
 15.04690 11.84090
 15.09720 11.84670
 15.19530 11.83220
 15.32110 11.79530
 15.43860 11.75500
 15.47740 11.74060
 15.49870 11.71620
 15.52580 11.71080
 15.54500 11.71170
 15.52530 11.63990
 15.54560 11.59970
 15.59640 11.53780
 15.64180 11.49860
 15.64330 11.45530
 15.63350 11.41810
 15.57570 11.36510
 15.52440 11.33720
 15.47500 11.30220
 15.45560 11.28670
 15.43140 11.25390
 15.42000 11.23690
 15.39420 11.20000
 15.37470 11.17250
 15.24280 10.99310
 15.22310 10.98500
 15.19890 10.97390
 15.12470 10.91440
 15.11040 10.89660
 15.20610 10.84810
 15.31140 10.76430
 15.34140 10.73460
 15.37440 10.71940
 15.43890 10.71640
 15.43210 10.67510
 15.43030 10.65000
 15.42810 10.60500
 15.43230 10.56740
 15.43720 10.47000
 15.44120 10.31070
 15.43790 10.28970
 15.40810 10.21280
 15.37280 10.11810
 15.36860 10.08690
 15.36690 10.06060
 15.36690 10.03280
 15.37470 9.81139
 15.38620 9.77826
 15.40560 9.74625
 15.43000 9.69666
 15.43110 9.66084
 15.44430 9.40973
 15.47890 9.41528
 15.59690 9.44250
 15.70470 9.33805
 15.67750 9.31181
 15.56360 9.33250
 15.49970 9.33361
 15.49860 9.22639
 15.49820 9.18467
 15.41780 9.16834
 15.22250 8.87611
 15.18690 8.82166
 15.03550 8.79222
 15.00610 8.79528
 14.97830 8.78292
 14.95390 8.73528
 14.94440 8.68945
 14.94120 8.66458
 14.93920 8.62028
 14.94190 8.59431
 14.94010 8.52986
 14.80080 8.46223
 14.65670 8.47223
 14.53420 8.29750
 14.52220 8.27916
 14.51000 8.25500
 14.45920 8.14778
 14.35670 8.17611
 14.32280 8.14000
 14.30560 8.12278
 14.27690 8.45473
 14.36810 8.57028
 14.38220 8.58834
 14.30970 8.65195
 14.29720 8.69166
 14.26710 8.78871
 14.24530 8.78986
 14.19600 8.76611
 14.11750 8.75590
 14.10340 8.77437
 14.06330 8.82084
 13.99470 8.85834
 13.96880 8.84895
 13.87000 8.73695
 13.84440 8.70305
 13.83480 8.62111
 13.84970 8.58566
 13.92080 8.57916
 13.94940 8.55805
 13.95310 8.52931
 13.94890 8.48028
 13.92080 8.46639
 13.85970 8.44473
 13.81330 8.45778
 13.76000 8.49472
 13.73940 8.52486
 13.70040 8.55285
 13.57810 8.54417
 13.56080 8.53195
 13.53310 8.50389
 13.49080 8.46723
 13.46310 8.45653
 13.42970 8.44916
 13.40250 8.44639
 13.24510 8.53493
 13.21940 8.55750
 13.09990 8.58146
 12.93360 8.59361
 12.75080 8.61028
 12.63550 8.80243
 12.62720 8.93778
 12.55310 8.94750
 12.43750 9.08473
 12.48510 9.15305
 12.49970 9.25305
 12.50470 9.31167
 12.48850 9.35986
 12.45210 9.40028
 12.40640 9.34584
 12.36220 9.29500
 12.31280 9.30199
 12.26810 9.31847
 12.25280 9.34584
 12.25030 9.37055
 12.25440 9.39805
 12.18810 9.58028
 12.16560 9.62834
 12.15370 9.64458
 12.13170 9.66403
 12.11110 9.67028
 12.08180 9.66722
 12.02920 9.70195
 12.02780 9.75792
 12.05480 9.86522
 12.09330 9.91195
 12.17900 10.09880
 12.22350 10.32710
 12.19580 10.33090
 12.16640 10.35720
 12.11710 10.45290
 11.99440 10.56280
 11.89260 10.65270
 11.89810 10.68500
 11.91920 10.72800
 11.96330 10.74330
 12.11280 10.81470
 12.19760 10.88850
 12.21580 10.90970
 12.22440 10.92890
 12.22610 10.95820
 12.20460 11.04570
 12.11750 11.10110
 12.04400 11.15070
 12.02720 11.17050
 12.01690 11.17740
 11.99520 11.24310
 12.02570 11.31960
 12.04680 11.34010
 12.10480 11.37500
 12.12000 11.41330
 12.13020 11.44940
1494 270 10.14215 13.22854 4.37063 8.67979 'Sikasso (Mali)'
 10.23640 6.19716
 10.36470 6.18000
 10.40310 6.18028
 10.43470 6.18166
 10.46360 6.18305
 10.56940 6.21250
 10.63650 6.18910
 10.72290 6.22441
 10.73530 6.24340
 10.68800 6.41355
 10.62310 6.41708
 10.59410 6.38805
 10.55170 6.42191
 10.57610 6.53305
 10.61000 6.58931
 10.63730 6.60181
 10.66090 6.62160
 10.66400 6.64560
 10.62820 6.66916
 10.59830 6.67666
 10.49170 6.68500
 10.46070 6.66924
 10.45280 6.65028
 10.43360 6.63195
 10.36100 6.65084
 10.35410 6.65641
 10.35060 6.71972
 10.35370 6.94084
 10.33350 6.96049
 10.24780 6.98105
 10.22580 6.95542
 10.20820 6.94542
 10.17750 6.94834
 10.15600 6.96861
 10.14750 6.98805
 10.14220 7.01945
 10.15620 7.03958
 10.18990 7.06132
 10.20330 7.07861
 10.22310 7.12805
 10.23670 7.18389
 10.25440 7.26972
 10.32710 7.34820
 10.35080 7.35973
 10.39720 7.45166
 10.44670 7.63799
 10.40330 7.70319
 10.37720 7.73195
 10.33080 7.75472
 10.29610 7.75660
 10.24530 7.78778
 10.20240 7.82645
 10.17390 7.88916
 10.15710 7.93945
 10.15990 7.96375
 10.16560 7.97398
 10.24300 7.94202
 10.32880 7.97645
 10.42390 8.14111
 10.41650 8.18653
 10.42570 8.21805
 10.50250 8.27000
 10.54940 8.28195
 10.76080 8.32139
 10.84940 8.28750
 11.00780 8.28972
 11.05330 8.34607
 11.05080 8.45805
 11.00560 8.51111
 10.97280 8.58361
 10.95890 8.67153
 11.00250 8.67979
 11.12720 8.61000
 11.28840 8.47743
 11.29190 8.45166
 11.28100 8.43139
 11.27970 8.39389
 11.28740 8.36896
 11.31420 8.35611
 11.37510 8.36285
 11.39280 8.39055
 11.41980 8.46063
 11.42060 8.49597
 11.43470 8.51653
 11.49390 8.53388
 11.55080 8.51361
 11.56940 8.50473
 11.64890 8.44555
 11.70610 8.27889
 11.73560 8.18916
 11.71720 8.15473
 11.69710 8.12958
 11.69350 8.10528
 11.72140 7.99597
 11.75390 7.97125
 11.78870 7.97028
 11.86390 7.89042
 11.88610 7.82250
 11.90890 7.74666
 11.95420 7.63028
 11.98990 7.54514
 12.03960 7.51090
 12.07610 7.52431
 12.13000 7.51125
 12.17000 7.46445
 12.18330 7.44250
 12.21360 7.38584
 12.22140 7.36000
 12.23750 7.33014
 12.25500 7.30945
 12.27580 7.29542
 12.31460 7.29195
 12.33470 7.28514
 12.40970 7.17028
 12.38940 7.13834
 12.20390 7.08111
 12.17740 7.08070
 12.09010 7.11128
 12.06890 7.15618
 11.99180 7.07375
 11.97900 7.03416
 11.96860 7.00625
 11.95230 6.97903
 11.79100 6.82250
 11.78030 6.80528
 11.77310 6.76028
 11.77540 6.72361
 11.78190 6.66320
 11.77890 6.63139
 11.76940 6.60584
 11.75830 6.58916
 11.73510 6.56722
 11.71670 6.55792
 11.68640 6.55695
 11.64030 6.55945
 11.64260 6.52320
 11.65570 6.49416
 11.67890 6.48264
 11.72130 6.48416
 11.74610 6.47500
 11.89530 6.39000
 11.99790 6.37444
 12.04980 6.38035
 12.09620 6.33036
 12.11070 6.29834
 12.12860 6.12945
 12.17260 5.98139
 12.19790 5.96653
 12.23420 5.96555
 12.31760 5.99153
 12.33120 6.02326
 12.33810 6.12695
 12.41000 6.22084
 12.43610 6.24916
 12.47310 6.26778
 12.50130 6.26319
 12.54950 6.25666
 12.57680 6.28708
 12.58580 6.35584
 12.58830 6.38139
 12.60690 6.39222
 12.65570 6.41292
 12.72500 6.42237
 12.74610 6.38305
 12.81010 6.30202
 12.83000 6.30000
 12.86010 6.31236
 12.87390 6.33014
 12.90330 6.34174
 12.98680 6.32986
 13.00610 6.31584
 13.02960 6.26570
 13.03640 6.19805
 13.04800 6.12215
 13.11460 6.03681
 13.14690 6.02049
 13.19180 5.97097
 13.21140 5.88472
 13.20220 5.81555
 13.18400 5.78472
 13.18220 5.72736
 13.20250 5.67555
 13.22850 5.65681
 13.19150 5.54407
 13.17790 5.56868
 13.13860 5.60055
 13.11500 5.61195
 13.07610 5.62416
 13.03690 5.61924
 13.00350 5.58486
 12.96960 5.47771
 12.98640 5.35805
 12.97740 5.33889
 12.95900 5.32236
 12.93780 5.31945
 12.90360 5.31021
 12.83600 5.27903
 12.81110 5.25139
 12.80280 5.22472
 12.77110 5.17389
 12.73120 5.13334
 12.67310 5.11542
 12.63610 4.99555
 12.63510 4.86125
 12.64280 4.84181
 12.80690 4.69472
 12.79920 4.66361
 12.74330 4.50834
 12.72390 4.46889
 12.71360 4.47028
 12.66530 4.47493
 12.63810 4.45326
 12.62900 4.42875
 12.52870 4.37063
 12.50490 4.39708
 12.47260 4.41861
 12.42930 4.43611
 12.30080 4.41750
 12.27470 4.48250
 12.20110 4.56945
 12.11540 4.62486
 12.09330 4.63042
 12.06720 4.63343
 12.06280 4.69861
 12.00860 4.94278
 11.97560 5.07972
 11.96440 5.11750
 11.95280 5.14708
 11.93560 5.16834
 11.84390 5.27305
 11.78810 5.28750
 11.68690 5.26861
 11.58880 5.22389
 11.53820 5.20166
 11.46170 5.20861
 11.25260 5.24785
 11.13940 5.29945
 11.12010 5.32195
 11.10140 5.36264
 11.09440 5.39416
 11.08690 5.46361
 11.07730 5.48563
 11.03350 5.48653
 11.00220 5.47945
 10.89720 5.44334
 10.86940 5.41916
 10.84170 5.41118
 10.76330 5.44473
 10.72170 5.45621
 10.69930 5.46431
 10.63250 5.47334
 10.52720 5.48361
 10.43630 5.51985
 10.45720 5.56569
 10.44600 5.66924
 10.43000 5.70181
 10.42280 5.72611
 10.42330 5.74639
 10.42640 5.78231
 10.42120 5.79750
 10.36970 5.88222
 10.28440 5.93750
 10.23760 5.96403
 10.21650 5.97736
 10.19120 6.00416
 10.19080 6.09028
 10.19780 6.11139
 10.21190 6.14555
 10.23170 6.18834
 10.23640 6.19716
1506 176 13.16650 16.19555 0.72315 5.71021 'Mopti (Mali)'
 15.53970 5.40735
 15.61690 5.27028
 15.71830 5.15500
 15.80780 5.06778
 15.79750 4.99305
 15.78640 4.90334
 15.83390 4.79805
 15.92330 4.60111
 16.04390 4.33222
 16.10000 4.20666
 16.19560 3.99139
 16.15780 3.87139
 16.12500 3.77889
 16.11810 3.74305
 16.10530 3.67084
 16.10680 3.64903
 16.11720 3.60278
 16.13160 3.57479
 16.14060 3.46208
 16.10770 3.46139
 16.08770 3.47319
 16.08460 3.49805
 16.07900 3.52819
 16.00170 3.59357
 16.00140 3.05861
 16.15970 3.08945
 16.06890 2.95750
 15.94920 2.79750
 15.91150 2.86492
 15.82620 2.83604
 15.77170 2.80972
 15.74540 2.80528
 15.71500 2.80472
 15.66940 2.81139
 15.64600 2.81292
 15.32750 2.67195
 15.29500 2.50334
 15.32500 2.40416
 15.36780 2.27889
 15.40970 2.15334
 15.41030 2.12389
 15.40560 2.08555
 15.39890 2.05278
 15.39220 2.01278
 15.38920 1.98000
 15.39080 1.95334
 15.40310 1.87389
 15.41140 1.82584
 15.41650 1.79236
 15.42060 1.72945
 15.41810 1.70305
 15.40920 1.64750
 15.40190 1.61889
 15.38470 1.57139
 15.37250 1.54084
 15.36360 1.52125
 15.31610 1.44861
 15.28810 1.40639
 15.26320 1.37500
 15.22080 1.32584
 15.20110 1.30334
 15.17670 1.27889
 15.16060 1.25986
 15.14060 1.12528
 15.13440 1.07166
 15.12330 0.98278
 15.09110 0.73361
 15.08240 0.72315
 15.08280 0.72528
 14.84010 1.00303
 14.77690 1.07416
 14.78420 1.09389
 14.72860 1.31889
 14.70140 1.36185
 14.50060 1.67834
 14.48110 1.77778
 14.48860 1.90750
 14.47470 1.98084
 14.41030 1.98416
 14.37690 1.98945
 14.34250 1.99250
 14.30810 1.99666
 14.18780 2.00695
 14.15260 2.10372
 14.15140 2.10750
 14.21780 2.24500
 14.23830 2.28945
 14.26560 2.38416
 14.28610 2.46514
 14.21170 2.59972
 14.16190 2.64666
 14.05030 2.81555
 14.00560 2.84000
 13.82240 2.90375
 13.72170 2.90445
 13.66430 2.88222
 13.63310 2.94222
 13.62920 2.95832
 13.68610 3.09945
 13.70810 3.21111
 13.69670 3.25750
 13.55030 3.27334
 13.49640 3.26028
 13.35970 3.23722
 13.32250 3.23389
 13.28810 3.23222
 13.27720 3.37389
 13.27670 3.39416
 13.27610 3.42610
 13.26100 3.44270
 13.23540 3.43232
 13.21140 3.42445
 13.18420 3.42714
 13.16650 3.43767
 13.17140 3.44885
 13.17890 3.50834
 13.17830 3.53805
 13.20280 3.58861
 13.22360 3.61695
 13.35910 3.78573
 13.44850 3.90326
 13.50140 3.95625
 13.50380 3.96425
 13.52350 3.99090
 13.55240 3.99840
 13.58530 3.98097
 13.60900 3.97931
 13.65940 4.01084
 13.70530 4.04666
 13.73280 4.10195
 13.78030 4.09055
 13.83190 4.07750
 13.85330 4.07445
 13.95360 4.13805
 13.92940 4.19445
 13.88970 4.27250
 13.81220 4.33166
 13.70890 4.40834
 13.65420 4.49305
 13.62460 4.63090
 13.63020 4.67510
 13.65860 4.75889
 13.67630 4.85607
 13.63250 4.87084
 13.61570 4.88181
 13.61940 4.90208
 13.66120 4.92514
 13.69170 4.93250
 13.84610 4.94847
 13.87990 4.93542
 13.89290 4.91695
 13.89600 4.88458
 13.99970 4.88139
 13.99970 5.00305
 13.99870 5.07334
 13.99750 5.22445
 14.09690 5.22584
 14.18310 5.22666
 14.26920 5.22695
 14.31250 5.30139
 14.33220 5.33695
 14.38310 5.42611
 14.49500 5.62195
 14.55410 5.71021
 14.64760 5.68389
 14.92580 5.56528
 14.93840 5.54069
 14.93930 5.49792
 14.96110 5.40139
 15.00340 5.25030
 15.13160 5.16707
 15.19560 5.12611
 15.46930 5.26611
 15.46750 5.37416
 15.52310 5.40028
 15.53970 5.40735
1507 153 12.63514 15.53972 3.96425 7.12431 'Segou (Mali)'
 12.72390 4.46889
 12.74330 4.50834
 12.79920 4.66361
 12.80690 4.69472
 12.64280 4.84181
 12.63510 4.86125
 12.63610 4.99555
 12.67310 5.11542
 12.73120 5.13334
 12.77110 5.17389
 12.80280 5.22472
 12.81110 5.25139
 12.83600 5.27903
 12.90360 5.31021
 12.93780 5.31945
 12.95900 5.32236
 12.97740 5.33889
 12.98640 5.35805
 12.96960 5.47771
 13.00350 5.58486
 13.03690 5.61924
 13.07610 5.62416
 13.11500 5.61195
 13.13860 5.60055
 13.17790 5.56868
 13.19150 5.54407
 13.22850 5.65681
 13.20250 5.67555
 13.18220 5.72736
 13.18400 5.78472
 13.20220 5.81555
 13.21140 5.88472
 13.19180 5.97097
 13.14690 6.02049
 13.11460 6.03681
 13.04800 6.12215
 13.03640 6.19805
 13.02960 6.26570
 13.00610 6.31584
 12.98680 6.32986
 12.90330 6.34174
 12.87390 6.33014
 12.86010 6.31236
 12.83000 6.30000
 12.81010 6.30202
 12.74610 6.38305
 12.72500 6.42237
 12.72420 6.46000
 12.71490 6.48395
 12.68080 6.50859
 12.78140 6.60528
 12.78920 6.75555
 12.75860 6.87695
 12.77420 6.91389
 12.83060 6.93958
 12.90920 6.93666
 12.92830 6.96028
 12.98140 7.06584
 12.98470 7.10858
 13.01510 7.12431
 13.19490 7.09653
 13.23420 7.06055
 13.32720 6.96069
 13.35890 6.89632
 13.35370 6.84549
 13.52640 6.82445
 13.62610 6.87750
 13.69470 6.91639
 14.00080 6.91861
 14.11780 6.84945
 14.48080 6.63389
 14.44420 6.43861
 14.54640 6.40055
 14.82280 6.47361
 14.93110 6.57250
 15.14560 6.41139
 15.21060 6.39222
 15.43470 6.32889
 15.48640 6.31389
 15.50280 6.30798
 15.50440 5.95889
 15.49940 5.58361
 15.49840 5.49505
 15.53970 5.40735
 15.52310 5.40028
 15.46750 5.37416
 15.46930 5.26611
 15.19560 5.12611
 15.13160 5.16707
 15.00340 5.25030
 14.96110 5.40139
 14.93930 5.49792
 14.93840 5.54069
 14.92580 5.56528
 14.64760 5.68389
 14.55410 5.71021
 14.49500 5.62195
 14.38310 5.42611
 14.33220 5.33695
 14.31250 5.30139
 14.26920 5.22695
 14.18310 5.22666
 14.09690 5.22584
 13.99750 5.22445
 13.99870 5.07334
 13.99970 5.00305
 13.99970 4.88139
 13.89600 4.88458
 13.89290 4.91695
 13.87990 4.93542
 13.84610 4.94847
 13.69170 4.93250
 13.66120 4.92514
 13.61940 4.90208
 13.61570 4.88181
 13.63250 4.87084
 13.67630 4.85607
 13.65860 4.75889
 13.63020 4.67510
 13.62460 4.63090
 13.65420 4.49305
 13.70890 4.40834
 13.81220 4.33166
 13.88970 4.27250
 13.92940 4.19445
 13.95360 4.13805
 13.85330 4.07445
 13.83190 4.07750
 13.78030 4.09055
 13.73280 4.10195
 13.70530 4.04666
 13.65940 4.01084
 13.60900 3.97931
 13.58530 3.98097
 13.55240 3.99840
 13.52350 3.99090
 13.50380 3.96425
 13.47610 3.97611
 13.27820 4.15660
 13.27600 4.19195
 13.24080 4.23695
 13.16430 4.31361
 13.11950 4.33555
 13.02170 4.27722
 12.99650 4.25535
 12.96960 4.21764
 12.94850 4.20736
 12.82860 4.19445
 12.76920 4.20653
 12.73530 4.22111
 12.71780 4.26320
 12.71500 4.28889
 12.72390 4.46889
