19 16 -24.41167 -24.32584 128.28612 128.34695 'Pitcairn Is. (Pitcairn Is.)'
 -24.32730 128.33200
 -24.32610 128.32700
 -24.32580 128.31000
 -24.33440 128.30200
 -24.35250 128.29400
 -24.38640 128.28700
 -24.40170 128.28600
 -24.41140 128.29100
 -24.41170 128.30200
 -24.40470 128.31300
 -24.39060 128.32800
 -24.36720 128.34300
 -24.35360 128.34700
 -24.33820 128.34600
 -24.32920 128.33700
 -24.32730 128.33200
20 8 -25.08223 -25.05570 130.06385 130.10505 'Pitcairn Is. (Pitcairn Is.)'
 -25.08220 130.08100
 -25.08070 130.09100
 -25.07440 130.10300
 -25.06150 130.10500
 -25.05570 130.09100
 -25.06830 130.06400
 -25.07970 130.07700
 -25.08220 130.08100
