1633 47 1.70500 2.03305 157.17254 157.58170 'Kiribati (Kiribati)'
 1.70500 157.23500
 1.75416 157.32800
 1.78972 157.43600
 1.85584 157.56800
 1.86958 157.57800
 1.88305 157.58200
 1.89805 157.58100
 1.92334 157.54800
 1.93514 157.52900
 1.93445 157.51900
 1.92084 157.51700
 1.90653 157.53200
 1.89945 157.54200
 1.88847 157.54800
 1.87229 157.54300
 1.84528 157.48300
 1.84195 157.47300
 1.83166 157.42900
 1.90500 157.37000
 1.92416 157.35500
 1.93569 157.35000
 1.94597 157.35600
 1.98500 157.43900
 1.99834 157.48700
 1.99777 157.50000
 2.01403 157.50900
 2.02875 157.50600
 2.03305 157.48900
 2.02555 157.44100
 2.02139 157.43200
 1.97195 157.35100
 1.93000 157.33800
 1.91584 157.34500
 1.88834 157.34800
 1.86916 157.34900
 1.85639 157.34900
 1.84319 157.34400
 1.83569 157.33500
 1.82334 157.31300
 1.80139 157.25900
 1.76722 157.19500
 1.75416 157.18100
 1.74528 157.17600
 1.73153 157.17300
 1.71861 157.17700
 1.71305 157.18500
 1.70500 157.23500
1634 6 1.33599 1.35177 -172.94751 -172.91427 'Kiribati (Kiribati)'
 1.34658 -172.91400
 1.35177 -172.92300
 1.34243 -172.94800
 1.33599 -172.94000
 1.33869 -172.91900
 1.34658 -172.91400
