2045 39 35.21867 35.92699 -36.28201 -35.73389 'Al Ladhiqiyah (Syria)'
 35.22330 -36.25270
 35.22360 -36.13580
 35.21870 -36.02350
 35.23420 -36.00010
 35.25290 -35.96610
 35.26210 -35.92910
 35.42260 -35.91900
 35.47810 -35.85710
 35.49960 -35.77070
 35.58170 -35.73390
 35.63810 -35.78250
 35.70860 -35.82690
 35.73830 -35.84370
 35.86390 -35.87920
 35.92700 -35.92240
 35.89970 -36.01580
 35.86140 -36.11000
 35.85220 -36.12810
 35.83360 -36.14420
 35.81840 -36.15590
 35.79900 -36.14990
 35.78690 -36.16650
 35.79390 -36.20430
 35.79560 -36.23080
 35.79480 -36.27730
 35.77060 -36.28200
 35.75590 -36.25480
 35.75020 -36.24220
 35.68320 -36.19750
 35.65560 -36.21240
 35.63360 -36.22170
 35.60610 -36.22440
 35.53070 -36.21990
 35.45470 -36.20490
 35.42320 -36.20150
 35.33670 -36.22810
 35.27710 -36.24790
 35.24670 -36.25190
 35.22330 -36.25270
2046 38 34.63250 35.26206 -36.31310 -35.87499 'Tartus (Syria)'
 34.64750 -35.97280
 34.69440 -35.94970
 34.73860 -35.93140
 34.87440 -35.88330
 34.91210 -35.87500
 34.98640 -35.87780
 35.06500 -35.88280
 35.10350 -35.88610
 35.15360 -35.92390
 35.19610 -35.95730
 35.22580 -35.95080
 35.24470 -35.94170
 35.26210 -35.92910
 35.25290 -35.96610
 35.23420 -36.00010
 35.21870 -36.02350
 35.22360 -36.13580
 35.22330 -36.25270
 35.21030 -36.25280
 35.17820 -36.25440
 35.12720 -36.25830
 35.09970 -36.26370
 35.07490 -36.26640
 35.04210 -36.25560
 35.02360 -36.23180
 35.01440 -36.18750
 34.96580 -36.19810
 34.91720 -36.29860
 34.90080 -36.31310
 34.87310 -36.27280
 34.76720 -36.18440
 34.70970 -36.14610
 34.65710 -36.11440
 34.64000 -36.11450
 34.63880 -36.11300
 34.63390 -36.08750
 34.63250 -36.03080
 34.64750 -35.97280
2048 89 35.24929 36.76805 -39.80434 -38.02083 'Ar Raqqah (Syria)'
 35.38220 -38.30160
 35.39680 -38.29070
 35.41280 -38.27330
 35.43570 -38.23480
 35.44530 -38.22030
 35.51830 -38.13280
 35.54800 -38.09830
 35.60310 -38.04220
 35.62290 -38.02490
 35.64290 -38.02080
 35.67420 -38.02530
 35.73720 -38.04140
 35.76940 -38.05140
 35.81640 -38.07510
 35.84250 -38.09330
 35.88060 -38.12780
 35.91210 -38.15980
 35.96070 -38.18220
 36.01890 -38.12250
 36.05210 -38.08250
 36.07740 -38.06260
 36.11490 -38.05720
 36.14260 -38.06250
 36.21940 -38.11440
 36.23690 -38.13400
 36.26420 -38.18900
 36.26920 -38.21970
 36.27000 -38.27440
 36.27330 -38.32170
 36.28000 -38.37080
 36.28360 -38.39280
 36.29110 -38.42330
 36.33000 -38.51030
 36.36970 -38.57850
 36.38670 -38.59750
 36.40970 -38.61860
 36.43170 -38.63610
 36.45810 -38.64690
 36.47830 -38.65360
 36.53810 -38.66720
 36.57250 -38.67080
 36.59330 -38.67170
 36.62920 -38.67050
 36.76800 -38.62830
 36.72550 -38.68420
 36.70360 -38.72530
 36.69800 -38.77470
 36.69510 -38.91760
 36.69690 -38.96610
 36.70560 -39.00370
 36.70820 -39.04350
 36.70280 -39.07470
 36.69550 -39.09640
 36.68360 -39.13050
 36.66970 -39.17170
 36.66530 -39.22150
 36.66810 -39.25780
 36.67830 -39.30860
 36.69750 -39.43930
 36.68830 -39.44100
 36.62750 -39.46740
 36.56740 -39.52210
 36.55610 -39.54030
 36.55120 -39.56240
 36.55320 -39.58800
 36.55980 -39.62210
 36.51810 -39.75260
 36.50750 -39.77220
 36.48170 -39.80020
 36.46350 -39.80430
 36.00000 -39.67650
 35.90250 -39.64970
 35.78860 -39.62590
 35.76890 -39.67670
 35.50640 -39.45610
 35.24930 -39.24200
 35.27180 -39.17670
 35.28690 -39.12500
 35.33720 -38.89750
 35.35860 -38.77580
 35.37280 -38.68280
 35.37720 -38.64000
 35.38810 -38.52280
 35.39000 -38.48610
 35.39100 -38.44790
 35.39110 -38.39500
 35.38940 -38.36170
 35.38530 -38.32190
 35.38220 -38.30160
2049 116 35.42972 36.91388 -38.67165 -36.54957 'Halab (Syria)'
 36.31100 -36.66110
 36.39750 -36.58280
 36.42100 -36.56760
 36.48780 -36.54960
 36.61970 -36.58640
 36.81510 -36.66260
 36.83370 -36.65990
 36.83430 -36.66670
 36.82940 -36.70280
 36.77800 -36.93360
 36.75740 -36.98830
 36.71960 -37.03820
 36.65920 -37.12750
 36.66470 -37.24890
 36.66440 -37.26940
 36.65530 -37.37380
 36.67780 -37.53330
 36.69690 -37.56830
 36.73720 -37.66970
 36.74830 -37.71030
 36.74780 -37.73610
 36.74800 -37.77690
 36.78110 -37.89140
 36.79110 -37.91780
 36.81290 -37.95610
 36.82470 -37.99330
 36.83040 -38.02340
 36.85050 -38.05550
 36.87370 -38.09730
 36.90580 -38.18110
 36.91390 -38.24340
 36.89830 -38.38640
 36.88550 -38.43280
 36.85800 -38.51360
 36.84430 -38.54110
 36.76800 -38.62830
 36.62920 -38.67050
 36.59330 -38.67170
 36.57250 -38.67080
 36.53810 -38.66720
 36.47830 -38.65360
 36.45810 -38.64690
 36.43170 -38.63610
 36.40970 -38.61860
 36.38670 -38.59750
 36.36970 -38.57850
 36.33000 -38.51030
 36.29110 -38.42330
 36.28360 -38.39280
 36.28000 -38.37080
 36.27330 -38.32170
 36.27000 -38.27440
 36.26920 -38.21970
 36.26420 -38.18900
 36.23690 -38.13400
 36.21940 -38.11440
 36.14260 -38.06250
 36.11490 -38.05720
 36.07740 -38.06260
 36.05210 -38.08250
 36.01890 -38.12250
 35.96070 -38.18220
 35.91210 -38.15980
 35.88060 -38.12780
 35.84250 -38.09330
 35.81640 -38.07510
 35.76940 -38.05140
 35.73720 -38.04140
 35.67420 -38.02530
 35.64290 -38.02080
 35.62290 -38.02490
 35.60310 -38.04220
 35.54800 -38.09830
 35.51830 -38.13280
 35.44530 -38.22030
 35.43570 -38.23480
 35.43710 -38.21740
 35.43580 -38.16690
 35.43330 -38.10470
 35.43170 -38.08110
 35.42970 -38.02860
 35.43170 -37.90190
 35.43360 -37.82110
 35.44680 -37.70290
 35.46030 -37.66570
 35.48580 -37.62080
 35.51190 -37.57390
 35.51570 -37.54690
 35.50830 -37.47330
 35.50110 -37.40690
 35.50300 -37.34760
 35.52860 -37.29810
 35.54420 -37.25140
 35.55130 -37.21630
 35.55250 -37.21250
 35.56610 -37.17220
 35.59280 -37.12610
 35.62360 -37.09060
 35.66940 -37.07220
 35.71140 -37.05610
 35.81940 -37.00030
 35.85030 -36.97080
 35.98280 -36.88680
 36.03220 -36.87830
 36.05120 -36.84820
 36.06300 -36.80860
 36.07170 -36.78310
 36.08930 -36.75220
 36.12690 -36.72800
 36.14670 -36.74150
 36.16320 -36.76890
 36.19550 -36.80890
 36.20970 -36.82580
 36.23490 -36.84100
 36.33350 -36.76100
 36.31100 -36.66110
2050 102 34.84694 35.75587 -38.30389 -36.18749 'Hamah (Syria)'
 35.75590 -36.25480
 35.74470 -36.26630
 35.71530 -36.35440
 35.70730 -36.40980
 35.65830 -36.40860
 35.61390 -36.39580
 35.58070 -36.39150
 35.51000 -36.40170
 35.47330 -36.40970
 35.43470 -36.42510
 35.40780 -36.53670
 35.39220 -36.64250
 35.39000 -36.66650
 35.38940 -36.69470
 35.39220 -36.71720
 35.39250 -36.86720
 35.38830 -36.95780
 35.36640 -37.00250
 35.32370 -37.01350
 35.31950 -37.08640
 35.34470 -37.14240
 35.40390 -37.13220
 35.46000 -37.11110
 35.55130 -37.21630
 35.54420 -37.25140
 35.52860 -37.29810
 35.50300 -37.34760
 35.50110 -37.40690
 35.50830 -37.47330
 35.51570 -37.54690
 35.51190 -37.57390
 35.48580 -37.62080
 35.46030 -37.66570
 35.44680 -37.70290
 35.43360 -37.82110
 35.43170 -37.90190
 35.42970 -38.02860
 35.43170 -38.08110
 35.43330 -38.10470
 35.43580 -38.16690
 35.43710 -38.21740
 35.43570 -38.23480
 35.41280 -38.27330
 35.39680 -38.29070
 35.38220 -38.30160
 35.36920 -38.30330
 35.31280 -38.30390
 35.27140 -38.30250
 35.24890 -38.29920
 35.22990 -38.29190
 35.12920 -38.23750
 35.06610 -38.17360
 35.03130 -38.08680
 35.00420 -38.05310
 34.95760 -38.03030
 34.93390 -38.02740
 34.90890 -38.00900
 34.89900 -37.98580
 35.01220 -37.85170
 35.03510 -37.84670
 35.06080 -37.83930
 35.08550 -37.81960
 35.11830 -37.73760
 35.08460 -37.56990
 35.05280 -37.51220
 34.98830 -37.42670
 34.98670 -37.40220
 34.94170 -37.16940
 34.92690 -37.10220
 34.90310 -37.04830
 34.88670 -37.02080
 34.88070 -36.96650
 34.96440 -36.91100
 34.97740 -36.88000
 34.90140 -36.54440
 34.84690 -36.41920
 34.85080 -36.33730
 34.87360 -36.32140
 34.90080 -36.31310
 34.91720 -36.29860
 34.96580 -36.19810
 35.01440 -36.18750
 35.02360 -36.23180
 35.04210 -36.25560
 35.07490 -36.26640
 35.09970 -36.26370
 35.12720 -36.25830
 35.17820 -36.25440
 35.21030 -36.25280
 35.22330 -36.25270
 35.24670 -36.25190
 35.27710 -36.24790
 35.33670 -36.22810
 35.42320 -36.20150
 35.45470 -36.20490
 35.53070 -36.21990
 35.60610 -36.22440
 35.63360 -36.22170
 35.65560 -36.21240
 35.68320 -36.19750
 35.75020 -36.24220
 35.75590 -36.25480
2051 112 33.12874 35.39111 -40.19944 -36.11437 'Hims (Syria)'
 34.04080 -40.19940
 34.02440 -40.16550
 33.94770 -40.00000
 33.85330 -39.79800
 33.75000 -39.57910
 33.65890 -39.38610
 33.45560 -38.96140
 33.38220 -38.81030
 33.37760 -38.79470
 33.32750 -38.69750
 33.24110 -38.53360
 33.12870 -38.31890
 33.14000 -38.29640
 33.30690 -38.04060
 33.35140 -37.98190
 33.37810 -37.95060
 33.44080 -37.84530
 33.45170 -37.80470
 33.45560 -37.78170
 33.46190 -37.76030
 33.48360 -37.71580
 33.51170 -37.67220
 33.53590 -37.63800
 33.60180 -37.58150
 33.64020 -37.56420
 33.67240 -37.54890
 33.70140 -37.51750
 33.72000 -37.49500
 33.95500 -37.17860
 34.00500 -37.07440
 34.02250 -37.04500
 34.05290 -37.01820
 34.07440 -37.00420
 34.09940 -36.98720
 34.13060 -36.96440
 34.22640 -36.87220
 34.21750 -36.64810
 34.20500 -36.62370
 34.22820 -36.59360
 34.34420 -36.54670
 34.43190 -36.52580
 34.49140 -36.45440
 34.50190 -36.43000
 34.50070 -36.35120
 34.53810 -36.36420
 34.55440 -36.39750
 34.59470 -36.45280
 34.63040 -36.45930
 34.63940 -36.37640
 34.64190 -36.29860
 34.64420 -36.12190
 34.64000 -36.11450
 34.65710 -36.11440
 34.70970 -36.14610
 34.76720 -36.18440
 34.87310 -36.27280
 34.90080 -36.31310
 34.87360 -36.32140
 34.85080 -36.33730
 34.84690 -36.41920
 34.90140 -36.54440
 34.97740 -36.88000
 34.96440 -36.91100
 34.88070 -36.96650
 34.88670 -37.02080
 34.90310 -37.04830
 34.92690 -37.10220
 34.94170 -37.16940
 34.98670 -37.40220
 34.98830 -37.42670
 35.05280 -37.51220
 35.08460 -37.56990
 35.11830 -37.73760
 35.08550 -37.81960
 35.06080 -37.83930
 35.03510 -37.84670
 35.01220 -37.85170
 34.89900 -37.98580
 34.90890 -38.00900
 34.93390 -38.02740
 34.95760 -38.03030
 35.00420 -38.05310
 35.03130 -38.08680
 35.06610 -38.17360
 35.12920 -38.23750
 35.22990 -38.29190
 35.24890 -38.29920
 35.27140 -38.30250
 35.31280 -38.30390
 35.36920 -38.30330
 35.38220 -38.30160
 35.38530 -38.32190
 35.38940 -38.36170
 35.39110 -38.39500
 35.39100 -38.44790
 35.39000 -38.48610
 35.38810 -38.52280
 35.37720 -38.64000
 35.37280 -38.68280
 35.35860 -38.77580
 35.33720 -38.89750
 35.28690 -39.12500
 35.27180 -39.17670
 35.24930 -39.24200
 35.23420 -39.26860
 35.17850 -39.35530
 35.03030 -39.44330
 34.95060 -39.43280
 34.60060 -39.73030
 34.39280 -39.90550
 34.27960 -40.00000
 34.04080 -40.19940
2052 71 35.31951 36.33354 -37.21628 -36.14993 'Idlib (Syria)'
 36.31100 -36.66110
 36.33350 -36.76100
 36.23490 -36.84100
 36.20970 -36.82580
 36.19550 -36.80890
 36.16320 -36.76890
 36.14670 -36.74150
 36.12690 -36.72800
 36.08930 -36.75220
 36.07170 -36.78310
 36.06300 -36.80860
 36.05120 -36.84820
 36.03220 -36.87830
 35.98280 -36.88680
 35.85030 -36.97080
 35.81940 -37.00030
 35.71140 -37.05610
 35.66940 -37.07220
 35.62360 -37.09060
 35.59280 -37.12610
 35.56610 -37.17220
 35.55250 -37.21250
 35.55130 -37.21630
 35.46000 -37.11110
 35.40390 -37.13220
 35.34470 -37.14240
 35.31950 -37.08640
 35.32370 -37.01350
 35.36640 -37.00250
 35.38830 -36.95780
 35.39250 -36.86720
 35.39220 -36.71720
 35.38940 -36.69470
 35.39000 -36.66650
 35.39220 -36.64250
 35.40780 -36.53670
 35.43470 -36.42510
 35.47330 -36.40970
 35.51000 -36.40170
 35.58070 -36.39150
 35.61390 -36.39580
 35.65830 -36.40860
 35.70730 -36.40980
 35.71530 -36.35440
 35.74470 -36.26630
 35.75590 -36.25480
 35.77060 -36.28200
 35.79480 -36.27730
 35.79560 -36.23080
 35.79390 -36.20430
 35.78690 -36.16650
 35.79900 -36.14990
 35.81840 -36.15590
 35.81970 -36.16850
 35.85500 -36.18250
 35.87970 -36.18250
 35.91030 -36.18680
 35.96220 -36.22360
 35.96970 -36.30000
 35.99790 -36.37500
 36.03050 -36.38360
 36.09710 -36.38140
 36.17660 -36.37490
 36.21330 -36.39220
 36.23330 -36.50670
 36.23550 -36.53560
 36.22780 -36.57560
 36.21950 -36.61650
 36.23270 -36.68310
 36.28620 -36.69010
 36.31100 -36.66110
2076 81 35.55056 37.29055 -42.37833 -39.43930 'Al Hasakah (Syria)'
 36.69750 -39.43930
 36.71890 -39.58810
 36.75360 -39.81810
 36.78640 -39.92330
 36.79280 -39.94280
 36.81470 -40.00780
 36.89580 -40.21440
 36.91950 -40.26390
 36.92860 -40.27970
 37.00140 -40.41530
 37.01530 -40.44780
 37.02080 -40.48250
 37.02320 -40.51300
 37.06890 -40.63500
 37.08510 -40.67030
 37.09550 -40.68850
 37.11800 -40.77080
 37.12250 -40.80670
 37.12860 -40.90110
 37.12970 -40.93000
 37.09750 -41.11830
 37.07250 -41.21640
 37.07500 -41.36250
 37.07890 -41.45420
 37.08030 -41.48300
 37.08530 -41.54820
 37.13000 -41.84030
 37.17280 -41.99530
 37.19280 -42.05690
 37.20830 -42.08330
 37.25930 -42.14870
 37.29050 -42.18080
 37.28940 -42.21580
 37.26970 -42.29440
 37.23120 -42.35150
 37.12970 -42.35710
 37.10690 -42.35560
 37.07210 -42.37830
 37.06320 -42.37410
 37.05590 -42.36730
 36.59890 -41.83530
 36.52560 -41.40300
 36.47280 -41.36720
 36.35560 -41.29030
 36.05500 -41.25500
 36.02780 -41.27110
 35.87640 -41.35690
 35.83690 -41.37830
 35.63100 -41.38400
 35.55060 -41.32250
 35.55190 -41.31970
 35.55860 -41.26530
 35.56530 -41.20550
 35.56470 -41.16210
 35.56470 -41.06890
 35.56890 -41.00170
 35.57390 -40.96390
 35.57720 -40.94250
 35.60690 -40.81650
 35.63260 -40.76150
 35.67170 -40.71030
 35.92940 -40.39170
 36.10780 -40.16890
 36.24160 -40.00000
 36.29550 -39.93250
 36.31220 -39.91280
 36.33890 -39.88610
 36.42400 -39.82470
 36.44920 -39.80940
 36.46350 -39.80430
 36.48170 -39.80020
 36.50750 -39.77220
 36.51810 -39.75260
 36.55980 -39.62210
 36.55320 -39.58800
 36.55120 -39.56240
 36.55610 -39.54030
 36.56740 -39.52210
 36.62750 -39.46740
 36.68830 -39.44100
 36.69750 -39.43930
2077 55 34.04083 36.46353 -41.32249 -39.24195 'Dayr az Zawr (Syria)'
 35.20060 -41.21240
 35.18860 -41.21120
 35.11280 -41.21250
 35.06920 -41.21470
 34.91690 -41.22310
 34.78290 -41.22480
 34.60860 -41.09940
 34.47360 -41.03050
 34.41940 -41.00390
 34.26030 -40.66360
 34.04080 -40.19940
 34.27960 -40.00000
 34.39280 -39.90550
 34.60060 -39.73030
 34.95060 -39.43280
 35.03030 -39.44330
 35.17850 -39.35530
 35.23420 -39.26860
 35.24930 -39.24200
 35.50640 -39.45610
 35.76890 -39.67670
 35.78860 -39.62590
 35.90250 -39.64970
 36.00000 -39.67650
 36.46350 -39.80430
 36.44920 -39.80940
 36.42400 -39.82470
 36.33890 -39.88610
 36.31220 -39.91280
 36.29550 -39.93250
 36.24160 -40.00000
 36.10780 -40.16890
 35.92940 -40.39170
 35.67170 -40.71030
 35.63260 -40.76150
 35.60690 -40.81650
 35.57720 -40.94250
 35.57390 -40.96390
 35.56890 -41.00170
 35.56470 -41.06890
 35.56470 -41.16210
 35.56530 -41.20550
 35.55860 -41.26530
 35.55190 -41.31970
 35.55060 -41.32250
 35.49550 -41.27780
 35.46830 -41.27250
 35.44330 -41.27080
 35.39870 -41.26920
 35.36780 -41.26220
 35.34330 -41.25440
 35.30650 -41.24100
 35.25360 -41.22250
 35.22470 -41.21530
 35.20060 -41.21240
2105 36 32.31361 33.22604 -37.49566 -36.33611 'As Suwayda' (Syria)'
 32.36310 -36.51610
 32.37390 -36.51470
 32.43970 -36.51750
 32.47650 -36.52650
 32.55500 -36.50760
 32.68010 -36.44470
 32.73440 -36.35640
 32.89920 -36.33610
 32.94920 -36.34440
 32.99740 -36.42030
 33.06100 -36.48790
 33.11800 -36.47190
 33.15730 -36.47330
 33.18690 -36.50670
 33.19390 -36.57080
 33.19720 -36.60860
 33.20250 -36.65780
 33.21170 -36.74000
 33.22040 -36.77470
 33.22600 -36.81620
 33.17960 -36.89330
 33.10820 -36.95170
 33.00220 -37.11140
 32.94470 -37.19280
 32.82420 -37.32530
 32.74640 -37.42030
 32.71610 -37.46890
 32.69850 -37.48870
 32.68890 -37.49570
 32.68720 -37.49390
 32.50030 -37.15330
 32.34170 -36.86640
 32.31360 -36.83780
 32.33670 -36.72420
 32.34920 -36.64310
 32.36310 -36.51610
2106 86 32.68888 34.22639 -38.31893 -35.78666 'Dimashq (Syria)'
 34.20500 -36.62370
 34.21750 -36.64810
 34.22640 -36.87220
 34.13060 -36.96440
 34.09940 -36.98720
 34.07440 -37.00420
 34.05290 -37.01820
 34.02250 -37.04500
 34.00500 -37.07440
 33.95500 -37.17860
 33.72000 -37.49500
 33.70140 -37.51750
 33.67240 -37.54890
 33.64020 -37.56420
 33.60180 -37.58150
 33.53590 -37.63800
 33.51170 -37.67220
 33.48360 -37.71580
 33.46190 -37.76030
 33.45560 -37.78170
 33.45170 -37.80470
 33.44080 -37.84530
 33.37810 -37.95060
 33.35140 -37.98190
 33.30690 -38.04060
 33.14000 -38.29640
 33.12870 -38.31890
 32.93750 -37.95890
 32.75830 -37.62500
 32.68970 -37.49860
 32.68890 -37.49570
 32.69850 -37.48870
 32.71610 -37.46890
 32.74640 -37.42030
 32.82420 -37.32530
 32.94470 -37.19280
 33.00220 -37.11140
 33.10820 -36.95170
 33.17960 -36.89330
 33.22600 -36.81620
 33.22040 -36.77470
 33.21170 -36.74000
 33.20250 -36.65780
 33.19720 -36.60860
 33.19390 -36.57080
 33.22500 -36.56620
 33.29350 -36.50810
 33.24560 -36.42110
 33.22180 -36.39190
 33.20100 -36.38420
 33.22000 -36.20640
 33.20220 -36.14050
 33.17760 -36.02490
 33.18070 -35.99580
 33.20470 -35.96170
 33.21170 -35.96330
 33.24690 -35.96310
 33.30620 -35.88830
 33.32500 -35.84500
 33.34720 -35.78670
 33.35060 -35.79420
 33.37110 -35.81470
 33.40330 -35.82640
 33.41730 -35.85200
 33.42960 -35.88330
 33.46670 -35.93420
 33.55330 -36.03440
 33.58560 -36.05870
 33.61920 -36.02560
 33.64070 -35.96720
 33.64420 -35.94020
 33.71820 -35.97110
 33.76970 -36.01720
 33.82750 -36.07100
 33.85640 -36.24080
 33.82690 -36.35330
 33.83110 -36.37400
 33.85420 -36.38870
 33.87990 -36.35780
 33.87830 -36.32940
 33.91090 -36.28350
 33.97500 -36.32790
 33.99720 -36.35030
 34.03390 -36.39750
 34.10720 -36.51690
 34.20500 -36.62370
2118 44 32.68527 33.34722 -35.96945 -35.61446 'Al Qunaytirah (Syria)'
 32.81530 -35.63920
 32.85690 -35.64160
 32.89140 -35.61860
 32.89490 -35.61450
 32.90580 -35.62460
 32.93570 -35.63370
 33.00000 -35.63500
 33.05060 -35.64250
 33.09120 -35.65000
 33.12500 -35.65250
 33.20530 -35.66690
 33.21220 -35.66900
 33.24450 -35.68110
 33.25170 -35.66960
 33.25420 -35.65960
 33.24640 -35.63250
 33.24570 -35.62360
 33.27630 -35.62670
 33.33760 -35.76170
 33.34110 -35.76940
 33.34720 -35.78670
 33.32500 -35.84500
 33.30620 -35.88830
 33.24690 -35.96310
 33.21170 -35.96330
 33.20470 -35.96170
 33.19830 -35.95940
 33.15940 -35.95170
 33.02710 -35.94770
 32.96330 -35.96940
 32.91100 -35.94100
 32.89420 -35.92140
 32.88030 -35.89720
 32.84780 -35.85610
 32.83250 -35.84050
 32.76670 -35.77310
 32.74890 -35.76330
 32.71190 -35.69000
 32.68530 -35.64890
 32.70280 -35.64670
 32.72750 -35.65190
 32.76200 -35.66550
 32.79720 -35.66280
 32.81530 -35.63920
2119 49 32.36305 33.29350 -36.57075 -35.76332 'Dar'a (Syria)'
 32.74890 -35.76330
 32.76670 -35.77310
 32.83250 -35.84050
 32.84780 -35.85610
 32.88030 -35.89720
 32.89420 -35.92140
 32.91100 -35.94100
 32.96330 -35.96940
 33.02710 -35.94770
 33.15940 -35.95170
 33.19830 -35.95940
 33.20470 -35.96170
 33.18070 -35.99580
 33.17760 -36.02490
 33.20220 -36.14050
 33.22000 -36.20640
 33.20100 -36.38420
 33.22180 -36.39190
 33.24560 -36.42110
 33.29350 -36.50810
 33.22500 -36.56620
 33.19390 -36.57080
 33.18690 -36.50670
 33.15730 -36.47330
 33.11800 -36.47190
 33.06100 -36.48790
 32.99740 -36.42030
 32.94920 -36.34440
 32.89920 -36.33610
 32.73440 -36.35640
 32.68010 -36.44470
 32.55500 -36.50760
 32.47650 -36.52650
 32.43970 -36.51750
 32.37390 -36.51470
 32.36310 -36.51610
 32.37550 -36.48860
 32.38190 -36.40030
 32.43310 -36.34670
 32.45970 -36.31440
 32.53330 -36.19750
 32.51820 -36.16560
 32.52780 -36.12580
 32.54330 -36.08000
 32.61360 -36.02580
 32.66330 -36.00330
 32.72030 -35.93120
 32.74420 -35.79360
 32.74890 -35.76330
