4210 219 -20.27945 -17.72028 -48.03527 -45.49708 'Antananarivo (Madagascar)'
 -20.07530 -47.71770
 -20.06190 -47.70920
 -20.00880 -47.67120
 -20.00490 -47.65740
 -20.03920 -47.58610
 -20.06060 -47.54310
 -20.07530 -47.45210
 -20.07330 -47.43640
 -20.05600 -47.37670
 -20.04810 -47.24680
 -20.06640 -47.21890
 -20.07720 -47.20830
 -20.08830 -47.20140
 -20.11280 -47.20070
 -20.14850 -47.19390
 -20.18110 -47.03610
 -20.25720 -46.87640
 -20.27780 -46.82920
 -20.27830 -46.79670
 -20.27940 -46.71830
 -20.27920 -46.70440
 -20.27360 -46.55140
 -20.24890 -46.38110
 -20.22530 -46.31640
 -20.19970 -46.28500
 -20.18220 -46.27440
 -20.17190 -46.27110
 -20.16170 -46.27500
 -20.15640 -46.28390
 -20.09500 -46.29800
 -20.08310 -46.29780
 -20.06250 -46.29080
 -20.05330 -46.28610
 -20.04690 -46.27830
 -20.02030 -46.23120
 -20.05860 -46.19220
 -20.06580 -46.18530
 -20.05610 -46.15720
 -20.03030 -46.11250
 -20.02390 -46.10440
 -20.01500 -46.09970
 -20.00440 -46.09640
 -19.98110 -46.09420
 -19.97000 -46.09140
 -19.96360 -46.08280
 -19.95920 -46.07280
 -19.93440 -46.01640
 -19.93180 -46.00040
 -19.93530 -45.97170
 -19.93500 -45.94030
 -19.92220 -45.84110
 -19.91780 -45.83110
 -19.89420 -45.79720
 -19.88280 -45.78390
 -19.85890 -45.80530
 -19.84610 -45.81360
 -19.77860 -45.85170
 -19.76530 -45.85600
 -19.73610 -45.85860
 -19.72280 -45.85830
 -19.71110 -45.85640
 -19.66110 -45.84750
 -19.64720 -45.84060
 -19.60440 -45.82050
 -19.55640 -45.79920
 -19.54440 -45.79750
 -19.53140 -45.79860
 -19.44860 -45.80750
 -19.44140 -45.81810
 -19.43760 -45.83190
 -19.42920 -45.83780
 -19.37080 -45.84140
 -19.32750 -45.83920
 -19.31330 -45.83640
 -19.27220 -45.82500
 -19.22860 -45.81140
 -19.22260 -45.80310
 -19.23080 -45.77220
 -19.23530 -45.76250
 -19.24630 -45.74010
 -19.24060 -45.72360
 -19.20640 -45.68640
 -19.19440 -45.67720
 -19.14940 -45.64500
 -19.13640 -45.63880
 -19.11420 -45.64530
 -19.10100 -45.65190
 -19.08600 -45.65060
 -18.94810 -45.53920
 -18.93890 -45.52720
 -18.72440 -45.49710
 -18.71220 -45.50250
 -18.65420 -45.55830
 -18.62610 -45.58690
 -18.61920 -45.59440
 -18.60690 -45.61420
 -18.59510 -45.62360
 -18.54010 -45.62960
 -18.51360 -45.62530
 -18.48780 -45.61670
 -18.43540 -45.60750
 -18.40470 -45.60810
 -18.38040 -45.61580
 -18.35640 -45.63620
 -18.29110 -45.59050
 -18.28770 -45.57480
 -18.25330 -45.59360
 -18.24580 -45.60030
 -18.22310 -45.62640
 -18.22360 -45.64310
 -18.23940 -45.71640
 -18.25110 -45.74140
 -18.26510 -45.77000
 -18.23310 -45.81000
 -18.21920 -45.81750
 -18.20310 -45.81470
 -18.17670 -45.81140
 -18.15690 -45.81530
 -18.02360 -45.87940
 -17.87890 -45.95030
 -17.83310 -46.00580
 -17.83860 -46.01440
 -17.88580 -46.15690
 -17.88690 -46.17000
 -17.88580 -46.19030
 -17.88420 -46.20250
 -17.82750 -46.35580
 -17.77690 -46.48530
 -17.72060 -46.72640
 -17.72030 -46.73890
 -17.72190 -46.88470
 -17.74220 -46.90080
 -17.77360 -46.91170
 -17.78580 -46.91140
 -17.79690 -46.90810
 -17.80640 -46.90360
 -17.81750 -46.90330
 -17.82250 -46.91250
 -17.82780 -47.03170
 -17.81420 -47.07610
 -17.79030 -47.15250
 -17.78640 -47.16280
 -17.76750 -47.18690
 -17.75420 -47.20170
 -17.75030 -47.21190
 -17.74580 -47.26550
 -17.74530 -47.27780
 -17.74750 -47.29000
 -17.75060 -47.30220
 -17.75500 -47.31940
 -17.75810 -47.33110
 -17.77310 -47.35890
 -17.78030 -47.36880
 -17.79580 -47.36640
 -17.81110 -47.36890
 -17.83570 -47.37870
 -17.89310 -47.44310
 -17.89720 -47.45300
 -17.95390 -47.61830
 -17.95640 -47.63060
 -17.95580 -47.64420
 -17.93030 -47.79080
 -17.91250 -47.84390
 -17.90030 -47.90270
 -17.90820 -47.90290
 -17.92740 -47.90830
 -17.95370 -47.94650
 -17.96300 -47.96580
 -18.09690 -48.00420
 -18.11190 -47.99780
 -18.12170 -47.99330
 -18.13390 -47.99170
 -18.20860 -47.99330
 -18.22810 -47.99440
 -18.23920 -47.99720
 -18.24890 -48.00140
 -18.26140 -48.01000
 -18.27710 -48.01870
 -18.34940 -48.03390
 -18.36190 -48.03530
 -18.37220 -48.03140
 -18.39060 -48.00690
 -18.39890 -48.00110
 -18.40860 -47.99670
 -18.73190 -47.93900
 -18.81330 -47.94220
 -18.83750 -47.94550
 -18.84860 -47.94830
 -18.86340 -47.95330
 -18.93240 -47.95210
 -18.97720 -47.94970
 -18.99310 -47.94580
 -19.04530 -47.93110
 -19.18140 -47.93970
 -19.19390 -47.94460
 -19.31640 -47.95580
 -19.38990 -47.94680
 -19.42290 -47.93890
 -19.43830 -47.92940
 -19.45810 -47.91310
 -19.47070 -47.90080
 -19.54860 -47.87110
 -19.63950 -47.85310
 -19.68640 -47.85330
 -19.71190 -47.85500
 -19.72630 -47.85820
 -19.73970 -47.86190
 -19.75360 -47.86170
 -19.78470 -47.85750
 -19.80440 -47.84920
 -19.81630 -47.84290
 -19.84560 -47.81890
 -19.85310 -47.81220
 -19.86310 -47.80110
 -20.00640 -47.72860
 -20.02080 -47.72170
 -20.04030 -47.71650
 -20.05720 -47.71610
 -20.07530 -47.71770
4211 302 -15.97973 -11.94555 -50.50139 -47.87250 'Antsiranana (Madagascar)'
 -13.44920 -48.66560
 -13.43970 -48.68250
 -13.42310 -48.72140
 -13.42420 -48.73600
 -13.36780 -48.79280
 -13.35420 -48.79830
 -13.28690 -48.80830
 -13.21920 -48.81560
 -13.19430 -48.81250
 -13.12000 -48.82390
 -13.07780 -48.84470
 -13.04110 -48.86360
 -12.97290 -48.90010
 -12.95610 -48.91810
 -12.88720 -48.94550
 -12.87690 -48.94920
 -12.82220 -48.95940
 -12.81140 -48.95690
 -12.67390 -48.90250
 -12.57310 -48.87970
 -12.50720 -48.82220
 -12.46580 -48.78220
 -12.45850 -48.76720
 -12.44690 -48.74470
 -12.43760 -48.73360
 -12.40310 -48.75640
 -12.39920 -48.76640
 -12.41330 -48.85080
 -12.41610 -48.86190
 -12.42310 -48.87030
 -12.44500 -48.87550
 -12.45530 -48.87920
 -12.48000 -48.89560
 -12.49580 -48.90720
 -12.49470 -48.91860
 -12.48580 -48.94420
 -12.47440 -48.95390
 -12.41500 -48.96140
 -12.35780 -48.96920
 -12.34510 -48.97740
 -12.27670 -49.06390
 -12.28060 -49.09670
 -12.25220 -49.15080
 -12.23810 -49.16440
 -12.22920 -49.16940
 -12.15980 -49.19150
 -12.12560 -49.18940
 -12.11420 -49.16360
 -12.10360 -49.12940
 -12.05390 -49.15720
 -11.97470 -49.22440
 -11.94560 -49.25830
 -11.94710 -49.27220
 -11.95420 -49.28390
 -11.96440 -49.29720
 -11.98440 -49.30970
 -12.00310 -49.32050
 -12.06190 -49.34720
 -12.09080 -49.35690
 -12.18720 -49.37000
 -12.20580 -49.36740
 -12.19390 -49.35530
 -12.18440 -49.34970
 -12.16440 -49.33530
 -12.15750 -49.32560
 -12.14390 -49.26190
 -12.14810 -49.25190
 -12.16990 -49.24220
 -12.22500 -49.23250
 -12.28210 -49.27100
 -12.25710 -49.31080
 -12.30110 -49.32750
 -12.30330 -49.34640
 -12.29640 -49.36030
 -12.28360 -49.36830
 -12.27220 -49.37060
 -12.26250 -49.36640
 -12.28280 -49.42860
 -12.34580 -49.51830
 -12.38440 -49.54390
 -12.48530 -49.59080
 -12.50780 -49.59560
 -12.52030 -49.59670
 -12.53250 -49.59670
 -12.54220 -49.59250
 -12.56510 -49.57490
 -12.58250 -49.57650
 -12.59990 -49.57460
 -12.61380 -49.56460
 -12.63330 -49.56210
 -12.64880 -49.57060
 -12.65020 -49.59430
 -12.70190 -49.65360
 -12.81610 -49.79800
 -12.95000 -49.89470
 -12.95830 -49.90030
 -13.03940 -49.94330
 -13.07440 -49.94750
 -13.08670 -49.94720
 -13.09690 -49.94360
 -13.11890 -49.94080
 -13.18110 -49.93330
 -13.22440 -49.94360
 -13.34670 -49.97940
 -13.44940 -50.02470
 -13.46390 -50.03810
 -13.48390 -50.03440
 -13.49610 -50.03440
 -13.51330 -50.03780
 -13.52170 -50.04330
 -13.52920 -50.05110
 -13.53470 -50.05940
 -13.54170 -50.06670
 -13.55060 -50.07140
 -13.62750 -50.10190
 -13.76190 -50.13810
 -13.77360 -50.14030
 -13.82030 -50.14830
 -13.83280 -50.14970
 -13.85250 -50.15030
 -13.87670 -50.14670
 -13.89640 -50.14530
 -13.98890 -50.14420
 -13.99860 -50.14970
 -14.01500 -50.16080
 -14.04940 -50.17500
 -14.06190 -50.17610
 -14.10500 -50.17110
 -14.20170 -50.16060
 -14.22170 -50.16000
 -14.23190 -50.16330
 -14.24170 -50.16830
 -14.25220 -50.17860
 -14.25940 -50.19220
 -14.26990 -50.20280
 -14.29190 -50.21560
 -14.30760 -50.21690
 -14.34250 -50.21390
 -14.37470 -50.20390
 -14.41860 -50.19220
 -14.43110 -50.19080
 -14.45170 -50.19060
 -14.57030 -50.20000
 -14.71140 -50.23830
 -14.82610 -50.27190
 -14.90500 -50.30000
 -14.99860 -50.33750
 -15.09780 -50.40110
 -15.14580 -50.43360
 -15.20390 -50.48390
 -15.24950 -50.49680
 -15.26280 -50.49810
 -15.30890 -50.50140
 -15.32280 -50.50140
 -15.40580 -50.48280
 -15.58000 -50.43360
 -15.81890 -50.32640
 -15.87360 -50.29970
 -15.96890 -50.24080
 -15.97440 -50.23220
 -15.97970 -50.17280
 -15.92750 -50.13790
 -15.92000 -50.12080
 -15.74860 -50.06280
 -15.61220 -50.02030
 -15.60110 -50.01690
 -15.58720 -50.01690
 -15.52440 -50.02670
 -15.46170 -50.04780
 -15.44740 -50.05060
 -15.42930 -50.04430
 -15.40360 -50.02080
 -15.38690 -50.00940
 -15.37720 -50.00530
 -15.36560 -50.00310
 -15.25420 -49.99170
 -15.20390 -50.01690
 -15.12860 -50.00220
 -15.05170 -49.95330
 -15.04470 -49.94610
 -15.03510 -49.93120
 -15.03440 -49.83470
 -15.03720 -49.81970
 -15.05560 -49.77390
 -15.07800 -49.71400
 -15.07350 -49.69970
 -15.04110 -49.67250
 -15.03220 -49.66750
 -15.01760 -49.66300
 -15.00110 -49.65690
 -14.98030 -49.63580
 -14.96610 -49.62140
 -14.94110 -49.59030
 -14.94110 -49.58580
 -14.93220 -49.58610
 -14.91140 -49.57920
 -14.90170 -49.57470
 -14.84140 -49.53030
 -14.83030 -49.52030
 -14.82530 -49.51110
 -14.81690 -49.49060
 -14.81140 -49.48190
 -14.80280 -49.47640
 -14.73780 -49.45110
 -14.62500 -49.41860
 -14.51420 -49.40220
 -14.50310 -49.40150
 -14.49310 -49.39420
 -14.47640 -49.37580
 -14.37110 -49.25640
 -14.31610 -49.19190
 -14.19170 -49.10560
 -14.16470 -49.03780
 -14.14240 -48.97460
 -14.15140 -48.94390
 -14.15610 -48.93470
 -14.16360 -48.92810
 -14.18420 -48.91360
 -14.19310 -48.90860
 -14.20080 -48.90190
 -14.23310 -48.84330
 -14.20330 -48.70640
 -14.13360 -48.58550
 -14.11110 -48.45500
 -14.11440 -48.44420
 -14.12500 -48.39860
 -14.12570 -48.38260
 -14.12110 -48.36940
 -14.11110 -48.35110
 -14.02830 -48.20220
 -13.94920 -48.20140
 -13.94030 -48.21360
 -13.89460 -48.24830
 -13.88310 -48.25420
 -13.87250 -48.25780
 -13.86320 -48.24990
 -13.87170 -48.22720
 -13.90720 -48.16420
 -13.95420 -48.08180
 -13.96210 -48.07570
 -13.98250 -48.08210
 -13.99430 -48.08260
 -14.04630 -48.05190
 -14.06340 -48.03140
 -14.05670 -48.00390
 -14.05170 -47.99470
 -14.04610 -47.98640
 -14.01470 -47.94810
 -14.00640 -47.94190
 -13.99670 -47.94640
 -13.99560 -47.95920
 -13.99640 -47.97250
 -13.99470 -47.98310
 -13.96060 -48.02210
 -13.92500 -47.96800
 -13.91530 -47.94920
 -13.90940 -47.92670
 -13.89750 -47.91060
 -13.87810 -47.90170
 -13.82690 -47.88360
 -13.78830 -47.87440
 -13.77670 -47.87250
 -13.65170 -47.89030
 -13.63920 -47.89250
 -13.61670 -47.89780
 -13.59640 -47.90530
 -13.58940 -47.91250
 -13.58740 -47.92710
 -13.59220 -47.94280
 -13.59220 -47.95560
 -13.58110 -48.01970
 -13.57420 -48.02690
 -13.55000 -48.04780
 -13.54030 -48.04530
 -13.53390 -48.03750
 -13.52920 -48.02860
 -13.52080 -48.02300
 -13.51470 -48.03430
 -13.51810 -48.06330
 -13.52360 -48.07170
 -13.60080 -48.15280
 -13.66360 -48.16580
 -13.71580 -48.17500
 -13.75760 -48.18350
 -13.80440 -48.24190
 -13.80810 -48.25250
 -13.80810 -48.28720
 -13.79860 -48.30550
 -13.79030 -48.31810
 -13.77310 -48.33550
 -13.60390 -48.35580
 -13.58570 -48.34940
 -13.56530 -48.33530
 -13.55080 -48.33760
 -13.54280 -48.35060
 -13.52530 -48.42560
 -13.51560 -48.50390
 -13.44420 -48.50050
 -13.42560 -48.53690
 -13.44140 -48.64530
 -13.44420 -48.65640
 -13.44920 -48.66560
4212 16 -13.42000 -13.19528 -48.36194 -48.19166 'Antsiranana (Madagascar)'
 -13.42000 -48.33190
 -13.40540 -48.22240
 -13.39310 -48.20720
 -13.36420 -48.19810
 -13.33810 -48.19220
 -13.31810 -48.19170
 -13.27000 -48.19670
 -13.20250 -48.26640
 -13.19600 -48.28420
 -13.19530 -48.29420
 -13.19790 -48.32080
 -13.21110 -48.32500
 -13.39420 -48.36190
 -13.40830 -48.36150
 -13.41810 -48.34250
 -13.42000 -48.33190
4213 299 -24.29084 -19.88279 -48.60779 -45.00514 'Fianarantsoa (Madagascar)'
 -24.12410 -47.42620
 -24.10720 -47.40830
 -24.09470 -47.39190
 -24.08920 -47.38300
 -24.06280 -47.33640
 -24.00470 -47.22610
 -23.99970 -47.21640
 -23.97470 -47.13670
 -23.97250 -47.12420
 -23.97780 -47.11500
 -24.06830 -47.02060
 -24.07780 -47.01500
 -24.08890 -47.01190
 -24.10060 -47.01220
 -24.12250 -47.01780
 -24.15030 -47.03220
 -24.16690 -47.04360
 -24.17580 -47.04860
 -24.18750 -47.05080
 -24.19830 -47.04670
 -24.25860 -47.00690
 -24.27110 -46.99080
 -24.27640 -46.98170
 -24.28030 -46.97110
 -24.28860 -46.93500
 -24.29030 -46.92190
 -24.29080 -46.90780
 -24.28500 -46.89890
 -24.27670 -46.89310
 -24.26640 -46.88970
 -24.25330 -46.88830
 -24.23970 -46.88890
 -24.21580 -46.89310
 -24.19750 -46.90330
 -24.18670 -46.90670
 -24.17560 -46.90470
 -24.16670 -46.89970
 -24.12560 -46.86970
 -24.11170 -46.85530
 -24.09830 -46.83920
 -24.09440 -46.82780
 -24.05220 -46.73670
 -24.04110 -46.73390
 -23.98890 -46.71800
 -23.98250 -46.71000
 -23.96610 -46.68280
 -23.95110 -46.65390
 -23.94670 -46.64360
 -23.92970 -46.58610
 -23.93170 -46.57500
 -23.93060 -46.56220
 -23.91940 -46.53030
 -23.91440 -46.52060
 -23.90830 -46.51250
 -23.81970 -46.41390
 -23.80780 -46.41110
 -23.79420 -46.41170
 -23.78250 -46.41420
 -23.74250 -46.43110
 -23.73310 -46.43580
 -23.67750 -46.46580
 -23.66890 -46.47110
 -23.66140 -46.47810
 -23.64890 -46.49420
 -23.64060 -46.50030
 -23.62830 -46.50220
 -23.60110 -46.50360
 -23.59000 -46.50110
 -23.54470 -46.47610
 -23.52750 -46.46530
 -23.52310 -46.45500
 -23.51610 -46.44780
 -23.49080 -46.42970
 -23.48190 -46.42470
 -23.43240 -46.41490
 -23.42220 -46.42560
 -23.41310 -46.44530
 -23.40780 -46.45440
 -23.39970 -46.46050
 -23.35280 -46.47690
 -23.24720 -46.47970
 -23.18830 -46.47530
 -23.18000 -46.46970
 -23.17360 -46.46170
 -23.15440 -46.41970
 -23.13860 -46.38420
 -23.13280 -46.37530
 -23.12440 -46.36970
 -23.00560 -46.30580
 -22.99610 -46.30140
 -22.92330 -46.27030
 -22.83720 -46.23080
 -22.81610 -46.21640
 -22.80830 -46.21000
 -22.80140 -46.20280
 -22.78420 -46.17640
 -22.77330 -46.15780
 -22.75120 -46.11760
 -22.69720 -46.01830
 -22.68780 -45.99750
 -22.67580 -45.96500
 -22.67060 -45.94810
 -22.67670 -45.88440
 -22.69310 -45.82280
 -22.72310 -45.73530
 -22.77750 -45.59860
 -22.86560 -45.43110
 -22.88750 -45.41360
 -22.91810 -45.39690
 -22.92890 -45.39360
 -22.96940 -45.38720
 -22.99750 -45.38390
 -23.01060 -45.38280
 -23.02420 -45.38640
 -23.06170 -45.38790
 -23.08920 -45.38470
 -23.10940 -45.37810
 -23.12240 -45.35350
 -23.12690 -45.34000
 -23.12750 -45.33330
 -23.12030 -45.29560
 -23.05390 -45.22890
 -23.05250 -45.09830
 -23.02030 -45.06250
 -23.01310 -45.05530
 -22.99080 -45.03530
 -22.97720 -45.02860
 -22.92580 -45.01110
 -22.91390 -45.00920
 -22.87650 -45.00510
 -22.69530 -45.03970
 -22.66780 -45.04530
 -22.54780 -45.09440
 -22.53110 -45.10280
 -22.43490 -45.16030
 -22.42860 -45.17420
 -22.42640 -45.18610
 -22.42110 -45.20250
 -22.41670 -45.21250
 -22.41060 -45.22080
 -22.22830 -45.29800
 -22.14350 -45.31860
 -22.13080 -45.31860
 -22.05360 -45.30030
 -22.00530 -45.28830
 -21.87920 -45.34970
 -21.74920 -45.42670
 -21.66920 -45.50280
 -21.66720 -45.51530
 -21.66220 -45.53190
 -21.65640 -45.54030
 -21.59590 -45.56860
 -21.57970 -45.56920
 -21.55690 -45.56470
 -21.50830 -45.55060
 -21.42540 -45.54990
 -21.32990 -45.59870
 -21.28970 -45.64050
 -21.26080 -45.69030
 -21.25240 -45.72040
 -21.24690 -45.74900
 -21.23250 -45.75810
 -21.21750 -45.76060
 -20.89280 -45.79700
 -20.86040 -45.78050
 -20.82330 -45.78180
 -20.79080 -45.78830
 -20.73190 -45.81010
 -20.72970 -45.82780
 -20.72780 -45.84030
 -20.72060 -45.84720
 -20.70720 -45.84830
 -20.65970 -45.84440
 -20.46560 -45.84360
 -20.35210 -45.84500
 -20.21080 -45.81620
 -20.19830 -45.81140
 -20.18500 -45.80170
 -20.17170 -45.79610
 -20.11940 -45.78220
 -19.95670 -45.76690
 -19.88280 -45.78390
 -19.89420 -45.79720
 -19.91780 -45.83110
 -19.92220 -45.84110
 -19.93500 -45.94030
 -19.93530 -45.97170
 -19.93180 -46.00040
 -19.93440 -46.01640
 -19.95920 -46.07280
 -19.96360 -46.08280
 -19.97000 -46.09140
 -19.98110 -46.09420
 -20.00440 -46.09640
 -20.01500 -46.09970
 -20.02390 -46.10440
 -20.03030 -46.11250
 -20.05610 -46.15720
 -20.06580 -46.18530
 -20.05860 -46.19220
 -20.02030 -46.23120
 -20.04690 -46.27830
 -20.05330 -46.28610
 -20.06250 -46.29080
 -20.08310 -46.29780
 -20.09500 -46.29800
 -20.15640 -46.28390
 -20.16170 -46.27500
 -20.17190 -46.27110
 -20.18220 -46.27440
 -20.19970 -46.28500
 -20.22530 -46.31640
 -20.24890 -46.38110
 -20.27360 -46.55140
 -20.27920 -46.70440
 -20.27940 -46.71830
 -20.27830 -46.79670
 -20.27780 -46.82920
 -20.25720 -46.87640
 -20.18110 -47.03610
 -20.14850 -47.19390
 -20.11280 -47.20070
 -20.08830 -47.20140
 -20.07720 -47.20830
 -20.06640 -47.21890
 -20.04810 -47.24680
 -20.05600 -47.37670
 -20.07330 -47.43640
 -20.07530 -47.45210
 -20.06060 -47.54310
 -20.03920 -47.58610
 -20.00490 -47.65740
 -20.00880 -47.67120
 -20.06190 -47.70920
 -20.07530 -47.71770
 -20.11390 -47.71940
 -20.13330 -47.71750
 -20.14420 -47.71440
 -20.15390 -47.70970
 -20.16280 -47.70440
 -20.17910 -47.69050
 -20.23970 -47.68080
 -20.28240 -47.67790
 -20.35640 -47.68180
 -20.39060 -47.70030
 -20.39750 -47.70750
 -20.45260 -47.78330
 -20.44970 -47.83250
 -20.43420 -47.93000
 -20.40030 -48.07780
 -20.33190 -48.11580
 -20.29740 -48.13440
 -20.28390 -48.23070
 -20.38430 -48.39580
 -20.39580 -48.45420
 -20.39610 -48.48360
 -20.39440 -48.51830
 -20.39690 -48.54560
 -20.40830 -48.58530
 -20.41620 -48.60780
 -20.43940 -48.60110
 -20.49360 -48.58500
 -20.64560 -48.53940
 -20.69750 -48.52110
 -20.91420 -48.46780
 -20.98560 -48.45640
 -21.29220 -48.37060
 -21.47970 -48.30420
 -21.74500 -48.21780
 -21.92310 -48.14080
 -21.95920 -48.12030
 -21.97830 -48.11030
 -22.11060 -48.05080
 -22.19110 -48.01530
 -22.22060 -48.00310
 -22.43190 -47.91970
 -22.46190 -47.90810
 -22.48580 -47.90080
 -22.51390 -47.89440
 -22.66940 -47.86470
 -22.78170 -47.84780
 -22.82670 -47.84250
 -22.84940 -47.83970
 -22.86720 -47.83720
 -22.88830 -47.83170
 -22.96830 -47.81060
 -22.99780 -47.80280
 -23.13830 -47.75970
 -23.33970 -47.71250
 -23.56170 -47.62890
 -23.62190 -47.61690
 -23.64310 -47.61580
 -23.66440 -47.61250
 -23.79420 -47.58720
 -23.83920 -47.57580
 -23.87250 -47.56330
 -24.01500 -47.49810
 -24.03080 -47.48810
 -24.12410 -47.42620
4214 604 -19.31028 -13.86319 -49.58611 -43.92166 'Mahajanga (Madagascar)'
 -18.28770 -45.57480
 -18.30630 -45.40330
 -18.26110 -45.29890
 -18.24540 -45.27930
 -18.22890 -45.26030
 -18.21810 -45.24170
 -18.21500 -45.23030
 -18.21330 -45.21720
 -18.21250 -45.19690
 -18.22060 -45.09890
 -18.18110 -45.04530
 -18.18190 -45.03360
 -18.31750 -44.85920
 -18.33030 -44.84360
 -18.33830 -44.83750
 -18.37190 -44.81440
 -18.38360 -44.81330
 -18.40830 -44.83140
 -18.45830 -44.86640
 -18.53530 -44.90720
 -18.60750 -44.92420
 -18.77280 -44.97080
 -18.87530 -45.01140
 -19.06750 -45.05940
 -19.08670 -45.06030
 -19.09830 -45.05750
 -19.10640 -45.05140
 -19.11830 -45.03500
 -19.12690 -45.02970
 -19.13890 -45.03000
 -19.17100 -45.04710
 -19.18670 -45.06690
 -19.20330 -45.09330
 -19.22190 -45.11750
 -19.23060 -45.12310
 -19.24000 -45.11830
 -19.24530 -45.10940
 -19.31030 -44.84220
 -19.31000 -44.82920
 -19.26940 -44.60080
 -19.26190 -44.56420
 -19.25810 -44.55330
 -19.22560 -44.52970
 -19.20890 -44.51860
 -19.19190 -44.50780
 -19.18420 -44.50140
 -19.17690 -44.49440
 -19.17110 -44.48580
 -19.16670 -44.47500
 -19.16360 -44.46360
 -19.16360 -44.44390
 -19.16440 -44.43080
 -19.16830 -44.41970
 -19.17330 -44.41080
 -19.17630 -44.39610
 -19.16670 -44.33670
 -19.14490 -44.26570
 -19.14000 -44.26190
 -19.08110 -44.23140
 -19.06610 -44.22740
 -18.97360 -44.23140
 -18.96170 -44.24860
 -18.85310 -44.26170
 -18.84190 -44.26140
 -18.82060 -44.25690
 -18.77030 -44.24170
 -18.74110 -44.23110
 -18.66750 -44.19920
 -18.59110 -44.16360
 -18.58220 -44.15890
 -18.51360 -44.11390
 -18.50170 -44.10560
 -18.47000 -44.08220
 -18.45920 -44.07250
 -18.45140 -44.06330
 -18.44190 -44.05420
 -18.42310 -44.04060
 -18.40810 -44.03570
 -18.34030 -44.04310
 -18.24060 -44.04580
 -18.20140 -44.04360
 -18.16750 -44.03940
 -18.13110 -44.03290
 -18.11220 -44.02460
 -18.05640 -44.01190
 -17.98030 -44.00360
 -17.95890 -44.00140
 -17.94860 -44.00110
 -17.92920 -44.00280
 -17.91750 -44.00470
 -17.87750 -44.01360
 -17.86580 -44.02190
 -17.84690 -44.02690
 -17.81750 -44.03030
 -17.77560 -44.03190
 -17.75690 -44.03140
 -17.69280 -43.99360
 -17.68360 -43.98810
 -17.66220 -43.96940
 -17.65220 -43.95970
 -17.63250 -43.94330
 -17.61190 -43.92890
 -17.60080 -43.92440
 -17.58060 -43.92170
 -17.57030 -43.92280
 -17.51220 -43.92940
 -17.50060 -43.93140
 -17.47940 -43.93720
 -17.45080 -43.94720
 -17.43940 -43.95250
 -17.42110 -43.96420
 -17.31720 -44.03970
 -17.17640 -44.13780
 -17.09810 -44.18250
 -17.03720 -44.21530
 -16.91970 -44.27530
 -16.79690 -44.34610
 -16.78830 -44.35170
 -16.77920 -44.36330
 -16.77250 -44.37360
 -16.76390 -44.38330
 -16.75330 -44.39250
 -16.70360 -44.43250
 -16.69220 -44.43780
 -16.50670 -44.46580
 -16.49580 -44.46610
 -16.47780 -44.46330
 -16.46670 -44.45860
 -16.45750 -44.45330
 -16.43330 -44.43690
 -16.41310 -44.42190
 -16.39330 -44.40970
 -16.38280 -44.40440
 -16.36920 -44.39960
 -16.34170 -44.39810
 -16.21470 -44.43890
 -16.20390 -44.44280
 -16.19530 -44.44940
 -16.18390 -44.46030
 -16.17720 -44.48890
 -16.17990 -44.50370
 -16.18690 -44.57310
 -16.18830 -44.60940
 -16.19970 -44.80310
 -16.21030 -44.87360
 -16.14270 -45.00000
 -16.12060 -45.03440
 -16.10780 -45.05000
 -16.09650 -45.05960
 -16.07420 -45.07330
 -16.04940 -45.09110
 -16.00390 -45.13000
 -15.99350 -45.14070
 -15.95030 -45.21690
 -15.93140 -45.25470
 -15.92750 -45.26500
 -15.93280 -45.27390
 -15.94310 -45.27720
 -16.05560 -45.29360
 -16.06720 -45.29110
 -16.09680 -45.28860
 -16.11060 -45.29170
 -16.11780 -45.30260
 -16.11030 -45.32690
 -16.10500 -45.33550
 -16.06690 -45.39560
 -16.04140 -45.41280
 -16.03110 -45.41110
 -16.02670 -45.40110
 -16.03330 -45.39220
 -16.00640 -45.37440
 -15.98330 -45.36710
 -15.97330 -45.39050
 -15.94920 -45.57250
 -15.98750 -45.59420
 -15.99860 -45.59360
 -16.00810 -45.58920
 -16.02420 -45.57720
 -16.03830 -45.57640
 -16.05530 -45.60690
 -16.05750 -45.61780
 -16.03670 -45.62750
 -15.90720 -45.64530
 -15.89470 -45.64560
 -15.88310 -45.64390
 -15.79170 -45.71670
 -15.79780 -45.73920
 -15.81470 -45.80750
 -15.81470 -45.82610
 -15.80940 -45.83470
 -15.78690 -45.86890
 -15.78220 -45.87830
 -15.77310 -45.91080
 -15.77250 -45.92140
 -15.78390 -45.95750
 -15.80440 -45.95640
 -15.83530 -45.95190
 -15.84500 -45.95580
 -15.85330 -45.96500
 -15.87190 -46.06360
 -15.86110 -46.07250
 -15.81080 -46.07190
 -15.78420 -46.07050
 -15.78310 -46.06060
 -15.78890 -46.04890
 -15.79830 -46.03860
 -15.80780 -46.03110
 -15.81640 -46.02170
 -15.82390 -46.01140
 -15.80890 -46.00490
 -15.79360 -46.01310
 -15.77530 -46.02780
 -15.75670 -46.04830
 -15.74000 -46.06890
 -15.73220 -46.07970
 -15.72030 -46.09940
 -15.71110 -46.12060
 -15.70360 -46.15140
 -15.70360 -46.17190
 -15.70500 -46.20190
 -15.71420 -46.23250
 -15.75970 -46.24610
 -15.80610 -46.23550
 -15.84690 -46.24670
 -15.87830 -46.25720
 -15.90110 -46.26580
 -15.93250 -46.28000
 -15.95190 -46.29310
 -15.96110 -46.30220
 -15.97330 -46.32110
 -15.97720 -46.33110
 -15.96140 -46.47780
 -15.88580 -46.44720
 -15.85390 -46.41310
 -15.83570 -46.38010
 -15.77810 -46.34000
 -15.71240 -46.30350
 -15.68640 -46.30890
 -15.67470 -46.31280
 -15.64500 -46.32920
 -15.63420 -46.33170
 -15.62470 -46.33830
 -15.61580 -46.34720
 -15.50610 -46.46280
 -15.49810 -46.47360
 -15.49330 -46.48390
 -15.44330 -46.57420
 -15.36470 -46.70530
 -15.26810 -46.83360
 -15.26190 -46.84170
 -15.24780 -46.85560
 -15.23060 -46.88030
 -15.22580 -46.88940
 -15.19890 -46.94720
 -15.19720 -46.95920
 -15.20220 -46.96830
 -15.21000 -46.97470
 -15.33440 -47.07640
 -15.34390 -47.07190
 -15.36890 -47.05500
 -15.37940 -47.04440
 -15.39750 -47.01310
 -15.40580 -47.00720
 -15.50220 -46.96220
 -15.51330 -46.95890
 -15.54280 -46.95690
 -15.55810 -46.95940
 -15.55470 -46.96940
 -15.54580 -46.97470
 -15.49360 -47.04220
 -15.47970 -47.09300
 -15.44520 -47.12900
 -15.44460 -47.14270
 -15.45880 -47.18080
 -15.44850 -47.20670
 -15.44850 -47.22360
 -15.41730 -47.23670
 -15.41330 -47.21220
 -15.40140 -47.19610
 -15.30560 -47.11190
 -15.26030 -47.08310
 -15.22330 -47.05970
 -15.19810 -47.05810
 -15.18500 -47.05830
 -15.17530 -47.06300
 -15.15030 -47.08060
 -15.11560 -47.10870
 -14.99390 -47.22280
 -14.91250 -47.31060
 -14.87530 -47.30000
 -14.85570 -47.28690
 -14.84220 -47.29280
 -14.80970 -47.31640
 -14.77780 -47.34170
 -14.72670 -47.38970
 -14.66530 -47.45500
 -14.66360 -47.46560
 -14.71170 -47.50080
 -14.82690 -47.50640
 -14.84830 -47.49940
 -14.85780 -47.49500
 -14.88510 -47.47350
 -14.90970 -47.44830
 -14.92530 -47.43610
 -14.97140 -47.41250
 -14.98250 -47.41080
 -15.08690 -47.40920
 -15.09860 -47.41110
 -15.10690 -47.41670
 -15.11060 -47.42720
 -15.10810 -47.43860
 -15.10330 -47.44810
 -15.08280 -47.48330
 -15.07670 -47.49190
 -14.95030 -47.56690
 -14.85720 -47.61310
 -14.82720 -47.62500
 -14.78750 -47.63920
 -14.77810 -47.64360
 -14.70190 -47.68780
 -14.68360 -47.69860
 -14.60390 -47.81130
 -14.62170 -47.96860
 -14.62580 -47.97860
 -14.63420 -47.98420
 -14.66250 -47.99560
 -14.68670 -47.99890
 -14.70640 -47.99780
 -14.72830 -47.99170
 -14.74000 -47.98940
 -14.76000 -47.98750
 -14.76720 -47.99710
 -14.74940 -48.01330
 -14.72810 -48.02080
 -14.71240 -48.02250
 -14.63530 -48.01530
 -14.62280 -48.00690
 -14.57580 -47.94110
 -14.57080 -47.93190
 -14.56920 -47.91920
 -14.57060 -47.90640
 -14.57360 -47.89580
 -14.57920 -47.88720
 -14.59090 -47.82790
 -14.60320 -47.75100
 -14.55830 -47.72080
 -14.44280 -47.70170
 -14.42060 -47.69940
 -14.40830 -47.69970
 -14.35720 -47.71390
 -14.34690 -47.71780
 -14.26140 -47.77890
 -14.23390 -47.83000
 -14.24640 -47.85280
 -14.25220 -47.87530
 -14.25390 -47.92780
 -14.22620 -47.93570
 -14.21520 -47.94160
 -14.18860 -47.94840
 -14.17800 -47.94840
 -14.13110 -47.93900
 -14.11500 -47.91940
 -14.09690 -47.90430
 -14.08890 -47.91420
 -14.08890 -47.92560
 -14.09830 -47.94580
 -14.12030 -47.98720
 -14.12580 -47.99580
 -14.13830 -48.01110
 -14.14750 -48.01670
 -14.15830 -48.01500
 -14.19500 -47.99740
 -14.23140 -47.98770
 -14.28470 -47.97440
 -14.30670 -47.97140
 -14.32070 -47.97780
 -14.32690 -47.99300
 -14.32280 -48.00310
 -14.15560 -48.04830
 -14.10610 -48.05250
 -14.07920 -48.04470
 -14.06890 -48.04110
 -14.06340 -48.03140
 -14.04630 -48.05190
 -13.99430 -48.08260
 -13.98250 -48.08210
 -13.96210 -48.07570
 -13.95420 -48.08180
 -13.90720 -48.16420
 -13.87170 -48.22720
 -13.86320 -48.24990
 -13.87250 -48.25780
 -13.88310 -48.25420
 -13.89460 -48.24830
 -13.94030 -48.21360
 -13.94920 -48.20140
 -14.02830 -48.20220
 -14.11110 -48.35110
 -14.12110 -48.36940
 -14.12570 -48.38260
 -14.12500 -48.39860
 -14.11440 -48.44420
 -14.11110 -48.45500
 -14.13360 -48.58550
 -14.20330 -48.70640
 -14.23310 -48.84330
 -14.20080 -48.90190
 -14.19310 -48.90860
 -14.18420 -48.91360
 -14.16360 -48.92810
 -14.15610 -48.93470
 -14.15140 -48.94390
 -14.14240 -48.97460
 -14.16470 -49.03780
 -14.19170 -49.10560
 -14.31610 -49.19190
 -14.37110 -49.25640
 -14.47640 -49.37580
 -14.49310 -49.39420
 -14.50310 -49.40150
 -14.51420 -49.40220
 -14.62500 -49.41860
 -14.73780 -49.45110
 -14.80280 -49.47640
 -14.81140 -49.48190
 -14.81690 -49.49060
 -14.82530 -49.51110
 -14.83030 -49.52030
 -14.84140 -49.53030
 -14.90170 -49.57470
 -14.91140 -49.57920
 -14.93220 -49.58610
 -14.94110 -49.58580
 -14.93830 -49.58530
 -14.94110 -49.57390
 -14.94500 -49.56390
 -14.97420 -49.49360
 -14.99810 -49.45830
 -15.03890 -49.46310
 -15.11470 -49.45810
 -15.13360 -49.45580
 -15.14440 -49.45190
 -15.24200 -49.36530
 -15.29560 -49.18940
 -15.35000 -49.02420
 -15.35900 -49.01410
 -15.38250 -49.01210
 -15.42810 -49.02560
 -15.44110 -49.03330
 -15.44610 -49.04250
 -15.44970 -49.05330
 -15.45690 -49.09920
 -15.55140 -49.08720
 -15.68610 -49.07080
 -15.78780 -49.07920
 -15.81190 -49.08970
 -15.82780 -49.09440
 -15.88530 -49.10610
 -15.90010 -49.10760
 -15.91920 -49.10220
 -15.93420 -49.09610
 -15.94670 -49.08750
 -15.95830 -49.07800
 -15.96640 -49.06860
 -15.98140 -49.05190
 -15.99810 -49.04030
 -16.00750 -49.03580
 -16.10600 -49.00130
 -16.12060 -49.00940
 -16.12610 -49.01810
 -16.16170 -49.09670
 -16.16580 -49.10670
 -16.17000 -49.13110
 -16.17170 -49.15140
 -16.17040 -49.16140
 -16.17190 -49.17810
 -16.17640 -49.19500
 -16.18340 -49.20570
 -16.24830 -49.21930
 -16.30690 -49.19310
 -16.40720 -49.14170
 -16.43330 -49.12560
 -16.46110 -49.06830
 -16.46390 -49.05690
 -16.57170 -49.00440
 -16.66170 -48.98620
 -16.67220 -48.95940
 -16.67750 -48.92920
 -16.67940 -48.91670
 -16.67720 -48.90440
 -16.66820 -48.88120
 -16.67080 -48.84250
 -16.67500 -48.83250
 -16.69390 -48.80110
 -16.73190 -48.74720
 -16.74920 -48.72920
 -16.75530 -48.72110
 -16.76330 -48.70810
 -16.76460 -48.69280
 -16.75690 -48.68190
 -16.71080 -48.65030
 -16.70190 -48.64530
 -16.68720 -48.63890
 -16.67060 -48.63470
 -16.65060 -48.63580
 -16.63940 -48.63890
 -16.63000 -48.64330
 -16.61780 -48.65190
 -16.60860 -48.65720
 -16.58990 -48.66490
 -16.50280 -48.64050
 -16.47440 -48.62810
 -16.43530 -48.60110
 -16.42830 -48.59390
 -16.35780 -48.48690
 -16.33780 -48.42810
 -16.25530 -48.31060
 -16.24560 -48.29920
 -16.23990 -48.28710
 -16.23920 -48.24300
 -16.25220 -47.97350
 -16.33330 -47.92920
 -16.53150 -47.91500
 -16.54750 -47.91610
 -16.55720 -47.92030
 -16.56690 -47.92440
 -16.62670 -47.94810
 -16.82330 -48.01640
 -16.99080 -48.07640
 -17.00060 -48.08060
 -17.01310 -48.08890
 -17.03330 -48.10390
 -17.04750 -48.11800
 -17.06010 -48.13920
 -17.10310 -48.18580
 -17.16780 -48.20510
 -17.18140 -48.20420
 -17.24420 -48.15690
 -17.34250 -48.11920
 -17.39750 -48.10890
 -17.50580 -48.08920
 -17.67470 -48.01080
 -17.80470 -47.96580
 -17.82720 -47.95330
 -17.85720 -47.93390
 -17.90030 -47.90270
 -17.91250 -47.84390
 -17.93030 -47.79080
 -17.95580 -47.64420
 -17.95640 -47.63060
 -17.95390 -47.61830
 -17.89720 -47.45300
 -17.89310 -47.44310
 -17.83570 -47.37870
 -17.81110 -47.36890
 -17.79580 -47.36640
 -17.78030 -47.36880
 -17.77310 -47.35890
 -17.75810 -47.33110
 -17.75500 -47.31940
 -17.75060 -47.30220
 -17.74750 -47.29000
 -17.74530 -47.27780
 -17.74580 -47.26550
 -17.75030 -47.21190
 -17.75420 -47.20170
 -17.76750 -47.18690
 -17.78640 -47.16280
 -17.79030 -47.15250
 -17.81420 -47.07610
 -17.82780 -47.03170
 -17.82250 -46.91250
 -17.81750 -46.90330
 -17.80640 -46.90360
 -17.79690 -46.90810
 -17.78580 -46.91140
 -17.77360 -46.91170
 -17.74220 -46.90080
 -17.72190 -46.88470
 -17.72030 -46.73890
 -17.72060 -46.72640
 -17.77690 -46.48530
 -17.82750 -46.35580
 -17.88420 -46.20250
 -17.88580 -46.19030
 -17.88690 -46.17000
 -17.88580 -46.15690
 -17.83860 -46.01440
 -17.83310 -46.00580
 -17.87890 -45.95030
 -18.02360 -45.87940
 -18.15690 -45.81530
 -18.17670 -45.81140
 -18.20310 -45.81470
 -18.21920 -45.81750
 -18.23310 -45.81000
 -18.26510 -45.77000
 -18.25110 -45.74140
 -18.23940 -45.71640
 -18.22360 -45.64310
 -18.22310 -45.62640
 -18.24580 -45.60030
 -18.25330 -45.59360
 -18.28770 -45.57480
4215 363 -20.45264 -14.93834 -50.13793 -47.67791 'Toamasina (Madagascar)'
 -20.07530 -47.71770
 -20.05720 -47.71610
 -20.04030 -47.71650
 -20.02080 -47.72170
 -20.00640 -47.72860
 -19.86310 -47.80110
 -19.85310 -47.81220
 -19.84560 -47.81890
 -19.81630 -47.84290
 -19.80440 -47.84920
 -19.78470 -47.85750
 -19.75360 -47.86170
 -19.73970 -47.86190
 -19.72630 -47.85820
 -19.71190 -47.85500
 -19.68640 -47.85330
 -19.63950 -47.85310
 -19.54860 -47.87110
 -19.47070 -47.90080
 -19.45810 -47.91310
 -19.43830 -47.92940
 -19.42290 -47.93890
 -19.38990 -47.94680
 -19.31640 -47.95580
 -19.19390 -47.94460
 -19.18140 -47.93970
 -19.04530 -47.93110
 -18.99310 -47.94580
 -18.97720 -47.94970
 -18.93240 -47.95210
 -18.86340 -47.95330
 -18.84860 -47.94830
 -18.83750 -47.94550
 -18.81330 -47.94220
 -18.73190 -47.93900
 -18.40860 -47.99670
 -18.39890 -48.00110
 -18.39060 -48.00690
 -18.37220 -48.03140
 -18.36190 -48.03530
 -18.34940 -48.03390
 -18.27710 -48.01870
 -18.26140 -48.01000
 -18.24890 -48.00140
 -18.23920 -47.99720
 -18.22810 -47.99440
 -18.20860 -47.99330
 -18.13390 -47.99170
 -18.12170 -47.99330
 -18.11190 -47.99780
 -18.09690 -48.00420
 -17.96300 -47.96580
 -17.95370 -47.94650
 -17.92740 -47.90830
 -17.90820 -47.90290
 -17.90030 -47.90270
 -17.85720 -47.93390
 -17.82720 -47.95330
 -17.80470 -47.96580
 -17.67470 -48.01080
 -17.50580 -48.08920
 -17.39750 -48.10890
 -17.34250 -48.11920
 -17.24420 -48.15690
 -17.18140 -48.20420
 -17.16780 -48.20510
 -17.10310 -48.18580
 -17.06010 -48.13920
 -17.04750 -48.11800
 -17.03330 -48.10390
 -17.01310 -48.08890
 -17.00060 -48.08060
 -16.99080 -48.07640
 -16.82330 -48.01640
 -16.62670 -47.94810
 -16.56690 -47.92440
 -16.55720 -47.92030
 -16.54750 -47.91610
 -16.53150 -47.91500
 -16.33330 -47.92920
 -16.25220 -47.97350
 -16.23920 -48.24300
 -16.23990 -48.28710
 -16.24560 -48.29920
 -16.25530 -48.31060
 -16.33780 -48.42810
 -16.35780 -48.48690
 -16.42830 -48.59390
 -16.43530 -48.60110
 -16.47440 -48.62810
 -16.50280 -48.64050
 -16.58990 -48.66490
 -16.60860 -48.65720
 -16.61780 -48.65190
 -16.63000 -48.64330
 -16.63940 -48.63890
 -16.65060 -48.63580
 -16.67060 -48.63470
 -16.68720 -48.63890
 -16.70190 -48.64530
 -16.71080 -48.65030
 -16.75690 -48.68190
 -16.76460 -48.69280
 -16.76330 -48.70810
 -16.75530 -48.72110
 -16.74920 -48.72920
 -16.73190 -48.74720
 -16.69390 -48.80110
 -16.67500 -48.83250
 -16.67080 -48.84250
 -16.66820 -48.88120
 -16.67720 -48.90440
 -16.67940 -48.91670
 -16.67750 -48.92920
 -16.67220 -48.95940
 -16.66170 -48.98620
 -16.57170 -49.00440
 -16.46390 -49.05690
 -16.46110 -49.06830
 -16.43330 -49.12560
 -16.40720 -49.14170
 -16.30690 -49.19310
 -16.24830 -49.21930
 -16.18340 -49.20570
 -16.17640 -49.19500
 -16.17190 -49.17810
 -16.17040 -49.16140
 -16.17170 -49.15140
 -16.17000 -49.13110
 -16.16580 -49.10670
 -16.16170 -49.09670
 -16.12610 -49.01810
 -16.12060 -49.00940
 -16.10600 -49.00130
 -16.00750 -49.03580
 -15.99810 -49.04030
 -15.98140 -49.05190
 -15.96640 -49.06860
 -15.95830 -49.07800
 -15.94670 -49.08750
 -15.93420 -49.09610
 -15.91920 -49.10220
 -15.90010 -49.10760
 -15.88530 -49.10610
 -15.82780 -49.09440
 -15.81190 -49.08970
 -15.78780 -49.07920
 -15.68610 -49.07080
 -15.55140 -49.08720
 -15.45690 -49.09920
 -15.44970 -49.05330
 -15.44610 -49.04250
 -15.44110 -49.03330
 -15.42810 -49.02560
 -15.38250 -49.01210
 -15.35900 -49.01410
 -15.35000 -49.02420
 -15.29560 -49.18940
 -15.24200 -49.36530
 -15.14440 -49.45190
 -15.13360 -49.45580
 -15.11470 -49.45810
 -15.03890 -49.46310
 -14.99810 -49.45830
 -14.97420 -49.49360
 -14.94500 -49.56390
 -14.94110 -49.57390
 -14.93830 -49.58530
 -14.94110 -49.58580
 -14.94110 -49.59030
 -14.96610 -49.62140
 -14.98030 -49.63580
 -15.00110 -49.65690
 -15.01760 -49.66300
 -15.03220 -49.66750
 -15.04110 -49.67250
 -15.07350 -49.69970
 -15.07800 -49.71400
 -15.05560 -49.77390
 -15.03720 -49.81970
 -15.03440 -49.83470
 -15.03510 -49.93120
 -15.04470 -49.94610
 -15.05170 -49.95330
 -15.12860 -50.00220
 -15.20390 -50.01690
 -15.25420 -49.99170
 -15.36560 -50.00310
 -15.37720 -50.00530
 -15.38690 -50.00940
 -15.40360 -50.02080
 -15.42930 -50.04430
 -15.44740 -50.05060
 -15.46170 -50.04780
 -15.52440 -50.02670
 -15.58720 -50.01690
 -15.60110 -50.01690
 -15.61220 -50.02030
 -15.74860 -50.06280
 -15.92000 -50.12080
 -15.92750 -50.13790
 -15.92060 -50.10060
 -15.86690 -50.03390
 -15.85750 -50.02920
 -15.81060 -50.02640
 -15.79830 -50.02670
 -15.68110 -49.96170
 -15.56110 -49.90390
 -15.54810 -49.90310
 -15.46830 -49.90220
 -15.43250 -49.86610
 -15.43170 -49.82420
 -15.43580 -49.75140
 -15.44280 -49.73000
 -15.44750 -49.72060
 -15.46580 -49.69610
 -15.48830 -49.67690
 -15.50470 -49.66440
 -15.53750 -49.64140
 -15.55750 -49.63360
 -15.57060 -49.63280
 -15.58360 -49.63390
 -15.68190 -49.65750
 -15.70610 -49.66670
 -15.72530 -49.67580
 -15.90420 -49.73400
 -15.92190 -49.73100
 -15.94560 -49.71780
 -15.96420 -49.70470
 -16.01000 -49.68780
 -16.03500 -49.68060
 -16.05500 -49.68140
 -16.09810 -49.69580
 -16.11420 -49.70210
 -16.12750 -49.70970
 -16.13810 -49.72060
 -16.14560 -49.72970
 -16.15330 -49.74890
 -16.15470 -49.75920
 -16.15220 -49.76920
 -16.18190 -49.81690
 -16.19720 -49.83610
 -16.21720 -49.85030
 -16.23140 -49.85400
 -16.24750 -49.85220
 -16.28670 -49.83830
 -16.30860 -49.83250
 -16.34330 -49.82540
 -16.36560 -49.82560
 -16.39530 -49.83030
 -16.41640 -49.83440
 -16.42420 -49.84890
 -16.43440 -49.85940
 -16.45530 -49.86310
 -16.47390 -49.86280
 -16.55420 -49.84860
 -16.56580 -49.84580
 -16.64170 -49.79940
 -16.65140 -49.79190
 -16.67190 -49.77250
 -16.68970 -49.75390
 -16.69720 -49.74300
 -16.70580 -49.72420
 -16.71470 -49.71920
 -16.72830 -49.71720
 -16.75690 -49.72080
 -16.78640 -49.73670
 -16.79610 -49.74300
 -16.80580 -49.75000
 -16.81420 -49.75940
 -16.82610 -49.77940
 -16.83030 -49.78860
 -16.88750 -49.63810
 -16.88970 -49.62810
 -16.89420 -49.61720
 -16.90060 -49.60690
 -16.90860 -49.59690
 -16.91940 -49.59030
 -17.04640 -49.53170
 -17.29720 -49.42890
 -17.31580 -49.42280
 -17.32610 -49.42060
 -17.34390 -49.41890
 -17.36250 -49.42170
 -17.38190 -49.43530
 -17.41540 -49.45470
 -17.48690 -49.47530
 -17.55440 -49.48860
 -17.67830 -49.50970
 -17.68940 -49.51110
 -17.71140 -49.51030
 -17.77110 -49.50110
 -17.79390 -49.49500
 -17.83140 -49.48170
 -17.91580 -49.45560
 -17.94810 -49.44580
 -17.99690 -49.43330
 -18.07250 -49.41440
 -18.21390 -49.38420
 -18.31280 -49.37220
 -18.32530 -49.37080
 -18.35140 -49.36830
 -18.53720 -49.30420
 -18.70390 -49.23140
 -18.87940 -49.16780
 -18.94030 -49.14390
 -18.97060 -49.13030
 -19.03470 -49.09750
 -19.06890 -49.07530
 -19.08810 -49.06640
 -19.19440 -49.03170
 -19.21580 -49.02500
 -19.25080 -49.01810
 -19.27610 -49.01420
 -19.33440 -49.00250
 -19.35640 -48.99640
 -19.37690 -48.98890
 -19.45780 -48.95640
 -19.53170 -48.92190
 -19.58860 -48.89280
 -19.60780 -48.88300
 -19.62830 -48.87550
 -19.65030 -48.86940
 -19.68440 -48.86170
 -19.74280 -48.84920
 -19.76610 -48.84440
 -19.82530 -48.83360
 -19.93310 -48.81300
 -20.03920 -48.77810
 -20.09110 -48.75920
 -20.11110 -48.75080
 -20.16720 -48.72220
 -20.19310 -48.70580
 -20.22170 -48.69140
 -20.29830 -48.65440
 -20.33670 -48.63640
 -20.38810 -48.61670
 -20.41620 -48.60780
 -20.40830 -48.58530
 -20.39690 -48.54560
 -20.39440 -48.51830
 -20.39610 -48.48360
 -20.39580 -48.45420
 -20.38430 -48.39580
 -20.28390 -48.23070
 -20.29740 -48.13440
 -20.33190 -48.11580
 -20.40030 -48.07780
 -20.43420 -47.93000
 -20.44970 -47.83250
 -20.45260 -47.78330
 -20.39750 -47.70750
 -20.39060 -47.70030
 -20.35640 -47.68180
 -20.28240 -47.67790
 -20.23970 -47.68080
 -20.17910 -47.69050
 -20.16280 -47.70440
 -20.15390 -47.70970
 -20.14420 -47.71440
 -20.13330 -47.71750
 -20.11390 -47.71940
 -20.07530 -47.71770
4216 12 -17.09528 -16.72556 -50.01055 -49.81764 'Toamasina (Madagascar)'
 -17.09530 -49.82720
 -17.08830 -49.82000
 -17.04430 -49.81760
 -16.91390 -49.86050
 -16.90280 -49.86720
 -16.75970 -49.96170
 -16.72560 -50.01060
 -16.87860 -49.95220
 -16.90750 -49.93970
 -16.95890 -49.91000
 -17.08970 -49.83360
 -17.09530 -49.82720
4217 529 -25.58834 -18.18112 -47.42618 -43.23683 'Toliara (Madagascar)'
 -24.12410 -47.42620
 -24.17780 -47.40360
 -24.30610 -47.33940
 -24.41250 -47.31970
 -24.45890 -47.31560
 -24.47110 -47.31300
 -24.50390 -47.30330
 -24.55750 -47.28170
 -24.74140 -47.19860
 -24.81360 -47.14860
 -24.83170 -47.13530
 -24.84610 -47.13010
 -24.86110 -47.12720
 -24.87540 -47.12720
 -24.89500 -47.13170
 -24.91280 -47.13720
 -24.92810 -47.13300
 -24.97390 -47.09440
 -25.06860 -46.90640
 -25.16750 -46.73030
 -25.17140 -46.71940
 -25.19170 -46.64670
 -25.18280 -46.58420
 -25.17500 -46.54420
 -25.16690 -46.52330
 -25.16170 -46.50310
 -25.16170 -46.41330
 -25.17360 -46.33670
 -25.18610 -46.29080
 -25.19690 -46.25800
 -25.21940 -46.19330
 -25.22690 -46.17190
 -25.31000 -45.96310
 -25.32890 -45.92300
 -25.33940 -45.90470
 -25.40330 -45.79440
 -25.43610 -45.73920
 -25.45390 -45.71360
 -25.46810 -45.69860
 -25.49720 -45.67060
 -25.50920 -45.65330
 -25.55140 -45.57170
 -25.56220 -45.55030
 -25.56860 -45.53030
 -25.57560 -45.48780
 -25.57830 -45.46250
 -25.58830 -45.21470
 -25.54860 -45.12740
 -25.53500 -45.11800
 -25.52080 -45.09810
 -25.40250 -44.91470
 -25.33560 -44.80830
 -25.32110 -44.78250
 -25.31670 -44.76970
 -25.31060 -44.74750
 -25.30390 -44.71140
 -25.29390 -44.58780
 -25.28640 -44.52220
 -25.27280 -44.44330
 -25.25560 -44.35580
 -25.24640 -44.34920
 -25.16310 -44.29770
 -25.16750 -44.32310
 -25.17670 -44.33250
 -25.19440 -44.35000
 -25.21560 -44.36860
 -25.23280 -44.38920
 -25.23030 -44.39920
 -25.22080 -44.40780
 -25.21170 -44.41190
 -25.19330 -44.40190
 -25.15310 -44.33720
 -25.06920 -44.18440
 -25.06470 -44.17470
 -25.05940 -44.16280
 -25.05580 -44.15030
 -25.05390 -44.13970
 -25.05780 -44.12970
 -25.06280 -44.11970
 -25.06170 -44.10830
 -25.05440 -44.09750
 -25.00440 -44.03220
 -24.98080 -44.01710
 -24.95830 -44.02300
 -24.94440 -44.02190
 -24.92030 -44.01640
 -24.89970 -44.01110
 -24.88030 -44.00530
 -24.86140 -43.99390
 -24.85030 -43.98530
 -24.83030 -43.96750
 -24.81080 -43.95390
 -24.76110 -43.92580
 -24.74110 -43.91780
 -24.71760 -43.91430
 -24.68810 -43.92890
 -24.67280 -43.93120
 -24.63400 -43.92280
 -24.59890 -43.90580
 -24.50530 -43.83440
 -24.49170 -43.81940
 -24.47720 -43.79750
 -24.47140 -43.78720
 -24.46250 -43.76580
 -24.45640 -43.75560
 -24.43860 -43.73220
 -24.41720 -43.71190
 -24.38440 -43.69170
 -24.33170 -43.67140
 -24.31140 -43.66420
 -24.18890 -43.66440
 -24.04360 -43.66470
 -23.86860 -43.66220
 -23.82440 -43.65320
 -23.81000 -43.64890
 -23.76170 -43.62500
 -23.65780 -43.63640
 -23.64780 -43.63830
 -23.62380 -43.64970
 -23.61390 -43.67330
 -23.60280 -43.70390
 -23.58890 -43.73530
 -23.57740 -43.74790
 -23.46810 -43.76000
 -23.45220 -43.75310
 -23.44310 -43.74530
 -23.39500 -43.68750
 -23.36190 -43.64640
 -23.35750 -43.63690
 -23.34750 -43.63060
 -23.31140 -43.61500
 -23.30170 -43.61170
 -23.27810 -43.60690
 -23.26580 -43.60580
 -23.17080 -43.59750
 -23.15080 -43.59690
 -23.12940 -43.59780
 -23.09920 -43.59690
 -23.07830 -43.58810
 -23.06780 -43.57830
 -23.04890 -43.55580
 -23.02310 -43.52060
 -23.01280 -43.50470
 -23.00810 -43.49280
 -22.99750 -43.48220
 -22.89580 -43.39280
 -22.87530 -43.37580
 -22.86190 -43.36610
 -22.85280 -43.36190
 -22.84170 -43.35810
 -22.80080 -43.34890
 -22.65940 -43.31720
 -22.49810 -43.28610
 -22.28250 -43.23890
 -22.21330 -43.26080
 -22.16280 -43.25050
 -22.15220 -43.24720
 -22.06870 -43.23680
 -21.90830 -43.27920
 -21.88280 -43.31440
 -21.84640 -43.32800
 -21.77690 -43.33280
 -21.75860 -43.33420
 -21.67060 -43.42110
 -21.66390 -43.43110
 -21.66170 -43.44780
 -21.66810 -43.47240
 -21.59810 -43.46940
 -21.47640 -43.46610
 -21.46330 -43.46610
 -21.39560 -43.47640
 -21.38330 -43.47830
 -21.37250 -43.48190
 -21.33390 -43.50050
 -21.30140 -43.54500
 -21.28060 -43.57970
 -21.27890 -43.59170
 -21.27640 -43.61610
 -21.27220 -43.66500
 -21.27190 -43.69890
 -21.27390 -43.71220
 -21.27690 -43.72220
 -21.28360 -43.73030
 -21.28610 -43.74110
 -21.27060 -43.76830
 -21.26470 -43.77670
 -21.23330 -43.80250
 -21.22530 -43.80860
 -21.20720 -43.81970
 -21.15690 -43.84110
 -21.08000 -43.86140
 -21.00890 -43.87550
 -20.94580 -43.87890
 -20.87920 -43.89780
 -20.85940 -43.90670
 -20.85000 -43.91170
 -20.78810 -43.94940
 -20.76420 -43.96800
 -20.74360 -43.99190
 -20.74610 -44.00280
 -20.74580 -44.01530
 -20.74000 -44.02360
 -20.72390 -44.03610
 -20.71500 -44.04170
 -20.65190 -44.07940
 -20.60080 -44.10060
 -20.59000 -44.10420
 -20.44190 -44.17610
 -20.29440 -44.26640
 -20.15720 -44.34030
 -20.13720 -44.35330
 -20.12860 -44.36110
 -20.11970 -44.37080
 -20.10330 -44.39000
 -20.09610 -44.39970
 -20.07780 -44.42890
 -20.06860 -44.43750
 -19.98060 -44.47970
 -19.96580 -44.48280
 -19.94140 -44.48250
 -19.87740 -44.47190
 -19.84560 -44.44030
 -19.84130 -44.42610
 -19.84030 -44.41030
 -19.83250 -44.39970
 -19.81220 -44.38750
 -19.77710 -44.37080
 -19.55280 -44.44030
 -19.54470 -44.45470
 -19.54500 -44.46500
 -19.54250 -44.47610
 -19.52690 -44.48320
 -19.50280 -44.48280
 -19.43830 -44.46920
 -19.37890 -44.43860
 -19.35780 -44.42560
 -19.25140 -44.35170
 -19.23000 -44.33640
 -19.16920 -44.28640
 -19.14490 -44.26570
 -19.16670 -44.33670
 -19.17630 -44.39610
 -19.17330 -44.41080
 -19.16830 -44.41970
 -19.16440 -44.43080
 -19.16360 -44.44390
 -19.16360 -44.46360
 -19.16670 -44.47500
 -19.17110 -44.48580
 -19.17690 -44.49440
 -19.18420 -44.50140
 -19.19190 -44.50780
 -19.20890 -44.51860
 -19.22560 -44.52970
 -19.25810 -44.55330
 -19.26190 -44.56420
 -19.26940 -44.60080
 -19.31000 -44.82920
 -19.31030 -44.84220
 -19.24530 -45.10940
 -19.24000 -45.11830
 -19.23060 -45.12310
 -19.22190 -45.11750
 -19.20330 -45.09330
 -19.18670 -45.06690
 -19.17100 -45.04710
 -19.13890 -45.03000
 -19.12690 -45.02970
 -19.11830 -45.03500
 -19.10640 -45.05140
 -19.09830 -45.05750
 -19.08670 -45.06030
 -19.06750 -45.05940
 -18.87530 -45.01140
 -18.77280 -44.97080
 -18.60750 -44.92420
 -18.53530 -44.90720
 -18.45830 -44.86640
 -18.40830 -44.83140
 -18.38360 -44.81330
 -18.37190 -44.81440
 -18.33830 -44.83750
 -18.33030 -44.84360
 -18.31750 -44.85920
 -18.18190 -45.03360
 -18.18110 -45.04530
 -18.22060 -45.09890
 -18.21250 -45.19690
 -18.21330 -45.21720
 -18.21500 -45.23030
 -18.21810 -45.24170
 -18.22890 -45.26030
 -18.24540 -45.27930
 -18.26110 -45.29890
 -18.30630 -45.40330
 -18.28770 -45.57480
 -18.29110 -45.59050
 -18.35640 -45.63620
 -18.38040 -45.61580
 -18.40470 -45.60810
 -18.43540 -45.60750
 -18.48780 -45.61670
 -18.51360 -45.62530
 -18.54010 -45.62960
 -18.59510 -45.62360
 -18.60690 -45.61420
 -18.61920 -45.59440
 -18.62610 -45.58690
 -18.65420 -45.55830
 -18.71220 -45.50250
 -18.72440 -45.49710
 -18.93890 -45.52720
 -18.94810 -45.53920
 -19.08600 -45.65060
 -19.10100 -45.65190
 -19.11420 -45.64530
 -19.13640 -45.63880
 -19.14940 -45.64500
 -19.19440 -45.67720
 -19.20640 -45.68640
 -19.24060 -45.72360
 -19.24630 -45.74010
 -19.23530 -45.76250
 -19.23080 -45.77220
 -19.22260 -45.80310
 -19.22860 -45.81140
 -19.27220 -45.82500
 -19.31330 -45.83640
 -19.32750 -45.83920
 -19.37080 -45.84140
 -19.42920 -45.83780
 -19.43760 -45.83190
 -19.44140 -45.81810
 -19.44860 -45.80750
 -19.53140 -45.79860
 -19.54440 -45.79750
 -19.55640 -45.79920
 -19.60440 -45.82050
 -19.64720 -45.84060
 -19.66110 -45.84750
 -19.71110 -45.85640
 -19.72280 -45.85830
 -19.73610 -45.85860
 -19.76530 -45.85600
 -19.77860 -45.85170
 -19.84610 -45.81360
 -19.85890 -45.80530
 -19.88280 -45.78390
 -19.95670 -45.76690
 -20.11940 -45.78220
 -20.17170 -45.79610
 -20.18500 -45.80170
 -20.19830 -45.81140
 -20.21080 -45.81620
 -20.35210 -45.84500
 -20.46560 -45.84360
 -20.65970 -45.84440
 -20.70720 -45.84830
 -20.72060 -45.84720
 -20.72780 -45.84030
 -20.72970 -45.82780
 -20.73190 -45.81010
 -20.79080 -45.78830
 -20.82330 -45.78180
 -20.86040 -45.78050
 -20.89280 -45.79700
 -21.21750 -45.76060
 -21.23250 -45.75810
 -21.24690 -45.74900
 -21.25240 -45.72040
 -21.26080 -45.69030
 -21.28970 -45.64050
 -21.32990 -45.59870
 -21.42540 -45.54990
 -21.50830 -45.55060
 -21.55690 -45.56470
 -21.57970 -45.56920
 -21.59590 -45.56860
 -21.65640 -45.54030
 -21.66220 -45.53190
 -21.66720 -45.51530
 -21.66920 -45.50280
 -21.74920 -45.42670
 -21.87920 -45.34970
 -22.00530 -45.28830
 -22.05360 -45.30030
 -22.13080 -45.31860
 -22.14350 -45.31860
 -22.22830 -45.29800
 -22.41060 -45.22080
 -22.41670 -45.21250
 -22.42110 -45.20250
 -22.42640 -45.18610
 -22.42860 -45.17420
 -22.43490 -45.16030
 -22.53110 -45.10280
 -22.54780 -45.09440
 -22.66780 -45.04530
 -22.69530 -45.03970
 -22.87650 -45.00510
 -22.91390 -45.00920
 -22.92580 -45.01110
 -22.97720 -45.02860
 -22.99080 -45.03530
 -23.01310 -45.05530
 -23.02030 -45.06250
 -23.05250 -45.09830
 -23.05390 -45.22890
 -23.12030 -45.29560
 -23.12750 -45.33330
 -23.12690 -45.34000
 -23.12240 -45.35350
 -23.10940 -45.37810
 -23.08920 -45.38470
 -23.06170 -45.38790
 -23.02420 -45.38640
 -23.01060 -45.38280
 -22.99750 -45.38390
 -22.96940 -45.38720
 -22.92890 -45.39360
 -22.91810 -45.39690
 -22.88750 -45.41360
 -22.86560 -45.43110
 -22.77750 -45.59860
 -22.72310 -45.73530
 -22.69310 -45.82280
 -22.67670 -45.88440
 -22.67060 -45.94810
 -22.67580 -45.96500
 -22.68780 -45.99750
 -22.69720 -46.01830
 -22.75120 -46.11760
 -22.77330 -46.15780
 -22.78420 -46.17640
 -22.80140 -46.20280
 -22.80830 -46.21000
 -22.81610 -46.21640
 -22.83720 -46.23080
 -22.92330 -46.27030
 -22.99610 -46.30140
 -23.00560 -46.30580
 -23.12440 -46.36970
 -23.13280 -46.37530
 -23.13860 -46.38420
 -23.15440 -46.41970
 -23.17360 -46.46170
 -23.18000 -46.46970
 -23.18830 -46.47530
 -23.24720 -46.47970
 -23.35280 -46.47690
 -23.39970 -46.46050
 -23.40780 -46.45440
 -23.41310 -46.44530
 -23.42220 -46.42560
 -23.43240 -46.41490
 -23.48190 -46.42470
 -23.49080 -46.42970
 -23.51610 -46.44780
 -23.52310 -46.45500
 -23.52750 -46.46530
 -23.54470 -46.47610
 -23.59000 -46.50110
 -23.60110 -46.50360
 -23.62830 -46.50220
 -23.64060 -46.50030
 -23.64890 -46.49420
 -23.66140 -46.47810
 -23.66890 -46.47110
 -23.67750 -46.46580
 -23.73310 -46.43580
 -23.74250 -46.43110
 -23.78250 -46.41420
 -23.79420 -46.41170
 -23.80780 -46.41110
 -23.81970 -46.41390
 -23.90830 -46.51250
 -23.91440 -46.52060
 -23.91940 -46.53030
 -23.93060 -46.56220
 -23.93170 -46.57500
 -23.92970 -46.58610
 -23.94670 -46.64360
 -23.95110 -46.65390
 -23.96610 -46.68280
 -23.98250 -46.71000
 -23.98890 -46.71800
 -24.04110 -46.73390
 -24.05220 -46.73670
 -24.09440 -46.82780
 -24.09830 -46.83920
 -24.11170 -46.85530
 -24.12560 -46.86970
 -24.16670 -46.89970
 -24.17560 -46.90470
 -24.18670 -46.90670
 -24.19750 -46.90330
 -24.21580 -46.89310
 -24.23970 -46.88890
 -24.25330 -46.88830
 -24.26640 -46.88970
 -24.27670 -46.89310
 -24.28500 -46.89890
 -24.29080 -46.90780
 -24.29030 -46.92190
 -24.28860 -46.93500
 -24.28030 -46.97110
 -24.27640 -46.98170
 -24.27110 -46.99080
 -24.25860 -47.00690
 -24.19830 -47.04670
 -24.18750 -47.05080
 -24.17580 -47.04860
 -24.16690 -47.04360
 -24.15030 -47.03220
 -24.12250 -47.01780
 -24.10060 -47.01220
 -24.08890 -47.01190
 -24.07780 -47.01500
 -24.06830 -47.02060
 -23.97780 -47.11500
 -23.97250 -47.12420
 -23.97470 -47.13670
 -23.99970 -47.21640
 -24.00470 -47.22610
 -24.06280 -47.33640
 -24.08920 -47.38300
 -24.09470 -47.39190
 -24.10720 -47.40830
 -24.12410 -47.42620
