1065 14 16.98972 17.16555 61.66695 61.89111 'Antigua & Barbuda (Antigua & Barbuda)'
 16.98970 61.73810
 16.99690 61.82920
 17.02210 61.88150
 17.03310 61.88720
 17.09420 61.89110
 17.10750 61.88570
 17.16560 61.82960
 17.16330 61.79440
 17.15830 61.78420
 17.13720 61.74420
 17.08850 61.67060
 17.04320 61.66690
 17.02600 61.68460
 16.98970 61.73810
1066 15 17.54055 17.72430 61.72917 61.87459 'Antigua & Barbuda (Antigua & Barbuda)'
 17.54060 61.73890
 17.54940 61.75190
 17.58390 61.81560
 17.58470 61.84110
 17.58310 61.85310
 17.59250 61.85670
 17.69370 61.87460
 17.70390 61.87310
 17.72430 61.84350
 17.69890 61.78540
 17.64790 61.73990
 17.62500 61.73170
 17.60860 61.72920
 17.54420 61.73190
 17.54060 61.73890
