863 31 17.69722 18.19605 77.12597 77.49181 'Clarendon (Jamaica)'
 18.19600 77.49120
 18.18940 77.47080
 18.18670 77.45860
 18.18390 77.43530
 18.18190 77.24280
 18.18610 77.21080
 18.10470 77.17610
 18.04310 77.17220
 17.98420 77.16640
 17.89670 77.14140
 17.88720 77.13780
 17.87890 77.13200
 17.86220 77.14890
 17.77970 77.19390
 17.76030 77.14380
 17.72880 77.12600
 17.71420 77.13000
 17.70830 77.13830
 17.70140 77.15250
 17.69720 77.16570
 17.69810 77.18250
 17.71360 77.21750
 17.71890 77.22700
 17.72830 77.23860
 17.82170 77.34920
 17.85190 77.39590
 17.85960 77.36960
 17.89720 77.35910
 17.97500 77.37970
 18.18500 77.49180
 18.19600 77.49120
864 16 18.28861 18.45195 77.92146 78.34556 'Hanover (Jamaica)'
 18.44140 78.00000
 18.38580 77.98110
 18.32470 77.93580
 18.30940 77.92720
 18.29600 77.92150
 18.30080 78.02080
 18.33850 78.08450
 18.33830 78.22940
 18.28860 78.27220
 18.29560 78.32580
 18.29860 78.34250
 18.33530 78.34560
 18.36070 78.33980
 18.45140 78.21100
 18.45190 78.01950
 18.44140 78.00000
865 19 17.83666 18.23708 77.35910 77.64140 'Manchester (Jamaica)'
 18.19600 77.49120
 18.18500 77.49180
 17.97500 77.37970
 17.89720 77.35910
 17.85960 77.36960
 17.85190 77.39590
 17.85970 77.41220
 17.85580 77.45320
 17.83850 77.48650
 17.83670 77.50720
 17.84000 77.51860
 17.85950 77.56640
 18.14220 77.63780
 18.21610 77.64140
 18.22080 77.64030
 18.23710 77.59880
 18.23170 77.54330
 18.22750 77.52920
 18.19600 77.49120
866 25 17.84722 18.23445 77.56639 77.96132 'Saint Elizabeth (Jamaica)'
 18.22080 77.64030
 18.21610 77.64140
 18.14220 77.63780
 17.85950 77.56640
 17.85440 77.60970
 17.84720 77.71970
 17.85000 77.73560
 17.88780 77.79240
 17.93780 77.82000
 17.98780 77.83500
 18.00250 77.84080
 18.01190 77.84900
 18.02260 77.87450
 18.02110 77.90420
 18.02610 77.93640
 18.03010 77.95070
 18.05470 77.96130
 18.12330 77.93140
 18.13870 77.93760
 18.15810 77.93400
 18.18570 77.91530
 18.19310 77.90360
 18.19560 77.89570
 18.23440 77.78140
 18.22080 77.64030
867 17 18.19555 18.52250 77.73584 78.00002 'Saint James (Jamaica)'
 18.19560 77.89570
 18.22240 77.88400
 18.25640 77.89390
 18.29600 77.92150
 18.30940 77.92720
 18.32470 77.93580
 18.38580 77.98110
 18.44140 78.00000
 18.49610 77.93610
 18.50920 77.92080
 18.51970 77.88250
 18.52250 77.86450
 18.52170 77.84970
 18.50500 77.73580
 18.30330 77.77110
 18.23440 77.78140
 18.19560 77.89570
868 19 18.19605 18.50502 77.44917 77.78140 'Trelawny (Jamaica)'
 18.19600 77.49120
 18.22750 77.52920
 18.23170 77.54330
 18.23710 77.59880
 18.22080 77.64030
 18.23440 77.78140
 18.30330 77.77110
 18.50500 77.73580
 18.48940 77.70000
 18.48640 77.68860
 18.47920 77.64000
 18.48360 77.61380
 18.48870 77.59880
 18.48930 77.56130
 18.47810 77.48140
 18.46920 77.46680
 18.43310 77.45610
 18.38610 77.44920
 18.19600 77.49120
869 34 18.05475 18.33847 77.88404 78.37390 'Westmoreland (Jamaica)'
 18.19560 77.89570
 18.19310 77.90360
 18.18570 77.91530
 18.15810 77.93400
 18.13870 77.93760
 18.12330 77.93140
 18.05470 77.96130
 18.06530 77.96650
 18.08640 77.98000
 18.18490 78.04330
 18.19640 78.05720
 18.20140 78.07420
 18.20250 78.10200
 18.20310 78.12860
 18.19970 78.19450
 18.19720 78.20640
 18.18980 78.23130
 18.19440 78.25420
 18.21900 78.33890
 18.23470 78.36220
 18.24190 78.36940
 18.25460 78.37390
 18.26470 78.37200
 18.27470 78.36500
 18.29860 78.34250
 18.29560 78.32580
 18.28860 78.27220
 18.33830 78.22940
 18.33850 78.08450
 18.30080 78.02080
 18.29600 77.92150
 18.25640 77.89390
 18.22240 77.88400
 18.19560 77.89570
870 11 17.94889 17.98284 76.72182 76.80061 'Kingston (Jamaica)'
 17.96670 76.80060
 17.97800 76.79040
 17.98280 76.77480
 17.97980 76.74780
 17.97570 76.73060
 17.96400 76.72180
 17.94890 76.72470
 17.95310 76.72750
 17.95920 76.73580
 17.96310 76.74640
 17.96670 76.80060
871 38 17.98611 18.26648 76.25810 76.75140 'Portland (Jamaica)'
 17.99580 76.25810
 17.98760 76.27720
 17.98610 76.28950
 17.99150 76.33820
 17.99720 76.34890
 18.01330 76.36200
 18.02690 76.39940
 18.04220 76.45620
 18.03530 76.47500
 18.02080 76.51580
 18.02110 76.52640
 18.03830 76.57920
 18.04360 76.59140
 18.05140 76.60170
 18.07350 76.62770
 18.08220 76.63700
 18.08610 76.65140
 18.09370 76.68350
 18.07580 76.69650
 18.07600 76.70940
 18.08290 76.72960
 18.09060 76.73610
 18.11010 76.74290
 18.12610 76.74690
 18.13870 76.75140
 18.26650 76.70340
 18.23580 76.65920
 18.22310 76.64030
 18.19720 76.55140
 18.19280 76.53330
 18.18060 76.45860
 18.16690 76.38330
 18.15970 76.36500
 18.14970 76.34170
 18.07810 76.29250
 18.05060 76.27890
 18.04140 76.27440
 17.99580 76.25810
872 30 18.18195 18.46922 76.99649 77.49123 'Saint Ann (Jamaica)'
 18.18610 77.21080
 18.18190 77.24280
 18.18390 77.43530
 18.18670 77.45860
 18.18940 77.47080
 18.19600 77.49120
 18.38610 77.44920
 18.43310 77.45610
 18.46920 77.46680
 18.46610 77.46080
 18.45670 77.40780
 18.45260 77.34150
 18.45850 77.32010
 18.45220 77.24720
 18.43420 77.18170
 18.42810 77.16610
 18.42220 77.15780
 18.40720 77.13670
 18.40690 77.06790
 18.40280 77.06470
 18.38060 77.05640
 18.35000 77.04890
 18.31780 77.04790
 18.26610 77.02070
 18.24370 77.00110
 18.24200 76.99650
 18.22920 77.01720
 18.21610 77.03950
 18.20430 77.06280
 18.18610 77.21080
873 30 17.82930 18.24722 76.84778 77.21078 'Saint Catherine (Jamaica)'
 18.18610 77.21080
 18.20430 77.06280
 18.21610 77.03950
 18.22920 77.01720
 18.24200 76.99650
 18.24720 76.97830
 18.24360 76.95220
 18.21070 76.92500
 18.18390 76.92030
 18.15690 76.89830
 18.14830 76.87290
 18.01000 76.85280
 17.98260 76.84780
 17.88860 76.89450
 17.85190 76.91450
 17.84170 76.92380
 17.82930 76.95150
 17.84470 77.00530
 17.88830 77.03630
 17.89460 77.05180
 17.89940 77.08030
 17.89560 77.10170
 17.89190 77.11200
 17.87890 77.13200
 17.88720 77.13780
 17.89670 77.14140
 17.98420 77.16640
 18.04310 77.17220
 18.10470 77.17610
 18.18610 77.21080
874 29 18.13866 18.41195 76.70340 77.06794 'Saint Mary (Jamaica)'
 18.13870 76.75140
 18.16640 76.80740
 18.16940 76.81720
 18.16560 76.84220
 18.14830 76.87290
 18.15690 76.89830
 18.18390 76.92030
 18.21070 76.92500
 18.24360 76.95220
 18.24720 76.97830
 18.24200 76.99650
 18.24370 77.00110
 18.26610 77.02070
 18.31780 77.04790
 18.35000 77.04890
 18.38060 77.05640
 18.40280 77.06470
 18.40690 77.06790
 18.41080 77.05610
 18.41190 77.04040
 18.39440 76.94530
 18.40080 76.91120
 18.37470 76.89610
 18.34500 76.85440
 18.30280 76.80560
 18.27330 76.78770
 18.26360 76.72150
 18.26650 76.70340
 18.13870 76.75140
875 35 17.92925 18.16945 76.61751 76.87286 'Saint Andrew (Jamaica)'
 18.07350 76.62770
 18.07030 76.63540
 18.06060 76.64000
 18.03000 76.64180
 18.00250 76.62920
 17.97640 76.61750
 17.92930 76.65770
 17.93750 76.69360
 17.94890 76.72470
 17.96400 76.72180
 17.97570 76.73060
 17.97980 76.74780
 17.98280 76.77480
 17.97800 76.79040
 17.96670 76.80060
 17.97670 76.81140
 17.98330 76.81920
 17.98710 76.83290
 17.98260 76.84780
 18.01000 76.85280
 18.14830 76.87290
 18.16560 76.84220
 18.16940 76.81720
 18.16640 76.80740
 18.13870 76.75140
 18.12610 76.74690
 18.11010 76.74290
 18.09060 76.73610
 18.08290 76.72960
 18.07600 76.70940
 18.07580 76.69650
 18.09370 76.68350
 18.08610 76.65140
 18.08220 76.63700
 18.07350 76.62770
876 30 17.85555 18.07355 76.22112 76.65770 'Saint Thomas (Jamaica)'
 17.92930 76.65770
 17.97640 76.61750
 18.00250 76.62920
 18.03000 76.64180
 18.06060 76.64000
 18.07030 76.63540
 18.07350 76.62770
 18.05140 76.60170
 18.04360 76.59140
 18.03830 76.57920
 18.02110 76.52640
 18.02080 76.51580
 18.03530 76.47500
 18.04220 76.45620
 18.02690 76.39940
 18.01330 76.36200
 17.99720 76.34890
 17.99150 76.33820
 17.98610 76.28950
 17.98760 76.27720
 17.99580 76.25810
 17.94140 76.23420
 17.90420 76.22110
 17.87970 76.26530
 17.86560 76.30670
 17.85560 76.35060
 17.85690 76.53420
 17.86120 76.59430
 17.87000 76.61070
 17.92930 76.65770
