4025 162 -26.87555 -23.30870 -24.50135 -19.99890 'Kgalagadi (Botswana)'
 -26.11160 -22.62480
 -26.20280 -22.47920
 -26.28640 -22.36640
 -26.34110 -22.24940
 -26.39420 -22.19710
 -26.43110 -22.17560
 -26.49260 -22.15830
 -26.53990 -22.13390
 -26.62440 -22.05670
 -26.64440 -22.01580
 -26.66180 -21.96220
 -26.66890 -21.89170
 -26.66210 -21.86260
 -26.66640 -21.80830
 -26.68400 -21.76980
 -26.73420 -21.77400
 -26.76750 -21.77870
 -26.78990 -21.77260
 -26.81850 -21.75040
 -26.85310 -21.69310
 -26.86370 -21.66830
 -26.86080 -21.61310
 -26.85250 -21.51670
 -26.84220 -21.48140
 -26.82970 -21.46030
 -26.82380 -21.43570
 -26.82170 -21.41060
 -26.82140 -21.37760
 -26.82900 -21.33890
 -26.84560 -21.27690
 -26.86220 -21.17780
 -26.86670 -21.14420
 -26.86640 -21.12890
 -26.86310 -21.10110
 -26.84750 -21.01250
 -26.83760 -20.98830
 -26.81720 -20.96620
 -26.79860 -20.92420
 -26.79530 -20.89210
 -26.80500 -20.85580
 -26.81760 -20.82350
 -26.84150 -20.80180
 -26.86110 -20.76390
 -26.87560 -20.70390
 -26.82600 -20.64110
 -26.76750 -20.61890
 -26.53640 -20.60190
 -26.51640 -20.60330
 -26.45440 -20.60970
 -26.43890 -20.62320
 -26.42580 -20.65220
 -26.38810 -20.69180
 -26.32080 -20.74440
 -26.30440 -20.75720
 -26.24940 -20.79640
 -26.14180 -20.86030
 -25.88080 -20.81030
 -25.82470 -20.78390
 -25.76310 -20.73940
 -25.68570 -20.68220
 -25.63670 -20.67920
 -25.59120 -20.68910
 -25.47940 -20.65000
 -25.43690 -20.63190
 -25.39740 -20.60970
 -25.29810 -20.53640
 -25.15360 -20.44970
 -25.03690 -20.39000
 -24.93170 -20.26190
 -24.91610 -20.23710
 -24.88640 -20.16610
 -24.88440 -20.13220
 -24.82640 -20.05920
 -24.81220 -20.04440
 -24.76540 -20.00090
 -24.76560 -20.00170
 -24.72420 -20.00220
 -24.57220 -20.00190
 -24.40640 -20.00110
 -24.28220 -20.00060
 -23.95080 -20.00000
 -23.86440 -20.00050
 -23.75720 -20.00030
 -23.64750 -20.00000
 -23.45420 -19.99940
 -23.30870 -19.99890
 -23.31060 -20.31610
 -23.31060 -20.66170
 -23.31030 -20.73670
 -23.31060 -21.16000
 -23.31190 -21.44610
 -23.31280 -21.64110
 -23.31310 -21.74640
 -23.31330 -21.98690
 -23.31360 -22.23750
 -23.31310 -22.73360
 -23.31280 -22.86920
 -23.31140 -23.05740
 -23.33250 -23.05810
 -23.41510 -23.05100
 -23.41830 -22.95470
 -23.57000 -22.96540
 -23.57530 -23.05530
 -23.71920 -23.05610
 -23.98830 -23.05430
 -23.99910 -23.05320
 -24.05000 -23.05390
 -24.28470 -23.05330
 -24.84420 -23.04930
 -24.85060 -23.20720
 -24.84860 -23.48140
 -24.84580 -23.90690
 -24.84560 -24.07470
 -24.97190 -24.20670
 -25.00100 -24.23490
 -25.15470 -24.23920
 -25.29250 -24.24330
 -25.51360 -24.25030
 -25.65190 -24.39860
 -25.65250 -24.42940
 -25.65440 -24.49080
 -25.70220 -24.49640
 -25.76140 -24.50130
 -25.74670 -24.47220
 -25.73990 -24.43880
 -25.76070 -24.39870
 -25.75560 -24.35170
 -25.72030 -24.28140
 -25.67610 -24.24310
 -25.64970 -24.22830
 -25.62320 -24.18920
 -25.63420 -24.11530
 -25.65150 -24.04640
 -25.65790 -24.00680
 -25.62490 -23.90190
 -25.60510 -23.88930
 -25.58360 -23.87170
 -25.46380 -23.73620
 -25.45440 -23.71370
 -25.43580 -23.67030
 -25.42330 -23.65030
 -25.38940 -23.59610
 -25.33720 -23.53080
 -25.27700 -23.45440
 -25.26580 -23.27530
 -25.26420 -23.19440
 -25.29970 -23.01480
 -25.33720 -22.97250
 -25.39690 -22.91000
 -25.53080 -22.83000
 -25.56840 -22.81220
 -25.61440 -22.83000
 -25.67830 -22.81280
 -25.71190 -22.77720
 -25.73630 -22.75640
 -25.79810 -22.74330
 -25.84830 -22.74500
 -25.97390 -22.72290
 -26.00360 -22.70710
 -26.01520 -22.66360
 -26.09310 -22.62640
 -26.11160 -22.62480
4085 58 -19.00166 -17.78208 -25.98695 -23.88375 'Chobe (Botswana)'
 -19.00170 -24.99060
 -19.00060 -24.71110
 -18.99860 -24.29000
 -18.99470 -23.88370
 -18.44470 -23.88690
 -18.26480 -23.88690
 -18.23690 -23.91220
 -18.18500 -23.96720
 -18.16780 -24.00670
 -18.01330 -24.26890
 -17.94920 -24.36310
 -17.94580 -24.38830
 -17.95380 -24.41690
 -17.97810 -24.43980
 -17.99920 -24.45190
 -18.03280 -24.47360
 -18.05930 -24.49790
 -18.06000 -24.52420
 -18.05420 -24.56630
 -17.94420 -24.67920
 -17.83770 -24.83280
 -17.81390 -24.93610
 -17.82110 -24.97280
 -17.82600 -25.00000
 -17.83220 -25.06640
 -17.82780 -25.09910
 -17.79660 -25.13640
 -17.78210 -25.17940
 -17.79570 -25.25240
 -17.80220 -25.26440
 -17.85510 -25.24180
 -17.90380 -25.23790
 -17.92440 -25.24140
 -18.00540 -25.27560
 -18.07490 -25.31740
 -18.11060 -25.36640
 -18.12790 -25.39650
 -18.22000 -25.45000
 -18.27440 -25.47940
 -18.32830 -25.50080
 -18.35110 -25.50640
 -18.37760 -25.51440
 -18.39750 -25.52640
 -18.47960 -25.60170
 -18.53580 -25.66170
 -18.59140 -25.71890
 -18.71190 -25.79670
 -18.84400 -25.87030
 -18.89320 -25.94060
 -18.91360 -25.95610
 -18.95280 -25.97670
 -18.98810 -25.98690
 -18.99830 -25.98670
 -18.99920 -25.97420
 -19.00000 -25.91610
 -19.00080 -25.48060
 -19.00140 -25.11750
 -19.00170 -24.99060
4086 188 -23.94834 -18.99829 -29.37362 -23.87472 'Central (Botswana)'
 -22.95200 -25.43920
 -22.82110 -25.33360
 -22.40590 -25.00000
 -22.16310 -24.80560
 -21.86080 -24.56530
 -21.79220 -24.51080
 -21.69580 -24.43470
 -21.39330 -24.19640
 -20.99010 -23.88080
 -20.72890 -23.87890
 -20.65330 -23.87790
 -20.50890 -23.87610
 -20.37110 -23.87470
 -20.33000 -23.87500
 -20.29550 -23.87970
 -20.21540 -24.08570
 -20.19650 -24.14990
 -20.23500 -24.24220
 -20.28340 -24.26490
 -20.30880 -24.28010
 -20.39240 -24.37640
 -20.40370 -24.40950
 -20.39290 -24.50470
 -20.37330 -24.76500
 -20.34250 -25.16080
 -20.28940 -25.16330
 -20.07570 -25.16920
 -20.04970 -25.12250
 -19.99960 -24.99510
 -19.91000 -24.99030
 -19.88250 -24.99080
 -19.81360 -24.99110
 -19.16780 -24.99110
 -19.07170 -24.99110
 -19.00170 -24.99060
 -19.00140 -25.11750
 -19.00080 -25.48060
 -19.00000 -25.91610
 -18.99920 -25.97420
 -18.99830 -25.98670
 -19.06170 -25.96420
 -19.10480 -25.96440
 -19.16080 -26.00000
 -19.18780 -26.02220
 -19.26500 -26.05470
 -19.37560 -26.09860
 -19.50650 -26.15180
 -19.52990 -26.16940
 -19.54740 -26.19670
 -19.57210 -26.24350
 -19.57690 -26.26360
 -19.61690 -26.35670
 -19.67580 -26.40440
 -19.76360 -26.53670
 -19.78520 -26.56870
 -19.80130 -26.59010
 -19.82740 -26.59570
 -19.85280 -26.61090
 -19.86570 -26.63530
 -19.87790 -26.69580
 -19.92880 -26.72850
 -20.01130 -26.97900
 -20.02670 -27.07920
 -20.08740 -27.21360
 -20.10910 -27.23280
 -20.22110 -27.28250
 -20.24170 -27.29060
 -20.31150 -27.29890
 -20.38530 -27.29580
 -20.45470 -27.29080
 -20.49500 -27.28750
 -20.61530 -27.30310
 -20.63720 -27.28610
 -20.66110 -27.26310
 -20.72170 -27.21920
 -20.82110 -27.20740
 -20.85550 -27.22080
 -20.86890 -27.24140
 -20.87740 -27.26500
 -20.89100 -27.28350
 -20.90960 -27.29690
 -20.99190 -27.34110
 -21.04940 -27.35500
 -21.10100 -27.34810
 -21.15600 -27.35100
 -21.32540 -27.40030
 -21.36490 -27.41750
 -21.44140 -27.47670
 -21.47250 -27.50280
 -21.52560 -27.61530
 -21.54310 -27.68390
 -21.55860 -27.74720
 -21.55310 -27.77920
 -21.55280 -27.94190
 -21.56140 -28.01280
 -21.56610 -28.01580
 -21.57630 -28.04870
 -21.59360 -28.16190
 -21.59670 -28.20280
 -21.59560 -28.23830
 -21.58780 -28.28050
 -21.60250 -28.35060
 -21.61560 -28.38080
 -21.63060 -28.40810
 -21.65460 -28.46250
 -21.66060 -28.50650
 -21.64810 -28.52640
 -21.63230 -28.56800
 -21.64960 -28.64620
 -21.75180 -28.86350
 -21.76970 -28.92510
 -21.77110 -28.95530
 -21.77060 -28.98710
 -21.80940 -29.07250
 -21.83350 -29.07500
 -21.87760 -29.04490
 -21.90310 -29.03580
 -21.93640 -29.03190
 -21.96560 -29.03500
 -21.99390 -29.04610
 -22.01720 -29.05860
 -22.03940 -29.07580
 -22.05360 -29.09390
 -22.06250 -29.11360
 -22.07440 -29.14830
 -22.08080 -29.18140
 -22.07900 -29.22060
 -22.07010 -29.24870
 -22.07780 -29.26780
 -22.17690 -29.36190
 -22.19240 -29.37360
 -22.19420 -29.27420
 -22.22060 -29.07170
 -22.22420 -29.04500
 -22.22710 -29.02480
 -22.32600 -28.96110
 -22.36830 -28.96810
 -22.38880 -28.96470
 -22.41310 -28.95060
 -22.43900 -28.93430
 -22.45500 -28.91780
 -22.49080 -28.82890
 -22.56180 -28.63830
 -22.57390 -28.45610
 -22.57640 -28.35650
 -22.60940 -28.29830
 -22.67530 -28.19670
 -22.68640 -28.17960
 -22.70360 -28.16780
 -22.72360 -28.15970
 -22.74420 -28.16190
 -22.77150 -28.15660
 -22.80610 -28.10970
 -22.86310 -28.04940
 -22.95280 -27.97220
 -23.03140 -27.94390
 -23.17030 -27.78390
 -23.20080 -27.70460
 -23.21920 -27.60400
 -23.26670 -27.57280
 -23.31080 -27.56520
 -23.34830 -27.55720
 -23.37940 -27.52910
 -23.38390 -27.50210
 -23.38530 -27.45280
 -23.38720 -27.40720
 -23.39970 -27.33970
 -23.52470 -27.14810
 -23.58920 -27.09860
 -23.63610 -27.06970
 -23.65380 -27.03060
 -23.64380 -27.00520
 -23.69170 -26.97830
 -23.75210 -26.95920
 -23.75250 -26.93970
 -23.77420 -26.89060
 -23.86580 -26.79310
 -23.94830 -26.70690
 -23.73720 -26.32560
 -23.66060 -26.18830
 -23.56650 -26.02020
 -23.53310 -25.99610
 -23.35470 -25.85920
 -23.34280 -25.81920
 -23.31860 -25.73550
 -23.14940 -25.59970
 -23.01280 -25.48940
 -22.95200 -25.43920
4087 71 -23.31805 -20.99007 -25.43916 -19.99611 'Ghanzi (Botswana)'
 -23.30870 -19.99890
 -23.12280 -19.99890
 -22.97080 -19.99860
 -22.95990 -19.99830
 -22.94330 -19.99780
 -22.72250 -19.99750
 -22.50000 -19.99760
 -22.26690 -19.99720
 -22.08750 -19.99610
 -22.00500 -19.99670
 -22.00160 -20.00050
 -22.00140 -20.30830
 -22.00000 -20.64970
 -21.99830 -20.91780
 -21.99690 -20.99190
 -21.96940 -20.99280
 -21.94190 -20.99280
 -21.59720 -20.99280
 -21.32220 -20.99250
 -21.01890 -20.99250
 -20.99250 -20.99300
 -20.99440 -21.12360
 -20.99500 -21.18250
 -20.99810 -21.58060
 -20.99830 -21.63970
 -20.99860 -21.69860
 -20.99940 -21.89060
 -20.99970 -21.96420
 -21.00060 -22.22970
 -21.00000 -22.31810
 -21.00000 -22.37720
 -21.00000 -22.56890
 -20.99940 -22.90810
 -20.99890 -23.10000
 -20.99780 -23.40970
 -20.99640 -23.61610
 -20.99390 -23.88170
 -20.99010 -23.88080
 -21.39330 -24.19640
 -21.69580 -24.43470
 -21.79220 -24.51080
 -21.86080 -24.56530
 -22.16310 -24.80560
 -22.40590 -25.00000
 -22.82110 -25.33360
 -22.95200 -25.43920
 -23.02920 -25.39720
 -23.31310 -25.24400
 -23.31810 -25.11000
 -23.31720 -25.00000
 -23.31530 -24.70500
 -23.31640 -24.53940
 -23.31580 -24.35890
 -23.31470 -24.16360
 -23.31420 -23.98830
 -23.31390 -23.88250
 -23.31440 -23.71780
 -23.31170 -23.19190
 -23.31140 -23.05740
 -23.31280 -22.86920
 -23.31310 -22.73360
 -23.31360 -22.23750
 -23.31330 -21.98690
 -23.31310 -21.74640
 -23.31280 -21.64110
 -23.31190 -21.44610
 -23.31060 -21.16000
 -23.31030 -20.73670
 -23.31060 -20.66170
 -23.31060 -20.31610
 -23.30870 -19.99890
4088 49 -21.56139 -20.46584 -28.01277 -27.20736 'North-East (Botswana)'
 -20.49500 -27.28750
 -20.48920 -27.29390
 -20.47180 -27.33100
 -20.46580 -27.35740
 -20.47220 -27.43250
 -20.47640 -27.51640
 -20.47130 -27.61070
 -20.48920 -27.69190
 -20.51020 -27.71560
 -20.54890 -27.72640
 -20.74830 -27.73080
 -20.79190 -27.72690
 -20.84390 -27.71000
 -20.86490 -27.69400
 -20.93470 -27.68970
 -21.07120 -27.68670
 -21.13190 -27.72740
 -21.15180 -27.74750
 -21.16920 -27.78000
 -21.22470 -27.84300
 -21.30860 -27.89970
 -21.38330 -27.94190
 -21.44040 -27.97040
 -21.54560 -28.00780
 -21.56140 -28.01280
 -21.55280 -27.94190
 -21.55310 -27.77920
 -21.55860 -27.74720
 -21.54310 -27.68390
 -21.52560 -27.61530
 -21.47250 -27.50280
 -21.44140 -27.47670
 -21.36490 -27.41750
 -21.32540 -27.40030
 -21.15600 -27.35100
 -21.10100 -27.34810
 -21.04940 -27.35500
 -20.99190 -27.34110
 -20.90960 -27.29690
 -20.89100 -27.28350
 -20.87740 -27.26500
 -20.86890 -27.24140
 -20.85550 -27.22080
 -20.82110 -27.20740
 -20.72170 -27.21920
 -20.66110 -27.26310
 -20.63720 -27.28610
 -20.61530 -27.30310
 -20.49500 -27.28750
4089 87 -21.00055 -17.99595 -25.16924 -20.99281 'Ngamiland (Botswana)'
 -19.00170 -24.99060
 -19.07170 -24.99110
 -19.16780 -24.99110
 -19.81360 -24.99110
 -19.88250 -24.99080
 -19.91000 -24.99030
 -19.99960 -24.99510
 -20.04970 -25.12250
 -20.07570 -25.16920
 -20.28940 -25.16330
 -20.34250 -25.16080
 -20.37330 -24.76500
 -20.39290 -24.50470
 -20.40370 -24.40950
 -20.39240 -24.37640
 -20.30880 -24.28010
 -20.28340 -24.26490
 -20.23500 -24.24220
 -20.19650 -24.14990
 -20.21540 -24.08570
 -20.29550 -23.87970
 -20.33000 -23.87500
 -20.37110 -23.87470
 -20.50890 -23.87610
 -20.65330 -23.87790
 -20.72890 -23.87890
 -20.99010 -23.88080
 -20.99390 -23.88170
 -20.99640 -23.61610
 -20.99780 -23.40970
 -20.99890 -23.10000
 -20.99940 -22.90810
 -21.00000 -22.56890
 -21.00000 -22.37720
 -21.00000 -22.31810
 -21.00060 -22.22970
 -20.99970 -21.96420
 -20.99940 -21.89060
 -20.99860 -21.69860
 -20.99830 -21.63970
 -20.99810 -21.58060
 -20.99500 -21.18250
 -20.99440 -21.12360
 -20.99250 -20.99300
 -20.82430 -20.99280
 -20.17920 -20.99330
 -19.99820 -20.99310
 -19.17190 -20.99350
 -18.69530 -20.99420
 -18.47560 -20.99420
 -18.33860 -20.99360
 -18.31840 -20.99330
 -18.31190 -21.23560
 -18.30440 -21.46250
 -18.23830 -21.81690
 -18.15390 -22.26220
 -18.11130 -22.50000
 -18.08670 -22.63720
 -18.00440 -23.07780
 -17.99630 -23.28710
 -17.99590 -23.29710
 -18.01540 -23.31640
 -18.04500 -23.32580
 -18.07640 -23.33000
 -18.12720 -23.36310
 -18.17610 -23.39810
 -18.19390 -23.43110
 -18.20360 -23.45350
 -18.24830 -23.50310
 -18.26690 -23.51970
 -18.32610 -23.55420
 -18.36170 -23.55510
 -18.43720 -23.56390
 -18.47520 -23.58240
 -18.48520 -23.61330
 -18.46970 -23.65060
 -18.42530 -23.71920
 -18.35420 -23.79170
 -18.31500 -23.82990
 -18.29000 -23.84400
 -18.26310 -23.87040
 -18.26480 -23.88690
 -18.44470 -23.88690
 -18.99470 -23.88370
 -18.99860 -24.29000
 -19.00060 -24.71110
 -19.00170 -24.99060
4173 40 -24.66396 -23.56645 -26.96332 -25.87305 'Kgatleng (Botswana)'
 -24.66400 -26.16780
 -24.62280 -26.14140
 -24.50750 -25.95120
 -24.49000 -25.90250
 -24.45470 -25.87310
 -24.37580 -25.88250
 -24.29500 -25.94860
 -24.20310 -25.95860
 -23.81580 -25.99690
 -23.67780 -26.01060
 -23.58110 -26.01940
 -23.56650 -26.02020
 -23.66060 -26.18830
 -23.73720 -26.32560
 -23.94830 -26.70690
 -23.86580 -26.79310
 -23.77420 -26.89060
 -23.75250 -26.93970
 -23.75210 -26.95920
 -23.75980 -26.96330
 -23.92750 -26.91970
 -24.08780 -26.88060
 -24.25380 -26.85240
 -24.27510 -26.83040
 -24.29530 -26.78780
 -24.30420 -26.75920
 -24.31080 -26.72630
 -24.43690 -26.55500
 -24.48030 -26.51410
 -24.51110 -26.49360
 -24.53060 -26.48500
 -24.55470 -26.47790
 -24.58440 -26.46140
 -24.60640 -26.44030
 -24.62830 -26.41100
 -24.63190 -26.40110
 -24.62740 -26.39000
 -24.61890 -26.36000
 -24.63750 -26.26530
 -24.66400 -26.16780
4174 51 -24.77028 -22.95196 -26.02016 -22.95472 'Kweneng (Botswana)'
 -23.56650 -26.02020
 -23.58110 -26.01940
 -23.67780 -26.01060
 -23.81580 -25.99690
 -24.20310 -25.95860
 -24.29500 -25.94860
 -24.37580 -25.88250
 -24.45470 -25.87310
 -24.49000 -25.90250
 -24.50750 -25.95120
 -24.52000 -25.93780
 -24.76920 -25.68710
 -24.77030 -25.68030
 -24.76720 -25.58890
 -24.68580 -25.43610
 -24.50440 -24.79000
 -24.44390 -24.57720
 -24.37000 -24.31920
 -24.27390 -23.98580
 -24.26080 -23.94060
 -24.05250 -23.23030
 -24.03920 -23.18500
 -23.99910 -23.05320
 -23.98830 -23.05430
 -23.71920 -23.05610
 -23.57530 -23.05530
 -23.57000 -22.96540
 -23.41830 -22.95470
 -23.41510 -23.05100
 -23.33250 -23.05810
 -23.31140 -23.05740
 -23.31170 -23.19190
 -23.31440 -23.71780
 -23.31390 -23.88250
 -23.31420 -23.98830
 -23.31470 -24.16360
 -23.31580 -24.35890
 -23.31640 -24.53940
 -23.31530 -24.70500
 -23.31720 -25.00000
 -23.31810 -25.11000
 -23.31310 -25.24400
 -23.02920 -25.39720
 -22.95200 -25.43920
 -23.01280 -25.48940
 -23.14940 -25.59970
 -23.31860 -25.73550
 -23.34280 -25.81920
 -23.35470 -25.85920
 -23.53310 -25.99610
 -23.56650 -26.02020
4175 24 -25.47028 -24.50752 -26.16783 -25.53500 'South-East (Botswana)'
 -25.47030 -25.67140
 -25.43670 -25.58920
 -25.42690 -25.53500
 -25.38530 -25.54720
 -25.19140 -25.60810
 -25.00440 -25.66750
 -25.00610 -25.63690
 -25.00310 -25.59810
 -24.88860 -25.64000
 -24.84390 -25.68890
 -24.76920 -25.68710
 -24.52000 -25.93780
 -24.50750 -25.95120
 -24.62280 -26.14140
 -24.66400 -26.16780
 -24.71080 -26.01890
 -24.73830 -25.91830
 -24.74440 -25.87140
 -24.81370 -25.87530
 -24.90530 -25.87220
 -25.04190 -25.82780
 -25.20830 -25.76940
 -25.43560 -25.68470
 -25.47030 -25.67140
4176 59 -25.83223 -23.99911 -25.68889 -23.04930 'Southern (Botswana)'
 -25.76140 -24.50130
 -25.70220 -24.49640
 -25.65440 -24.49080
 -25.65250 -24.42940
 -25.65190 -24.39860
 -25.51360 -24.25030
 -25.29250 -24.24330
 -25.15470 -24.23920
 -25.00100 -24.23490
 -24.97190 -24.20670
 -24.84560 -24.07470
 -24.84580 -23.90690
 -24.84860 -23.48140
 -24.85060 -23.20720
 -24.84420 -23.04930
 -24.28470 -23.05330
 -24.05000 -23.05390
 -23.99910 -23.05320
 -24.03920 -23.18500
 -24.05250 -23.23030
 -24.26080 -23.94060
 -24.27390 -23.98580
 -24.37000 -24.31920
 -24.44390 -24.57720
 -24.50440 -24.79000
 -24.68580 -25.43610
 -24.76720 -25.58890
 -24.77030 -25.68030
 -24.76920 -25.68710
 -24.84390 -25.68890
 -24.88860 -25.64000
 -25.00310 -25.59810
 -25.00610 -25.63690
 -25.00440 -25.66750
 -25.19140 -25.60810
 -25.38530 -25.54720
 -25.42690 -25.53500
 -25.43670 -25.58920
 -25.47030 -25.67140
 -25.55080 -25.62220
 -25.61470 -25.59000
 -25.62500 -25.58170
 -25.67780 -25.50970
 -25.73330 -25.41420
 -25.75460 -25.36080
 -25.76190 -25.17500
 -25.76220 -25.15220
 -25.75280 -25.12830
 -25.73510 -25.08670
 -25.72860 -25.03310
 -25.73420 -25.01240
 -25.77110 -24.95360
 -25.80810 -24.90070
 -25.83220 -24.80170
 -25.82820 -24.68460
 -25.82260 -24.64890
 -25.81240 -24.62190
 -25.77190 -24.53310
 -25.76140 -24.50130
