2331 36 49.70861 50.18181 -6.31594 -5.73445 'Diekirch (Luxembourg)'
 50.18130 -6.02625
 50.16310 -6.03055
 50.13190 -6.12000
 50.12780 -6.13441
 50.11920 -6.12916
 50.09080 -6.11834
 50.05740 -6.11305
 50.01390 -6.13055
 49.99390 -6.14055
 49.95110 -6.17416
 49.89750 -6.23416
 49.88240 -6.25278
 49.85530 -6.31594
 49.84660 -6.27042
 49.82850 -6.25389
 49.79060 -6.24639
 49.82210 -6.19014
 49.83190 -6.07375
 49.82720 -6.05076
 49.81860 -6.03222
 49.77710 -5.99889
 49.72970 -5.99543
 49.70860 -5.92750
 49.70990 -5.87615
 49.71970 -5.86945
 49.78080 -5.79028
 49.79230 -5.75264
 49.83500 -5.73445
 49.90750 -5.74777
 49.95700 -5.77861
 49.98690 -5.83445
 50.07720 -5.88305
 50.09740 -5.88771
 50.17000 -5.97305
 50.18180 -6.01792
 50.18130 -6.02625
2332 24 49.45939 49.85532 -6.52403 -6.23526 'Grevenmacher (Luxembourg)'
 49.52590 -6.35649
 49.48920 -6.36278
 49.45940 -6.36217
 49.46920 -6.32834
 49.47670 -6.30278
 49.50600 -6.24732
 49.50920 -6.24555
 49.55270 -6.23526
 49.58360 -6.27430
 49.68970 -6.25305
 49.74780 -6.24000
 49.79060 -6.24639
 49.82850 -6.25389
 49.84660 -6.27042
 49.85530 -6.31594
 49.84830 -6.32111
 49.81780 -6.39555
 49.80890 -6.42972
 49.81110 -6.48195
 49.80770 -6.52403
 49.70660 -6.50584
 49.69300 -6.47250
 49.66580 -6.42084
 49.52590 -6.35649
2333 29 49.44846 49.83195 -6.27430 -5.80788 'Luxembourg (Luxembourg)'
 49.50600 -6.24732
 49.50810 -6.23472
 49.50430 -6.16069
 49.47600 -6.12025
 49.45360 -6.09250
 49.44850 -5.97958
 49.50110 -5.85528
 49.51420 -5.83861
 49.53760 -5.81084
 49.54500 -5.80788
 49.54970 -5.83597
 49.57170 -5.86305
 49.64050 -5.90028
 49.66280 -5.89916
 49.70990 -5.87615
 49.70860 -5.92750
 49.72970 -5.99543
 49.77710 -5.99889
 49.81860 -6.03222
 49.82720 -6.05076
 49.83190 -6.07375
 49.82210 -6.19014
 49.79060 -6.24639
 49.74780 -6.24000
 49.68970 -6.25305
 49.58360 -6.27430
 49.55270 -6.23526
 49.50920 -6.24555
 49.50600 -6.24732
