2578 148 45.42582 46.87625 -16.60787 -13.38347 'Slovenia (Slovenia)'
 45.62990 -15.30710
 45.59450 -15.29400
 45.53860 -15.30400
 45.46280 -15.27720
 45.42580 -15.17450
 45.42930 -15.15670
 45.47150 -15.09200
 45.50050 -14.97910
 45.48250 -14.91280
 45.46870 -14.86370
 45.46540 -14.82610
 45.53140 -14.72360
 45.61210 -14.62080
 45.63300 -14.60960
 45.66840 -14.60980
 45.66640 -14.57030
 45.61220 -14.53500
 45.54370 -14.49610
 45.49170 -14.41350
 45.48610 -14.39250
 45.47530 -14.13720
 45.46340 -13.98830
 45.45670 -13.95250
 45.45330 -13.90690
 45.44420 -13.70360
 45.44570 -13.67350
 45.45370 -13.64050
 45.47320 -13.60140
 45.48170 -13.59170
 45.51690 -13.58940
 45.54310 -13.66580
 45.54900 -13.74990
 45.59610 -13.71690
 45.58640 -13.80220
 45.58440 -13.82780
 45.58720 -13.85720
 45.63640 -13.91830
 45.71780 -13.83530
 45.75280 -13.79150
 45.78420 -13.69750
 45.80890 -13.60370
 45.85030 -13.57830
 45.88810 -13.59070
 45.90510 -13.61410
 45.94790 -13.63470
 45.98200 -13.63510
 45.99300 -13.59330
 45.97940 -13.56900
 45.96830 -13.54030
 45.98620 -13.50990
 46.01220 -13.47970
 46.06330 -13.52190
 46.07940 -13.53890
 46.08730 -13.55740
 46.10530 -13.59360
 46.14550 -13.64820
 46.17530 -13.66600
 46.21800 -13.55060
 46.23190 -13.48850
 46.22320 -13.45900
 46.21310 -13.41890
 46.29510 -13.38350
 46.34640 -13.44080
 46.38470 -13.51140
 46.44970 -13.65780
 46.45170 -13.69200
 46.49280 -13.71110
 46.51850 -13.71920
 46.52660 -13.71870
 46.51830 -13.77610
 46.52000 -13.84560
 46.51580 -13.93690
 46.48920 -14.08220
 46.47890 -14.11580
 46.46310 -14.12890
 46.44260 -14.15370
 46.41940 -14.47810
 46.40750 -14.54500
 46.51140 -14.81320
 46.54140 -14.82500
 46.57070 -14.83370
 46.61330 -14.86750
 46.65210 -15.05510
 46.64860 -15.07440
 46.65670 -15.10290
 46.65720 -15.13940
 46.65250 -15.40610
 46.68670 -15.60250
 46.71860 -15.80670
 46.72220 -15.83280
 46.72320 -15.85900
 46.75510 -15.98790
 46.83160 -15.98830
 46.83550 -16.00930
 46.86970 -16.11180
 46.85920 -16.13980
 46.86460 -16.18100
 46.87620 -16.22940
 46.87440 -16.26970
 46.86930 -16.29820
 46.84240 -16.34900
 46.80920 -16.33720
 46.79430 -16.31550
 46.75580 -16.32530
 46.72020 -16.35930
 46.72280 -16.37530
 46.70170 -16.38560
 46.65890 -16.40860
 46.50900 -16.53100
 46.47620 -16.60790
 46.47400 -16.59200
 46.47710 -16.56450
 46.49160 -16.51780
 46.50570 -16.49550
 46.52100 -16.46390
 46.53580 -16.38420
 46.53390 -16.33560
 46.53080 -16.29250
 46.51440 -16.26750
 46.49560 -16.25240
 46.41940 -16.26610
 46.40600 -16.13790
 46.37840 -16.07530
 46.35820 -16.07580
 46.33600 -16.08040
 46.29800 -16.01720
 46.23330 -15.79780
 46.22600 -15.68600
 46.22090 -15.65920
 46.16690 -15.61190
 46.14430 -15.60040
 46.11580 -15.60640
 46.08460 -15.63290
 46.06800 -15.66360
 46.05320 -15.71150
 45.93860 -15.72440
 45.84310 -15.69610
 45.82340 -15.65260
 45.83320 -15.62970
 45.84670 -15.61180
 45.83580 -15.49940
 45.76640 -15.33390
 45.75670 -15.31580
 45.73430 -15.29400
 45.70050 -15.28860
 45.71200 -15.35660
 45.65180 -15.35260
 45.62990 -15.30710
