3214 8 7.28889 7.33014 -168.78637 -168.67124 'Marshall Is. (Marshall Is.)'
 7.28889 -168.78600
 7.28972 -168.76700
 7.30527 -168.70200
 7.30834 -168.69100
 7.31986 -168.67100
 7.33014 -168.67200
 7.29834 -168.76800
 7.28889 -168.78600
3215 7 5.60027 5.63847 -168.13098 -168.09497 'Marshall Is. (Marshall Is.)'
 5.60027 -168.11400
 5.60139 -168.10600
 5.61069 -168.09500
 5.63847 -168.12600
 5.62236 -168.13100
 5.60416 -168.12000
 5.60027 -168.11400
3216 7 7.11446 7.13625 -171.37806 -171.35856 'Marshall Is. (Marshall Is.)'
 7.13625 -171.36200
 7.12802 -171.37500
 7.11857 -171.37800
 7.11446 -171.37600
 7.12010 -171.36200
 7.13137 -171.35900
 7.13625 -171.36200
3217 6 8.72472 8.74569 -167.74496 -167.72537 'Marshall Is. (Marshall Is.)'
 8.72472 -167.73200
 8.72805 -167.72500
 8.74569 -167.74000
 8.73639 -167.74500
 8.72695 -167.74100
 8.72472 -167.73200
3218 6 14.58027 14.59403 -169.00198 -168.97607 'Marshall Is. (Marshall Is.)'
 14.58030 -168.98100
 14.58280 -168.97600
 14.59060 -168.98500
 14.59400 -169.00200
 14.58080 -168.98800
 14.58030 -168.98100
3219 6 10.43222 10.44972 -169.97162 -169.94877 'Marshall Is. (Marshall Is.)'
 10.43220 -169.97000
 10.43470 -169.96200
 10.44970 -169.94900
 10.44500 -169.96300
 10.43640 -169.97200
 10.43220 -169.97000
3220 5 9.19611 9.21424 -165.53713 -165.52582 'Marshall Is. (Marshall Is.)'
 9.19611 -165.53100
 9.19889 -165.52700
 9.21424 -165.52600
 9.20118 -165.53700
 9.19611 -165.53100
3221 4 11.35083 11.35712 -162.33945 -162.32496 'Marshall Is. (Marshall Is.)'
 11.35080 -162.33300
 11.35280 -162.32500
 11.35710 -162.33900
 11.35080 -162.33300
