2555 59 60.04277 60.40361 -20.27750 -19.64847 'Ahvenanmaa (Finland)'
 60.04280 -19.94390
 60.05920 -19.93860
 60.08650 -19.92620
 60.09280 -19.91810
 60.09530 -19.90810
 60.09720 -19.89470
 60.08800 -19.87170
 60.07650 -19.86360
 60.07580 -19.84750
 60.08080 -19.77170
 60.09500 -19.75080
 60.12610 -19.72170
 60.16120 -19.69760
 60.25960 -19.64850
 60.30470 -19.74890
 60.29270 -19.78280
 60.26110 -19.77690
 60.24260 -19.76290
 60.18900 -19.79420
 60.18670 -19.81290
 60.27990 -19.93310
 60.29180 -19.93740
 60.30390 -19.93110
 60.34150 -19.89540
 60.33900 -19.88030
 60.32640 -19.87350
 60.31500 -19.86500
 60.32100 -19.83660
 60.35180 -19.78140
 60.37750 -19.80830
 60.39220 -19.82500
 60.40360 -19.85720
 60.40360 -19.86860
 60.40000 -19.90580
 60.35030 -20.08470
 60.27420 -20.27750
 60.20830 -20.21780
 60.16310 -20.16690
 60.17560 -20.08570
 60.21850 -20.10350
 60.22610 -20.12280
 60.24000 -20.12030
 60.29860 -20.06420
 60.30780 -20.04690
 60.31060 -20.03690
 60.31060 -20.02530
 60.21440 -19.91400
 60.19030 -19.92890
 60.18250 -19.94170
 60.17030 -19.98750
 60.15430 -20.02580
 60.09850 -20.05210
 60.08760 -20.04760
 60.08580 -20.02170
 60.08940 -19.99940
 60.09030 -19.96830
 60.08740 -19.95460
 60.07860 -19.94780
 60.04280 -19.94390
2556 13 59.97847 60.09361 -20.22676 -20.00166 'Ahvenanmaa (Finland)'
 60.08810 -20.11000
 60.08060 -20.12310
 60.06860 -20.16360
 60.06470 -20.19310
 60.06180 -20.20860
 60.00140 -20.22680
 59.97850 -20.20710
 59.99330 -20.13320
 60.05320 -20.00170
 60.06440 -20.00560
 60.09300 -20.09420
 60.09360 -20.10600
 60.08810 -20.11000
2557 16 60.12194 60.25583 -19.67486 -19.51139 'Ahvenanmaa (Finland)'
 60.12190 -19.57530
 60.12280 -19.56280
 60.12670 -19.54690
 60.15080 -19.52330
 60.17830 -19.51140
 60.22780 -19.53830
 60.25050 -19.56830
 60.25580 -19.58470
 60.25580 -19.60190
 60.25310 -19.61190
 60.24390 -19.62720
 60.19100 -19.66760
 60.17300 -19.67390
 60.15360 -19.67490
 60.15310 -19.60440
 60.12190 -19.57530
2686 413 65.59187 70.08861 -30.02861 -20.58093 'Lappi (Finland)'
 65.81400 -24.16700
 65.83260 -24.16410
 66.02030 -24.03140
 66.07250 -23.96780
 66.10140 -23.94860
 66.12850 -23.93560
 66.14420 -23.91900
 66.15670 -23.88640
 66.16030 -23.85610
 66.16820 -23.81430
 66.18500 -23.75470
 66.19830 -23.72610
 66.26330 -23.68470
 66.31220 -23.66250
 66.43330 -23.63970
 66.45720 -23.65600
 66.50080 -23.72530
 66.53780 -23.80720
 66.54390 -23.82690
 66.55530 -23.87420
 66.57580 -23.88970
 66.68030 -23.90280
 66.71250 -23.90080
 66.74480 -23.89210
 66.78790 -23.94250
 66.80230 -24.00080
 66.87980 -23.94070
 66.93110 -23.86690
 66.98140 -23.78780
 66.99600 -23.75110
 67.00830 -23.73110
 67.04750 -23.68110
 67.15700 -23.57330
 67.24070 -23.59060
 67.26140 -23.61000
 67.26750 -23.63030
 67.27550 -23.68310
 67.27800 -23.70810
 67.28630 -23.74320
 67.32630 -23.78030
 67.41690 -23.76510
 67.42610 -23.73500
 67.45000 -23.58190
 67.45260 -23.54290
 67.44330 -23.51970
 67.43720 -23.49370
 67.44290 -23.46930
 67.45250 -23.44830
 67.47980 -23.43080
 67.55640 -23.47190
 67.66550 -23.50780
 67.71250 -23.49140
 67.81990 -23.47060
 67.87100 -23.48880
 67.88360 -23.51110
 67.89000 -23.54560
 67.89640 -23.60210
 67.92120 -23.65570
 67.94590 -23.65980
 67.95810 -23.63830
 67.99250 -23.53170
 68.04250 -23.39440
 68.06010 -23.37220
 68.08360 -23.35330
 68.29110 -23.05540
 68.31780 -22.96940
 68.32220 -22.93640
 68.33000 -22.90500
 68.35750 -22.86360
 68.38600 -22.82670
 68.42170 -22.66680
 68.42720 -22.58170
 68.44010 -22.50000
 68.45170 -22.43060
 68.46360 -22.37190
 68.46500 -22.15920
 68.48150 -22.04860
 68.50230 -22.02870
 68.52150 -22.00080
 68.54390 -21.95940
 68.55530 -21.93390
 68.57120 -21.88930
 68.57360 -21.86470
 68.57040 -21.81690
 68.57570 -21.76540
 68.58740 -21.72690
 68.61500 -21.70660
 68.64250 -21.64280
 68.64940 -21.62310
 68.65730 -21.59320
 68.66170 -21.55060
 68.66990 -21.49420
 68.68670 -21.45390
 68.72420 -21.42060
 68.81790 -21.21220
 68.86670 -21.08140
 68.87330 -21.05890
 68.87750 -21.02470
 68.87940 -20.99080
 68.88070 -20.95210
 68.89210 -20.90080
 68.91820 -20.88590
 68.94920 -20.93100
 68.97070 -20.93070
 68.98550 -20.90890
 69.00120 -20.87560
 69.01190 -20.84640
 69.02330 -20.79170
 69.03110 -20.74420
 69.04380 -20.65010
 69.05310 -20.60420
 69.06030 -20.58090
 69.06940 -20.60940
 69.08720 -20.67500
 69.09280 -20.69750
 69.09610 -20.73110
 69.09360 -20.77390
 69.08500 -20.82900
 69.05860 -20.93560
 69.04530 -20.98060
 69.03330 -21.03310
 69.03680 -21.06350
 69.05150 -21.07940
 69.09740 -21.10920
 69.12210 -21.07260
 69.14050 -21.05360
 69.16080 -21.04220
 69.21050 -21.03030
 69.22370 -21.04710
 69.32610 -21.32080
 69.28470 -21.68190
 69.07840 -21.99460
 69.05220 -22.04140
 68.93770 -22.19900
 68.88170 -22.27890
 68.84360 -22.34760
 68.79540 -22.36680
 68.71110 -22.39830
 68.72900 -22.50000
 68.73780 -22.55000
 68.69140 -22.80280
 68.69310 -22.86360
 68.69360 -23.06820
 68.67470 -23.09920
 68.64920 -23.13940
 68.63750 -23.16470
 68.62990 -23.19640
 68.63640 -23.26060
 68.64440 -23.28670
 68.65940 -23.33310
 68.68080 -23.40780
 68.69170 -23.46720
 68.69860 -23.51750
 68.70530 -23.58310
 68.71110 -23.67190
 68.71690 -23.70510
 68.74250 -23.74080
 68.75940 -23.76250
 68.78930 -23.79610
 68.82630 -23.82450
 68.83250 -23.85640
 68.83390 -23.89940
 68.83250 -23.97640
 68.82530 -24.03690
 68.81870 -24.06080
 68.80240 -24.09040
 68.78360 -24.12060
 68.74900 -24.20610
 68.71020 -24.35410
 68.70170 -24.41690
 68.69890 -24.45030
 68.69580 -24.51330
 68.69140 -24.57890
 68.68720 -24.62890
 68.67640 -24.69030
 68.66030 -24.75440
 68.65280 -24.77330
 68.63670 -24.80470
 68.61720 -24.83170
 68.59320 -24.85450
 68.58080 -24.93490
 68.62140 -25.07640
 68.63790 -25.10510
 68.66980 -25.10500
 68.76780 -25.15470
 68.78900 -25.16990
 68.80330 -25.18830
 68.81750 -25.21440
 68.82530 -25.23420
 68.87390 -25.36390
 68.88060 -25.38470
 68.88640 -25.40690
 68.89110 -25.43780
 68.89150 -25.48180
 68.88830 -25.50810
 68.87940 -25.56280
 68.87890 -25.58560
 68.88280 -25.61780
 68.89430 -25.63990
 68.90640 -25.65280
 68.91170 -25.66140
 68.93390 -25.69220
 68.98920 -25.76110
 69.04530 -25.76830
 69.10920 -25.73220
 69.20900 -25.70810
 69.25530 -25.71330
 69.31830 -25.73940
 69.33920 -25.75240
 69.35390 -25.77060
 69.36860 -25.81170
 69.38530 -25.83370
 69.48640 -25.87420
 69.58420 -25.95330
 69.61880 -25.97070
 69.64250 -25.96940
 69.66520 -25.94450
 69.68570 -25.95930
 69.70430 -25.98330
 69.71190 -26.00440
 69.72640 -26.10060
 69.73500 -26.13440
 69.74250 -26.15580
 69.75170 -26.17420
 69.85220 -26.37370
 69.86870 -26.39860
 69.89600 -26.42010
 69.92080 -26.44290
 69.93640 -26.47680
 69.95100 -26.60920
 69.95210 -26.80660
 69.93940 -26.86520
 69.92540 -26.89430
 69.90780 -27.04580
 69.90960 -27.07490
 69.93330 -27.20610
 69.94860 -27.28620
 69.96490 -27.30600
 69.98620 -27.29830
 70.01670 -27.42140
 70.06640 -27.57040
 70.07250 -27.59940
 70.08800 -27.87310
 70.08860 -27.91070
 70.08300 -27.93770
 70.04550 -27.97110
 70.01150 -27.97620
 69.99790 -27.99140
 69.93460 -28.10210
 69.91390 -28.15920
 69.90640 -28.19720
 69.90220 -28.22670
 69.89670 -28.27610
 69.88920 -28.31680
 69.87720 -28.34190
 69.84100 -28.36380
 69.82750 -28.37970
 69.82170 -28.40500
 69.76860 -28.69470
 69.75970 -28.74420
 69.73390 -28.90970
 69.72860 -28.94610
 69.72150 -29.00080
 69.70600 -29.10280
 69.68580 -29.12750
 69.63070 -29.18000
 69.48530 -29.29850
 69.46360 -29.28560
 69.45190 -29.26920
 69.37080 -29.12220
 69.34390 -29.06420
 69.33060 -29.03330
 69.31560 -28.99710
 69.28640 -28.92680
 69.27500 -28.90280
 69.23620 -28.82540
 69.18830 -28.79670
 69.15510 -28.78290
 69.12410 -28.78510
 69.10550 -28.80220
 69.09360 -28.82750
 69.08220 -28.85780
 69.07140 -28.89060
 69.05160 -28.95730
 69.04330 -28.91330
 69.03610 -28.87780
 69.02970 -28.85560
 68.99720 -28.74640
 68.91650 -28.45180
 68.90260 -28.43560
 68.88240 -28.43990
 68.87440 -28.47080
 68.87280 -28.50920
 68.87440 -28.56500
 68.87830 -28.70580
 68.87580 -28.73780
 68.85780 -28.79280
 68.84700 -28.81740
 68.81010 -28.79970
 68.75490 -28.76170
 68.73420 -28.73860
 68.68000 -28.65500
 68.58390 -28.51810
 68.53490 -28.45990
 68.38580 -28.56000
 68.23940 -28.66310
 68.19540 -28.69500
 68.17250 -28.82330
 68.11670 -29.16000
 68.08250 -29.35690
 68.06250 -29.38360
 67.93890 -29.53940
 67.81530 -29.69170
 67.80330 -29.72750
 67.74080 -29.90250
 67.69470 -30.02860
 67.57250 -29.97780
 67.53860 -29.95970
 67.51390 -29.93280
 67.49250 -29.90000
 67.48360 -29.88170
 67.41640 -29.74560
 67.29390 -29.52530
 67.03080 -29.15690
 67.01360 -29.13420
 66.97290 -29.09010
 66.95110 -29.08150
 66.90360 -29.07510
 66.87750 -29.07610
 66.85150 -29.09380
 66.82040 -29.12870
 66.77070 -29.21190
 66.75080 -29.25290
 66.73830 -29.27330
 66.70460 -29.32440
 66.67790 -29.35490
 66.62830 -29.38550
 66.60000 -29.41420
 66.47030 -29.55440
 66.42860 -29.56790
 66.43050 -29.53190
 66.42460 -29.27320
 66.40010 -29.23680
 66.41000 -29.16060
 66.41670 -29.12080
 66.42670 -29.05030
 66.46830 -28.74330
 66.47100 -28.69540
 66.38940 -28.58280
 66.36530 -28.55280
 66.32420 -28.54470
 66.29280 -28.56690
 66.26080 -28.59670
 66.25860 -28.64190
 66.25550 -28.69620
 66.24220 -28.73500
 66.22780 -28.75860
 66.18000 -28.76420
 66.03750 -28.74920
 66.00030 -28.74000
 65.97390 -28.64580
 65.97350 -28.59560
 65.99620 -28.58680
 66.00170 -28.55170
 65.99530 -28.36870
 65.95110 -28.36030
 65.94330 -28.39920
 65.93440 -28.43220
 65.87280 -28.50390
 65.83420 -28.50360
 65.79940 -28.26830
 65.79420 -28.22690
 65.80290 -28.15720
 65.81970 -27.77750
 65.87140 -27.71920
 65.90730 -27.68460
 65.95300 -27.65580
 65.95030 -27.45560
 65.93500 -27.42720
 65.77140 -27.16060
 65.70040 -27.04570
 65.70000 -26.99080
 65.72300 -26.97180
 65.71110 -26.89830
 65.70360 -26.85920
 65.70530 -26.67970
 65.71550 -26.41220
 65.73670 -25.72000
 65.73970 -25.57310
 65.74000 -25.42310
 65.72330 -25.36170
 65.66330 -25.22640
 65.63470 -25.16750
 65.59190 -25.09270
 65.60590 -25.08080
 65.64840 -24.89120
 65.65830 -24.79610
 65.65670 -24.77170
 65.64820 -24.74860
 65.65470 -24.66920
 65.72670 -24.55940
 65.76200 -24.55350
 65.79010 -24.55920
 65.85440 -24.63000
 65.89610 -24.68920
 65.88760 -24.62650
 65.82470 -24.56210
 65.79530 -24.53860
 65.79430 -24.44900
 65.76740 -24.41470
 65.77350 -24.22030
 65.79150 -24.17500
 65.81400 -24.16700
2699 141 61.44445 63.60777 -26.70594 -24.01166 'Keski-Suomi (Finland)'
 61.48110 -25.43750
 61.46970 -25.28750
 61.44450 -25.00000
 61.44810 -24.97420
 61.54860 -24.83720
 61.61560 -24.78330
 61.64920 -24.81420
 61.64670 -24.88610
 61.66280 -24.96080
 61.73520 -24.93290
 61.82290 -24.92370
 61.90620 -24.94880
 62.04970 -24.86600
 62.01850 -24.73170
 62.04530 -24.66220
 62.06670 -24.65940
 62.12110 -24.61920
 62.18000 -24.55390
 62.19240 -24.51640
 62.19720 -24.49640
 62.16670 -24.43060
 62.15530 -24.40750
 62.16110 -24.33860
 62.17110 -24.32020
 62.18940 -24.28670
 62.24640 -24.24780
 62.24810 -24.14000
 62.27080 -24.07890
 62.31060 -24.01810
 62.33830 -24.01170
 62.35920 -24.01220
 62.35890 -24.01610
 62.41330 -24.10350
 62.47470 -24.19780
 62.46500 -24.23810
 62.46940 -24.43140
 62.49860 -24.50780
 62.56560 -24.53580
 62.64750 -24.55940
 62.67830 -24.52080
 62.84930 -24.36890
 62.90280 -24.42220
 63.00800 -24.28610
 63.03190 -24.26530
 63.11280 -24.34780
 63.13360 -24.43030
 63.14670 -24.48360
 63.15420 -24.52720
 63.13990 -24.71600
 63.18860 -24.73330
 63.26310 -24.74670
 63.35420 -24.76440
 63.42810 -24.89610
 63.45470 -25.02280
 63.45440 -25.03080
 63.46220 -25.07190
 63.49440 -25.10170
 63.57050 -25.13470
 63.60780 -25.23920
 63.59920 -25.27280
 63.58360 -25.32030
 63.56750 -25.36560
 63.55060 -25.40780
 63.52970 -25.46860
 63.51940 -25.52330
 63.51670 -25.59940
 63.51550 -25.68530
 63.50940 -25.73110
 63.49350 -25.79170
 63.47640 -25.82110
 63.46220 -25.84110
 63.43780 -25.87830
 63.42720 -25.96310
 63.42530 -25.98720
 63.43260 -26.02330
 63.44940 -26.11060
 63.45140 -26.13110
 63.45110 -26.13330
 63.43320 -26.16250
 63.32560 -26.11890
 63.20250 -26.13860
 63.17810 -26.14390
 63.15120 -26.15440
 63.03830 -26.23000
 62.97640 -26.29140
 62.93170 -26.26250
 62.94750 -26.22610
 62.94610 -26.12250
 62.92860 -26.04250
 62.88920 -26.06530
 62.87220 -26.12830
 62.86920 -26.15780
 62.80690 -26.24690
 62.74360 -26.35250
 62.76570 -26.39260
 62.78040 -26.44400
 62.74860 -26.49250
 62.73280 -26.50750
 62.67000 -26.56360
 62.63360 -26.58810
 62.59370 -26.59570
 62.52900 -26.51580
 62.52640 -26.48750
 62.50850 -26.47400
 62.44580 -26.63080
 62.44330 -26.70590
 62.43640 -26.69750
 62.39610 -26.67720
 62.37180 -26.68070
 62.33610 -26.66860
 62.28670 -26.61030
 62.25560 -26.53810
 62.24000 -26.48080
 62.19220 -26.31390
 62.16830 -26.28280
 62.11010 -26.22290
 62.04970 -26.29830
 62.02390 -26.33640
 61.96000 -26.39060
 61.87550 -26.34000
 61.84560 -26.38780
 61.70560 -26.52360
 61.68310 -26.53350
 61.62460 -26.51630
 61.62830 -26.47170
 61.63940 -26.43030
 61.65110 -26.38330
 61.62030 -26.30080
 61.65190 -26.17750
 61.73590 -25.99250
 61.77890 -25.92560
 61.78890 -25.88360
 61.79300 -25.85820
 61.76190 -25.83140
 61.69610 -25.75500
 61.70440 -25.73140
 61.71140 -25.68500
 61.70750 -25.66110
 61.62500 -25.50610
 61.50000 -25.45190
 61.48110 -25.43750
2700 114 62.26944 64.03139 -29.09680 -26.04250 'Kuopio (Finland)'
 63.45140 -26.13110
 63.50400 -26.18150
 63.56780 -26.19000
 63.57920 -26.24860
 63.58510 -26.28170
 63.60920 -26.28140
 63.78360 -26.23940
 63.80330 -26.23310
 63.82580 -26.21580
 63.94310 -26.51580
 63.97720 -26.60640
 64.00310 -26.71920
 64.01440 -26.77280
 64.03140 -26.86080
 64.02030 -26.90720
 64.00670 -26.95220
 63.99110 -27.01830
 63.98900 -27.11780
 63.98500 -27.23750
 63.95360 -27.48310
 63.90310 -27.73670
 63.84390 -27.90750
 63.81940 -27.96250
 63.79860 -28.00670
 63.77300 -28.05720
 63.71940 -28.13830
 63.70830 -28.16220
 63.66590 -28.26710
 63.74640 -28.35330
 63.73110 -28.39690
 63.66220 -28.58970
 63.57780 -28.60060
 63.52890 -28.60560
 63.41720 -28.66170
 63.40400 -28.69490
 63.38030 -28.75390
 63.30470 -28.73500
 63.19080 -28.64720
 63.17620 -28.69420
 63.13030 -28.76280
 63.07750 -28.83420
 63.05670 -28.85530
 63.02860 -28.92580
 63.02360 -28.94690
 63.01420 -28.98970
 63.00070 -29.04060
 62.97850 -29.06760
 62.93360 -28.98690
 62.93080 -28.94190
 62.84940 -29.07810
 62.84070 -29.09680
 62.76920 -28.93990
 62.77970 -28.90560
 62.80640 -28.84170
 62.79140 -28.75310
 62.72280 -28.64500
 62.64670 -28.65640
 62.61940 -28.64110
 62.59330 -28.62420
 62.58220 -28.60720
 62.57560 -28.58750
 62.55320 -28.49180
 62.56500 -28.41420
 62.45580 -28.27830
 62.41680 -28.24650
 62.35390 -28.25330
 62.30000 -28.06860
 62.27300 -28.03420
 62.26940 -27.96030
 62.27080 -27.91920
 62.27610 -27.85220
 62.29530 -27.79470
 62.32320 -27.73610
 62.36470 -27.69060
 62.42750 -27.59440
 62.44170 -27.56100
 62.50480 -27.36990
 62.48780 -27.33440
 62.45720 -27.17470
 62.47610 -27.09830
 62.46280 -27.05690
 62.44720 -26.96720
 62.41850 -26.76000
 62.42890 -26.73330
 62.44330 -26.70590
 62.44580 -26.63080
 62.50850 -26.47400
 62.52640 -26.48750
 62.52900 -26.51580
 62.59370 -26.59570
 62.63360 -26.58810
 62.67000 -26.56360
 62.73280 -26.50750
 62.74860 -26.49250
 62.78040 -26.44400
 62.76570 -26.39260
 62.74360 -26.35250
 62.80690 -26.24690
 62.86920 -26.15780
 62.87220 -26.12830
 62.88920 -26.06530
 62.92860 -26.04250
 62.94610 -26.12250
 62.94750 -26.22610
 62.93170 -26.26250
 62.97640 -26.29140
 63.03830 -26.23000
 63.15120 -26.15440
 63.17810 -26.14390
 63.20250 -26.13860
 63.32560 -26.11890
 63.43320 -26.16250
 63.45110 -26.13330
 63.45140 -26.13110
2701 302 63.42528 66.47097 -30.61277 -23.71166 'Oulu (Finland)'
 63.45140 -26.13110
 63.44940 -26.11060
 63.43260 -26.02330
 63.42530 -25.98720
 63.42720 -25.96310
 63.43780 -25.87830
 63.46220 -25.84110
 63.47640 -25.82110
 63.49350 -25.79170
 63.50940 -25.73110
 63.51550 -25.68530
 63.51670 -25.59940
 63.51940 -25.52330
 63.52970 -25.46860
 63.55060 -25.40780
 63.56750 -25.36560
 63.58360 -25.32030
 63.59920 -25.27280
 63.60780 -25.23920
 63.57050 -25.13470
 63.49440 -25.10170
 63.46220 -25.07190
 63.45440 -25.03080
 63.45470 -25.02280
 63.49080 -24.95810
 63.51550 -24.91390
 63.55550 -24.84940
 63.57580 -24.82390
 63.58860 -24.79610
 63.60670 -24.74970
 63.63530 -24.65360
 63.64690 -24.61220
 63.68440 -24.55720
 63.73690 -24.50420
 63.78890 -24.45920
 63.82920 -24.42610
 63.84060 -24.39720
 63.84970 -24.34810
 63.85940 -24.27610
 63.87310 -24.24060
 64.00250 -24.09560
 64.07070 -24.08070
 64.07970 -24.04670
 64.14530 -23.78110
 64.16290 -23.71170
 64.18420 -23.72220
 64.24390 -23.85530
 64.26920 -23.92670
 64.29100 -23.92690
 64.38350 -23.99580
 64.43640 -24.12000
 64.47280 -24.20970
 64.49690 -24.27810
 64.52170 -24.33930
 64.54300 -24.35920
 64.58600 -24.37410
 64.61930 -24.37120
 64.67530 -24.42500
 64.74680 -24.53540
 64.79920 -24.53960
 64.85440 -24.73110
 64.86920 -24.80330
 64.89220 -25.00000
 64.91170 -25.08440
 64.90750 -25.11620
 64.86690 -25.18030
 64.84550 -25.19390
 64.81930 -25.23040
 64.81430 -25.25360
 64.81440 -25.29750
 64.81780 -25.31940
 64.82190 -25.34000
 64.82940 -25.36190
 64.89800 -25.36510
 64.90790 -25.34290
 64.90310 -25.31010
 64.92970 -25.23010
 64.96400 -25.18930
 64.98820 -25.21330
 64.98060 -25.32160
 64.95860 -25.36810
 64.94440 -25.41420
 64.95340 -25.44420
 65.03420 -25.41310
 65.07940 -25.37060
 65.09240 -25.35390
 65.10940 -25.29140
 65.17000 -25.26750
 65.26640 -25.29310
 65.29360 -25.30110
 65.34580 -25.32500
 65.41080 -25.35530
 65.44820 -25.35720
 65.47870 -25.35120
 65.51510 -25.30370
 65.55430 -25.21510
 65.55960 -25.18960
 65.55580 -25.16150
 65.55430 -25.13210
 65.56930 -25.10180
 65.59190 -25.09270
 65.63470 -25.16750
 65.66330 -25.22640
 65.72330 -25.36170
 65.74000 -25.42310
 65.73970 -25.57310
 65.73670 -25.72000
 65.71550 -26.41220
 65.70530 -26.67970
 65.70360 -26.85920
 65.71110 -26.89830
 65.72300 -26.97180
 65.70000 -26.99080
 65.70040 -27.04570
 65.77140 -27.16060
 65.93500 -27.42720
 65.95030 -27.45560
 65.95300 -27.65580
 65.90730 -27.68460
 65.87140 -27.71920
 65.81970 -27.77750
 65.80290 -28.15720
 65.79420 -28.22690
 65.79940 -28.26830
 65.83420 -28.50360
 65.87280 -28.50390
 65.93440 -28.43220
 65.94330 -28.39920
 65.95110 -28.36030
 65.99530 -28.36870
 66.00170 -28.55170
 65.99620 -28.58680
 65.97350 -28.59560
 65.97390 -28.64580
 66.00030 -28.74000
 66.03750 -28.74920
 66.18000 -28.76420
 66.22780 -28.75860
 66.24220 -28.73500
 66.25550 -28.69620
 66.25860 -28.64190
 66.26080 -28.59670
 66.29280 -28.56690
 66.32420 -28.54470
 66.36530 -28.55280
 66.38940 -28.58280
 66.47100 -28.69540
 66.46830 -28.74330
 66.42670 -29.05030
 66.41670 -29.12080
 66.41000 -29.16060
 66.40010 -29.23680
 66.42460 -29.27320
 66.43050 -29.53190
 66.42860 -29.56790
 66.40300 -29.57720
 66.38280 -29.59030
 66.32940 -29.63190
 66.20970 -29.77650
 66.19250 -29.79920
 66.17560 -29.82610
 66.16360 -29.85000
 66.15220 -29.87640
 66.13390 -29.90370
 66.11280 -29.91890
 66.04970 -29.94830
 65.92220 -30.03220
 65.83810 -30.09390
 65.81860 -30.10250
 65.70890 -30.13490
 65.66810 -30.12020
 65.67540 -30.07670
 65.69050 -30.03030
 65.68530 -29.99250
 65.65330 -29.81890
 65.58830 -29.83420
 65.53750 -29.79810
 65.52670 -29.77030
 65.51440 -29.74610
 65.48110 -29.73830
 65.45560 -29.73970
 65.41470 -29.74560
 65.34610 -29.74860
 65.31970 -29.70610
 65.30290 -29.67110
 65.27120 -29.61310
 65.24440 -29.60200
 65.22600 -29.63310
 65.22330 -29.65890
 65.22670 -29.73720
 65.22640 -29.78750
 65.22350 -29.82070
 65.21800 -29.84830
 65.20200 -29.87040
 65.12000 -29.86940
 65.10690 -29.83670
 65.09920 -29.80690
 65.09470 -29.77390
 65.09250 -29.72640
 65.08180 -29.67420
 65.07190 -29.64600
 65.05240 -29.62120
 65.00600 -29.60810
 64.92100 -29.64080
 64.90470 -29.65280
 64.88720 -29.67190
 64.85220 -29.71440
 64.83720 -29.73360
 64.82250 -29.75500
 64.80970 -29.77440
 64.79400 -29.80890
 64.79250 -29.84310
 64.79300 -29.89170
 64.79470 -29.92640
 64.79550 -29.95030
 64.79550 -30.04810
 64.79260 -30.08110
 64.78420 -30.12110
 64.77210 -30.14280
 64.66330 -30.20690
 64.63140 -30.17650
 64.61940 -30.14170
 64.60440 -30.07250
 64.59760 -30.02690
 64.57890 -29.97650
 64.55310 -29.98690
 64.51230 -30.01050
 64.50250 -30.04890
 64.49470 -30.06860
 64.48070 -30.08790
 64.46000 -30.08570
 64.40530 -30.06150
 64.36420 -30.12920
 64.35280 -30.16320
 64.34890 -30.19690
 64.32940 -30.32170
 64.31970 -30.35940
 64.30940 -30.38970
 64.24090 -30.56350
 64.22370 -30.57740
 64.09420 -30.61280
 64.07040 -30.61030
 64.04690 -30.59530
 64.01530 -30.55120
 64.00000 -30.52860
 63.97330 -30.48030
 63.93050 -30.39810
 63.82260 -30.26350
 63.80080 -30.21060
 63.78000 -30.13500
 63.77530 -30.11470
 63.76670 -30.06310
 63.76080 -30.03310
 63.75460 -30.00890
 63.74800 -29.99670
 63.74830 -29.93970
 63.74560 -29.89530
 63.74330 -29.87190
 63.70020 -29.77310
 63.72560 -29.73560
 63.74110 -29.71860
 63.87110 -29.67940
 63.87250 -29.65500
 63.86970 -29.60080
 63.86690 -29.55720
 63.86000 -29.47400
 63.85220 -29.38830
 63.84330 -29.26920
 63.83250 -28.90530
 63.84330 -28.77560
 63.86050 -28.63060
 63.87470 -28.49720
 63.86600 -28.46070
 63.74640 -28.35330
 63.66590 -28.26710
 63.70830 -28.16220
 63.71940 -28.13830
 63.77300 -28.05720
 63.79860 -28.00670
 63.81940 -27.96250
 63.84390 -27.90750
 63.90310 -27.73670
 63.95360 -27.48310
 63.98500 -27.23750
 63.98900 -27.11780
 63.99110 -27.01830
 64.00670 -26.95220
 64.02030 -26.90720
 64.03140 -26.86080
 64.01440 -26.77280
 64.00310 -26.71920
 63.97720 -26.60640
 63.94310 -26.51580
 63.82580 -26.21580
 63.80330 -26.23310
 63.78360 -26.23940
 63.60920 -26.28140
 63.58510 -26.28170
 63.57920 -26.24860
 63.56780 -26.19000
 63.50400 -26.18150
 63.45140 -26.13110
2702 23 64.94415 65.07860 -25.03250 -24.55166 'Oulu (Finland)'
 65.02580 -25.00000
 65.02440 -24.96110
 65.00360 -24.84670
 64.96390 -24.82030
 64.94440 -24.73500
 64.94420 -24.72280
 64.94640 -24.70750
 64.96390 -24.59960
 64.97250 -24.58580
 64.99060 -24.56810
 65.02500 -24.55170
 65.03350 -24.55860
 65.05780 -24.62030
 65.06360 -24.64580
 65.06890 -24.67810
 65.07140 -24.70080
 65.07800 -24.80860
 65.07860 -24.83360
 65.07720 -24.84810
 65.04360 -25.01890
 65.03830 -25.03250
 65.02870 -25.02530
 65.02580 -25.00000
2703 168 61.94183 64.16290 -25.02278 -21.06597 'Vaasa (Finland)'
 61.94180 -21.29960
 61.94640 -21.28460
 62.00560 -21.25330
 62.06940 -21.28560
 62.10890 -21.30580
 62.15390 -21.33390
 62.18240 -21.38030
 62.20620 -21.38930
 62.26000 -21.37170
 62.35060 -21.33220
 62.37580 -21.25920
 62.41280 -21.15560
 62.45170 -21.11170
 62.49140 -21.11500
 62.54750 -21.12530
 62.59800 -21.06600
 62.76740 -21.10560
 62.78990 -21.13390
 62.86080 -21.29810
 62.85460 -21.34580
 62.86210 -21.37330
 62.88670 -21.39640
 62.94330 -21.43330
 62.96750 -21.44580
 63.00640 -21.45060
 63.03470 -21.43560
 63.06650 -21.50080
 63.06280 -21.52860
 63.04480 -21.55120
 63.01860 -21.62000
 63.02010 -21.67660
 63.02970 -21.68280
 63.03390 -21.67780
 63.04780 -21.65510
 63.06810 -21.61140
 63.07860 -21.56950
 63.12530 -21.51860
 63.15970 -21.50170
 63.20350 -21.49690
 63.23030 -21.53850
 63.22130 -21.56740
 63.19250 -21.64040
 63.20920 -21.69030
 63.25600 -21.87780
 63.20610 -21.89280
 63.18310 -21.96670
 63.22280 -22.08610
 63.23080 -22.17970
 63.23640 -22.21690
 63.27650 -22.34000
 63.31320 -22.36960
 63.33970 -22.35560
 63.36800 -22.32370
 63.37580 -22.29860
 63.38610 -22.27190
 63.41930 -22.20060
 63.44510 -22.18780
 63.52570 -22.28820
 63.52000 -22.33330
 63.48970 -22.37610
 63.47250 -22.39640
 63.49890 -22.42940
 63.56580 -22.48940
 63.58360 -22.50530
 63.61200 -22.50500
 63.69550 -22.58920
 63.69870 -22.66580
 63.68350 -22.70120
 63.65940 -22.70690
 63.61990 -22.74010
 63.62580 -22.78060
 63.64140 -22.82440
 63.69860 -22.90000
 63.76280 -22.92630
 63.80110 -22.92330
 63.85080 -23.06640
 63.87810 -23.14790
 63.88600 -23.20070
 63.89670 -23.31890
 63.94120 -23.37040
 63.98690 -23.37140
 64.04580 -23.38510
 64.04940 -23.42760
 64.03640 -23.51140
 64.06440 -23.60220
 64.09830 -23.60830
 64.14080 -23.65220
 64.15860 -23.69420
 64.16290 -23.71170
 64.14530 -23.78110
 64.07970 -24.04670
 64.07070 -24.08070
 64.00250 -24.09560
 63.87310 -24.24060
 63.85940 -24.27610
 63.84970 -24.34810
 63.84060 -24.39720
 63.82920 -24.42610
 63.78890 -24.45920
 63.73690 -24.50420
 63.68440 -24.55720
 63.64690 -24.61220
 63.63530 -24.65360
 63.60670 -24.74970
 63.58860 -24.79610
 63.57580 -24.82390
 63.55550 -24.84940
 63.51550 -24.91390
 63.49080 -24.95810
 63.45470 -25.02280
 63.42810 -24.89610
 63.35420 -24.76440
 63.26310 -24.74670
 63.18860 -24.73330
 63.13990 -24.71600
 63.15420 -24.52720
 63.14670 -24.48360
 63.13360 -24.43030
 63.11280 -24.34780
 63.03190 -24.26530
 63.00800 -24.28610
 62.90280 -24.42220
 62.84930 -24.36890
 62.67830 -24.52080
 62.64750 -24.55940
 62.56560 -24.53580
 62.49860 -24.50780
 62.46940 -24.43140
 62.46500 -24.23810
 62.47470 -24.19780
 62.41330 -24.10350
 62.35890 -24.01610
 62.35920 -24.01220
 62.36970 -23.99390
 62.45360 -23.91420
 62.47810 -23.89830
 62.48610 -23.83310
 62.46140 -23.77890
 62.42890 -23.71080
 62.40580 -23.66780
 62.40620 -23.50900
 62.36500 -23.51720
 62.37330 -23.43140
 62.38820 -23.38870
 62.41810 -23.33060
 62.40300 -23.28070
 62.33670 -23.21420
 62.33010 -23.21210
 62.32390 -23.19110
 62.26470 -22.90440
 62.27060 -22.73920
 62.28470 -22.69030
 62.29750 -22.63920
 62.30680 -22.59280
 62.20970 -22.50280
 62.10110 -22.32060
 62.09970 -22.29030
 62.10030 -22.20140
 62.08860 -22.18310
 62.06920 -22.16330
 62.02750 -22.10780
 61.97720 -21.97610
 61.98970 -21.89330
 62.01750 -21.71560
 62.02100 -21.52350
 62.00720 -21.43670
 61.95970 -21.36860
 61.94180 -21.29960
2704 18 63.14472 63.27729 -21.42403 -21.08048 'Vaasa (Finland)'
 63.14470 -21.24690
 63.15440 -21.25010
 63.18920 -21.19060
 63.18280 -21.18250
 63.17500 -21.17580
 63.17360 -21.16530
 63.17640 -21.14820
 63.19220 -21.13280
 63.23610 -21.09890
 63.27730 -21.08050
 63.24140 -21.29600
 63.25420 -21.34830
 63.25640 -21.37060
 63.24920 -21.41600
 63.19460 -21.42400
 63.15250 -21.30530
 63.14830 -21.27940
 63.14470 -21.24690
2705 18 63.77055 63.87694 -22.91764 -22.67389 'Vaasa (Finland)'
 63.77060 -22.86830
 63.77690 -22.85330
 63.78050 -22.81690
 63.78420 -22.77030
 63.77970 -22.75080
 63.77530 -22.70670
 63.79170 -22.67390
 63.80690 -22.68030
 63.82050 -22.70310
 63.87690 -22.80610
 63.87420 -22.86670
 63.87280 -22.88060
 63.86900 -22.89490
 63.83040 -22.91760
 63.81920 -22.91440
 63.81330 -22.88390
 63.80310 -22.87500
 63.77060 -22.86830
2778 158 60.46805 62.48611 -26.17250 -23.13250 'Hame (Finland)'
 60.90280 -26.14360
 60.88720 -26.11140
 60.89470 -26.05140
 60.89940 -26.02940
 60.91080 -25.95310
 60.88500 -25.92110
 60.89360 -25.82330
 60.91620 -25.78570
 60.92810 -25.73080
 60.90830 -25.68330
 60.86890 -25.48500
 60.85920 -25.45140
 60.83190 -25.42530
 60.79960 -25.44940
 60.74920 -25.39250
 60.75420 -25.32830
 60.78810 -25.24610
 60.80080 -25.22460
 60.81360 -25.18890
 60.81170 -25.14420
 60.80220 -25.11080
 60.71280 -25.07920
 60.72860 -25.11310
 60.72860 -25.14110
 60.71780 -25.19630
 60.67780 -25.01920
 60.65390 -24.84310
 60.64360 -24.74420
 60.64420 -24.69470
 60.65250 -24.66580
 60.66140 -24.62110
 60.63030 -24.57310
 60.58640 -24.57420
 60.55890 -24.56070
 60.55220 -24.54030
 60.54640 -24.45060
 60.54720 -24.42920
 60.57780 -24.40810
 60.59970 -24.37530
 60.60280 -24.34750
 60.60970 -24.24000
 60.63690 -24.01780
 60.64940 -23.91060
 60.64440 -23.89030
 60.61560 -23.86080
 60.59540 -23.90820
 60.50250 -23.86140
 60.48860 -23.83360
 60.48580 -23.73080
 60.49180 -23.71570
 60.46810 -23.63860
 60.50920 -23.51810
 60.54560 -23.38170
 60.58390 -23.21440
 60.60580 -23.23530
 60.62330 -23.25010
 60.68110 -23.21420
 60.76780 -23.15190
 60.85190 -23.13250
 60.88150 -23.13900
 60.88940 -23.15860
 60.88690 -23.18750
 60.88560 -23.25610
 60.92780 -23.29420
 61.00280 -23.26640
 61.08140 -23.25140
 61.10860 -23.27470
 61.11170 -23.30530
 61.12750 -23.37920
 61.15190 -23.33110
 61.17170 -23.28280
 61.26750 -23.28640
 61.29080 -23.28310
 61.35810 -23.22750
 61.42300 -23.17140
 61.52080 -23.18440
 61.51920 -23.21890
 61.51600 -23.24950
 61.51640 -23.38280
 61.58370 -23.48970
 61.61420 -23.48420
 61.68050 -23.48680
 61.72600 -23.52580
 61.82080 -23.59310
 61.85010 -23.58960
 61.89080 -23.46080
 61.93360 -23.34890
 61.95220 -23.30970
 62.07830 -23.29420
 62.09970 -23.29440
 62.15860 -23.38250
 62.16670 -23.41480
 62.22170 -23.37250
 62.26440 -23.31310
 62.32310 -23.22850
 62.33010 -23.21210
 62.33670 -23.21420
 62.40300 -23.28070
 62.41810 -23.33060
 62.38820 -23.38870
 62.37330 -23.43140
 62.36500 -23.51720
 62.40620 -23.50900
 62.40580 -23.66780
 62.42890 -23.71080
 62.46140 -23.77890
 62.48610 -23.83310
 62.47810 -23.89830
 62.45360 -23.91420
 62.36970 -23.99390
 62.35920 -24.01220
 62.33830 -24.01170
 62.31060 -24.01810
 62.27080 -24.07890
 62.24810 -24.14000
 62.24640 -24.24780
 62.18940 -24.28670
 62.17110 -24.32020
 62.16110 -24.33860
 62.15530 -24.40750
 62.16670 -24.43060
 62.19720 -24.49640
 62.19240 -24.51640
 62.18000 -24.55390
 62.12110 -24.61920
 62.06670 -24.65940
 62.04530 -24.66220
 62.01850 -24.73170
 62.04970 -24.86600
 61.90620 -24.94880
 61.82290 -24.92370
 61.73520 -24.93290
 61.66280 -24.96080
 61.64670 -24.88610
 61.64920 -24.81420
 61.61560 -24.78330
 61.54860 -24.83720
 61.44810 -24.97420
 61.44450 -25.00000
 61.46970 -25.28750
 61.48110 -25.43750
 61.43060 -25.48870
 61.40060 -25.47330
 61.32730 -25.54530
 61.33640 -25.70580
 61.35750 -25.74390
 61.22250 -25.92970
 61.14540 -25.91860
 61.12000 -25.88530
 61.09540 -25.86570
 61.07500 -25.90670
 61.06750 -25.94150
 61.09170 -26.04470
 61.07180 -26.10290
 61.01720 -26.13670
 60.92250 -26.17250
 60.90570 -26.15250
 60.90280 -26.14360
2779 160 60.42666 61.85375 -30.14217 -26.04472 'Kymi (Finland)'
 60.58190 -26.54610
 60.59080 -26.54120
 60.63300 -26.46390
 60.64640 -26.43180
 60.65110 -26.38830
 60.65530 -26.35560
 60.67190 -26.34170
 60.72560 -26.30560
 60.79750 -26.20940
 60.81970 -26.16250
 60.82570 -26.11920
 60.83460 -26.08920
 60.85860 -26.10440
 60.89310 -26.13420
 60.90280 -26.14360
 60.90570 -26.15250
 60.92250 -26.17250
 61.01720 -26.13670
 61.07180 -26.10290
 61.09170 -26.04470
 61.10810 -26.04670
 61.14010 -26.14570
 61.12440 -26.23610
 61.17080 -26.35810
 61.18220 -26.38780
 61.20970 -26.40080
 61.25250 -26.44210
 61.28150 -26.63470
 61.23830 -26.66650
 61.21510 -26.63760
 61.20140 -26.66640
 61.22140 -26.74580
 61.23390 -26.76170
 61.26320 -26.78370
 61.27780 -26.85830
 61.27830 -26.88170
 61.23280 -26.90000
 61.17500 -26.91670
 61.14670 -27.01970
 61.14470 -27.05920
 61.16220 -27.32920
 61.17220 -27.35970
 61.19990 -27.38210
 61.31130 -27.26390
 61.32040 -27.23570
 61.32440 -27.20640
 61.31860 -27.17440
 61.31260 -27.13570
 61.34180 -26.97120
 61.37470 -27.02030
 61.39190 -27.15830
 61.39610 -27.21220
 61.39560 -27.31970
 61.39440 -27.35780
 61.38830 -27.39000
 61.37830 -27.43190
 61.36140 -27.51080
 61.35390 -27.55140
 61.34750 -27.61920
 61.34250 -27.91750
 61.34780 -28.05120
 61.36560 -28.21030
 61.37110 -28.25190
 61.37890 -28.27420
 61.45080 -28.42400
 61.47720 -28.41720
 61.50310 -28.42750
 61.50370 -28.49290
 61.49440 -28.52390
 61.47310 -28.52810
 61.46310 -28.58420
 61.45600 -28.65390
 61.47440 -28.74170
 61.50610 -28.82140
 61.52030 -28.88140
 61.53280 -28.94940
 61.53250 -28.98530
 61.52930 -29.01490
 61.52720 -29.06110
 61.55150 -29.26330
 61.58830 -29.29390
 61.60250 -29.31750
 61.63920 -29.38890
 61.65360 -29.42970
 61.66070 -29.46110
 61.67470 -29.53890
 61.71500 -29.56420
 61.71780 -29.56500
 61.71640 -29.57060
 61.72890 -29.62580
 61.79250 -29.88060
 61.80310 -29.92280
 61.83010 -30.02920
 61.84080 -30.06530
 61.85370 -30.12010
 61.84700 -30.14220
 61.73440 -29.99850
 61.60370 -29.80190
 61.53390 -29.68330
 61.51780 -29.65250
 61.43670 -29.49750
 61.35970 -29.35530
 61.34530 -29.33420
 61.31830 -29.30190
 61.30290 -29.28510
 61.29210 -29.27430
 61.27580 -29.24970
 61.25330 -29.21360
 61.23210 -29.16580
 61.19940 -29.07190
 61.16280 -28.97080
 61.10510 -28.81670
 61.04530 -28.72000
 61.00170 -28.67420
 60.97110 -28.64560
 60.96000 -28.61960
 60.96170 -28.57780
 60.95460 -28.52950
 60.92530 -28.46640
 60.88670 -28.38890
 60.85830 -28.34190
 60.84150 -28.32940
 60.82050 -28.29860
 60.80420 -28.26940
 60.79330 -28.24640
 60.71220 -28.09390
 60.58920 -27.88470
 60.54640 -27.80780
 60.54860 -27.80670
 60.57130 -27.77820
 60.56650 -27.74260
 60.53560 -27.73420
 60.51140 -27.73810
 60.50440 -27.67110
 60.50610 -27.60670
 60.50440 -27.47440
 60.47640 -27.47310
 60.50390 -27.29560
 60.53360 -27.27140
 60.58370 -27.21920
 60.53150 -27.02450
 60.44460 -26.95820
 60.47610 -26.90530
 60.47280 -26.81110
 60.44890 -26.73940
 60.42670 -26.66690
 60.42810 -26.56360
 60.44500 -26.50010
 60.47790 -26.47820
 60.57990 -26.57000
 60.59810 -26.59500
 60.60690 -26.62310
 60.60820 -26.65860
 60.59190 -26.69570
 60.57530 -26.74970
 60.61780 -26.72190
 60.64250 -26.69190
 60.64640 -26.65240
 60.63860 -26.61140
 60.58190 -26.54610
2780 167 61.06749 62.64666 -29.69431 -25.43750 'Mikkeli (Finland)'
 61.71780 -29.56500
 61.71500 -29.56420
 61.67470 -29.53890
 61.66070 -29.46110
 61.65360 -29.42970
 61.63920 -29.38890
 61.60250 -29.31750
 61.58830 -29.29390
 61.55150 -29.26330
 61.52720 -29.06110
 61.52930 -29.01490
 61.53250 -28.98530
 61.53280 -28.94940
 61.52030 -28.88140
 61.50610 -28.82140
 61.47440 -28.74170
 61.45600 -28.65390
 61.46310 -28.58420
 61.47310 -28.52810
 61.49440 -28.52390
 61.50370 -28.49290
 61.50310 -28.42750
 61.47720 -28.41720
 61.45080 -28.42400
 61.37890 -28.27420
 61.37110 -28.25190
 61.36560 -28.21030
 61.34780 -28.05120
 61.34250 -27.91750
 61.34750 -27.61920
 61.35390 -27.55140
 61.36140 -27.51080
 61.37830 -27.43190
 61.38830 -27.39000
 61.39440 -27.35780
 61.39560 -27.31970
 61.39610 -27.21220
 61.39190 -27.15830
 61.37470 -27.02030
 61.34180 -26.97120
 61.31260 -27.13570
 61.31860 -27.17440
 61.32440 -27.20640
 61.32040 -27.23570
 61.31130 -27.26390
 61.19990 -27.38210
 61.17220 -27.35970
 61.16220 -27.32920
 61.14470 -27.05920
 61.14670 -27.01970
 61.17500 -26.91670
 61.23280 -26.90000
 61.27830 -26.88170
 61.27780 -26.85830
 61.26320 -26.78370
 61.23390 -26.76170
 61.22140 -26.74580
 61.20140 -26.66640
 61.21510 -26.63760
 61.23830 -26.66650
 61.28150 -26.63470
 61.25250 -26.44210
 61.20970 -26.40080
 61.18220 -26.38780
 61.17080 -26.35810
 61.12440 -26.23610
 61.14010 -26.14570
 61.10810 -26.04670
 61.09170 -26.04470
 61.06750 -25.94150
 61.07500 -25.90670
 61.09540 -25.86570
 61.12000 -25.88530
 61.14540 -25.91860
 61.22250 -25.92970
 61.35750 -25.74390
 61.33640 -25.70580
 61.32730 -25.54530
 61.40060 -25.47330
 61.43060 -25.48870
 61.48110 -25.43750
 61.50000 -25.45190
 61.62500 -25.50610
 61.70750 -25.66110
 61.71140 -25.68500
 61.70440 -25.73140
 61.69610 -25.75500
 61.76190 -25.83140
 61.79300 -25.85820
 61.78890 -25.88360
 61.77890 -25.92560
 61.73590 -25.99250
 61.65190 -26.17750
 61.62030 -26.30080
 61.65110 -26.38330
 61.63940 -26.43030
 61.62830 -26.47170
 61.62460 -26.51630
 61.68310 -26.53350
 61.70560 -26.52360
 61.84560 -26.38780
 61.87550 -26.34000
 61.96000 -26.39060
 62.02390 -26.33640
 62.04970 -26.29830
 62.11010 -26.22290
 62.16830 -26.28280
 62.19220 -26.31390
 62.24000 -26.48080
 62.25560 -26.53810
 62.28670 -26.61030
 62.33610 -26.66860
 62.37180 -26.68070
 62.39610 -26.67720
 62.43640 -26.69750
 62.44330 -26.70590
 62.42890 -26.73330
 62.41850 -26.76000
 62.44720 -26.96720
 62.46280 -27.05690
 62.47610 -27.09830
 62.45720 -27.17470
 62.48780 -27.33440
 62.50480 -27.36990
 62.44170 -27.56100
 62.42750 -27.59440
 62.36470 -27.69060
 62.32320 -27.73610
 62.29530 -27.79470
 62.27610 -27.85220
 62.27080 -27.91920
 62.26940 -27.96030
 62.27300 -28.03420
 62.30000 -28.06860
 62.35390 -28.25330
 62.41680 -28.24650
 62.45580 -28.27830
 62.56500 -28.41420
 62.55320 -28.49180
 62.57560 -28.58750
 62.58220 -28.60720
 62.59330 -28.62420
 62.61940 -28.64110
 62.64670 -28.65640
 62.63970 -28.68360
 62.63140 -28.79140
 62.56640 -28.94530
 62.46970 -29.10860
 62.42260 -29.08640
 62.38890 -29.10570
 62.38000 -29.12610
 62.37720 -29.16890
 62.39310 -29.20420
 62.40560 -29.22600
 62.39940 -29.26670
 62.37860 -29.29830
 62.32650 -29.30930
 62.19310 -29.40830
 62.06920 -29.46220
 62.03990 -29.49300
 62.01060 -29.57110
 61.99970 -29.59720
 61.96760 -29.66460
 61.81980 -29.69430
 61.78110 -29.67330
 61.75080 -29.63610
 61.71780 -29.56500
2781 116 61.71638 63.87472 -31.58196 -28.35334 'Pohjois-Karjala (Finland)'
 62.64670 -28.65640
 62.72280 -28.64500
 62.79140 -28.75310
 62.80640 -28.84170
 62.77970 -28.90560
 62.76920 -28.93990
 62.84070 -29.09680
 62.84940 -29.07810
 62.93080 -28.94190
 62.93360 -28.98690
 62.97850 -29.06760
 63.00070 -29.04060
 63.01420 -28.98970
 63.02360 -28.94690
 63.02860 -28.92580
 63.05670 -28.85530
 63.07750 -28.83420
 63.13030 -28.76280
 63.17620 -28.69420
 63.19080 -28.64720
 63.30470 -28.73500
 63.38030 -28.75390
 63.40400 -28.69490
 63.41720 -28.66170
 63.52890 -28.60560
 63.57780 -28.60060
 63.66220 -28.58970
 63.73110 -28.39690
 63.74640 -28.35330
 63.86600 -28.46070
 63.87470 -28.49720
 63.86050 -28.63060
 63.84330 -28.77560
 63.83250 -28.90530
 63.84330 -29.26920
 63.85220 -29.38830
 63.86000 -29.47400
 63.86690 -29.55720
 63.86970 -29.60080
 63.87250 -29.65500
 63.87110 -29.67940
 63.74110 -29.71860
 63.72560 -29.73560
 63.70020 -29.77310
 63.74330 -29.87190
 63.74560 -29.89530
 63.74830 -29.93970
 63.74800 -29.99670
 63.73530 -29.99900
 63.61280 -30.20640
 63.59330 -30.24560
 63.57250 -30.30890
 63.56000 -30.35750
 63.54800 -30.39540
 63.50360 -30.45720
 63.48100 -30.47840
 63.43970 -30.64890
 63.42440 -30.71470
 63.35360 -30.91220
 63.23830 -31.18640
 63.22310 -31.21970
 63.20450 -31.24260
 63.06920 -31.38310
 62.98260 -31.51960
 62.90790 -31.58200
 62.85330 -31.52170
 62.83550 -31.50140
 62.81260 -31.47400
 62.75890 -31.43000
 62.61530 -31.32190
 62.59810 -31.31060
 62.56420 -31.29420
 62.53610 -31.28030
 62.50830 -31.25820
 62.41310 -31.08280
 62.33920 -30.96420
 62.27140 -30.83440
 62.25390 -30.79250
 62.21050 -30.70420
 62.16610 -30.63250
 62.01670 -30.39610
 61.95610 -30.30060
 61.89050 -30.20390
 61.85630 -30.15510
 61.84700 -30.14220
 61.85370 -30.12010
 61.84080 -30.06530
 61.83010 -30.02920
 61.80310 -29.92280
 61.79250 -29.88060
 61.72890 -29.62580
 61.71640 -29.57060
 61.71780 -29.56500
 61.75080 -29.63610
 61.78110 -29.67330
 61.81980 -29.69430
 61.96760 -29.66460
 61.99970 -29.59720
 62.01060 -29.57110
 62.03990 -29.49300
 62.06920 -29.46220
 62.19310 -29.40830
 62.32650 -29.30930
 62.37860 -29.29830
 62.39940 -29.26670
 62.40560 -29.22600
 62.39310 -29.20420
 62.37720 -29.16890
 62.38000 -29.12610
 62.38890 -29.10570
 62.42260 -29.08640
 62.46970 -29.10860
 62.56640 -28.94530
 62.63140 -28.79140
 62.63970 -28.68360
 62.64670 -28.65640
2782 159 60.09195 62.33015 -23.78583 -21.29960 'Turku Ja Pori (Finland)'
 61.94180 -21.29960
 61.95970 -21.36860
 62.00720 -21.43670
 62.02100 -21.52350
 62.01750 -21.71560
 61.98970 -21.89330
 61.97720 -21.97610
 62.02750 -22.10780
 62.06920 -22.16330
 62.08860 -22.18310
 62.10030 -22.20140
 62.09970 -22.29030
 62.10110 -22.32060
 62.20970 -22.50280
 62.30680 -22.59280
 62.29750 -22.63920
 62.28470 -22.69030
 62.27060 -22.73920
 62.26470 -22.90440
 62.32390 -23.19110
 62.33010 -23.21210
 62.32310 -23.22850
 62.26440 -23.31310
 62.22170 -23.37250
 62.16670 -23.41480
 62.15860 -23.38250
 62.09970 -23.29440
 62.07830 -23.29420
 61.95220 -23.30970
 61.93360 -23.34890
 61.89080 -23.46080
 61.85010 -23.58960
 61.82080 -23.59310
 61.72600 -23.52580
 61.68050 -23.48680
 61.61420 -23.48420
 61.58370 -23.48970
 61.51640 -23.38280
 61.51600 -23.24950
 61.51920 -23.21890
 61.52080 -23.18440
 61.42300 -23.17140
 61.35810 -23.22750
 61.29080 -23.28310
 61.26750 -23.28640
 61.17170 -23.28280
 61.15190 -23.33110
 61.12750 -23.37920
 61.11170 -23.30530
 61.10860 -23.27470
 61.08140 -23.25140
 61.00280 -23.26640
 60.92780 -23.29420
 60.88560 -23.25610
 60.88690 -23.18750
 60.88940 -23.15860
 60.88150 -23.13900
 60.85190 -23.13250
 60.76780 -23.15190
 60.68110 -23.21420
 60.62330 -23.25010
 60.60580 -23.23530
 60.58390 -23.21440
 60.54560 -23.38170
 60.50920 -23.51810
 60.46810 -23.63860
 60.49180 -23.71570
 60.48580 -23.73080
 60.47190 -23.71250
 60.44550 -23.68920
 60.44280 -23.77920
 60.41860 -23.78580
 60.38250 -23.78000
 60.30780 -23.72470
 60.19670 -23.58170
 60.17170 -23.46830
 60.15100 -23.35370
 60.16330 -23.31780
 60.15550 -23.27190
 60.14580 -23.25250
 60.09860 -23.14040
 60.09190 -23.08440
 60.09250 -23.06060
 60.10120 -23.01730
 60.11870 -23.04280
 60.12860 -23.02510
 60.11190 -22.96750
 60.12640 -22.90610
 60.14560 -22.87440
 60.17920 -22.86970
 60.21580 -22.90430
 60.23100 -22.92680
 60.25030 -22.96780
 60.28220 -23.01720
 60.34520 -23.08470
 60.35320 -23.06140
 60.30420 -22.91920
 60.25850 -22.80110
 60.24420 -22.76060
 60.23740 -22.73460
 60.22920 -22.69920
 60.22220 -22.66280
 60.21190 -22.56550
 60.24240 -22.44930
 60.26390 -22.46280
 60.28320 -22.48420
 60.31250 -22.53610
 60.38040 -22.62660
 60.39190 -22.48360
 60.38580 -22.27690
 60.39800 -22.25920
 60.40830 -22.23670
 60.43140 -22.17580
 60.44890 -22.11470
 60.44390 -22.08360
 60.46530 -22.01440
 60.48810 -21.97110
 60.51650 -21.94580
 60.52420 -21.86970
 60.51870 -21.84270
 60.47190 -21.86310
 60.48250 -21.80310
 60.56510 -21.80180
 60.58850 -21.82970
 60.61920 -21.82440
 60.60140 -21.77070
 60.55250 -21.66420
 60.50940 -21.58810
 60.56250 -21.57690
 60.56960 -21.55150
 60.57440 -21.51050
 60.56740 -21.48170
 60.56250 -21.45280
 60.57930 -21.42420
 60.65360 -21.35860
 60.67930 -21.35700
 60.68640 -21.38610
 60.75560 -21.39250
 60.81500 -21.35560
 60.86530 -21.32830
 60.94080 -21.38780
 61.03050 -21.40560
 61.16720 -21.44440
 61.23550 -21.49390
 61.27640 -21.54440
 61.30940 -21.55440
 61.44720 -21.53060
 61.51270 -21.51180
 61.55650 -21.46890
 61.57350 -21.49830
 61.54470 -21.60330
 61.54030 -21.66390
 61.60170 -21.60140
 61.65330 -21.53530
 61.76100 -21.47240
 61.80040 -21.48870
 61.89050 -21.41060
 61.92940 -21.36330
 61.94180 -21.29960
2783 24 59.98333 60.22722 -22.84764 -22.41527 'Turku Ja Pori (Finland)'
 59.98330 -22.60110
 60.00250 -22.60080
 60.02750 -22.57250
 60.00460 -22.52500
 60.00170 -22.51170
 59.99850 -22.47110
 60.07210 -22.47110
 60.10830 -22.42420
 60.15220 -22.41530
 60.19440 -22.43030
 60.21580 -22.44670
 60.22140 -22.45750
 60.21640 -22.47310
 60.20250 -22.58780
 60.21080 -22.64530
 60.22000 -22.73250
 60.22720 -22.82440
 60.19390 -22.83500
 60.12210 -22.84760
 60.09370 -22.83750
 60.00240 -22.73140
 59.99970 -22.67920
 60.00470 -22.63330
 59.98330 -22.60110
2784 17 60.32361 60.46777 -21.99833 -21.78472 'Turku Ja Pori (Finland)'
 60.32360 -21.97220
 60.32470 -21.95970
 60.32690 -21.94640
 60.33530 -21.89940
 60.35810 -21.81890
 60.37060 -21.79320
 60.37690 -21.78530
 60.38780 -21.78470
 60.46250 -21.80620
 60.46780 -21.81610
 60.46640 -21.82670
 60.44440 -21.89640
 60.41670 -21.93330
 60.35890 -21.99670
 60.33440 -21.99830
 60.32420 -21.98280
 60.32360 -21.97220
2785 23 60.24166 60.30916 -22.34166 -22.07215 'Turku Ja Pori (Finland)'
 60.24170 -22.21330
 60.26970 -22.21890
 60.27250 -22.20920
 60.27940 -22.14310
 60.27100 -22.18000
 60.26150 -22.17330
 60.25610 -22.15110
 60.25580 -22.12920
 60.26560 -22.07210
 60.29200 -22.07250
 60.30780 -22.09610
 60.30920 -22.20580
 60.30890 -22.21720
 60.30640 -22.24190
 60.29330 -22.31810
 60.28570 -22.34170
 60.26540 -22.33330
 60.26190 -22.32030
 60.26500 -22.31060
 60.26690 -22.29720
 60.26610 -22.28150
 60.25120 -22.23080
 60.24170 -22.21330
2786 14 60.10999 60.19166 -21.88500 -21.69930 'Turku Ja Pori (Finland)'
 60.11000 -21.73920
 60.11030 -21.72780
 60.11420 -21.69930
 60.16690 -21.70440
 60.18110 -21.71220
 60.18640 -21.72330
 60.19080 -21.82720
 60.19170 -21.85640
 60.18470 -21.87280
 60.17430 -21.88500
 60.15500 -21.86470
 60.11890 -21.78500
 60.11140 -21.74890
 60.11000 -21.73920
2787 173 59.80680 60.92805 -26.54609 -22.90027 'Uusimaa (Finland)'
 59.98720 -24.42110
 60.02720 -24.42140
 60.06930 -24.36080
 60.07190 -24.33310
 60.06530 -24.28790
 60.03940 -24.21690
 60.01530 -24.07420
 59.96190 -23.79720
 59.95440 -23.70190
 59.95210 -23.62320
 59.97070 -23.56140
 59.96850 -23.50980
 59.95380 -23.43160
 59.99670 -23.47940
 60.01920 -23.52190
 60.02820 -23.54000
 60.06760 -23.53750
 60.05830 -23.49390
 59.94220 -23.36580
 59.83790 -23.24930
 59.82780 -23.19390
 59.80680 -22.90030
 59.84060 -22.93470
 59.87920 -23.08690
 59.88440 -23.11500
 59.88490 -23.16080
 59.91940 -23.25720
 59.95860 -23.29670
 60.00000 -23.32560
 60.02400 -23.33570
 60.01770 -23.31420
 60.00000 -23.29700
 59.97940 -23.28030
 59.94530 -23.25050
 59.92900 -23.22750
 59.92570 -23.10920
 59.97030 -23.11110
 59.98530 -23.16690
 59.99330 -23.20250
 60.00170 -23.22160
 60.03710 -23.25490
 60.04780 -23.19190
 60.04610 -23.14670
 60.04420 -23.12640
 60.03790 -23.10560
 60.03180 -23.07890
 60.03610 -23.04940
 60.05740 -22.99120
 60.08620 -22.99810
 60.10120 -23.01730
 60.09250 -23.06060
 60.09190 -23.08440
 60.09860 -23.14040
 60.14580 -23.25250
 60.15550 -23.27190
 60.16330 -23.31780
 60.15100 -23.35370
 60.17170 -23.46830
 60.19670 -23.58170
 60.30780 -23.72470
 60.38250 -23.78000
 60.41860 -23.78580
 60.44280 -23.77920
 60.44550 -23.68920
 60.47190 -23.71250
 60.48580 -23.73080
 60.48860 -23.83360
 60.50250 -23.86140
 60.59540 -23.90820
 60.61560 -23.86080
 60.64440 -23.89030
 60.64940 -23.91060
 60.63690 -24.01780
 60.60970 -24.24000
 60.60280 -24.34750
 60.59970 -24.37530
 60.57780 -24.40810
 60.54720 -24.42920
 60.54640 -24.45060
 60.55220 -24.54030
 60.55890 -24.56070
 60.58640 -24.57420
 60.63030 -24.57310
 60.66140 -24.62110
 60.65250 -24.66580
 60.64420 -24.69470
 60.64360 -24.74420
 60.65390 -24.84310
 60.67780 -25.01920
 60.71780 -25.19630
 60.72860 -25.14110
 60.72860 -25.11310
 60.71280 -25.07920
 60.80220 -25.11080
 60.81170 -25.14420
 60.81360 -25.18890
 60.80080 -25.22460
 60.78810 -25.24610
 60.75420 -25.32830
 60.74920 -25.39250
 60.79960 -25.44940
 60.83190 -25.42530
 60.85920 -25.45140
 60.86890 -25.48500
 60.90830 -25.68330
 60.92810 -25.73080
 60.91620 -25.78570
 60.89360 -25.82330
 60.88500 -25.92110
 60.91080 -25.95310
 60.89940 -26.02940
 60.89470 -26.05140
 60.88720 -26.11140
 60.90280 -26.14360
 60.89310 -26.13420
 60.85860 -26.10440
 60.83460 -26.08920
 60.82570 -26.11920
 60.81970 -26.16250
 60.79750 -26.20940
 60.72560 -26.30560
 60.67190 -26.34170
 60.65530 -26.35560
 60.65110 -26.38830
 60.64640 -26.43180
 60.63300 -26.46390
 60.59080 -26.54120
 60.58190 -26.54610
 60.56530 -26.52690
 60.49680 -26.45640
 60.45820 -26.46940
 60.42760 -26.47320
 60.39170 -26.41650
 60.39390 -26.14610
 60.42280 -26.05510
 60.31980 -26.10510
 60.29400 -26.07870
 60.30570 -26.04170
 60.34470 -25.99610
 60.38970 -25.88890
 60.39850 -25.83820
 60.38290 -25.87100
 60.35690 -25.91310
 60.24370 -25.92170
 60.24460 -25.88720
 60.27170 -25.87190
 60.30400 -25.74600
 60.26790 -25.79400
 60.26900 -25.83630
 60.23360 -25.77490
 60.24810 -25.72060
 60.27530 -25.67420
 60.29520 -25.65120
 60.33650 -25.65510
 60.34860 -25.68950
 60.36120 -25.65750
 60.32890 -25.57610
 60.31110 -25.54530
 60.24710 -25.48420
 60.25580 -25.36780
 60.24100 -25.19650
 60.22080 -25.15010
 60.20860 -25.19470
 60.18430 -25.19170
 60.15610 -25.06580
 60.13610 -24.95420
 60.13670 -24.85080
 60.13690 -24.75110
 60.12190 -24.60330
 60.09250 -24.60850
 60.05490 -24.58930
 59.99040 -24.47250
 59.98720 -24.42110
2788 19 59.89722 59.97347 -23.07111 -22.80389 'Uusimaa (Finland)'
 59.89720 -23.04060
 59.90000 -23.01810
 59.90220 -22.94580
 59.89860 -22.92780
 59.89830 -22.91750
 59.90360 -22.88120
 59.91940 -22.84750
 59.95120 -22.80390
 59.97000 -22.81190
 59.97350 -22.82710
 59.96390 -22.83030
 59.95490 -22.83830
 59.95670 -22.94030
 59.95860 -22.98190
 59.96050 -23.00190
 59.95860 -23.05420
 59.94940 -23.07110
 59.90100 -23.05310
 59.89720 -23.04060
2789 15 59.90084 59.96027 -23.72638 -23.37042 'Uusimaa (Finland)'
 59.90080 -23.40220
 59.90140 -23.39110
 59.90470 -23.37670
 59.91420 -23.37040
 59.92580 -23.38390
 59.95920 -23.52310
 59.96030 -23.53830
 59.95970 -23.54940
 59.93130 -23.72640
 59.92720 -23.70580
 59.92080 -23.64940
 59.92560 -23.61640
 59.92390 -23.59670
 59.91560 -23.50720
 59.90080 -23.40220
