9 102 -54.89028 -53.98973 35.79396 38.02375 'South Georgia & the South Sandwich Is. (South Georgia & the South Sandwich Is.)'
 -54.35060 36.99140
 -54.34860 36.99970
 -54.33000 37.05940
 -54.31880 37.08380
 -54.29390 37.08220
 -54.26140 37.14610
 -54.24740 37.24180
 -54.25880 37.26630
 -54.27190 37.36580
 -54.26490 37.40830
 -54.18500 37.40350
 -54.17560 37.36720
 -54.17360 37.33560
 -54.15230 37.25210
 -54.12940 37.48990
 -54.14610 37.56120
 -54.16250 37.52940
 -54.17060 37.56220
 -54.17530 37.58940
 -54.18170 37.65040
 -54.17530 37.68530
 -54.14060 37.71920
 -54.09420 37.71760
 -54.07470 37.67640
 -54.07220 37.65380
 -54.04610 37.61980
 -54.03500 37.69220
 -54.04720 37.89780
 -54.05470 38.02260
 -54.00740 38.02380
 -53.99220 37.93360
 -53.98970 37.91030
 -53.99500 37.74720
 -54.01060 37.49500
 -54.03610 37.46140
 -54.04810 37.37390
 -54.05030 37.27030
 -54.03140 37.16280
 -54.05610 37.02780
 -54.08830 36.80940
 -54.10780 36.65640
 -54.12070 36.62380
 -54.20890 36.58420
 -54.24410 36.66760
 -54.27510 36.66260
 -54.28360 36.62670
 -54.26610 36.60400
 -54.24560 36.55680
 -54.23450 36.51710
 -54.23890 36.47890
 -54.26510 36.47260
 -54.32750 36.45610
 -54.35500 36.37000
 -54.35230 36.33670
 -54.29310 36.36210
 -54.27830 36.38370
 -54.24920 36.39480
 -54.26580 36.29020
 -54.28670 36.25720
 -54.33780 36.22920
 -54.36850 36.25610
 -54.44470 36.16000
 -54.54960 36.09680
 -54.57150 36.06390
 -54.57890 35.97970
 -54.62310 35.93470
 -54.70060 35.93390
 -54.71510 35.91740
 -54.74310 35.85670
 -54.75080 35.82810
 -54.76020 35.79400
 -54.79280 35.82780
 -54.81350 35.91420
 -54.81110 35.95940
 -54.80920 35.97970
 -54.80080 36.00070
 -54.78780 36.02530
 -54.77890 36.04580
 -54.76810 36.07470
 -54.76990 36.09530
 -54.81720 36.02110
 -54.83060 35.98970
 -54.83170 35.96430
 -54.85040 35.92360
 -54.86940 35.96140
 -54.89030 36.07640
 -54.88920 36.10470
 -54.86890 36.13150
 -54.80920 36.19920
 -54.73330 36.29750
 -54.71310 36.30250
 -54.68700 36.31720
 -54.52890 36.46860
 -54.49710 36.52590
 -54.49990 36.58220
 -54.49110 36.65560
 -54.47030 36.73690
 -54.44540 36.80980
 -54.41120 36.80110
 -54.34650 36.86490
 -54.33790 36.92530
 -54.35060 36.99140
10 19 -58.49861 -58.38251 26.24139 26.45820 'South Georgia & the South Sandwich Is. (South Georgia & the South Sandwich Is.)'
 -58.49860 26.24890
 -58.48810 26.26420
 -58.47860 26.29100
 -58.46310 26.37170
 -58.45970 26.38970
 -58.45940 26.40650
 -58.45670 26.42000
 -58.43070 26.45820
 -58.38920 26.43360
 -58.38360 26.41670
 -58.38250 26.40390
 -58.38280 26.39310
 -58.38640 26.31780
 -58.38810 26.29150
 -58.39420 26.26570
 -58.40440 26.24670
 -58.47170 26.24140
 -58.49470 26.24360
 -58.49860 26.24890
