754 140 10.30844 12.19750 68.24251 71.28111 'Falcon (Venezuela)'
 11.29220 70.42140
 11.33170 70.32330
 11.35310 70.23920
 11.41830 70.14250
 11.43000 70.09560
 11.44130 70.03490
 11.49140 70.02390
 11.51780 70.04780
 11.51470 69.98760
 11.43620 69.89770
 11.42650 69.87400
 11.42460 69.83670
 11.42720 69.80140
 11.49920 69.74240
 11.60940 69.77610
 11.63530 69.78780
 11.69100 69.81650
 11.68960 69.85740
 11.65030 70.00470
 11.60360 70.18000
 11.60920 70.21400
 11.62890 70.23600
 11.65510 70.22650
 11.77530 70.24390
 11.86170 70.29400
 11.89940 70.29380
 11.92030 70.28670
 11.98920 70.25810
 12.08030 70.20640
 12.10780 70.18750
 12.17360 70.06810
 12.19750 70.01430
 12.16970 69.93470
 12.14000 69.90570
 12.07190 69.85950
 12.03280 69.84060
 11.98810 69.82380
 11.91610 69.81660
 11.88110 69.81890
 11.85100 69.81690
 11.79420 69.80420
 11.69610 69.77080
 11.66140 69.75780
 11.57030 69.71920
 11.54890 69.70610
 11.51110 69.67470
 11.46760 69.63180
 11.45920 69.60850
 11.46410 69.57950
 11.48690 69.55560
 11.50350 69.52890
 11.50690 69.50700
 11.49810 69.44470
 11.48760 69.41270
 11.49330 69.36020
 11.51260 69.32760
 11.53400 69.27490
 11.48640 69.10600
 11.45170 68.95390
 11.44710 68.84370
 11.34990 68.66040
 11.29060 68.60200
 11.27180 68.55350
 11.26140 68.53200
 11.18000 68.41830
 11.15810 68.39860
 11.04500 68.33330
 10.87440 68.24250
 10.85670 68.25200
 10.85500 68.30510
 10.84360 68.32530
 10.81600 68.33260
 10.76750 68.32810
 10.64390 68.28060
 10.58890 68.25360
 10.59080 68.27250
 10.60720 68.51640
 10.61830 68.59970
 10.63220 68.65250
 10.73030 68.65880
 10.73220 68.77450
 10.69640 68.80210
 10.67810 68.82040
 10.65950 68.88550
 10.68250 68.89650
 10.69740 68.92440
 10.69550 68.95850
 10.67610 69.09110
 10.71360 69.42110
 10.73940 69.52530
 10.76610 69.65460
 10.75640 69.67650
 10.73500 69.70710
 10.72220 69.73220
 10.69990 69.78280
 10.67530 69.98310
 10.65540 70.14580
 10.56310 70.33110
 10.47060 70.44780
 10.35550 70.54130
 10.33500 70.56850
 10.32940 70.59000
 10.32030 70.65070
 10.31310 70.67310
 10.30840 70.70420
 10.32130 70.74400
 10.34470 70.75350
 10.37350 70.74820
 10.41810 70.76150
 10.44250 70.77830
 10.46060 70.80280
 10.45960 70.84840
 10.45140 70.88750
 10.45560 70.95580
 10.52120 71.01830
 10.63030 71.08070
 10.69940 71.08810
 10.76170 71.08400
 10.86080 71.18950
 10.89350 71.23400
 10.93330 71.25950
 10.98920 71.28110
 10.99310 71.27110
 11.03220 71.17810
 11.08000 71.07390
 11.10320 71.03150
 11.11720 71.01450
 11.13330 70.98900
 11.16470 70.93390
 11.18610 70.89000
 11.20030 70.85580
 11.21140 70.82560
 11.23000 70.73700
 11.23860 70.65500
 11.23620 70.62140
 11.24190 70.54680
 11.24820 70.50850
 11.26290 70.49210
 11.29000 70.44670
 11.29220 70.42140
942 225 6.08410 8.07528 66.32085 72.39776 'Apure (Venezuela)'
 6.19305 67.45450
 6.19445 67.47260
 6.20542 67.49630
 6.24305 67.53450
 6.26250 67.56360
 6.28514 67.63530
 6.29305 67.69330
 6.30757 67.83120
 6.23819 67.91810
 6.21778 67.95750
 6.20722 67.99790
 6.20555 68.03530
 6.21334 68.06610
 6.22153 68.10360
 6.22361 68.13220
 6.22277 68.15520
 6.21084 68.19420
 6.19889 68.22970
 6.17584 68.29530
 6.16805 68.31950
 6.17972 68.37430
 6.19181 68.41930
 6.19055 68.45390
 6.18639 68.47700
 6.16445 68.55000
 6.13548 68.63840
 6.14153 68.68610
 6.15701 68.71200
 6.16945 68.75360
 6.18639 68.82780
 6.21486 69.02580
 6.21611 69.05640
 6.20305 69.08790
 6.17916 69.11560
 6.14111 69.15330
 6.10042 69.19520
 6.08410 69.24170
 6.09097 69.27070
 6.12277 69.30070
 6.14861 69.31610
 6.14584 69.37130
 6.13084 69.40420
 6.11861 69.42950
 6.48666 69.72470
 6.97584 70.11920
 6.98250 70.15850
 6.97403 70.22180
 6.96084 70.24330
 6.94569 70.26230
 6.93847 70.29470
 6.94500 70.32360
 6.95250 70.34390
 6.96389 70.36080
 6.98305 70.38610
 7.01111 70.44170
 7.05834 70.55250
 7.09805 70.71970
 7.08750 70.81950
 7.08250 70.85750
 7.07507 70.88650
 7.04819 70.90820
 7.00834 70.97080
 6.99277 71.00530
 6.98445 71.02500
 6.96347 71.18130
 6.98743 71.26240
 7.02236 71.33250
 7.02334 71.46390
 7.02889 71.48810
 7.04500 71.55310
 7.05792 71.60140
 7.06055 71.64530
 7.04639 71.70200
 7.00313 71.80470
 6.98722 71.83280
 6.98653 71.87690
 7.00975 71.92680
 7.01625 71.99240
 7.06215 72.05380
 7.06242 72.06610
 7.10361 72.09250
 7.13834 72.11330
 7.17334 72.13290
 7.19861 72.14530
 7.26250 72.16460
 7.28945 72.16400
 7.32528 72.15470
 7.38945 72.26250
 7.39305 72.32390
 7.40643 72.39780
 7.44764 72.32250
 7.45139 72.30240
 7.44458 72.16880
 7.41951 72.14560
 7.37445 72.06950
 7.36861 72.04720
 7.36305 72.01750
 7.36764 71.98290
 7.41722 71.87820
 7.44695 71.85610
 7.49055 71.83980
 7.49569 71.83040
 7.48500 71.75210
 7.46778 71.74110
 7.44958 71.72560
 7.43916 71.70830
 7.43416 71.68470
 7.42834 71.65000
 7.43681 71.50750
 7.45903 71.48110
 7.46750 71.46250
 7.46555 71.32750
 7.44861 71.25280
 7.43750 71.22080
 7.38445 71.09250
 7.33861 70.99250
 7.31166 70.95030
 7.28695 70.89250
 7.28797 70.63850
 7.33166 70.54860
 7.45945 70.35360
 7.48701 70.32920
 7.54007 70.31250
 7.59298 70.29260
 7.60722 70.27170
 7.61201 70.22300
 7.59584 70.18760
 7.62334 70.14140
 7.64236 70.12570
 7.68819 70.10220
 7.72139 70.06610
 7.75097 70.01380
 7.80916 69.85720
 7.82916 69.78220
 7.83195 69.74450
 7.90000 69.63970
 7.94683 69.57590
 7.97445 69.54820
 7.99666 69.53630
 8.01445 69.51890
 8.06132 69.45240
 8.07250 69.41560
 8.07528 69.20330
 8.07097 69.18330
 7.99195 69.03080
 7.93181 68.93950
 7.90916 68.88310
 7.90250 68.81200
 7.90500 68.78780
 7.91472 68.72570
 7.92278 68.70610
 7.94722 68.66890
 7.96778 68.63420
 7.96000 68.55330
 7.95695 68.43390
 7.95695 68.24580
 7.96361 68.22500
 7.98778 68.18530
 8.01355 68.13880
 8.04000 68.07220
 8.04736 68.04580
 8.05527 67.97280
 8.05486 67.94600
 8.01805 67.71420
 7.99834 67.60600
 7.95595 67.54230
 7.91764 67.54000
 7.90471 67.49920
 7.90276 67.47980
 7.89361 67.44060
 7.85403 67.32170
 7.83695 67.30500
 7.79781 67.23700
 7.79055 67.21610
 7.77472 67.15530
 7.77027 67.13110
 7.77055 67.11110
 7.77361 67.02530
 7.76639 66.86890
 7.74764 66.75890
 7.76653 66.72320
 7.81625 66.52380
 7.78445 66.49420
 7.74972 66.46470
 7.72334 66.39470
 7.73125 66.37060
 7.73195 66.35040
 7.69945 66.32080
 7.65445 66.32170
 7.65334 66.32750
 7.64500 66.34640
 7.59271 66.45110
 7.56986 66.46780
 7.42805 66.52420
 7.30889 66.64810
 7.31042 66.67350
 7.30334 66.70700
 7.26584 66.80650
 7.19445 66.98220
 7.15972 67.06110
 7.12542 67.10570
 7.09445 67.11670
 7.06527 67.11940
 7.03660 67.11630
 7.03055 67.09420
 7.00472 67.07000
 6.92945 67.03640
 6.90125 67.02740
 6.81278 67.04000
 6.77187 67.05360
 6.74416 67.08930
 6.72708 67.10330
 6.68576 67.11650
 6.65708 67.11990
 6.56445 67.12750
 6.46174 67.14740
 6.43278 67.16850
 6.40750 67.20860
 6.39945 67.23450
 6.33195 67.29810
 6.30972 67.31060
 6.28389 67.32990
 6.26584 67.37670
 6.23403 67.43040
 6.19305 67.45450
943 159 7.28695 9.02326 67.53723 71.84848 'Barinas (Venezuela)'
 8.95536 70.53470
 8.98389 70.51280
 9.00347 70.48690
 9.02326 70.42470
 9.01819 70.39290
 9.01222 70.34950
 9.00861 70.21780
 9.00777 70.18250
 8.96666 70.12560
 8.95166 70.10580
 8.89764 70.04570
 8.85815 70.01980
 8.79222 69.91530
 8.76334 69.84970
 8.75083 69.82000
 8.72361 69.71710
 8.72445 69.69700
 8.73520 69.60280
 8.66847 69.46970
 8.66195 69.44790
 8.65333 69.38220
 8.64986 69.34030
 8.60111 69.26970
 8.53500 69.20010
 8.50528 69.17830
 8.40597 69.12850
 8.38458 69.13850
 8.35527 69.13680
 8.29445 69.08060
 8.11695 68.87000
 8.11305 68.84200
 8.13625 68.81710
 8.19309 68.82820
 8.24125 68.82010
 8.28361 68.80640
 8.33208 68.78180
 8.36403 68.73270
 8.37416 68.71180
 8.39486 68.67420
 8.40833 68.65680
 8.43445 68.63750
 8.49472 68.60580
 8.52472 68.59390
 8.56014 68.58390
 8.61264 68.57350
 8.63527 68.57360
 8.63222 68.56920
 8.61666 68.51780
 8.61000 68.48900
 8.60027 68.32750
 8.60139 68.26220
 8.60778 68.20030
 8.61000 68.17860
 8.60708 68.14950
 8.57375 68.05280
 8.53277 68.02440
 8.48139 67.99060
 8.28666 67.81640
 8.24361 67.73920
 8.23555 67.71250
 8.21326 67.68440
 7.98639 67.53720
 7.95595 67.54230
 7.99834 67.60600
 8.01805 67.71420
 8.05486 67.94600
 8.05527 67.97280
 8.04736 68.04580
 8.04000 68.07220
 8.01355 68.13880
 7.98778 68.18530
 7.96361 68.22500
 7.95695 68.24580
 7.95695 68.43390
 7.96000 68.55330
 7.96778 68.63420
 7.94722 68.66890
 7.92278 68.70610
 7.91472 68.72570
 7.90500 68.78780
 7.90250 68.81200
 7.90916 68.88310
 7.93181 68.93950
 7.99195 69.03080
 8.07097 69.18330
 8.07528 69.20330
 8.07250 69.41560
 8.06132 69.45240
 8.01445 69.51890
 7.99666 69.53630
 7.97445 69.54820
 7.94683 69.57590
 7.90000 69.63970
 7.83195 69.74450
 7.82916 69.78220
 7.80916 69.85720
 7.75097 70.01380
 7.72139 70.06610
 7.68819 70.10220
 7.64236 70.12570
 7.62334 70.14140
 7.59584 70.18760
 7.61201 70.22300
 7.60722 70.27170
 7.59298 70.29260
 7.54007 70.31250
 7.48701 70.32920
 7.45945 70.35360
 7.33166 70.54860
 7.28797 70.63850
 7.28695 70.89250
 7.31166 70.95030
 7.33861 70.99250
 7.38445 71.09250
 7.43750 71.22080
 7.44861 71.25280
 7.46555 71.32750
 7.46750 71.46250
 7.45903 71.48110
 7.43681 71.50750
 7.42834 71.65000
 7.43416 71.68470
 7.43916 71.70830
 7.44958 71.72560
 7.46778 71.74110
 7.48500 71.75210
 7.49569 71.83040
 7.49055 71.83980
 7.51278 71.84850
 7.53377 71.84170
 7.54472 71.80140
 7.54889 71.70450
 7.52000 71.52860
 7.49250 71.39420
 7.53916 71.38310
 7.62361 71.49690
 7.68445 71.48350
 7.69569 71.45750
 7.71500 71.44960
 7.74514 71.46420
 7.77334 71.45950
 7.81055 71.42040
 7.88084 71.32310
 7.91695 71.26310
 7.93305 71.23750
 8.05583 71.09750
 8.11139 71.05560
 8.20935 71.00810
 8.27743 71.03130
 8.29826 71.05560
 8.32750 71.07280
 8.35347 71.07720
 8.38597 71.07680
 8.60166 70.96240
 8.78645 70.75340
 8.80195 70.70250
 8.84389 70.64000
 8.91695 70.56080
 8.95536 70.53470
944 71 7.68445 9.20889 70.53470 71.94496 'Merida (Venezuela)'
 8.95536 70.53470
 8.91695 70.56080
 8.84389 70.64000
 8.80195 70.70250
 8.78645 70.75340
 8.60166 70.96240
 8.38597 71.07680
 8.35347 71.07720
 8.32750 71.07280
 8.29826 71.05560
 8.27743 71.03130
 8.20935 71.00810
 8.11139 71.05560
 8.05583 71.09750
 7.93305 71.23750
 7.91695 71.26310
 7.88084 71.32310
 7.81055 71.42040
 7.77334 71.45950
 7.74514 71.46420
 7.71500 71.44960
 7.69569 71.45750
 7.68445 71.48350
 7.72527 71.49640
 7.81278 71.50920
 7.90361 71.50720
 7.96250 71.50310
 7.98500 71.49710
 8.00805 71.51190
 8.05771 71.59140
 8.06416 71.67920
 8.18118 71.89810
 8.23084 71.88860
 8.38361 71.82780
 8.47139 71.77080
 8.49250 71.77290
 8.58215 71.81010
 8.59555 71.84040
 8.59695 71.87450
 8.60403 71.92580
 8.61151 71.94500
 8.62277 71.93580
 8.67368 71.84920
 8.72695 71.67250
 8.85000 71.50500
 8.96280 71.34490
 8.94292 71.33360
 8.92639 71.31900
 9.06743 71.09940
 9.09375 71.11600
 9.12486 71.15760
 9.13805 71.19190
 9.16834 71.22280
 9.17420 71.22510
 9.20889 71.21420
 9.19472 71.20250
 9.17569 71.18010
 9.16375 71.14650
 9.15583 71.10690
 9.13048 71.06790
 9.10139 71.04510
 9.12527 70.99810
 9.19041 70.89060
 9.13292 70.86670
 8.98277 70.68810
 8.98958 70.65720
 9.01334 70.62900
 9.03069 70.60830
 9.03979 70.57740
 9.00542 70.54080
 8.95536 70.53470
945 65 7.36305 8.61151 71.38305 72.47348 'Tachira (Venezuela)'
 7.40643 72.39780
 7.40722 72.40170
 7.42055 72.41930
 7.49798 72.47240
 7.65625 72.47350
 7.92055 72.45970
 8.04756 72.38940
 8.04771 72.34580
 8.06181 72.32860
 8.08903 72.32500
 8.15195 72.33670
 8.33695 72.37610
 8.36945 72.38820
 8.38416 72.40170
 8.38593 72.40530
 8.41708 72.40110
 8.43945 72.38560
 8.49222 72.34560
 8.52407 72.31480
 8.53945 72.28550
 8.53500 72.25540
 8.43611 72.24080
 8.42972 72.18700
 8.48569 72.03940
 8.53916 71.98750
 8.56027 71.97390
 8.61151 71.94500
 8.60403 71.92580
 8.59695 71.87450
 8.59555 71.84040
 8.58215 71.81010
 8.49250 71.77290
 8.47139 71.77080
 8.38361 71.82780
 8.23084 71.88860
 8.18118 71.89810
 8.06416 71.67920
 8.05771 71.59140
 8.00805 71.51190
 7.98500 71.49710
 7.96250 71.50310
 7.90361 71.50720
 7.81278 71.50920
 7.72527 71.49640
 7.68445 71.48350
 7.62361 71.49690
 7.53916 71.38310
 7.49250 71.39420
 7.52000 71.52860
 7.54889 71.70450
 7.54472 71.80140
 7.53377 71.84170
 7.51278 71.84850
 7.49055 71.83980
 7.44695 71.85610
 7.41722 71.87820
 7.36764 71.98290
 7.36305 72.01750
 7.36861 72.04720
 7.37445 72.06950
 7.41951 72.14560
 7.44458 72.16880
 7.45139 72.30240
 7.44764 72.32250
 7.40643 72.39780
946 58 8.95536 10.03222 70.01043 71.08917 'Trujillo (Venezuela)'
 9.00777 70.18250
 9.00861 70.21780
 9.01222 70.34950
 9.01819 70.39290
 9.02326 70.42470
 9.00347 70.48690
 8.98389 70.51280
 8.95536 70.53470
 9.00542 70.54080
 9.03979 70.57740
 9.03069 70.60830
 9.01334 70.62900
 8.98958 70.65720
 8.98277 70.68810
 9.13292 70.86670
 9.19041 70.89060
 9.27069 70.90440
 9.34166 71.02670
 9.35445 71.05560
 9.39027 71.07110
 9.53660 71.08920
 9.56666 71.08310
 9.61722 71.06110
 9.61305 71.02920
 9.59750 70.89000
 9.60424 70.84120
 9.64333 70.81450
 9.69000 70.78470
 9.76506 70.73330
 9.75271 70.70670
 9.84910 70.66590
 9.88430 70.68630
 9.92597 70.70310
 9.98472 70.68530
 10.00820 70.67060
 10.03220 70.63110
 10.01030 70.60780
 9.98195 70.59400
 9.88361 70.51480
 9.80111 70.26000
 9.84295 70.22320
 9.77319 70.08990
 9.71736 70.02790
 9.69027 70.01040
 9.66424 70.04260
 9.65695 70.08450
 9.62708 70.13060
 9.60069 70.13490
 9.57055 70.12780
 9.51334 70.11000
 9.49743 70.06810
 9.43040 70.03310
 9.36750 70.05530
 9.25305 70.05060
 9.21416 70.05200
 9.12972 70.06630
 9.02500 70.11360
 9.00777 70.18250
947 132 8.38593 11.85305 71.09938 73.37806 'Zulia (Venezuela)'
 11.85310 71.32470
 11.79920 71.34110
 11.75330 71.37860
 11.72390 71.44580
 11.71030 71.48060
 11.70720 71.50500
 11.70390 71.54140
 11.69080 71.63830
 11.67500 71.71220
 11.66240 71.76580
 11.64750 71.81640
 11.59470 71.95420
 11.54620 71.96920
 11.50640 71.96640
 11.46440 71.96080
 11.42180 71.95260
 11.39560 71.94490
 11.36310 71.93280
 11.30080 71.90610
 11.22940 71.86700
 11.18280 71.83780
 11.12860 71.79530
 11.03420 71.74080
 11.01370 71.76360
 10.83420 71.69110
 10.77750 71.66180
 10.74190 71.61750
 10.72780 71.59700
 10.71610 71.57790
 10.67470 71.58170
 10.47640 71.63000
 10.44250 71.64890
 10.42330 71.67780
 10.36970 71.75570
 10.34930 71.77320
 10.32180 71.79440
 10.25510 71.82510
 10.21890 71.84110
 10.12440 71.91130
 9.81819 72.12540
 9.73555 72.07790
 9.70777 72.04650
 9.66347 72.00810
 9.62334 71.97920
 9.60250 71.96580
 9.54305 71.94450
 9.49361 71.91080
 9.37569 71.73320
 9.34500 71.72360
 9.29597 71.73200
 9.22250 71.75200
 9.11833 71.75950
 9.10055 71.73420
 9.07792 71.71490
 9.06340 71.68920
 9.04305 71.62390
 9.04000 71.59830
 9.04084 71.55280
 9.05042 71.49720
 9.11055 71.31360
 9.12166 71.29060
 9.15542 71.24140
 9.17420 71.22510
 9.16834 71.22280
 9.13805 71.19190
 9.12486 71.15760
 9.09375 71.11600
 9.06743 71.09940
 8.92639 71.31900
 8.94292 71.33360
 8.96280 71.34490
 8.85000 71.50500
 8.72695 71.67250
 8.67368 71.84920
 8.62277 71.93580
 8.61151 71.94500
 8.56027 71.97390
 8.53916 71.98750
 8.48569 72.03940
 8.42972 72.18700
 8.43611 72.24080
 8.53500 72.25540
 8.53945 72.28550
 8.52407 72.31480
 8.49222 72.34560
 8.43945 72.38560
 8.41708 72.40110
 8.38593 72.40530
 8.38972 72.42310
 8.64111 72.66450
 8.91722 72.73700
 9.08027 72.77970
 9.11916 72.88560
 9.17805 72.96250
 9.20111 72.95830
 9.26083 72.98110
 9.30201 73.01000
 9.22389 73.14350
 9.19576 73.16560
 9.17111 73.22200
 9.16639 73.34560
 9.17139 73.37810
 9.22583 73.36390
 9.40847 73.24510
 9.56139 73.11750
 9.60945 73.08170
 9.76833 73.00470
 9.90493 72.98650
 10.00190 72.97750
 10.08210 72.95650
 10.11650 72.93890
 10.35060 72.91500
 10.42670 72.90850
 10.44440 72.90350
 10.55440 72.83670
 10.59060 72.81000
 10.77060 72.70470
 10.89640 72.63360
 11.03190 72.54000
 11.12280 72.49130
 11.13470 72.47210
 11.16350 72.34990
 11.16450 72.31760
 11.25000 72.20940
 11.49550 72.07270
 11.66620 71.96850
 11.70080 71.76970
 11.72190 71.72170
 11.75560 71.62640
 11.79560 71.46810
 11.81280 71.40330
 11.85310 71.32470
948 66 9.59750 10.98916 70.57765 71.54571 'Zulia (Venezuela)'
 9.61722 71.06110
 9.70361 71.05330
 9.85111 71.07340
 9.89479 71.09830
 9.95084 71.14780
 10.15010 71.26950
 10.17540 71.29260
 10.19280 71.31700
 10.28280 71.38560
 10.36940 71.43670
 10.46000 71.45860
 10.53330 71.52200
 10.56830 71.54570
 10.72690 71.52640
 10.79560 71.44670
 10.91640 71.45170
 10.96100 71.49290
 10.97960 71.43470
 10.98420 71.41200
 10.98330 71.38420
 10.97830 71.35390
 10.98920 71.28110
 10.93330 71.25950
 10.89350 71.23400
 10.86080 71.18950
 10.76170 71.08400
 10.69940 71.08810
 10.63030 71.08070
 10.52120 71.01830
 10.45560 70.95580
 10.45140 70.88750
 10.45960 70.84840
 10.46060 70.80280
 10.44250 70.77830
 10.41810 70.76150
 10.37350 70.74820
 10.34470 70.75350
 10.32130 70.74400
 10.30840 70.70420
 10.31310 70.67310
 10.32030 70.65070
 10.27690 70.66380
 10.25440 70.64710
 10.24920 70.62390
 10.24310 70.59110
 10.21890 70.57760
 10.18920 70.58080
 10.13510 70.59820
 10.09360 70.60080
 10.05400 70.59310
 10.02940 70.59500
 10.01030 70.60780
 10.03220 70.63110
 10.00820 70.67060
 9.98472 70.68530
 9.92597 70.70310
 9.88430 70.68630
 9.84910 70.66590
 9.75271 70.70670
 9.76506 70.73330
 9.69000 70.78470
 9.64333 70.81450
 9.60424 70.84120
 9.59750 70.89000
 9.61305 71.02920
 9.61722 71.06110
949 19 9.10139 9.35445 70.89061 71.21417 'Zulia (Venezuela)'
 9.20889 71.21420
 9.21972 71.20830
 9.27375 71.16540
 9.28681 71.14720
 9.29334 71.11780
 9.31250 71.07490
 9.33875 71.05600
 9.35445 71.05560
 9.34166 71.02670
 9.27069 70.90440
 9.19041 70.89060
 9.12527 70.99810
 9.10139 71.04510
 9.13048 71.06790
 9.15583 71.10690
 9.16375 71.14650
 9.17569 71.18010
 9.19472 71.20250
 9.20889 71.21420
950 80 8.53277 10.12681 67.74974 68.99057 'Cojedes (Venezuela)'
 8.63527 68.57360
 8.65611 68.60420
 8.75416 68.68860
 8.89639 68.64000
 9.21277 68.62780
 9.23368 68.68310
 9.26014 68.73880
 9.40563 68.88850
 9.43111 68.89530
 9.52639 68.90950
 9.66333 68.96750
 9.72222 68.99060
 9.78111 68.98310
 9.78575 68.98230
 9.79000 68.97940
 9.83861 68.97610
 9.85722 68.97780
 9.85208 68.86260
 9.90347 68.82100
 9.96778 68.74310
 10.00640 68.64310
 9.97174 68.58650
 9.95166 68.58250
 9.89458 68.53920
 9.89756 68.51170
 9.91111 68.48250
 9.92166 68.46530
 9.99008 68.37050
 10.02830 68.32280
 10.12680 68.24440
 10.06080 68.20940
 10.03720 68.24510
 10.01170 68.25390
 9.99264 68.24570
 9.96313 68.21660
 9.83639 67.99690
 9.83027 67.97220
 9.82201 67.93060
 9.81931 67.87040
 9.82472 67.81140
 9.82695 67.78890
 9.77222 67.77890
 9.73055 67.75920
 9.68777 67.74970
 9.64014 67.82040
 9.62542 67.85390
 9.63125 67.88710
 9.61174 67.92240
 9.53777 67.96140
 9.50569 67.93210
 9.46958 67.92060
 9.45000 67.91640
 9.38736 67.91570
 9.35736 67.92590
 9.24445 67.89780
 9.19236 67.87470
 9.17222 67.86810
 9.10445 67.85440
 9.07528 67.85430
 9.04389 67.86330
 9.01083 67.87750
 8.96097 67.90750
 8.93361 67.93890
 8.91750 67.96450
 8.82945 67.99560
 8.77277 68.00990
 8.73527 68.01570
 8.70611 68.00010
 8.55604 67.99580
 8.53277 68.02440
 8.57375 68.05280
 8.60708 68.14950
 8.61000 68.17860
 8.60778 68.20030
 8.60139 68.26220
 8.60027 68.32750
 8.61000 68.48900
 8.61666 68.51780
 8.63222 68.56920
 8.63527 68.57360
951 57 9.81931 10.58889 67.52480 68.42376 'Carabobo (Venezuela)'
 9.99008 68.37050
 10.00500 68.38970
 10.17470 68.42380
 10.23470 68.38390
 10.34140 68.39060
 10.37830 68.39780
 10.47680 68.39240
 10.50890 68.38580
 10.54470 68.36580
 10.55250 68.33810
 10.53930 68.31320
 10.55570 68.27720
 10.58890 68.25360
 10.51500 68.18600
 10.49890 68.16510
 10.48490 68.11420
 10.49310 68.07740
 10.49110 68.00220
 10.47440 67.89310
 10.46490 67.86800
 10.44360 67.87500
 10.37080 67.87260
 10.32060 67.81560
 10.32510 67.79570
 10.34300 67.76370
 10.33170 67.68640
 10.32110 67.66900
 10.29500 67.65040
 10.09430 67.65420
 10.01780 67.64360
 10.00100 67.55250
 9.95416 67.53470
 9.95139 67.53420
 9.92687 67.52480
 9.90445 67.53070
 9.84243 67.68900
 9.84993 67.70800
 9.88695 67.72860
 9.92750 67.76530
 9.93195 67.79400
 9.92000 67.81290
 9.89416 67.81420
 9.85958 67.80470
 9.82695 67.78890
 9.82472 67.81140
 9.81931 67.87040
 9.82201 67.93060
 9.83027 67.97220
 9.83639 67.99690
 9.96313 68.21660
 9.99264 68.24570
 10.01170 68.25390
 10.03720 68.24510
 10.06080 68.20940
 10.12680 68.24440
 10.02830 68.32280
 9.99008 68.37050
952 110 9.39583 10.76611 68.88417 70.66383 'Lara (Venezuela)'
 9.85722 68.97780
 9.83861 68.97610
 9.79000 68.97940
 9.78575 68.98230
 9.74889 69.01330
 9.71208 69.06210
 9.69458 69.11670
 9.68916 69.14890
 9.68584 69.17970
 9.69166 69.22190
 9.71084 69.25320
 9.73389 69.26790
 9.75875 69.26350
 9.84271 69.27680
 9.77195 69.33540
 9.74208 69.34380
 9.71361 69.35030
 9.69375 69.36260
 9.66277 69.40530
 9.65027 69.42720
 9.62277 69.48250
 9.60361 69.53860
 9.58333 69.60060
 9.57333 69.62110
 9.52625 69.61720
 9.42014 69.63220
 9.40111 69.67830
 9.39583 69.70390
 9.41965 69.87560
 9.46792 69.85500
 9.50777 69.82190
 9.53139 69.79720
 9.55910 69.79040
 9.56861 69.84140
 9.57542 69.93400
 9.51305 69.99310
 9.49292 70.01100
 9.43040 70.03310
 9.49743 70.06810
 9.51334 70.11000
 9.57055 70.12780
 9.60069 70.13490
 9.62708 70.13060
 9.65695 70.08450
 9.66424 70.04260
 9.69027 70.01040
 9.71736 70.02790
 9.77319 70.08990
 9.84295 70.22320
 9.80111 70.26000
 9.88361 70.51480
 9.98195 70.59400
 10.01030 70.60780
 10.02940 70.59500
 10.05400 70.59310
 10.09360 70.60080
 10.13510 70.59820
 10.18920 70.58080
 10.21890 70.57760
 10.24310 70.59110
 10.24920 70.62390
 10.25440 70.64710
 10.27690 70.66380
 10.32030 70.65070
 10.32940 70.59000
 10.33500 70.56850
 10.35550 70.54130
 10.47060 70.44780
 10.56310 70.33110
 10.65540 70.14580
 10.67530 69.98310
 10.69990 69.78280
 10.72220 69.73220
 10.73500 69.70710
 10.75640 69.67650
 10.76610 69.65460
 10.73940 69.52530
 10.71360 69.42110
 10.67610 69.09110
 10.69550 68.95850
 10.69740 68.92440
 10.68250 68.89650
 10.65950 68.88550
 10.65010 68.88420
 10.62080 68.88610
 10.60180 68.89510
 10.57290 68.92540
 10.55460 68.95700
 10.55420 68.98210
 10.55960 69.00150
 10.54880 69.02970
 10.46690 69.07170
 10.42250 69.06600
 10.39920 69.02860
 10.28950 69.01200
 10.24670 69.01700
 10.23000 69.04360
 10.16990 69.21520
 10.14510 69.23670
 10.11110 69.22830
 9.92805 69.13780
 9.87701 69.09800
 9.89805 69.07300
 9.93111 69.07260
 9.95555 69.07310
 9.97590 69.05880
 10.00660 68.96960
 9.94527 68.93360
 9.91805 68.93860
 9.85722 68.97780
953 92 8.11305 9.84271 68.57348 70.18251 'Portuguesa (Venezuela)'
 8.63527 68.57360
 8.61264 68.57350
 8.56014 68.58390
 8.52472 68.59390
 8.49472 68.60580
 8.43445 68.63750
 8.40833 68.65680
 8.39486 68.67420
 8.37416 68.71180
 8.36403 68.73270
 8.33208 68.78180
 8.28361 68.80640
 8.24125 68.82010
 8.19309 68.82820
 8.13625 68.81710
 8.11305 68.84200
 8.11695 68.87000
 8.29445 69.08060
 8.35527 69.13680
 8.38458 69.13850
 8.40597 69.12850
 8.50528 69.17830
 8.53500 69.20010
 8.60111 69.26970
 8.64986 69.34030
 8.65333 69.38220
 8.66195 69.44790
 8.66847 69.46970
 8.73520 69.60280
 8.72445 69.69700
 8.72361 69.71710
 8.75083 69.82000
 8.76334 69.84970
 8.79222 69.91530
 8.85815 70.01980
 8.89764 70.04570
 8.95166 70.10580
 8.96666 70.12560
 9.00777 70.18250
 9.02500 70.11360
 9.12972 70.06630
 9.21416 70.05200
 9.25305 70.05060
 9.36750 70.05530
 9.43040 70.03310
 9.49292 70.01100
 9.51305 69.99310
 9.57542 69.93400
 9.56861 69.84140
 9.55910 69.79040
 9.53139 69.79720
 9.50777 69.82190
 9.46792 69.85500
 9.41965 69.87560
 9.39583 69.70390
 9.40111 69.67830
 9.42014 69.63220
 9.52625 69.61720
 9.57333 69.62110
 9.58333 69.60060
 9.60361 69.53860
 9.62277 69.48250
 9.65027 69.42720
 9.66277 69.40530
 9.69375 69.36260
 9.71361 69.35030
 9.74208 69.34380
 9.77195 69.33540
 9.84271 69.27680
 9.75875 69.26350
 9.73389 69.26790
 9.71084 69.25320
 9.69166 69.22190
 9.68584 69.17970
 9.68916 69.14890
 9.69458 69.11670
 9.71208 69.06210
 9.74889 69.01330
 9.78575 68.98230
 9.78111 68.98310
 9.72222 68.99060
 9.66333 68.96750
 9.52639 68.90950
 9.43111 68.89530
 9.40563 68.88850
 9.26014 68.73880
 9.23368 68.68310
 9.21277 68.62780
 8.89639 68.64000
 8.75416 68.68860
 8.65611 68.60420
 8.63527 68.57360
954 60 9.85208 10.73215 68.25362 69.23668 'Yaracuy (Venezuela)'
 9.85722 68.97780
 9.91805 68.93860
 9.94527 68.93360
 10.00660 68.96960
 9.97590 69.05880
 9.95555 69.07310
 9.93111 69.07260
 9.89805 69.07300
 9.87701 69.09800
 9.92805 69.13780
 10.11110 69.22830
 10.14510 69.23670
 10.16990 69.21520
 10.23000 69.04360
 10.24670 69.01700
 10.28950 69.01200
 10.39920 69.02860
 10.42250 69.06600
 10.46690 69.07170
 10.54880 69.02970
 10.55960 69.00150
 10.55420 68.98210
 10.55460 68.95700
 10.57290 68.92540
 10.60180 68.89510
 10.62080 68.88610
 10.65010 68.88420
 10.65950 68.88550
 10.67810 68.82040
 10.69640 68.80210
 10.73220 68.77450
 10.73030 68.65880
 10.63220 68.65250
 10.61830 68.59970
 10.60720 68.51640
 10.59080 68.27250
 10.58890 68.25360
 10.55570 68.27720
 10.53930 68.31320
 10.55250 68.33810
 10.54470 68.36580
 10.50890 68.38580
 10.47680 68.39240
 10.37830 68.39780
 10.34140 68.39060
 10.23470 68.38390
 10.17470 68.42380
 10.00500 68.38970
 9.99008 68.37050
 9.92166 68.46530
 9.91111 68.48250
 9.89756 68.51170
 9.89458 68.53920
 9.95166 68.58250
 9.97174 68.58650
 10.00640 68.64310
 9.96778 68.74310
 9.90347 68.82100
 9.85208 68.86260
 9.85722 68.97780
1036 339 0.64916 6.19305 63.34639 67.85875 'Amazonas (Venezuela)'
 4.04695 67.70850
 4.08750 67.72920
 4.16653 67.78670
 4.23181 67.80630
 4.27278 67.80560
 4.30014 67.80130
 4.33475 67.78480
 4.56125 67.85880
 4.73666 67.82470
 4.80163 67.81670
 4.83115 67.81360
 4.97324 67.80160
 5.03945 67.80280
 5.09334 67.82030
 5.13139 67.82970
 5.30652 67.84860
 5.38326 67.80390
 5.40681 67.76920
 5.41221 67.74770
 5.44861 67.68830
 5.47834 67.64940
 5.54819 67.61590
 5.57826 67.63380
 5.61222 67.64220
 5.65222 67.64890
 5.68319 67.65170
 5.73139 67.64290
 5.79222 67.62000
 5.82469 67.59710
 5.89133 67.53190
 5.94160 67.47890
 5.95554 67.46170
 5.97673 67.42630
 5.99554 67.41400
 6.03865 67.43500
 6.06966 67.46960
 6.09778 67.48560
 6.12141 67.49250
 6.15375 67.48920
 6.19305 67.45450
 6.17931 67.42710
 6.15972 67.41610
 6.13292 67.40540
 6.11931 67.38610
 6.11278 67.22720
 6.11319 67.19900
 6.10403 67.18030
 6.07986 67.16700
 6.01000 67.14920
 5.97472 67.14420
 5.92750 67.14470
 5.90500 67.15030
 5.85278 67.17470
 5.78472 67.20090
 5.73916 67.20810
 5.71368 67.19950
 5.70257 67.17860
 5.71278 67.14000
 5.71805 67.11140
 5.71875 67.08640
 5.70548 67.06250
 5.67055 67.04830
 5.64027 67.04140
 5.62465 67.02780
 5.61861 67.00060
 5.62195 66.97700
 5.62945 66.95750
 5.64305 66.93000
 5.67084 66.88600
 5.68139 66.85920
 5.69084 66.83130
 5.69625 66.79960
 5.69528 66.75860
 5.69778 66.70380
 5.70555 66.66780
 5.72653 66.59610
 5.74611 66.54610
 5.75931 66.52790
 5.78472 66.50500
 5.80527 66.48450
 5.83528 66.45220
 5.89027 66.38970
 5.90861 66.36610
 5.92326 66.32630
 5.89805 66.29970
 5.84639 66.29110
 5.81861 66.28500
 5.77625 66.27320
 5.75181 66.26040
 5.72993 66.24030
 5.78195 66.02720
 5.79264 66.00060
 5.80708 65.98080
 5.98805 65.88610
 6.07805 65.84390
 6.11111 65.82810
 6.13951 65.77250
 6.14653 65.62750
 6.13292 65.60260
 6.11472 65.58630
 6.08625 65.57770
 5.93722 65.61010
 5.91347 65.62460
 5.87916 65.63580
 5.85375 65.63860
 5.78347 65.63570
 5.70105 65.60220
 5.68708 65.57810
 5.68875 65.55680
 5.70278 65.53320
 5.73555 65.50060
 5.76792 65.46920
 5.77584 65.43140
 5.77639 65.39220
 5.77639 65.33360
 5.77403 65.26580
 5.76889 65.23900
 5.75264 65.22190
 5.72639 65.22210
 5.70584 65.23610
 5.67542 65.26470
 5.64916 65.26390
 5.60965 65.23850
 5.57861 65.20060
 5.55555 65.16810
 5.53625 65.14220
 5.51847 65.13280
 5.35563 65.11380
 5.31805 65.13040
 5.29722 65.15250
 5.28527 65.18190
 5.28666 65.22210
 5.28805 65.24830
 5.28084 65.26830
 5.26250 65.28460
 5.24236 65.28920
 5.21986 65.28470
 5.18222 65.25610
 5.16181 65.23510
 5.13555 65.21690
 5.11181 65.20680
 5.08403 65.20030
 5.04389 65.19360
 5.00445 65.18610
 4.98195 65.17820
 4.91334 65.14860
 4.79695 65.08390
 4.74236 65.04570
 4.63542 64.95650
 4.62375 64.93990
 4.60945 64.89450
 4.60445 64.87140
 4.59750 64.82890
 4.59555 64.77670
 4.59416 64.73810
 4.58584 64.69710
 4.57125 64.67690
 4.54847 64.66220
 4.51361 64.65360
 4.48584 64.64780
 4.32777 64.62560
 4.28666 64.62700
 4.25750 64.63280
 4.22889 64.63950
 4.22377 64.64220
 4.23916 64.65200
 4.25750 64.67470
 4.26722 64.69310
 4.28139 64.72420
 4.28722 64.74630
 4.28639 64.78170
 4.26507 64.80000
 4.21084 64.80200
 4.18584 64.78590
 4.16125 64.73390
 4.14403 64.71310
 4.11861 64.70470
 4.08195 64.69450
 4.01666 64.66100
 3.98431 64.64210
 3.96555 64.62670
 3.85445 64.51810
 3.78701 64.44630
 3.76722 64.40530
 3.75055 64.36580
 3.71834 64.30810
 3.58965 64.19020
 3.54931 64.18240
 3.52778 64.18470
 3.50139 64.19350
 3.46695 64.22440
 3.43278 64.23570
 3.33750 64.22670
 3.19334 64.20530
 3.06084 64.15890
 3.03972 64.14610
 2.94084 64.08890
 2.83278 64.03470
 2.71861 63.98790
 2.62305 63.99540
 2.57389 64.01720
 2.54972 64.03130
 2.50945 64.04650
 2.47132 64.03400
 2.42584 63.82180
 2.42716 63.78220
 2.43472 63.58170
 2.42000 63.36540
 2.40611 63.34640
 2.25910 63.36080
 2.22916 63.38000
 2.14951 63.39940
 2.13055 63.48830
 2.13000 63.54540
 2.10597 63.60710
 2.02361 63.71860
 2.00305 63.73920
 1.97778 63.82500
 1.97681 63.93650
 1.96722 63.97060
 1.94986 64.00240
 1.92472 64.03010
 1.89048 64.05190
 1.84084 64.05240
 1.80681 64.04990
 1.68111 64.06280
 1.63542 64.07800
 1.58292 64.11320
 1.47611 64.26450
 1.50757 64.36580
 1.51181 64.39430
 1.43361 64.52970
 1.41514 64.54900
 1.39139 64.56320
 1.34979 64.57900
 1.33000 64.59530
 1.26278 64.69750
 1.24695 64.73170
 1.24431 64.75720
 1.26000 64.78310
 1.27948 64.81910
 1.21055 64.94310
 1.16584 65.00700
 1.14208 65.10390
 1.11847 65.13630
 1.09764 65.14650
 1.05555 65.15390
 1.03528 65.15440
 0.98903 65.16080
 0.96945 65.16580
 0.95000 65.17390
 0.92666 65.19250
 0.91500 65.22760
 0.91528 65.25310
 0.92660 65.29150
 0.91195 65.32170
 0.83708 65.38580
 0.81861 65.39500
 0.78903 65.39830
 0.75395 65.40030
 0.69528 65.43610
 0.66187 65.48580
 0.64916 65.52170
 0.65166 65.54240
 0.66611 65.55860
 0.69639 65.57560
 0.72979 65.58260
 0.76472 65.56750
 0.80666 65.52740
 0.83889 65.51110
 0.87181 65.50700
 0.90194 65.51010
 0.92695 65.52210
 0.95000 65.53970
 0.97111 65.55940
 0.99042 65.59540
 0.98972 65.65720
 0.98278 65.73530
 0.90834 65.87080
 0.87181 65.91280
 0.85403 65.92900
 0.81834 65.95510
 0.79875 65.97960
 0.73416 66.12710
 0.74778 66.28700
 0.75139 66.31470
 0.76584 66.33810
 1.14945 66.78720
 1.22093 66.87050
 1.22590 66.87510
 1.25139 66.89170
 1.28410 66.89900
 1.45972 66.92640
 1.69584 66.99170
 2.02665 67.11320
 2.13250 67.16060
 2.15334 67.17530
 2.20750 67.19860
 2.24361 67.21150
 2.27528 67.21690
 2.29486 67.20750
 2.31611 67.18460
 2.33653 67.17420
 2.39250 67.19250
 2.41313 67.21950
 2.42903 67.25790
 2.43889 67.28140
 2.47403 67.32520
 2.65334 67.48560
 2.68000 67.53530
 2.76416 67.58970
 2.79334 67.60580
 2.80945 67.63440
 2.83250 67.76580
 2.82708 67.82360
 2.87666 67.83310
 3.04278 67.65670
 3.19065 67.50000
 3.25389 67.43560
 3.30472 67.36970
 3.31368 67.34640
 3.39605 67.29290
 3.45278 67.30660
 3.46653 67.34150
 3.47305 67.36290
 3.48597 67.38110
 3.51250 67.39560
 3.60805 67.42830
 3.64834 67.43710
 3.72431 67.49100
 3.73798 67.51170
 3.73653 67.54200
 3.73236 67.57700
 3.74069 67.59990
 3.75903 67.61600
 3.79764 67.63510
 3.92139 67.68060
 3.96972 67.69280
 4.04695 67.70850
1037 453 3.56014 8.44937 60.25755 67.45445 'Bolivar (Venezuela)'
 5.20480 60.73040
 5.20292 60.71100
 5.19695 60.68510
 5.18132 60.65520
 5.15861 60.64420
 4.98847 60.58240
 4.95264 60.57850
 4.92472 60.59250
 4.84292 60.64930
 4.81389 60.67560
 4.77611 60.72030
 4.71847 60.83860
 4.71334 60.86680
 4.70972 60.88650
 4.63771 60.92460
 4.59187 60.92990
 4.55695 60.95170
 4.53834 60.96830
 4.51931 60.98710
 4.50778 61.05250
 4.49431 61.16390
 4.50666 61.31360
 4.40639 61.49220
 4.39055 61.50740
 4.36195 61.51280
 4.32736 61.50740
 4.30347 61.51070
 4.27486 61.52400
 4.24882 61.55440
 4.24424 61.62530
 4.25528 61.66280
 4.25903 61.69920
 4.24305 61.76290
 4.21569 61.79060
 4.18486 61.81150
 4.16055 61.84890
 4.14695 61.91490
 4.15681 61.95200
 4.16958 61.98750
 4.15014 62.05320
 4.12486 62.07930
 4.10389 62.10480
 4.09319 62.14260
 4.09958 62.18100
 4.11250 62.22080
 4.12722 62.26250
 4.13611 62.28140
 4.15250 62.32110
 4.17945 62.39220
 4.18267 62.44010
 4.11229 62.53990
 4.04195 62.60420
 4.04681 62.66990
 4.03861 62.72830
 4.02027 62.75780
 3.90875 62.78040
 3.88250 62.77720
 3.83472 62.75830
 3.79055 62.74010
 3.73111 62.72750
 3.70528 62.72720
 3.67653 62.73400
 3.63834 62.75140
 3.60431 62.78130
 3.56014 62.87810
 3.56292 62.90310
 3.56722 62.92360
 3.60431 62.99060
 3.79528 63.16420
 3.89813 63.24230
 3.93937 63.29400
 3.95805 63.33560
 3.96584 63.35950
 3.97084 63.38250
 3.96708 63.41910
 3.94166 63.43360
 3.91514 63.43880
 3.89028 63.44560
 3.86645 63.45820
 3.85778 63.49150
 3.86722 63.53010
 3.88069 63.54790
 3.90972 63.57360
 3.92834 63.58920
 3.94486 63.61420
 3.94861 63.64450
 3.95889 63.84810
 3.93305 63.90900
 3.90458 63.94060
 3.89125 63.95630
 3.88292 63.99420
 3.88611 64.01780
 3.90844 64.05270
 3.95528 64.06460
 4.03277 64.08780
 4.08278 64.10890
 4.10958 64.12640
 4.14111 64.22110
 4.14805 64.24890
 4.15416 64.33560
 4.15361 64.37990
 4.14916 64.40220
 4.14000 64.43030
 4.13389 64.46750
 4.12236 64.55290
 4.12777 64.59200
 4.14527 64.60780
 4.22377 64.64220
 4.22889 64.63950
 4.25750 64.63280
 4.28666 64.62700
 4.32777 64.62560
 4.48584 64.64780
 4.51361 64.65360
 4.54847 64.66220
 4.57125 64.67690
 4.58584 64.69710
 4.59416 64.73810
 4.59555 64.77670
 4.59750 64.82890
 4.60445 64.87140
 4.60945 64.89450
 4.62375 64.93990
 4.63542 64.95650
 4.74236 65.04570
 4.79695 65.08390
 4.91334 65.14860
 4.98195 65.17820
 5.00445 65.18610
 5.04389 65.19360
 5.08403 65.20030
 5.11181 65.20680
 5.13555 65.21690
 5.16181 65.23510
 5.18222 65.25610
 5.21986 65.28470
 5.24236 65.28920
 5.26250 65.28460
 5.28084 65.26830
 5.28805 65.24830
 5.28666 65.22210
 5.28527 65.18190
 5.29722 65.15250
 5.31805 65.13040
 5.35563 65.11380
 5.51847 65.13280
 5.53625 65.14220
 5.55555 65.16810
 5.57861 65.20060
 5.60965 65.23850
 5.64916 65.26390
 5.67542 65.26470
 5.70584 65.23610
 5.72639 65.22210
 5.75264 65.22190
 5.76889 65.23900
 5.77403 65.26580
 5.77639 65.33360
 5.77639 65.39220
 5.77584 65.43140
 5.76792 65.46920
 5.73555 65.50060
 5.70278 65.53320
 5.68875 65.55680
 5.68708 65.57810
 5.70105 65.60220
 5.78347 65.63570
 5.85375 65.63860
 5.87916 65.63580
 5.91347 65.62460
 5.93722 65.61010
 6.08625 65.57770
 6.11472 65.58630
 6.13292 65.60260
 6.14653 65.62750
 6.13951 65.77250
 6.11111 65.82810
 6.07805 65.84390
 5.98805 65.88610
 5.80708 65.98080
 5.79264 66.00060
 5.78195 66.02720
 5.72993 66.24030
 5.75181 66.26040
 5.77625 66.27320
 5.81861 66.28500
 5.84639 66.29110
 5.89805 66.29970
 5.92326 66.32630
 5.90861 66.36610
 5.89027 66.38970
 5.83528 66.45220
 5.80527 66.48450
 5.78472 66.50500
 5.75931 66.52790
 5.74611 66.54610
 5.72653 66.59610
 5.70555 66.66780
 5.69778 66.70380
 5.69528 66.75860
 5.69625 66.79960
 5.69084 66.83130
 5.68139 66.85920
 5.67084 66.88600
 5.64305 66.93000
 5.62945 66.95750
 5.62195 66.97700
 5.61861 67.00060
 5.62465 67.02780
 5.64027 67.04140
 5.67055 67.04830
 5.70548 67.06250
 5.71875 67.08640
 5.71805 67.11140
 5.71278 67.14000
 5.70257 67.17860
 5.71368 67.19950
 5.73916 67.20810
 5.78472 67.20090
 5.85278 67.17470
 5.90500 67.15030
 5.92750 67.14470
 5.97472 67.14420
 6.01000 67.14920
 6.07986 67.16700
 6.10403 67.18030
 6.11319 67.19900
 6.11278 67.22720
 6.11931 67.38610
 6.13292 67.40540
 6.15972 67.41610
 6.17931 67.42710
 6.19305 67.45450
 6.23403 67.43040
 6.26584 67.37670
 6.28389 67.32990
 6.30972 67.31060
 6.33195 67.29810
 6.39945 67.23450
 6.40750 67.20860
 6.43278 67.16850
 6.46174 67.14740
 6.56445 67.12750
 6.65708 67.11990
 6.68576 67.11650
 6.72708 67.10330
 6.74416 67.08930
 6.77187 67.05360
 6.81278 67.04000
 6.90125 67.02740
 6.92945 67.03640
 7.00472 67.07000
 7.03055 67.09420
 7.03660 67.11630
 7.06527 67.11940
 7.09445 67.11670
 7.12542 67.10570
 7.15972 67.06110
 7.19445 66.98220
 7.26584 66.80650
 7.30334 66.70700
 7.31042 66.67350
 7.30889 66.64810
 7.42805 66.52420
 7.56986 66.46780
 7.59271 66.45110
 7.64500 66.34640
 7.65334 66.32750
 7.65445 66.32170
 7.63368 66.23020
 7.65000 66.19860
 7.67334 66.16210
 7.68416 66.12360
 7.68597 66.09170
 7.68389 66.00780
 7.70563 65.88050
 7.74000 65.84080
 7.77639 65.80140
 7.83055 65.75140
 7.86278 65.72170
 7.88181 65.69130
 7.90084 65.64080
 7.91722 65.57490
 7.91174 65.53510
 7.88736 65.50580
 7.87139 65.47280
 7.86222 65.43610
 7.86111 65.41290
 7.86764 65.38540
 7.87861 65.35920
 7.88431 65.34070
 7.88416 65.31070
 7.83055 65.12390
 7.80222 65.03770
 7.76195 64.99690
 7.72945 64.97440
 7.71084 64.95490
 7.68916 64.91670
 7.66861 64.85610
 7.66889 64.82190
 7.76645 64.52510
 7.82389 64.47590
 7.85250 64.52890
 7.86292 64.54600
 7.89076 64.56640
 7.94166 64.57160
 7.98472 64.54120
 8.00514 64.48420
 8.00451 64.45580
 7.99055 64.41880
 7.98945 64.38960
 7.99805 64.37080
 8.02410 64.34490
 8.06319 64.30140
 8.07486 64.26010
 8.07208 64.23530
 8.06166 64.21420
 8.01875 64.17080
 7.99805 64.15350
 7.98778 64.13220
 7.96569 64.06960
 7.95805 64.04170
 7.95208 63.98420
 7.96084 63.95470
 7.97555 63.93180
 8.01708 63.89720
 8.03583 63.88440
 8.05416 63.87500
 8.07084 63.86390
 8.11611 63.82580
 8.16250 63.69470
 8.17042 63.65300
 8.15222 63.62290
 8.14236 63.59760
 8.15195 63.52920
 8.15584 63.50610
 8.16097 63.48000
 8.17361 63.44860
 8.24166 63.31140
 8.26000 63.28190
 8.27750 63.26490
 8.29195 63.24500
 8.31027 63.18860
 8.31819 63.14930
 8.31695 63.11580
 8.30875 63.01900
 8.28847 62.96170
 8.26875 62.93220
 8.26729 62.90130
 8.27611 62.87810
 8.28916 62.85640
 8.30416 62.83690
 8.33805 62.80180
 8.37334 62.71470
 8.37904 62.68230
 8.38139 62.67530
 8.40368 62.63950
 8.44937 62.60130
 8.40305 62.49140
 8.31527 62.28200
 8.29416 61.82170
 8.28361 61.63540
 8.25597 61.63970
 8.23166 61.64420
 8.19347 61.64100
 8.14139 61.62030
 8.11208 61.60540
 7.99486 61.50790
 7.95084 61.46580
 7.89472 61.41140
 7.83611 61.34880
 7.81666 61.31560
 7.83834 61.24250
 7.90777 61.06080
 7.92778 61.03930
 7.94264 61.01960
 7.94764 60.98390
 7.94611 60.96140
 7.93000 60.94500
 7.86834 60.88810
 7.78410 60.82120
 7.74945 60.79040
 7.76166 60.76450
 7.78861 60.73280
 7.82278 60.69810
 7.86305 60.64190
 7.89125 60.59820
 7.91695 60.53920
 7.91916 60.47810
 7.92028 60.26970
 7.92157 60.25750
 7.87750 60.31970
 7.81819 60.51320
 7.80389 60.53330
 7.71521 60.57460
 7.63931 60.58880
 7.56653 60.66210
 7.56708 60.69110
 7.54000 60.71670
 7.50097 60.71400
 7.45347 60.68830
 7.44722 60.66080
 7.38195 60.61000
 7.33639 60.59140
 7.30611 60.59540
 7.28403 60.61860
 7.25431 60.63420
 7.22195 60.63080
 7.19445 60.61750
 7.12445 60.53810
 7.14298 60.51500
 7.17271 60.50580
 7.19584 60.45610
 7.17625 60.36050
 7.15528 60.33670
 7.14347 60.30900
 7.11875 60.27810
 7.09000 60.28140
 7.05660 60.29130
 6.94750 60.40830
 6.90666 60.46360
 6.88778 60.49890
 6.87472 60.52690
 6.85084 60.59080
 6.83493 60.63780
 6.80750 60.66500
 6.79000 60.67640
 6.76666 60.69780
 6.75903 60.71920
 6.78834 60.81610
 6.76500 60.89370
 6.72458 60.93970
 6.71972 61.03600
 6.72889 61.05470
 6.71477 61.12510
 6.65875 61.17440
 6.57792 61.20470
 6.53368 61.19650
 6.40861 61.14000
 6.29916 61.13860
 6.18250 61.16010
 6.10778 61.26280
 6.08639 61.27030
 6.05634 61.28280
 5.99250 61.32310
 5.97278 61.33790
 5.96097 61.37350
 5.94000 61.38970
 5.63472 61.11610
 5.34805 60.86030
 5.25834 60.78110
 5.22250 60.74890
 5.20480 60.73040
1038 184 7.66861 10.25861 62.68235 65.70668 'Anzoategui (Venezuela)'
 9.95322 65.69660
 9.98035 65.66420
 9.99584 65.60610
 10.00910 65.55480
 10.08530 65.44150
 10.11120 65.42900
 10.14000 65.42670
 10.11560 65.27610
 10.06060 65.08140
 10.08220 64.82500
 10.08940 64.78810
 10.09720 64.76450
 10.11350 64.73280
 10.17970 64.71470
 10.24670 64.62600
 10.25860 64.57970
 10.24990 64.53460
 10.21830 64.51080
 10.14190 64.43330
 10.11440 64.39390
 10.09060 64.35110
 10.06920 64.25170
 10.07140 64.22030
 10.08110 64.14860
 10.09540 64.09830
 10.11220 64.06380
 10.12770 64.04510
 10.11360 63.97380
 10.09860 63.95670
 10.08250 63.94890
 10.05700 64.04960
 9.98084 64.06280
 9.94777 64.05920
 9.93305 64.04560
 9.93805 63.99570
 9.89305 63.94110
 9.86149 63.92090
 9.82027 63.94250
 9.77083 63.96430
 9.71292 63.95320
 9.58861 63.86750
 9.55122 63.84880
 9.51861 63.87110
 9.41375 63.96930
 9.31389 63.97360
 9.20195 63.89860
 9.21695 63.86060
 9.23535 63.77470
 9.09555 63.54750
 9.00125 63.40760
 8.94125 63.37900
 8.90333 63.36640
 8.87236 63.35690
 8.80563 63.33760
 8.77292 63.28900
 8.77639 63.25610
 8.78945 63.06420
 8.79195 62.94240
 8.76695 62.95380
 8.75722 62.97900
 8.76445 63.01550
 8.70681 63.05690
 8.59889 63.05140
 8.55375 62.99580
 8.47305 62.73560
 8.39611 62.68780
 8.37904 62.68230
 8.37334 62.71470
 8.33805 62.80180
 8.30416 62.83690
 8.28916 62.85640
 8.27611 62.87810
 8.26729 62.90130
 8.26875 62.93220
 8.28847 62.96170
 8.30875 63.01900
 8.31695 63.11580
 8.31819 63.14930
 8.31027 63.18860
 8.29195 63.24500
 8.27750 63.26490
 8.26000 63.28190
 8.24166 63.31140
 8.17361 63.44860
 8.16097 63.48000
 8.15584 63.50610
 8.15195 63.52920
 8.14236 63.59760
 8.15222 63.62290
 8.17042 63.65300
 8.16250 63.69470
 8.11611 63.82580
 8.07084 63.86390
 8.05416 63.87500
 8.03583 63.88440
 8.01708 63.89720
 7.97555 63.93180
 7.96084 63.95470
 7.95208 63.98420
 7.95805 64.04170
 7.96569 64.06960
 7.98778 64.13220
 7.99805 64.15350
 8.01875 64.17080
 8.06166 64.21420
 8.07208 64.23530
 8.07486 64.26010
 8.06319 64.30140
 8.02410 64.34490
 7.99805 64.37080
 7.98945 64.38960
 7.99055 64.41880
 8.00451 64.45580
 8.00514 64.48420
 7.98472 64.54120
 7.94166 64.57160
 7.89076 64.56640
 7.86292 64.54600
 7.85250 64.52890
 7.82389 64.47590
 7.76645 64.52510
 7.66889 64.82190
 7.66861 64.85610
 7.68916 64.91670
 7.71084 64.95490
 7.72945 64.97440
 7.76195 64.99690
 7.80222 65.03770
 7.83055 65.12390
 7.88416 65.31070
 7.88431 65.34070
 7.87861 65.35920
 7.89976 65.36760
 7.91639 65.38290
 7.92666 65.41150
 7.92639 65.45350
 7.93340 65.48560
 7.97292 65.49670
 8.02604 65.48410
 8.27611 65.28220
 8.36222 65.20890
 8.37916 65.19780
 8.49889 65.16280
 8.55368 65.15080
 8.61653 65.15680
 8.64368 65.17060
 8.69555 65.16420
 8.73195 65.14460
 8.75916 65.07610
 8.75153 65.05560
 8.73625 65.01790
 8.74666 64.88610
 8.79277 64.84470
 8.87805 64.79000
 8.91445 64.80820
 8.97153 64.86520
 9.06084 64.94330
 9.09445 64.95720
 9.11584 64.98080
 9.17451 65.07600
 9.17472 65.10750
 9.17645 65.16000
 9.28000 65.26190
 9.35500 65.28490
 9.38506 65.28170
 9.39945 65.25820
 9.41111 65.22890
 9.42695 65.21010
 9.45069 65.20290
 9.48951 65.20770
 9.51681 65.23510
 9.52750 65.30880
 9.55166 65.36560
 9.56805 65.38390
 9.59416 65.39890
 9.61166 65.40860
 9.64986 65.43010
 9.56916 65.48890
 9.60584 65.55750
 9.68347 65.69820
 9.86166 65.70670
 9.88819 65.70610
 9.94389 65.69830
 9.95322 65.69660
1039 69 9.39111 10.53889 66.54055 67.87500 'Aragua (Venezuela)'
 9.96625 66.61290
 9.92500 66.60220
 9.62569 66.54060
 9.46757 66.55580
 9.40334 66.57810
 9.39111 66.62830
 9.39292 66.67920
 9.40000 66.69820
 9.41555 66.72360
 9.42305 66.74220
 9.45639 66.85420
 9.45958 66.87580
 9.45916 66.94810
 9.45333 66.97990
 9.45955 67.00220
 9.50389 66.98970
 9.52389 66.95470
 9.53084 66.93100
 9.53819 66.89740
 9.55750 66.87830
 9.60445 66.85570
 9.67240 66.86280
 9.67236 66.89810
 9.69042 66.94630
 9.79153 67.09540
 9.85083 67.14320
 9.87361 67.15060
 9.89389 67.15780
 9.91842 67.17200
 9.92569 67.19610
 9.93639 67.35670
 9.97666 67.46140
 9.95139 67.53420
 9.95416 67.53470
 10.00100 67.55250
 10.01780 67.64360
 10.09430 67.65420
 10.29500 67.65040
 10.32110 67.66900
 10.33170 67.68640
 10.34300 67.76370
 10.32510 67.79570
 10.32060 67.81560
 10.37080 67.87260
 10.44360 67.87500
 10.46490 67.86800
 10.48280 67.83200
 10.49190 67.79610
 10.53280 67.54330
 10.53810 67.46690
 10.53890 67.40140
 10.53880 67.39220
 10.51600 67.39550
 10.44780 67.37140
 10.41170 67.35310
 10.39470 67.33940
 10.41920 67.29950
 10.41970 67.23830
 10.41530 67.22140
 10.37280 67.20250
 10.28250 67.13140
 10.15290 67.13570
 10.10480 67.11440
 10.05540 67.05220
 10.00780 66.91470
 9.99834 66.87470
 9.96889 66.65810
 9.96500 66.62610
 9.96625 66.61290
1040 35 10.39361 10.62916 66.30862 67.39549 'Distrito Federal (Venezuela)'
 10.53880 67.39220
 10.54670 67.28030
 10.57920 67.10810
 10.61030 67.00220
 10.62780 66.50970
 10.62920 66.47060
 10.62560 66.41830
 10.61610 66.38500
 10.60470 66.34300
 10.61280 66.32360
 10.62600 66.31030
 10.60260 66.30860
 10.53100 66.32150
 10.53780 66.49060
 10.54970 66.56390
 10.53640 66.61350
 10.53960 66.77430
 10.55060 66.80240
 10.54510 66.85930
 10.45860 66.89320
 10.42860 66.89830
 10.39360 67.01610
 10.39420 67.05250
 10.41310 67.13280
 10.42510 67.15560
 10.44580 67.16410
 10.42330 67.21580
 10.41530 67.22140
 10.41970 67.23830
 10.41920 67.29950
 10.39470 67.33940
 10.41170 67.35310
 10.44780 67.37140
 10.51600 67.39550
 10.53880 67.39220
1041 15 10.88028 10.97611 65.19959 65.41612 'Dependencias Federales (Venezuela)'
 10.88030 65.28110
 10.88310 65.29970
 10.90690 65.39330
 10.91620 65.41570
 10.92720 65.41610
 10.95670 65.38670
 10.96440 65.37390
 10.96920 65.36450
 10.97610 65.30450
 10.95420 65.21220
 10.91170 65.20080
 10.89830 65.19960
 10.89140 65.21000
 10.88110 65.26860
 10.88030 65.28110
1042 190 7.63368 10.01958 64.79001 68.02445 'Guarico (Venezuela)'
 9.95322 65.69660
 9.94389 65.69830
 9.88819 65.70610
 9.86166 65.70670
 9.68347 65.69820
 9.60584 65.55750
 9.56916 65.48890
 9.64986 65.43010
 9.61166 65.40860
 9.59416 65.39890
 9.56805 65.38390
 9.55166 65.36560
 9.52750 65.30880
 9.51681 65.23510
 9.48951 65.20770
 9.45069 65.20290
 9.42695 65.21010
 9.41111 65.22890
 9.39945 65.25820
 9.38506 65.28170
 9.35500 65.28490
 9.28000 65.26190
 9.17645 65.16000
 9.17472 65.10750
 9.17451 65.07600
 9.11584 64.98080
 9.09445 64.95720
 9.06084 64.94330
 8.97153 64.86520
 8.91445 64.80820
 8.87805 64.79000
 8.79277 64.84470
 8.74666 64.88610
 8.73625 65.01790
 8.75153 65.05560
 8.75916 65.07610
 8.73195 65.14460
 8.69555 65.16420
 8.64368 65.17060
 8.61653 65.15680
 8.55368 65.15080
 8.49889 65.16280
 8.37916 65.19780
 8.36222 65.20890
 8.27611 65.28220
 8.02604 65.48410
 7.97292 65.49670
 7.93340 65.48560
 7.92639 65.45350
 7.92666 65.41150
 7.91639 65.38290
 7.89976 65.36760
 7.87861 65.35920
 7.86764 65.38540
 7.86111 65.41290
 7.86222 65.43610
 7.87139 65.47280
 7.88736 65.50580
 7.91174 65.53510
 7.91722 65.57490
 7.90084 65.64080
 7.88181 65.69130
 7.86278 65.72170
 7.83055 65.75140
 7.77639 65.80140
 7.74000 65.84080
 7.70563 65.88050
 7.68389 66.00780
 7.68597 66.09170
 7.68416 66.12360
 7.67334 66.16210
 7.65000 66.19860
 7.63368 66.23020
 7.65445 66.32170
 7.69945 66.32080
 7.73195 66.35040
 7.73125 66.37060
 7.72334 66.39470
 7.74972 66.46470
 7.78445 66.49420
 7.81625 66.52380
 7.76653 66.72320
 7.74764 66.75890
 7.76639 66.86890
 7.77361 67.02530
 7.77055 67.11110
 7.77027 67.13110
 7.77472 67.15530
 7.79055 67.21610
 7.79781 67.23700
 7.83695 67.30500
 7.85403 67.32170
 7.89361 67.44060
 7.90276 67.47980
 7.90471 67.49920
 7.91764 67.54000
 7.95595 67.54230
 7.98639 67.53720
 8.21326 67.68440
 8.23555 67.71250
 8.24361 67.73920
 8.28666 67.81640
 8.48139 67.99060
 8.53277 68.02440
 8.55604 67.99580
 8.70611 68.00010
 8.73527 68.01570
 8.77277 68.00990
 8.82945 67.99560
 8.91750 67.96450
 8.93361 67.93890
 8.96097 67.90750
 9.01083 67.87750
 9.04389 67.86330
 9.07528 67.85430
 9.10445 67.85440
 9.17222 67.86810
 9.19236 67.87470
 9.24445 67.89780
 9.35736 67.92590
 9.38736 67.91570
 9.45000 67.91640
 9.46958 67.92060
 9.50569 67.93210
 9.53777 67.96140
 9.61174 67.92240
 9.63125 67.88710
 9.62542 67.85390
 9.64014 67.82040
 9.68777 67.74970
 9.73055 67.75920
 9.77222 67.77890
 9.82695 67.78890
 9.85958 67.80470
 9.89416 67.81420
 9.92000 67.81290
 9.93195 67.79400
 9.92750 67.76530
 9.88695 67.72860
 9.84993 67.70800
 9.84243 67.68900
 9.90445 67.53070
 9.92687 67.52480
 9.95139 67.53420
 9.97666 67.46140
 9.93639 67.35670
 9.92569 67.19610
 9.91842 67.17200
 9.89389 67.15780
 9.87361 67.15060
 9.85083 67.14320
 9.79153 67.09540
 9.69042 66.94630
 9.67236 66.89810
 9.67240 66.86280
 9.60445 66.85570
 9.55750 66.87830
 9.53819 66.89740
 9.53084 66.93100
 9.52389 66.95470
 9.50389 66.98970
 9.45955 67.00220
 9.45333 66.97990
 9.45916 66.94810
 9.45958 66.87580
 9.45639 66.85420
 9.42305 66.74220
 9.41555 66.72360
 9.40000 66.69820
 9.39292 66.67920
 9.39111 66.62830
 9.40334 66.57810
 9.46757 66.55580
 9.62569 66.54060
 9.92500 66.60220
 9.96625 66.61290
 9.96722 66.51720
 9.97166 66.46890
 9.97583 66.44900
 10.00190 66.43030
 10.01400 66.41280
 10.01960 66.37720
 10.00970 66.34810
 9.97611 66.29080
 9.94695 66.18400
 9.93000 65.97700
 9.92945 65.91970
 9.93833 65.73390
 9.94889 65.70360
 9.95322 65.69660
1043 112 8.37904 10.31781 62.00122 64.06279 'Monagas (Venezuela)'
 8.37904 62.68230
 8.39611 62.68780
 8.47305 62.73560
 8.55375 62.99580
 8.59889 63.05140
 8.70681 63.05690
 8.76445 63.01550
 8.75722 62.97900
 8.76695 62.95380
 8.79195 62.94240
 8.78945 63.06420
 8.77639 63.25610
 8.77292 63.28900
 8.80563 63.33760
 8.87236 63.35690
 8.90333 63.36640
 8.94125 63.37900
 9.00125 63.40760
 9.09555 63.54750
 9.23535 63.77470
 9.21695 63.86060
 9.20195 63.89860
 9.31389 63.97360
 9.41375 63.96930
 9.51861 63.87110
 9.55122 63.84880
 9.58861 63.86750
 9.71292 63.95320
 9.77083 63.96430
 9.82027 63.94250
 9.86149 63.92090
 9.89305 63.94110
 9.93805 63.99570
 9.93305 64.04560
 9.94777 64.05920
 9.98084 64.06280
 10.05700 64.04960
 10.08250 63.94890
 10.08280 63.94350
 10.09110 63.90750
 10.11900 63.80930
 10.13790 63.79350
 10.16580 63.77610
 10.20340 63.74090
 10.21580 63.66860
 10.21490 63.61670
 10.21940 63.58750
 10.23410 63.54620
 10.26460 63.54310
 10.28360 63.53100
 10.30480 63.50360
 10.31780 63.46240
 10.27060 63.40310
 10.16760 63.19220
 10.17640 63.17380
 10.21120 63.11930
 10.19470 63.06680
 10.09870 63.01680
 10.09570 63.01600
 10.06890 62.98390
 10.07720 62.94970
 10.07690 62.91060
 10.04640 62.87140
 10.00860 62.80530
 10.05170 62.68250
 10.05920 62.66280
 10.06940 62.64560
 10.09320 62.61580
 10.12720 62.60540
 10.18860 62.62330
 10.22400 62.60940
 10.22510 62.57750
 10.20220 62.53530
 10.17420 62.50130
 10.15310 62.48890
 10.09110 62.47030
 9.97916 62.42690
 9.88132 62.37280
 9.75285 62.31520
 9.72294 62.32870
 9.70222 62.34560
 9.68611 62.35780
 9.60139 62.41940
 9.57319 62.43330
 9.54027 62.44210
 9.49833 62.43790
 9.41222 62.39960
 9.39750 62.37750
 9.32861 62.33860
 9.25361 62.32250
 9.14840 62.32640
 9.07139 62.20730
 9.09416 62.14610
 9.05951 62.06540
 9.03222 62.06420
 8.99027 62.08170
 8.96660 62.08480
 8.87819 62.05070
 8.89153 62.02560
 8.89104 62.00120
 8.76229 62.06830
 8.72834 62.11830
 8.62305 62.22750
 8.60035 62.24480
 8.52764 62.40440
 8.53222 62.43210
 8.53625 62.47740
 8.46611 62.58060
 8.44937 62.60130
 8.40368 62.63950
 8.38139 62.67530
 8.37904 62.68230
1044 64 9.92945 10.64465 65.42668 67.22139 'Miranda (Venezuela)'
 9.95322 65.69660
 9.94889 65.70360
 9.93833 65.73390
 9.92945 65.91970
 9.93000 65.97700
 9.94695 66.18400
 9.97611 66.29080
 10.00970 66.34810
 10.01960 66.37720
 10.01400 66.41280
 10.00190 66.43030
 9.97583 66.44900
 9.97166 66.46890
 9.96722 66.51720
 9.96625 66.61290
 9.96500 66.62610
 9.96889 66.65810
 9.99834 66.87470
 10.00780 66.91470
 10.05540 67.05220
 10.10480 67.11440
 10.15290 67.13570
 10.28250 67.13140
 10.37280 67.20250
 10.41530 67.22140
 10.42330 67.21580
 10.44580 67.16410
 10.42510 67.15560
 10.41310 67.13280
 10.39420 67.05250
 10.39360 67.01610
 10.42860 66.89830
 10.45860 66.89320
 10.54510 66.85930
 10.55060 66.80240
 10.53960 66.77430
 10.53640 66.61350
 10.54970 66.56390
 10.53780 66.49060
 10.53100 66.32150
 10.60260 66.30860
 10.62600 66.31030
 10.64470 66.28310
 10.64060 66.22990
 10.63250 66.20970
 10.57670 66.08170
 10.52690 66.11830
 10.50000 66.11970
 10.47250 66.09830
 10.44320 66.06850
 10.35670 65.95860
 10.29830 65.93570
 10.22830 65.81450
 10.22040 65.78670
 10.21690 65.76530
 10.21920 65.72530
 10.17810 65.54810
 10.14000 65.42670
 10.11120 65.42900
 10.08530 65.44150
 10.00910 65.55480
 9.99584 65.60610
 9.98035 65.66420
 9.95322 65.69660
1045 32 10.85722 11.17562 63.80473 64.40570 'Neuva Esparta (Venezuela)'
 10.85720 64.05560
 10.86500 64.05860
 10.94500 64.13640
 10.95220 64.15080
 10.96040 64.17400
 10.94690 64.19010
 10.93690 64.20110
 10.93120 64.22790
 10.95460 64.35790
 10.97010 64.40570
 11.05690 64.37830
 11.08810 64.21830
 11.08780 64.20180
 11.08290 64.19280
 11.07260 64.19100
 11.05590 64.19740
 11.04030 64.18810
 11.03170 64.17580
 10.99530 64.10580
 10.98890 64.08360
 10.98570 64.05450
 10.98760 64.04280
 11.00000 64.02250
 11.07610 63.98750
 11.11560 63.95140
 11.17560 63.88490
 11.12710 63.84490
 11.02140 63.80470
 10.97810 63.81500
 10.90440 63.89000
 10.89290 63.97240
 10.85720 64.05560
1046 148 10.05361 10.74777 61.87959 64.53461 'Sucre (Venezuela)'
 10.24990 64.53460
 10.23810 64.48250
 10.30110 64.37850
 10.33720 64.39580
 10.36890 64.38470
 10.38420 64.36810
 10.45000 64.20250
 10.45650 64.18210
 10.45650 64.09250
 10.44640 64.07080
 10.44220 64.05000
 10.44030 63.87610
 10.44220 63.80940
 10.44670 63.79330
 10.47190 63.71560
 10.48560 63.69750
 10.52530 63.77780
 10.55170 63.83890
 10.57850 63.96640
 10.57000 64.14870
 10.55030 64.20100
 10.53400 64.21580
 10.51440 64.23570
 10.53470 64.25890
 10.62650 64.29960
 10.65780 64.26460
 10.63890 64.23670
 10.61790 64.14680
 10.62970 63.97420
 10.64580 63.84280
 10.64560 63.69190
 10.64170 63.66670
 10.62710 63.53440
 10.64000 63.50560
 10.67260 63.34440
 10.67080 63.28610
 10.67830 63.25310
 10.68830 63.23030
 10.71970 63.17220
 10.71640 62.99380
 10.70540 62.97280
 10.69990 62.95350
 10.69580 62.90670
 10.70640 62.86960
 10.73110 62.79140
 10.74220 62.74830
 10.74780 62.69750
 10.73560 62.53860
 10.72690 62.47000
 10.70810 62.35810
 10.70030 62.30110
 10.69420 62.19250
 10.70130 62.13190
 10.72810 61.98390
 10.72830 61.87960
 10.69470 61.88330
 10.66190 61.92110
 10.64890 61.95310
 10.63250 62.03560
 10.62720 62.08560
 10.62820 62.11460
 10.63470 62.13560
 10.63670 62.16250
 10.62700 62.24920
 10.60040 62.27610
 10.58360 62.28720
 10.55530 62.30140
 10.53170 62.33110
 10.53330 62.44970
 10.54040 62.52720
 10.55530 62.58000
 10.56820 62.64970
 10.56810 62.67110
 10.54440 62.83080
 10.52870 62.91230
 10.45300 63.00420
 10.46420 62.97710
 10.49060 62.93470
 10.51560 62.91120
 10.52440 62.87250
 10.51170 62.83860
 10.44830 62.83560
 10.42820 62.83100
 10.39730 62.83770
 10.38990 62.87180
 10.40390 62.88920
 10.41650 62.91170
 10.41850 62.93430
 10.41470 62.95440
 10.40690 62.98060
 10.39420 63.00370
 10.27160 62.99840
 10.27930 62.93420
 10.30290 62.92760
 10.32670 62.94290
 10.37500 62.95470
 10.40090 62.94670
 10.39170 62.90720
 10.37440 62.88470
 10.38240 62.85710
 10.38560 62.82240
 10.40130 62.79010
 10.37380 62.73640
 10.31030 62.68560
 10.28060 62.66640
 10.10720 62.63060
 10.07500 62.66930
 10.06580 62.70920
 10.05530 62.80140
 10.05360 62.82920
 10.08170 62.89170
 10.09500 62.91750
 10.10430 62.95690
 10.10170 63.00860
 10.09870 63.01680
 10.19470 63.06680
 10.21120 63.11930
 10.17640 63.17380
 10.16760 63.19220
 10.27060 63.40310
 10.31780 63.46240
 10.30480 63.50360
 10.28360 63.53100
 10.26460 63.54310
 10.23410 63.54620
 10.21940 63.58750
 10.21490 63.61670
 10.21580 63.66860
 10.20340 63.74090
 10.16580 63.77610
 10.13790 63.79350
 10.11900 63.80930
 10.09110 63.90750
 10.08280 63.94350
 10.08250 63.94890
 10.09860 63.95670
 10.11360 63.97380
 10.12770 64.04510
 10.11220 64.06380
 10.09540 64.09830
 10.08110 64.14860
 10.07140 64.22030
 10.06920 64.25170
 10.09060 64.35110
 10.11440 64.39390
 10.14190 64.43330
 10.21830 64.51080
 10.24990 64.53460
1056 202 7.74945 10.01472 59.80305 62.60128 'Delta Amacuro (Venezuela)'
 9.72294 62.32870
 9.71208 62.32260
 9.71847 62.30040
 9.74750 62.27720
 9.76695 62.26860
 9.80277 62.25500
 9.85500 62.23680
 9.87916 62.23790
 9.90972 62.24830
 9.96701 62.25050
 9.91403 62.20570
 9.84277 62.18070
 9.71528 62.16530
 9.64166 62.19610
 9.65743 62.17080
 9.70958 62.15570
 9.75211 62.13000
 9.77895 62.13080
 9.82645 62.13350
 9.86642 62.02740
 9.88875 62.04730
 9.92945 62.11220
 9.93777 62.13200
 9.94424 62.16510
 9.93834 62.20150
 9.96472 62.23170
 10.01100 62.20920
 10.01470 62.17890
 9.98639 62.07560
 9.97750 62.05390
 9.91195 61.96220
 9.75789 61.81170
 9.60094 61.73580
 9.62611 61.72940
 9.64666 61.72860
 9.69875 61.73330
 9.75777 61.76470
 9.77853 61.78210
 9.81227 61.80090
 9.83111 61.79280
 9.83027 61.77190
 9.81111 61.71280
 9.79653 61.67330
 9.79055 61.65420
 9.78277 61.59770
 9.80069 61.57460
 9.81916 61.58470
 9.84430 61.61880
 9.89736 61.64810
 9.90528 61.61990
 9.88527 61.57250
 9.87555 61.55420
 9.82361 61.48060
 9.78764 61.44720
 9.73389 61.42580
 9.70472 61.40720
 9.68027 61.38310
 9.58889 61.25600
 9.57836 61.19750
 9.58222 61.08420
 9.57661 61.04650
 9.57555 61.04330
 9.55181 60.98760
 9.53250 60.95970
 9.44445 60.85360
 9.37931 60.79820
 9.33222 60.78300
 9.30500 60.78360
 9.26889 60.81890
 9.26334 60.84710
 9.23666 60.91220
 9.18861 60.98780
 9.11889 61.07110
 9.09750 61.08460
 9.04395 61.09810
 9.07597 61.07430
 9.09527 61.05880
 9.17521 60.97270
 9.17514 60.95050
 9.15416 60.95580
 9.03208 61.03150
 8.99500 61.07740
 8.97277 61.09330
 8.96334 61.09780
 8.89805 61.11970
 8.72778 61.18330
 8.68000 61.19170
 8.62472 61.19260
 8.59514 61.21020
 8.58145 61.25090
 8.59611 61.32780
 8.60166 61.43670
 8.59042 61.51970
 8.59861 61.55720
 8.61695 61.59540
 8.55500 61.59890
 8.51166 61.48810
 8.47445 61.39390
 8.43083 61.32920
 8.46285 61.22030
 8.49576 61.16850
 8.49305 61.07750
 8.46375 61.07350
 8.44708 61.08460
 8.42139 61.08610
 8.40292 61.07350
 8.46916 61.01780
 8.52597 60.98710
 8.56445 60.98130
 8.58222 60.90220
 8.60458 60.71580
 8.59542 60.68220
 8.57958 60.65970
 8.55118 60.62720
 8.52826 60.46580
 8.57389 60.42810
 8.62160 60.40880
 8.63236 60.38220
 8.62750 60.23610
 8.62195 60.20580
 8.60277 60.13930
 8.55389 60.02530
 8.54500 60.00640
 8.53527 59.99030
 8.51833 59.98110
 8.40084 59.88610
 8.30611 59.81210
 8.28334 59.80310
 8.23153 59.83290
 8.21861 59.88890
 8.21111 59.92220
 8.19999 59.94620
 8.17486 59.97970
 8.14698 59.98700
 8.05924 60.01120
 8.03701 60.03780
 8.04125 60.09360
 8.02833 60.12490
 7.94639 60.23720
 7.92157 60.25750
 7.92028 60.26970
 7.91916 60.47810
 7.91695 60.53920
 7.89125 60.59820
 7.86305 60.64190
 7.82278 60.69810
 7.78861 60.73280
 7.76166 60.76450
 7.74945 60.79040
 7.78410 60.82120
 7.86834 60.88810
 7.93000 60.94500
 7.94611 60.96140
 7.94764 60.98390
 7.94264 61.01960
 7.92778 61.03930
 7.90777 61.06080
 7.83834 61.24250
 7.81666 61.31560
 7.83611 61.34880
 7.89472 61.41140
 7.95084 61.46580
 7.99486 61.50790
 8.11208 61.60540
 8.14139 61.62030
 8.19347 61.64100
 8.23166 61.64420
 8.25597 61.63970
 8.28361 61.63540
 8.29416 61.82170
 8.31527 62.28200
 8.40305 62.49140
 8.44937 62.60130
 8.46611 62.58060
 8.53625 62.47740
 8.53222 62.43210
 8.52764 62.40440
 8.60035 62.24480
 8.62305 62.22750
 8.72834 62.11830
 8.76229 62.06830
 8.89104 62.00120
 8.89153 62.02560
 8.87819 62.05070
 8.96660 62.08480
 8.99027 62.08170
 9.03222 62.06420
 9.05951 62.06540
 9.09416 62.14610
 9.07139 62.20730
 9.14840 62.32640
 9.25361 62.32250
 9.32861 62.33860
 9.39750 62.37750
 9.41222 62.39960
 9.49833 62.43790
 9.54027 62.44210
 9.57319 62.43330
 9.60139 62.41940
 9.68611 62.35780
 9.70222 62.34560
 9.72294 62.32870
1057 21 8.68833 8.85334 60.86055 61.17202 'Delta Amacuro (Venezuela)'
 8.68833 61.16360
 8.69055 61.16830
 8.70035 61.17200
 8.71527 61.16500
 8.72583 61.15470
 8.78222 61.09310
 8.81042 61.05940
 8.82111 61.04250
 8.83277 61.01330
 8.85334 60.86060
 8.84027 60.86190
 8.74916 60.94450
 8.73611 60.95860
 8.72583 60.97610
 8.72361 60.98720
 8.72416 61.00110
 8.71445 61.06920
 8.70583 61.10780
 8.69945 61.13530
 8.69584 61.14500
 8.68833 61.16360
1058 25 8.47472 8.58416 61.18507 61.54355 'Delta Amacuro (Venezuela)'
 8.47472 61.24690
 8.49333 61.29430
 8.49084 61.34580
 8.48611 61.39220
 8.48584 61.40530
 8.48916 61.41640
 8.51166 61.47140
 8.54868 61.54350
 8.57639 61.46030
 8.58111 61.43780
 8.58333 61.42640
 8.58416 61.41390
 8.58250 61.39390
 8.57472 61.31080
 8.57333 61.29750
 8.56972 61.27940
 8.56584 61.26920
 8.55296 61.26150
 8.53774 61.26990
 8.51674 61.27830
 8.49993 61.26360
 8.49674 61.18510
 8.48569 61.19420
 8.47555 61.23470
 8.47472 61.24690
1059 19 8.50166 8.61125 60.99084 61.26368 'Delta Amacuro (Venezuela)'
 8.50166 61.12920
 8.51111 61.18280
 8.51021 61.26370
 8.53639 61.25830
 8.54527 61.25310
 8.56111 61.24030
 8.56861 61.22750
 8.57250 61.21750
 8.56609 61.17750
 8.54089 61.14910
 8.56295 61.13700
 8.60972 61.08360
 8.61125 61.02060
 8.59695 60.99810
 8.58514 60.99080
 8.55778 60.99860
 8.54889 61.00360
 8.51416 61.04060
 8.50166 61.12920
1060 16 8.84389 9.02916 60.84056 61.04639 'Delta Amacuro (Venezuela)'
 8.89416 60.91030
 8.88639 60.92310
 8.87583 60.94670
 8.84695 61.01970
 8.84389 61.04640
 9.01166 60.94170
 9.02139 60.92390
 9.02695 60.90890
 9.02916 60.89780
 9.02653 60.88030
 9.00819 60.84790
 8.99833 60.84060
 8.96416 60.84830
 8.94736 60.85630
 8.91055 60.89220
 8.89416 60.91030
1061 14 8.63972 8.72125 60.93778 61.17723 'Delta Amacuro (Venezuela)'
 8.63972 61.04810
 8.64027 61.06200
 8.65195 61.13530
 8.65445 61.14690
 8.66347 61.17000
 8.67666 61.17720
 8.70055 61.09810
 8.71500 61.02580
 8.72125 60.93780
 8.68111 60.95990
 8.65264 60.99680
 8.64472 61.01940
 8.64027 61.04190
 8.63972 61.04810
1062 15 8.89090 9.09298 60.85042 61.09667 'Delta Amacuro (Venezuela)'
 9.06495 60.85830
 9.03500 60.92200
 9.02222 60.94330
 9.00916 60.95780
 8.96695 60.99890
 8.92777 61.02970
 8.91847 61.03430
 8.89695 61.06140
 8.89250 61.07060
 8.89090 61.09670
 8.97132 61.07060
 9.05472 60.94720
 9.09298 60.85040
 9.07250 60.85440
 9.06495 60.85830
1063 11 8.61833 8.72695 60.80431 60.98862 'Delta Amacuro (Venezuela)'
 8.61833 60.92330
 8.61861 60.93030
 8.62389 60.95920
 8.63555 60.98860
 8.72695 60.84160
 8.71695 60.80940
 8.70555 60.80430
 8.67750 60.80640
 8.66750 60.81030
 8.65236 60.82330
 8.61833 60.92330
