4020 171 -28.61462 -24.99834 -17.49860 -14.80097 'Luderitz (Namibia)'
 -27.88970 -17.49860
 -27.90630 -17.48420
 -27.97810 -17.44940
 -28.01290 -17.44580
 -28.03130 -17.43470
 -28.06530 -17.28280
 -28.07000 -17.23390
 -28.08130 -17.16920
 -28.10230 -17.17170
 -28.09750 -17.15410
 -28.08710 -17.13430
 -28.06540 -17.12040
 -28.04580 -17.10790
 -28.03030 -17.07580
 -28.06750 -16.91190
 -28.09240 -16.88690
 -28.23780 -16.82250
 -28.36280 -16.80160
 -28.44170 -16.77670
 -28.49900 -16.71950
 -28.49030 -16.70060
 -28.46430 -16.67710
 -28.49610 -16.62500
 -28.57820 -16.48960
 -28.61460 -16.45160
 -28.59110 -16.39330
 -28.56280 -16.35440
 -28.39920 -16.17190
 -28.38390 -16.15810
 -28.33750 -16.11720
 -28.26640 -16.04970
 -28.24170 -16.02320
 -28.22920 -15.99750
 -28.21500 -15.97330
 -28.16280 -15.89860
 -28.03420 -15.75640
 -28.01110 -15.73610
 -27.95610 -15.68970
 -27.92920 -15.67650
 -27.90910 -15.68270
 -27.87350 -15.67140
 -27.84390 -15.64690
 -27.79750 -15.60560
 -27.76720 -15.57030
 -27.75440 -15.55250
 -27.73040 -15.53100
 -27.68180 -15.52190
 -27.66150 -15.53110
 -27.62690 -15.51920
 -27.45500 -15.39920
 -27.40720 -15.36060
 -27.32250 -15.29420
 -27.30220 -15.28720
 -27.21470 -15.26440
 -27.16220 -15.27000
 -26.96940 -15.23530
 -26.93670 -15.21860
 -26.92330 -15.20220
 -26.91830 -15.17920
 -26.90280 -15.15780
 -26.78390 -15.11250
 -26.73530 -15.09500
 -26.69690 -15.08400
 -26.65000 -15.07970
 -26.63420 -15.09400
 -26.63170 -15.13170
 -26.67470 -15.13680
 -26.62330 -15.16670
 -26.60170 -15.17180
 -26.47860 -15.13110
 -26.44710 -15.11740
 -26.40320 -15.08810
 -26.37500 -15.04750
 -26.36490 -15.02320
 -26.35360 -14.99190
 -26.34010 -14.96990
 -26.30810 -14.95920
 -26.13740 -14.94740
 -26.13020 -14.97430
 -26.08890 -14.98170
 -26.06350 -14.98080
 -26.01420 -14.96940
 -25.98780 -14.95750
 -25.96310 -14.93560
 -25.93680 -14.91530
 -25.76190 -14.83780
 -25.74190 -14.83430
 -25.63360 -14.84920
 -25.59030 -14.86470
 -25.56730 -14.88090
 -25.41860 -14.84100
 -25.40140 -14.83000
 -25.37920 -14.81710
 -25.28040 -14.80100
 -25.25330 -14.81170
 -25.18750 -14.83420
 -25.08720 -14.85780
 -25.05890 -14.85670
 -25.01140 -14.83890
 -24.99940 -14.83210
 -24.99970 -15.63330
 -24.99920 -15.73390
 -24.99830 -15.75640
 -25.08560 -15.78330
 -25.20390 -15.80220
 -25.24670 -15.80830
 -25.52610 -15.85330
 -25.60360 -15.86670
 -25.58010 -15.94850
 -25.61220 -15.98530
 -25.86860 -16.19110
 -25.82890 -16.26500
 -25.87530 -16.34530
 -25.85390 -16.34140
 -25.65920 -16.29940
 -25.58330 -16.28330
 -25.56040 -16.37690
 -25.58890 -16.41560
 -25.60170 -16.39720
 -25.66030 -16.41640
 -25.71780 -16.42110
 -25.92000 -16.46720
 -25.99770 -16.49930
 -25.99580 -16.52530
 -26.10810 -16.60830
 -26.10830 -16.55000
 -26.10940 -16.51780
 -26.14110 -16.51940
 -26.16440 -16.52610
 -26.24330 -16.55190
 -26.21170 -16.63940
 -26.27940 -16.67420
 -26.33920 -16.66080
 -26.50440 -16.60560
 -26.53610 -16.66120
 -26.60110 -16.67140
 -26.60860 -16.64670
 -26.62110 -16.61080
 -26.67890 -16.59440
 -26.74780 -16.69250
 -27.01470 -16.79560
 -26.99330 -16.60030
 -27.03640 -16.52390
 -27.09530 -16.53530
 -27.08250 -16.60810
 -27.07220 -16.66030
 -27.12640 -16.72920
 -27.06440 -16.81190
 -27.02530 -16.86580
 -27.07350 -16.87390
 -27.14830 -16.88750
 -27.17470 -16.98510
 -27.22390 -16.99220
 -27.23310 -16.96690
 -27.28510 -16.84970
 -27.39780 -16.88500
 -27.56060 -17.00560
 -27.57330 -16.90470
 -27.62750 -16.91670
 -27.69580 -16.93310
 -27.74440 -16.98860
 -27.65140 -17.11330
 -27.61290 -17.18760
 -27.55060 -17.19360
 -27.57810 -17.27860
 -27.62470 -17.35080
 -27.69750 -17.28970
 -27.89640 -17.29250
 -27.97330 -17.29440
 -27.88830 -17.49830
 -27.88970 -17.49860
4021 97 -25.87528 -23.85139 -17.33478 -15.64153 'Maltahohe (Namibia)'
 -24.88310 -17.31080
 -24.89190 -17.26470
 -24.91250 -17.23000
 -24.93190 -17.20000
 -24.97000 -17.18890
 -25.17640 -17.19940
 -25.22970 -17.21330
 -25.33830 -17.29670
 -25.40650 -17.30580
 -25.45610 -17.27190
 -25.50390 -17.28830
 -25.57910 -17.33480
 -25.75820 -17.33470
 -25.75440 -17.32750
 -25.68670 -17.15360
 -25.70330 -17.07080
 -25.72970 -17.00440
 -25.73780 -16.96810
 -25.68830 -16.96810
 -25.65030 -16.89640
 -25.62280 -16.80420
 -25.60080 -16.70940
 -25.58810 -16.62030
 -25.58240 -16.57100
 -25.51080 -16.53060
 -25.53360 -16.51280
 -25.63490 -16.46000
 -25.66030 -16.41640
 -25.60170 -16.39720
 -25.58890 -16.41560
 -25.56040 -16.37690
 -25.58330 -16.28330
 -25.65920 -16.29940
 -25.85390 -16.34140
 -25.87530 -16.34530
 -25.82890 -16.26500
 -25.86860 -16.19110
 -25.61220 -15.98530
 -25.58010 -15.94850
 -25.60360 -15.86670
 -25.52610 -15.85330
 -25.24670 -15.80830
 -25.20390 -15.80220
 -25.08560 -15.78330
 -24.99830 -15.75640
 -24.61320 -15.64150
 -24.53920 -15.65420
 -24.49830 -15.66220
 -24.44720 -15.67220
 -24.40640 -15.67940
 -24.17830 -15.70330
 -23.96170 -15.72690
 -23.95100 -15.72920
 -23.96310 -15.80060
 -23.97170 -15.92640
 -23.92530 -15.94530
 -23.92220 -16.02750
 -23.89080 -16.13780
 -23.85140 -16.26940
 -23.90330 -16.23750
 -23.94280 -16.21220
 -23.96010 -16.18930
 -24.01580 -16.27580
 -24.02490 -16.32040
 -23.98080 -16.39220
 -24.03670 -16.39170
 -24.08000 -16.33310
 -24.18030 -16.36720
 -24.18970 -16.30390
 -24.28780 -16.32280
 -24.29390 -16.35720
 -24.30780 -16.47080
 -24.22800 -16.48540
 -24.20420 -16.55500
 -24.22640 -16.60860
 -24.26610 -16.70080
 -24.23330 -16.71940
 -24.28140 -16.79390
 -24.36580 -16.81250
 -24.36360 -16.83580
 -24.35110 -16.89360
 -24.29390 -16.89610
 -24.26080 -16.85560
 -24.22080 -16.86860
 -24.19810 -16.87690
 -24.19780 -16.94360
 -24.21360 -17.02690
 -24.24610 -17.12600
 -24.35570 -17.17190
 -24.44310 -17.12310
 -24.46390 -17.15140
 -24.50580 -17.21970
 -24.66210 -17.28680
 -24.72030 -17.25890
 -24.76280 -17.28170
 -24.84890 -17.30580
 -24.88310 -17.31080
4026 97 -27.97334 -25.51077 -17.78722 -16.41638 'Bethanien (Namibia)'
 -27.88970 -17.49860
 -27.88830 -17.49830
 -27.97330 -17.29440
 -27.89640 -17.29250
 -27.69750 -17.28970
 -27.62470 -17.35080
 -27.57810 -17.27860
 -27.55060 -17.19360
 -27.61290 -17.18760
 -27.65140 -17.11330
 -27.74440 -16.98860
 -27.69580 -16.93310
 -27.62750 -16.91670
 -27.57330 -16.90470
 -27.56060 -17.00560
 -27.39780 -16.88500
 -27.28510 -16.84970
 -27.23310 -16.96690
 -27.22390 -16.99220
 -27.17470 -16.98510
 -27.14830 -16.88750
 -27.07350 -16.87390
 -27.02530 -16.86580
 -27.06440 -16.81190
 -27.12640 -16.72920
 -27.07220 -16.66030
 -27.08250 -16.60810
 -27.09530 -16.53530
 -27.03640 -16.52390
 -26.99330 -16.60030
 -27.01470 -16.79560
 -26.74780 -16.69250
 -26.67890 -16.59440
 -26.62110 -16.61080
 -26.60860 -16.64670
 -26.60110 -16.67140
 -26.53610 -16.66120
 -26.50440 -16.60560
 -26.33920 -16.66080
 -26.27940 -16.67420
 -26.21170 -16.63940
 -26.24330 -16.55190
 -26.16440 -16.52610
 -26.14110 -16.51940
 -26.10940 -16.51780
 -26.10830 -16.55000
 -26.10810 -16.60830
 -25.99580 -16.52530
 -25.99770 -16.49930
 -25.92000 -16.46720
 -25.71780 -16.42110
 -25.66030 -16.41640
 -25.63490 -16.46000
 -25.53360 -16.51280
 -25.51080 -16.53060
 -25.58240 -16.57100
 -25.58810 -16.62030
 -25.60080 -16.70940
 -25.62280 -16.80420
 -25.65030 -16.89640
 -25.68830 -16.96810
 -25.73780 -16.96810
 -25.72970 -17.00440
 -25.70330 -17.07080
 -25.68670 -17.15360
 -25.75440 -17.32750
 -25.75820 -17.33470
 -26.07720 -17.32810
 -26.20690 -17.22680
 -26.30710 -17.26690
 -26.40240 -17.37850
 -26.50730 -17.38290
 -26.56430 -17.25010
 -26.60910 -17.26520
 -26.62420 -17.04570
 -26.72270 -17.04990
 -26.75750 -17.20580
 -26.74540 -17.34180
 -26.70610 -17.62250
 -26.70080 -17.78720
 -26.78000 -17.72720
 -26.78560 -17.69000
 -26.81940 -17.66060
 -26.89140 -17.68780
 -26.98030 -17.68890
 -27.04360 -17.68390
 -27.08300 -17.67080
 -27.13250 -17.66390
 -27.33440 -17.66360
 -27.42810 -17.66690
 -27.46760 -17.66540
 -27.45820 -17.63560
 -27.53360 -17.53000
 -27.74060 -17.54610
 -27.77630 -17.55310
 -27.81420 -17.54310
 -27.88970 -17.49860
4027 121 -28.96187 -27.13111 -19.99876 -17.16924 'Karasburg (Namibia)'
 -27.88970 -17.49860
 -27.81420 -17.54310
 -27.77630 -17.55310
 -27.74060 -17.54610
 -27.53360 -17.53000
 -27.45820 -17.63560
 -27.46760 -17.66540
 -27.44390 -17.75670
 -27.46580 -17.76750
 -27.52750 -17.80610
 -27.56890 -17.86280
 -27.60830 -17.95140
 -27.58280 -18.00060
 -27.62670 -18.06000
 -27.66390 -18.11220
 -27.63830 -18.12420
 -27.54670 -18.12940
 -27.51190 -18.13720
 -27.51440 -18.26170
 -27.51720 -18.37030
 -27.57470 -18.36810
 -27.57190 -18.39920
 -27.55330 -18.55060
 -27.48830 -18.57430
 -27.45610 -18.58670
 -27.31190 -18.68030
 -27.26670 -18.74220
 -27.28190 -18.80560
 -27.24360 -18.82580
 -27.17330 -18.84860
 -27.13750 -18.86110
 -27.13110 -18.98500
 -27.22190 -18.95220
 -27.29860 -19.14690
 -27.32440 -19.36470
 -27.27440 -19.38330
 -27.15500 -19.39670
 -27.18220 -19.45440
 -27.29080 -19.58280
 -27.35920 -19.71260
 -27.35810 -19.79670
 -27.38610 -19.81580
 -27.43010 -19.84850
 -27.43360 -19.87860
 -27.40610 -19.88720
 -27.36610 -19.90110
 -27.36860 -19.99390
 -27.36950 -19.99880
 -27.48580 -19.99830
 -27.58220 -19.99810
 -27.87190 -19.99780
 -28.06500 -19.99830
 -28.35470 -19.99810
 -28.41560 -19.99690
 -28.49250 -19.81220
 -28.49560 -19.78970
 -28.48560 -19.74360
 -28.52830 -19.56750
 -28.59500 -19.51330
 -28.63310 -19.49390
 -28.66900 -19.49070
 -28.69970 -19.46640
 -28.71080 -19.44780
 -28.71890 -19.41830
 -28.73580 -19.34900
 -28.72750 -19.32250
 -28.72540 -19.30140
 -28.73130 -19.27720
 -28.74490 -19.26120
 -28.80240 -19.23980
 -28.83170 -19.24810
 -28.85540 -19.26000
 -28.89940 -19.25390
 -28.93720 -19.18390
 -28.95500 -19.14580
 -28.96190 -19.10830
 -28.92790 -19.00250
 -28.90500 -18.98570
 -28.87760 -18.97040
 -28.86640 -18.95150
 -28.83650 -18.71920
 -28.88440 -18.33830
 -28.90850 -18.18130
 -28.86810 -18.04440
 -28.84990 -18.02610
 -28.82690 -18.00140
 -28.80410 -17.96990
 -28.77920 -17.91250
 -28.74640 -17.74970
 -28.75670 -17.71080
 -28.76990 -17.67930
 -28.77400 -17.64340
 -28.75310 -17.60530
 -28.72070 -17.60220
 -28.68950 -17.58980
 -28.69470 -17.49780
 -28.70280 -17.46110
 -28.71530 -17.42200
 -28.70840 -17.40090
 -28.53500 -17.36140
 -28.42420 -17.38540
 -28.40220 -17.39610
 -28.36320 -17.39960
 -28.34220 -17.39810
 -28.23310 -17.34310
 -28.22100 -17.30960
 -28.23830 -17.27880
 -28.24210 -17.21880
 -28.22360 -17.19860
 -28.20050 -17.18440
 -28.17170 -17.18830
 -28.11410 -17.18900
 -28.10230 -17.17170
 -28.08130 -17.16920
 -28.07000 -17.23390
 -28.06530 -17.28280
 -28.03130 -17.43470
 -28.01290 -17.44580
 -27.97810 -17.44940
 -27.90630 -17.48420
 -27.88970 -17.49860
4028 90 -27.66389 -25.47806 -20.00044 -17.66055 'Keetmanshoop (Namibia)'
 -26.70080 -17.78720
 -26.61410 -17.82930
 -26.51930 -17.88490
 -26.49300 -17.93930
 -26.40330 -17.91860
 -26.33430 -17.96030
 -26.24440 -17.95390
 -26.24550 -18.06140
 -26.34130 -18.11820
 -26.32740 -18.22300
 -26.33930 -18.31650
 -26.31740 -18.36380
 -26.33060 -18.53610
 -26.13240 -18.64960
 -26.07040 -18.64370
 -26.03870 -18.60250
 -26.00050 -18.56350
 -25.53640 -18.56920
 -25.54610 -18.94140
 -25.56720 -19.07750
 -25.51750 -19.18530
 -25.47810 -19.22330
 -25.63690 -19.33890
 -25.59780 -19.39110
 -25.59190 -19.44250
 -25.60190 -19.54940
 -25.63580 -19.57280
 -25.64390 -19.64190
 -25.64280 -19.69890
 -25.68080 -19.74720
 -25.60560 -19.91750
 -25.63610 -19.92890
 -25.61650 -20.00040
 -25.87080 -20.00000
 -26.40920 -20.00000
 -27.03030 -19.99940
 -27.32030 -19.99920
 -27.36950 -19.99880
 -27.36860 -19.99390
 -27.36610 -19.90110
 -27.40610 -19.88720
 -27.43360 -19.87860
 -27.43010 -19.84850
 -27.38610 -19.81580
 -27.35810 -19.79670
 -27.35920 -19.71260
 -27.29080 -19.58280
 -27.18220 -19.45440
 -27.15500 -19.39670
 -27.27440 -19.38330
 -27.32440 -19.36470
 -27.29860 -19.14690
 -27.22190 -18.95220
 -27.13110 -18.98500
 -27.13750 -18.86110
 -27.17330 -18.84860
 -27.24360 -18.82580
 -27.28190 -18.80560
 -27.26670 -18.74220
 -27.31190 -18.68030
 -27.45610 -18.58670
 -27.48830 -18.57430
 -27.55330 -18.55060
 -27.57190 -18.39920
 -27.57470 -18.36810
 -27.51720 -18.37030
 -27.51440 -18.26170
 -27.51190 -18.13720
 -27.54670 -18.12940
 -27.63830 -18.12420
 -27.66390 -18.11220
 -27.62670 -18.06000
 -27.58280 -18.00060
 -27.60830 -17.95140
 -27.56890 -17.86280
 -27.52750 -17.80610
 -27.46580 -17.76750
 -27.44390 -17.75670
 -27.46760 -17.66540
 -27.42810 -17.66690
 -27.33440 -17.66360
 -27.13250 -17.66390
 -27.08300 -17.67080
 -27.04360 -17.68390
 -26.98030 -17.68890
 -26.89140 -17.68780
 -26.81940 -17.66060
 -26.78560 -17.69000
 -26.78000 -17.72720
 -26.70080 -17.78720
4029 103 -25.68084 -23.45112 -20.00222 -17.12305 'Mariental (Namibia)'
 -24.88310 -17.31080
 -24.84890 -17.30580
 -24.76280 -17.28170
 -24.72030 -17.25890
 -24.66210 -17.28680
 -24.50580 -17.21970
 -24.46390 -17.15140
 -24.44310 -17.12310
 -24.35570 -17.17190
 -24.24610 -17.12600
 -24.20460 -17.17150
 -24.18920 -17.21030
 -24.12920 -17.26360
 -24.10720 -17.28190
 -24.06170 -17.29470
 -24.06720 -17.31920
 -24.10730 -17.54330
 -23.96720 -17.74360
 -23.91140 -17.73750
 -23.83190 -17.66690
 -23.83030 -17.62920
 -23.82690 -17.57250
 -23.82330 -17.52720
 -23.68040 -17.43900
 -23.61030 -17.45020
 -23.60580 -17.48750
 -23.60940 -17.64670
 -23.57470 -17.64860
 -23.57360 -17.71280
 -23.57280 -17.80420
 -23.57310 -17.86140
 -23.58890 -17.92190
 -23.65250 -17.97500
 -23.64030 -18.07750
 -23.60140 -18.15830
 -23.54280 -18.22440
 -23.45110 -18.41440
 -23.49420 -18.43920
 -23.50370 -18.44360
 -23.51440 -18.43890
 -23.68900 -18.53890
 -23.64940 -18.58080
 -23.73320 -18.67320
 -23.75130 -18.77640
 -23.67750 -18.97310
 -23.67830 -19.00170
 -23.68140 -19.04690
 -23.71690 -19.02500
 -23.72080 -19.15530
 -23.66920 -19.19860
 -23.65000 -19.21360
 -23.65640 -19.27000
 -23.68640 -19.27060
 -23.86830 -19.28380
 -23.86940 -19.35220
 -23.86610 -19.88140
 -23.86560 -19.95690
 -23.86440 -20.00050
 -23.95080 -20.00000
 -24.28220 -20.00060
 -24.40640 -20.00110
 -24.57220 -20.00190
 -24.72420 -20.00220
 -24.76560 -20.00170
 -24.76540 -20.00090
 -24.79360 -20.00170
 -24.86280 -20.00170
 -25.08360 -20.00140
 -25.22170 -20.00060
 -25.41500 -20.00030
 -25.61650 -20.00040
 -25.63610 -19.92890
 -25.60560 -19.91750
 -25.68080 -19.74720
 -25.64280 -19.69890
 -25.64390 -19.64190
 -25.63580 -19.57280
 -25.60190 -19.54940
 -25.59190 -19.44250
 -25.59780 -19.39110
 -25.63690 -19.33890
 -25.47810 -19.22330
 -25.51750 -19.18530
 -25.56720 -19.07750
 -25.54610 -18.94140
 -25.53640 -18.56920
 -25.44780 -18.56440
 -25.44110 -18.47610
 -25.45000 -18.43440
 -25.34870 -18.42970
 -25.31970 -18.33120
 -25.26850 -18.31120
 -25.13580 -18.30400
 -25.11280 -18.24380
 -24.97140 -18.24840
 -24.96060 -18.04990
 -24.94590 -17.81060
 -24.88050 -17.71150
 -24.86180 -17.65140
 -24.87350 -17.55840
 -24.89750 -17.51820
 -24.88750 -17.44640
 -24.88310 -17.31080
4030 60 -26.75750 -24.86184 -18.64957 -17.04568 'Namaland (Namibia)'
 -25.53640 -18.56920
 -26.00050 -18.56350
 -26.03870 -18.60250
 -26.07040 -18.64370
 -26.13240 -18.64960
 -26.33060 -18.53610
 -26.31740 -18.36380
 -26.33930 -18.31650
 -26.32740 -18.22300
 -26.34130 -18.11820
 -26.24550 -18.06140
 -26.24440 -17.95390
 -26.33430 -17.96030
 -26.40330 -17.91860
 -26.49300 -17.93930
 -26.51930 -17.88490
 -26.61410 -17.82930
 -26.70080 -17.78720
 -26.70610 -17.62250
 -26.74540 -17.34180
 -26.75750 -17.20580
 -26.72270 -17.04990
 -26.62420 -17.04570
 -26.60910 -17.26520
 -26.56430 -17.25010
 -26.50730 -17.38290
 -26.40240 -17.37850
 -26.30710 -17.26690
 -26.20690 -17.22680
 -26.07720 -17.32810
 -25.75820 -17.33470
 -25.57910 -17.33480
 -25.50390 -17.28830
 -25.45610 -17.27190
 -25.40650 -17.30580
 -25.33830 -17.29670
 -25.22970 -17.21330
 -25.17640 -17.19940
 -24.97000 -17.18890
 -24.93190 -17.20000
 -24.91250 -17.23000
 -24.89190 -17.26470
 -24.88310 -17.31080
 -24.88750 -17.44640
 -24.89750 -17.51820
 -24.87350 -17.55840
 -24.86180 -17.65140
 -24.88050 -17.71150
 -24.94590 -17.81060
 -24.96060 -18.04990
 -24.97140 -18.24840
 -25.11280 -18.24380
 -25.13580 -18.30400
 -25.26850 -18.31120
 -25.31970 -18.33120
 -25.34870 -18.42970
 -25.45000 -18.43440
 -25.44110 -18.47610
 -25.44780 -18.56440
 -25.53640 -18.56920
4031 99 -24.36584 -22.83750 -17.74361 -16.26695 'Rehoboth (Namibia)'
 -24.02490 -16.32040
 -24.00000 -16.31030
 -23.93030 -16.28390
 -23.86810 -16.35060
 -23.88060 -16.38970
 -23.88080 -16.49510
 -23.85500 -16.50810
 -23.81780 -16.49150
 -23.78970 -16.39000
 -23.80640 -16.37500
 -23.79470 -16.32190
 -23.78250 -16.26690
 -23.70360 -16.28810
 -23.59750 -16.34690
 -23.62390 -16.37370
 -23.65780 -16.37560
 -23.68920 -16.37610
 -23.68890 -16.46560
 -23.65470 -16.50420
 -23.58220 -16.58360
 -23.52530 -16.57140
 -23.50670 -16.53500
 -23.48170 -16.48190
 -23.22190 -16.62390
 -23.27640 -16.65860
 -23.26280 -16.71420
 -23.22970 -16.84440
 -23.16330 -16.75220
 -23.05610 -16.74000
 -23.02470 -16.76500
 -22.98720 -16.79500
 -23.00920 -16.81780
 -22.98000 -16.90170
 -22.94690 -16.99810
 -22.92970 -17.05900
 -23.03890 -17.07000
 -23.04900 -17.12330
 -23.00930 -17.14120
 -22.97280 -17.13110
 -22.93970 -17.12060
 -22.84140 -17.10060
 -22.83750 -17.25190
 -22.89530 -17.31140
 -22.93610 -17.42360
 -22.89390 -17.49760
 -22.85000 -17.50440
 -22.84970 -17.56280
 -22.91890 -17.61810
 -22.95060 -17.58420
 -23.01360 -17.58780
 -23.06860 -17.62640
 -23.18080 -17.61060
 -23.22360 -17.57560
 -23.23610 -17.50970
 -23.32810 -17.43170
 -23.41750 -17.38720
 -23.49780 -17.40220
 -23.51000 -17.44140
 -23.57390 -17.44780
 -23.61030 -17.45020
 -23.68040 -17.43900
 -23.82330 -17.52720
 -23.82690 -17.57250
 -23.83030 -17.62920
 -23.83190 -17.66690
 -23.91140 -17.73750
 -23.96720 -17.74360
 -24.10730 -17.54330
 -24.06720 -17.31920
 -24.06170 -17.29470
 -24.10720 -17.28190
 -24.12920 -17.26360
 -24.18920 -17.21030
 -24.20460 -17.17150
 -24.24610 -17.12600
 -24.21360 -17.02690
 -24.19780 -16.94360
 -24.19810 -16.87690
 -24.22080 -16.86860
 -24.26080 -16.85560
 -24.29390 -16.89610
 -24.35110 -16.89360
 -24.36360 -16.83580
 -24.36580 -16.81250
 -24.28140 -16.79390
 -24.23330 -16.71940
 -24.26610 -16.70080
 -24.22640 -16.60860
 -24.20420 -16.55500
 -24.22800 -16.48540
 -24.30780 -16.47080
 -24.29390 -16.35720
 -24.28780 -16.32280
 -24.18970 -16.30390
 -24.18030 -16.36720
 -24.08000 -16.33310
 -24.03670 -16.39170
 -23.98080 -16.39220
 -24.02490 -16.32040
4032 183 -24.02486 -21.70528 -18.51222 -15.72915 'Windhoek (Namibia)'
 -23.95100 -15.72920
 -23.94250 -15.72940
 -23.81360 -15.74250
 -23.81250 -15.77720
 -23.80890 -15.84280
 -23.74750 -15.85360
 -23.53330 -15.85330
 -23.51170 -15.80000
 -23.48810 -15.74610
 -23.45860 -15.75890
 -23.40940 -15.78140
 -23.39060 -15.79080
 -23.38250 -15.85330
 -23.31780 -15.84110
 -23.25280 -15.82830
 -23.24690 -15.82640
 -23.21500 -15.93140
 -23.18500 -15.90250
 -23.14610 -15.86690
 -23.00030 -15.88330
 -22.94530 -15.89000
 -22.87670 -15.89890
 -22.86110 -15.91690
 -22.84830 -15.95640
 -22.84350 -16.06180
 -22.69920 -16.06420
 -22.70030 -16.03890
 -22.70170 -16.00920
 -22.70130 -15.95370
 -22.58500 -16.07760
 -22.60140 -16.12970
 -22.61000 -16.15920
 -22.57390 -16.21780
 -22.54780 -16.22140
 -22.42570 -16.34560
 -22.38610 -16.40940
 -22.37390 -16.44710
 -22.34720 -16.54060
 -22.35940 -16.64420
 -22.35080 -16.75000
 -22.32940 -16.74610
 -22.30830 -16.74110
 -22.32030 -16.68250
 -22.29670 -16.67970
 -22.23030 -16.72280
 -22.22810 -16.75080
 -22.28780 -16.77140
 -22.30140 -16.83360
 -22.27060 -16.99940
 -22.19080 -17.10030
 -22.24640 -17.12860
 -22.19330 -17.25720
 -22.15140 -17.25670
 -22.13970 -17.31720
 -22.09420 -17.45640
 -22.04390 -17.47580
 -21.96970 -17.48860
 -21.83610 -17.60250
 -21.81360 -17.69170
 -21.84530 -17.72060
 -21.82600 -17.80580
 -21.81140 -17.83780
 -21.75670 -17.89860
 -21.72690 -17.97940
 -21.74720 -18.00560
 -21.70530 -18.11810
 -21.77390 -18.13110
 -21.82330 -18.06940
 -21.86000 -18.07190
 -21.88220 -18.12330
 -21.91080 -18.12780
 -21.96390 -18.13440
 -22.05670 -18.07190
 -22.11110 -17.97440
 -22.21580 -17.96070
 -22.30060 -18.00030
 -22.35290 -18.04930
 -22.34780 -18.10060
 -22.41560 -18.14360
 -22.46780 -18.12330
 -22.50140 -18.17080
 -22.46500 -18.21640
 -22.54920 -18.23720
 -22.81860 -18.29720
 -22.92530 -18.29640
 -22.95950 -18.30260
 -22.92500 -18.39940
 -22.98000 -18.39470
 -23.01320 -18.32060
 -23.05000 -18.33220
 -23.08420 -18.36940
 -23.09070 -18.42710
 -23.16750 -18.45810
 -23.17540 -18.36420
 -23.21940 -18.34360
 -23.24810 -18.38080
 -23.34610 -18.51220
 -23.39250 -18.49220
 -23.50370 -18.44360
 -23.49420 -18.43920
 -23.45110 -18.41440
 -23.54280 -18.22440
 -23.60140 -18.15830
 -23.64030 -18.07750
 -23.65250 -17.97500
 -23.58890 -17.92190
 -23.57310 -17.86140
 -23.57280 -17.80420
 -23.57360 -17.71280
 -23.57470 -17.64860
 -23.60940 -17.64670
 -23.60580 -17.48750
 -23.61030 -17.45020
 -23.57390 -17.44780
 -23.51000 -17.44140
 -23.49780 -17.40220
 -23.41750 -17.38720
 -23.32810 -17.43170
 -23.23610 -17.50970
 -23.22360 -17.57560
 -23.18080 -17.61060
 -23.06860 -17.62640
 -23.01360 -17.58780
 -22.95060 -17.58420
 -22.91890 -17.61810
 -22.84970 -17.56280
 -22.85000 -17.50440
 -22.89390 -17.49760
 -22.93610 -17.42360
 -22.89530 -17.31140
 -22.83750 -17.25190
 -22.84140 -17.10060
 -22.93970 -17.12060
 -22.97280 -17.13110
 -23.00930 -17.14120
 -23.04900 -17.12330
 -23.03890 -17.07000
 -22.92970 -17.05900
 -22.94690 -16.99810
 -22.98000 -16.90170
 -23.00920 -16.81780
 -22.98720 -16.79500
 -23.02470 -16.76500
 -23.05610 -16.74000
 -23.16330 -16.75220
 -23.22970 -16.84440
 -23.26280 -16.71420
 -23.27640 -16.65860
 -23.22190 -16.62390
 -23.48170 -16.48190
 -23.50670 -16.53500
 -23.52530 -16.57140
 -23.58220 -16.58360
 -23.65470 -16.50420
 -23.68890 -16.46560
 -23.68920 -16.37610
 -23.65780 -16.37560
 -23.62390 -16.37370
 -23.59750 -16.34690
 -23.70360 -16.28810
 -23.78250 -16.26690
 -23.79470 -16.32190
 -23.80640 -16.37500
 -23.78970 -16.39000
 -23.81780 -16.49150
 -23.85500 -16.50810
 -23.88080 -16.49510
 -23.88060 -16.38970
 -23.86810 -16.35060
 -23.93030 -16.28390
 -24.00000 -16.31030
 -24.02490 -16.32040
 -24.01580 -16.27580
 -23.96010 -16.18930
 -23.94280 -16.21220
 -23.90330 -16.23750
 -23.85140 -16.26940
 -23.89080 -16.13780
 -23.92220 -16.02750
 -23.92530 -15.94530
 -23.97170 -15.92640
 -23.96310 -15.80060
 -23.95100 -15.72920
4059 116 -22.47917 -18.99695 -15.72277 -13.14528 'Damaraland (Namibia)'
 -20.69010 -15.59440
 -20.79280 -15.54560
 -20.81810 -15.63360
 -20.86720 -15.63390
 -20.91860 -15.62810
 -20.95190 -15.70000
 -21.00140 -15.72280
 -21.14380 -15.59210
 -21.17000 -15.50000
 -21.15970 -15.46540
 -21.29410 -15.41720
 -21.33810 -15.43010
 -21.37080 -15.47560
 -21.36470 -15.49920
 -21.36150 -15.53550
 -21.38290 -15.55920
 -21.47750 -15.56110
 -21.49780 -15.55610
 -21.58600 -15.53000
 -21.68170 -15.49810
 -21.71000 -15.50860
 -21.77640 -15.46390
 -21.85990 -15.40830
 -21.97690 -15.39580
 -22.03640 -15.37170
 -22.07690 -15.35360
 -22.06690 -15.31640
 -22.13920 -15.17280
 -22.16000 -15.15310
 -22.23510 -15.10780
 -22.12780 -15.00030
 -22.12500 -14.92080
 -22.30060 -15.04920
 -22.32330 -15.07440
 -22.37970 -15.03250
 -22.40330 -15.01360
 -22.47920 -14.91670
 -22.39750 -14.86330
 -22.23390 -14.75720
 -21.88310 -14.53060
 -21.34440 -14.18530
 -21.05860 -14.00330
 -21.02440 -13.98580
 -20.63470 -13.78780
 -20.56610 -13.75310
 -20.33690 -13.63780
 -20.09610 -13.51670
 -19.95420 -13.44500
 -19.67860 -13.30530
 -19.51780 -13.22330
 -19.46060 -13.19440
 -19.36860 -13.14830
 -19.36100 -13.14530
 -19.34850 -13.17940
 -19.30460 -13.26850
 -19.19810 -13.44610
 -19.11740 -13.54430
 -19.08900 -13.53760
 -19.06170 -13.54150
 -19.03830 -13.55500
 -19.01440 -13.57830
 -19.00260 -13.60150
 -18.99690 -13.62510
 -18.99750 -13.65320
 -19.00560 -13.68030
 -19.02660 -13.70470
 -19.06900 -13.72350
 -19.10810 -13.72760
 -19.26260 -13.83860
 -19.30810 -13.91190
 -19.32850 -13.96690
 -19.43420 -14.12170
 -19.46260 -14.19700
 -19.38920 -14.30830
 -19.37130 -14.32720
 -19.34640 -14.34000
 -19.29400 -14.36060
 -19.25810 -14.37750
 -19.23110 -14.39810
 -19.21350 -14.41640
 -19.19830 -14.43720
 -19.19260 -14.44650
 -19.20420 -14.45030
 -19.45350 -14.50210
 -19.47720 -14.49320
 -19.50380 -14.47740
 -19.61170 -14.51110
 -19.63070 -14.55780
 -19.64360 -14.58830
 -19.67310 -14.57640
 -19.73190 -14.55080
 -19.73670 -14.59810
 -19.74720 -14.63250
 -19.80690 -14.68330
 -19.94640 -14.75080
 -19.97810 -14.75780
 -20.00860 -14.76070
 -20.05180 -14.75870
 -20.06250 -14.79220
 -20.06360 -14.87000
 -20.06420 -14.93390
 -20.15640 -15.12970
 -20.19890 -15.13330
 -20.21420 -15.11140
 -20.28920 -15.09060
 -20.33360 -15.18310
 -20.36780 -15.19940
 -20.42360 -15.23310
 -20.42580 -15.29420
 -20.42640 -15.32930
 -20.49190 -15.45970
 -20.53360 -15.48970
 -20.56170 -15.57640
 -20.56250 -15.60080
 -20.60970 -15.59860
 -20.69010 -15.59440
4060 123 -19.53909 -16.95417 -14.71389 -11.71639 'Kaokoland (Namibia)'
 -19.36100 -13.14530
 -19.37490 -13.11210
 -19.38240 -13.08850
 -19.38750 -13.05250
 -19.38830 -13.02620
 -19.38580 -13.00020
 -19.39920 -12.97360
 -19.48310 -12.85250
 -19.53910 -12.77330
 -19.41780 -12.70720
 -19.39920 -12.69860
 -19.36940 -12.68810
 -19.26170 -12.64000
 -19.15250 -12.58690
 -19.06780 -12.54220
 -18.92810 -12.46080
 -18.89920 -12.44170
 -18.86650 -12.41870
 -18.71720 -12.30670
 -18.70080 -12.29080
 -18.65060 -12.23080
 -18.63860 -12.21360
 -18.62690 -12.19670
 -18.61280 -12.17460
 -18.59310 -12.14610
 -18.57780 -12.12560
 -18.53560 -12.08310
 -18.47110 -12.02080
 -18.41330 -11.99790
 -18.37430 -11.99750
 -18.26580 -11.95310
 -18.24780 -11.94390
 -18.18060 -11.89240
 -18.13920 -11.84710
 -18.08630 -11.80720
 -17.98820 -11.76760
 -17.96180 -11.76110
 -17.83030 -11.74190
 -17.76190 -11.73250
 -17.56420 -11.71670
 -17.53920 -11.71640
 -17.48360 -11.71720
 -17.45720 -11.72060
 -17.37220 -11.73220
 -17.32970 -11.74780
 -17.30920 -11.74970
 -17.26500 -11.75370
 -17.25480 -11.75280
 -17.27030 -11.81170
 -17.22440 -11.88460
 -17.20580 -11.90220
 -17.18070 -11.93310
 -17.16420 -11.97610
 -17.14390 -12.04810
 -17.13650 -12.08780
 -17.19470 -12.20580
 -17.21530 -12.23810
 -17.22970 -12.29220
 -17.21280 -12.43420
 -17.24170 -12.47890
 -17.24330 -12.55720
 -17.22580 -12.60440
 -17.10710 -12.81790
 -17.07250 -12.85140
 -17.04010 -12.87980
 -17.01640 -12.92330
 -16.99110 -12.98580
 -16.97810 -13.01850
 -16.95420 -13.14920
 -16.95630 -13.17090
 -16.97360 -13.20890
 -16.98490 -13.26080
 -16.97810 -13.31780
 -16.97070 -13.34630
 -16.97090 -13.37600
 -17.01080 -13.47210
 -17.02560 -13.49430
 -17.08760 -13.52800
 -17.21890 -13.66070
 -17.24140 -13.69780
 -17.32360 -13.84140
 -17.40110 -13.92890
 -17.42390 -13.99320
 -17.60750 -14.08500
 -17.87750 -14.22250
 -18.50810 -14.54310
 -18.64610 -14.57550
 -18.75250 -14.60540
 -18.82000 -14.71390
 -18.91970 -14.53250
 -18.99250 -14.39750
 -19.05140 -14.41250
 -19.16030 -14.43920
 -19.19260 -14.44650
 -19.19830 -14.43720
 -19.21350 -14.41640
 -19.23110 -14.39810
 -19.25810 -14.37750
 -19.29400 -14.36060
 -19.34640 -14.34000
 -19.37130 -14.32720
 -19.38920 -14.30830
 -19.46260 -14.19700
 -19.43420 -14.12170
 -19.32850 -13.96690
 -19.30810 -13.91190
 -19.26260 -13.83860
 -19.10810 -13.72760
 -19.06900 -13.72350
 -19.02660 -13.70470
 -19.00560 -13.68030
 -18.99750 -13.65320
 -18.99690 -13.62510
 -19.00260 -13.60150
 -19.01440 -13.57830
 -19.03830 -13.55500
 -19.06170 -13.54150
 -19.08900 -13.53760
 -19.11740 -13.54430
 -19.19810 -13.44610
 -19.30460 -13.26850
 -19.34850 -13.17940
 -19.36100 -13.14530
4061 79 -23.24687 -21.58595 -16.47555 -14.92083 'Karibib (Namibia)'
 -23.24690 -15.82640
 -23.17250 -15.72610
 -23.16000 -15.67110
 -23.14360 -15.59810
 -23.00920 -15.61140
 -22.95750 -15.61610
 -22.87250 -15.62360
 -22.85220 -15.53610
 -22.84530 -15.50310
 -22.83500 -15.45860
 -22.74720 -15.40220
 -22.70460 -15.31120
 -22.68690 -15.28720
 -22.64170 -15.23720
 -22.57970 -15.22690
 -22.49440 -15.21360
 -22.40440 -15.20110
 -22.36810 -15.23810
 -22.33280 -15.21190
 -22.29640 -15.15810
 -22.30250 -15.12970
 -22.31060 -15.10030
 -22.32330 -15.07440
 -22.30060 -15.04920
 -22.12500 -14.92080
 -22.12780 -15.00030
 -22.23510 -15.10780
 -22.16000 -15.15310
 -22.13920 -15.17280
 -22.06690 -15.31640
 -22.07690 -15.35360
 -22.03640 -15.37170
 -21.97690 -15.39580
 -21.85990 -15.40830
 -21.77640 -15.46390
 -21.71000 -15.50860
 -21.68170 -15.49810
 -21.58600 -15.53000
 -21.59220 -15.55220
 -21.60000 -15.57560
 -21.66970 -15.55280
 -21.72470 -15.67920
 -21.73470 -15.78190
 -21.69470 -15.98580
 -21.68690 -16.16390
 -21.67330 -16.29170
 -21.72250 -16.35610
 -21.72810 -16.39360
 -21.85610 -16.44250
 -21.97440 -16.46060
 -22.02440 -16.46720
 -22.08110 -16.47420
 -22.14780 -16.47560
 -22.17330 -16.43140
 -22.19690 -16.38580
 -22.31520 -16.40920
 -22.37000 -16.44390
 -22.37390 -16.44710
 -22.38610 -16.40940
 -22.42570 -16.34560
 -22.54780 -16.22140
 -22.57390 -16.21780
 -22.61000 -16.15920
 -22.60140 -16.12970
 -22.58500 -16.07760
 -22.70130 -15.95370
 -22.70170 -16.00920
 -22.70030 -16.03890
 -22.69920 -16.06420
 -22.84350 -16.06180
 -22.84830 -15.95640
 -22.86110 -15.91690
 -22.87670 -15.89890
 -22.94530 -15.89000
 -23.00030 -15.88330
 -23.14610 -15.86690
 -23.18500 -15.90250
 -23.21500 -15.93140
 -23.24690 -15.82640
4062 54 -21.73473 -20.69008 -16.65056 -15.41722 'Omaruru (Namibia)'
 -21.72810 -16.39360
 -21.72250 -16.35610
 -21.67330 -16.29170
 -21.68690 -16.16390
 -21.69470 -15.98580
 -21.73470 -15.78190
 -21.72470 -15.67920
 -21.66970 -15.55280
 -21.60000 -15.57560
 -21.59220 -15.55220
 -21.58600 -15.53000
 -21.49780 -15.55610
 -21.47750 -15.56110
 -21.38290 -15.55920
 -21.36150 -15.53550
 -21.36470 -15.49920
 -21.37080 -15.47560
 -21.33810 -15.43010
 -21.29410 -15.41720
 -21.15970 -15.46540
 -21.17000 -15.50000
 -21.14380 -15.59210
 -21.00140 -15.72280
 -20.95190 -15.70000
 -20.91860 -15.62810
 -20.86720 -15.63390
 -20.81810 -15.63360
 -20.79280 -15.54560
 -20.69010 -15.59440
 -20.71080 -15.66280
 -20.76250 -15.74030
 -20.83280 -15.82080
 -20.84560 -15.83640
 -20.85970 -15.86470
 -20.90780 -15.96530
 -21.01080 -16.09940
 -21.04420 -16.19690
 -21.04040 -16.27220
 -21.15940 -16.39940
 -21.16580 -16.46190
 -21.18000 -16.58310
 -21.21720 -16.61310
 -21.22920 -16.65060
 -21.33440 -16.62280
 -21.36560 -16.60280
 -21.39310 -16.56580
 -21.42030 -16.52750
 -21.43420 -16.51170
 -21.44780 -16.49670
 -21.52430 -16.43260
 -21.54610 -16.42900
 -21.58490 -16.42870
 -21.64640 -16.41750
 -21.72810 -16.39360
4063 108 -21.31473 -19.95499 -18.11361 -15.59443 'Otjiwarongo (Namibia)'
 -20.40250 -17.74940
 -20.41190 -17.65220
 -20.50000 -17.58920
 -20.53610 -17.47860
 -20.48280 -17.42170
 -20.49250 -17.39250
 -20.54610 -17.38170
 -20.58190 -17.44280
 -20.62530 -17.45440
 -20.68280 -17.47140
 -20.80580 -17.62440
 -20.84280 -17.73110
 -20.86060 -17.82890
 -20.89000 -17.99190
 -20.89720 -18.03560
 -20.92940 -18.08810
 -20.94610 -18.11360
 -20.96610 -18.10690
 -21.04060 -18.06030
 -21.04000 -18.03500
 -21.01640 -17.96470
 -21.05830 -17.96560
 -21.10610 -17.96070
 -21.11060 -17.88360
 -21.14920 -17.74000
 -21.18280 -17.64500
 -21.16140 -17.59220
 -21.16720 -17.46890
 -21.19830 -17.46610
 -21.23830 -17.46420
 -21.24030 -17.50860
 -21.24080 -17.54750
 -21.27170 -17.54390
 -21.28530 -17.52610
 -21.31470 -17.44720
 -21.29690 -17.22720
 -21.27470 -17.22780
 -21.24510 -17.14640
 -21.24730 -17.09810
 -21.27810 -17.08890
 -21.30750 -17.05940
 -21.31190 -16.97030
 -21.25190 -16.81420
 -21.22310 -16.81670
 -21.20500 -16.75000
 -21.19860 -16.67250
 -21.22920 -16.65060
 -21.21720 -16.61310
 -21.18000 -16.58310
 -21.16580 -16.46190
 -21.15940 -16.39940
 -21.04040 -16.27220
 -21.04420 -16.19690
 -21.01080 -16.09940
 -20.90780 -15.96530
 -20.85970 -15.86470
 -20.84560 -15.83640
 -20.83280 -15.82080
 -20.76250 -15.74030
 -20.71080 -15.66280
 -20.69010 -15.59440
 -20.60970 -15.59860
 -20.56250 -15.60080
 -20.56400 -15.64350
 -20.56560 -15.67110
 -20.57140 -15.69470
 -20.58670 -15.76720
 -20.55140 -15.85690
 -20.47440 -15.92000
 -20.44110 -15.96670
 -20.41330 -16.04220
 -20.41390 -16.11940
 -20.38670 -16.17610
 -20.38170 -16.22030
 -20.41330 -16.24170
 -20.38220 -16.31390
 -20.34650 -16.31740
 -20.29720 -16.30890
 -20.21330 -16.30830
 -20.18470 -16.34580
 -20.19440 -16.37250
 -20.12310 -16.46970
 -20.12470 -16.55250
 -20.06920 -16.52860
 -20.00260 -16.53030
 -19.99690 -16.62640
 -19.99750 -16.64860
 -19.95560 -16.70440
 -19.95500 -16.71080
 -20.02610 -16.73890
 -20.05260 -16.75860
 -20.15440 -16.95640
 -20.16440 -16.97720
 -20.12170 -17.10580
 -20.14390 -17.12000
 -20.19860 -17.04010
 -20.36830 -17.24830
 -20.34720 -17.27640
 -20.28530 -17.35530
 -20.29280 -17.39330
 -20.30330 -17.44750
 -20.29280 -17.47810
 -20.28440 -17.53720
 -20.28220 -17.56000
 -20.32640 -17.62190
 -20.32880 -17.71620
 -20.39170 -17.74610
 -20.40250 -17.74940
4064 90 -20.58667 -18.50973 -16.71833 -14.39750 'Outjo (Namibia)'
 -19.48190 -16.69890
 -19.57250 -16.71830
 -19.69610 -16.71190
 -19.92180 -16.70010
 -19.95500 -16.71080
 -19.95560 -16.70440
 -19.99750 -16.64860
 -19.99690 -16.62640
 -20.00260 -16.53030
 -20.06920 -16.52860
 -20.12470 -16.55250
 -20.12310 -16.46970
 -20.19440 -16.37250
 -20.18470 -16.34580
 -20.21330 -16.30830
 -20.29720 -16.30890
 -20.34650 -16.31740
 -20.38220 -16.31390
 -20.41330 -16.24170
 -20.38170 -16.22030
 -20.38670 -16.17610
 -20.41390 -16.11940
 -20.41330 -16.04220
 -20.44110 -15.96670
 -20.47440 -15.92000
 -20.55140 -15.85690
 -20.58670 -15.76720
 -20.57140 -15.69470
 -20.56560 -15.67110
 -20.56400 -15.64350
 -20.56250 -15.60080
 -20.56170 -15.57640
 -20.53360 -15.48970
 -20.49190 -15.45970
 -20.42640 -15.32930
 -20.42580 -15.29420
 -20.42360 -15.23310
 -20.36780 -15.19940
 -20.33360 -15.18310
 -20.28920 -15.09060
 -20.21420 -15.11140
 -20.19890 -15.13330
 -20.15640 -15.12970
 -20.06420 -14.93390
 -20.06360 -14.87000
 -20.06250 -14.79220
 -20.05180 -14.75870
 -20.00860 -14.76070
 -19.97810 -14.75780
 -19.94640 -14.75080
 -19.80690 -14.68330
 -19.74720 -14.63250
 -19.73670 -14.59810
 -19.73190 -14.55080
 -19.67310 -14.57640
 -19.64360 -14.58830
 -19.63070 -14.55780
 -19.61170 -14.51110
 -19.50380 -14.47740
 -19.47720 -14.49320
 -19.45350 -14.50210
 -19.20420 -14.45030
 -19.19260 -14.44650
 -19.16030 -14.43920
 -19.05140 -14.41250
 -18.99250 -14.39750
 -18.91970 -14.53250
 -18.82000 -14.71390
 -18.75250 -14.60540
 -18.64610 -14.57550
 -18.64810 -14.59420
 -18.65250 -14.72000
 -18.63310 -14.88890
 -18.61810 -15.05250
 -18.61420 -15.45610
 -18.67050 -15.62930
 -18.62860 -15.64970
 -18.50970 -15.69690
 -18.51030 -16.23220
 -18.51140 -16.25390
 -18.52190 -16.25440
 -18.58000 -16.25280
 -18.81320 -16.24330
 -18.87030 -16.24060
 -18.98440 -16.23610
 -19.04290 -16.24070
 -19.15720 -16.36170
 -19.27310 -16.48610
 -19.46140 -16.68720
 -19.48190 -16.69890
4065 55 -18.76847 -17.38617 -18.00083 -13.99322 'Owambo (Namibia)'
 -18.64610 -14.57550
 -18.50810 -14.54310
 -17.87750 -14.22250
 -17.60750 -14.08500
 -17.42390 -13.99320
 -17.41090 -14.01670
 -17.41940 -14.05110
 -17.43000 -14.08290
 -17.42110 -14.17140
 -17.41140 -14.19470
 -17.38690 -14.21810
 -17.38720 -14.36170
 -17.38750 -14.44810
 -17.38830 -14.63470
 -17.38970 -14.99390
 -17.38940 -15.49690
 -17.38920 -15.58310
 -17.38670 -15.95670
 -17.38670 -16.00330
 -17.39080 -16.60610
 -17.39220 -17.27880
 -17.39190 -17.51060
 -17.39080 -17.56170
 -17.38890 -17.73390
 -17.38620 -18.00050
 -18.06580 -18.00000
 -18.09940 -18.00080
 -18.73280 -18.00060
 -18.74720 -17.98580
 -18.76850 -17.94760
 -18.75420 -17.86960
 -18.71780 -17.74920
 -18.68260 -17.66120
 -18.66670 -17.63250
 -18.65470 -17.61560
 -18.64190 -17.58560
 -18.61930 -17.49680
 -18.65360 -17.24690
 -18.65740 -17.17650
 -18.52810 -17.10360
 -18.52750 -17.00110
 -18.52500 -16.60580
 -18.52330 -16.34220
 -18.52190 -16.25440
 -18.51140 -16.25390
 -18.51030 -16.23220
 -18.50970 -15.69690
 -18.62860 -15.64970
 -18.67050 -15.62930
 -18.61420 -15.45610
 -18.61810 -15.05250
 -18.63310 -14.88890
 -18.65250 -14.72000
 -18.64810 -14.59420
 -18.64610 -14.57550
4066 176 -24.99973 -19.36100 -15.85361 -12.77334 'Swakopmund (Namibia)'
 -23.95100 -15.72920
 -23.96170 -15.72690
 -24.17830 -15.70330
 -24.40640 -15.67940
 -24.44720 -15.67220
 -24.49830 -15.66220
 -24.53920 -15.65420
 -24.61320 -15.64150
 -24.99830 -15.75640
 -24.99920 -15.73390
 -24.99970 -15.63330
 -24.99940 -14.83210
 -24.95670 -14.80110
 -24.93790 -14.79170
 -24.89310 -14.78710
 -24.85850 -14.79430
 -24.80400 -14.77930
 -24.71400 -14.72940
 -24.64220 -14.66470
 -24.57880 -14.60680
 -24.55990 -14.59810
 -24.52110 -14.60510
 -24.48680 -14.61930
 -24.46170 -14.61430
 -24.35970 -14.57080
 -24.33360 -14.55440
 -24.25190 -14.51080
 -24.19940 -14.48830
 -24.15330 -14.47280
 -24.10330 -14.46260
 -23.98780 -14.45530
 -23.95860 -14.46010
 -23.82640 -14.51030
 -23.61690 -14.50060
 -23.58280 -14.49500
 -23.55350 -14.48090
 -23.45140 -14.44080
 -23.41460 -14.43430
 -23.39290 -14.44120
 -23.34600 -14.47370
 -23.37310 -14.48160
 -23.35060 -14.49610
 -23.32430 -14.49810
 -23.23960 -14.48280
 -23.16640 -14.46140
 -23.14640 -14.45390
 -23.14220 -14.45110
 -23.12420 -14.44060
 -23.09940 -14.43110
 -23.02630 -14.40930
 -22.96720 -14.41060
 -22.88220 -14.43660
 -22.92650 -14.44780
 -22.96060 -14.44470
 -22.99700 -14.46240
 -22.92600 -14.51710
 -22.88160 -14.53500
 -22.80180 -14.53900
 -22.72000 -14.52920
 -22.69210 -14.52480
 -22.66800 -14.52740
 -22.62900 -14.52460
 -22.55280 -14.51140
 -22.33440 -14.41640
 -22.28350 -14.38760
 -22.12330 -14.28580
 -21.94060 -14.12780
 -21.91400 -14.10250
 -21.86220 -14.04250
 -21.77890 -13.95270
 -21.73470 -13.96800
 -21.70190 -13.95670
 -21.67440 -13.93560
 -21.59460 -13.87790
 -21.54890 -13.86600
 -21.50770 -13.85920
 -21.43150 -13.81280
 -21.39420 -13.77920
 -21.29610 -13.70110
 -21.12920 -13.57690
 -20.86240 -13.40390
 -20.82440 -13.38500
 -20.80440 -13.37780
 -20.78150 -13.37460
 -20.73990 -13.37640
 -20.70390 -13.36940
 -20.64670 -13.35280
 -20.55580 -13.30640
 -20.52010 -13.27910
 -20.46930 -13.25260
 -20.43310 -13.24420
 -20.40250 -13.24220
 -20.37310 -13.23890
 -20.30780 -13.22390
 -20.28750 -13.21750
 -20.23830 -13.19890
 -20.18080 -13.17500
 -20.15470 -13.15970
 -20.13110 -13.14030
 -20.11510 -13.11670
 -20.09940 -13.08440
 -20.07360 -13.05570
 -20.04640 -13.04190
 -20.00140 -13.03030
 -19.90940 -12.98920
 -19.89140 -12.97970
 -19.87330 -12.97030
 -19.82390 -12.94440
 -19.78930 -12.92780
 -19.59830 -12.81190
 -19.56500 -12.79140
 -19.53910 -12.77330
 -19.48310 -12.85250
 -19.39920 -12.97360
 -19.38580 -13.00020
 -19.38830 -13.02620
 -19.38750 -13.05250
 -19.38240 -13.08850
 -19.37490 -13.11210
 -19.36100 -13.14530
 -19.36860 -13.14830
 -19.46060 -13.19440
 -19.51780 -13.22330
 -19.67860 -13.30530
 -19.95420 -13.44500
 -20.09610 -13.51670
 -20.33690 -13.63780
 -20.56610 -13.75310
 -20.63470 -13.78780
 -21.02440 -13.98580
 -21.05860 -14.00330
 -21.34440 -14.18530
 -21.88310 -14.53060
 -22.23390 -14.75720
 -22.39750 -14.86330
 -22.47920 -14.91670
 -22.40330 -15.01360
 -22.37970 -15.03250
 -22.32330 -15.07440
 -22.31060 -15.10030
 -22.30250 -15.12970
 -22.29640 -15.15810
 -22.33280 -15.21190
 -22.36810 -15.23810
 -22.40440 -15.20110
 -22.49440 -15.21360
 -22.57970 -15.22690
 -22.64170 -15.23720
 -22.68690 -15.28720
 -22.70460 -15.31120
 -22.74720 -15.40220
 -22.83500 -15.45860
 -22.84530 -15.50310
 -22.85220 -15.53610
 -22.87250 -15.62360
 -22.95750 -15.61610
 -23.00920 -15.61140
 -23.14360 -15.59810
 -23.16000 -15.67110
 -23.17250 -15.72610
 -23.24690 -15.82640
 -23.25280 -15.82830
 -23.31780 -15.84110
 -23.38250 -15.85330
 -23.39060 -15.79080
 -23.40940 -15.78140
 -23.45860 -15.75890
 -23.48810 -15.74610
 -23.51170 -15.80000
 -23.53330 -15.85330
 -23.74750 -15.85360
 -23.80890 -15.84280
 -23.81250 -15.77720
 -23.81360 -15.74250
 -23.94250 -15.72940
 -23.95100 -15.72920
4067 29 -20.00000 -19.17195 -20.99353 -18.99981 'Boesmanland (Namibia)'
 -19.99830 -19.14250
 -19.98640 -19.13170
 -19.85580 -19.00020
 -19.63310 -19.00060
 -19.56280 -18.99980
 -19.52250 -19.10610
 -19.47390 -19.23440
 -19.18890 -19.23470
 -19.18920 -19.32360
 -19.18690 -19.70940
 -19.18640 -19.79780
 -19.18560 -19.89690
 -19.18390 -20.08440
 -19.18080 -20.37110
 -19.17860 -20.55830
 -19.17720 -20.65750
 -19.17610 -20.73470
 -19.17190 -20.99350
 -19.99820 -20.99310
 -20.00000 -20.96690
 -19.99920 -20.76690
 -19.99970 -20.43390
 -20.00000 -20.23360
 -19.99920 -20.20060
 -20.00000 -19.86720
 -19.99940 -19.36720
 -20.00000 -19.33390
 -19.99920 -19.16690
 -19.99830 -19.14250
4068 97 -23.75125 -21.00500 -20.00083 -17.96069 'Gobabis (Namibia)'
 -23.50370 -18.44360
 -23.39250 -18.49220
 -23.34610 -18.51220
 -23.24810 -18.38080
 -23.21940 -18.34360
 -23.17540 -18.36420
 -23.16750 -18.45810
 -23.09070 -18.42710
 -23.08420 -18.36940
 -23.05000 -18.33220
 -23.01320 -18.32060
 -22.98000 -18.39470
 -22.92500 -18.39940
 -22.95950 -18.30260
 -22.92530 -18.29640
 -22.81860 -18.29720
 -22.54920 -18.23720
 -22.46500 -18.21640
 -22.50140 -18.17080
 -22.46780 -18.12330
 -22.41560 -18.14360
 -22.34780 -18.10060
 -22.35290 -18.04930
 -22.30060 -18.00030
 -22.21580 -17.96070
 -22.11110 -17.97440
 -22.05670 -18.07190
 -21.96390 -18.13440
 -21.91080 -18.12780
 -21.88220 -18.12330
 -21.86000 -18.07190
 -21.82330 -18.06940
 -21.77390 -18.13110
 -21.70530 -18.11810
 -21.65960 -18.21640
 -21.61320 -18.24960
 -21.55530 -18.23580
 -21.48690 -18.23060
 -21.47860 -18.26640
 -21.38530 -18.28170
 -21.31970 -18.26560
 -21.32810 -18.24560
 -21.32920 -18.20640
 -21.24500 -18.20830
 -21.23140 -18.25000
 -21.23000 -18.35420
 -21.16250 -18.41310
 -21.10940 -18.41930
 -21.11970 -18.35920
 -21.07700 -18.36560
 -21.03190 -18.37250
 -21.00500 -18.48860
 -21.03670 -18.50850
 -21.11250 -18.54440
 -21.13060 -18.55390
 -21.14610 -18.65220
 -21.16640 -18.76650
 -21.23920 -18.87860
 -21.30750 -18.98030
 -21.36190 -19.06250
 -21.38000 -19.13830
 -21.33430 -19.29570
 -21.37780 -19.36810
 -21.52220 -19.35310
 -21.60390 -19.34560
 -21.62530 -19.34830
 -21.71420 -19.36390
 -21.70890 -19.38690
 -21.68780 -19.46890
 -21.66060 -19.57390
 -21.54920 -20.00030
 -21.59920 -20.00080
 -21.69940 -20.00000
 -21.93310 -20.00000
 -22.00160 -20.00050
 -22.00500 -19.99670
 -22.08750 -19.99610
 -22.26690 -19.99720
 -22.50000 -19.99760
 -22.72250 -19.99750
 -22.94330 -19.99780
 -22.95990 -19.99830
 -22.95960 -19.26980
 -23.65640 -19.27000
 -23.65000 -19.21360
 -23.66920 -19.19860
 -23.72080 -19.15530
 -23.71690 -19.02500
 -23.68140 -19.04690
 -23.67830 -19.00170
 -23.67750 -18.97310
 -23.75130 -18.77640
 -23.73320 -18.67320
 -23.64940 -18.58080
 -23.68900 -18.53890
 -23.51440 -18.43890
 -23.50370 -18.44360
4069 76 -20.40250 -18.76000 -19.23611 -16.69885 'Grootfontein (Namibia)'
 -19.48190 -16.69890
 -19.41610 -16.82830
 -19.32440 -17.03120
 -19.21720 -17.12610
 -19.18940 -17.11220
 -19.16580 -17.12690
 -19.13720 -17.21920
 -19.16420 -17.29500
 -19.23920 -17.36250
 -19.29190 -17.39610
 -19.35860 -17.45420
 -19.50140 -17.68280
 -19.52920 -17.85250
 -19.47670 -17.94920
 -19.40560 -17.88440
 -19.35470 -17.88720
 -19.32610 -17.90190
 -19.27690 -17.94780
 -19.26580 -18.00600
 -19.13850 -18.03150
 -19.10140 -18.02580
 -19.03220 -18.01670
 -18.97390 -18.10280
 -18.95970 -18.17690
 -18.85750 -18.17560
 -18.76000 -18.19480
 -18.76750 -18.32360
 -18.78830 -18.70530
 -18.79310 -18.79250
 -18.79530 -18.83610
 -18.79920 -18.92330
 -18.81500 -19.23610
 -19.18890 -19.23470
 -19.47390 -19.23440
 -19.52250 -19.10610
 -19.56280 -18.99980
 -19.63310 -19.00060
 -19.85580 -19.00020
 -19.71240 -18.85640
 -19.54170 -18.68610
 -19.59720 -18.62250
 -19.64750 -18.57220
 -19.74190 -18.51140
 -19.81110 -18.52440
 -19.84060 -18.51060
 -19.89260 -18.48420
 -20.06310 -18.28540
 -20.02440 -18.25390
 -20.08390 -18.11970
 -20.11310 -18.01030
 -20.21780 -18.00470
 -20.28530 -18.00530
 -20.40250 -17.74940
 -20.39170 -17.74610
 -20.32880 -17.71620
 -20.32640 -17.62190
 -20.28220 -17.56000
 -20.28440 -17.53720
 -20.29280 -17.47810
 -20.30330 -17.44750
 -20.29280 -17.39330
 -20.28530 -17.35530
 -20.34720 -17.27640
 -20.36830 -17.24830
 -20.19860 -17.04010
 -20.14390 -17.12000
 -20.12170 -17.10580
 -20.16440 -16.97720
 -20.15440 -16.95640
 -20.05260 -16.75860
 -20.02610 -16.73890
 -19.95500 -16.71080
 -19.92180 -16.70010
 -19.69610 -16.71190
 -19.57250 -16.71830
 -19.48190 -16.69890
4070 77 -22.00156 -19.99822 -20.99333 -18.50848 'Hereroland Oos (Namibia)'
 -22.00160 -20.00050
 -21.93310 -20.00000
 -21.69940 -20.00000
 -21.59920 -20.00080
 -21.54920 -20.00030
 -21.66060 -19.57390
 -21.68780 -19.46890
 -21.70890 -19.38690
 -21.71420 -19.36390
 -21.62530 -19.34830
 -21.60390 -19.34560
 -21.52220 -19.35310
 -21.37780 -19.36810
 -21.33430 -19.29570
 -21.38000 -19.13830
 -21.36190 -19.06250
 -21.30750 -18.98030
 -21.23920 -18.87860
 -21.16640 -18.76650
 -21.14610 -18.65220
 -21.13060 -18.55390
 -21.11250 -18.54440
 -21.03670 -18.50850
 -21.00690 -18.52820
 -20.97820 -18.53920
 -20.91630 -18.54960
 -20.88610 -18.55360
 -20.85420 -18.56000
 -20.82260 -18.57260
 -20.76060 -18.60830
 -20.54680 -18.74690
 -20.52850 -18.76120
 -20.49970 -18.79080
 -20.47940 -18.81650
 -20.46740 -18.83830
 -20.40830 -19.01030
 -20.40190 -19.03060
 -20.39580 -19.05220
 -20.38970 -19.08580
 -20.38640 -19.10920
 -20.38500 -19.13470
 -20.38610 -19.17370
 -20.39220 -19.20780
 -20.39900 -19.24170
 -20.40220 -19.27530
 -20.40330 -19.30920
 -20.40310 -19.33850
 -20.35670 -19.59960
 -20.34380 -19.64230
 -20.26830 -19.54890
 -20.22810 -19.47750
 -20.10580 -19.29920
 -20.04640 -19.21390
 -19.99830 -19.14250
 -19.99920 -19.16690
 -20.00000 -19.33390
 -19.99940 -19.36720
 -20.00000 -19.86720
 -19.99920 -20.20060
 -20.00000 -20.23360
 -19.99970 -20.43390
 -19.99920 -20.76690
 -20.00000 -20.96690
 -19.99820 -20.99310
 -20.17920 -20.99330
 -20.82430 -20.99280
 -20.99250 -20.99300
 -21.01890 -20.99250
 -21.32220 -20.99250
 -21.59720 -20.99280
 -21.94190 -20.99280
 -21.96940 -20.99280
 -21.99690 -20.99190
 -21.99830 -20.91780
 -22.00000 -20.64970
 -22.00140 -20.30830
 -22.00160 -20.00050
4071 16 -23.86945 -22.95955 -20.00054 -19.26984 'Hereroland Oos (Namibia)'
 -23.86440 -20.00050
 -23.86560 -19.95690
 -23.86610 -19.88140
 -23.86940 -19.35220
 -23.86830 -19.28380
 -23.68640 -19.27060
 -23.65640 -19.27000
 -22.95960 -19.26980
 -22.95990 -19.99830
 -22.97080 -19.99860
 -23.12280 -19.99890
 -23.30870 -19.99890
 -23.45420 -19.99940
 -23.64750 -20.00000
 -23.75720 -20.00030
 -23.86440 -20.00050
4072 72 -21.07705 -19.54167 -19.64229 -17.38166 'Hereroland Wes (Namibia)'
 -21.03670 -18.50850
 -21.00500 -18.48860
 -21.03190 -18.37250
 -21.07700 -18.36560
 -21.06190 -18.25000
 -21.01940 -18.18810
 -20.96610 -18.10690
 -20.94610 -18.11360
 -20.92940 -18.08810
 -20.89720 -18.03560
 -20.89000 -17.99190
 -20.86060 -17.82890
 -20.84280 -17.73110
 -20.80580 -17.62440
 -20.68280 -17.47140
 -20.62530 -17.45440
 -20.58190 -17.44280
 -20.54610 -17.38170
 -20.49250 -17.39250
 -20.48280 -17.42170
 -20.53610 -17.47860
 -20.50000 -17.58920
 -20.41190 -17.65220
 -20.40250 -17.74940
 -20.28530 -18.00530
 -20.21780 -18.00470
 -20.11310 -18.01030
 -20.08390 -18.11970
 -20.02440 -18.25390
 -20.06310 -18.28540
 -19.89260 -18.48420
 -19.84060 -18.51060
 -19.81110 -18.52440
 -19.74190 -18.51140
 -19.64750 -18.57220
 -19.59720 -18.62250
 -19.54170 -18.68610
 -19.71240 -18.85640
 -19.85580 -19.00020
 -19.98640 -19.13170
 -19.99830 -19.14250
 -20.04640 -19.21390
 -20.10580 -19.29920
 -20.22810 -19.47750
 -20.26830 -19.54890
 -20.34380 -19.64230
 -20.35670 -19.59960
 -20.40310 -19.33850
 -20.40330 -19.30920
 -20.40220 -19.27530
 -20.39900 -19.24170
 -20.39220 -19.20780
 -20.38610 -19.17370
 -20.38500 -19.13470
 -20.38640 -19.10920
 -20.38970 -19.08580
 -20.39580 -19.05220
 -20.40190 -19.03060
 -20.40830 -19.01030
 -20.46740 -18.83830
 -20.47940 -18.81650
 -20.49970 -18.79080
 -20.52850 -18.76120
 -20.54680 -18.74690
 -20.76060 -18.60830
 -20.82260 -18.57260
 -20.85420 -18.56000
 -20.88610 -18.55360
 -20.91630 -18.54960
 -20.97820 -18.53920
 -21.00690 -18.52820
 -21.03670 -18.50850
4073 97 -19.18916 -17.38617 -23.29711 -17.98584 'Kavango (Namibia)'
 -19.17190 -20.99350
 -19.17610 -20.73470
 -19.17720 -20.65750
 -19.17860 -20.55830
 -19.18080 -20.37110
 -19.18390 -20.08440
 -19.18560 -19.89690
 -19.18640 -19.79780
 -19.18690 -19.70940
 -19.18920 -19.32360
 -19.18890 -19.23470
 -18.81500 -19.23610
 -18.79920 -18.92330
 -18.79530 -18.83610
 -18.79310 -18.79250
 -18.78830 -18.70530
 -18.76750 -18.32360
 -18.76000 -18.19480
 -18.74970 -18.01830
 -18.74720 -17.98580
 -18.73280 -18.00060
 -18.09940 -18.00080
 -18.06580 -18.00000
 -17.38620 -18.00050
 -17.38690 -18.11720
 -17.38720 -18.18890
 -17.38690 -18.39000
 -17.38980 -18.45150
 -17.47280 -18.51330
 -17.57220 -18.57830
 -17.64810 -18.64190
 -17.74530 -18.75370
 -17.76890 -18.80430
 -17.81640 -18.91940
 -17.82600 -18.98390
 -17.83000 -19.02580
 -17.82780 -19.05580
 -17.81940 -19.11680
 -17.80440 -19.13360
 -17.80110 -19.17530
 -17.80630 -19.24560
 -17.82500 -19.29870
 -17.84390 -19.33720
 -17.86110 -19.41330
 -17.86280 -19.44580
 -17.86750 -19.55920
 -17.87060 -19.70140
 -17.86380 -19.79790
 -17.85810 -19.81860
 -17.85720 -19.92060
 -17.86330 -19.94620
 -17.88010 -19.97130
 -17.89080 -20.01690
 -17.89640 -20.09890
 -17.89440 -20.12890
 -17.88010 -20.24470
 -17.86130 -20.27080
 -17.85720 -20.32130
 -17.90190 -20.44520
 -17.94190 -20.49260
 -17.98310 -20.55370
 -17.98140 -20.59560
 -17.97850 -20.63850
 -17.99610 -20.75190
 -18.01020 -20.78160
 -18.01640 -20.85420
 -17.99440 -20.88970
 -17.96830 -20.95330
 -17.95330 -21.02140
 -17.93440 -21.13860
 -17.93150 -21.16590
 -17.93890 -21.23690
 -17.95640 -21.26330
 -18.01490 -21.37940
 -17.94730 -21.75540
 -17.85000 -22.29030
 -17.79890 -22.56420
 -17.73940 -22.88110
 -17.73330 -22.91000
 -17.71690 -22.99640
 -17.66250 -23.28470
 -17.70360 -23.28440
 -17.97750 -23.28810
 -17.99590 -23.29710
 -17.99630 -23.28710
 -18.00440 -23.07780
 -18.08670 -22.63720
 -18.11130 -22.50000
 -18.15390 -22.26220
 -18.23830 -21.81690
 -18.30440 -21.46250
 -18.31190 -21.23560
 -18.31840 -20.99330
 -18.33860 -20.99360
 -18.47560 -20.99420
 -18.69530 -20.99420
 -19.17190 -20.99350
4074 99 -22.37385 -20.96612 -18.41930 -16.38583 'Okahandja (Namibia)'
 -21.72810 -16.39360
 -21.64640 -16.41750
 -21.58490 -16.42870
 -21.54610 -16.42900
 -21.52430 -16.43260
 -21.44780 -16.49670
 -21.43420 -16.51170
 -21.42030 -16.52750
 -21.39310 -16.56580
 -21.36560 -16.60280
 -21.33440 -16.62280
 -21.22920 -16.65060
 -21.19860 -16.67250
 -21.20500 -16.75000
 -21.22310 -16.81670
 -21.25190 -16.81420
 -21.31190 -16.97030
 -21.30750 -17.05940
 -21.27810 -17.08890
 -21.24730 -17.09810
 -21.24510 -17.14640
 -21.27470 -17.22780
 -21.29690 -17.22720
 -21.31470 -17.44720
 -21.28530 -17.52610
 -21.27170 -17.54390
 -21.24080 -17.54750
 -21.24030 -17.50860
 -21.23830 -17.46420
 -21.19830 -17.46610
 -21.16720 -17.46890
 -21.16140 -17.59220
 -21.18280 -17.64500
 -21.14920 -17.74000
 -21.11060 -17.88360
 -21.10610 -17.96070
 -21.05830 -17.96560
 -21.01640 -17.96470
 -21.04000 -18.03500
 -21.04060 -18.06030
 -20.96610 -18.10690
 -21.01940 -18.18810
 -21.06190 -18.25000
 -21.07700 -18.36560
 -21.11970 -18.35920
 -21.10940 -18.41930
 -21.16250 -18.41310
 -21.23000 -18.35420
 -21.23140 -18.25000
 -21.24500 -18.20830
 -21.32920 -18.20640
 -21.32810 -18.24560
 -21.31970 -18.26560
 -21.38530 -18.28170
 -21.47860 -18.26640
 -21.48690 -18.23060
 -21.55530 -18.23580
 -21.61320 -18.24960
 -21.65960 -18.21640
 -21.70530 -18.11810
 -21.74720 -18.00560
 -21.72690 -17.97940
 -21.75670 -17.89860
 -21.81140 -17.83780
 -21.82600 -17.80580
 -21.84530 -17.72060
 -21.81360 -17.69170
 -21.83610 -17.60250
 -21.96970 -17.48860
 -22.04390 -17.47580
 -22.09420 -17.45640
 -22.13970 -17.31720
 -22.15140 -17.25670
 -22.19330 -17.25720
 -22.24640 -17.12860
 -22.19080 -17.10030
 -22.27060 -16.99940
 -22.30140 -16.83360
 -22.28780 -16.77140
 -22.22810 -16.75080
 -22.23030 -16.72280
 -22.29670 -16.67970
 -22.32030 -16.68250
 -22.30830 -16.74110
 -22.32940 -16.74610
 -22.35080 -16.75000
 -22.35940 -16.64420
 -22.34720 -16.54060
 -22.37390 -16.44710
 -22.37000 -16.44390
 -22.31520 -16.40920
 -22.19690 -16.38580
 -22.17330 -16.43140
 -22.14780 -16.47560
 -22.08110 -16.47420
 -22.02440 -16.46720
 -21.97440 -16.46060
 -21.85610 -16.44250
 -21.72810 -16.39360
4075 52 -19.52916 -18.52195 -18.19479 -16.23611 'Tsumeb (Namibia)'
 -19.48190 -16.69890
 -19.46140 -16.68720
 -19.27310 -16.48610
 -19.15720 -16.36170
 -19.04290 -16.24070
 -18.98440 -16.23610
 -18.87030 -16.24060
 -18.81320 -16.24330
 -18.58000 -16.25280
 -18.52190 -16.25440
 -18.52330 -16.34220
 -18.52500 -16.60580
 -18.52750 -17.00110
 -18.52810 -17.10360
 -18.65740 -17.17650
 -18.65360 -17.24690
 -18.61930 -17.49680
 -18.64190 -17.58560
 -18.65470 -17.61560
 -18.66670 -17.63250
 -18.68260 -17.66120
 -18.71780 -17.74920
 -18.75420 -17.86960
 -18.76850 -17.94760
 -18.74720 -17.98580
 -18.74970 -18.01830
 -18.76000 -18.19480
 -18.85750 -18.17560
 -18.95970 -18.17690
 -18.97390 -18.10280
 -19.03220 -18.01670
 -19.10140 -18.02580
 -19.13850 -18.03150
 -19.26580 -18.00600
 -19.27690 -17.94780
 -19.32610 -17.90190
 -19.35470 -17.88720
 -19.40560 -17.88440
 -19.47670 -17.94920
 -19.52920 -17.85250
 -19.50140 -17.68280
 -19.35860 -17.45420
 -19.29190 -17.39610
 -19.23920 -17.36250
 -19.16420 -17.29500
 -19.13720 -17.21920
 -19.16580 -17.12690
 -19.18940 -17.11220
 -19.21720 -17.12610
 -19.32440 -17.03120
 -19.41610 -16.82830
 -19.48190 -16.69890
4090 72 -18.48516 -17.47347 -25.26443 -23.28445 'Caprivi Oos (Namibia)'
 -17.66250 -23.28470
 -17.66110 -23.28920
 -17.62580 -23.47610
 -17.56030 -23.82080
 -17.51960 -24.02900
 -17.47840 -24.23910
 -17.47350 -24.38120
 -17.48240 -24.44010
 -17.50810 -24.50250
 -17.52500 -24.54220
 -17.53350 -24.56540
 -17.53390 -24.59030
 -17.50580 -24.61920
 -17.49670 -24.63820
 -17.49360 -24.66390
 -17.49830 -24.70860
 -17.51560 -24.81780
 -17.54080 -24.91250
 -17.55970 -24.97000
 -17.58390 -24.98430
 -17.61000 -25.03000
 -17.62470 -25.06530
 -17.78310 -25.25190
 -17.80220 -25.26440
 -17.79570 -25.25240
 -17.78210 -25.17940
 -17.79660 -25.13640
 -17.82780 -25.09910
 -17.83220 -25.06640
 -17.82600 -25.00000
 -17.82110 -24.97280
 -17.81390 -24.93610
 -17.83770 -24.83280
 -17.94420 -24.67920
 -18.05420 -24.56630
 -18.06000 -24.52420
 -18.05930 -24.49790
 -18.03280 -24.47360
 -17.99920 -24.45190
 -17.97810 -24.43980
 -17.95380 -24.41690
 -17.94580 -24.38830
 -17.94920 -24.36310
 -18.01330 -24.26890
 -18.16780 -24.00670
 -18.18500 -23.96720
 -18.23690 -23.91220
 -18.26480 -23.88690
 -18.26310 -23.87040
 -18.29000 -23.84400
 -18.31500 -23.82990
 -18.35420 -23.79170
 -18.42530 -23.71920
 -18.46970 -23.65060
 -18.48520 -23.61330
 -18.47520 -23.58240
 -18.43720 -23.56390
 -18.36170 -23.55510
 -18.32610 -23.55420
 -18.26690 -23.51970
 -18.24830 -23.50310
 -18.20360 -23.45350
 -18.19390 -23.43110
 -18.17610 -23.39810
 -18.12720 -23.36310
 -18.07640 -23.33000
 -18.04500 -23.32580
 -18.01540 -23.31640
 -17.99590 -23.29710
 -17.97750 -23.28810
 -17.70360 -23.28440
 -17.66250 -23.28470
