771 73 8.51611 9.60972 81.16945 82.93472 'Bocas del Toro (Panama)'
 8.78456 81.22060
 8.77489 81.22690
 8.74166 81.22470
 8.63722 81.21500
 8.57347 81.19710
 8.55361 81.18830
 8.52931 81.16940
 8.51611 81.20280
 8.52111 81.24390
 8.54277 81.38360
 8.55365 81.47680
 8.53722 81.52030
 8.52889 81.67250
 8.53486 81.78420
 8.55389 81.80250
 8.59743 81.82680
 8.64972 81.89540
 8.63181 81.91430
 8.61916 81.95380
 8.62069 82.05510
 8.63778 82.11180
 8.68597 82.12190
 8.75695 82.18920
 8.76805 82.30390
 8.82139 82.42140
 8.89084 82.60310
 8.88625 82.63060
 8.88750 82.66720
 8.90834 82.71610
 8.91083 82.71990
 8.92507 82.71190
 8.98104 82.74360
 9.06722 82.88220
 9.06313 82.93050
 9.19945 82.93110
 9.47166 82.93470
 9.58555 82.86450
 9.60972 82.83770
 9.60666 82.81420
 9.58298 82.74860
 9.54666 82.71890
 9.50875 82.68250
 9.48805 82.63630
 9.49042 82.61000
 9.53555 82.56140
 9.56287 82.56360
 9.56228 82.55610
 9.54792 82.53420
 9.40722 82.36360
 9.32084 82.37000
 9.28583 82.38170
 9.18833 82.32470
 9.10334 82.27530
 9.00236 82.24280
 8.94139 82.10580
 8.93083 82.06030
 8.94472 81.98330
 8.94527 81.81640
 9.00334 81.78810
 9.06250 81.86000
 9.11250 81.91390
 9.16882 81.90860
 9.17361 81.88630
 9.16416 81.86580
 9.04722 81.75140
 9.00055 81.70860
 8.95583 81.66890
 8.91945 81.64330
 8.88042 81.61310
 8.82916 81.55930
 8.79313 81.50730
 8.78527 81.27360
 8.78456 81.22060
772 8 9.33069 9.43532 82.22826 82.32512 'Bocas del Toro (Panama)'
 9.40786 82.32510
 9.43532 82.28240
 9.42780 82.25670
 9.36902 82.22830
 9.33250 82.23530
 9.33069 82.24980
 9.35218 82.25650
 9.40786 82.32510
773 92 7.97000 8.91083 81.47681 83.03029 'Chiriqui (Panama)'
 8.55365 81.47680
 8.47453 81.52270
 8.44334 81.52250
 8.37889 81.51890
 8.32722 81.51080
 8.30695 81.50700
 8.27750 81.50700
 8.24542 81.51210
 8.19334 81.55310
 8.15139 81.59530
 8.13375 81.61360
 8.11111 81.62030
 8.04722 81.63560
 8.01903 81.63350
 7.97753 81.62180
 7.97000 81.63200
 7.98027 81.65110
 8.01861 81.68220
 8.06527 81.70670
 8.06507 81.67670
 8.12055 81.70110
 8.16250 81.73860
 8.18861 81.95250
 8.21472 82.09530
 8.18111 82.14220
 8.19500 82.19320
 8.21875 82.21590
 8.27250 82.21810
 8.29277 82.24690
 8.31333 82.28720
 8.30500 82.34500
 8.29055 82.37860
 8.28500 82.40440
 8.27472 82.46950
 8.27166 82.50310
 8.28084 82.52720
 8.29000 82.55610
 8.30695 82.61200
 8.31916 82.66650
 8.31722 82.72170
 8.30277 82.77940
 8.29305 82.80750
 8.27375 82.84280
 8.22472 82.87130
 8.18583 82.87510
 8.09875 82.86240
 8.06139 82.85000
 8.02118 82.86860
 8.02567 82.89880
 8.03597 82.89280
 8.07527 82.88680
 8.10181 82.88600
 8.25750 82.93330
 8.27027 82.95000
 8.27639 82.97210
 8.29111 83.00500
 8.31055 83.03030
 8.34027 83.01780
 8.39945 82.95250
 8.41639 82.92230
 8.42750 82.87650
 8.47465 82.82990
 8.57000 82.82560
 8.63666 82.83670
 8.68945 82.87960
 8.71000 82.89670
 8.73965 82.91570
 8.76278 82.91450
 8.82584 82.87950
 8.84278 82.85850
 8.86250 82.81330
 8.88132 82.75630
 8.91083 82.71990
 8.90834 82.71610
 8.88750 82.66720
 8.88625 82.63060
 8.89084 82.60310
 8.82139 82.42140
 8.76805 82.30390
 8.75695 82.18920
 8.68597 82.12190
 8.63778 82.11180
 8.62069 82.05510
 8.61916 81.95380
 8.63181 81.91430
 8.64972 81.89540
 8.59743 81.82680
 8.55389 81.80250
 8.53486 81.78420
 8.52889 81.67250
 8.53722 81.52030
 8.55365 81.47680
777 50 8.09055 8.98111 80.02649 80.82890 'Cocle (Panama)'
 8.13556 80.67640
 8.14084 80.68860
 8.15208 80.71030
 8.18039 80.73950
 8.19722 80.72180
 8.23500 80.70470
 8.31243 80.69470
 8.45472 80.75830
 8.54472 80.81750
 8.60945 80.82890
 8.60292 80.80850
 8.60166 80.77770
 8.62293 80.74630
 8.62375 80.72700
 8.64403 80.70460
 8.75695 80.68720
 8.77847 80.64110
 8.77195 80.57530
 8.77903 80.54940
 8.87500 80.55860
 8.91722 80.54540
 8.84798 80.36520
 8.97084 80.20250
 8.98111 80.17330
 8.94018 80.13630
 8.89006 80.16010
 8.82256 80.16510
 8.78139 80.15390
 8.75132 80.12900
 8.71472 80.11420
 8.61555 80.09110
 8.51527 80.07970
 8.46416 80.08040
 8.42055 80.05330
 8.40154 80.02650
 8.38305 80.07060
 8.36750 80.09950
 8.33945 80.13860
 8.29527 80.22570
 8.28750 80.33690
 8.29080 80.38210
 8.26486 80.42430
 8.21555 80.47130
 8.19695 80.47890
 8.15208 80.48210
 8.09055 80.47530
 8.09555 80.48970
 8.12972 80.56640
 8.14042 80.58380
 8.13556 80.67640
778 80 8.62293 9.62014 79.07334 80.86945 'Colon (Panama)'
 8.62293 80.74630
 8.63993 80.73470
 8.73125 80.73030
 8.76611 80.75210
 8.79691 80.79820
 8.83319 80.85870
 8.87666 80.86940
 8.87472 80.86450
 8.87840 80.83710
 8.90569 80.80320
 8.93695 80.77920
 8.97166 80.75200
 9.04166 80.63640
 9.05861 80.60200
 9.08584 80.53580
 9.13347 80.40560
 9.15027 80.31560
 9.15986 80.25390
 9.19278 80.15470
 9.20695 80.11750
 9.22014 80.09270
 9.25889 80.05140
 9.30666 80.00450
 9.32861 79.98810
 9.35305 79.96760
 9.35847 79.94740
 9.40027 79.80610
 9.43527 79.74440
 9.49042 79.68720
 9.54962 79.67120
 9.59416 79.62580
 9.60250 79.59950
 9.62014 79.53450
 9.56805 79.46310
 9.54000 79.24780
 9.54055 79.16220
 9.54222 79.07590
 9.50500 79.07330
 9.46875 79.07380
 9.36208 79.16280
 9.34584 79.19670
 9.33148 79.23250
 9.37118 79.23650
 9.40431 79.25900
 9.43153 79.29470
 9.47916 79.40390
 9.47514 79.49040
 9.46055 79.51680
 9.39527 79.54220
 9.28992 79.57160
 9.20916 79.59140
 9.10500 79.69400
 9.09958 79.76950
 9.11125 79.79170
 9.15764 79.80540
 9.16945 79.82950
 9.19264 79.89500
 9.16736 79.92270
 9.07416 79.96250
 9.04611 79.95860
 9.02097 79.94790
 8.98500 79.95330
 8.96472 79.97940
 8.96334 80.04470
 8.97979 80.07140
 8.97222 80.09860
 8.95361 80.12430
 8.94018 80.13630
 8.98111 80.17330
 8.97084 80.20250
 8.84798 80.36520
 8.91722 80.54540
 8.87500 80.55860
 8.77903 80.54940
 8.77195 80.57530
 8.77847 80.64110
 8.75695 80.68720
 8.64403 80.70460
 8.62375 80.72700
 8.62293 80.74630
779 31 7.52150 8.14042 80.38210 80.93779 'Herrera (Panama)'
 8.13556 80.67640
 8.14042 80.58380
 8.12972 80.56640
 8.09555 80.48970
 8.09055 80.47530
 8.08319 80.48140
 8.02215 80.44240
 8.00334 80.39790
 7.99897 80.38210
 7.95695 80.39180
 7.94334 80.41280
 7.93687 80.44080
 7.93979 80.47190
 7.90972 80.51500
 7.82403 80.58640
 7.78458 80.58390
 7.76292 80.57170
 7.73445 80.55900
 7.71295 80.55970
 7.68916 80.57190
 7.59722 80.62950
 7.52150 80.71130
 7.55236 80.73960
 7.56542 80.76290
 7.56819 80.79960
 7.72445 80.90170
 7.78277 80.93780
 7.88278 80.92860
 8.05972 80.81920
 8.12777 80.69530
 8.13556 80.67640
780 36 7.23493 7.99897 79.99043 80.71127 'Los Santos (Panama)'
 7.99897 80.38210
 7.99889 80.37810
 7.99208 80.35170
 7.95111 80.32580
 7.91584 80.31720
 7.75555 80.15860
 7.64389 80.06030
 7.51889 79.99040
 7.46840 80.00230
 7.45166 80.02470
 7.43027 80.09580
 7.41222 80.16220
 7.41695 80.21500
 7.42882 80.25160
 7.43027 80.28140
 7.41639 80.30830
 7.37292 80.36210
 7.30972 80.37580
 7.24458 80.43690
 7.23639 80.59390
 7.23493 80.63420
 7.31055 80.68610
 7.52150 80.71130
 7.59722 80.62950
 7.68916 80.57190
 7.71295 80.55970
 7.73445 80.55900
 7.76292 80.57170
 7.78458 80.58390
 7.82403 80.58640
 7.90972 80.51500
 7.93979 80.47190
 7.93687 80.44080
 7.94334 80.41280
 7.95695 80.39180
 7.99897 80.38210
781 115 8.34361 9.47916 78.03974 80.16508 'Panama (Panama)'
 9.08695 78.03970
 9.07597 78.06070
 9.05292 78.07950
 8.99319 78.09520
 8.88264 78.18040
 8.83750 78.27170
 8.82708 78.33220
 8.83368 78.38380
 8.84701 78.43840
 8.69680 78.49240
 8.64834 78.48390
 8.50958 78.45110
 8.45972 78.43810
 8.42472 78.42420
 8.39125 78.40310
 8.35889 78.39610
 8.34587 78.39780
 8.34361 78.41310
 8.45292 78.49260
 8.49569 78.48790
 8.61695 78.50720
 8.63695 78.53830
 8.65222 78.56470
 8.66333 78.60690
 8.70028 78.65750
 8.74666 78.70970
 8.79166 78.74220
 8.91326 78.90730
 8.96375 79.02340
 8.96666 79.05310
 9.00768 79.06860
 9.05289 79.06770
 9.11021 79.02330
 9.13854 78.97910
 9.13583 79.00670
 9.12583 79.03970
 9.08500 79.10890
 9.05198 79.11920
 9.03077 79.11810
 9.01353 79.13350
 9.00583 79.22850
 9.01611 79.25850
 9.01805 79.28140
 9.01611 79.36580
 9.01361 79.39030
 9.00805 79.43390
 8.99736 79.47790
 8.95972 79.52260
 8.91972 79.52660
 8.88000 79.57770
 8.87389 79.63940
 8.86666 79.69780
 8.83319 79.73740
 8.78597 79.75930
 8.73347 79.74890
 8.71104 79.73830
 8.60584 79.78110
 8.45084 79.95280
 8.40750 80.01610
 8.40154 80.02650
 8.42055 80.05330
 8.46416 80.08040
 8.51527 80.07970
 8.61555 80.09110
 8.71472 80.11420
 8.75132 80.12900
 8.78139 80.15390
 8.82256 80.16510
 8.89006 80.16010
 8.94018 80.13630
 8.95361 80.12430
 8.97222 80.09860
 8.97979 80.07140
 8.96334 80.04470
 8.96472 79.97940
 8.98500 79.95330
 9.02097 79.94790
 9.04611 79.95860
 9.07416 79.96250
 9.16736 79.92270
 9.19264 79.89500
 9.16945 79.82950
 9.15764 79.80540
 9.11125 79.79170
 9.09958 79.76950
 9.10500 79.69400
 9.20916 79.59140
 9.28992 79.57160
 9.39527 79.54220
 9.46055 79.51680
 9.47514 79.49040
 9.47916 79.40390
 9.43153 79.29470
 9.40431 79.25900
 9.37118 79.23650
 9.33148 79.23250
 9.30805 79.25570
 9.27958 79.06970
 9.27972 79.03560
 9.28611 79.00140
 9.29486 78.96670
 9.31916 78.92250
 9.36208 78.80700
 9.37028 78.77280
 9.36416 78.73390
 9.28389 78.45720
 9.24861 78.37310
 9.19951 78.31260
 9.19166 78.27250
 9.17361 78.19470
 9.15834 78.14530
 9.14042 78.11210
 9.10639 78.06500
 9.09000 78.04310
 9.08695 78.03970
782 13 8.27055 8.46389 78.82973 78.96279 'Panama (Panama)'
 8.45695 78.87170
 8.43736 78.85310
 8.40111 78.83150
 8.38834 78.82970
 8.33611 78.83030
 8.31972 78.83470
 8.29055 78.84810
 8.27055 78.92220
 8.29395 78.96010
 8.43764 78.96280
 8.45014 78.95450
 8.46389 78.88360
 8.45695 78.87170
783 97 7.20611 8.87889 80.63415 81.63556 'Veraguas (Panama)'
 7.52150 80.71130
 7.31055 80.68610
 7.23493 80.63420
 7.22931 80.64330
 7.21639 80.68330
 7.20916 80.71390
 7.20611 80.79810
 7.21028 80.85110
 7.22027 80.88250
 7.25500 80.92900
 7.31819 80.91100
 7.33431 80.88830
 7.44416 80.91250
 7.55778 80.94860
 7.61298 80.98250
 7.63750 81.01080
 7.67666 81.03720
 7.74722 81.05470
 7.82889 81.05750
 7.87334 81.05810
 7.83972 81.12830
 7.85057 81.15280
 7.84861 81.17740
 7.82010 81.18080
 7.80084 81.17170
 7.69139 81.19220
 7.63840 81.19220
 7.60826 81.21790
 7.62972 81.27110
 7.64945 81.31220
 7.66597 81.35960
 7.68305 81.43030
 7.69861 81.49690
 7.75722 81.57220
 7.79625 81.58890
 7.87055 81.60000
 7.94027 81.60860
 7.97278 81.61670
 7.97753 81.62180
 8.01903 81.63350
 8.04722 81.63560
 8.11111 81.62030
 8.13375 81.61360
 8.15139 81.59530
 8.19334 81.55310
 8.24542 81.51210
 8.27750 81.50700
 8.30695 81.50700
 8.32722 81.51080
 8.37889 81.51890
 8.44334 81.52250
 8.47453 81.52270
 8.55365 81.47680
 8.54277 81.38360
 8.52111 81.24390
 8.51611 81.20280
 8.52931 81.16940
 8.55361 81.18830
 8.57347 81.19710
 8.63722 81.21500
 8.74166 81.22470
 8.77489 81.22690
 8.78456 81.22060
 8.78111 81.20400
 8.78750 81.15310
 8.80250 81.08970
 8.83597 80.96630
 8.85389 80.94460
 8.87889 80.87900
 8.87666 80.86940
 8.83319 80.85870
 8.79691 80.79820
 8.76611 80.75210
 8.73125 80.73030
 8.63993 80.73470
 8.62293 80.74630
 8.60166 80.77770
 8.60292 80.80850
 8.60945 80.82890
 8.54472 80.81750
 8.45472 80.75830
 8.31243 80.69470
 8.23500 80.70470
 8.19722 80.72180
 8.18039 80.73950
 8.15208 80.71030
 8.14084 80.68860
 8.13556 80.67640
 8.12777 80.69530
 8.05972 80.81920
 7.88278 80.92860
 7.78277 80.93780
 7.72445 80.90170
 7.56819 80.79960
 7.56542 80.76290
 7.55236 80.73960
 7.52150 80.71130
784 24 7.31834 7.63916 81.59015 81.87695 'Veraguas (Panama)'
 7.63916 81.73890
 7.61695 81.72360
 7.55555 81.71030
 7.49028 81.70450
 7.47916 81.71060
 7.44681 81.71560
 7.43666 81.71360
 7.38861 81.67850
 7.38416 81.64940
 7.39000 81.62880
 7.37750 81.60830
 7.36361 81.59810
 7.32986 81.59010
 7.31834 81.62930
 7.32195 81.65060
 7.34778 81.74780
 7.35889 81.76220
 7.43319 81.84610
 7.44666 81.85330
 7.49111 81.87420
 7.50416 81.87700
 7.51500 81.87390
 7.63416 81.75860
 7.63916 81.73890
938 115 7.22889 9.08695 77.19834 78.49237 'Darien (Panama)'
 7.70722 78.28140
 7.72431 78.27470
 7.87334 78.35170
 7.88639 78.36960
 7.90486 78.38780
 7.96416 78.41190
 8.04889 78.43280
 8.08027 78.42590
 8.09813 78.40340
 8.06847 78.40090
 8.06083 78.37430
 8.05875 78.32060
 8.07028 78.29460
 8.10195 78.25720
 8.14847 78.23640
 8.18375 78.24170
 8.21507 78.27870
 8.24972 78.30140
 8.26945 78.26220
 8.32736 78.18290
 8.40167 78.14360
 8.39927 78.13500
 8.31111 78.04500
 8.26137 78.02850
 8.23245 77.99520
 8.24013 77.96430
 8.22882 77.88270
 8.19555 77.84080
 8.15916 77.80690
 8.13028 77.78530
 8.15500 77.77920
 8.23500 77.86890
 8.24611 77.88920
 8.25222 77.91220
 8.26708 77.99320
 8.27292 78.01350
 8.33861 78.04530
 8.45583 78.10750
 8.43916 78.12060
 8.38048 78.23430
 8.39695 78.25380
 8.39445 78.35950
 8.33660 78.38480
 8.34587 78.39780
 8.35889 78.39610
 8.39125 78.40310
 8.42472 78.42420
 8.45972 78.43810
 8.50958 78.45110
 8.64834 78.48390
 8.69680 78.49240
 8.84701 78.43840
 8.83368 78.38380
 8.82708 78.33220
 8.83750 78.27170
 8.88264 78.18040
 8.99319 78.09520
 9.05292 78.07950
 9.07597 78.06070
 9.08695 78.03970
 9.07882 78.00880
 8.99666 77.90140
 8.85777 77.74810
 8.72750 77.61580
 8.66889 77.57170
 8.64986 77.56380
 8.61889 77.55860
 8.59347 77.55260
 8.54986 77.50750
 8.56666 77.43860
 8.55695 77.45220
 8.52111 77.47580
 8.47170 77.46860
 8.47250 77.42910
 8.45132 77.40580
 8.39861 77.37500
 8.36416 77.36860
 8.33722 77.36810
 8.28500 77.36250
 8.26777 77.34890
 8.21583 77.29610
 8.19861 77.27360
 8.14527 77.24390
 8.08792 77.21540
 7.99945 77.19830
 7.93722 77.21560
 7.90486 77.29520
 7.88695 77.31140
 7.77847 77.37000
 7.72617 77.33010
 7.70181 77.33100
 7.52618 77.57740
 7.53924 77.60010
 7.56250 77.61030
 7.60334 77.62420
 7.67945 77.66390
 7.72000 77.74400
 7.69305 77.75890
 7.66722 77.75940
 7.63334 77.75920
 7.61222 77.75460
 7.56889 77.72940
 7.53645 77.72100
 7.50590 77.73220
 7.48431 77.74860
 7.47542 77.77570
 7.47868 77.80750
 7.22889 77.88970
 7.23313 77.90820
 7.33111 78.00860
 7.50805 78.16250
 7.54222 78.16780
 7.56834 78.16600
 7.64611 78.23470
 7.70722 78.28140
939 71 8.54986 9.54778 77.36667 79.25570 'San Blas (Panama)'
 8.56666 77.43860
 8.54986 77.50750
 8.59347 77.55260
 8.61889 77.55860
 8.64986 77.56380
 8.66889 77.57170
 8.72750 77.61580
 8.85777 77.74810
 8.99666 77.90140
 9.07882 78.00880
 9.08695 78.03970
 9.09000 78.04310
 9.10639 78.06500
 9.14042 78.11210
 9.15834 78.14530
 9.17361 78.19470
 9.19166 78.27250
 9.19951 78.31260
 9.24861 78.37310
 9.28389 78.45720
 9.36416 78.73390
 9.37028 78.77280
 9.36208 78.80700
 9.31916 78.92250
 9.29486 78.96670
 9.28611 79.00140
 9.27972 79.03560
 9.27958 79.06970
 9.30805 79.25570
 9.33148 79.23250
 9.34584 79.19670
 9.36208 79.16280
 9.46875 79.07380
 9.50500 79.07330
 9.54222 79.07590
 9.54639 79.04440
 9.54778 78.99500
 9.54335 78.95940
 9.53760 78.96210
 9.52195 78.99810
 9.51986 79.03460
 9.49333 79.06590
 9.46222 79.06720
 9.42903 79.05450
 9.42334 79.00640
 9.43195 78.70360
 9.42834 78.55210
 9.40416 78.49920
 9.38139 78.45200
 9.35833 78.41220
 9.33528 78.36670
 9.28666 78.23580
 9.25972 78.15220
 9.22882 78.03440
 9.14305 77.94420
 9.09630 77.88300
 9.08361 77.84890
 9.04764 77.80510
 8.97597 77.74720
 8.94195 77.74590
 8.87666 77.70260
 8.83733 77.63390
 8.76361 77.54280
 8.70660 77.53240
 8.68611 77.51080
 8.67403 77.48970
 8.65903 77.43440
 8.66576 77.37360
 8.67500 77.36670
 8.64611 77.37190
 8.56666 77.43860
