3280 53 20.14583 20.84045 -100.94610 -100.09137 'Bokeo (Laos)'
 20.39360 -100.91800
 20.34330 -100.83300
 20.33740 -100.81200
 20.34420 -100.77700
 20.34290 -100.74800
 20.32280 -100.71600
 20.30040 -100.69300
 20.26680 -100.67700
 20.23650 -100.66600
 20.20900 -100.64400
 20.19140 -100.62300
 20.16470 -100.58000
 20.16250 -100.57500
 20.14580 -100.52100
 20.18810 -100.45800
 20.23820 -100.41900
 20.30850 -100.38800
 20.33710 -100.37900
 20.36550 -100.36000
 20.38220 -100.34300
 20.39150 -100.32100
 20.39280 -100.28700
 20.38610 -100.26100
 20.35670 -100.22700
 20.29190 -100.16600
 20.30940 -100.10500
 20.34860 -100.09100
 20.37570 -100.11300
 20.40120 -100.12600
 20.48940 -100.14100
 20.54470 -100.14900
 20.62790 -100.17300
 20.69310 -100.20900
 20.74900 -100.25900
 20.77170 -100.29100
 20.82620 -100.37200
 20.81830 -100.44200
 20.81310 -100.46200
 20.80580 -100.49700
 20.80460 -100.52600
 20.81390 -100.56100
 20.83390 -100.60500
 20.84050 -100.61800
 20.80890 -100.64600
 20.79920 -100.67300
 20.80280 -100.69800
 20.81550 -100.71900
 20.83190 -100.77700
 20.79060 -100.91600
 20.77080 -100.94600
 20.54690 -100.93900
 20.50130 -100.93700
 20.39360 -100.91800
3281 83 20.33596 21.57264 -101.73256 -100.52068 'Louang Namtha (Laos)'
 20.84050 -100.61800
 20.86170 -100.64100
 20.88490 -100.64300
 20.88860 -100.61100
 20.87670 -100.57600
 20.86780 -100.54400
 20.87670 -100.52200
 20.95190 -100.52100
 21.02610 -100.54700
 21.03210 -100.57100
 21.03860 -100.60300
 21.05470 -100.62500
 21.12810 -100.67200
 21.18260 -100.70000
 21.22750 -100.70300
 21.30780 -100.72700
 21.30100 -100.77400
 21.29960 -100.81800
 21.30430 -100.83900
 21.31670 -100.86200
 21.39830 -101.00100
 21.46540 -101.10100
 21.49080 -101.12700
 21.53640 -101.16200
 21.57260 -101.14800
 21.55890 -101.18500
 21.37440 -101.26500
 21.33330 -101.24700
 21.25200 -101.23500
 21.21040 -101.25400
 21.17690 -101.29200
 21.18870 -101.33800
 21.22320 -101.38700
 21.24680 -101.50900
 21.24720 -101.57100
 21.23470 -101.60900
 21.19640 -101.67700
 21.17500 -101.70300
 21.13950 -101.73300
 20.97810 -101.71900
 20.94280 -101.70500
 20.92500 -101.69400
 20.90830 -101.68100
 20.88170 -101.65400
 20.86420 -101.62200
 20.85440 -101.60300
 20.84310 -101.57600
 20.83750 -101.55000
 20.83190 -101.52100
 20.81750 -101.50000
 20.75220 -101.45100
 20.72830 -101.44000
 20.69130 -101.44800
 20.66360 -101.46800
 20.65120 -101.48500
 20.64370 -101.51600
 20.64280 -101.54500
 20.63720 -101.61700
 20.62300 -101.65400
 20.59560 -101.66900
 20.57320 -101.65600
 20.56080 -101.63200
 20.53190 -101.54900
 20.50420 -101.48700
 20.48550 -101.46000
 20.44240 -101.42800
 20.36500 -101.26800
 20.33600 -101.10900
 20.34080 -101.06200
 20.36710 -101.02700
 20.39500 -100.98800
 20.39870 -100.94500
 20.39360 -100.91800
 20.50130 -100.93700
 20.54690 -100.93900
 20.77080 -100.94600
 20.79060 -100.91600
 20.83190 -100.77700
 20.81550 -100.71900
 20.80280 -100.69800
 20.79920 -100.67300
 20.80890 -100.64600
 20.84050 -100.61800
3294 147 17.46075 20.15777 -101.86665 -100.40499 'Xaignabouri (Laos)'
 18.38770 -101.08700
 18.41860 -101.05900
 18.44160 -101.05800
 18.51870 -101.10700
 18.54060 -101.14700
 18.56010 -101.18000
 18.63760 -101.24100
 18.68460 -101.26800
 18.74140 -101.23700
 18.86890 -101.25000
 18.89480 -101.25400
 18.97580 -101.30000
 18.99640 -101.31900
 19.01070 -101.34000
 19.04440 -101.35300
 19.09280 -101.30600
 19.10610 -101.29000
 19.35390 -101.20200
 19.37460 -101.20100
 19.46150 -101.21600
 19.47440 -101.26400
 19.52060 -101.28500
 19.56620 -101.27900
 19.58570 -101.25900
 19.59440 -101.22500
 19.59030 -101.08600
 19.60530 -101.06400
 19.61920 -101.03200
 19.62140 -100.95900
 19.61970 -100.91200
 19.59830 -100.88400
 19.57750 -100.86700
 19.56000 -100.85200
 19.52060 -100.81400
 19.48580 -100.77400
 19.50790 -100.75500
 19.53360 -100.70000
 19.55060 -100.64100
 19.53820 -100.61300
 19.49400 -100.58500
 19.49350 -100.57900
 19.51890 -100.51600
 19.53780 -100.49100
 19.62780 -100.44600
 19.73860 -100.40800
 19.74900 -100.40500
 19.77180 -100.41100
 19.81500 -100.44600
 19.85940 -100.48600
 19.87850 -100.50600
 20.01760 -100.55100
 20.09170 -100.57100
 20.15780 -100.58000
 20.14280 -100.59100
 20.09810 -100.59600
 20.07210 -100.59400
 20.01530 -100.58400
 19.92060 -100.58400
 19.81670 -100.58800
 19.80620 -100.60700
 19.81280 -100.67700
 19.83810 -100.72300
 19.86390 -100.76000
 19.89070 -100.79300
 19.88000 -100.89700
 19.87560 -100.92200
 19.84560 -101.06600
 19.85190 -101.17500
 19.81190 -101.25500
 19.82060 -101.57000
 19.82750 -101.59000
 19.84680 -101.61400
 19.87580 -101.63600
 19.92750 -101.70500
 19.93470 -101.72900
 19.93580 -101.78200
 19.94710 -101.81400
 19.94180 -101.82200
 19.91600 -101.83200
 19.79000 -101.83400
 19.77000 -101.83200
 19.67030 -101.81800
 19.58250 -101.80800
 19.47740 -101.81200
 19.45420 -101.82600
 19.42140 -101.85800
 19.36250 -101.86700
 19.24170 -101.83000
 19.14080 -101.81900
 19.00390 -101.80400
 18.87230 -101.80800
 18.85350 -101.82400
 18.83470 -101.84700
 18.81470 -101.85800
 18.78360 -101.86200
 18.75870 -101.85500
 18.73010 -101.83800
 18.71440 -101.82900
 18.66850 -101.81400
 18.64470 -101.81500
 18.62420 -101.80700
 18.58310 -101.78700
 18.54790 -101.76900
 18.47850 -101.72400
 18.40250 -101.61300
 18.29610 -101.48000
 18.24030 -101.43900
 18.21550 -101.42300
 18.17820 -101.40400
 18.14030 -101.39600
 18.07820 -101.42600
 17.98600 -101.43900
 17.96340 -101.43100
 17.92560 -101.42100
 17.87270 -101.46100
 17.87470 -101.50200
 17.87100 -101.55000
 17.81380 -101.56000
 17.79740 -101.58100
 17.74350 -101.49700
 17.65720 -101.35600
 17.62470 -101.31000
 17.53140 -101.22700
 17.46080 -101.16000
 17.49990 -101.07600
 17.54120 -101.03300
 17.56150 -100.98800
 17.56560 -100.96300
 17.56430 -100.94100
 17.56900 -100.92200
 17.59940 -100.91100
 17.61920 -100.92400
 17.64970 -100.95300
 17.73210 -100.98800
 17.75010 -100.98400
 17.76310 -100.98100
 17.80610 -100.99000
 17.89800 -101.02900
 17.91460 -101.06300
 17.93010 -101.08700
 17.95710 -101.11400
 18.02250 -101.14300
 18.08720 -101.17100
 18.17530 -101.17700
 18.34500 -101.15500
 18.37400 -101.09600
 18.38770 -101.08700
3339 99 13.92666 15.46222 -106.81930 -105.20916 'Champasak (Laos)'
 15.43670 -105.60000
 15.45500 -105.65900
 15.46220 -105.76600
 15.43720 -105.80900
 15.42750 -105.84300
 15.42500 -105.87200
 15.42940 -105.89900
 15.45170 -105.96700
 15.45720 -106.00100
 15.45400 -106.03800
 15.44110 -106.06300
 15.40580 -106.08500
 15.33920 -106.11500
 15.32720 -106.13300
 15.31670 -106.18500
 15.31220 -106.23800
 15.32140 -106.30900
 15.32700 -106.38000
 15.30930 -106.44600
 15.32070 -106.48300
 15.33680 -106.52600
 15.32550 -106.56400
 15.25690 -106.68800
 15.22650 -106.72400
 15.13280 -106.76800
 15.07040 -106.79100
 15.04500 -106.81400
 15.01620 -106.81900
 14.97830 -106.80500
 14.94980 -106.78900
 14.92770 -106.75100
 14.91290 -106.70500
 14.91000 -106.65900
 14.92750 -106.59900
 14.96060 -106.53900
 15.01630 -106.48900
 15.05040 -106.44000
 15.07010 -106.39900
 15.05760 -106.35200
 15.03900 -106.32400
 15.01660 -106.30300
 14.97130 -106.29500
 14.90930 -106.29300
 14.78520 -106.29500
 14.64160 -106.31700
 14.59370 -106.32700
 14.54480 -106.32300
 14.48140 -106.29000
 14.48890 -106.25200
 14.44820 -106.24700
 14.41360 -106.23900
 14.38170 -106.22200
 14.36580 -106.16900
 14.37850 -106.14000
 14.38140 -106.10000
 14.36720 -106.00100
 14.33170 -105.99600
 14.23690 -106.03500
 14.13530 -106.11900
 14.08140 -106.16800
 14.05860 -106.17400
 13.94580 -106.11100
 13.93000 -106.05700
 13.92670 -105.94700
 13.93280 -105.91000
 13.95060 -105.88900
 14.01690 -105.80800
 14.03290 -105.79300
 14.07630 -105.78500
 14.11090 -105.73300
 14.16830 -105.55900
 14.13510 -105.49600
 14.11530 -105.44000
 14.10650 -105.37500
 14.17830 -105.28300
 14.28870 -105.20900
 14.34960 -105.21100
 14.34240 -105.22600
 14.36940 -105.29700
 14.40470 -105.37100
 14.45060 -105.44400
 14.50390 -105.49300
 14.53110 -105.51500
 14.56390 -105.53500
 14.60760 -105.53600
 14.64810 -105.52800
 14.81560 -105.51600
 14.85860 -105.54500
 14.88310 -105.56600
 14.91170 -105.57700
 15.00060 -105.59100
 15.07030 -105.52400
 15.11020 -105.47100
 15.17470 -105.47500
 15.39530 -105.53700
 15.40580 -105.56600
 15.41690 -105.58300
 15.43310 -105.60000
 15.43670 -105.60000
3340 82 15.31222 16.35115 -107.14722 -105.34595 'Saravan (Laos)'
 16.00050 -105.43000
 15.99820 -105.47200
 15.95720 -105.62100
 15.90580 -105.72700
 15.88640 -105.80100
 15.90280 -105.84200
 15.96000 -105.91500
 16.06170 -106.07000
 16.08970 -106.13300
 16.14700 -106.12900
 16.18010 -106.15200
 16.18910 -106.19400
 16.17860 -106.25400
 16.16400 -106.27500
 16.11580 -106.30300
 16.10450 -106.34400
 16.14660 -106.40700
 16.18780 -106.52500
 16.19790 -106.57000
 16.18860 -106.63900
 16.20020 -106.66000
 16.27420 -106.65700
 16.31940 -106.66800
 16.34410 -106.69300
 16.35120 -106.78500
 16.34480 -106.80800
 16.31320 -106.84700
 16.29970 -106.98700
 16.30740 -107.01100
 16.30640 -107.03100
 16.30080 -107.09400
 16.26330 -107.14700
 16.25400 -107.06000
 16.24020 -107.02900
 16.14420 -106.90100
 16.03060 -106.82900
 15.95840 -106.78600
 15.89000 -106.73500
 15.81920 -106.67800
 15.78830 -106.66600
 15.75590 -106.67700
 15.72370 -106.67700
 15.69280 -106.66600
 15.56230 -106.53300
 15.52850 -106.47500
 15.50920 -106.40600
 15.48830 -106.36400
 15.46360 -106.34200
 15.43130 -106.34700
 15.32700 -106.38000
 15.32140 -106.30900
 15.31220 -106.23800
 15.31670 -106.18500
 15.32720 -106.13300
 15.33920 -106.11500
 15.40580 -106.08500
 15.44110 -106.06300
 15.45400 -106.03800
 15.45720 -106.00100
 15.45170 -105.96700
 15.42940 -105.89900
 15.42500 -105.87200
 15.42750 -105.84300
 15.43720 -105.80900
 15.46220 -105.76600
 15.45500 -105.65900
 15.43670 -105.60000
 15.47110 -105.60600
 15.58570 -105.63100
 15.63940 -105.63900
 15.66920 -105.63500
 15.72010 -105.60400
 15.74890 -105.55700
 15.76650 -105.50800
 15.76190 -105.48500
 15.76130 -105.44200
 15.80720 -105.40100
 15.82810 -105.38900
 15.92600 -105.34600
 15.97330 -105.37100
 15.98990 -105.38600
 16.00050 -105.43000
3341 102 15.88639 17.12201 -106.98720 -104.74242 'Savannakhet (Laos)'
 16.94670 -104.74200
 16.91510 -104.77700
 16.91280 -104.80700
 16.93670 -104.85400
 16.95560 -104.83600
 17.01200 -104.80600
 17.07830 -104.83400
 17.10400 -104.94300
 17.09450 -105.01800
 17.07280 -105.10700
 17.04560 -105.22500
 17.03780 -105.28100
 17.07810 -105.42100
 17.09530 -105.45700
 17.09170 -105.49900
 17.07780 -105.54100
 17.07610 -105.63000
 17.12200 -105.65700
 17.09390 -105.74600
 17.07470 -105.80000
 17.06310 -105.82200
 17.04220 -105.86100
 17.03780 -105.92200
 17.03790 -105.95500
 17.05360 -106.10000
 17.05720 -106.21400
 17.03540 -106.23800
 17.02610 -106.26600
 17.00560 -106.34800
 16.99890 -106.38600
 17.00690 -106.42600
 17.01140 -106.43400
 16.99250 -106.44100
 16.96740 -106.52000
 16.99690 -106.56100
 16.93800 -106.55500
 16.88870 -106.55500
 16.67740 -106.56100
 16.64220 -106.57500
 16.45930 -106.68500
 16.43970 -106.70200
 16.42030 -106.75700
 16.43250 -106.78200
 16.47300 -106.81400
 16.50670 -106.82900
 16.53240 -106.84300
 16.53690 -106.87500
 16.51780 -106.89500
 16.33720 -106.98400
 16.29970 -106.98700
 16.31320 -106.84700
 16.34480 -106.80800
 16.35120 -106.78500
 16.34410 -106.69300
 16.31940 -106.66800
 16.27420 -106.65700
 16.20020 -106.66000
 16.18860 -106.63900
 16.19790 -106.57000
 16.18780 -106.52500
 16.14660 -106.40700
 16.10450 -106.34400
 16.11580 -106.30300
 16.16400 -106.27500
 16.17860 -106.25400
 16.18910 -106.19400
 16.18010 -106.15200
 16.14700 -106.12900
 16.08970 -106.13300
 16.06170 -106.07000
 15.96000 -105.91500
 15.90280 -105.84200
 15.88640 -105.80100
 15.90580 -105.72700
 15.95720 -105.62100
 15.99820 -105.47200
 16.00050 -105.43000
 16.00940 -105.42300
 16.03860 -105.30900
 16.04390 -105.27600
 16.04640 -105.24500
 16.05030 -105.22000
 16.05640 -105.18900
 16.09500 -105.08100
 16.11500 -105.05700
 16.13290 -105.04500
 16.17560 -105.02900
 16.22670 -105.02400
 16.25170 -105.01300
 16.27690 -104.99200
 16.28760 -104.97900
 16.29970 -104.96200
 16.34620 -104.91000
 16.52440 -104.75000
 16.56620 -104.74300
 16.63640 -104.75300
 16.65780 -104.76000
 16.69140 -104.76800
 16.72470 -104.76900
 16.75330 -104.76100
 16.91030 -104.74600
 16.94670 -104.74200
3380 47 17.82000 18.37247 -103.06942 -102.08939 'Viangchan (Laos)'
 18.22320 -102.91800
 18.15230 -103.00900
 18.15450 -103.03900
 18.12300 -103.06900
 18.02880 -103.06800
 17.99700 -103.04700
 17.98000 -103.01600
 17.99880 -102.97800
 18.00600 -102.94700
 17.97470 -102.85900
 17.96250 -102.84100
 17.88310 -102.73100
 17.82000 -102.68400
 17.88670 -102.61100
 17.91860 -102.61300
 17.94680 -102.60400
 17.97170 -102.54400
 17.97330 -102.52300
 17.97060 -102.47200
 17.98190 -102.42400
 18.04760 -102.29900
 18.08780 -102.25800
 18.13830 -102.21300
 18.19100 -102.18000
 18.20420 -102.15700
 18.20940 -102.10800
 18.21500 -102.08900
 18.29030 -102.10900
 18.35360 -102.13100
 18.36900 -102.14800
 18.37250 -102.17600
 18.34130 -102.19500
 18.29820 -102.20400
 18.27660 -102.21500
 18.25620 -102.23600
 18.23930 -102.27200
 18.24270 -102.31900
 18.25210 -102.35900
 18.25320 -102.38700
 18.23260 -102.43100
 18.20140 -102.47300
 18.16840 -102.62400
 18.17650 -102.67400
 18.19890 -102.75300
 18.21890 -102.81900
 18.22230 -102.86700
 18.22320 -102.91800
3381 115 17.81384 19.42304 -103.42410 -101.39575 'Vientiane (Laos)'
 18.22320 -102.91800
 18.22230 -102.86700
 18.21890 -102.81900
 18.19890 -102.75300
 18.17650 -102.67400
 18.16840 -102.62400
 18.20140 -102.47300
 18.23260 -102.43100
 18.25320 -102.38700
 18.25210 -102.35900
 18.24270 -102.31900
 18.23930 -102.27200
 18.25620 -102.23600
 18.27660 -102.21500
 18.29820 -102.20400
 18.34130 -102.19500
 18.37250 -102.17600
 18.36900 -102.14800
 18.35360 -102.13100
 18.29030 -102.10900
 18.21500 -102.08900
 18.20830 -102.07100
 18.19170 -102.04800
 18.12750 -101.99900
 18.03680 -101.91100
 18.03140 -101.88500
 18.04420 -101.85100
 18.06350 -101.78400
 18.03830 -101.76200
 17.97280 -101.74200
 17.90580 -101.68900
 17.88960 -101.63600
 17.86010 -101.57700
 17.81380 -101.56000
 17.87100 -101.55000
 17.87470 -101.50200
 17.87270 -101.46100
 17.92560 -101.42100
 17.96340 -101.43100
 17.98600 -101.43900
 18.07820 -101.42600
 18.14030 -101.39600
 18.17820 -101.40400
 18.21550 -101.42300
 18.24030 -101.43900
 18.29610 -101.48000
 18.40250 -101.61300
 18.47850 -101.72400
 18.54790 -101.76900
 18.58310 -101.78700
 18.62420 -101.80700
 18.64470 -101.81500
 18.66850 -101.81400
 18.71440 -101.82900
 18.73010 -101.83800
 18.71800 -101.85000
 18.71780 -101.88500
 18.72740 -101.90600
 18.75820 -101.93700
 18.92720 -102.06300
 18.97780 -102.08400
 19.01360 -102.09600
 19.10390 -102.14800
 19.26170 -102.24900
 19.28440 -102.29000
 19.30560 -102.32600
 19.33670 -102.37300
 19.36110 -102.40000
 19.39920 -102.43100
 19.42300 -102.43800
 19.35920 -102.52300
 19.25810 -102.59900
 19.18440 -102.66200
 19.20940 -102.72400
 19.14590 -102.81700
 19.11810 -102.85400
 19.10210 -102.86700
 19.06220 -102.88500
 18.91890 -102.89500
 18.85610 -102.87600
 18.83610 -102.85200
 18.84560 -102.81600
 18.85170 -102.79700
 18.82360 -102.76100
 18.73630 -102.77500
 18.73530 -102.79700
 18.73850 -102.82200
 18.74690 -102.86400
 18.76130 -102.96400
 18.74500 -103.00200
 18.73180 -103.04200
 18.73920 -103.14800
 18.78970 -103.21400
 18.84530 -103.24100
 18.84250 -103.34400
 18.82330 -103.36200
 18.79780 -103.40700
 18.79500 -103.41900
 18.77720 -103.42400
 18.72830 -103.41800
 18.68120 -103.41000
 18.58930 -103.37300
 18.56200 -103.34000
 18.55260 -103.31200
 18.54320 -103.27700
 18.52540 -103.24800
 18.48840 -103.21800
 18.45150 -103.18100
 18.42420 -103.14000
 18.39930 -103.09500
 18.36610 -103.04900
 18.33870 -103.03000
 18.29450 -103.01500
 18.25870 -103.00100
 18.22320 -102.91800
3382 126 18.72402 20.15156 -104.26526 -102.41735 'Xiangkhoang (Laos)'
 18.79500 -103.41900
 18.79780 -103.40700
 18.82330 -103.36200
 18.84250 -103.34400
 18.84530 -103.24100
 18.78970 -103.21400
 18.73920 -103.14800
 18.73180 -103.04200
 18.74500 -103.00200
 18.76130 -102.96400
 18.74690 -102.86400
 18.73850 -102.82200
 18.73530 -102.79700
 18.73630 -102.77500
 18.82360 -102.76100
 18.85170 -102.79700
 18.84560 -102.81600
 18.83610 -102.85200
 18.85610 -102.87600
 18.91890 -102.89500
 19.06220 -102.88500
 19.10210 -102.86700
 19.11810 -102.85400
 19.14590 -102.81700
 19.20940 -102.72400
 19.18440 -102.66200
 19.25810 -102.59900
 19.35920 -102.52300
 19.42300 -102.43800
 19.43180 -102.41700
 19.47220 -102.46900
 19.51140 -102.48700
 19.55140 -102.48100
 19.57690 -102.50700
 19.59560 -102.55900
 19.58560 -102.60100
 19.59860 -102.62600
 19.61550 -102.65400
 19.64640 -102.68400
 19.67500 -102.68100
 19.68610 -102.65100
 19.70170 -102.60900
 19.72590 -102.59000
 19.75640 -102.63000
 19.76750 -102.65900
 19.77560 -102.71900
 19.76420 -102.74900
 19.76420 -102.77800
 19.80320 -102.81800
 19.82750 -102.82700
 19.84470 -102.89300
 19.84530 -102.92300
 19.82940 -102.94000
 19.82690 -102.96800
 19.82940 -102.99300
 19.84830 -103.02000
 19.85720 -103.07100
 19.83690 -103.10100
 19.83360 -103.13200
 19.85780 -103.21200
 19.94220 -103.30400
 20.07410 -103.37700
 20.10150 -103.39100
 20.13020 -103.39900
 20.15160 -103.42700
 20.13230 -103.46100
 20.10600 -103.46100
 20.03910 -103.43900
 19.98410 -103.44000
 19.88300 -103.59900
 19.86960 -103.64600
 19.89440 -103.75300
 19.91530 -103.77600
 19.93610 -103.80600
 19.93690 -103.84400
 19.92580 -103.89800
 19.88260 -103.93800
 19.85740 -103.96000
 19.82890 -104.05800
 19.84340 -104.14600
 19.84910 -104.21400
 19.82880 -104.21400
 19.80850 -104.19600
 19.78000 -104.15400
 19.74660 -104.13800
 19.71680 -104.13300
 19.68170 -104.15000
 19.66260 -104.14200
 19.66430 -104.08700
 19.68280 -104.05800
 19.69370 -104.03900
 19.66910 -104.02100
 19.62030 -104.03900
 19.59940 -104.05100
 19.56920 -104.07900
 19.55860 -104.10200
 19.52260 -104.10600
 19.47860 -104.10400
 19.41850 -104.04100
 19.39210 -103.97200
 19.30950 -103.87800
 19.23340 -104.00700
 19.23860 -104.06100
 19.19050 -104.17500
 19.14510 -104.22600
 19.11130 -104.22100
 19.11170 -104.15200
 19.08400 -104.11400
 19.04430 -104.08900
 18.98280 -104.10600
 18.93080 -104.18100
 18.92010 -104.21000
 18.88970 -104.23100
 18.75330 -104.26500
 18.72400 -104.24700
 18.74180 -104.17400
 18.77920 -104.10200
 18.79920 -104.08500
 18.85690 -104.02000
 18.93850 -103.92100
 18.93760 -103.86200
 18.92280 -103.79600
 18.91360 -103.72400
 18.92750 -103.60400
 18.83780 -103.52500
 18.79500 -103.41900
3387 103 19.60541 20.97590 -104.98471 -103.01970 'Houaphan (Laos)'
 19.84830 -103.02000
 19.92360 -103.07900
 19.99870 -103.13500
 20.12500 -103.22500
 20.25050 -103.23300
 20.33940 -103.20600
 20.39430 -103.15600
 20.51130 -103.18000
 20.51710 -103.23300
 20.52520 -103.29300
 20.67000 -103.37200
 20.70140 -103.37600
 20.76890 -103.35600
 20.80210 -103.36000
 20.79390 -103.42500
 20.74030 -103.60500
 20.71790 -103.63700
 20.68150 -103.67300
 20.65960 -103.68700
 20.67100 -103.73800
 20.73720 -103.77100
 20.78440 -103.77900
 20.85250 -103.85700
 20.97590 -104.10400
 20.94330 -104.19400
 20.92890 -104.23000
 20.89430 -104.30600
 20.87710 -104.33100
 20.84320 -104.34400
 20.77830 -104.40900
 20.71220 -104.50200
 20.67260 -104.58800
 20.66510 -104.61400
 20.65240 -104.64200
 20.61860 -104.63000
 20.59030 -104.60100
 20.51720 -104.51600
 20.50440 -104.45400
 20.45460 -104.38200
 20.43530 -104.39400
 20.42420 -104.42100
 20.40710 -104.52000
 20.41420 -104.55300
 20.41600 -104.61500
 20.34150 -104.70900
 20.31310 -104.71500
 20.22510 -104.84500
 20.18350 -104.93900
 20.09830 -104.98500
 20.00400 -104.97800
 19.98840 -104.96300
 19.97330 -104.89900
 19.93890 -104.84200
 19.89190 -104.79000
 19.86400 -104.79000
 19.86390 -104.82700
 19.84420 -104.84900
 19.78740 -104.83200
 19.75690 -104.77000
 19.74800 -104.71700
 19.70790 -104.67900
 19.68720 -104.66700
 19.64790 -104.65500
 19.61670 -104.64400
 19.60560 -104.56900
 19.60540 -104.52000
 19.64530 -104.45000
 19.66990 -104.42300
 19.70440 -104.24600
 19.70320 -104.22100
 19.68750 -104.15900
 19.68170 -104.15000
 19.71680 -104.13300
 19.74660 -104.13800
 19.78000 -104.15400
 19.80850 -104.19600
 19.82880 -104.21400
 19.84910 -104.21400
 19.84340 -104.14600
 19.82890 -104.05800
 19.85740 -103.96000
 19.88260 -103.93800
 19.92580 -103.89800
 19.93690 -103.84400
 19.93610 -103.80600
 19.91530 -103.77600
 19.89440 -103.75300
 19.86960 -103.64600
 19.88300 -103.59900
 19.98410 -103.44000
 20.03910 -103.43900
 20.10600 -103.46100
 20.13230 -103.46100
 20.15160 -103.42700
 20.13020 -103.39900
 20.10150 -103.39100
 20.07410 -103.37700
 19.94220 -103.30400
 19.85780 -103.21200
 19.83360 -103.13200
 19.83690 -103.10100
 19.85720 -103.07100
 19.84830 -103.02000
3388 119 18.71777 21.16805 -103.37550 -101.80443 'Louangphrabang (Laos)'
 19.42300 -102.43800
 19.39920 -102.43100
 19.36110 -102.40000
 19.33670 -102.37300
 19.30560 -102.32600
 19.28440 -102.29000
 19.26170 -102.24900
 19.10390 -102.14800
 19.01360 -102.09600
 18.97780 -102.08400
 18.92720 -102.06300
 18.75820 -101.93700
 18.72740 -101.90600
 18.71780 -101.88500
 18.71800 -101.85000
 18.73010 -101.83800
 18.75870 -101.85500
 18.78360 -101.86200
 18.81470 -101.85800
 18.83470 -101.84700
 18.85350 -101.82400
 18.87230 -101.80800
 19.00390 -101.80400
 19.14080 -101.81900
 19.24170 -101.83000
 19.36250 -101.86700
 19.42140 -101.85800
 19.45420 -101.82600
 19.47740 -101.81200
 19.58250 -101.80800
 19.67030 -101.81800
 19.77000 -101.83200
 19.79000 -101.83400
 19.91600 -101.83200
 19.94180 -101.82200
 19.94710 -101.81400
 19.95170 -101.84800
 19.98440 -101.91200
 20.03960 -101.96600
 20.07330 -101.97500
 20.10330 -101.98700
 20.12140 -101.99900
 20.13420 -102.01600
 20.14500 -102.04500
 20.15180 -102.06700
 20.16350 -102.08900
 20.17780 -102.10800
 20.20120 -102.12100
 20.44720 -102.19400
 20.49080 -102.20300
 20.51670 -102.20700
 20.56070 -102.21400
 20.59170 -102.21900
 20.63640 -102.23000
 20.72940 -102.26000
 20.76070 -102.27500
 20.79070 -102.31100
 20.80720 -102.33800
 20.88210 -102.41300
 20.91360 -102.43200
 20.94220 -102.43800
 21.05280 -102.44800
 21.02690 -102.46600
 21.01250 -102.50000
 21.00920 -102.62100
 21.02030 -102.66700
 21.04940 -102.73000
 21.14650 -102.89200
 21.16080 -102.90900
 21.16810 -102.91400
 21.16330 -102.93700
 21.04600 -103.04200
 20.95560 -103.08800
 20.89360 -103.11800
 20.84390 -103.17700
 20.84420 -103.18900
 20.83030 -103.21900
 20.80560 -103.33500
 20.80210 -103.36000
 20.76890 -103.35600
 20.70140 -103.37600
 20.67000 -103.37200
 20.52520 -103.29300
 20.51710 -103.23300
 20.51130 -103.18000
 20.39430 -103.15600
 20.33940 -103.20600
 20.25050 -103.23300
 20.12500 -103.22500
 19.99870 -103.13500
 19.92360 -103.07900
 19.84830 -103.02000
 19.82940 -102.99300
 19.82690 -102.96800
 19.82940 -102.94000
 19.84530 -102.92300
 19.84470 -102.89300
 19.82750 -102.82700
 19.80320 -102.81800
 19.76420 -102.77800
 19.76420 -102.74900
 19.77560 -102.71900
 19.76750 -102.65900
 19.75640 -102.63000
 19.72590 -102.59000
 19.70170 -102.60900
 19.68610 -102.65100
 19.67500 -102.68100
 19.64640 -102.68400
 19.61550 -102.65400
 19.59860 -102.62600
 19.58560 -102.60100
 19.59560 -102.55900
 19.57690 -102.50700
 19.55140 -102.48100
 19.51140 -102.48700
 19.47220 -102.46900
 19.43180 -102.41700
 19.42300 -102.43800
3389 110 19.80618 21.23954 -102.44801 -100.57483 'Oudomxai (Laos)'
 20.16250 -100.57500
 20.16470 -100.58000
 20.19140 -100.62300
 20.20900 -100.64400
 20.23650 -100.66600
 20.26680 -100.67700
 20.30040 -100.69300
 20.32280 -100.71600
 20.34290 -100.74800
 20.34420 -100.77700
 20.33740 -100.81200
 20.34330 -100.83300
 20.39360 -100.91800
 20.39870 -100.94500
 20.39500 -100.98800
 20.36710 -101.02700
 20.34080 -101.06200
 20.33600 -101.10900
 20.36500 -101.26800
 20.44240 -101.42800
 20.48550 -101.46000
 20.50420 -101.48700
 20.53190 -101.54900
 20.56080 -101.63200
 20.57320 -101.65600
 20.59560 -101.66900
 20.62300 -101.65400
 20.63720 -101.61700
 20.64280 -101.54500
 20.64370 -101.51600
 20.65120 -101.48500
 20.66360 -101.46800
 20.69130 -101.44800
 20.72830 -101.44000
 20.75220 -101.45100
 20.81750 -101.50000
 20.83190 -101.52100
 20.83750 -101.55000
 20.84310 -101.57600
 20.85440 -101.60300
 20.86420 -101.62200
 20.88170 -101.65400
 20.90830 -101.68100
 20.92500 -101.69400
 20.94280 -101.70500
 20.97810 -101.71900
 21.13950 -101.73300
 21.14450 -101.78600
 21.21610 -101.84500
 21.23950 -101.85000
 21.19860 -101.88100
 21.18110 -101.89600
 21.05210 -102.05600
 21.03080 -102.09300
 20.98550 -102.18700
 21.00030 -102.22600
 21.01320 -102.25600
 21.02530 -102.28100
 21.05280 -102.44800
 20.94220 -102.43800
 20.91360 -102.43200
 20.88210 -102.41300
 20.80720 -102.33800
 20.79070 -102.31100
 20.76070 -102.27500
 20.72940 -102.26000
 20.63640 -102.23000
 20.59170 -102.21900
 20.56070 -102.21400
 20.51670 -102.20700
 20.49080 -102.20300
 20.44720 -102.19400
 20.20120 -102.12100
 20.17780 -102.10800
 20.16350 -102.08900
 20.15180 -102.06700
 20.14500 -102.04500
 20.13420 -102.01600
 20.12140 -101.99900
 20.10330 -101.98700
 20.07330 -101.97500
 20.03960 -101.96600
 19.98440 -101.91200
 19.95170 -101.84800
 19.94710 -101.81400
 19.93580 -101.78200
 19.93470 -101.72900
 19.92750 -101.70500
 19.87580 -101.63600
 19.84680 -101.61400
 19.82750 -101.59000
 19.82060 -101.57000
 19.81190 -101.25500
 19.85190 -101.17500
 19.84560 -101.06600
 19.87560 -100.92200
 19.88000 -100.89700
 19.89070 -100.79300
 19.86390 -100.76000
 19.83810 -100.72300
 19.81280 -100.67700
 19.80620 -100.60700
 19.81670 -100.58800
 19.92060 -100.58400
 20.01530 -100.58400
 20.07210 -100.59400
 20.09810 -100.59600
 20.14280 -100.59100
 20.15780 -100.58000
 20.16250 -100.57500
3390 76 20.98555 22.49993 -102.99081 -101.57444 'Phongsali (Laos)'
 21.05280 -102.44800
 21.02530 -102.28100
 21.01320 -102.25600
 21.00030 -102.22600
 20.98550 -102.18700
 21.03080 -102.09300
 21.05210 -102.05600
 21.18110 -101.89600
 21.19860 -101.88100
 21.23950 -101.85000
 21.25350 -101.84800
 21.28560 -101.80700
 21.29290 -101.76900
 21.31390 -101.74100
 21.35780 -101.74300
 21.45330 -101.76100
 21.49670 -101.76700
 21.65350 -101.78200
 21.73210 -101.75200
 21.83440 -101.76500
 21.93330 -101.67300
 21.97040 -101.62700
 22.20920 -101.57400
 22.28070 -101.62600
 22.38840 -101.67500
 22.41150 -101.66200
 22.44330 -101.67100
 22.47220 -101.69100
 22.49780 -101.74200
 22.49990 -101.77400
 22.48940 -101.80000
 22.43740 -101.92500
 22.45490 -102.03100
 22.43300 -102.11500
 22.39630 -102.14100
 22.38470 -102.15400
 22.32610 -102.18000
 22.30040 -102.18500
 22.24250 -102.23800
 22.21590 -102.27700
 22.21010 -102.30500
 22.11570 -102.42300
 22.06690 -102.44800
 21.96680 -102.50200
 21.94780 -102.52700
 21.94060 -102.55500
 21.93680 -102.58600
 21.92850 -102.60400
 21.85310 -102.64700
 21.78680 -102.66200
 21.76060 -102.66100
 21.73490 -102.65400
 21.65850 -102.67500
 21.67070 -102.75400
 21.71830 -102.86100
 21.74510 -102.97100
 21.71270 -102.98700
 21.60690 -102.99100
 21.57430 -102.98700
 21.55560 -102.96900
 21.52860 -102.94400
 21.46610 -102.89100
 21.43010 -102.87700
 21.44030 -102.90500
 21.38190 -102.90500
 21.25220 -102.88900
 21.22890 -102.91900
 21.16810 -102.91400
 21.16080 -102.90900
 21.14650 -102.89200
 21.04940 -102.73000
 21.02030 -102.66700
 21.00920 -102.62100
 21.01250 -102.50000
 21.02690 -102.46600
 21.05280 -102.44800
3410 102 17.88764 19.11166 -105.32583 -102.91800 'Borikhamxai (Laos)'
 18.12300 -103.06900
 18.15450 -103.03900
 18.15230 -103.00900
 18.22320 -102.91800
 18.25870 -103.00100
 18.29450 -103.01500
 18.33870 -103.03000
 18.36610 -103.04900
 18.39930 -103.09500
 18.42420 -103.14000
 18.45150 -103.18100
 18.48840 -103.21800
 18.52540 -103.24800
 18.54320 -103.27700
 18.55260 -103.31200
 18.56200 -103.34000
 18.58930 -103.37300
 18.68120 -103.41000
 18.72830 -103.41800
 18.77720 -103.42400
 18.79500 -103.41900
 18.83780 -103.52500
 18.92750 -103.60400
 18.91360 -103.72400
 18.92280 -103.79600
 18.93760 -103.86200
 18.93850 -103.92100
 18.85690 -104.02000
 18.79920 -104.08500
 18.77920 -104.10200
 18.74180 -104.17400
 18.72400 -104.24700
 18.75330 -104.26500
 18.88970 -104.23100
 18.92010 -104.21000
 18.93080 -104.18100
 18.98280 -104.10600
 19.04430 -104.08900
 19.08400 -104.11400
 19.11170 -104.15200
 19.11130 -104.22100
 19.11090 -104.27900
 18.97220 -104.53000
 18.94170 -104.54900
 18.90300 -104.57300
 18.83690 -104.67200
 18.79620 -104.74500
 18.74420 -104.93500
 18.72080 -105.03000
 18.69670 -105.10600
 18.67330 -105.14600
 18.63670 -105.19300
 18.61000 -105.19400
 18.59870 -105.15000
 18.51760 -105.11500
 18.47030 -105.10400
 18.43800 -105.10900
 18.33440 -105.18300
 18.25250 -105.26700
 18.25610 -105.30900
 18.24280 -105.32600
 18.19670 -105.32200
 18.13660 -105.23300
 18.05660 -105.15000
 17.98950 -105.08500
 17.96150 -105.04100
 17.95360 -105.01300
 17.95150 -104.99100
 17.95060 -104.97000
 17.96760 -104.94800
 18.01100 -104.91700
 18.04980 -104.87900
 18.16170 -104.61200
 18.05880 -104.50900
 17.97600 -104.45200
 17.95470 -104.43800
 17.90430 -104.29400
 17.88760 -104.25700
 17.93720 -104.23900
 17.98900 -104.21600
 18.01500 -104.19600
 18.10940 -104.10200
 18.14640 -104.09200
 18.19970 -104.07200
 18.23830 -104.04700
 18.32690 -103.97600
 18.32670 -103.94100
 18.31110 -103.84200
 18.33780 -103.75900
 18.38840 -103.61900
 18.42170 -103.50800
 18.43440 -103.41700
 18.43500 -103.39700
 18.43110 -103.37100
 18.41900 -103.30100
 18.40220 -103.27600
 18.36540 -103.24200
 18.33900 -103.24100
 18.27500 -103.25700
 18.16530 -103.14100
 18.14870 -103.12000
 18.12300 -103.06900
3411 92 16.91285 18.19668 -106.43420 -104.25700 'Khammouan (Laos)'
 17.88760 -104.25700
 17.90430 -104.29400
 17.95470 -104.43800
 17.97600 -104.45200
 18.05880 -104.50900
 18.16170 -104.61200
 18.04980 -104.87900
 18.01100 -104.91700
 17.96760 -104.94800
 17.95060 -104.97000
 17.95150 -104.99100
 17.95360 -105.01300
 17.96150 -105.04100
 17.98950 -105.08500
 18.05660 -105.15000
 18.13660 -105.23300
 18.19670 -105.32200
 18.18610 -105.33200
 18.16820 -105.35700
 18.15760 -105.40000
 18.16830 -105.50400
 18.04860 -105.58200
 17.98750 -105.62700
 17.81440 -105.68200
 17.67040 -105.75400
 17.65330 -105.79600
 17.64020 -105.83300
 17.61860 -105.86100
 17.58440 -105.89200
 17.52920 -105.93200
 17.42610 -106.02100
 17.40670 -106.03900
 17.35680 -106.09000
 17.30470 -106.15100
 17.26170 -106.21200
 17.24650 -106.24900
 17.16920 -106.34100
 17.06470 -106.42100
 17.01140 -106.43400
 17.00690 -106.42600
 16.99890 -106.38600
 17.00560 -106.34800
 17.02610 -106.26600
 17.03540 -106.23800
 17.05720 -106.21400
 17.05360 -106.10000
 17.03790 -105.95500
 17.03780 -105.92200
 17.04220 -105.86100
 17.06310 -105.82200
 17.07470 -105.80000
 17.09390 -105.74600
 17.12200 -105.65700
 17.07610 -105.63000
 17.07780 -105.54100
 17.09170 -105.49900
 17.09530 -105.45700
 17.07810 -105.42100
 17.03780 -105.28100
 17.04560 -105.22500
 17.07280 -105.10700
 17.09450 -105.01800
 17.10400 -104.94300
 17.07830 -104.83400
 17.01200 -104.80600
 16.95560 -104.83600
 16.93670 -104.85400
 16.91280 -104.80700
 16.91510 -104.77700
 16.94670 -104.74200
 16.97320 -104.74000
 17.01070 -104.74100
 17.03760 -104.74600
 17.09110 -104.77400
 17.13330 -104.79700
 17.15280 -104.80200
 17.19030 -104.80900
 17.24250 -104.81400
 17.28610 -104.81400
 17.36140 -104.80900
 17.38190 -104.80600
 17.40820 -104.79300
 17.50330 -104.71800
 17.52850 -104.69200
 17.55770 -104.64100
 17.64930 -104.46100
 17.70390 -104.41700
 17.72810 -104.40200
 17.82640 -104.33600
 17.84560 -104.28600
 17.86500 -104.26600
 17.88760 -104.25700
3425 59 14.30389 15.13277 -107.55165 -106.29028 'Attapeu (Laos)'
 14.48140 -106.29000
 14.54480 -106.32300
 14.59370 -106.32700
 14.64160 -106.31700
 14.78520 -106.29500
 14.90930 -106.29300
 14.97130 -106.29500
 15.01660 -106.30300
 15.03900 -106.32400
 15.05760 -106.35200
 15.07010 -106.39900
 15.05040 -106.44000
 15.01630 -106.48900
 14.96060 -106.53900
 14.92750 -106.59900
 14.91000 -106.65900
 14.91290 -106.70500
 14.92770 -106.75100
 14.94980 -106.78900
 14.97830 -106.80500
 15.01620 -106.81900
 15.04500 -106.81400
 15.07040 -106.79100
 15.13280 -106.76800
 15.10640 -106.85700
 15.04960 -106.98600
 15.04200 -107.01900
 15.06410 -107.13900
 15.09400 -107.21800
 15.10180 -107.25400
 15.08740 -107.34500
 15.03580 -107.47300
 15.02320 -107.46800
 14.97150 -107.48000
 14.91890 -107.54000
 14.84750 -107.55200
 14.72440 -107.54900
 14.70860 -107.54700
 14.64000 -107.47300
 14.59530 -107.34700
 14.53110 -107.25400
 14.49720 -107.23400
 14.43890 -107.16900
 14.40390 -107.11800
 14.30390 -106.85000
 14.34100 -106.80300
 14.38890 -106.76500
 14.40940 -106.75300
 14.43500 -106.70300
 14.46600 -106.62900
 14.50940 -106.60100
 14.59740 -106.53400
 14.56420 -106.47500
 14.50810 -106.43100
 14.48560 -106.43200
 14.45810 -106.40900
 14.44850 -106.32300
 14.45970 -106.30500
 14.48140 -106.29000
3426 65 15.03583 16.26334 -107.69525 -106.34170 'Xekong (Laos)'
 15.32700 -106.38000
 15.43130 -106.34700
 15.46360 -106.34200
 15.48830 -106.36400
 15.50920 -106.40600
 15.52850 -106.47500
 15.56230 -106.53300
 15.69280 -106.66600
 15.72370 -106.67700
 15.75590 -106.67700
 15.78830 -106.66600
 15.81920 -106.67800
 15.89000 -106.73500
 15.95840 -106.78600
 16.03060 -106.82900
 16.14420 -106.90100
 16.24020 -107.02900
 16.25400 -107.06000
 16.26330 -107.14700
 16.23310 -107.14900
 16.20580 -107.15200
 16.18370 -107.16500
 16.16080 -107.19200
 16.05610 -107.33800
 16.06280 -107.36200
 16.06750 -107.38200
 16.08050 -107.46100
 16.02730 -107.47500
 16.02250 -107.47600
 16.00390 -107.46400
 15.91850 -107.40200
 15.85850 -107.25600
 15.86640 -107.22900
 15.85900 -107.20400
 15.79030 -107.17600
 15.76540 -107.18300
 15.64780 -107.26300
 15.55640 -107.36100
 15.50330 -107.42000
 15.46830 -107.51700
 15.38390 -107.59600
 15.28860 -107.68500
 15.27080 -107.69500
 15.23470 -107.68500
 15.22650 -107.68200
 15.20530 -107.67000
 15.12810 -107.64100
 15.06360 -107.61600
 15.04560 -107.58700
 15.03580 -107.47300
 15.08740 -107.34500
 15.10180 -107.25400
 15.09400 -107.21800
 15.06410 -107.13900
 15.04200 -107.01900
 15.04960 -106.98600
 15.10640 -106.85700
 15.13280 -106.76800
 15.22650 -106.72400
 15.25690 -106.68800
 15.32550 -106.56400
 15.33680 -106.52600
 15.32070 -106.48300
 15.30930 -106.44600
 15.32700 -106.38000
