3099 126 41.95751 43.21690 -77.22485 -73.07589 'Bishkek (Kyrgyzstan)'
 42.45970 -75.63690
 42.43800 -75.61140
 42.40160 -75.53080
 42.43360 -75.42390
 42.43660 -75.32470
 42.43630 -75.14920
 42.43440 -74.90000
 42.41590 -74.80960
 42.37770 -74.82990
 42.30380 -74.80580
 42.30220 -74.73350
 42.22910 -74.65910
 42.22990 -74.50800
 42.23860 -74.41550
 42.24270 -74.39140
 42.24300 -74.36890
 42.23840 -74.33480
 42.22380 -74.29390
 42.14300 -74.16890
 42.07770 -74.16580
 42.04360 -74.11360
 41.96730 -73.95230
 41.96330 -73.89010
 41.96770 -73.85680
 41.96430 -73.82600
 41.95750 -73.80080
 41.99230 -73.78970
 42.01000 -73.77970
 42.02130 -73.75470
 42.02380 -73.72070
 42.01440 -73.68850
 42.01760 -73.53720
 42.04330 -73.36830
 42.09940 -73.21970
 42.12110 -73.12190
 42.14330 -73.10780
 42.19360 -73.08720
 42.22980 -73.07590
 42.25410 -73.08510
 42.29360 -73.25220
 42.29360 -73.35140
 42.29570 -73.47180
 42.32500 -73.56080
 42.33570 -73.57790
 42.46110 -73.66260
 42.47200 -73.63260
 42.46580 -73.56540
 42.44940 -73.52970
 42.44480 -73.52250
 42.45380 -73.51330
 42.50380 -73.47330
 42.53330 -73.45110
 42.55190 -73.44250
 42.58470 -73.43360
 42.62750 -73.43410
 42.71410 -73.46360
 42.74860 -73.49480
 42.79700 -73.52430
 42.83140 -73.52990
 42.93020 -73.54000
 43.04020 -73.58640
 43.06770 -73.65050
 43.08500 -73.71300
 43.10440 -73.78970
 43.12510 -73.91520
 43.14830 -73.93860
 43.18800 -74.05940
 43.20980 -74.23440
 43.21690 -74.29360
 43.20550 -74.34610
 43.19550 -74.39170
 43.12640 -74.57550
 43.08840 -74.61400
 43.04410 -74.66860
 42.99670 -74.74550
 42.99070 -74.78080
 42.99270 -74.82780
 42.98650 -74.86470
 42.97910 -74.89330
 42.91550 -75.06690
 42.86880 -75.18390
 42.85520 -75.24330
 42.85330 -75.31780
 42.83470 -75.56230
 42.82840 -75.59190
 42.81790 -75.62210
 42.80720 -75.67140
 42.85290 -75.74920
 42.88520 -75.76990
 42.91910 -75.78550
 42.93570 -75.79060
 42.93860 -75.79640
 42.94520 -75.84470
 42.94680 -75.90320
 42.94190 -76.11550
 42.93690 -76.24030
 42.92400 -76.32490
 42.91020 -76.37750
 42.89940 -76.42410
 42.90020 -76.61690
 42.91870 -76.73370
 42.95250 -76.81920
 42.97840 -76.84870
 42.99580 -76.98100
 42.96760 -77.13860
 42.95880 -77.15800
 42.91820 -77.20820
 42.90970 -77.21330
 42.88020 -77.22480
 42.80900 -77.12960
 42.79870 -77.08510
 42.79720 -77.04910
 42.79910 -76.93690
 42.76860 -76.80830
 42.75370 -76.62600
 42.76300 -76.46860
 42.70520 -76.31940
 42.69130 -76.28500
 42.67700 -76.25820
 42.65560 -76.23250
 42.62110 -76.19470
 42.60410 -76.16260
 42.58830 -75.96800
 42.58660 -75.82720
 42.49910 -75.69300
 42.45970 -75.63690
3100 176 41.16513 42.92134 -80.28158 -75.63694 'Issyk-Kul' (Kyrgyzstan)'
 41.16510 -78.24620
 41.20240 -78.19300
 41.22450 -78.07570
 41.20660 -78.02710
 41.19800 -77.95100
 41.19690 -77.90110
 41.22520 -77.71940
 41.30190 -77.65670
 41.33050 -77.57190
 41.31800 -77.55170
 41.29450 -77.51420
 41.26500 -77.34870
 41.28900 -77.37300
 41.38080 -77.41660
 41.39980 -77.39300
 41.44830 -77.30360
 41.51750 -77.24060
 41.53520 -77.26190
 41.52800 -77.32280
 41.54760 -77.34100
 41.57770 -77.34800
 41.62430 -77.34640
 41.61550 -77.31350
 41.58500 -77.21890
 41.59110 -77.12750
 41.59910 -76.90780
 41.59660 -76.88790
 41.58380 -76.85350
 41.57770 -76.81430
 41.58330 -76.74960
 41.61110 -76.70390
 41.62970 -76.67920
 41.66220 -76.69970
 41.72740 -76.73050
 41.75870 -76.73320
 41.77480 -76.71210
 41.79100 -76.65890
 41.78520 -76.54800
 41.78220 -76.47030
 41.81630 -76.45310
 41.84660 -76.48400
 41.85000 -76.51810
 41.84910 -76.54780
 41.84660 -76.57170
 41.84750 -76.61600
 41.90520 -76.63750
 41.93130 -76.62050
 41.97770 -76.46890
 41.99020 -76.34860
 42.00520 -76.21780
 42.01990 -76.11250
 42.06300 -76.06860
 42.20720 -75.98110
 42.24050 -75.98820
 42.26690 -76.00220
 42.29060 -76.00960
 42.38230 -75.94700
 42.39250 -75.89670
 42.37010 -75.88480
 42.35580 -75.85980
 42.34970 -75.77260
 42.40860 -75.65640
 42.45080 -75.63830
 42.45970 -75.63690
 42.49910 -75.69300
 42.58660 -75.82720
 42.58830 -75.96800
 42.60410 -76.16260
 42.62110 -76.19470
 42.65560 -76.23250
 42.67700 -76.25820
 42.69130 -76.28500
 42.70520 -76.31940
 42.76300 -76.46860
 42.75370 -76.62600
 42.76860 -76.80830
 42.79910 -76.93690
 42.79720 -77.04910
 42.79870 -77.08510
 42.80900 -77.12960
 42.88020 -77.22480
 42.90970 -77.21330
 42.91820 -77.20820
 42.91630 -77.26830
 42.92080 -77.40720
 42.92130 -77.53550
 42.91520 -77.66890
 42.91500 -77.72220
 42.89510 -77.94460
 42.88610 -77.96550
 42.86980 -77.99290
 42.85730 -78.09780
 42.86220 -78.12030
 42.86880 -78.15250
 42.87080 -78.18050
 42.88750 -78.45220
 42.88470 -78.51640
 42.87940 -78.53690
 42.82720 -78.67030
 42.76000 -79.03140
 42.76510 -79.05710
 42.78660 -79.10980
 42.79270 -79.13860
 42.79760 -79.17540
 42.78370 -79.20580
 42.75820 -79.20220
 42.73510 -79.19790
 42.71130 -79.19970
 42.67910 -79.21530
 42.65880 -79.23300
 42.63260 -79.26470
 42.61730 -79.29670
 42.61440 -79.32460
 42.60290 -79.36050
 42.56630 -79.38800
 42.52610 -79.40640
 42.49060 -79.42380
 42.47220 -79.44390
 42.46550 -79.46970
 42.45880 -79.51030
 42.45500 -79.54170
 42.45340 -79.57890
 42.45770 -79.61190
 42.47020 -79.68330
 42.47440 -79.71300
 42.44130 -79.91940
 42.43270 -79.95650
 42.30150 -80.11550
 42.24860 -80.15550
 42.22370 -80.17280
 42.20910 -80.19220
 42.20080 -80.21440
 42.19620 -80.23400
 42.17520 -80.24610
 42.08310 -80.28160
 42.05430 -80.26940
 42.03950 -80.24510
 42.03080 -80.21390
 42.02660 -80.17970
 42.02580 -80.13970
 42.03470 -80.06220
 42.03630 -80.02530
 42.03410 -79.97720
 42.02500 -79.92360
 42.02000 -79.89640
 42.01340 -79.87320
 41.99200 -79.84440
 41.96590 -79.82620
 41.92480 -79.81580
 41.89490 -79.79160
 41.88250 -79.75330
 41.88190 -79.72220
 41.88480 -79.69370
 41.88330 -79.65900
 41.83130 -79.52670
 41.79220 -79.34080
 41.71990 -79.14720
 41.68240 -79.05940
 41.64160 -78.95860
 41.56310 -78.75830
 41.55410 -78.72690
 41.54300 -78.69550
 41.53190 -78.67080
 41.46380 -78.53110
 41.39290 -78.39550
 41.37260 -78.37050
 41.35300 -78.36360
 41.31830 -78.37660
 41.29380 -78.38330
 41.27480 -78.36980
 41.25360 -78.32640
 41.24200 -78.30750
 41.22970 -78.29050
 41.19800 -78.26530
 41.17550 -78.25220
 41.16510 -78.24620
3101 207 40.29800 42.45968 -78.24623 -73.39572 'Naryn (Kyrgyzstan)'
 41.48600 -73.41640
 41.54190 -73.48440
 41.58490 -73.62390
 41.59360 -73.68010
 41.58020 -73.72860
 41.57160 -73.74690
 41.54220 -73.81850
 41.55680 -73.90750
 41.56930 -73.93260
 41.61650 -73.94210
 41.64410 -73.92890
 41.71020 -73.88210
 41.72770 -73.81460
 41.72460 -73.79150
 41.74240 -73.73300
 41.79120 -73.62650
 41.85190 -73.61800
 41.93110 -73.75420
 41.95750 -73.80080
 41.96430 -73.82600
 41.96770 -73.85680
 41.96330 -73.89010
 41.96730 -73.95230
 42.04360 -74.11360
 42.07770 -74.16580
 42.14300 -74.16890
 42.22380 -74.29390
 42.23840 -74.33480
 42.24300 -74.36890
 42.24270 -74.39140
 42.23860 -74.41550
 42.22990 -74.50800
 42.22910 -74.65910
 42.30220 -74.73350
 42.30380 -74.80580
 42.37770 -74.82990
 42.41590 -74.80960
 42.43440 -74.90000
 42.43630 -75.14920
 42.43660 -75.32470
 42.43360 -75.42390
 42.40160 -75.53080
 42.43800 -75.61140
 42.45970 -75.63690
 42.45080 -75.63830
 42.40860 -75.65640
 42.34970 -75.77260
 42.35580 -75.85980
 42.37010 -75.88480
 42.39250 -75.89670
 42.38230 -75.94700
 42.29060 -76.00960
 42.26690 -76.00220
 42.24050 -75.98820
 42.20720 -75.98110
 42.06300 -76.06860
 42.01990 -76.11250
 42.00520 -76.21780
 41.99020 -76.34860
 41.97770 -76.46890
 41.93130 -76.62050
 41.90520 -76.63750
 41.84750 -76.61600
 41.84660 -76.57170
 41.84910 -76.54780
 41.85000 -76.51810
 41.84660 -76.48400
 41.81630 -76.45310
 41.78220 -76.47030
 41.78520 -76.54800
 41.79100 -76.65890
 41.77480 -76.71210
 41.75870 -76.73320
 41.72740 -76.73050
 41.66220 -76.69970
 41.62970 -76.67920
 41.61110 -76.70390
 41.58330 -76.74960
 41.57770 -76.81430
 41.58380 -76.85350
 41.59660 -76.88790
 41.59910 -76.90780
 41.59110 -77.12750
 41.58500 -77.21890
 41.61550 -77.31350
 41.62430 -77.34640
 41.57770 -77.34800
 41.54760 -77.34100
 41.52800 -77.32280
 41.53520 -77.26190
 41.51750 -77.24060
 41.44830 -77.30360
 41.39980 -77.39300
 41.38080 -77.41660
 41.28900 -77.37300
 41.26500 -77.34870
 41.29450 -77.51420
 41.31800 -77.55170
 41.33050 -77.57190
 41.30190 -77.65670
 41.22520 -77.71940
 41.19690 -77.90110
 41.19800 -77.95100
 41.20660 -78.02710
 41.22450 -78.07570
 41.20240 -78.19300
 41.16510 -78.24620
 41.14550 -78.23660
 41.11610 -78.20640
 41.10130 -78.18890
 41.06930 -78.13870
 41.04080 -78.08080
 41.04400 -78.05500
 41.05630 -78.02870
 41.06020 -77.99780
 41.06970 -77.86060
 41.06240 -77.82780
 41.04080 -77.78030
 41.00190 -77.68470
 40.98660 -77.54360
 40.98610 -77.50580
 40.99690 -77.47470
 41.01270 -77.43640
 41.02510 -77.38210
 41.02730 -77.33800
 41.00630 -77.27440
 41.01600 -77.14000
 41.02720 -77.10910
 41.04650 -77.07330
 41.04960 -77.02140
 41.02740 -76.92140
 41.02100 -76.89720
 41.01260 -76.87070
 40.95090 -76.79100
 40.74130 -76.64840
 40.70450 -76.64850
 40.61910 -76.64440
 40.60260 -76.63010
 40.57760 -76.58670
 40.56230 -76.56970
 40.53940 -76.55110
 40.51970 -76.53750
 40.49870 -76.52640
 40.45890 -76.51420
 40.43670 -76.49350
 40.40410 -76.45030
 40.35320 -76.33440
 40.38470 -76.31500
 40.40380 -76.22360
 40.39830 -76.09940
 40.39580 -76.06810
 40.38880 -76.04530
 40.36660 -75.98350
 40.34550 -75.96680
 40.31490 -75.94300
 40.30120 -75.90010
 40.29800 -75.70370
 40.31200 -75.68820
 40.33490 -75.67890
 40.37380 -75.66580
 40.53790 -75.62890
 40.56980 -75.62980
 40.59470 -75.62410
 40.62860 -75.60430
 40.64450 -75.58280
 40.62970 -75.53080
 40.60880 -75.48640
 40.52650 -75.33970
 40.48240 -75.27750
 40.45040 -75.23390
 40.44760 -75.06610
 40.45660 -75.02110
 40.46580 -74.99110
 40.47380 -74.97100
 40.49160 -74.93610
 40.50870 -74.90790
 40.51920 -74.88230
 40.51720 -74.85880
 40.50400 -74.84500
 40.51240 -74.73390
 40.51540 -74.70730
 40.55130 -74.58080
 40.57280 -74.58700
 40.60050 -74.59170
 40.62490 -74.57390
 40.64740 -74.49910
 40.66160 -74.43050
 40.66880 -74.40910
 40.69240 -74.37390
 40.70800 -74.35280
 40.80020 -74.25190
 40.83470 -74.21580
 40.85420 -74.20830
 40.94350 -74.06890
 41.04080 -73.90250
 41.09940 -73.87050
 41.16380 -73.82390
 41.25830 -73.72120
 41.31130 -73.63920
 41.30270 -73.59480
 41.30740 -73.55730
 41.32750 -73.50850
 41.38690 -73.49640
 41.41500 -73.49630
 41.43880 -73.44940
 41.46850 -73.39570
 41.48600 -73.41640
3102 387 39.19547 42.22205 -74.89075 -69.24950 'Osh (Kyrgyzstan)'
 40.24480 -70.98200
 40.26760 -70.99570
 40.27760 -71.06790
 40.27800 -71.09410
 40.27740 -71.13920
 40.28720 -71.24660
 40.30990 -71.29910
 40.30190 -71.39000
 40.26880 -71.47110
 40.23860 -71.48470
 40.22380 -71.50560
 40.21550 -71.52420
 40.14790 -71.71420
 40.17440 -71.78280
 40.19370 -71.80770
 40.25050 -71.90360
 40.26630 -72.04390
 40.33440 -72.01280
 40.43230 -72.11210
 40.46200 -72.17960
 40.46490 -72.20690
 40.46450 -72.22710
 40.46550 -72.25800
 40.44720 -72.28310
 40.40940 -72.34530
 40.39270 -72.39390
 40.38790 -72.42050
 40.40460 -72.43280
 40.43380 -72.44640
 40.45870 -72.45300
 40.48810 -72.43410
 40.50720 -72.39970
 40.52620 -72.38000
 40.60280 -72.37360
 40.61640 -72.40460
 40.52150 -72.59120
 40.51340 -72.62920
 40.51940 -72.65390
 40.53560 -72.67360
 40.58490 -72.71050
 40.67510 -72.80590
 40.68880 -72.85190
 40.69330 -72.87800
 40.71270 -72.94360
 40.77510 -73.10410
 40.79970 -73.14720
 40.82910 -73.16750
 40.84720 -73.15250
 40.86830 -73.04910
 40.86770 -72.89940
 40.86910 -72.72550
 40.87050 -72.70220
 40.87910 -72.66000
 40.89480 -72.62130
 40.92790 -72.60580
 40.95380 -72.57970
 41.01670 -72.50330
 41.04020 -72.39530
 41.03220 -72.31920
 41.00660 -72.19550
 41.05230 -72.21550
 41.19270 -72.18110
 41.20400 -72.15020
 41.19650 -72.11140
 41.18950 -71.90900
 41.20060 -71.88830
 41.24610 -71.88990
 41.27480 -71.89620
 41.30240 -71.89440
 41.33110 -71.88830
 41.35800 -71.86680
 41.55630 -71.68830
 41.55490 -71.64540
 41.50410 -71.61940
 41.48420 -71.62600
 41.46290 -71.65010
 41.42880 -71.65980
 41.39730 -71.65150
 41.33360 -71.61800
 41.31580 -71.59850
 41.30180 -71.57600
 41.30240 -71.54570
 41.31810 -71.50210
 41.35040 -71.44780
 41.33260 -71.43440
 41.25750 -71.43910
 41.23020 -71.44220
 41.19580 -71.44220
 41.14310 -71.44040
 41.12080 -71.42360
 41.12550 -71.39720
 41.19460 -71.24550
 41.18670 -71.20810
 41.16110 -71.15690
 41.20360 -70.98830
 41.25050 -70.81330
 41.33090 -70.79260
 41.35500 -70.79340
 41.39480 -70.77170
 41.47030 -70.71100
 41.47590 -70.66970
 41.45910 -70.63420
 41.44400 -70.60110
 41.41910 -70.53120
 41.41080 -70.48890
 41.41220 -70.47420
 41.45930 -70.43500
 41.47770 -70.41370
 41.49930 -70.37000
 41.50550 -70.34780
 41.51080 -70.32330
 41.51520 -70.29280
 41.51470 -70.26640
 41.51910 -70.20630
 41.54120 -70.18100
 41.58260 -70.18430
 41.59870 -70.20470
 41.61500 -70.25190
 41.62500 -70.28530
 41.63330 -70.30860
 41.71650 -70.47460
 41.73200 -70.49160
 41.75070 -70.50240
 41.78550 -70.51670
 41.80010 -70.53080
 41.91010 -70.70020
 41.91230 -70.75180
 41.91360 -70.78530
 41.93120 -70.84670
 41.97060 -70.85150
 42.02700 -70.85940
 42.04180 -70.87720
 42.04570 -70.91230
 42.03950 -70.94510
 42.04260 -70.98100
 42.14190 -71.22250
 42.17450 -71.26370
 42.19820 -71.27570
 42.20420 -71.27510
 42.21020 -71.28530
 42.21800 -71.30500
 42.22200 -71.33860
 42.21880 -71.36940
 42.20590 -71.39240
 42.17610 -71.46440
 42.14550 -71.61080
 42.14370 -71.64540
 42.15870 -71.66220
 42.16550 -71.68260
 42.11190 -71.96330
 42.10020 -72.00670
 42.09300 -72.02780
 42.07010 -72.05840
 42.03410 -72.06000
 42.00300 -72.04410
 41.97970 -72.02750
 41.95250 -72.04830
 41.94190 -72.07260
 41.91160 -72.18220
 41.89760 -72.23110
 41.80990 -72.33330
 41.77520 -72.34190
 41.74970 -72.33960
 41.72940 -72.34230
 41.64130 -72.40300
 41.63130 -72.43800
 41.62490 -72.47750
 41.60720 -72.53800
 41.59810 -72.55840
 41.57790 -72.57760
 41.54630 -72.55610
 41.52300 -72.51940
 41.50860 -72.48750
 41.48870 -72.44140
 41.45740 -72.45040
 41.44420 -72.47500
 41.42020 -72.62970
 41.42240 -72.67190
 41.44490 -72.80030
 41.45720 -72.82550
 41.49810 -72.86970
 41.53060 -72.89920
 41.55020 -72.93220
 41.55330 -72.96360
 41.55330 -72.99500
 41.55300 -73.05500
 41.51250 -73.29550
 41.49360 -73.39780
 41.48600 -73.41640
 41.46850 -73.39570
 41.43880 -73.44940
 41.41500 -73.49630
 41.38690 -73.49640
 41.32750 -73.50850
 41.30740 -73.55730
 41.30270 -73.59480
 41.31130 -73.63920
 41.25830 -73.72120
 41.16380 -73.82390
 41.09940 -73.87050
 41.04080 -73.90250
 40.94350 -74.06890
 40.85420 -74.20830
 40.83470 -74.21580
 40.80020 -74.25190
 40.70800 -74.35280
 40.69240 -74.37390
 40.66880 -74.40910
 40.66160 -74.43050
 40.64740 -74.49910
 40.62490 -74.57390
 40.60050 -74.59170
 40.57280 -74.58700
 40.55130 -74.58080
 40.51540 -74.70730
 40.51240 -74.73390
 40.50400 -74.84500
 40.46360 -74.83190
 40.40800 -74.82610
 40.39260 -74.84510
 40.36520 -74.87720
 40.34910 -74.89080
 40.32790 -74.88090
 40.32490 -74.84890
 40.33200 -74.82100
 40.34490 -74.76050
 40.34080 -74.73430
 40.26190 -74.60040
 40.22300 -74.55220
 40.18830 -74.51470
 40.13940 -74.44220
 40.12260 -74.41500
 40.10770 -74.38360
 40.09780 -74.35430
 40.09270 -74.32220
 40.09270 -74.29480
 40.11130 -74.25800
 40.11730 -74.22600
 40.11170 -74.18930
 40.06740 -74.02470
 40.04200 -73.99100
 39.81690 -73.84780
 39.76900 -73.84290
 39.74520 -73.86230
 39.72820 -73.90740
 39.69270 -73.92470
 39.59970 -73.95470
 39.48520 -73.86370
 39.47380 -73.84000
 39.46800 -73.78580
 39.45480 -73.65570
 39.46080 -73.65420
 39.47330 -73.52470
 39.46990 -73.49140
 39.43780 -73.36780
 39.40400 -73.35760
 39.35830 -73.18550
 39.35450 -73.16360
 39.36200 -72.86240
 39.37130 -72.80500
 39.37800 -72.77750
 39.39770 -72.68890
 39.40130 -72.65730
 39.39080 -72.63320
 39.36590 -72.59860
 39.34970 -72.48440
 39.35270 -72.45330
 39.35870 -72.42450
 39.33840 -72.34780
 39.31690 -72.32500
 39.28660 -72.31410
 39.25710 -72.30640
 39.19550 -72.25890
 39.27460 -72.13970
 39.34830 -72.09830
 39.37140 -72.07760
 39.34800 -71.97140
 39.32690 -71.93390
 39.30660 -71.89940
 39.28840 -71.86130
 39.27760 -71.77850
 39.30880 -71.74280
 39.33380 -71.73280
 39.36090 -71.74390
 39.39140 -71.77320
 39.41710 -71.77530
 39.45580 -71.75780
 39.46140 -71.71460
 39.45320 -71.68110
 39.45020 -71.65440
 39.44920 -71.59710
 39.45430 -71.56390
 39.46440 -71.53790
 39.48870 -71.51750
 39.50890 -71.51850
 39.54760 -71.54880
 39.57220 -71.54870
 39.60440 -71.51470
 39.61800 -71.48460
 39.60630 -71.40640
 39.56960 -71.32640
 39.53320 -71.19610
 39.51270 -71.10260
 39.48960 -71.07390
 39.45350 -71.05580
 39.42540 -71.04360
 39.41090 -71.02800
 39.40090 -70.99410
 39.41090 -70.84860
 39.42540 -70.72110
 39.48930 -70.69470
 39.50700 -70.67270
 39.51820 -70.67160
 39.54940 -70.66140
 39.57980 -70.63280
 39.60710 -70.50750
 39.60660 -70.48210
 39.58200 -70.35610
 39.55150 -70.30190
 39.57740 -70.23750
 39.58440 -70.18140
 39.55440 -69.96610
 39.53720 -69.84660
 39.54530 -69.82440
 39.56220 -69.80110
 39.57250 -69.78190
 39.58190 -69.75030
 39.58780 -69.70800
 39.58640 -69.67220
 39.58220 -69.60910
 39.57350 -69.58120
 39.55010 -69.55120
 39.53860 -69.51640
 39.51880 -69.33330
 39.53490 -69.30860
 39.56040 -69.30150
 39.59930 -69.30970
 39.63030 -69.31410
 39.65970 -69.31410
 39.68680 -69.31000
 39.70430 -69.29870
 39.73350 -69.26250
 39.75760 -69.24950
 39.79860 -69.25720
 39.83830 -69.26780
 39.88720 -69.28500
 39.99260 -69.33480
 39.93800 -69.40750
 39.90510 -69.42480
 39.92080 -69.49830
 39.93450 -69.52400
 39.96260 -69.50550
 40.03780 -69.48550
 40.07290 -69.49930
 40.12890 -69.54070
 40.10930 -69.56970
 40.11190 -69.60580
 40.11890 -69.63690
 40.13280 -69.69250
 40.17030 -69.81780
 40.21800 -70.01190
 40.20780 -70.05250
 40.13260 -70.28570
 40.11570 -70.30960
 40.09070 -70.32960
 40.08210 -70.35150
 40.07020 -70.42670
 40.05670 -70.51240
 40.04600 -70.54220
 40.02810 -70.55820
 40.00300 -70.54650
 39.98840 -70.51770
 39.96920 -70.48860
 39.92790 -70.46800
 39.90810 -70.49430
 39.95820 -70.60300
 39.97050 -70.62250
 39.98500 -70.63970
 40.00750 -70.65430
 40.04480 -70.66030
 40.10070 -70.66340
 40.17130 -70.88610
 40.16900 -70.92170
 40.17480 -70.95740
 40.18990 -70.98570
 40.22860 -70.99500
 40.24480 -70.98200
3103 147 41.42023 42.82747 -73.94206 -70.87317 'Talas (Kyrgyzstan)'
 42.44480 -73.52250
 42.44940 -73.52970
 42.46580 -73.56540
 42.47200 -73.63260
 42.46110 -73.66260
 42.33570 -73.57790
 42.32500 -73.56080
 42.29570 -73.47180
 42.29360 -73.35140
 42.29360 -73.25220
 42.25410 -73.08510
 42.22980 -73.07590
 42.19360 -73.08720
 42.14330 -73.10780
 42.12110 -73.12190
 42.09940 -73.21970
 42.04330 -73.36830
 42.01760 -73.53720
 42.01440 -73.68850
 42.02380 -73.72070
 42.02130 -73.75470
 42.01000 -73.77970
 41.99230 -73.78970
 41.95750 -73.80080
 41.93110 -73.75420
 41.85190 -73.61800
 41.79120 -73.62650
 41.74240 -73.73300
 41.72460 -73.79150
 41.72770 -73.81460
 41.71020 -73.88210
 41.64410 -73.92890
 41.61650 -73.94210
 41.56930 -73.93260
 41.55680 -73.90750
 41.54220 -73.81850
 41.57160 -73.74690
 41.58020 -73.72860
 41.59360 -73.68010
 41.58490 -73.62390
 41.54190 -73.48440
 41.48600 -73.41640
 41.49360 -73.39780
 41.51250 -73.29550
 41.55300 -73.05500
 41.55330 -72.99500
 41.55330 -72.96360
 41.55020 -72.93220
 41.53060 -72.89920
 41.49810 -72.86970
 41.45720 -72.82550
 41.44490 -72.80030
 41.42240 -72.67190
 41.42020 -72.62970
 41.44420 -72.47500
 41.45740 -72.45040
 41.48870 -72.44140
 41.50860 -72.48750
 41.52300 -72.51940
 41.54630 -72.55610
 41.57790 -72.57760
 41.59810 -72.55840
 41.60720 -72.53800
 41.62490 -72.47750
 41.63130 -72.43800
 41.64130 -72.40300
 41.72940 -72.34230
 41.74970 -72.33960
 41.77520 -72.34190
 41.80990 -72.33330
 41.89760 -72.23110
 41.91160 -72.18220
 41.94190 -72.07260
 41.95250 -72.04830
 41.97970 -72.02750
 42.00300 -72.04410
 42.03410 -72.06000
 42.07010 -72.05840
 42.09300 -72.02780
 42.10020 -72.00670
 42.11190 -71.96330
 42.16550 -71.68260
 42.15870 -71.66220
 42.14370 -71.64540
 42.14550 -71.61080
 42.17610 -71.46440
 42.20590 -71.39240
 42.21880 -71.36940
 42.22200 -71.33860
 42.21800 -71.30500
 42.21020 -71.28530
 42.20420 -71.27510
 42.20570 -71.26390
 42.21830 -71.23170
 42.24970 -71.17250
 42.27760 -71.12250
 42.30260 -71.06450
 42.29900 -71.03320
 42.26200 -70.98050
 42.25470 -70.97080
 42.25440 -70.96250
 42.26470 -70.91430
 42.30910 -70.87320
 42.32330 -70.88390
 42.35720 -70.92780
 42.39900 -70.96130
 42.42750 -70.95560
 42.57750 -71.03550
 42.58840 -71.05710
 42.63150 -71.16900
 42.68860 -71.16980
 42.75910 -71.27530
 42.80410 -71.42470
 42.79360 -71.48780
 42.78940 -71.51030
 42.76430 -71.57800
 42.76540 -71.60350
 42.78180 -71.63960
 42.79220 -71.65780
 42.81840 -71.71650
 42.82360 -71.74720
 42.82640 -71.82190
 42.82750 -71.89800
 42.81750 -71.95750
 42.80910 -71.98920
 42.77360 -72.17160
 42.77500 -72.27250
 42.77360 -72.29690
 42.75390 -72.35330
 42.71660 -72.45800
 42.68550 -72.62140
 42.65800 -72.74870
 42.64240 -72.78600
 42.60300 -72.81520
 42.57480 -72.83710
 42.56130 -72.86440
 42.55410 -72.88390
 42.54830 -72.90860
 42.53930 -72.96010
 42.55050 -73.02000
 42.56040 -73.15260
 42.50300 -73.33570
 42.45340 -73.33530
 42.42930 -73.34650
 42.40930 -73.52050
 42.43030 -73.53280
 42.44480 -73.52250
