1054 51 10.04035 10.84027 60.90924 61.92160 'Trinidad & Tobago (Trinidad & Tobago)'
 10.82420 61.07940
 10.82610 61.07560
 10.84030 61.02540
 10.83860 60.92830
 10.82700 60.90920
 10.79720 60.92310
 10.76220 60.94450
 10.73920 60.96310
 10.71470 60.98720
 10.69850 61.01790
 10.67820 61.03420
 10.48920 61.04540
 10.39220 61.02100
 10.35160 60.99860
 10.14960 61.00440
 10.10280 61.08360
 10.09190 61.10720
 10.07560 61.15220
 10.06920 61.20290
 10.06690 61.40530
 10.06830 61.52670
 10.07610 61.67710
 10.07890 61.70560
 10.08110 61.80610
 10.07140 61.83360
 10.06220 61.85830
 10.04250 61.88030
 10.04030 61.90950
 10.06490 61.92160
 10.12780 61.81780
 10.19720 61.64780
 10.23760 61.50410
 10.27430 61.46140
 10.29420 61.45380
 10.57120 61.46310
 10.59780 61.47360
 10.63530 61.49580
 10.66940 61.54630
 10.68460 61.60130
 10.67890 61.62290
 10.68010 61.65780
 10.70840 61.66200
 10.74220 61.60280
 10.75060 61.48000
 10.75400 61.42850
 10.77970 61.38460
 10.79030 61.24250
 10.78940 61.19640
 10.79910 61.17180
 10.81530 61.14330
 10.82420 61.07940
1055 16 11.14166 11.34555 60.52084 60.84723 'Trinidad & Tobago (Trinidad & Tobago)'
 11.14170 60.79750
 11.15720 60.84490
 11.17690 60.84720
 11.24220 60.75670
 11.27580 60.70080
 11.30140 60.65780
 11.34560 60.52960
 11.33060 60.52080
 11.27390 60.52470
 11.25900 60.53180
 11.20220 60.64180
 11.19890 60.66890
 11.20190 60.68780
 11.18260 60.73880
 11.17120 60.75820
 11.14170 60.79750
