1862 121 41.84900 43.55597 -20.37903 -18.45333 'Montenegro (Montenegro)'
 42.56580 -18.45560
 42.56940 -18.46390
 42.61510 -18.54330
 42.64120 -18.57210
 42.66310 -18.57640
 42.71400 -18.55780
 42.72760 -18.52380
 42.76640 -18.49080
 42.82860 -18.45540
 42.96620 -18.48170
 42.99540 -18.50310
 43.01470 -18.53000
 43.02280 -18.55220
 43.02920 -18.57970
 43.04340 -18.64700
 43.08390 -18.65810
 43.12710 -18.64830
 43.14720 -18.64580
 43.25710 -18.70280
 43.34800 -18.83930
 43.35550 -18.88080
 43.35780 -18.91560
 43.32090 -18.95810
 43.29390 -18.95510
 43.23940 -19.01670
 43.23590 -19.05960
 43.25530 -19.07560
 43.30530 -19.09290
 43.43240 -19.02530
 43.44740 -19.00500
 43.45280 -18.98280
 43.45590 -18.95710
 43.50600 -18.94990
 43.55600 -19.00920
 43.51900 -19.21780
 43.51320 -19.22880
 43.46000 -19.25470
 43.44970 -19.27940
 43.37360 -19.44420
 43.31960 -19.51490
 43.26870 -19.55760
 43.23610 -19.58580
 43.18390 -19.64490
 43.17620 -19.66370
 43.17080 -19.69250
 43.14800 -19.78360
 43.10640 -19.92030
 43.09060 -19.96970
 43.03720 -20.03580
 43.00560 -20.05970
 42.97190 -20.15030
 42.96930 -20.17120
 42.94170 -20.25970
 42.92940 -20.29220
 42.88870 -20.34610
 42.84180 -20.37900
 42.76110 -20.23190
 42.76970 -20.10470
 42.77350 -20.07170
 42.76610 -20.03940
 42.75250 -20.01500
 42.72760 -19.98560
 42.70700 -19.97750
 42.68210 -20.01400
 42.67780 -20.04860
 42.67390 -20.07000
 42.65770 -20.09990
 42.56090 -20.07140
 42.56290 -20.05610
 42.51560 -19.92740
 42.47190 -19.82250
 42.48410 -19.79400
 42.50100 -19.76940
 42.54500 -19.74680
 42.58790 -19.76480
 42.64100 -19.75460
 42.66030 -19.71780
 42.62320 -19.65150
 42.60330 -19.63330
 42.57100 -19.61120
 42.54280 -19.60850
 42.44860 -19.51970
 42.18290 -19.28850
 42.15250 -19.33220
 42.12350 -19.37820
 42.10410 -19.39910
 42.07280 -19.37640
 41.95560 -19.34690
 41.91250 -19.34330
 41.84900 -19.36780
 41.89470 -19.29940
 41.90330 -19.27890
 41.91170 -19.23240
 41.93150 -19.17610
 41.94890 -19.15280
 41.98280 -19.13800
 42.01960 -19.14600
 42.04330 -19.13860
 42.11170 -19.07860
 42.13700 -19.05010
 42.15750 -19.00500
 42.19000 -18.96440
 42.27940 -18.87940
 42.28690 -18.84740
 42.28470 -18.81080
 42.37430 -18.64710
 42.36510 -18.62010
 42.38720 -18.57720
 42.42720 -18.55350
 42.42970 -18.58580
 42.41900 -18.62560
 42.39900 -18.70350
 42.41990 -18.70760
 42.46060 -18.67860
 42.45390 -18.50810
 42.44940 -18.50320
 42.45110 -18.49810
 42.47150 -18.47290
 42.49360 -18.45780
 42.51680 -18.45330
 42.56580 -18.45560
