4076 228 -17.73394 -14.01256 -35.34569 -30.21302 'Tete (Mozambique)'
 -17.35650 -33.04200
 -17.34100 -33.03750
 -17.32470 -33.01750
 -17.30810 -32.99380
 -17.26500 -32.98780
 -17.25220 -32.98860
 -17.22780 -32.98720
 -17.18290 -32.97990
 -17.14750 -32.96830
 -17.08560 -32.93470
 -17.05470 -32.91750
 -16.91860 -32.86500
 -16.89650 -32.89220
 -16.87440 -32.91280
 -16.85920 -32.92670
 -16.84220 -32.93860
 -16.82280 -32.94830
 -16.79690 -32.95920
 -16.77530 -32.96690
 -16.75220 -32.97360
 -16.70910 -32.98110
 -16.70270 -32.93050
 -16.71830 -32.79940
 -16.71800 -32.76750
 -16.69360 -32.72810
 -16.61170 -32.70740
 -16.54580 -32.58000
 -16.47830 -32.40720
 -16.47000 -32.37780
 -16.46360 -32.35360
 -16.44830 -32.29310
 -16.44030 -32.25470
 -16.43900 -32.23060
 -16.44140 -32.15610
 -16.44820 -32.08490
 -16.44850 -32.05560
 -16.43530 -31.98310
 -16.41270 -31.91120
 -16.36550 -31.90300
 -16.26080 -31.78220
 -16.21060 -31.71510
 -16.19860 -31.66220
 -16.19250 -31.57710
 -16.19500 -31.55620
 -16.18640 -31.51080
 -16.16240 -31.42620
 -16.14640 -31.40080
 -16.09330 -31.34370
 -16.07280 -31.34210
 -16.03250 -31.31190
 -16.01860 -31.27670
 -15.99470 -31.14890
 -16.01530 -31.07110
 -16.00440 -30.82080
 -16.00560 -30.42240
 -15.64210 -30.41730
 -15.63190 -30.41580
 -15.59360 -30.39670
 -15.47890 -30.38810
 -15.33740 -30.36110
 -15.31250 -30.33280
 -15.29140 -30.30330
 -15.25780 -30.27150
 -15.21610 -30.25250
 -15.13940 -30.22780
 -15.09610 -30.21920
 -14.98170 -30.21300
 -14.96780 -30.34360
 -14.88470 -30.50470
 -14.87580 -30.52780
 -14.84970 -30.60250
 -14.77810 -30.80810
 -14.75060 -30.91220
 -14.71640 -31.04580
 -14.71170 -31.09440
 -14.70830 -31.11640
 -14.66560 -31.30470
 -14.62530 -31.46330
 -14.61970 -31.48470
 -14.61150 -31.50370
 -14.58880 -31.53490
 -14.50210 -31.70080
 -14.49500 -31.73080
 -14.48690 -31.78250
 -14.48060 -31.80970
 -14.47280 -31.83560
 -14.46560 -31.85560
 -14.45780 -31.87500
 -14.42360 -31.95080
 -14.37720 -32.09470
 -14.34140 -32.23030
 -14.31720 -32.34330
 -14.30830 -32.37280
 -14.09670 -32.98390
 -14.01260 -33.22220
 -14.03610 -33.25780
 -14.14280 -33.30240
 -14.20890 -33.34640
 -14.32140 -33.43500
 -14.43170 -33.53190
 -14.53970 -33.63330
 -14.53310 -33.69640
 -14.51780 -33.77720
 -14.48940 -33.89250
 -14.44390 -34.12940
 -14.38600 -34.36370
 -14.39330 -34.38400
 -14.42970 -34.41080
 -14.46170 -34.42690
 -14.49610 -34.44610
 -14.52630 -34.46700
 -14.55060 -34.49610
 -14.57170 -34.52220
 -14.59280 -34.53220
 -14.61560 -34.54110
 -14.76640 -34.56190
 -14.96390 -34.58890
 -15.06110 -34.56720
 -15.11780 -34.56360
 -15.21150 -34.57540
 -15.22370 -34.58680
 -15.23310 -34.59030
 -15.25310 -34.59330
 -15.28280 -34.58970
 -15.32190 -34.56640
 -15.33400 -34.54970
 -15.34250 -34.52860
 -15.46960 -34.43430
 -15.50180 -34.42650
 -15.52210 -34.43600
 -15.54750 -34.44330
 -15.61170 -34.43830
 -15.65240 -34.42500
 -15.71420 -34.37580
 -15.73670 -34.34690
 -15.74360 -34.32420
 -15.75940 -34.30060
 -15.77750 -34.28030
 -15.79290 -34.26680
 -15.83780 -34.25110
 -15.88890 -34.25440
 -15.91150 -34.26250
 -15.92970 -34.28640
 -15.94470 -34.31510
 -15.95790 -34.33150
 -16.05010 -34.42070
 -16.06900 -34.42870
 -16.09210 -34.42680
 -16.13190 -34.40750
 -16.19920 -34.40960
 -16.26530 -34.43750
 -16.28070 -34.45070
 -16.29250 -34.46780
 -16.29350 -34.49830
 -16.29470 -34.52500
 -16.30100 -34.54860
 -16.32050 -34.57170
 -16.37940 -34.59420
 -16.45360 -34.66000
 -16.50810 -34.72000
 -16.54640 -34.76750
 -16.62150 -34.84100
 -16.79430 -34.99850
 -16.81310 -35.02290
 -16.82210 -35.04370
 -16.82390 -35.07610
 -16.81800 -35.12420
 -16.83610 -35.14510
 -16.93760 -35.14330
 -16.96360 -35.12970
 -16.98280 -35.10030
 -17.00060 -35.06850
 -17.02400 -35.05460
 -17.12710 -35.08780
 -17.13060 -35.12720
 -17.13530 -35.27190
 -17.13430 -35.29010
 -17.21810 -35.30030
 -17.36240 -35.33560
 -17.51060 -35.34570
 -17.68180 -35.33370
 -17.73390 -35.31940
 -17.66930 -35.21310
 -17.62960 -35.16320
 -17.61100 -35.14680
 -17.58890 -35.13060
 -17.53330 -35.09420
 -17.12420 -34.91420
 -17.04860 -34.88920
 -17.00810 -34.87610
 -16.97830 -34.85720
 -16.90830 -34.76170
 -16.89610 -34.73330
 -16.88560 -34.70280
 -16.84970 -34.62190
 -16.83160 -34.58980
 -16.79350 -34.52850
 -16.74660 -34.42400
 -16.66000 -34.15250
 -16.63250 -34.03560
 -16.58500 -33.94640
 -16.56880 -33.92680
 -16.49190 -33.87110
 -16.42990 -33.82920
 -16.40850 -33.80780
 -16.40500 -33.78000
 -16.40860 -33.75000
 -16.43810 -33.57780
 -16.44310 -33.55550
 -16.45080 -33.52990
 -16.49750 -33.47360
 -16.53410 -33.44210
 -16.57840 -33.44500
 -16.61080 -33.43820
 -16.66890 -33.38830
 -16.69890 -33.36000
 -16.71190 -33.34140
 -16.73640 -33.32110
 -16.88170 -33.26750
 -16.96060 -33.23580
 -17.02970 -33.16310
 -17.05810 -33.13110
 -17.08140 -33.11140
 -17.11940 -33.09390
 -17.17150 -33.08400
 -17.19490 -33.09290
 -17.21810 -33.09500
 -17.35650 -33.04200
4092 225 -21.59625 -16.40500 -34.58981 -32.36055 'Manica (Mozambique)'
 -21.50900 -33.27380
 -21.49420 -33.24610
 -21.49060 -33.21350
 -21.52960 -33.11770
 -21.55390 -33.09610
 -21.58790 -33.07400
 -21.59630 -33.05500
 -21.57740 -32.98250
 -21.49060 -32.81560
 -21.44060 -32.73060
 -21.41690 -32.69690
 -21.40280 -32.67570
 -21.39150 -32.65490
 -21.38610 -32.60780
 -21.38660 -32.57080
 -21.37930 -32.54100
 -21.35580 -32.50390
 -21.34440 -32.48890
 -21.32190 -32.47620
 -21.21780 -32.41220
 -21.13560 -32.36060
 -21.10610 -32.37610
 -20.99220 -32.48080
 -20.91420 -32.52140
 -20.85940 -32.51030
 -20.81940 -32.50080
 -20.67030 -32.48420
 -20.59860 -32.50220
 -20.55500 -32.55080
 -20.55720 -32.66580
 -20.36280 -32.80250
 -20.27400 -32.87390
 -20.23080 -32.88440
 -20.16640 -32.89250
 -20.12420 -32.90420
 -20.02220 -32.98280
 -19.94330 -33.01890
 -19.78030 -33.05940
 -19.68720 -32.98470
 -19.61780 -32.85060
 -19.50000 -32.85180
 -19.47560 -32.84020
 -19.47410 -32.81220
 -19.46710 -32.78540
 -19.36240 -32.79280
 -19.30250 -32.84030
 -19.27420 -32.85500
 -19.10530 -32.88490
 -19.02310 -32.83400
 -19.02220 -32.78270
 -19.02580 -32.73970
 -19.01800 -32.71450
 -18.94790 -32.69940
 -18.83310 -32.70420
 -18.78890 -32.79030
 -18.77830 -32.83220
 -18.78750 -32.86920
 -18.79110 -32.89310
 -18.77670 -32.92030
 -18.69030 -32.94970
 -18.61330 -32.90580
 -18.57140 -32.88940
 -18.53060 -32.88830
 -18.51400 -32.91530
 -18.50710 -32.94560
 -18.48150 -32.99620
 -18.45970 -33.02060
 -18.34970 -33.07160
 -18.32890 -33.05030
 -18.30170 -33.02000
 -18.25010 -32.97410
 -18.18770 -32.99930
 -18.12220 -32.98810
 -18.10220 -32.97720
 -18.07830 -32.96460
 -18.04170 -32.95470
 -17.97500 -32.94610
 -17.88080 -32.95240
 -17.81760 -32.97500
 -17.74530 -33.01500
 -17.62930 -33.04240
 -17.60000 -33.04080
 -17.57810 -33.02850
 -17.55740 -32.97830
 -17.50550 -32.95650
 -17.35650 -33.04200
 -17.21810 -33.09500
 -17.19490 -33.09290
 -17.17150 -33.08400
 -17.11940 -33.09390
 -17.08140 -33.11140
 -17.05810 -33.13110
 -17.02970 -33.16310
 -16.96060 -33.23580
 -16.88170 -33.26750
 -16.73640 -33.32110
 -16.71190 -33.34140
 -16.69890 -33.36000
 -16.66890 -33.38830
 -16.61080 -33.43820
 -16.57840 -33.44500
 -16.53410 -33.44210
 -16.49750 -33.47360
 -16.45080 -33.52990
 -16.44310 -33.55550
 -16.43810 -33.57780
 -16.40860 -33.75000
 -16.40500 -33.78000
 -16.40850 -33.80780
 -16.42990 -33.82920
 -16.49190 -33.87110
 -16.56880 -33.92680
 -16.58500 -33.94640
 -16.63250 -34.03560
 -16.66000 -34.15250
 -16.74660 -34.42400
 -16.79350 -34.52850
 -16.83160 -34.58980
 -16.86030 -34.56390
 -16.88180 -34.54610
 -16.91420 -34.52670
 -16.93540 -34.51900
 -16.95690 -34.50470
 -16.97720 -34.48390
 -16.99080 -34.46250
 -17.01290 -34.41780
 -17.02780 -34.36970
 -17.03770 -34.32970
 -17.05280 -34.30120
 -17.08150 -34.27690
 -17.15080 -34.24120
 -17.19260 -34.22320
 -17.34420 -34.19580
 -17.43690 -34.17250
 -17.61500 -34.12690
 -17.67530 -34.14390
 -17.73610 -34.16040
 -17.84000 -34.14610
 -17.87000 -34.14970
 -17.90170 -34.24530
 -17.94330 -34.28750
 -18.04080 -34.29560
 -18.22000 -34.24560
 -18.26730 -34.11930
 -18.25680 -34.08390
 -18.23140 -34.04970
 -18.21610 -34.03650
 -18.19210 -34.03140
 -18.16810 -34.01940
 -18.15100 -34.00140
 -18.13440 -33.94220
 -18.28960 -33.81370
 -18.32250 -33.82990
 -18.35130 -33.84430
 -18.48600 -33.87430
 -18.51810 -33.85110
 -18.55420 -33.80080
 -18.63640 -33.72900
 -18.69470 -33.71220
 -18.74010 -33.72450
 -18.72940 -33.75330
 -18.74390 -33.79810
 -18.79920 -33.87330
 -18.94970 -34.03100
 -19.07690 -33.99170
 -19.17530 -33.96110
 -19.29760 -33.92720
 -19.39030 -33.92810
 -19.48720 -33.92810
 -19.58360 -33.92780
 -19.58420 -33.87810
 -19.58850 -33.84760
 -19.61600 -33.84860
 -19.73030 -33.88300
 -19.77690 -33.90330
 -19.80920 -33.94330
 -19.82720 -33.97940
 -19.89960 -33.90570
 -19.91310 -33.88920
 -20.00480 -33.74060
 -19.97420 -33.69940
 -19.93560 -33.66530
 -19.95290 -33.58490
 -19.98670 -33.52360
 -20.08060 -33.40750
 -20.10190 -33.41070
 -20.18000 -33.43810
 -20.19420 -33.47120
 -20.28460 -33.51150
 -20.31640 -33.49920
 -20.34920 -33.48400
 -20.42080 -33.48420
 -20.43280 -33.50420
 -20.46720 -33.54310
 -20.52640 -33.60780
 -20.67210 -33.74750
 -20.68360 -33.78500
 -20.71860 -33.89060
 -20.96810 -33.89500
 -20.97420 -33.97830
 -20.97560 -34.00800
 -21.06070 -34.12040
 -21.08180 -34.12670
 -21.11280 -34.11140
 -21.13190 -34.08110
 -21.14310 -34.05900
 -21.21940 -34.02220
 -21.24390 -34.02030
 -21.31510 -34.01530
 -21.31510 -33.98760
 -21.31920 -33.96440
 -21.33140 -33.94760
 -21.37940 -33.90720
 -21.40190 -33.89540
 -21.42160 -33.86520
 -21.39540 -33.82050
 -21.39530 -33.57640
 -21.40130 -33.51930
 -21.42080 -33.47360
 -21.43780 -33.45500
 -21.46600 -33.42190
 -21.48400 -33.37650
 -21.50690 -33.30570
 -21.50920 -33.28080
 -21.50900 -33.27380
4164 177 -14.15805 -10.47111 -40.64597 -37.97485 'Cabo Delgado (Mozambique)'
 -14.12570 -38.41810
 -14.12370 -38.40870
 -14.06910 -38.35080
 -13.83140 -38.21220
 -13.75360 -38.18140
 -13.72780 -38.17330
 -13.62140 -38.14140
 -13.53920 -38.13580
 -13.47290 -38.10510
 -13.48080 -38.07850
 -13.48100 -38.05830
 -13.43690 -38.04580
 -13.41000 -38.04420
 -13.38000 -38.06530
 -13.36250 -38.09000
 -13.33820 -38.12150
 -13.31320 -38.14560
 -13.26970 -38.17300
 -13.24010 -38.18970
 -13.15720 -38.21500
 -13.11390 -38.21260
 -13.11210 -38.18830
 -13.12220 -38.16500
 -13.14180 -38.13490
 -13.13470 -38.10310
 -13.08190 -37.97490
 -12.92810 -38.00830
 -12.71610 -38.04350
 -12.67220 -38.04170
 -12.65270 -38.03050
 -12.48170 -38.05030
 -12.46860 -38.06850
 -12.42190 -38.10940
 -12.37690 -38.14860
 -12.32390 -38.17920
 -12.28210 -38.18490
 -12.21530 -38.20780
 -12.15860 -38.28490
 -12.14060 -38.31000
 -12.12140 -38.33360
 -11.94220 -38.42580
 -11.87610 -38.44740
 -11.81620 -38.44520
 -11.78390 -38.42400
 -11.74210 -38.39970
 -11.71890 -38.39460
 -11.63780 -38.40170
 -11.59610 -38.41280
 -11.53530 -38.42930
 -11.46940 -38.45150
 -11.42000 -38.48750
 -11.41530 -38.49170
 -11.37250 -38.53390
 -11.34280 -38.57110
 -11.29440 -38.63510
 -11.28110 -38.65530
 -11.27080 -38.67250
 -11.17010 -38.90570
 -11.16560 -38.93140
 -11.14240 -39.13610
 -11.15940 -39.18260
 -11.17320 -39.20600
 -11.17420 -39.23310
 -11.16940 -39.26250
 -11.15240 -39.29260
 -11.13530 -39.31530
 -11.07810 -39.39140
 -10.99760 -39.50390
 -10.99030 -39.52290
 -10.94610 -39.66390
 -10.94420 -39.69120
 -10.92060 -39.76690
 -10.90180 -39.79530
 -10.88560 -39.81190
 -10.86610 -39.83900
 -10.84860 -39.86830
 -10.83170 -39.89830
 -10.81500 -39.94220
 -10.80890 -39.96280
 -10.77920 -40.01970
 -10.67750 -40.15890
 -10.56440 -40.34610
 -10.54030 -40.38140
 -10.49940 -40.42780
 -10.47820 -40.43680
 -10.47110 -40.44780
 -10.48190 -40.51620
 -10.59720 -40.56940
 -10.65420 -40.58440
 -10.68670 -40.58830
 -10.79110 -40.50310
 -10.79970 -40.55140
 -10.82380 -40.60220
 -10.84170 -40.61720
 -10.86240 -40.60830
 -10.87890 -40.57530
 -10.89790 -40.53320
 -10.92980 -40.50920
 -10.95810 -40.50170
 -11.03140 -40.50620
 -11.01630 -40.53120
 -11.02420 -40.56380
 -11.06640 -40.56170
 -11.17670 -40.49860
 -11.21860 -40.46750
 -11.28140 -40.41720
 -11.31780 -40.38780
 -11.40410 -40.47670
 -11.52210 -40.45120
 -11.57470 -40.42890
 -11.64970 -40.42420
 -11.73690 -40.44610
 -11.81140 -40.47140
 -11.95720 -40.50560
 -12.31640 -40.51470
 -12.43400 -40.51000
 -12.50490 -40.47420
 -12.52100 -40.49890
 -12.55330 -40.55890
 -12.70890 -40.61110
 -12.75540 -40.64600
 -12.77740 -40.64400
 -12.88500 -40.51360
 -12.88420 -40.47670
 -12.90310 -40.44970
 -12.93540 -40.41580
 -12.96920 -40.41280
 -13.01640 -40.46110
 -13.02540 -40.49400
 -13.00680 -40.51080
 -12.98610 -40.50920
 -12.95500 -40.49270
 -12.95500 -40.51830
 -12.97070 -40.59290
 -13.20280 -40.57190
 -13.31220 -40.53940
 -13.32940 -40.55970
 -13.37190 -40.58990
 -13.47610 -40.54190
 -13.51530 -40.52580
 -13.52340 -40.50210
 -13.51790 -40.46690
 -13.50160 -40.44980
 -13.46580 -40.43810
 -13.45850 -40.41360
 -13.46310 -40.35970
 -13.47360 -40.32780
 -13.48690 -40.27300
 -13.48870 -40.21710
 -13.46310 -40.18260
 -13.44440 -40.12760
 -13.51540 -40.01970
 -13.56360 -39.97310
 -13.60750 -39.93280
 -13.62820 -39.91810
 -13.66560 -39.86970
 -13.67490 -39.84640
 -13.71330 -39.69330
 -13.75890 -39.53970
 -13.76640 -39.51970
 -13.78830 -39.48440
 -13.82310 -39.46070
 -13.84170 -39.44430
 -13.94940 -39.22170
 -13.94750 -39.17990
 -13.93630 -39.11870
 -13.95390 -39.07830
 -13.97170 -39.05440
 -14.02030 -38.99140
 -14.08360 -38.87390
 -14.14900 -38.71430
 -14.15810 -38.58930
 -14.15580 -38.53780
 -14.13240 -38.49650
 -14.11920 -38.45850
 -14.12320 -38.42260
 -14.12570 -38.41810
4165 217 -15.49445 -11.25633 -38.49171 -34.36945 'Niassa (Mozambique)'
 -11.41530 -38.49170
 -11.42000 -38.48750
 -11.46940 -38.45150
 -11.53530 -38.42930
 -11.59610 -38.41280
 -11.63780 -38.40170
 -11.71890 -38.39460
 -11.74210 -38.39970
 -11.78390 -38.42400
 -11.81620 -38.44520
 -11.87610 -38.44740
 -11.94220 -38.42580
 -12.12140 -38.33360
 -12.14060 -38.31000
 -12.15860 -38.28490
 -12.21530 -38.20780
 -12.28210 -38.18490
 -12.32390 -38.17920
 -12.37690 -38.14860
 -12.42190 -38.10940
 -12.46860 -38.06850
 -12.48170 -38.05030
 -12.65270 -38.03050
 -12.67220 -38.04170
 -12.71610 -38.04350
 -12.92810 -38.00830
 -13.08190 -37.97490
 -13.13470 -38.10310
 -13.14180 -38.13490
 -13.12220 -38.16500
 -13.11210 -38.18830
 -13.11390 -38.21260
 -13.15720 -38.21500
 -13.24010 -38.18970
 -13.26970 -38.17300
 -13.31320 -38.14560
 -13.33820 -38.12150
 -13.36250 -38.09000
 -13.38000 -38.06530
 -13.41000 -38.04420
 -13.43690 -38.04580
 -13.48100 -38.05830
 -13.48080 -38.07850
 -13.47290 -38.10510
 -13.53920 -38.13580
 -13.62140 -38.14140
 -13.72780 -38.17330
 -13.75360 -38.18140
 -13.83140 -38.21220
 -14.06910 -38.35080
 -14.12370 -38.40870
 -14.12570 -38.41810
 -14.14990 -38.37310
 -14.22420 -38.18280
 -14.26030 -38.04830
 -14.30610 -37.93890
 -14.28240 -37.89310
 -14.24630 -37.87030
 -14.23330 -37.85250
 -14.23420 -37.81250
 -14.39000 -37.50360
 -14.42890 -37.45140
 -14.47100 -37.42600
 -14.51010 -37.39370
 -14.56030 -37.32430
 -14.57390 -37.30000
 -14.59390 -37.25110
 -14.59830 -37.20580
 -14.61060 -37.15420
 -14.70150 -36.99190
 -14.78280 -36.88780
 -14.80190 -36.86780
 -14.85560 -36.84190
 -14.87890 -36.82940
 -14.94640 -36.77640
 -14.96140 -36.76310
 -15.00410 -36.71460
 -15.03600 -36.71870
 -15.05680 -36.71470
 -15.12810 -36.66750
 -15.16560 -36.64080
 -15.23160 -36.57420
 -15.25560 -36.53540
 -15.29080 -36.46030
 -15.30540 -36.41310
 -15.29960 -36.37680
 -15.36250 -36.34110
 -15.42180 -36.31720
 -15.46830 -36.31050
 -15.49440 -36.28620
 -15.47400 -36.23000
 -15.45690 -36.20690
 -15.45670 -35.91360
 -15.45840 -35.86310
 -15.45360 -35.86440
 -15.41940 -35.86720
 -15.37250 -35.85390
 -15.32410 -35.84020
 -15.18670 -35.80240
 -15.01970 -35.86800
 -14.89390 -35.92100
 -14.88500 -35.88110
 -14.77400 -35.87860
 -14.69980 -35.87750
 -14.66110 -35.87600
 -14.60280 -35.82140
 -14.26940 -35.54470
 -14.25110 -35.53000
 -14.19170 -35.50500
 -14.15580 -35.49080
 -13.84440 -35.20560
 -13.79610 -35.17110
 -13.68610 -35.09530
 -13.52250 -34.89940
 -13.50630 -34.86600
 -13.49690 -34.83080
 -13.49640 -34.65810
 -13.37360 -34.58170
 -13.33960 -34.56570
 -13.30930 -34.56300
 -13.28890 -34.56300
 -13.04610 -34.55610
 -13.01330 -34.54920
 -12.96060 -34.54170
 -12.92650 -34.53900
 -12.84170 -34.53420
 -12.78280 -34.53280
 -12.75890 -34.53000
 -12.71470 -34.52390
 -12.65390 -34.50780
 -12.63250 -34.49890
 -12.59540 -34.47650
 -12.56890 -34.46560
 -12.51140 -34.44680
 -12.41030 -34.42440
 -12.31940 -34.40750
 -12.24640 -34.37330
 -12.22720 -34.36940
 -12.18610 -34.37000
 -12.15580 -34.37530
 -12.12990 -34.38440
 -12.08080 -34.41080
 -11.98130 -34.47110
 -11.92330 -34.51500
 -11.87180 -34.55280
 -11.77680 -34.60820
 -11.75650 -34.61680
 -11.71420 -34.62940
 -11.69190 -34.63360
 -11.66720 -34.63420
 -11.62580 -34.63180
 -11.60430 -34.62620
 -11.57940 -34.62490
 -11.57580 -34.70330
 -11.57390 -34.89050
 -11.57250 -34.95780
 -11.57210 -34.96670
 -11.57330 -35.01110
 -11.57580 -35.23860
 -11.59380 -35.43710
 -11.60710 -35.57330
 -11.58710 -35.64810
 -11.55830 -35.67250
 -11.48330 -35.73330
 -11.41690 -35.82850
 -11.43280 -35.93820
 -11.58580 -36.16820
 -11.64360 -36.17780
 -11.66880 -36.17460
 -11.70540 -36.18760
 -11.70940 -36.26720
 -11.70750 -36.29390
 -11.69610 -36.34250
 -11.68390 -36.37550
 -11.72030 -36.51750
 -11.74040 -36.55740
 -11.71470 -36.67780
 -11.68190 -36.72500
 -11.66390 -36.74610
 -11.64360 -36.76610
 -11.61750 -36.78580
 -11.57220 -36.82690
 -11.59140 -36.99780
 -11.67010 -37.11900
 -11.69000 -37.19080
 -11.70280 -37.26780
 -11.72320 -37.39960
 -11.71870 -37.47320
 -11.63970 -37.59720
 -11.60280 -37.69330
 -11.56110 -37.79190
 -11.53630 -37.81690
 -11.51010 -37.82270
 -11.48380 -37.81020
 -11.45110 -37.81920
 -11.33280 -37.86510
 -11.30440 -37.90030
 -11.28810 -37.93440
 -11.27890 -37.96250
 -11.26080 -38.03280
 -11.25630 -38.09670
 -11.28500 -38.17360
 -11.34790 -38.33390
 -11.36430 -38.35720
 -11.37720 -38.37780
 -11.39720 -38.41680
 -11.41530 -38.49170
 -12.09640 -34.72610
 -12.08510 -34.74410
 -12.03920 -34.75120
 -12.03830 -34.72080
 -12.08540 -34.70900
 -12.09640 -34.72610
 -12.03720 -34.61830
 -12.03080 -34.62810
 -12.00830 -34.61690
 -12.03720 -34.61830
4166 207 -16.87042 -13.44445 -40.84611 -36.71457 'Nampula (Mozambique)'
 -15.00410 -36.71460
 -14.96140 -36.76310
 -14.94640 -36.77640
 -14.87890 -36.82940
 -14.85560 -36.84190
 -14.80190 -36.86780
 -14.78280 -36.88780
 -14.70150 -36.99190
 -14.61060 -37.15420
 -14.59830 -37.20580
 -14.59390 -37.25110
 -14.57390 -37.30000
 -14.56030 -37.32430
 -14.51010 -37.39370
 -14.47100 -37.42600
 -14.42890 -37.45140
 -14.39000 -37.50360
 -14.23420 -37.81250
 -14.23330 -37.85250
 -14.24630 -37.87030
 -14.28240 -37.89310
 -14.30610 -37.93890
 -14.26030 -38.04830
 -14.22420 -38.18280
 -14.14990 -38.37310
 -14.12570 -38.41810
 -14.12320 -38.42260
 -14.11920 -38.45850
 -14.13240 -38.49650
 -14.15580 -38.53780
 -14.15810 -38.58930
 -14.14900 -38.71430
 -14.08360 -38.87390
 -14.02030 -38.99140
 -13.97170 -39.05440
 -13.95390 -39.07830
 -13.93630 -39.11870
 -13.94750 -39.17990
 -13.94940 -39.22170
 -13.84170 -39.44430
 -13.82310 -39.46070
 -13.78830 -39.48440
 -13.76640 -39.51970
 -13.75890 -39.53970
 -13.71330 -39.69330
 -13.67490 -39.84640
 -13.66560 -39.86970
 -13.62820 -39.91810
 -13.60750 -39.93280
 -13.56360 -39.97310
 -13.51540 -40.01970
 -13.44440 -40.12760
 -13.46310 -40.18260
 -13.48870 -40.21710
 -13.48690 -40.27300
 -13.47360 -40.32780
 -13.46310 -40.35970
 -13.45850 -40.41360
 -13.46580 -40.43810
 -13.50160 -40.44980
 -13.51790 -40.46690
 -13.52340 -40.50210
 -13.51530 -40.52580
 -13.53080 -40.54860
 -13.56720 -40.57890
 -13.58720 -40.57690
 -13.64040 -40.53930
 -13.68780 -40.54780
 -13.89680 -40.60280
 -13.92440 -40.62530
 -13.94630 -40.63580
 -14.02170 -40.64970
 -14.07080 -40.64280
 -14.13200 -40.61630
 -14.14810 -40.58500
 -14.15670 -40.55470
 -14.16750 -40.53280
 -14.20810 -40.55940
 -14.24580 -40.59860
 -14.22650 -40.62280
 -14.19750 -40.64920
 -14.19030 -40.66890
 -14.18320 -40.69890
 -14.20210 -40.72280
 -14.27470 -40.74470
 -14.34310 -40.72860
 -14.36560 -40.68230
 -14.40140 -40.64360
 -14.48470 -40.63610
 -14.48780 -40.67060
 -14.43580 -40.69000
 -14.42780 -40.70830
 -14.40440 -40.77510
 -14.40600 -40.80640
 -14.42350 -40.82110
 -14.45940 -40.83110
 -14.69780 -40.84610
 -14.73420 -40.84530
 -14.78110 -40.83220
 -14.81110 -40.82000
 -14.88900 -40.72850
 -14.93320 -40.75070
 -14.97830 -40.77030
 -15.08180 -40.70390
 -15.11530 -40.60750
 -15.12280 -40.57360
 -15.12400 -40.53780
 -15.18390 -40.51440
 -15.19420 -40.53830
 -15.19600 -40.58160
 -15.16330 -40.60560
 -15.15780 -40.63180
 -15.19150 -40.66830
 -15.25490 -40.68430
 -15.28920 -40.67170
 -15.47970 -40.58780
 -15.49890 -40.57830
 -15.52190 -40.55920
 -15.53420 -40.54330
 -15.57470 -40.48000
 -15.60210 -40.43790
 -15.64580 -40.41030
 -15.69490 -40.38110
 -15.72330 -40.36030
 -15.74440 -40.33860
 -15.83390 -40.24470
 -15.94000 -40.12550
 -15.97670 -40.13330
 -15.99760 -40.13400
 -16.08290 -40.09750
 -16.17720 -40.02810
 -16.23560 -39.97670
 -16.24330 -39.93280
 -16.24070 -39.90540
 -16.23930 -39.88390
 -16.28190 -39.80810
 -16.30560 -39.78260
 -16.37250 -39.80310
 -16.41280 -39.81750
 -16.53690 -39.69860
 -16.55530 -39.67440
 -16.65330 -39.50670
 -16.68530 -39.43890
 -16.75220 -39.31060
 -16.76830 -39.28390
 -16.83140 -39.19250
 -16.87040 -39.12750
 -16.82960 -39.12890
 -16.67030 -39.03890
 -16.65600 -39.01740
 -16.64500 -38.99170
 -16.61310 -38.97930
 -16.58720 -38.97920
 -16.56280 -38.98420
 -16.54620 -39.00790
 -16.53490 -39.04210
 -16.50240 -39.04800
 -16.47540 -39.04440
 -16.44060 -39.03560
 -16.35720 -38.99940
 -16.32060 -38.98030
 -16.29720 -38.96570
 -16.27650 -38.94850
 -16.24360 -38.93330
 -16.20420 -38.91860
 -16.15780 -38.92180
 -16.13780 -38.93390
 -16.11110 -38.93620
 -16.05500 -38.91640
 -15.94140 -38.86780
 -15.81690 -38.80280
 -15.77810 -38.77940
 -15.76650 -38.76240
 -15.75380 -38.73500
 -15.60040 -38.54210
 -15.57650 -38.52420
 -15.47060 -38.37190
 -15.45530 -38.32840
 -15.46380 -38.29240
 -15.45490 -38.22780
 -15.43580 -38.19470
 -15.42080 -38.18140
 -15.36170 -38.14390
 -15.23030 -37.95530
 -15.18420 -37.82780
 -15.20420 -37.77190
 -15.22420 -37.73780
 -15.24110 -37.70280
 -15.24280 -37.68140
 -15.21720 -37.62080
 -15.18000 -37.57720
 -15.15180 -37.56070
 -15.12990 -37.52090
 -15.14890 -37.48240
 -15.17110 -37.46830
 -15.19240 -37.45240
 -15.22130 -37.38260
 -15.17540 -37.32190
 -15.14400 -37.30940
 -15.11080 -37.29690
 -15.05930 -37.26760
 -15.03060 -37.23860
 -15.00500 -37.20890
 -15.00470 -37.00190
 -15.00470 -36.89420
 -15.00470 -36.73310
 -15.00410 -36.71460
4167 13 -16.41778 -16.27292 -39.91485 -39.81055 'Nampula (Mozambique)'
 -16.41780 -39.88610
 -16.41530 -39.84940
 -16.40670 -39.83440
 -16.36070 -39.81060
 -16.32490 -39.81280
 -16.31250 -39.81810
 -16.29010 -39.83500
 -16.27750 -39.86430
 -16.27290 -39.89810
 -16.27490 -39.90870
 -16.28290 -39.91490
 -16.41240 -39.90290
 -16.41780 -39.88610
4168 194 -21.31590 -16.83161 -36.19239 -33.40749 'Sofala (Mozambique)'
 -21.31510 -34.01530
 -21.24390 -34.02030
 -21.21940 -34.02220
 -21.14310 -34.05900
 -21.13190 -34.08110
 -21.11280 -34.11140
 -21.08180 -34.12670
 -21.06070 -34.12040
 -20.97560 -34.00800
 -20.97420 -33.97830
 -20.96810 -33.89500
 -20.71860 -33.89060
 -20.68360 -33.78500
 -20.67210 -33.74750
 -20.52640 -33.60780
 -20.46720 -33.54310
 -20.43280 -33.50420
 -20.42080 -33.48420
 -20.34920 -33.48400
 -20.31640 -33.49920
 -20.28460 -33.51150
 -20.19420 -33.47120
 -20.18000 -33.43810
 -20.10190 -33.41070
 -20.08060 -33.40750
 -19.98670 -33.52360
 -19.95290 -33.58490
 -19.93560 -33.66530
 -19.97420 -33.69940
 -20.00480 -33.74060
 -19.91310 -33.88920
 -19.89960 -33.90570
 -19.82720 -33.97940
 -19.80920 -33.94330
 -19.77690 -33.90330
 -19.73030 -33.88300
 -19.61600 -33.84860
 -19.58850 -33.84760
 -19.58420 -33.87810
 -19.58360 -33.92780
 -19.48720 -33.92810
 -19.39030 -33.92810
 -19.29760 -33.92720
 -19.17530 -33.96110
 -19.07690 -33.99170
 -18.94970 -34.03100
 -18.79920 -33.87330
 -18.74390 -33.79810
 -18.72940 -33.75330
 -18.74010 -33.72450
 -18.69470 -33.71220
 -18.63640 -33.72900
 -18.55420 -33.80080
 -18.51810 -33.85110
 -18.48600 -33.87430
 -18.35130 -33.84430
 -18.32250 -33.82990
 -18.28960 -33.81370
 -18.13440 -33.94220
 -18.15100 -34.00140
 -18.16810 -34.01940
 -18.19210 -34.03140
 -18.21610 -34.03650
 -18.23140 -34.04970
 -18.25680 -34.08390
 -18.26730 -34.11930
 -18.22000 -34.24560
 -18.04080 -34.29560
 -17.94330 -34.28750
 -17.90170 -34.24530
 -17.87000 -34.14970
 -17.84000 -34.14610
 -17.73610 -34.16040
 -17.67530 -34.14390
 -17.61500 -34.12690
 -17.43690 -34.17250
 -17.34420 -34.19580
 -17.19260 -34.22320
 -17.15080 -34.24120
 -17.08150 -34.27690
 -17.05280 -34.30120
 -17.03770 -34.32970
 -17.02780 -34.36970
 -17.01290 -34.41780
 -16.99080 -34.46250
 -16.97720 -34.48390
 -16.95690 -34.50470
 -16.93540 -34.51900
 -16.91420 -34.52670
 -16.88180 -34.54610
 -16.86030 -34.56390
 -16.83160 -34.58980
 -16.84970 -34.62190
 -16.88560 -34.70280
 -16.89610 -34.73330
 -16.90830 -34.76170
 -16.97830 -34.85720
 -17.00810 -34.87610
 -17.04860 -34.88920
 -17.12420 -34.91420
 -17.53330 -35.09420
 -17.58890 -35.13060
 -17.61100 -35.14680
 -17.62960 -35.16320
 -17.66930 -35.21310
 -17.73390 -35.31940
 -17.73810 -35.32640
 -17.75670 -35.35080
 -17.82070 -35.41860
 -17.92060 -35.49560
 -18.02660 -35.58130
 -18.03690 -35.61680
 -18.04170 -35.64330
 -18.03970 -35.66470
 -18.06060 -35.71920
 -18.10420 -35.81280
 -18.13000 -35.84820
 -18.21750 -35.88920
 -18.24670 -35.89280
 -18.26890 -35.91310
 -18.30110 -35.97310
 -18.31050 -36.01710
 -18.34390 -36.06440
 -18.37010 -36.08750
 -18.39170 -36.10080
 -18.53250 -36.14750
 -18.58060 -36.15030
 -18.72040 -36.16040
 -18.77010 -36.19240
 -18.80150 -36.15960
 -18.80970 -36.13860
 -18.80880 -36.13100
 -18.80250 -36.12310
 -18.81310 -36.10010
 -18.86610 -36.05920
 -18.92690 -35.98280
 -18.97500 -35.87890
 -19.02140 -35.81190
 -19.06580 -35.74860
 -19.12190 -35.67040
 -19.15250 -35.65610
 -19.18720 -35.63670
 -19.27140 -35.57610
 -19.41900 -35.44710
 -19.49670 -35.36310
 -19.56080 -35.29170
 -19.71690 -35.11220
 -19.86040 -34.89070
 -19.85560 -34.84760
 -19.81170 -34.82860
 -19.77840 -34.81270
 -19.61860 -34.62680
 -19.65250 -34.63300
 -19.67190 -34.64140
 -19.73900 -34.68390
 -19.75600 -34.72300
 -19.76900 -34.74250
 -19.79740 -34.76310
 -19.82590 -34.77610
 -19.89890 -34.76500
 -19.93610 -34.75970
 -19.97030 -34.75500
 -20.03670 -34.75050
 -20.06940 -34.75250
 -20.18060 -34.75940
 -20.38110 -34.69510
 -20.39120 -34.66690
 -20.55780 -34.73930
 -20.65670 -34.87110
 -20.69560 -34.95300
 -20.72330 -34.98360
 -20.72740 -34.99030
 -20.77890 -35.01250
 -20.80690 -35.00890
 -20.91310 -35.07440
 -20.93330 -35.11180
 -20.95730 -35.10300
 -20.95710 -35.08710
 -20.97860 -35.00890
 -21.01830 -34.89390
 -21.03010 -34.87210
 -21.07970 -34.80440
 -21.10780 -34.69640
 -21.09670 -34.67510
 -21.10080 -34.64040
 -21.18580 -34.44050
 -21.21490 -34.42670
 -21.23610 -34.41330
 -21.27690 -34.37580
 -21.31040 -34.34070
 -21.31590 -34.31750
 -21.28060 -34.26500
 -21.27660 -34.24320
 -21.31510 -34.01530
4169 191 -18.90389 -15.00409 -39.12889 -35.13862 'Zambezia (Mozambique)'
 -17.13430 -35.29010
 -17.10830 -35.30430
 -17.06140 -35.30810
 -17.01530 -35.29670
 -16.96640 -35.28280
 -16.86780 -35.28920
 -16.80920 -35.30220
 -16.70470 -35.27810
 -16.67720 -35.25580
 -16.64600 -35.22310
 -16.63390 -35.19080
 -16.62420 -35.17280
 -16.59920 -35.15610
 -16.54970 -35.13860
 -16.50670 -35.19390
 -16.47330 -35.24300
 -16.40060 -35.25500
 -16.30440 -35.27420
 -16.22830 -35.29170
 -16.12630 -35.41170
 -16.12280 -35.44220
 -16.13280 -35.48690
 -16.16440 -35.54030
 -16.11060 -35.70940
 -16.07060 -35.77420
 -16.05520 -35.79360
 -16.01360 -35.81600
 -15.85500 -35.83170
 -15.47640 -35.86250
 -15.45840 -35.86310
 -15.45670 -35.91360
 -15.45690 -36.20690
 -15.47400 -36.23000
 -15.49440 -36.28620
 -15.46830 -36.31050
 -15.42180 -36.31720
 -15.36250 -36.34110
 -15.29960 -36.37680
 -15.30540 -36.41310
 -15.29080 -36.46030
 -15.25560 -36.53540
 -15.23160 -36.57420
 -15.16560 -36.64080
 -15.12810 -36.66750
 -15.05680 -36.71470
 -15.03600 -36.71870
 -15.00410 -36.71460
 -15.00470 -36.73310
 -15.00470 -36.89420
 -15.00470 -37.00190
 -15.00500 -37.20890
 -15.03060 -37.23860
 -15.05930 -37.26760
 -15.11080 -37.29690
 -15.14400 -37.30940
 -15.17540 -37.32190
 -15.22130 -37.38260
 -15.19240 -37.45240
 -15.17110 -37.46830
 -15.14890 -37.48240
 -15.12990 -37.52090
 -15.15180 -37.56070
 -15.18000 -37.57720
 -15.21720 -37.62080
 -15.24280 -37.68140
 -15.24110 -37.70280
 -15.22420 -37.73780
 -15.20420 -37.77190
 -15.18420 -37.82780
 -15.23030 -37.95530
 -15.36170 -38.14390
 -15.42080 -38.18140
 -15.43580 -38.19470
 -15.45490 -38.22780
 -15.46380 -38.29240
 -15.45530 -38.32840
 -15.47060 -38.37190
 -15.57650 -38.52420
 -15.60040 -38.54210
 -15.75380 -38.73500
 -15.76650 -38.76240
 -15.77810 -38.77940
 -15.81690 -38.80280
 -15.94140 -38.86780
 -16.05500 -38.91640
 -16.11110 -38.93620
 -16.13780 -38.93390
 -16.15780 -38.92180
 -16.20420 -38.91860
 -16.24360 -38.93330
 -16.27650 -38.94850
 -16.29720 -38.96570
 -16.32060 -38.98030
 -16.35720 -38.99940
 -16.44060 -39.03560
 -16.47540 -39.04440
 -16.50240 -39.04800
 -16.53490 -39.04210
 -16.54620 -39.00790
 -16.56280 -38.98420
 -16.58720 -38.97920
 -16.61310 -38.97930
 -16.64500 -38.99170
 -16.65600 -39.01740
 -16.67030 -39.03890
 -16.82960 -39.12890
 -16.87040 -39.12750
 -16.88140 -39.12810
 -16.93780 -39.12500
 -16.98440 -39.09620
 -17.03940 -38.89690
 -17.05680 -38.82440
 -17.07080 -38.68610
 -17.09920 -38.60470
 -17.17640 -38.39190
 -17.19890 -38.33060
 -17.22940 -38.24970
 -17.25060 -38.21470
 -17.26960 -38.19810
 -17.31690 -38.09650
 -17.32940 -38.04170
 -17.33720 -38.00080
 -17.34500 -37.96080
 -17.35330 -37.93250
 -17.36060 -37.91170
 -17.37640 -37.87220
 -17.38580 -37.85310
 -17.42610 -37.78140
 -17.52580 -37.60920
 -17.63280 -37.41690
 -17.75010 -37.22060
 -17.87190 -37.08860
 -17.89470 -37.06750
 -17.91140 -37.05530
 -17.95210 -37.03180
 -17.98940 -37.00420
 -18.00140 -36.98390
 -17.95060 -36.91640
 -17.90930 -36.90820
 -17.89000 -36.89990
 -17.87570 -36.87010
 -17.87560 -36.84640
 -17.89480 -36.82150
 -17.96890 -36.89190
 -18.02940 -36.95220
 -18.05940 -36.97050
 -18.10860 -36.94390
 -18.17280 -36.89360
 -18.30150 -36.77360
 -18.45390 -36.61250
 -18.55500 -36.50220
 -18.57690 -36.47970
 -18.67420 -36.41890
 -18.73330 -36.39860
 -18.79440 -36.32050
 -18.89140 -36.25280
 -18.90390 -36.15810
 -18.90010 -36.13100
 -18.84100 -36.12260
 -18.80880 -36.13100
 -18.80970 -36.13860
 -18.80150 -36.15960
 -18.77010 -36.19240
 -18.72040 -36.16040
 -18.58060 -36.15030
 -18.53250 -36.14750
 -18.39170 -36.10080
 -18.37010 -36.08750
 -18.34390 -36.06440
 -18.31050 -36.01710
 -18.30110 -35.97310
 -18.26890 -35.91310
 -18.24670 -35.89280
 -18.21750 -35.88920
 -18.13000 -35.84820
 -18.10420 -35.81280
 -18.06060 -35.71920
 -18.03970 -35.66470
 -18.04170 -35.64330
 -18.03690 -35.61680
 -18.02660 -35.58130
 -17.92060 -35.49560
 -17.82070 -35.41860
 -17.75670 -35.35080
 -17.73810 -35.32640
 -17.73390 -35.31940
 -17.68180 -35.33370
 -17.51060 -35.34570
 -17.36240 -35.33560
 -17.21810 -35.30030
 -17.13430 -35.29010
4177 178 -24.85605 -20.95708 -35.59726 -33.14735 'Inhambane (Mozambique)'
 -23.96940 -35.33970
 -23.95330 -35.36030
 -23.85800 -35.37630
 -23.87860 -35.43970
 -23.82570 -35.47530
 -23.79290 -35.49000
 -23.79550 -35.52290
 -23.87310 -35.53980
 -23.92110 -35.51710
 -23.96670 -35.50170
 -24.04810 -35.48330
 -24.07690 -35.48510
 -24.10220 -35.49560
 -24.16940 -35.45610
 -24.24470 -35.40470
 -24.26610 -35.39000
 -24.36580 -35.30940
 -24.39190 -35.28530
 -24.40890 -35.26340
 -24.49030 -35.19240
 -24.52220 -35.18550
 -24.57000 -35.14390
 -24.58860 -35.11830
 -24.60420 -35.09690
 -24.61580 -35.07890
 -24.63250 -35.05060
 -24.65420 -35.01220
 -24.67440 -34.97140
 -24.74330 -34.81280
 -24.78610 -34.69390
 -24.80000 -34.65390
 -24.81390 -34.61390
 -24.85610 -34.48260
 -24.79250 -34.44210
 -24.79060 -34.31670
 -24.70810 -34.28920
 -24.68750 -34.33330
 -24.62250 -34.47250
 -24.48280 -34.33110
 -24.54280 -34.13530
 -24.32920 -33.99780
 -24.08600 -33.97940
 -24.07500 -33.92990
 -24.03530 -33.91620
 -23.83250 -33.92360
 -23.78420 -33.93250
 -23.69110 -33.96050
 -23.54360 -33.95330
 -23.50330 -33.92280
 -23.49740 -33.89250
 -23.44920 -33.86330
 -23.37890 -33.85070
 -23.33250 -33.88190
 -23.26610 -33.87070
 -23.19930 -33.84580
 -23.13310 -33.80310
 -22.89720 -33.62440
 -22.88170 -33.61140
 -22.82990 -33.55310
 -22.79780 -33.50800
 -22.78330 -33.47960
 -22.77100 -33.46320
 -22.75780 -33.44760
 -22.64720 -33.35360
 -22.58960 -33.31030
 -22.56940 -33.30150
 -22.53900 -33.29530
 -22.47560 -33.30470
 -22.39350 -33.32330
 -22.28470 -33.36000
 -22.10940 -33.37670
 -22.00310 -33.33580
 -21.95110 -33.26280
 -21.82250 -33.15440
 -21.69200 -33.14740
 -21.67250 -33.15530
 -21.65530 -33.16580
 -21.63330 -33.18670
 -21.62060 -33.20280
 -21.60580 -33.21670
 -21.54560 -33.26190
 -21.52780 -33.27170
 -21.50900 -33.27380
 -21.50920 -33.28080
 -21.50690 -33.30570
 -21.48400 -33.37650
 -21.46600 -33.42190
 -21.43780 -33.45500
 -21.42080 -33.47360
 -21.40130 -33.51930
 -21.39530 -33.57640
 -21.39540 -33.82050
 -21.42160 -33.86520
 -21.40190 -33.89540
 -21.37940 -33.90720
 -21.33140 -33.94760
 -21.31920 -33.96440
 -21.31510 -33.98760
 -21.31510 -34.01530
 -21.27660 -34.24320
 -21.28060 -34.26500
 -21.31590 -34.31750
 -21.31040 -34.34070
 -21.27690 -34.37580
 -21.23610 -34.41330
 -21.21490 -34.42670
 -21.18580 -34.44050
 -21.10080 -34.64040
 -21.09670 -34.67510
 -21.10780 -34.69640
 -21.07970 -34.80440
 -21.03010 -34.87210
 -21.01830 -34.89390
 -20.97860 -35.00890
 -20.95710 -35.08710
 -20.95730 -35.10300
 -20.97440 -35.11790
 -21.08720 -35.08250
 -21.09780 -35.05030
 -21.32420 -35.07920
 -21.43170 -35.13750
 -21.51670 -35.18390
 -21.55390 -35.21170
 -21.56940 -35.22820
 -21.59060 -35.24680
 -21.64860 -35.26960
 -21.67920 -35.27190
 -21.71170 -35.26360
 -21.81920 -35.27670
 -21.88360 -35.30080
 -21.99330 -35.33000
 -22.07440 -35.33750
 -22.10390 -35.33820
 -22.23400 -35.32690
 -22.31060 -35.30990
 -22.33040 -35.30240
 -22.35750 -35.30030
 -22.40750 -35.30670
 -22.46610 -35.37170
 -22.46000 -35.39720
 -22.41420 -35.40940
 -22.34710 -35.39140
 -22.29880 -35.38930
 -22.27000 -35.39330
 -22.22140 -35.40310
 -22.17110 -35.41860
 -22.12030 -35.44580
 -22.09580 -35.48060
 -22.23250 -35.54530
 -22.39060 -35.54280
 -22.41420 -35.54060
 -22.45280 -35.53360
 -22.47710 -35.52370
 -22.50570 -35.51260
 -22.57030 -35.49190
 -22.62920 -35.48580
 -22.83420 -35.50440
 -22.91530 -35.52240
 -22.95030 -35.53530
 -22.91970 -35.59730
 -23.01530 -35.56330
 -23.04190 -35.54850
 -23.06150 -35.53260
 -23.08310 -35.51920
 -23.17850 -35.47980
 -23.21780 -35.47890
 -23.24930 -35.48640
 -23.28180 -35.48680
 -23.31220 -35.48060
 -23.34110 -35.46860
 -23.38080 -35.45420
 -23.48940 -35.42110
 -23.52130 -35.41260
 -23.61220 -35.40830
 -23.65610 -35.40690
 -23.69530 -35.34780
 -23.90580 -35.33830
 -23.96940 -35.33970
4178 14 -21.78750 -21.52528 -35.49722 -35.42319 'Inhambane (Mozambique)'
 -21.78750 -35.45220
 -21.78720 -35.44550
 -21.78330 -35.43560
 -21.77610 -35.42810
 -21.76280 -35.42320
 -21.72750 -35.42440
 -21.65530 -35.43580
 -21.53360 -35.47140
 -21.52530 -35.48330
 -21.54640 -35.49680
 -21.58140 -35.49720
 -21.65830 -35.49470
 -21.68500 -35.48830
 -21.78750 -35.45220
4188 138 -25.38115 -21.30722 -34.48260 -31.29750 'Gaza (Mozambique)'
 -24.85610 -34.48260
 -24.86830 -34.44310
 -24.89170 -34.37420
 -24.91420 -34.32870
 -24.92690 -34.30390
 -24.94640 -34.24580
 -24.98690 -34.10810
 -25.02000 -33.99470
 -25.10900 -33.72260
 -25.26500 -33.36580
 -25.32740 -33.23790
 -25.34070 -33.22210
 -25.38120 -33.13190
 -25.28760 -33.14010
 -25.26260 -33.13620
 -25.23860 -33.12370
 -25.22220 -33.10550
 -25.21310 -33.06940
 -25.16140 -33.00560
 -25.07640 -32.99870
 -25.05910 -32.98130
 -25.05170 -32.92740
 -24.88890 -32.91390
 -24.77860 -32.94250
 -24.66310 -32.81390
 -24.54280 -32.71880
 -24.50640 -32.71280
 -24.48140 -32.71420
 -24.40970 -32.70750
 -24.37560 -32.63620
 -24.38570 -32.59760
 -24.39070 -32.57560
 -24.38810 -32.54960
 -24.35260 -32.47960
 -24.32830 -32.45670
 -24.29100 -32.41790
 -24.27470 -32.38030
 -24.22750 -32.17220
 -24.21190 -32.08370
 -24.21280 -32.06070
 -24.25700 -31.95920
 -24.26770 -31.94180
 -24.17110 -31.88580
 -24.14360 -31.88420
 -23.96420 -31.87720
 -23.95060 -31.87740
 -23.90720 -31.84470
 -23.85640 -31.76970
 -23.74860 -31.72000
 -23.68030 -31.68860
 -23.63920 -31.68610
 -23.61360 -31.68360
 -23.57390 -31.65110
 -23.54080 -31.62150
 -23.47670 -31.55080
 -23.41720 -31.53750
 -23.30640 -31.54580
 -23.22820 -31.55570
 -23.18670 -31.56170
 -23.05080 -31.51610
 -22.42480 -31.30290
 -22.41480 -31.29750
 -22.40950 -31.30600
 -22.37940 -31.35470
 -22.34720 -31.40040
 -22.05440 -31.68860
 -21.81110 -31.92640
 -21.31840 -32.40410
 -21.30720 -32.41610
 -21.32500 -32.46540
 -21.34440 -32.48890
 -21.35580 -32.50390
 -21.37930 -32.54100
 -21.38660 -32.57080
 -21.38610 -32.60780
 -21.39150 -32.65490
 -21.40280 -32.67570
 -21.41690 -32.69690
 -21.44060 -32.73060
 -21.49060 -32.81560
 -21.57740 -32.98250
 -21.59630 -33.05500
 -21.58790 -33.07400
 -21.55390 -33.09610
 -21.52960 -33.11770
 -21.49060 -33.21350
 -21.49420 -33.24610
 -21.50900 -33.27380
 -21.52780 -33.27170
 -21.54560 -33.26190
 -21.60580 -33.21670
 -21.62060 -33.20280
 -21.63330 -33.18670
 -21.65530 -33.16580
 -21.67250 -33.15530
 -21.69200 -33.14740
 -21.82250 -33.15440
 -21.95110 -33.26280
 -22.00310 -33.33580
 -22.10940 -33.37670
 -22.28470 -33.36000
 -22.39350 -33.32330
 -22.47560 -33.30470
 -22.53900 -33.29530
 -22.56940 -33.30150
 -22.58960 -33.31030
 -22.64720 -33.35360
 -22.75780 -33.44760
 -22.77100 -33.46320
 -22.78330 -33.47960
 -22.79780 -33.50800
 -22.82990 -33.55310
 -22.88170 -33.61140
 -22.89720 -33.62440
 -23.13310 -33.80310
 -23.19930 -33.84580
 -23.26610 -33.87070
 -23.33250 -33.88190
 -23.37890 -33.85070
 -23.44920 -33.86330
 -23.49740 -33.89250
 -23.50330 -33.92280
 -23.54360 -33.95330
 -23.69110 -33.96050
 -23.78420 -33.93250
 -23.83250 -33.92360
 -24.03530 -33.91620
 -24.07500 -33.92990
 -24.08600 -33.97940
 -24.32920 -33.99780
 -24.54280 -34.13530
 -24.48280 -34.33110
 -24.62250 -34.47250
 -24.68750 -34.33330
 -24.70810 -34.28920
 -24.79060 -34.31670
 -24.79250 -34.44210
 -24.85610 -34.48260
4189 95 -26.86028 -24.21195 -33.14014 -31.91945 'Maputo (Mozambique)'
 -26.83960 -32.13340
 -26.79670 -32.13250
 -26.49900 -32.12610
 -26.42500 -32.08920
 -26.39330 -32.07220
 -26.26140 -32.06110
 -26.15540 -32.10190
 -26.03720 -32.07470
 -25.99080 -31.99860
 -25.95780 -31.96850
 -25.81420 -31.91940
 -25.67140 -31.98240
 -25.61580 -32.00610
 -25.53690 -32.00500
 -25.51110 -31.98820
 -25.42110 -31.99110
 -25.34610 -32.01000
 -25.11060 -32.01670
 -25.03500 -32.01860
 -24.92500 -32.01140
 -24.80080 -32.00250
 -24.70440 -31.99560
 -24.45940 -32.01610
 -24.43220 -32.00750
 -24.30690 -31.96390
 -24.26770 -31.94180
 -24.25700 -31.95920
 -24.21280 -32.06070
 -24.21190 -32.08370
 -24.22750 -32.17220
 -24.27470 -32.38030
 -24.29100 -32.41790
 -24.32830 -32.45670
 -24.35260 -32.47960
 -24.38810 -32.54960
 -24.39070 -32.57560
 -24.38570 -32.59760
 -24.37560 -32.63620
 -24.40970 -32.70750
 -24.48140 -32.71420
 -24.50640 -32.71280
 -24.54280 -32.71880
 -24.66310 -32.81390
 -24.77860 -32.94250
 -24.88890 -32.91390
 -25.05170 -32.92740
 -25.05910 -32.98130
 -25.07640 -32.99870
 -25.16140 -33.00560
 -25.21310 -33.06940
 -25.22220 -33.10550
 -25.23860 -33.12370
 -25.26260 -33.13620
 -25.28760 -33.14010
 -25.38120 -33.13190
 -25.39440 -33.10940
 -25.43060 -33.04860
 -25.52310 -32.90360
 -25.53830 -32.88210
 -25.61210 -32.81110
 -25.68360 -32.77030
 -25.70360 -32.76250
 -25.77560 -32.73860
 -25.80620 -32.73340
 -25.82580 -32.70440
 -25.84630 -32.69750
 -25.87410 -32.69390
 -25.89940 -32.67530
 -25.92650 -32.64790
 -25.96220 -32.60670
 -25.97240 -32.58720
 -26.03140 -32.60390
 -26.17940 -32.72310
 -26.27530 -32.80650
 -26.29110 -32.84320
 -26.27240 -32.87330
 -26.23890 -32.86920
 -26.20930 -32.86420
 -26.12670 -32.89330
 -26.10780 -32.90240
 -26.08770 -32.94560
 -26.15280 -32.94310
 -26.19890 -32.93690
 -26.27950 -32.92910
 -26.35360 -32.92780
 -26.71530 -32.90250
 -26.81920 -32.88190
 -26.84710 -32.89040
 -26.85170 -32.76780
 -26.85360 -32.68890
 -26.85970 -32.39500
 -26.86030 -32.34830
 -26.85170 -32.17500
 -26.84690 -32.15420
 -26.83960 -32.13340
