0 62 9.63472 11.4695 -44.2083 -42.6648 'Awdal (Somalia)'
 9.63472 -43.28334
 9.64555 -43.27527
 9.66445 -43.26722
 9.68472 -43.26055
 9.75083 -43.24638
 9.79931 -43.23777
 9.86319 -43.22485
 9.89229 -43.20409
 9.90277 -43.18041
 9.90277 -43.14785
 9.90889 -43.11027
 9.92486 -43.08430
 9.94875 -43.06305
 9.96819 -43.05166
 9.99305 -43.04277
 10.02500 -43.03472
 10.08111 -43.01305
 10.11764 -42.98055
 10.13250 -42.95325
 10.14778 -42.92277
 10.17208 -42.89097
 10.20055 -42.86416
 10.21945 -42.85069
 10.31389 -42.81694
 10.35000 -42.80611
 10.38055 -42.80333
 10.42278 -42.79708
 10.45555 -42.78611
 10.49569 -42.74666
 10.51792 -42.72222
 10.53611 -42.70945
 10.58277 -42.68111
 10.63292 -42.66479
 10.78042 -42.76416
 10.87389 -42.83861
 10.89222 -42.85500
 10.95527 -42.91750
 11.00244 -42.94409
 11.02027 -42.95361
 11.05361 -42.97555
 11.18695 -43.06416
 11.25000 -43.10620
 11.37028 -43.18639
 11.39783 -43.20547
 11.43083 -43.22500
 11.46954 -43.24922
 11.45416 -43.28833
 11.38319 -43.37555
 11.35139 -43.45485
 11.25472 -43.48250
 11.23500 -43.49000
 11.21084 -43.50180
 11.04222 -43.62445
 10.93584 -43.70916
 10.81389 -43.81389
 10.79361 -43.83527
 10.70139 -43.93833
 10.52527 -44.18388
 10.50778 -44.20833
 10.17244 -43.90165
 10.25588 -43.76773
 9.63472 -43.28334
1 55 8.79517 10.875 -45.9421 -43.2833 'Woqooyi Galbeed (Somalia)'
 8.79517 -44.65047
 9.00722 -44.01055
 9.26278 -43.72777
 9.35445 -43.62722
 9.33611 -43.58305
 9.34847 -43.55527
 9.41764 -43.44166
 9.43458 -43.42583
 9.46084 -43.42514
 9.48527 -43.42777
 9.55695 -43.38666
 9.61958 -43.32847
 9.62834 -43.30527
 9.63472 -43.28334
 10.25588 -43.76773
 10.17244 -43.90165
 10.50778 -44.20833
 10.46834 -44.25278
 10.44777 -44.27833
 10.43666 -44.30277
 10.41153 -44.39138
 10.41076 -44.55659
 10.41639 -44.59445
 10.42389 -44.61444
 10.43195 -44.63305
 10.44319 -44.65611
 10.45084 -44.68250
 10.45833 -44.72235
 10.45916 -44.74694
 10.45000 -44.80028
 10.44027 -44.83333
 10.43166 -44.85334
 10.42153 -44.89208
 10.42361 -44.93555
 10.42819 -44.96888
 10.43500 -44.99291
 10.53416 -45.15944
 10.59278 -45.25000
 10.62000 -45.27166
 10.66666 -45.33166
 10.66277 -45.36208
 10.65805 -45.38596
 10.66354 -45.44924
 10.69666 -45.51277
 10.77416 -45.62833
 10.82445 -45.70055
 10.87298 -45.75888
 10.87500 -45.79985
 10.83986 -45.85235
 10.84416 -45.86945
 10.11824 -45.94214
 10.08020 -44.95914
 9.89399 -44.95498
 9.86069 -44.64006
 8.79517 -44.65047
2 40 3.49475 4.96305 -44.6237 -42.7265 'Bakool (Somalia)'
 3.52157 -44.61761
 3.49475 -43.00075
 3.97480 -42.98486
 4.27119 -42.72653
 4.27278 -42.74083
 4.27834 -42.76861
 4.29528 -42.83166
 4.30472 -42.85569
 4.31834 -42.87666
 4.36403 -42.91999
 4.38875 -42.93361
 4.44611 -42.94652
 4.48111 -42.95722
 4.50431 -42.96888
 4.52542 -42.98569
 4.60416 -43.08083
 4.66639 -43.15819
 4.68778 -43.19360
 4.74861 -43.32166
 4.76527 -43.35889
 4.82222 -43.49055
 4.85250 -43.56777
 4.86000 -43.58722
 4.89195 -43.68639
 4.90055 -43.73735
 4.90334 -43.76749
 4.90569 -43.79805
 4.91028 -43.83305
 4.91389 -43.85583
 4.92278 -43.88722
 4.93445 -43.92222
 4.95139 -43.95985
 4.96305 -43.98195
 4.95861 -44.05903
 4.94834 -44.22166
 4.94416 -44.29027
 4.93353 -44.46690
 4.40921 -44.54373
 4.05266 -44.62369
 3.52157 -44.61761
3 11 1.60787 3.52157 -44.6249 -42.3319 'Bay (Somalia)'
 3.29156 -44.61913
 2.40941 -44.62494
 1.60787 -42.91645
 1.99461 -42.33193
 2.24903 -42.38419
 2.96217 -42.52703
 2.97772 -42.72993
 2.97329 -43.00466
 3.49475 -43.00075
 3.52157 -44.61761
 3.29156 -44.61913
4 33 2.24903 4.27119 -43.0047 -40.9886 'Gedo (Somalia)'
 3.98032 -41.90516
 4.02236 -41.93875
 4.05271 -41.93785
 4.08847 -41.95944
 4.14278 -42.04084
 4.17615 -42.07388
 4.18666 -42.09833
 4.19389 -42.11777
 4.20334 -42.15166
 4.20889 -42.19583
 4.20777 -42.23611
 4.20375 -42.26985
 4.20208 -42.37027
 4.20750 -42.40138
 4.22889 -42.48584
 4.26042 -42.62229
 4.26472 -42.65611
 4.27119 -42.72653
 3.97480 -42.98486
 3.49475 -43.00075
 2.97329 -43.00466
 2.97772 -42.72993
 2.96217 -42.52703
 2.24903 -42.38419
 2.36350 -41.91002
 2.30930 -40.98861
 2.71666 -40.98861
 2.83554 -40.99135
 3.11834 -41.28638
 3.16750 -41.33694
 3.82472 -41.79777
 3.96425 -41.89644
 3.98032 -41.90516
5 15 0.324882 2.3635 -43.4886 -40.9886 'Jubbada Dhexe (Somalia)'
 1.60787 -42.91645
 0.65000 -43.48861
 0.62472 -43.46638
 0.47892 -43.33604
 0.43584 -43.28833
 0.40916 -43.26735
 0.38111 -43.24777
 0.32488 -42.55812
 1.36049 -42.42289
 1.31395 -40.98861
 2.30930 -40.98861
 2.36350 -41.91002
 2.24903 -42.38419
 1.99461 -42.33193
 1.60787 -42.91645
6 30 0.65 3.29357 -45.3146 -42.9165 'Shabeellaha Hoose (Somalia)'
 3.29156 -44.61913
 3.29357 -45.04911
 2.80768 -45.27922
 2.14846 -45.31456
 2.07276 -45.22340
 2.00863 -45.16439
 1.91417 -45.12472
 1.90389 -45.08888
 1.89555 -45.06694
 1.88084 -45.03777
 1.86084 -45.00416
 1.81389 -44.93278
 1.75722 -44.84805
 1.59305 -44.60472
 1.55195 -44.54499
 1.39528 -44.34361
 1.24666 -44.17416
 1.21972 -44.14500
 1.17416 -44.10860
 1.13361 -44.06722
 1.01903 -43.94583
 0.98166 -43.88305
 0.97055 -43.86055
 0.95805 -43.83972
 0.92375 -43.79014
 0.79931 -43.65097
 0.65000 -43.48861
 1.60787 -42.91645
 2.40941 -44.62494
 3.29156 -44.61913
7 14 1.91417 2.18528 -45.5858 -45.1247 'Banaadir (Somalia)'
 1.91417 -45.12472
 2.00863 -45.16439
 2.07276 -45.22340
 2.14846 -45.31456
 2.18528 -45.40882
 2.18333 -45.51051
 2.17194 -45.58583
 2.16861 -45.58222
 2.14028 -45.54319
 2.03861 -45.36777
 1.97431 -45.24180
 1.95416 -45.19833
 1.91916 -45.13305
 1.91417 -45.12472
8 29 3.54002 6.21483 -47.9244 -45.4894 'Galguduud (Somalia)'
 3.54002 -47.10905
 4.00980 -46.34662
 4.36456 -46.34023
 4.37135 -46.16708
 4.99868 -46.15629
 5.00064 -45.68267
 5.48976 -45.48940
 5.73861 -45.71666
 5.99916 -45.95583
 6.03555 -45.99027
 6.16203 -46.11398
 6.21483 -46.98981
 5.80645 -47.01695
 5.82824 -47.48783
 4.39817 -47.59797
 4.43385 -47.92435
 4.37389 -47.87194
 4.18736 -47.70750
 4.13472 -47.65695
 4.08000 -47.59694
 4.04916 -47.57249
 4.01250 -47.54695
 3.95722 -47.51138
 3.87847 -47.44805
 3.81528 -47.37778
 3.68250 -47.22972
 3.66666 -47.21458
 3.63111 -47.18472
 3.54002 -47.10905
9 21 3.29156 5.48976 -46.3466 -44.4669 'Hiiraan (Somalia)'
 4.00980 -46.34662
 3.59433 -46.06902
 3.32406 -46.07986
 3.29357 -45.04911
 3.29156 -44.61913
 3.52157 -44.61761
 4.05266 -44.62369
 4.40921 -44.54373
 4.93353 -44.46690
 4.93027 -44.51277
 4.90250 -44.95083
 4.95431 -45.00000
 4.96257 -45.00784
 5.06027 -45.09611
 5.36392 -45.37446
 5.48976 -45.48940
 5.00064 -45.68267
 4.99868 -46.15629
 4.37135 -46.16708
 4.36456 -46.34023
 4.00980 -46.34662
10 29 2.14846 4.0098 -47.1091 -45.0491 'Shabeellaha Dhexe (Somalia)'
 3.29357 -45.04911
 3.32406 -46.07986
 3.59433 -46.06902
 4.00980 -46.34662
 3.54002 -47.10905
 3.51972 -47.08944
 3.47445 -47.04583
 3.44278 -47.01694
 3.28834 -46.87694
 3.16000 -46.76388
 2.95416 -46.54861
 2.89528 -46.48499
 2.79111 -46.35805
 2.66250 -46.23778
 2.58778 -46.17528
 2.51611 -46.11055
 2.45334 -46.04333
 2.43722 -46.02555
 2.42334 -46.00902
 2.36750 -45.92666
 2.34611 -45.89416
 2.28611 -45.78777
 2.23084 -45.68777
 2.17194 -45.58583
 2.18333 -45.51051
 2.18528 -45.40882
 2.14846 -45.31456
 2.80768 -45.27922
 3.29357 -45.04911
11 112 8.33805 11.9792 -51.4113 -48.8779 'Bari (Somalia)'
 9.57472 -50.80250
 9.56305 -50.80361
 9.53695 -50.80944
 9.50055 -50.81916
 9.47111 -50.83555
 9.43787 -50.83854
 9.40139 -50.81888
 9.30229 -50.75541
 9.28361 -50.71361
 9.26834 -50.68958
 9.22389 -50.65695
 9.20195 -50.64695
 9.18083 -50.64264
 9.16097 -50.64569
 9.12514 -50.65250
 9.09153 -50.64597
 9.06777 -50.63347
 8.98979 -50.55340
 8.97222 -50.51833
 8.95972 -50.49680
 8.94277 -50.47930
 8.86028 -50.42485
 8.61361 -50.32222
 8.56542 -50.32694
 8.53834 -50.32292
 8.51500 -50.31069
 8.48292 -50.28375
 8.46334 -50.25368
 8.38361 -50.19694
 8.35958 -50.18541
 8.33805 -50.17833
 8.73866 -48.96387
 8.96169 -48.96931
 9.38290 -48.93537
 10.21948 -48.89576
 10.60004 -48.88226
 11.05007 -48.87791
 11.07914 -48.91830
 11.14040 -48.94710
 11.24277 -48.95694
 11.24584 -48.98722
 11.25028 -49.01415
 11.29389 -49.19222
 11.34084 -49.42416
 11.39000 -49.51659
 11.43334 -49.54388
 11.44798 -49.56034
 11.47125 -49.67694
 11.46958 -49.70596
 11.46208 -49.73097
 11.45500 -49.75305
 11.45305 -49.78472
 11.50834 -50.06916
 11.51458 -50.09319
 11.59527 -50.28139
 11.68347 -50.43625
 11.73500 -50.48584
 11.75958 -50.50416
 11.79153 -50.51541
 11.82472 -50.52195
 11.86014 -50.53346
 11.89375 -50.55291
 11.91611 -50.57902
 11.94639 -50.63555
 11.97916 -50.76944
 11.94139 -50.91000
 11.87250 -51.14472
 11.83945 -51.27277
 11.81666 -51.27833
 11.66535 -51.23854
 11.61722 -51.19916
 11.57889 -51.16722
 11.50764 -51.12527
 11.32805 -51.07638
 11.20681 -51.07166
 11.18125 -51.08312
 11.16430 -51.11235
 11.15063 -51.16472
 11.11361 -51.16152
 11.07139 -51.13972
 11.04861 -51.13027
 11.01222 -51.11972
 10.97937 -51.11458
 10.74027 -51.12916
 10.63361 -51.14555
 10.49764 -51.10291
 10.47764 -51.08777
 10.46542 -51.03999
 10.44666 -51.01722
 10.43626 -51.05255
 10.44672 -51.13483
 10.48042 -51.19132
 10.53805 -51.18944
 10.48764 -51.37680
 10.45325 -51.41132
 10.39736 -51.39125
 10.37264 -51.36861
 10.38576 -51.27395
 10.41958 -51.25715
 10.42569 -51.21861
 10.41211 -51.14777
 10.41027 -51.12195
 10.40586 -51.09261
 10.40045 -51.07269
 10.38624 -51.03519
 10.36084 -50.95888
 10.33333 -50.91111
 10.31222 -50.89583
 10.15277 -50.89472
 10.02278 -50.89916
 9.63305 -50.81528
 9.57472 -50.80250
12 49 4.39817 7.78659 -49.6314 -46.114 'Mudug (Somalia)'
 6.16203 -46.11398
 6.61945 -46.56139
 7.05695 -46.99139
 7.59222 -47.55555
 7.68889 -47.65805
 7.78659 -47.76184
 7.69425 -48.99984
 7.39045 -49.63141
 7.33778 -49.60416
 7.31695 -49.59000
 7.17834 -49.48555
 7.06416 -49.39777
 7.04139 -49.37888
 6.98084 -49.34277
 6.81861 -49.25055
 6.75834 -49.21945
 6.47778 -49.09875
 6.41584 -49.07555
 6.38903 -49.07195
 6.34361 -49.07611
 6.30145 -49.08284
 6.26055 -49.07805
 6.22084 -49.06777
 6.19305 -49.05972
 6.17334 -49.05236
 6.14972 -49.04084
 5.82000 -48.85334
 5.76805 -48.82083
 5.52861 -48.66833
 5.41805 -48.59138
 5.32000 -48.51722
 5.13584 -48.37083
 5.08861 -48.32861
 5.06542 -48.31014
 4.90305 -48.20166
 4.88528 -48.19138
 4.83555 -48.16416
 4.81250 -48.15222
 4.76278 -48.12694
 4.73027 -48.11055
 4.61889 -48.05305
 4.52305 -48.00055
 4.46027 -47.95111
 4.43385 -47.92435
 4.39817 -47.59797
 5.82824 -47.48783
 5.80645 -47.01695
 6.21483 -46.98981
 6.16203 -46.11398
13 36 7.39045 8.96169 -50.1783 -47.7618 'Nugaal (Somalia)'
 7.78659 -47.76184
 7.92045 -47.90405
 8.00111 -47.98722
 8.00411 -47.98825
 8.24160 -48.24926
 8.29693 -48.20900
 8.60708 -48.51725
 8.59118 -48.57818
 8.96169 -48.96931
 8.73866 -48.96387
 8.33805 -50.17833
 8.32139 -50.16027
 8.30500 -50.14875
 8.27931 -50.13888
 8.21527 -50.12555
 8.18569 -50.10903
 8.13889 -50.06909
 8.11805 -50.02888
 8.10584 -50.00722
 8.08722 -49.97805
 8.06305 -49.94083
 8.04722 -49.92222
 7.96611 -49.84416
 7.94611 -49.82930
 7.91555 -49.81388
 7.88278 -49.80639
 7.85666 -49.80445
 7.82625 -49.80458
 7.71445 -49.79583
 7.57445 -49.73250
 7.44500 -49.66445
 7.42305 -49.65222
 7.39750 -49.63611
 7.39045 -49.63141
 7.69425 -48.99984
 7.78659 -47.76184
14 56 9.23992 11.3281 -48.9569 -45.8694 'Sanaag (Somalia)'
 9.38290 -48.93537
 9.23992 -46.69852
 9.80115 -45.98655
 10.11824 -45.94214
 10.84416 -45.86945
 10.83027 -45.89750
 10.79334 -45.97416
 10.77139 -46.07972
 10.76875 -46.11548
 10.77805 -46.16360
 10.79083 -46.19875
 10.78618 -46.24666
 10.76597 -46.27180
 10.73611 -46.29695
 10.70292 -46.33555
 10.68819 -46.41750
 10.69000 -46.45333
 10.74500 -46.64625
 10.81416 -46.76805
 10.93445 -46.97972
 10.96916 -47.05472
 10.99458 -47.09305
 11.04139 -47.14695
 11.06895 -47.16493
 11.15695 -47.34000
 11.17000 -47.36833
 11.17895 -47.39666
 11.18777 -47.48305
 11.18472 -47.51416
 11.17111 -47.55028
 11.14125 -47.61333
 11.12069 -47.64235
 11.10778 -47.66430
 11.09916 -47.69166
 11.10139 -47.71361
 11.11416 -47.74110
 11.13055 -47.79250
 11.13305 -47.90805
 11.12153 -47.94777
 11.13514 -48.12569
 11.14875 -48.16562
 11.18027 -48.19555
 11.21055 -48.22194
 11.27431 -48.34277
 11.31555 -48.52138
 11.32805 -48.66069
 11.27695 -48.81722
 11.25847 -48.86250
 11.24792 -48.88069
 11.24277 -48.95694
 11.14040 -48.94710
 11.07914 -48.91830
 11.05007 -48.87791
 10.60004 -48.88226
 10.21948 -48.89576
 9.38290 -48.93537
15 19 8.00111 9.80115 -48.9693 -45.9865 'Sool (Somalia)'
 8.00411 -47.98825
 8.00305 -47.90250
 8.00305 -47.85055
 8.00361 -47.74638
 8.00334 -47.60750
 8.00195 -47.08694
 8.00111 -47.01194
 8.36386 -46.99425
 8.80156 -46.64638
 8.81101 -46.12284
 9.80115 -45.98655
 9.23992 -46.69852
 9.38290 -48.93537
 8.96169 -48.96931
 8.59118 -48.57818
 8.60708 -48.51725
 8.29693 -48.20900
 8.24160 -48.24926
 8.00411 -47.98825
16 20 8.00111 10.1182 -47.0119 -44.6401 'Togdheer (Somalia)'
 9.80115 -45.98655
 8.81101 -46.12284
 8.80156 -46.64638
 8.36386 -46.99425
 8.00111 -47.01194
 8.00611 -46.99472
 8.07639 -46.79084
 8.15722 -46.55277
 8.23222 -46.33166
 8.32361 -46.05916
 8.47333 -45.61610
 8.54195 -45.41166
 8.61611 -45.18999
 8.67861 -45.00222
 8.79517 -44.65047
 9.86069 -44.64006
 9.89399 -44.95498
 10.08020 -44.95914
 10.11824 -45.94214
 9.80115 -45.98655
17 38 -1.67487 1.36049 -43.2478 -40.9886 'Jubbada Hoose (Somalia)'
 -1.67487 -41.55815
 -1.59222 -41.55527
 -1.36472 -41.38138
 -1.06805 -41.15388
 -0.86611 -40.99833
 0.00000 -40.98861
 1.31395 -40.98861
 1.36049 -42.42289
 0.32488 -42.55812
 0.38111 -43.24777
 0.36111 -43.22722
 0.26945 -43.13527
 0.12445 -43.00305
 -0.00195 -42.89027
 -0.09166 -42.80944
 -0.12250 -42.77916
 -0.17805 -42.71750
 -0.24111 -42.64222
 -0.30847 -42.56888
 -0.37250 -42.51944
 -0.43972 -42.47166
 -0.45695 -42.45916
 -0.47847 -42.43978
 -0.49250 -42.41666
 -0.51166 -42.39750
 -0.63361 -42.30166
 -0.75264 -42.21416
 -0.79805 -42.17694
 -0.81472 -42.15916
 -0.89611 -42.06666
 -1.02028 -41.97277
 -1.12778 -41.91722
 -1.33750 -41.79250
 -1.49695 -41.69250
 -1.56889 -41.64583
 -1.63945 -41.59027
 -1.66195 -41.57166
 -1.67487 -41.55815
