4017 221 -10.42723 -6.91388 -21.90925 -17.32666 'Lunda Norte (Angola)'
 -10.40260 -18.46990
 -10.42720 -18.42440
 -10.41360 -18.39440
 -10.40110 -18.37170
 -10.33280 -18.27330
 -10.31110 -18.24360
 -10.28860 -18.21750
 -10.26280 -18.19610
 -10.21280 -18.16830
 -10.18890 -18.17580
 -10.12390 -18.20330
 -10.09420 -18.23330
 -10.04530 -18.26970
 -10.02310 -18.26580
 -10.00560 -18.24310
 -9.99555 -18.22080
 -9.95639 -18.09170
 -9.86639 -17.85500
 -9.82416 -17.75810
 -9.79723 -17.71030
 -9.67250 -17.50390
 -9.65639 -17.48190
 -9.60278 -17.44310
 -9.55611 -17.41420
 -9.44361 -17.36110
 -9.37500 -17.33250
 -9.35028 -17.32670
 -9.32750 -17.32780
 -9.30305 -17.35060
 -9.28861 -17.37440
 -9.27667 -17.40250
 -9.25305 -17.47190
 -9.23722 -17.53920
 -9.21000 -17.56000
 -9.11584 -17.59310
 -9.09389 -17.59890
 -9.07111 -17.59310
 -9.04528 -17.57970
 -8.97416 -17.56500
 -8.95084 -17.56530
 -8.90445 -17.57530
 -8.86000 -17.58860
 -8.83861 -17.59310
 -8.81666 -17.59500
 -8.77417 -17.59780
 -8.59611 -17.59560
 -8.57389 -17.59440
 -8.56334 -17.57250
 -8.54445 -17.54830
 -8.51723 -17.53580
 -8.48973 -17.52860
 -8.46555 -17.52360
 -8.44417 -17.52390
 -8.41889 -17.52920
 -8.33528 -17.55750
 -8.21195 -17.54530
 -8.13757 -17.52600
 -8.08631 -17.53340
 -8.08068 -17.55020
 -8.08305 -17.55530
 -8.09805 -17.63110
 -8.09278 -17.66030
 -8.06666 -17.75670
 -8.04236 -17.88970
 -8.04666 -17.92220
 -8.06153 -17.95280
 -8.08305 -17.97690
 -8.10708 -18.00490
 -8.10778 -18.04140
 -8.10711 -18.11540
 -8.08136 -18.10940
 -8.02862 -18.11260
 -7.99666 -18.19610
 -7.99750 -18.32970
 -8.00916 -18.40330
 -7.98903 -18.52560
 -7.95764 -18.51920
 -7.93708 -18.52690
 -7.93796 -18.76610
 -7.97236 -18.77310
 -7.99897 -18.79180
 -7.99945 -19.00170
 -7.99334 -19.37280
 -7.93528 -19.35890
 -7.91431 -19.35240
 -7.89319 -19.34930
 -7.81292 -19.36120
 -7.79069 -19.37350
 -7.76319 -19.38750
 -7.69247 -19.40140
 -7.61972 -19.38140
 -7.60111 -19.37250
 -7.57925 -19.37500
 -7.57278 -19.39930
 -7.56895 -19.46820
 -7.47750 -19.53060
 -7.43500 -19.52830
 -7.36972 -19.50220
 -7.31625 -19.49030
 -7.28695 -19.49010
 -7.17945 -19.49890
 -7.15236 -19.50290
 -6.99661 -19.53890
 -6.99555 -19.96280
 -6.99472 -20.31140
 -6.97139 -20.31790
 -6.95111 -20.31750
 -6.91473 -20.33150
 -6.91388 -20.62970
 -6.97278 -20.61600
 -7.03084 -20.58780
 -7.11542 -20.54620
 -7.18055 -20.53350
 -7.24965 -20.53090
 -7.28362 -20.54870
 -7.28305 -21.20800
 -7.28222 -21.60310
 -7.28125 -21.77790
 -7.31195 -21.81280
 -7.36778 -21.84000
 -7.47695 -21.85970
 -7.59166 -21.85110
 -7.63555 -21.83310
 -7.64542 -21.82600
 -7.65445 -21.81690
 -7.77347 -21.77370
 -7.83555 -21.76330
 -7.93569 -21.74900
 -8.00375 -21.75510
 -8.02347 -21.77330
 -8.05347 -21.80390
 -8.13167 -21.83610
 -8.20014 -21.85890
 -8.28361 -21.87900
 -8.33214 -21.90930
 -8.34250 -21.87690
 -8.35889 -21.85000
 -8.38695 -21.83250
 -8.41028 -21.82110
 -8.43278 -21.80440
 -8.43750 -21.78280
 -8.43278 -21.75860
 -8.42445 -21.73000
 -8.42973 -21.70860
 -8.44666 -21.66420
 -8.46028 -21.63330
 -8.47750 -21.61030
 -8.50195 -21.59140
 -8.54723 -21.56560
 -8.57750 -21.40140
 -8.58084 -21.37420
 -8.57084 -21.32500
 -8.56139 -21.24860
 -8.56917 -21.15530
 -8.60611 -21.02720
 -8.61555 -21.00560
 -8.62639 -20.98420
 -8.65500 -20.93440
 -8.73555 -20.83860
 -8.75584 -20.81690
 -8.86056 -20.75140
 -8.88250 -20.74310
 -8.90666 -20.73640
 -8.95805 -20.72500
 -8.98611 -20.71170
 -9.01334 -20.66390
 -9.01916 -20.63890
 -9.01834 -20.61720
 -9.02305 -20.58940
 -9.09195 -20.43720
 -9.10611 -20.41190
 -9.17611 -20.38280
 -9.25750 -20.28720
 -9.26195 -20.23830
 -9.27334 -20.21470
 -9.30861 -20.16560
 -9.35834 -20.10670
 -9.46666 -19.98830
 -9.60055 -19.96940
 -9.64861 -19.96560
 -9.69473 -19.95940
 -9.71723 -19.95440
 -9.74805 -19.94220
 -9.79445 -19.91030
 -9.81834 -19.88920
 -9.86945 -19.83970
 -9.88778 -19.81500
 -9.89945 -19.73330
 -9.90917 -19.67940
 -9.92001 -19.65350
 -9.96445 -19.60190
 -9.98278 -19.57860
 -9.98889 -19.55690
 -9.99055 -19.52970
 -9.99084 -19.50110
 -9.98945 -19.47670
 -10.00000 -19.45000
 -10.01630 -19.42960
 -10.04330 -19.39920
 -10.08470 -19.34970
 -10.09060 -19.32610
 -10.09830 -19.27920
 -10.10500 -19.25720
 -10.11310 -19.23500
 -10.15640 -19.18830
 -10.18220 -19.16970
 -10.19780 -19.14360
 -10.20860 -19.11970
 -10.21920 -19.09500
 -10.23860 -19.04310
 -10.24220 -18.97170
 -10.25170 -18.89830
 -10.26110 -18.87640
 -10.28280 -18.85530
 -10.30440 -18.83890
 -10.32690 -18.82390
 -10.34940 -18.80110
 -10.40140 -18.68080
 -10.41000 -18.65830
 -10.40390 -18.56250
 -10.40260 -18.46990
4018 205 -11.47975 -8.33214 -22.31382 -18.46991 'Lunda Sul (Angola)'
 -10.97150 -18.76560
 -10.93260 -18.75670
 -10.91490 -18.74650
 -10.88120 -18.70800
 -10.86750 -18.68320
 -10.84030 -18.65440
 -10.79000 -18.62940
 -10.75350 -18.61740
 -10.67350 -18.61780
 -10.67460 -18.64690
 -10.61860 -18.66360
 -10.59060 -18.66560
 -10.56670 -18.62440
 -10.55810 -18.60500
 -10.54530 -18.57810
 -10.52280 -18.55530
 -10.44890 -18.49560
 -10.41360 -18.47250
 -10.40260 -18.46990
 -10.40390 -18.56250
 -10.41000 -18.65830
 -10.40140 -18.68080
 -10.34940 -18.80110
 -10.32690 -18.82390
 -10.30440 -18.83890
 -10.28280 -18.85530
 -10.26110 -18.87640
 -10.25170 -18.89830
 -10.24220 -18.97170
 -10.23860 -19.04310
 -10.21920 -19.09500
 -10.20860 -19.11970
 -10.19780 -19.14360
 -10.18220 -19.16970
 -10.15640 -19.18830
 -10.11310 -19.23500
 -10.10500 -19.25720
 -10.09830 -19.27920
 -10.09060 -19.32610
 -10.08470 -19.34970
 -10.04330 -19.39920
 -10.01630 -19.42960
 -10.00000 -19.45000
 -9.98945 -19.47670
 -9.99084 -19.50110
 -9.99055 -19.52970
 -9.98889 -19.55690
 -9.98278 -19.57860
 -9.96445 -19.60190
 -9.92001 -19.65350
 -9.90917 -19.67940
 -9.89945 -19.73330
 -9.88778 -19.81500
 -9.86945 -19.83970
 -9.81834 -19.88920
 -9.79445 -19.91030
 -9.74805 -19.94220
 -9.71723 -19.95440
 -9.69473 -19.95940
 -9.64861 -19.96560
 -9.60055 -19.96940
 -9.46666 -19.98830
 -9.35834 -20.10670
 -9.30861 -20.16560
 -9.27334 -20.21470
 -9.26195 -20.23830
 -9.25750 -20.28720
 -9.17611 -20.38280
 -9.10611 -20.41190
 -9.09195 -20.43720
 -9.02305 -20.58940
 -9.01834 -20.61720
 -9.01916 -20.63890
 -9.01334 -20.66390
 -8.98611 -20.71170
 -8.95805 -20.72500
 -8.90666 -20.73640
 -8.88250 -20.74310
 -8.86056 -20.75140
 -8.75584 -20.81690
 -8.73555 -20.83860
 -8.65500 -20.93440
 -8.62639 -20.98420
 -8.61555 -21.00560
 -8.60611 -21.02720
 -8.56917 -21.15530
 -8.56139 -21.24860
 -8.57084 -21.32500
 -8.58084 -21.37420
 -8.57750 -21.40140
 -8.54723 -21.56560
 -8.50195 -21.59140
 -8.47750 -21.61030
 -8.46028 -21.63330
 -8.44666 -21.66420
 -8.42973 -21.70860
 -8.42445 -21.73000
 -8.43278 -21.75860
 -8.43750 -21.78280
 -8.43278 -21.80440
 -8.41028 -21.82110
 -8.38695 -21.83250
 -8.35889 -21.85000
 -8.34250 -21.87690
 -8.33214 -21.90930
 -8.34355 -21.90360
 -8.38990 -21.91390
 -8.42097 -21.93650
 -8.49611 -21.94000
 -8.54639 -21.93500
 -8.58416 -21.92440
 -8.73223 -21.89030
 -8.80111 -21.87580
 -8.93389 -21.85280
 -9.07111 -21.83530
 -9.15416 -21.84140
 -9.30223 -21.82530
 -9.34639 -21.80720
 -9.41139 -21.79150
 -9.62028 -21.85030
 -9.64236 -21.85940
 -9.66500 -21.87470
 -9.84972 -22.02320
 -9.88285 -22.06120
 -9.90195 -22.13210
 -9.92431 -22.15830
 -9.96250 -22.17540
 -10.08330 -22.20080
 -10.15420 -22.20720
 -10.20220 -22.22820
 -10.27780 -22.26890
 -10.37500 -22.31380
 -10.42280 -22.30440
 -10.51310 -22.27250
 -10.58310 -22.30330
 -10.61280 -22.30810
 -10.62860 -22.26630
 -10.62550 -22.22950
 -10.60340 -22.19250
 -10.59050 -22.14360
 -10.58690 -22.08820
 -10.62300 -22.01070
 -10.62450 -21.94950
 -10.61960 -21.86860
 -10.62090 -21.80950
 -10.64140 -21.78470
 -10.67830 -21.76310
 -10.75140 -21.74310
 -10.84420 -21.71230
 -10.86140 -21.69470
 -10.88960 -21.67220
 -11.00510 -21.65070
 -11.06160 -21.68080
 -11.13650 -21.69840
 -11.18360 -21.58520
 -11.18220 -21.55860
 -11.20540 -21.41910
 -11.27780 -21.22350
 -11.30400 -21.21670
 -11.47160 -21.04080
 -11.47970 -21.01590
 -11.46250 -20.83610
 -11.45360 -20.79690
 -11.44000 -20.75170
 -11.41690 -20.68290
 -11.29030 -20.37080
 -11.20630 -20.17940
 -11.22850 -20.14900
 -11.24970 -20.13190
 -11.27540 -20.10950
 -11.28670 -20.09300
 -11.28720 -20.06850
 -11.26780 -20.03720
 -11.26310 -19.87280
 -11.29280 -19.79170
 -11.30600 -19.74730
 -11.30930 -19.72350
 -11.29100 -19.67610
 -11.29680 -19.54990
 -11.31430 -19.54000
 -11.35000 -19.49860
 -11.38290 -19.45710
 -11.41330 -19.39530
 -11.41850 -19.37260
 -11.41370 -19.33010
 -11.43860 -19.24500
 -11.45620 -19.18850
 -11.41530 -19.19000
 -11.39330 -19.19390
 -11.34250 -19.21000
 -11.31670 -19.22360
 -11.29360 -19.24580
 -11.27140 -19.24170
 -11.22440 -19.21080
 -11.21220 -19.18580
 -11.21420 -19.16190
 -11.21310 -19.14000
 -11.21000 -19.11420
 -11.20360 -19.08830
 -11.17970 -19.06560
 -11.13470 -19.03170
 -11.11170 -19.00890
 -11.03860 -18.89220
 -11.01030 -18.84220
 -10.97150 -18.76560
4019 266 -11.72250 -7.32028 -18.84584 -15.10290 'Malanje (Angola)'
 -10.56980 -16.60350
 -10.46530 -16.51690
 -10.34660 -16.44520
 -10.27060 -16.34520
 -10.24380 -16.33410
 -10.19840 -16.32910
 -10.16650 -16.34170
 -10.15190 -16.35890
 -10.13150 -16.38180
 -10.01550 -16.35210
 -9.89614 -16.30970
 -9.87139 -16.29860
 -9.76750 -16.20470
 -9.74472 -16.18220
 -9.73889 -16.16000
 -9.72223 -16.02780
 -9.71139 -15.83670
 -9.71417 -15.81170
 -9.73528 -15.80000
 -9.77778 -15.76530
 -9.78222 -15.74220
 -9.78305 -15.71690
 -9.78222 -15.69190
 -9.77889 -15.57690
 -9.78000 -15.48530
 -9.79778 -15.39420
 -9.80722 -15.36810
 -9.80916 -15.33310
 -9.80834 -15.29190
 -9.80336 -15.24690
 -9.79771 -15.20490
 -9.77159 -15.15550
 -9.72695 -15.10670
 -9.72324 -15.10290
 -9.70084 -15.13140
 -9.67805 -15.15580
 -9.65695 -15.16190
 -9.46417 -15.18030
 -9.44084 -15.17890
 -9.41584 -15.16890
 -9.36778 -15.17670
 -9.25748 -15.25260
 -9.23739 -15.27420
 -9.22733 -15.31650
 -9.22942 -15.34200
 -9.17861 -15.53470
 -9.17305 -15.60030
 -9.15684 -15.63260
 -9.09055 -15.64690
 -9.06722 -15.64470
 -9.04361 -15.63690
 -9.02028 -15.63560
 -8.90389 -15.65920
 -8.88139 -15.66390
 -8.83278 -15.67830
 -8.78861 -15.69280
 -8.76667 -15.70080
 -8.74305 -15.71750
 -8.72139 -15.73060
 -8.69861 -15.72420
 -8.67195 -15.70890
 -8.67223 -15.68580
 -8.66861 -15.65890
 -8.65389 -15.63690
 -8.61972 -15.61640
 -8.59611 -15.60920
 -8.52639 -15.65750
 -8.44805 -15.71720
 -8.33851 -15.80780
 -8.26083 -15.79870
 -8.21167 -15.80110
 -8.22528 -15.88640
 -8.22584 -15.91220
 -8.17445 -16.02860
 -8.16250 -16.05060
 -8.14028 -16.07440
 -8.11945 -16.09030
 -8.09500 -16.10000
 -7.97416 -16.13610
 -7.95084 -16.13810
 -7.90250 -16.13080
 -7.85222 -16.12140
 -7.78166 -16.10030
 -7.70750 -16.07000
 -7.68528 -16.06170
 -7.66111 -16.05580
 -7.61028 -16.05640
 -7.58195 -16.11440
 -7.57805 -16.14530
 -7.58055 -16.16670
 -7.58445 -16.18940
 -7.57528 -16.21390
 -7.53361 -16.28330
 -7.48972 -16.31560
 -7.46611 -16.33140
 -7.43415 -16.34560
 -7.38861 -16.39670
 -7.32252 -16.57610
 -7.32028 -16.60580
 -7.32834 -16.62780
 -7.34528 -16.65030
 -7.36805 -16.66360
 -7.41916 -16.67860
 -7.53084 -16.76080
 -7.55305 -16.77970
 -7.57500 -16.80140
 -7.59055 -16.82390
 -7.59916 -16.84530
 -7.60305 -16.86670
 -7.60361 -16.89080
 -7.59834 -16.91390
 -7.59139 -16.93560
 -7.57000 -16.96080
 -7.54750 -16.97170
 -7.52611 -16.97500
 -7.45334 -16.97640
 -7.43195 -16.99280
 -7.41028 -17.01750
 -7.39361 -17.04000
 -7.38305 -17.06440
 -7.37945 -17.08670
 -7.37902 -17.09530
 -7.42223 -17.10560
 -7.45278 -17.15110
 -7.51305 -17.18670
 -7.67945 -17.28360
 -7.75611 -17.30940
 -7.84584 -17.39070
 -7.85500 -17.41970
 -7.87666 -17.43830
 -8.00334 -17.50530
 -8.05361 -17.52560
 -8.08068 -17.55020
 -8.08631 -17.53340
 -8.13757 -17.52600
 -8.21195 -17.54530
 -8.33528 -17.55750
 -8.41889 -17.52920
 -8.44417 -17.52390
 -8.46555 -17.52360
 -8.48973 -17.52860
 -8.51723 -17.53580
 -8.54445 -17.54830
 -8.56334 -17.57250
 -8.57389 -17.59440
 -8.59611 -17.59560
 -8.77417 -17.59780
 -8.81666 -17.59500
 -8.83861 -17.59310
 -8.86000 -17.58860
 -8.90445 -17.57530
 -8.95084 -17.56530
 -8.97416 -17.56500
 -9.04528 -17.57970
 -9.07111 -17.59310
 -9.09389 -17.59890
 -9.11584 -17.59310
 -9.21000 -17.56000
 -9.23722 -17.53920
 -9.25305 -17.47190
 -9.27667 -17.40250
 -9.28861 -17.37440
 -9.30305 -17.35060
 -9.32750 -17.32780
 -9.35028 -17.32670
 -9.37500 -17.33250
 -9.44361 -17.36110
 -9.55611 -17.41420
 -9.60278 -17.44310
 -9.65639 -17.48190
 -9.67250 -17.50390
 -9.79723 -17.71030
 -9.82416 -17.75810
 -9.86639 -17.85500
 -9.95639 -18.09170
 -9.99555 -18.22080
 -10.00560 -18.24310
 -10.02310 -18.26580
 -10.04530 -18.26970
 -10.09420 -18.23330
 -10.12390 -18.20330
 -10.18890 -18.17580
 -10.21280 -18.16830
 -10.26280 -18.19610
 -10.28860 -18.21750
 -10.31110 -18.24360
 -10.33280 -18.27330
 -10.40110 -18.37170
 -10.41360 -18.39440
 -10.42720 -18.42440
 -10.40260 -18.46990
 -10.41360 -18.47250
 -10.44890 -18.49560
 -10.52280 -18.55530
 -10.54530 -18.57810
 -10.55810 -18.60500
 -10.56670 -18.62440
 -10.59060 -18.66560
 -10.61860 -18.66360
 -10.67460 -18.64690
 -10.67350 -18.61780
 -10.75350 -18.61740
 -10.79000 -18.62940
 -10.84030 -18.65440
 -10.86750 -18.68320
 -10.88120 -18.70800
 -10.91490 -18.74650
 -10.93260 -18.75670
 -10.97150 -18.76560
 -11.04690 -18.75140
 -11.24260 -18.77620
 -11.26780 -18.81390
 -11.28630 -18.83010
 -11.35030 -18.84580
 -11.37140 -18.83500
 -11.37580 -18.81170
 -11.36530 -18.78940
 -11.36080 -18.76780
 -11.36190 -18.74440
 -11.37310 -18.69390
 -11.38140 -18.66560
 -11.40000 -18.61690
 -11.41140 -18.58940
 -11.43860 -18.53280
 -11.45500 -18.51080
 -11.49780 -18.46940
 -11.52220 -18.45080
 -11.53920 -18.42890
 -11.54500 -18.40690
 -11.55430 -18.15850
 -11.52330 -17.91740
 -11.50850 -17.90290
 -11.48770 -17.90110
 -11.45140 -17.90160
 -11.40470 -17.87940
 -11.36410 -17.83110
 -11.40440 -17.83860
 -11.42810 -17.84310
 -11.50720 -17.84860
 -11.53670 -17.84190
 -11.66110 -17.72170
 -11.71750 -17.64890
 -11.72250 -17.60470
 -11.71560 -17.56470
 -11.69080 -17.49670
 -11.55760 -17.47740
 -11.44740 -17.49350
 -11.35440 -17.49220
 -11.23800 -17.41850
 -11.17320 -17.44550
 -11.11620 -17.45350
 -11.09240 -17.44650
 -10.94050 -17.37580
 -10.92260 -17.35930
 -10.86250 -17.28470
 -10.81970 -17.10470
 -10.78320 -16.99720
 -10.77440 -16.97030
 -10.76720 -16.93530
 -10.76150 -16.90620
 -10.76270 -16.86330
 -10.77520 -16.81390
 -10.76750 -16.77740
 -10.68440 -16.66160
 -10.64140 -16.61700
 -10.56980 -16.60350
4033 191 -10.43916 -7.62000 -14.72333 -13.10126 'Bengo (Angola)'
 -9.76901 -14.56520
 -9.79250 -14.57060
 -9.81611 -14.57470
 -9.96195 -14.58110
 -10.00390 -14.55110
 -10.02470 -14.53170
 -10.19030 -14.54720
 -10.21170 -14.54940
 -10.23890 -14.56330
 -10.25670 -14.58670
 -10.27780 -14.61240
 -10.29690 -14.61970
 -10.32110 -14.62170
 -10.34500 -14.61690
 -10.36610 -14.60810
 -10.38690 -14.59690
 -10.41750 -14.57640
 -10.43920 -14.54990
 -10.43470 -14.52750
 -10.42720 -14.50420
 -10.41280 -14.47920
 -10.39190 -14.45610
 -10.36940 -14.43860
 -10.34640 -14.42310
 -10.32030 -14.40080
 -10.28390 -14.30810
 -10.27920 -14.28670
 -10.27440 -14.23860
 -10.27250 -14.21560
 -10.28060 -14.19220
 -10.30330 -14.14330
 -10.32330 -14.12030
 -10.34560 -14.10360
 -10.36610 -14.08190
 -10.40490 -14.01180
 -10.38770 -13.98360
 -10.36920 -13.94950
 -10.36610 -13.92780
 -10.37500 -13.82500
 -10.36280 -13.72530
 -10.28420 -13.65140
 -10.22000 -13.55380
 -10.21580 -13.50840
 -10.25110 -13.48830
 -10.24110 -13.47970
 -10.19670 -13.44860
 -9.96319 -13.31600
 -9.95042 -13.33440
 -9.90973 -13.32920
 -9.85181 -13.30470
 -9.82861 -13.29030
 -9.77555 -13.25330
 -9.64847 -13.22220
 -9.61334 -13.22350
 -9.40861 -13.17000
 -9.33771 -13.14240
 -9.32145 -13.17930
 -9.29964 -13.19910
 -9.26141 -13.21820
 -9.22748 -13.22460
 -9.19621 -13.24530
 -9.17913 -13.26610
 -9.15722 -13.31330
 -9.15675 -13.40830
 -9.16723 -13.45750
 -9.17963 -13.47680
 -9.10584 -13.49000
 -9.03723 -13.49860
 -8.99195 -13.50140
 -8.97055 -13.50420
 -8.85778 -13.56780
 -8.84416 -13.59030
 -8.84195 -13.61420
 -8.83584 -13.63720
 -8.81000 -13.64360
 -8.78222 -13.63890
 -8.73584 -13.62920
 -8.68750 -13.61750
 -8.66305 -13.60530
 -8.64111 -13.58640
 -8.63278 -13.56440
 -8.58667 -13.43030
 -8.58142 -13.36880
 -8.50445 -13.35110
 -8.46750 -13.34960
 -8.45875 -13.37920
 -8.39375 -13.39180
 -8.32925 -13.36990
 -8.30055 -13.35190
 -8.25723 -13.31920
 -8.16584 -13.25920
 -8.06555 -13.21560
 -8.02861 -13.19970
 -8.00916 -13.19470
 -7.91445 -13.15530
 -7.82166 -13.11610
 -7.80278 -13.10780
 -7.79201 -13.10130
 -7.78520 -13.15940
 -7.76800 -13.20460
 -7.73500 -13.24830
 -7.71528 -13.30280
 -7.69834 -13.35470
 -7.69395 -13.39620
 -7.71695 -13.42720
 -7.73861 -13.46250
 -7.73597 -13.50560
 -7.67445 -13.72640
 -7.62819 -13.80760
 -7.62000 -13.81690
 -7.62666 -13.90420
 -7.62445 -13.97140
 -7.62805 -14.10780
 -7.63528 -14.12970
 -7.74555 -14.23110
 -7.76805 -14.24860
 -7.79889 -14.26970
 -7.82195 -14.28780
 -7.84250 -14.30890
 -7.85834 -14.33110
 -7.90028 -14.42720
 -7.90584 -14.45110
 -7.90778 -14.47330
 -7.90722 -14.49780
 -7.90166 -14.54580
 -7.88778 -14.59390
 -7.87889 -14.62280
 -7.87611 -14.64640
 -7.88223 -14.69530
 -7.90139 -14.71830
 -7.92722 -14.72330
 -8.08973 -14.71440
 -8.11222 -14.70780
 -8.13584 -14.68890
 -8.15722 -14.67310
 -8.17834 -14.65940
 -8.20473 -14.64610
 -8.22639 -14.63780
 -8.25111 -14.63310
 -8.27834 -14.63000
 -8.30250 -14.63170
 -8.39861 -14.66170
 -8.39980 -14.59030
 -8.39241 -14.54790
 -8.38528 -14.41940
 -8.38794 -14.37730
 -8.42749 -14.30060
 -8.44894 -14.27680
 -8.46742 -14.26310
 -8.49278 -14.26060
 -8.51695 -14.26060
 -8.54000 -14.27220
 -8.55639 -14.29560
 -8.57861 -14.32420
 -8.60305 -14.33720
 -8.69611 -14.37140
 -8.71750 -14.37690
 -8.74223 -14.37420
 -8.76389 -14.36580
 -8.78500 -14.35420
 -8.80584 -14.33690
 -8.84084 -14.29060
 -8.85528 -14.26670
 -8.87666 -14.21640
 -8.88416 -14.19250
 -8.88834 -14.17080
 -8.89111 -14.14720
 -8.88555 -14.12310
 -8.88972 -14.10110
 -8.93166 -14.07690
 -8.95417 -14.07420
 -8.96666 -14.09750
 -8.97473 -14.11940
 -8.99555 -14.14110
 -9.02195 -14.15080
 -9.17834 -14.18860
 -9.26695 -14.20420
 -9.29167 -14.20060
 -9.33084 -14.15560
 -9.35305 -14.14440
 -9.52586 -14.08440
 -9.62466 -14.15170
 -9.68937 -14.29690
 -9.69149 -14.33620
 -9.68208 -14.36900
 -9.68309 -14.39220
 -9.71127 -14.45330
 -9.73143 -14.46770
 -9.75015 -14.47990
 -9.78075 -14.53400
 -9.76901 -14.56520
4034 130 -9.78075 -7.93405 -15.80778 -14.07416 'Cuanza Norte (Angola)'
 -9.72324 -15.10290
 -9.70391 -14.95520
 -9.72111 -14.93420
 -9.72775 -14.83650
 -9.74292 -14.75350
 -9.76084 -14.74010
 -9.76472 -14.72000
 -9.77529 -14.64090
 -9.77611 -14.60030
 -9.76901 -14.56520
 -9.78075 -14.53400
 -9.75015 -14.47990
 -9.73143 -14.46770
 -9.71127 -14.45330
 -9.68309 -14.39220
 -9.68208 -14.36900
 -9.69149 -14.33620
 -9.68937 -14.29690
 -9.62466 -14.15170
 -9.52586 -14.08440
 -9.35305 -14.14440
 -9.33084 -14.15560
 -9.29167 -14.20060
 -9.26695 -14.20420
 -9.17834 -14.18860
 -9.02195 -14.15080
 -8.99555 -14.14110
 -8.97473 -14.11940
 -8.96666 -14.09750
 -8.95417 -14.07420
 -8.93166 -14.07690
 -8.88972 -14.10110
 -8.88555 -14.12310
 -8.89111 -14.14720
 -8.88834 -14.17080
 -8.88416 -14.19250
 -8.87666 -14.21640
 -8.85528 -14.26670
 -8.84084 -14.29060
 -8.80584 -14.33690
 -8.78500 -14.35420
 -8.76389 -14.36580
 -8.74223 -14.37420
 -8.71750 -14.37690
 -8.69611 -14.37140
 -8.60305 -14.33720
 -8.57861 -14.32420
 -8.55639 -14.29560
 -8.54000 -14.27220
 -8.51695 -14.26060
 -8.49278 -14.26060
 -8.46742 -14.26310
 -8.44894 -14.27680
 -8.42749 -14.30060
 -8.38794 -14.37730
 -8.38528 -14.41940
 -8.39241 -14.54790
 -8.39980 -14.59030
 -8.39861 -14.66170
 -8.40805 -14.73240
 -8.41195 -14.77500
 -8.39513 -14.82050
 -8.34683 -14.86400
 -8.31436 -14.87340
 -8.27765 -14.91440
 -8.28166 -14.95780
 -8.30048 -14.98760
 -8.31513 -15.01140
 -8.29111 -15.08920
 -8.24724 -15.16030
 -8.22834 -15.18420
 -8.19834 -15.20140
 -8.08850 -15.22250
 -8.06876 -15.18630
 -7.95697 -15.19410
 -7.94416 -15.24250
 -7.93945 -15.26420
 -7.93639 -15.28560
 -7.93500 -15.30780
 -7.93405 -15.40800
 -7.96194 -15.44630
 -8.00715 -15.45050
 -8.05554 -15.46540
 -8.05806 -15.53720
 -8.03257 -15.59970
 -8.00916 -15.61960
 -8.00360 -15.64190
 -8.00256 -15.71150
 -8.04819 -15.77200
 -8.12159 -15.79910
 -8.14776 -15.80200
 -8.19212 -15.80290
 -8.21167 -15.80110
 -8.26083 -15.79870
 -8.33851 -15.80780
 -8.44805 -15.71720
 -8.52639 -15.65750
 -8.59611 -15.60920
 -8.61972 -15.61640
 -8.65389 -15.63690
 -8.66861 -15.65890
 -8.67223 -15.68580
 -8.67195 -15.70890
 -8.69861 -15.72420
 -8.72139 -15.73060
 -8.74305 -15.71750
 -8.76667 -15.70080
 -8.78861 -15.69280
 -8.83278 -15.67830
 -8.88139 -15.66390
 -8.90389 -15.65920
 -9.02028 -15.63560
 -9.04361 -15.63690
 -9.06722 -15.64470
 -9.09055 -15.64690
 -9.15684 -15.63260
 -9.17305 -15.60030
 -9.17861 -15.53470
 -9.22942 -15.34200
 -9.22733 -15.31650
 -9.23739 -15.27420
 -9.25748 -15.25260
 -9.36778 -15.17670
 -9.41584 -15.16890
 -9.44084 -15.17890
 -9.46417 -15.18030
 -9.65695 -15.16190
 -9.67805 -15.15580
 -9.70084 -15.13140
 -9.72324 -15.10290
4035 197 -12.20611 -9.70391 -16.60350 -13.48832 'Cuanza Sul (Angola)'
 -12.20610 -15.02110
 -12.20190 -14.99670
 -12.19670 -14.97500
 -12.14970 -14.96920
 -12.13470 -14.94780
 -12.08890 -14.85470
 -12.07860 -14.83060
 -12.07860 -14.80720
 -12.09580 -14.78360
 -12.10220 -14.76030
 -12.09750 -14.68860
 -12.09060 -14.66470
 -12.06470 -14.65140
 -11.99360 -14.61750
 -11.97140 -14.60420
 -11.94670 -14.58720
 -11.87640 -14.53170
 -11.85310 -14.51060
 -11.83110 -14.48720
 -11.82690 -14.46420
 -11.83330 -14.43810
 -11.84220 -14.41390
 -11.87310 -14.36580
 -11.88830 -14.34360
 -11.91000 -14.32890
 -11.95810 -14.30560
 -11.98030 -14.28670
 -11.99140 -14.26250
 -12.00170 -14.23610
 -11.90030 -14.11250
 -11.87860 -14.09690
 -11.80330 -14.09080
 -11.78170 -14.08250
 -11.77080 -14.03280
 -11.77560 -14.00940
 -11.78670 -13.98610
 -11.79280 -13.96330
 -11.76580 -13.84060
 -11.74880 -13.79290
 -11.71580 -13.78650
 -11.57720 -13.77530
 -11.51690 -13.77890
 -11.33400 -13.79150
 -11.30310 -13.81630
 -11.09560 -13.84780
 -11.00290 -13.85360
 -10.95610 -13.84940
 -10.92160 -13.83600
 -10.85140 -13.78190
 -10.76550 -13.72450
 -10.73030 -13.74060
 -10.70030 -13.76960
 -10.67280 -13.76830
 -10.64310 -13.74640
 -10.53140 -13.64250
 -10.42380 -13.53890
 -10.39810 -13.52320
 -10.37460 -13.52080
 -10.34650 -13.52970
 -10.28210 -13.51140
 -10.25110 -13.48830
 -10.21580 -13.50840
 -10.22000 -13.55380
 -10.28420 -13.65140
 -10.36280 -13.72530
 -10.37500 -13.82500
 -10.36610 -13.92780
 -10.36920 -13.94950
 -10.38770 -13.98360
 -10.40490 -14.01180
 -10.36610 -14.08190
 -10.34560 -14.10360
 -10.32330 -14.12030
 -10.30330 -14.14330
 -10.28060 -14.19220
 -10.27250 -14.21560
 -10.27440 -14.23860
 -10.27920 -14.28670
 -10.28390 -14.30810
 -10.32030 -14.40080
 -10.34640 -14.42310
 -10.36940 -14.43860
 -10.39190 -14.45610
 -10.41280 -14.47920
 -10.42720 -14.50420
 -10.43470 -14.52750
 -10.43920 -14.54990
 -10.41750 -14.57640
 -10.38690 -14.59690
 -10.36610 -14.60810
 -10.34500 -14.61690
 -10.32110 -14.62170
 -10.29690 -14.61970
 -10.27780 -14.61240
 -10.25670 -14.58670
 -10.23890 -14.56330
 -10.21170 -14.54940
 -10.19030 -14.54720
 -10.02470 -14.53170
 -10.00390 -14.55110
 -9.96195 -14.58110
 -9.81611 -14.57470
 -9.79250 -14.57060
 -9.76901 -14.56520
 -9.77611 -14.60030
 -9.77529 -14.64090
 -9.76472 -14.72000
 -9.76084 -14.74010
 -9.74292 -14.75350
 -9.72775 -14.83650
 -9.72111 -14.93420
 -9.70391 -14.95520
 -9.72324 -15.10290
 -9.72695 -15.10670
 -9.77159 -15.15550
 -9.79771 -15.20490
 -9.80336 -15.24690
 -9.80834 -15.29190
 -9.80916 -15.33310
 -9.80722 -15.36810
 -9.79778 -15.39420
 -9.78000 -15.48530
 -9.77889 -15.57690
 -9.78222 -15.69190
 -9.78305 -15.71690
 -9.78222 -15.74220
 -9.77778 -15.76530
 -9.73528 -15.80000
 -9.71417 -15.81170
 -9.71139 -15.83670
 -9.72223 -16.02780
 -9.73889 -16.16000
 -9.74472 -16.18220
 -9.76750 -16.20470
 -9.87139 -16.29860
 -9.89614 -16.30970
 -10.01550 -16.35210
 -10.13150 -16.38180
 -10.15190 -16.35890
 -10.16650 -16.34170
 -10.19840 -16.32910
 -10.24380 -16.33410
 -10.27060 -16.34520
 -10.34660 -16.44520
 -10.46530 -16.51690
 -10.56980 -16.60350
 -10.62740 -16.58930
 -10.67540 -16.55750
 -10.75610 -16.46560
 -10.77140 -16.44140
 -10.78420 -16.41720
 -10.79580 -16.39170
 -10.80500 -16.36780
 -10.81670 -16.34140
 -10.83610 -16.31440
 -10.85690 -16.29580
 -10.87940 -16.27920
 -10.90470 -16.26670
 -10.92580 -16.25500
 -11.00170 -16.20920
 -11.00940 -16.18580
 -10.99560 -16.02000
 -10.97920 -15.99720
 -10.96000 -15.97250
 -10.94690 -15.95110
 -10.97420 -15.93690
 -10.99610 -15.93440
 -11.03940 -15.92780
 -11.06190 -15.92310
 -11.08530 -15.91690
 -11.11060 -15.90580
 -11.13220 -15.89330
 -11.23110 -15.82500
 -11.34860 -15.79190
 -11.37390 -15.78420
 -11.39640 -15.77330
 -11.44390 -15.74810
 -11.46750 -15.73420
 -11.47750 -15.71080
 -11.48690 -15.64330
 -11.50110 -15.54580
 -11.50780 -15.52110
 -11.55310 -15.40280
 -11.58720 -15.35920
 -11.60830 -15.35280
 -11.66650 -15.35250
 -11.72390 -15.37890
 -11.76380 -15.40260
 -11.95280 -15.37000
 -12.01580 -15.24940
 -12.03670 -15.17360
 -12.03750 -15.14970
 -12.04390 -15.11220
 -12.06140 -15.08860
 -12.08500 -15.07030
 -12.10810 -15.05920
 -12.20610 -15.02110
4036 52 -9.33771 -8.58142 -13.64361 -12.98458 'Luanda (Angola)'
 -9.33771 -13.14240
 -9.30111 -13.11670
 -9.08125 -12.98460
 -9.02202 -13.00280
 -8.96165 -13.02870
 -8.91735 -13.07630
 -8.88166 -13.13130
 -8.90701 -13.10400
 -8.92719 -13.08840
 -8.94228 -13.07040
 -8.95584 -13.05500
 -8.98611 -13.02970
 -9.03445 -13.00750
 -9.05473 -13.00060
 -9.08695 -13.01360
 -9.02473 -13.05530
 -8.95778 -13.09970
 -8.86161 -13.19030
 -8.80452 -13.22770
 -8.78111 -13.27830
 -8.76834 -13.36030
 -8.74028 -13.38750
 -8.65916 -13.40750
 -8.63076 -13.40030
 -8.58142 -13.36880
 -8.58667 -13.43030
 -8.63278 -13.56440
 -8.64111 -13.58640
 -8.66305 -13.60530
 -8.68750 -13.61750
 -8.73584 -13.62920
 -8.78222 -13.63890
 -8.81000 -13.64360
 -8.83584 -13.63720
 -8.84195 -13.61420
 -8.84416 -13.59030
 -8.85778 -13.56780
 -8.97055 -13.50420
 -8.99195 -13.50140
 -9.03723 -13.49860
 -9.10584 -13.49000
 -9.17963 -13.47680
 -9.16723 -13.45750
 -9.15675 -13.40830
 -9.15722 -13.31330
 -9.17913 -13.26610
 -9.19621 -13.24530
 -9.22748 -13.22460
 -9.26141 -13.21820
 -9.29964 -13.19910
 -9.32145 -13.17930
 -9.33771 -13.14240
4037 199 -8.41195 -5.85222 -17.09526 -13.80221 'Uige (Angola)'
 -7.37902 -17.09530
 -7.37945 -17.08670
 -7.38305 -17.06440
 -7.39361 -17.04000
 -7.41028 -17.01750
 -7.43195 -16.99280
 -7.45334 -16.97640
 -7.52611 -16.97500
 -7.54750 -16.97170
 -7.57000 -16.96080
 -7.59139 -16.93560
 -7.59834 -16.91390
 -7.60361 -16.89080
 -7.60305 -16.86670
 -7.59916 -16.84530
 -7.59055 -16.82390
 -7.57500 -16.80140
 -7.55305 -16.77970
 -7.53084 -16.76080
 -7.41916 -16.67860
 -7.36805 -16.66360
 -7.34528 -16.65030
 -7.32834 -16.62780
 -7.32028 -16.60580
 -7.32252 -16.57610
 -7.38861 -16.39670
 -7.43415 -16.34560
 -7.46611 -16.33140
 -7.48972 -16.31560
 -7.53361 -16.28330
 -7.57528 -16.21390
 -7.58445 -16.18940
 -7.58055 -16.16670
 -7.57805 -16.14530
 -7.58195 -16.11440
 -7.61028 -16.05640
 -7.66111 -16.05580
 -7.68528 -16.06170
 -7.70750 -16.07000
 -7.78166 -16.10030
 -7.85222 -16.12140
 -7.90250 -16.13080
 -7.95084 -16.13810
 -7.97416 -16.13610
 -8.09500 -16.10000
 -8.11945 -16.09030
 -8.14028 -16.07440
 -8.16250 -16.05060
 -8.17445 -16.02860
 -8.22584 -15.91220
 -8.22528 -15.88640
 -8.21167 -15.80110
 -8.19212 -15.80290
 -8.14776 -15.80200
 -8.12159 -15.79910
 -8.04819 -15.77200
 -8.00256 -15.71150
 -8.00360 -15.64190
 -8.00916 -15.61960
 -8.03257 -15.59970
 -8.05806 -15.53720
 -8.05554 -15.46540
 -8.00715 -15.45050
 -7.96194 -15.44630
 -7.93405 -15.40800
 -7.93500 -15.30780
 -7.93639 -15.28560
 -7.93945 -15.26420
 -7.94416 -15.24250
 -7.95697 -15.19410
 -8.06876 -15.18630
 -8.08850 -15.22250
 -8.19834 -15.20140
 -8.22834 -15.18420
 -8.24724 -15.16030
 -8.29111 -15.08920
 -8.31513 -15.01140
 -8.30048 -14.98760
 -8.28166 -14.95780
 -8.27765 -14.91440
 -8.31436 -14.87340
 -8.34683 -14.86400
 -8.39513 -14.82050
 -8.41195 -14.77500
 -8.40805 -14.73240
 -8.39861 -14.66170
 -8.30250 -14.63170
 -8.27834 -14.63000
 -8.25111 -14.63310
 -8.22639 -14.63780
 -8.20473 -14.64610
 -8.17834 -14.65940
 -8.15722 -14.67310
 -8.13584 -14.68890
 -8.11222 -14.70780
 -8.08973 -14.71440
 -7.92722 -14.72330
 -7.90139 -14.71830
 -7.88223 -14.69530
 -7.87611 -14.64640
 -7.87889 -14.62280
 -7.88778 -14.59390
 -7.90166 -14.54580
 -7.90722 -14.49780
 -7.90778 -14.47330
 -7.90584 -14.45110
 -7.90028 -14.42720
 -7.85834 -14.33110
 -7.84250 -14.30890
 -7.82195 -14.28780
 -7.79889 -14.26970
 -7.76805 -14.24860
 -7.74555 -14.23110
 -7.63528 -14.12970
 -7.62805 -14.10780
 -7.62445 -13.97140
 -7.62666 -13.90420
 -7.62000 -13.81690
 -7.55639 -13.84010
 -7.54486 -13.87620
 -7.54666 -13.90100
 -7.50721 -13.95300
 -7.48889 -13.96220
 -7.46666 -13.94920
 -7.43916 -13.90640
 -7.35528 -13.85560
 -7.33055 -13.85420
 -7.30945 -13.85920
 -7.28555 -13.87080
 -7.26222 -13.89030
 -7.21750 -13.93110
 -7.19334 -13.93470
 -7.17555 -13.91310
 -7.16472 -13.89110
 -7.14473 -13.86890
 -7.12305 -13.85110
 -6.97452 -13.80220
 -6.96361 -13.85110
 -6.85639 -14.14760
 -6.81535 -14.23260
 -6.77972 -14.24900
 -6.71882 -14.27910
 -6.67979 -14.34340
 -6.64695 -14.50190
 -6.59166 -14.67640
 -6.57868 -14.71150
 -6.54725 -14.78010
 -6.46695 -14.82810
 -6.39602 -14.87620
 -6.35315 -14.91670
 -6.31776 -14.94390
 -6.26802 -14.98070
 -6.23000 -14.92970
 -6.21584 -14.90440
 -6.19389 -14.88720
 -6.16805 -14.88580
 -6.11528 -14.88670
 -6.09389 -14.88310
 -6.06889 -14.87420
 -6.04528 -14.86310
 -6.02305 -14.84970
 -6.00292 -14.83140
 -5.93789 -14.78300
 -5.91408 -14.76840
 -5.89065 -14.76090
 -5.87802 -14.75850
 -5.87250 -14.85110
 -5.86278 -15.07640
 -5.85708 -15.68610
 -5.86972 -15.81260
 -5.86139 -15.92830
 -5.85937 -16.10010
 -5.85639 -16.14310
 -5.85250 -16.21580
 -5.85222 -16.31970
 -5.85305 -16.36830
 -5.87584 -16.51420
 -5.90084 -16.57970
 -5.92166 -16.59610
 -5.98166 -16.60530
 -6.02722 -16.60610
 -6.13687 -16.68530
 -6.16847 -16.71570
 -6.19745 -16.72520
 -6.35500 -16.69360
 -6.40500 -16.68850
 -6.46723 -16.70810
 -6.68166 -16.78280
 -6.79223 -16.83420
 -6.85757 -16.87100
 -6.86389 -16.90310
 -6.89222 -16.93000
 -7.01792 -16.96980
 -7.06764 -16.95790
 -7.11250 -16.93500
 -7.19903 -16.94310
 -7.29736 -16.99460
 -7.33916 -17.06470
 -7.37902 -17.09530
4038 117 -7.79201 -5.83639 -14.98065 -12.24625 'Zaire (Angola)'
 -7.62000 -13.81690
 -7.62819 -13.80760
 -7.67445 -13.72640
 -7.73597 -13.50560
 -7.73861 -13.46250
 -7.71695 -13.42720
 -7.69395 -13.39620
 -7.69834 -13.35470
 -7.71528 -13.30280
 -7.73500 -13.24830
 -7.76800 -13.20460
 -7.78520 -13.15940
 -7.79201 -13.10130
 -7.77473 -13.08780
 -7.75014 -13.07240
 -7.59334 -13.01030
 -7.52666 -12.98440
 -7.43805 -12.95170
 -7.26861 -12.86920
 -7.08723 -12.84190
 -7.01945 -12.83310
 -6.99055 -12.82830
 -6.95028 -12.81780
 -6.76639 -12.66560
 -6.69528 -12.59860
 -6.67055 -12.56760
 -6.65500 -12.54890
 -6.63278 -12.53610
 -6.47361 -12.46190
 -6.25723 -12.36280
 -6.22278 -12.34080
 -6.19528 -12.31330
 -6.13445 -12.26330
 -6.10361 -12.24620
 -6.07764 -12.25660
 -6.06334 -12.28000
 -6.05986 -12.30580
 -6.09750 -12.31440
 -6.07695 -12.40830
 -6.04805 -12.52780
 -6.03611 -12.58000
 -6.01916 -12.72780
 -6.01653 -12.79500
 -6.00695 -12.82650
 -5.97611 -12.89170
 -5.94584 -12.93070
 -5.91889 -12.94530
 -5.89945 -12.95310
 -5.88445 -12.97990
 -5.87847 -13.05930
 -5.89834 -13.09190
 -5.89139 -13.12560
 -5.86385 -13.17260
 -5.85633 -13.17890
 -5.86139 -13.24500
 -5.85445 -13.40530
 -5.84847 -13.45860
 -5.85416 -13.51330
 -5.86479 -13.54100
 -5.86250 -13.75970
 -5.84084 -13.93860
 -5.83639 -13.97330
 -5.84861 -13.99750
 -5.86639 -14.08030
 -5.88555 -14.24280
 -5.89334 -14.34170
 -5.90805 -14.59640
 -5.88042 -14.71240
 -5.87802 -14.75850
 -5.89065 -14.76090
 -5.91408 -14.76840
 -5.93789 -14.78300
 -6.00292 -14.83140
 -6.02305 -14.84970
 -6.04528 -14.86310
 -6.06889 -14.87420
 -6.09389 -14.88310
 -6.11528 -14.88670
 -6.16805 -14.88580
 -6.19389 -14.88720
 -6.21584 -14.90440
 -6.23000 -14.92970
 -6.26802 -14.98070
 -6.31776 -14.94390
 -6.35315 -14.91670
 -6.39602 -14.87620
 -6.46695 -14.82810
 -6.54725 -14.78010
 -6.57868 -14.71150
 -6.59166 -14.67640
 -6.64695 -14.50190
 -6.67979 -14.34340
 -6.71882 -14.27910
 -6.77972 -14.24900
 -6.81535 -14.23260
 -6.85639 -14.14760
 -6.96361 -13.85110
 -6.97452 -13.80220
 -7.12305 -13.85110
 -7.14473 -13.86890
 -7.16472 -13.89110
 -7.17555 -13.91310
 -7.19334 -13.93470
 -7.21750 -13.93110
 -7.26222 -13.89030
 -7.28555 -13.87080
 -7.30945 -13.85920
 -7.33055 -13.85420
 -7.35528 -13.85560
 -7.43916 -13.90640
 -7.46666 -13.94920
 -7.48889 -13.96220
 -7.50721 -13.95300
 -7.54666 -13.90100
 -7.54486 -13.87620
 -7.55639 -13.84010
 -7.62000 -13.81690
4042 62 -5.76855 -4.38899 -13.09264 -12.01847 'Cabinda (Angola)'
 -4.63305 -13.09140
 -4.64611 -13.09260
 -4.66986 -13.07760
 -4.66847 -13.04220
 -4.71514 -12.85670
 -4.73750 -12.82060
 -4.87805 -12.71220
 -4.90743 -12.70950
 -4.99805 -12.60690
 -5.02181 -12.57220
 -5.11584 -12.53220
 -5.27361 -12.53530
 -5.72416 -12.52670
 -5.72528 -12.48500
 -5.73055 -12.36720
 -5.73666 -12.27460
 -5.75507 -12.22990
 -5.76855 -12.21460
 -5.71416 -12.17610
 -5.67743 -12.15480
 -5.61458 -12.15280
 -5.58139 -12.16210
 -5.53847 -12.18260
 -5.52882 -12.22540
 -5.50153 -12.23260
 -5.47695 -12.22860
 -5.32334 -12.17610
 -5.29389 -12.16390
 -5.22834 -12.13060
 -5.14639 -12.08360
 -5.12250 -12.06640
 -5.08889 -12.04530
 -5.03986 -12.01850
 -5.01500 -12.02610
 -4.89584 -12.16640
 -4.85473 -12.17920
 -4.82722 -12.18640
 -4.75993 -12.21510
 -4.78750 -12.26610
 -4.78945 -12.29500
 -4.78708 -12.33150
 -4.71236 -12.38120
 -4.66507 -12.39560
 -4.63410 -12.38850
 -4.60945 -12.40080
 -4.59223 -12.46280
 -4.55715 -12.64430
 -4.52889 -12.66120
 -4.47958 -12.69150
 -4.41916 -12.74220
 -4.39389 -12.76530
 -4.38899 -12.77900
 -4.39958 -12.86970
 -4.41736 -12.89710
 -4.43708 -12.90120
 -4.45778 -12.90430
 -4.47584 -12.91390
 -4.58514 -13.01870
 -4.60445 -13.03810
 -4.61861 -13.05510
 -4.62971 -13.07780
 -4.63305 -13.09140
4051 258 -14.31165 -10.56977 -19.24583 -15.74805 'Bie (Angola)'
 -11.45620 -19.18850
 -11.45880 -19.16760
 -11.53580 -19.09440
 -11.55690 -19.08440
 -11.57830 -19.08060
 -11.60110 -19.08170
 -11.62250 -19.08060
 -11.64440 -19.07750
 -11.66640 -19.06890
 -11.68810 -19.04670
 -11.74280 -18.98080
 -11.77720 -18.92110
 -11.80030 -18.90470
 -11.90330 -18.84780
 -11.92720 -18.83830
 -11.95360 -18.84220
 -11.97920 -18.86080
 -12.00220 -18.87170
 -12.03920 -18.86920
 -12.06440 -18.84970
 -12.10860 -18.80620
 -12.12750 -18.77330
 -12.14810 -18.75190
 -12.17950 -18.72080
 -12.20280 -18.71830
 -12.22170 -18.73970
 -12.24780 -18.73310
 -12.26890 -18.71530
 -12.29720 -18.63670
 -12.35580 -18.53940
 -12.45000 -18.43640
 -12.47080 -18.41640
 -12.49640 -18.41670
 -12.51830 -18.42470
 -12.54170 -18.41810
 -12.73940 -18.30780
 -12.83580 -18.18500
 -12.93030 -18.18560
 -12.95170 -18.18890
 -12.97420 -18.18000
 -13.04670 -18.12360
 -13.06000 -18.10080
 -13.15060 -18.02860
 -13.17330 -18.04170
 -13.19560 -18.05690
 -13.21830 -18.07000
 -13.24140 -18.08080
 -13.26280 -18.08610
 -13.28810 -18.08640
 -13.30940 -18.07970
 -13.31720 -18.05560
 -13.33690 -18.00080
 -13.35170 -17.97860
 -13.37060 -17.95640
 -13.39420 -17.93420
 -13.57250 -17.95310
 -13.60830 -17.94310
 -13.65190 -17.92830
 -13.67220 -17.90390
 -13.68500 -17.85560
 -13.68670 -17.83000
 -13.76140 -17.81030
 -13.86200 -17.81000
 -13.90890 -17.77300
 -13.94860 -17.72220
 -13.98360 -17.66030
 -13.99620 -17.63800
 -14.01270 -17.54810
 -14.00830 -17.51290
 -14.01700 -17.48180
 -14.11730 -17.39670
 -14.21900 -17.34520
 -14.31160 -17.31330
 -14.31140 -17.28440
 -14.29810 -17.23640
 -14.28530 -17.21190
 -14.22280 -17.11060
 -14.16780 -17.03500
 -14.14500 -17.02970
 -14.09530 -17.02220
 -14.06830 -17.01360
 -14.02390 -16.98330
 -14.00000 -16.96140
 -13.98720 -16.93390
 -13.98310 -16.90360
 -14.01530 -16.85420
 -14.03330 -16.82970
 -14.02440 -16.80640
 -14.00970 -16.78330
 -13.97780 -16.73810
 -13.96690 -16.71280
 -13.97420 -16.69000
 -13.98580 -16.66640
 -14.00110 -16.63970
 -14.00780 -16.61690
 -14.00670 -16.57080
 -14.01060 -16.47330
 -13.95420 -16.47920
 -13.87330 -16.48360
 -13.84150 -16.47500
 -13.81040 -16.47220
 -13.76640 -16.49190
 -13.65560 -16.52140
 -13.54170 -16.53420
 -13.50410 -16.53320
 -13.47560 -16.52830
 -13.45420 -16.52170
 -13.41100 -16.51620
 -13.35640 -16.52540
 -13.27480 -16.53890
 -13.22080 -16.54060
 -13.15830 -16.54030
 -13.01110 -16.51330
 -12.88530 -16.50940
 -12.75120 -16.50610
 -12.74470 -16.48440
 -12.73890 -16.45920
 -12.70080 -16.38670
 -12.68780 -16.36530
 -12.60830 -16.31280
 -12.58390 -16.30140
 -12.53780 -16.29890
 -12.52190 -16.32310
 -12.51140 -16.34750
 -12.49140 -16.37170
 -12.46810 -16.37860
 -12.38440 -16.38970
 -12.36080 -16.38170
 -12.33660 -16.35530
 -12.28310 -16.33680
 -12.26110 -16.34190
 -12.24000 -16.35890
 -12.22530 -16.38260
 -12.21110 -16.41000
 -12.15560 -16.47970
 -12.12310 -16.50220
 -11.97330 -16.57960
 -11.94230 -16.58250
 -11.90780 -16.57610
 -11.74740 -16.46140
 -11.69030 -16.38860
 -11.66400 -16.35010
 -11.61690 -16.31700
 -11.57370 -16.30800
 -11.53560 -16.30000
 -11.48440 -16.28860
 -11.46890 -16.17360
 -11.46500 -16.00940
 -11.48060 -15.98670
 -11.49470 -15.89030
 -11.47780 -15.81690
 -11.44390 -15.74810
 -11.39640 -15.77330
 -11.37390 -15.78420
 -11.34860 -15.79190
 -11.23110 -15.82500
 -11.13220 -15.89330
 -11.11060 -15.90580
 -11.08530 -15.91690
 -11.06190 -15.92310
 -11.03940 -15.92780
 -10.99610 -15.93440
 -10.97420 -15.93690
 -10.94690 -15.95110
 -10.96000 -15.97250
 -10.97920 -15.99720
 -10.99560 -16.02000
 -11.00940 -16.18580
 -11.00170 -16.20920
 -10.92580 -16.25500
 -10.90470 -16.26670
 -10.87940 -16.27920
 -10.85690 -16.29580
 -10.83610 -16.31440
 -10.81670 -16.34140
 -10.80500 -16.36780
 -10.79580 -16.39170
 -10.78420 -16.41720
 -10.77140 -16.44140
 -10.75610 -16.46560
 -10.67540 -16.55750
 -10.62740 -16.58930
 -10.56980 -16.60350
 -10.64140 -16.61700
 -10.68440 -16.66160
 -10.76750 -16.77740
 -10.77520 -16.81390
 -10.76270 -16.86330
 -10.76150 -16.90620
 -10.76720 -16.93530
 -10.77440 -16.97030
 -10.78320 -16.99720
 -10.81970 -17.10470
 -10.86250 -17.28470
 -10.92260 -17.35930
 -10.94050 -17.37580
 -11.09240 -17.44650
 -11.11620 -17.45350
 -11.17320 -17.44550
 -11.23800 -17.41850
 -11.35440 -17.49220
 -11.44740 -17.49350
 -11.55760 -17.47740
 -11.69080 -17.49670
 -11.71560 -17.56470
 -11.72250 -17.60470
 -11.71750 -17.64890
 -11.66110 -17.72170
 -11.53670 -17.84190
 -11.50720 -17.84860
 -11.42810 -17.84310
 -11.40440 -17.83860
 -11.36410 -17.83110
 -11.40470 -17.87940
 -11.45140 -17.90160
 -11.48770 -17.90110
 -11.50850 -17.90290
 -11.52330 -17.91740
 -11.55430 -18.15850
 -11.54500 -18.40690
 -11.53920 -18.42890
 -11.52220 -18.45080
 -11.49780 -18.46940
 -11.45500 -18.51080
 -11.43860 -18.53280
 -11.41140 -18.58940
 -11.40000 -18.61690
 -11.38140 -18.66560
 -11.37310 -18.69390
 -11.36190 -18.74440
 -11.36080 -18.76780
 -11.36530 -18.78940
 -11.37580 -18.81170
 -11.37140 -18.83500
 -11.35030 -18.84580
 -11.28630 -18.83010
 -11.26780 -18.81390
 -11.24260 -18.77620
 -11.04690 -18.75140
 -10.97150 -18.76560
 -11.01030 -18.84220
 -11.03860 -18.89220
 -11.11170 -19.00890
 -11.13470 -19.03170
 -11.17970 -19.06560
 -11.20360 -19.08830
 -11.21000 -19.11420
 -11.21310 -19.14000
 -11.21420 -19.16190
 -11.21220 -19.18580
 -11.22440 -19.21080
 -11.27140 -19.24170
 -11.29360 -19.24580
 -11.31670 -19.22360
 -11.34250 -19.21000
 -11.39330 -19.19390
 -11.41530 -19.19000
 -11.45620 -19.18850
4052 165 -13.87432 -11.74876 -15.09910 -12.51271 'Benguela (Angola)'
 -13.84690 -13.56470
 -13.84830 -13.56250
 -13.85310 -13.53610
 -13.84250 -13.40060
 -13.82750 -13.37640
 -13.71110 -13.30390
 -13.68640 -13.28890
 -13.66500 -13.28190
 -13.64170 -13.28640
 -13.59500 -13.30920
 -13.57140 -13.30280
 -13.55920 -13.28060
 -13.53970 -13.21250
 -13.51250 -13.09110
 -13.51640 -13.06640
 -13.53920 -13.06110
 -13.56190 -13.04920
 -13.62140 -12.88810
 -13.61250 -12.86640
 -13.59030 -12.84440
 -13.57530 -12.82220
 -13.55220 -12.72640
 -13.54640 -12.70110
 -13.52830 -12.60890
 -13.53080 -12.58640
 -13.54670 -12.56170
 -13.56790 -12.53200
 -13.55290 -12.52310
 -13.42440 -12.51270
 -13.40030 -12.54000
 -13.19250 -12.76670
 -13.08580 -12.86250
 -12.99420 -12.93830
 -12.94800 -12.96190
 -12.92670 -12.95110
 -12.85670 -12.92710
 -12.82680 -12.93240
 -12.78440 -12.97000
 -12.65560 -13.12530
 -12.60960 -13.19810
 -12.61310 -13.23000
 -12.60350 -13.35440
 -12.59000 -13.37580
 -12.50860 -13.45920
 -12.48400 -13.47250
 -12.45670 -13.47370
 -12.43470 -13.47330
 -12.40560 -13.48580
 -12.37220 -13.50810
 -12.35070 -13.52530
 -12.32310 -13.55670
 -12.31240 -13.57600
 -12.16970 -13.66250
 -11.93610 -13.76420
 -11.79470 -13.79210
 -11.75890 -13.79440
 -11.74880 -13.79290
 -11.76580 -13.84060
 -11.79280 -13.96330
 -11.78670 -13.98610
 -11.77560 -14.00940
 -11.77080 -14.03280
 -11.78170 -14.08250
 -11.80330 -14.09080
 -11.87860 -14.09690
 -11.90030 -14.11250
 -12.00170 -14.23610
 -11.99140 -14.26250
 -11.98030 -14.28670
 -11.95810 -14.30560
 -11.91000 -14.32890
 -11.88830 -14.34360
 -11.87310 -14.36580
 -11.84220 -14.41390
 -11.83330 -14.43810
 -11.82690 -14.46420
 -11.83110 -14.48720
 -11.85310 -14.51060
 -11.87640 -14.53170
 -11.94670 -14.58720
 -11.97140 -14.60420
 -11.99360 -14.61750
 -12.06470 -14.65140
 -12.09060 -14.66470
 -12.09750 -14.68860
 -12.10220 -14.76030
 -12.09580 -14.78360
 -12.07860 -14.80720
 -12.07860 -14.83060
 -12.08890 -14.85470
 -12.13470 -14.94780
 -12.14970 -14.96920
 -12.19670 -14.97500
 -12.20190 -14.99670
 -12.20610 -15.02110
 -12.21080 -15.02030
 -12.31110 -15.01610
 -12.33580 -15.01640
 -12.35810 -15.01780
 -12.37940 -15.02420
 -12.40310 -15.03420
 -12.42560 -15.04610
 -12.45190 -15.05670
 -12.51610 -15.06920
 -12.54250 -15.05080
 -12.54750 -15.00190
 -12.55420 -14.97500
 -12.56330 -14.95170
 -12.57640 -14.92440
 -12.66080 -14.81780
 -12.68310 -14.79250
 -12.77890 -14.80250
 -12.89940 -14.84140
 -12.92250 -14.85360
 -12.97080 -14.88250
 -12.99530 -14.90310
 -13.01890 -14.91360
 -13.08940 -14.92780
 -13.11580 -14.93080
 -13.16080 -14.91530
 -13.18720 -14.90470
 -13.23470 -14.92940
 -13.28690 -14.95690
 -13.31170 -14.97830
 -13.38610 -15.06810
 -13.39880 -15.09910
 -13.45970 -15.09640
 -13.49050 -15.08800
 -13.48890 -15.07890
 -13.49030 -15.05110
 -13.50640 -14.91220
 -13.52780 -14.88250
 -13.55060 -14.86290
 -13.59310 -14.82640
 -13.61750 -14.79940
 -13.62670 -14.77720
 -13.65280 -14.70000
 -13.66030 -14.67440
 -13.66530 -14.65080
 -13.63440 -14.57690
 -13.62500 -14.55860
 -13.60610 -14.52250
 -13.60060 -14.50080
 -13.61440 -14.47610
 -13.69110 -14.44220
 -13.81190 -14.38610
 -13.83890 -14.37330
 -13.86330 -14.35780
 -13.87030 -14.33560
 -13.87430 -14.30520
 -13.87110 -14.23940
 -13.85500 -14.03940
 -13.84610 -14.01720
 -13.83310 -13.99420
 -13.82420 -13.97110
 -13.81970 -13.94080
 -13.82390 -13.91670
 -13.85420 -13.86830
 -13.85420 -13.84560
 -13.83890 -13.75110
 -13.82530 -13.72830
 -13.80250 -13.70560
 -13.80030 -13.68220
 -13.80670 -13.65940
 -13.84690 -13.56470
4053 251 -18.01639 -13.57250 -23.47611 -16.47332 'Cuando Cubango (Angola)'
 -16.17170 -22.00010
 -16.18330 -22.01440
 -16.23410 -22.06720
 -16.32250 -22.11190
 -16.34880 -22.12390
 -16.38210 -22.13150
 -16.48590 -22.13510
 -16.54110 -22.18830
 -16.56170 -22.21780
 -16.61220 -22.29330
 -16.78090 -22.49390
 -17.04140 -22.73060
 -17.07000 -22.76250
 -17.33190 -23.06500
 -17.47970 -23.20170
 -17.61580 -23.45440
 -17.62580 -23.47610
 -17.66110 -23.28920
 -17.66250 -23.28470
 -17.71690 -22.99640
 -17.73330 -22.91000
 -17.73940 -22.88110
 -17.79890 -22.56420
 -17.85000 -22.29030
 -17.94730 -21.75540
 -18.01490 -21.37940
 -17.95640 -21.26330
 -17.93890 -21.23690
 -17.93150 -21.16590
 -17.93440 -21.13860
 -17.95330 -21.02140
 -17.96830 -20.95330
 -17.99440 -20.88970
 -18.01640 -20.85420
 -18.01020 -20.78160
 -17.99610 -20.75190
 -17.97850 -20.63850
 -17.98140 -20.59560
 -17.98310 -20.55370
 -17.94190 -20.49260
 -17.90190 -20.44520
 -17.85720 -20.32130
 -17.86130 -20.27080
 -17.88010 -20.24470
 -17.89440 -20.12890
 -17.89640 -20.09890
 -17.89080 -20.01690
 -17.88010 -19.97130
 -17.86330 -19.94620
 -17.85720 -19.92060
 -17.85810 -19.81860
 -17.86380 -19.79790
 -17.87060 -19.70140
 -17.86750 -19.55920
 -17.86280 -19.44580
 -17.86110 -19.41330
 -17.84390 -19.33720
 -17.82500 -19.29870
 -17.80630 -19.24560
 -17.80110 -19.17530
 -17.80440 -19.13360
 -17.81940 -19.11680
 -17.82780 -19.05580
 -17.83000 -19.02580
 -17.82600 -18.98390
 -17.81640 -18.91940
 -17.76890 -18.80430
 -17.74530 -18.75370
 -17.64810 -18.64190
 -17.57220 -18.57830
 -17.47280 -18.51330
 -17.38980 -18.45150
 -17.38690 -18.39000
 -17.38720 -18.18890
 -17.38690 -18.11720
 -17.38620 -18.00050
 -17.38890 -17.73390
 -17.39080 -17.56170
 -17.39190 -17.51060
 -17.39220 -17.27880
 -17.24580 -17.30280
 -16.99110 -17.22030
 -16.87810 -17.22060
 -16.75110 -17.23250
 -16.70780 -17.25970
 -16.66440 -17.28190
 -16.64250 -17.29110
 -16.61530 -17.29810
 -16.56200 -17.30810
 -16.54390 -17.31670
 -16.52030 -17.33560
 -16.49860 -17.36390
 -16.47720 -17.38580
 -16.45220 -17.39560
 -16.40170 -17.41080
 -16.37720 -17.41610
 -16.35250 -17.41890
 -16.27640 -17.41890
 -16.23060 -17.41470
 -16.15560 -17.39640
 -16.12940 -17.39110
 -16.10060 -17.38580
 -16.06830 -17.38360
 -16.01750 -17.38610
 -15.96750 -17.38860
 -15.94030 -17.38970
 -15.91060 -17.38750
 -15.88920 -17.37860
 -15.86560 -17.36470
 -15.84420 -17.34310
 -15.78470 -17.28530
 -15.69250 -17.22580
 -15.58110 -17.17250
 -15.55890 -17.16360
 -15.55310 -17.14110
 -15.54830 -17.11830
 -15.54110 -17.09280
 -15.51810 -17.07190
 -15.47060 -17.06080
 -15.45030 -17.05440
 -15.42580 -17.00440
 -15.41770 -16.96650
 -15.32530 -16.87330
 -15.21860 -16.77940
 -15.16180 -16.74400
 -15.13730 -16.71960
 -15.11750 -16.70580
 -15.09490 -16.69430
 -14.96270 -16.65180
 -14.93470 -16.64990
 -14.90230 -16.65670
 -14.87750 -16.65870
 -14.82360 -16.64500
 -14.75660 -16.61960
 -14.70920 -16.57230
 -14.64360 -16.50700
 -14.38060 -16.48280
 -14.24450 -16.47960
 -14.15060 -16.49830
 -14.03380 -16.48490
 -14.01060 -16.47330
 -14.00670 -16.57080
 -14.00780 -16.61690
 -14.00110 -16.63970
 -13.98580 -16.66640
 -13.97420 -16.69000
 -13.96690 -16.71280
 -13.97780 -16.73810
 -14.00970 -16.78330
 -14.02440 -16.80640
 -14.03330 -16.82970
 -14.01530 -16.85420
 -13.98310 -16.90360
 -13.98720 -16.93390
 -14.00000 -16.96140
 -14.02390 -16.98330
 -14.06830 -17.01360
 -14.09530 -17.02220
 -14.14500 -17.02970
 -14.16780 -17.03500
 -14.22280 -17.11060
 -14.28530 -17.21190
 -14.29810 -17.23640
 -14.31140 -17.28440
 -14.31160 -17.31330
 -14.21900 -17.34520
 -14.11730 -17.39670
 -14.01700 -17.48180
 -14.00830 -17.51290
 -14.01270 -17.54810
 -13.99620 -17.63800
 -13.98360 -17.66030
 -13.94860 -17.72220
 -13.90890 -17.77300
 -13.86200 -17.81000
 -13.76140 -17.81030
 -13.68670 -17.83000
 -13.68500 -17.85560
 -13.67220 -17.90390
 -13.65190 -17.92830
 -13.60830 -17.94310
 -13.57250 -17.95310
 -13.58280 -17.98470
 -13.60920 -18.03640
 -13.62110 -18.05810
 -13.66560 -18.13170
 -13.72190 -18.22920
 -13.72310 -18.25250
 -13.71810 -18.27500
 -13.71080 -18.29780
 -13.70830 -18.31970
 -13.71610 -18.34170
 -13.79890 -18.55390
 -13.86410 -18.64840
 -13.92500 -18.71030
 -13.95750 -18.73310
 -14.06100 -18.78850
 -14.10610 -18.78730
 -14.22280 -18.80280
 -14.26550 -18.82350
 -14.35270 -18.87310
 -14.38310 -18.90220
 -14.40360 -18.93190
 -14.39470 -18.96670
 -14.38610 -18.98890
 -14.37560 -19.01170
 -14.36420 -19.04080
 -14.36250 -19.06440
 -14.37220 -19.08830
 -14.39420 -19.13330
 -14.34330 -19.17720
 -14.31970 -19.17190
 -14.27720 -19.17030
 -14.24890 -19.22390
 -14.24170 -19.24580
 -14.25030 -19.26920
 -14.27250 -19.29080
 -14.28640 -19.31330
 -14.29170 -19.33750
 -14.30060 -19.41440
 -14.28530 -19.50330
 -14.28090 -19.53280
 -14.38550 -19.61620
 -14.47000 -19.66030
 -14.49720 -19.67390
 -14.54330 -19.68960
 -14.61720 -19.77580
 -14.70420 -19.86580
 -14.77330 -19.92940
 -14.90390 -20.08220
 -14.93960 -20.15120
 -14.98700 -20.26310
 -14.97940 -20.56750
 -14.96890 -20.60920
 -14.95720 -20.66940
 -14.98220 -20.84250
 -15.07500 -21.02530
 -15.22000 -21.16280
 -15.34640 -21.28860
 -15.36750 -21.31000
 -15.40000 -21.37280
 -15.40380 -21.40640
 -15.43000 -21.44190
 -15.62750 -21.54830
 -15.77540 -21.60990
 -15.80940 -21.64570
 -15.85080 -21.70670
 -15.97440 -21.78420
 -16.10260 -21.89830
 -16.13720 -21.95580
 -16.17170 -22.00010
4054 158 -17.43000 -15.14500 -17.41889 -13.13500 'Cunene (Angola)'
 -17.42390 -13.99320
 -17.40110 -13.92890
 -17.32360 -13.84140
 -17.24140 -13.69780
 -17.21890 -13.66070
 -17.08760 -13.52800
 -17.02560 -13.49430
 -17.01080 -13.47210
 -16.97090 -13.37600
 -16.97070 -13.34630
 -16.96610 -13.34720
 -16.94360 -13.34280
 -16.92140 -13.33640
 -16.89720 -13.32440
 -16.87250 -13.30890
 -16.84500 -13.28250
 -16.77860 -13.20970
 -16.73330 -13.16330
 -16.70860 -13.14280
 -16.68440 -13.13500
 -16.66190 -13.14280
 -16.63970 -13.15500
 -16.61810 -13.17810
 -16.61530 -13.20080
 -16.59890 -13.22580
 -16.57560 -13.24440
 -16.54920 -13.26170
 -16.52670 -13.25690
 -16.50420 -13.24250
 -16.42030 -13.26670
 -16.29810 -13.43080
 -16.24830 -13.48080
 -16.27280 -13.51610
 -16.29470 -13.53940
 -16.31860 -13.55670
 -16.34330 -13.57940
 -16.36740 -13.61720
 -16.35750 -13.67110
 -16.32500 -13.74420
 -16.30360 -13.77190
 -16.25890 -13.80830
 -16.21190 -13.84190
 -16.16560 -13.87140
 -16.14140 -13.89500
 -16.13640 -13.92580
 -16.14860 -13.94890
 -16.19330 -13.98470
 -16.20360 -14.00640
 -16.20080 -14.02860
 -16.17970 -14.05640
 -16.13390 -14.08280
 -16.11250 -14.10420
 -16.11000 -14.13000
 -16.09500 -14.21170
 -16.08610 -14.23690
 -16.02280 -14.34940
 -16.00640 -14.37360
 -15.84860 -14.52440
 -15.85530 -14.66610
 -15.86810 -14.73690
 -15.87750 -14.78310
 -15.91440 -14.93030
 -15.92170 -14.95280
 -15.93110 -14.97530
 -15.97560 -15.01970
 -15.99780 -15.02830
 -16.04250 -15.03940
 -16.06030 -15.11080
 -16.06560 -15.13640
 -16.06190 -15.15940
 -15.95030 -15.23940
 -15.92940 -15.25360
 -15.90830 -15.26330
 -15.86220 -15.28250
 -15.76860 -15.32420
 -15.54170 -15.46890
 -15.48490 -15.53950
 -15.43610 -15.61330
 -15.38860 -15.71780
 -15.38890 -15.73970
 -15.39060 -15.84220
 -15.40610 -15.91640
 -15.41420 -16.03580
 -15.40250 -16.21330
 -15.38500 -16.23720
 -15.36280 -16.25140
 -15.31420 -16.28940
 -15.22390 -16.36890
 -15.20060 -16.39220
 -15.18860 -16.41530
 -15.15310 -16.51500
 -15.14530 -16.53720
 -15.14500 -16.55920
 -15.15830 -16.60720
 -15.16220 -16.63280
 -15.16330 -16.68170
 -15.16180 -16.74400
 -15.21860 -16.77940
 -15.32530 -16.87330
 -15.41770 -16.96650
 -15.42580 -17.00440
 -15.45030 -17.05440
 -15.47060 -17.06080
 -15.51810 -17.07190
 -15.54110 -17.09280
 -15.54830 -17.11830
 -15.55310 -17.14110
 -15.55890 -17.16360
 -15.58110 -17.17250
 -15.69250 -17.22580
 -15.78470 -17.28530
 -15.84420 -17.34310
 -15.86560 -17.36470
 -15.88920 -17.37860
 -15.91060 -17.38750
 -15.94030 -17.38970
 -15.96750 -17.38860
 -16.01750 -17.38610
 -16.06830 -17.38360
 -16.10060 -17.38580
 -16.12940 -17.39110
 -16.15560 -17.39640
 -16.23060 -17.41470
 -16.27640 -17.41890
 -16.35250 -17.41890
 -16.37720 -17.41610
 -16.40170 -17.41080
 -16.45220 -17.39560
 -16.47720 -17.38580
 -16.49860 -17.36390
 -16.52030 -17.33560
 -16.54390 -17.31670
 -16.56200 -17.30810
 -16.61530 -17.29810
 -16.64250 -17.29110
 -16.66440 -17.28190
 -16.70780 -17.25970
 -16.75110 -17.23250
 -16.87810 -17.22060
 -16.99110 -17.22030
 -17.24580 -17.30280
 -17.39220 -17.27880
 -17.39080 -16.60610
 -17.38670 -16.00330
 -17.38670 -15.95670
 -17.38920 -15.58310
 -17.38940 -15.49690
 -17.38970 -14.99390
 -17.38830 -14.63470
 -17.38750 -14.44810
 -17.38720 -14.36170
 -17.38690 -14.21810
 -17.41140 -14.19470
 -17.42110 -14.17140
 -17.43000 -14.08290
 -17.41940 -14.05110
 -17.41090 -14.01670
 -17.42390 -13.99320
4055 143 -13.76667 -11.44389 -16.58251 -14.79250 'Huambo (Angola)'
 -13.49050 -15.08800
 -13.45970 -15.09640
 -13.39880 -15.09910
 -13.38610 -15.06810
 -13.31170 -14.97830
 -13.28690 -14.95690
 -13.23470 -14.92940
 -13.18720 -14.90470
 -13.16080 -14.91530
 -13.11580 -14.93080
 -13.08940 -14.92780
 -13.01890 -14.91360
 -12.99530 -14.90310
 -12.97080 -14.88250
 -12.92250 -14.85360
 -12.89940 -14.84140
 -12.77890 -14.80250
 -12.68310 -14.79250
 -12.66080 -14.81780
 -12.57640 -14.92440
 -12.56330 -14.95170
 -12.55420 -14.97500
 -12.54750 -15.00190
 -12.54250 -15.05080
 -12.51610 -15.06920
 -12.45190 -15.05670
 -12.42560 -15.04610
 -12.40310 -15.03420
 -12.37940 -15.02420
 -12.35810 -15.01780
 -12.33580 -15.01640
 -12.31110 -15.01610
 -12.21080 -15.02030
 -12.20610 -15.02110
 -12.10810 -15.05920
 -12.08500 -15.07030
 -12.06140 -15.08860
 -12.04390 -15.11220
 -12.03750 -15.14970
 -12.03670 -15.17360
 -12.01580 -15.24940
 -11.95280 -15.37000
 -11.76380 -15.40260
 -11.72390 -15.37890
 -11.66650 -15.35250
 -11.60830 -15.35280
 -11.58720 -15.35920
 -11.55310 -15.40280
 -11.50780 -15.52110
 -11.50110 -15.54580
 -11.48690 -15.64330
 -11.47750 -15.71080
 -11.46750 -15.73420
 -11.44390 -15.74810
 -11.47780 -15.81690
 -11.49470 -15.89030
 -11.48060 -15.98670
 -11.46500 -16.00940
 -11.46890 -16.17360
 -11.48440 -16.28860
 -11.53560 -16.30000
 -11.57370 -16.30800
 -11.61690 -16.31700
 -11.66400 -16.35010
 -11.69030 -16.38860
 -11.74740 -16.46140
 -11.90780 -16.57610
 -11.94230 -16.58250
 -11.97330 -16.57960
 -12.12310 -16.50220
 -12.15560 -16.47970
 -12.21110 -16.41000
 -12.22530 -16.38260
 -12.24000 -16.35890
 -12.26110 -16.34190
 -12.28310 -16.33680
 -12.33660 -16.35530
 -12.36080 -16.38170
 -12.38440 -16.38970
 -12.46810 -16.37860
 -12.49140 -16.37170
 -12.51140 -16.34750
 -12.52190 -16.32310
 -12.53780 -16.29890
 -12.58390 -16.30140
 -12.60830 -16.31280
 -12.68780 -16.36530
 -12.70080 -16.38670
 -12.73890 -16.45920
 -12.74470 -16.48440
 -12.75120 -16.50610
 -12.88530 -16.50940
 -13.01110 -16.51330
 -13.15830 -16.54030
 -13.22080 -16.54060
 -13.27480 -16.53890
 -13.35640 -16.52540
 -13.36190 -16.49970
 -13.37060 -16.45140
 -13.35970 -16.42890
 -13.34940 -16.40440
 -13.33220 -16.27000
 -13.33580 -16.24530
 -13.34280 -16.21670
 -13.36360 -16.19220
 -13.38780 -16.17330
 -13.41280 -16.15720
 -13.43230 -16.14710
 -13.44250 -16.12190
 -13.45030 -16.07440
 -13.44140 -16.04920
 -13.41970 -16.02780
 -13.39580 -16.00640
 -13.39030 -15.98170
 -13.39330 -15.95970
 -13.41060 -15.93750
 -13.52670 -15.83360
 -13.61750 -15.75420
 -13.72080 -15.62220
 -13.75970 -15.55060
 -13.76670 -15.52420
 -13.76280 -15.50220
 -13.73720 -15.50220
 -13.71060 -15.50500
 -13.66390 -15.50690
 -13.63560 -15.50190
 -13.63360 -15.45610
 -13.63530 -15.43280
 -13.63940 -15.40920
 -13.63060 -15.38470
 -13.60890 -15.37250
 -13.58470 -15.36830
 -13.56000 -15.37110
 -13.53750 -15.37030
 -13.48780 -15.36580
 -13.46310 -15.36220
 -13.44000 -15.35220
 -13.41560 -15.34000
 -13.39330 -15.32080
 -13.38360 -15.29860
 -13.40330 -15.19970
 -13.42000 -15.15470
 -13.49050 -15.08800
4056 244 -16.36743 -13.33223 -16.74404 -13.20889 'Huila (Angola)'
 -15.16180 -16.74400
 -15.16330 -16.68170
 -15.16220 -16.63280
 -15.15830 -16.60720
 -15.14500 -16.55920
 -15.14530 -16.53720
 -15.15310 -16.51500
 -15.18860 -16.41530
 -15.20060 -16.39220
 -15.22390 -16.36890
 -15.31420 -16.28940
 -15.36280 -16.25140
 -15.38500 -16.23720
 -15.40250 -16.21330
 -15.41420 -16.03580
 -15.40610 -15.91640
 -15.39060 -15.84220
 -15.38890 -15.73970
 -15.38860 -15.71780
 -15.43610 -15.61330
 -15.48490 -15.53950
 -15.54170 -15.46890
 -15.76860 -15.32420
 -15.86220 -15.28250
 -15.90830 -15.26330
 -15.92940 -15.25360
 -15.95030 -15.23940
 -16.06190 -15.15940
 -16.06560 -15.13640
 -16.06030 -15.11080
 -16.04250 -15.03940
 -15.99780 -15.02830
 -15.97560 -15.01970
 -15.93110 -14.97530
 -15.92170 -14.95280
 -15.91440 -14.93030
 -15.87750 -14.78310
 -15.86810 -14.73690
 -15.85530 -14.66610
 -15.84860 -14.52440
 -16.00640 -14.37360
 -16.02280 -14.34940
 -16.08610 -14.23690
 -16.09500 -14.21170
 -16.11000 -14.13000
 -16.11250 -14.10420
 -16.13390 -14.08280
 -16.17970 -14.05640
 -16.20080 -14.02860
 -16.20360 -14.00640
 -16.19330 -13.98470
 -16.14860 -13.94890
 -16.13640 -13.92580
 -16.14140 -13.89500
 -16.16560 -13.87140
 -16.21190 -13.84190
 -16.25890 -13.80830
 -16.30360 -13.77190
 -16.32500 -13.74420
 -16.35750 -13.67110
 -16.36740 -13.61720
 -16.34330 -13.57940
 -16.31860 -13.55670
 -16.29470 -13.53940
 -16.27280 -13.51610
 -16.24830 -13.48080
 -16.23340 -13.50730
 -16.19190 -13.53810
 -16.17060 -13.53940
 -16.12390 -13.51080
 -16.09890 -13.49890
 -16.07580 -13.48970
 -16.05390 -13.48890
 -16.02940 -13.49610
 -15.98420 -13.51560
 -15.96250 -13.52610
 -15.94030 -13.53970
 -15.89470 -13.56970
 -15.82720 -13.60420
 -15.80420 -13.59060
 -15.78030 -13.57140
 -15.75560 -13.55580
 -15.73360 -13.55080
 -15.65810 -13.55060
 -15.61250 -13.55610
 -15.58500 -13.55720
 -15.49440 -13.55670
 -15.48190 -13.53060
 -15.47690 -13.50580
 -15.46670 -13.48060
 -15.43030 -13.43280
 -15.40780 -13.41780
 -15.38420 -13.42690
 -15.35940 -13.43080
 -15.33530 -13.42580
 -15.31360 -13.41530
 -15.30720 -13.38750
 -15.29560 -13.31470
 -15.27030 -13.23360
 -15.25030 -13.21080
 -15.22690 -13.20890
 -15.20860 -13.23500
 -15.19580 -13.26540
 -15.18530 -13.28360
 -15.16170 -13.29140
 -15.13970 -13.27440
 -15.11780 -13.25250
 -15.09390 -13.23190
 -14.92360 -13.25530
 -14.90080 -13.27110
 -14.88080 -13.29580
 -14.82690 -13.39000
 -14.77420 -13.48560
 -14.76110 -13.51080
 -14.74220 -13.54000
 -14.72110 -13.57030
 -14.69810 -13.58110
 -14.62920 -13.61310
 -14.43810 -13.68110
 -14.41560 -13.68170
 -14.39420 -13.68110
 -14.26190 -13.67530
 -14.25170 -13.65170
 -14.17280 -13.61220
 -14.07830 -13.57420
 -14.04690 -13.58310
 -14.02330 -13.59940
 -13.97610 -13.62720
 -13.95360 -13.63360
 -13.93000 -13.62640
 -13.91280 -13.60440
 -13.90110 -13.58280
 -13.84690 -13.56470
 -13.80670 -13.65940
 -13.80030 -13.68220
 -13.80250 -13.70560
 -13.82530 -13.72830
 -13.83890 -13.75110
 -13.85420 -13.84560
 -13.85420 -13.86830
 -13.82390 -13.91670
 -13.81970 -13.94080
 -13.82420 -13.97110
 -13.83310 -13.99420
 -13.84610 -14.01720
 -13.85500 -14.03940
 -13.87110 -14.23940
 -13.87430 -14.30520
 -13.87030 -14.33560
 -13.86330 -14.35780
 -13.83890 -14.37330
 -13.81190 -14.38610
 -13.69110 -14.44220
 -13.61440 -14.47610
 -13.60060 -14.50080
 -13.60610 -14.52250
 -13.62500 -14.55860
 -13.63440 -14.57690
 -13.66530 -14.65080
 -13.66030 -14.67440
 -13.65280 -14.70000
 -13.62670 -14.77720
 -13.61750 -14.79940
 -13.59310 -14.82640
 -13.55060 -14.86290
 -13.52780 -14.88250
 -13.50640 -14.91220
 -13.49030 -15.05110
 -13.48890 -15.07890
 -13.49050 -15.08800
 -13.42000 -15.15470
 -13.40330 -15.19970
 -13.38360 -15.29860
 -13.39330 -15.32080
 -13.41560 -15.34000
 -13.44000 -15.35220
 -13.46310 -15.36220
 -13.48780 -15.36580
 -13.53750 -15.37030
 -13.56000 -15.37110
 -13.58470 -15.36830
 -13.60890 -15.37250
 -13.63060 -15.38470
 -13.63940 -15.40920
 -13.63530 -15.43280
 -13.63360 -15.45610
 -13.63560 -15.50190
 -13.66390 -15.50690
 -13.71060 -15.50500
 -13.73720 -15.50220
 -13.76280 -15.50220
 -13.76670 -15.52420
 -13.75970 -15.55060
 -13.72080 -15.62220
 -13.61750 -15.75420
 -13.52670 -15.83360
 -13.41060 -15.93750
 -13.39330 -15.95970
 -13.39030 -15.98170
 -13.39580 -16.00640
 -13.41970 -16.02780
 -13.44140 -16.04920
 -13.45030 -16.07440
 -13.44250 -16.12190
 -13.43230 -16.14710
 -13.41280 -16.15720
 -13.38780 -16.17330
 -13.36360 -16.19220
 -13.34280 -16.21670
 -13.33580 -16.24530
 -13.33220 -16.27000
 -13.34940 -16.40440
 -13.35970 -16.42890
 -13.37060 -16.45140
 -13.36190 -16.49970
 -13.35640 -16.52540
 -13.41100 -16.51620
 -13.45420 -16.52170
 -13.47560 -16.52830
 -13.50410 -16.53320
 -13.54170 -16.53420
 -13.65560 -16.52140
 -13.76640 -16.49190
 -13.81040 -16.47220
 -13.84150 -16.47500
 -13.87330 -16.48360
 -13.95420 -16.47920
 -14.01060 -16.47330
 -14.03380 -16.48490
 -14.15060 -16.49830
 -14.24450 -16.47960
 -14.38060 -16.48280
 -14.64360 -16.50700
 -14.70920 -16.57230
 -14.75660 -16.61960
 -14.82360 -16.64500
 -14.87750 -16.65870
 -14.90230 -16.65670
 -14.93470 -16.64990
 -14.96270 -16.65180
 -15.09490 -16.69430
 -15.11750 -16.70580
 -15.13730 -16.71960
 -15.16180 -16.74400
4057 275 -16.17166 -10.58693 -24.08445 -17.93416 'Moxico (Angola)'
 -10.87050 -23.98620
 -10.92000 -23.98810
 -11.12270 -24.00780
 -11.25000 -24.02700
 -11.40280 -24.08440
 -11.42640 -24.05620
 -11.45250 -24.03190
 -11.66220 -23.96740
 -11.69690 -23.98970
 -11.71570 -23.99850
 -11.82420 -24.01240
 -11.88220 -23.98420
 -12.21180 -23.98480
 -12.22930 -24.00390
 -12.25760 -24.03110
 -12.27710 -24.03920
 -12.29750 -24.04280
 -12.39240 -24.05070
 -12.49190 -23.98530
 -12.51250 -23.97140
 -12.76360 -23.88700
 -12.82540 -23.89190
 -12.85240 -23.91190
 -12.88030 -23.94640
 -12.89640 -23.96170
 -12.93350 -23.99460
 -12.95310 -24.00620
 -12.99940 -24.01940
 -13.00690 -23.88000
 -13.00640 -23.58470
 -13.00560 -23.42310
 -13.00530 -23.28250
 -13.00470 -22.99580
 -13.00500 -22.50000
 -13.00460 -22.00150
 -13.31560 -21.99640
 -13.45280 -21.99670
 -13.69780 -21.99830
 -13.72720 -21.99780
 -13.91610 -21.99860
 -13.96750 -21.99940
 -14.00670 -21.99940
 -14.45250 -21.99970
 -14.74420 -21.99920
 -14.84720 -21.99920
 -14.89860 -21.99920
 -14.95000 -21.99920
 -15.45110 -22.00000
 -15.60560 -22.00000
 -16.00000 -21.99920
 -16.12280 -21.99970
 -16.17170 -22.00010
 -16.13720 -21.95580
 -16.10260 -21.89830
 -15.97440 -21.78420
 -15.85080 -21.70670
 -15.80940 -21.64570
 -15.77540 -21.60990
 -15.62750 -21.54830
 -15.43000 -21.44190
 -15.40380 -21.40640
 -15.40000 -21.37280
 -15.36750 -21.31000
 -15.34640 -21.28860
 -15.22000 -21.16280
 -15.07500 -21.02530
 -14.98220 -20.84250
 -14.95720 -20.66940
 -14.96890 -20.60920
 -14.97940 -20.56750
 -14.98700 -20.26310
 -14.93960 -20.15120
 -14.90390 -20.08220
 -14.77330 -19.92940
 -14.70420 -19.86580
 -14.61720 -19.77580
 -14.54330 -19.68960
 -14.49720 -19.67390
 -14.47000 -19.66030
 -14.38550 -19.61620
 -14.28090 -19.53280
 -14.28530 -19.50330
 -14.30060 -19.41440
 -14.29170 -19.33750
 -14.28640 -19.31330
 -14.27250 -19.29080
 -14.25030 -19.26920
 -14.24170 -19.24580
 -14.24890 -19.22390
 -14.27720 -19.17030
 -14.31970 -19.17190
 -14.34330 -19.17720
 -14.39420 -19.13330
 -14.37220 -19.08830
 -14.36250 -19.06440
 -14.36420 -19.04080
 -14.37560 -19.01170
 -14.38610 -18.98890
 -14.39470 -18.96670
 -14.40360 -18.93190
 -14.38310 -18.90220
 -14.35270 -18.87310
 -14.26550 -18.82350
 -14.22280 -18.80280
 -14.10610 -18.78730
 -14.06100 -18.78850
 -13.95750 -18.73310
 -13.92500 -18.71030
 -13.86410 -18.64840
 -13.79890 -18.55390
 -13.71610 -18.34170
 -13.70830 -18.31970
 -13.71080 -18.29780
 -13.71810 -18.27500
 -13.72310 -18.25250
 -13.72190 -18.22920
 -13.66560 -18.13170
 -13.62110 -18.05810
 -13.60920 -18.03640
 -13.58280 -17.98470
 -13.57250 -17.95310
 -13.39420 -17.93420
 -13.37060 -17.95640
 -13.35170 -17.97860
 -13.33690 -18.00080
 -13.31720 -18.05560
 -13.30940 -18.07970
 -13.28810 -18.08640
 -13.26280 -18.08610
 -13.24140 -18.08080
 -13.21830 -18.07000
 -13.19560 -18.05690
 -13.17330 -18.04170
 -13.15060 -18.02860
 -13.06000 -18.10080
 -13.04670 -18.12360
 -12.97420 -18.18000
 -12.95170 -18.18890
 -12.93030 -18.18560
 -12.83580 -18.18500
 -12.73940 -18.30780
 -12.54170 -18.41810
 -12.51830 -18.42470
 -12.49640 -18.41670
 -12.47080 -18.41640
 -12.45000 -18.43640
 -12.35580 -18.53940
 -12.29720 -18.63670
 -12.26890 -18.71530
 -12.24780 -18.73310
 -12.22170 -18.73970
 -12.20280 -18.71830
 -12.17950 -18.72080
 -12.14810 -18.75190
 -12.12750 -18.77330
 -12.10860 -18.80620
 -12.06440 -18.84970
 -12.03920 -18.86920
 -12.00220 -18.87170
 -11.97920 -18.86080
 -11.95360 -18.84220
 -11.92720 -18.83830
 -11.90330 -18.84780
 -11.80030 -18.90470
 -11.77720 -18.92110
 -11.74280 -18.98080
 -11.68810 -19.04670
 -11.66640 -19.06890
 -11.64440 -19.07750
 -11.62250 -19.08060
 -11.60110 -19.08170
 -11.57830 -19.08060
 -11.55690 -19.08440
 -11.53580 -19.09440
 -11.45880 -19.16760
 -11.45620 -19.18850
 -11.43860 -19.24500
 -11.41370 -19.33010
 -11.41850 -19.37260
 -11.41330 -19.39530
 -11.38290 -19.45710
 -11.35000 -19.49860
 -11.31430 -19.54000
 -11.29680 -19.54990
 -11.29100 -19.67610
 -11.30930 -19.72350
 -11.30600 -19.74730
 -11.29280 -19.79170
 -11.26310 -19.87280
 -11.26780 -20.03720
 -11.28720 -20.06850
 -11.28670 -20.09300
 -11.27540 -20.10950
 -11.24970 -20.13190
 -11.22850 -20.14900
 -11.20630 -20.17940
 -11.29030 -20.37080
 -11.41690 -20.68290
 -11.44000 -20.75170
 -11.45360 -20.79690
 -11.46250 -20.83610
 -11.47970 -21.01590
 -11.47160 -21.04080
 -11.30400 -21.21670
 -11.27780 -21.22350
 -11.20540 -21.41910
 -11.18220 -21.55860
 -11.18360 -21.58520
 -11.13650 -21.69840
 -11.06160 -21.68080
 -11.00510 -21.65070
 -10.88960 -21.67220
 -10.86140 -21.69470
 -10.84420 -21.71230
 -10.75140 -21.74310
 -10.67830 -21.76310
 -10.64140 -21.78470
 -10.62090 -21.80950
 -10.61960 -21.86860
 -10.62450 -21.94950
 -10.62300 -22.01070
 -10.58690 -22.08820
 -10.59050 -22.14360
 -10.60340 -22.19250
 -10.62550 -22.22950
 -10.62860 -22.26630
 -10.61280 -22.30810
 -10.67530 -22.30610
 -10.72750 -22.31510
 -10.79000 -22.25220
 -10.80920 -22.20890
 -10.82570 -22.19010
 -10.85990 -22.16650
 -10.96720 -22.19440
 -11.01890 -22.21750
 -11.06830 -22.24400
 -11.18380 -22.25890
 -11.20970 -22.25390
 -11.23720 -22.29890
 -11.13060 -22.48080
 -11.09380 -22.49990
 -11.06470 -22.50460
 -11.04420 -22.51860
 -11.03360 -22.56750
 -11.04130 -22.59820
 -11.06110 -22.62350
 -11.07280 -22.64670
 -11.08110 -22.66610
 -11.09330 -22.71670
 -11.09150 -22.77510
 -11.07470 -22.80690
 -11.05600 -22.83620
 -11.04940 -22.85690
 -11.06490 -22.90680
 -11.09310 -22.94120
 -11.09610 -23.01690
 -11.09640 -23.08810
 -11.07660 -23.21700
 -11.06170 -23.24190
 -11.02690 -23.29390
 -10.98280 -23.36810
 -10.97030 -23.39750
 -10.96320 -23.42190
 -10.95920 -23.45610
 -10.95830 -23.47640
 -10.95890 -23.49670
 -10.96220 -23.52000
 -10.96690 -23.54310
 -10.98000 -23.58580
 -10.99030 -23.61030
 -11.01080 -23.66510
 -11.02720 -23.85860
 -11.01470 -23.88610
 -10.93380 -23.95400
 -10.87050 -23.98620
4058 199 -17.27028 -13.51250 -13.68166 -11.73125 'Namibe (Angola)'
 -16.97070 -13.34630
 -16.97810 -13.31780
 -16.98490 -13.26080
 -16.97360 -13.20890
 -16.95630 -13.17090
 -16.95420 -13.14920
 -16.97810 -13.01850
 -16.99110 -12.98580
 -17.01640 -12.92330
 -17.04010 -12.87980
 -17.07250 -12.85140
 -17.10710 -12.81790
 -17.22580 -12.60440
 -17.24330 -12.55720
 -17.24170 -12.47890
 -17.21280 -12.43420
 -17.22970 -12.29220
 -17.21530 -12.23810
 -17.19470 -12.20580
 -17.13650 -12.08780
 -17.14390 -12.04810
 -17.16420 -11.97610
 -17.18070 -11.93310
 -17.20580 -11.90220
 -17.22440 -11.88460
 -17.27030 -11.81170
 -17.25480 -11.75280
 -17.13940 -11.75830
 -16.96580 -11.77190
 -16.82650 -11.77320
 -16.79140 -11.81250
 -16.70250 -11.82110
 -16.67280 -11.82220
 -16.50310 -11.82080
 -16.47170 -11.81970
 -16.44720 -11.81780
 -16.42330 -11.81560
 -16.37060 -11.81030
 -16.34750 -11.80750
 -16.24190 -11.79420
 -16.19610 -11.78640
 -16.08920 -11.78150
 -16.05280 -11.79140
 -16.02460 -11.80560
 -16.00030 -11.81030
 -15.96790 -11.80290
 -15.92430 -11.77140
 -15.87880 -11.74120
 -15.85070 -11.73120
 -15.81970 -11.74140
 -15.78370 -11.77350
 -15.77920 -11.81170
 -15.79960 -11.82760
 -15.78790 -11.85750
 -15.75510 -11.89080
 -15.59650 -12.00600
 -15.56940 -12.01500
 -15.49530 -12.03400
 -15.46400 -12.03600
 -15.42830 -12.03080
 -15.40190 -12.03030
 -15.21830 -12.05750
 -15.11420 -12.10610
 -14.98860 -12.15920
 -14.87780 -12.20530
 -14.78940 -12.24750
 -14.75240 -12.27360
 -14.66810 -12.27780
 -14.63750 -12.28220
 -14.52920 -12.30060
 -14.46610 -12.31580
 -14.42420 -12.33220
 -14.39690 -12.34040
 -14.30750 -12.34780
 -14.26000 -12.34160
 -14.23060 -12.32620
 -14.19000 -12.31730
 -14.10500 -12.33220
 -14.04140 -12.35780
 -13.95060 -12.40860
 -13.87730 -12.48280
 -13.84440 -12.50460
 -13.57760 -12.53600
 -13.56790 -12.53200
 -13.54670 -12.56170
 -13.53080 -12.58640
 -13.52830 -12.60890
 -13.54640 -12.70110
 -13.55220 -12.72640
 -13.57530 -12.82220
 -13.59030 -12.84440
 -13.61250 -12.86640
 -13.62140 -12.88810
 -13.56190 -13.04920
 -13.53920 -13.06110
 -13.51640 -13.06640
 -13.51250 -13.09110
 -13.53970 -13.21250
 -13.55920 -13.28060
 -13.57140 -13.30280
 -13.59500 -13.30920
 -13.64170 -13.28640
 -13.66500 -13.28190
 -13.68640 -13.28890
 -13.71110 -13.30390
 -13.82750 -13.37640
 -13.84250 -13.40060
 -13.85310 -13.53610
 -13.84830 -13.56250
 -13.84690 -13.56470
 -13.90110 -13.58280
 -13.91280 -13.60440
 -13.93000 -13.62640
 -13.95360 -13.63360
 -13.97610 -13.62720
 -14.02330 -13.59940
 -14.04690 -13.58310
 -14.07830 -13.57420
 -14.17280 -13.61220
 -14.25170 -13.65170
 -14.26190 -13.67530
 -14.39420 -13.68110
 -14.41560 -13.68170
 -14.43810 -13.68110
 -14.62920 -13.61310
 -14.69810 -13.58110
 -14.72110 -13.57030
 -14.74220 -13.54000
 -14.76110 -13.51080
 -14.77420 -13.48560
 -14.82690 -13.39000
 -14.88080 -13.29580
 -14.90080 -13.27110
 -14.92360 -13.25530
 -15.09390 -13.23190
 -15.11780 -13.25250
 -15.13970 -13.27440
 -15.16170 -13.29140
 -15.18530 -13.28360
 -15.19580 -13.26540
 -15.20860 -13.23500
 -15.22690 -13.20890
 -15.25030 -13.21080
 -15.27030 -13.23360
 -15.29560 -13.31470
 -15.30720 -13.38750
 -15.31360 -13.41530
 -15.33530 -13.42580
 -15.35940 -13.43080
 -15.38420 -13.42690
 -15.40780 -13.41780
 -15.43030 -13.43280
 -15.46670 -13.48060
 -15.47690 -13.50580
 -15.48190 -13.53060
 -15.49440 -13.55670
 -15.58500 -13.55720
 -15.61250 -13.55610
 -15.65810 -13.55060
 -15.73360 -13.55080
 -15.75560 -13.55580
 -15.78030 -13.57140
 -15.80420 -13.59060
 -15.82720 -13.60420
 -15.89470 -13.56970
 -15.94030 -13.53970
 -15.96250 -13.52610
 -15.98420 -13.51560
 -16.02940 -13.49610
 -16.05390 -13.48890
 -16.07580 -13.48970
 -16.09890 -13.49890
 -16.12390 -13.51080
 -16.17060 -13.53940
 -16.19190 -13.53810
 -16.23340 -13.50730
 -16.24830 -13.48080
 -16.29810 -13.43080
 -16.42030 -13.26670
 -16.50420 -13.24250
 -16.52670 -13.25690
 -16.54920 -13.26170
 -16.57560 -13.24440
 -16.59890 -13.22580
 -16.61530 -13.20080
 -16.61810 -13.17810
 -16.63970 -13.15500
 -16.66190 -13.14280
 -16.68440 -13.13500
 -16.70860 -13.14280
 -16.73330 -13.16330
 -16.77860 -13.20970
 -16.84500 -13.28250
 -16.87250 -13.30890
 -16.89720 -13.32440
 -16.92140 -13.33640
 -16.94360 -13.34280
 -16.96610 -13.34720
 -16.97070 -13.34630
