2584 84 48.97250 50.45305 -13.81595 -12.09370 'Zapadocesky (Czech Republic)'
 48.97370 -13.56480
 48.97250 -13.50970
 49.00620 -13.40250
 49.04920 -13.39610
 49.10080 -13.31850
 49.16720 -13.17310
 49.28780 -13.03110
 49.33490 -12.95900
 49.34040 -12.88720
 49.33990 -12.79720
 49.42500 -12.67440
 49.52750 -12.59780
 49.56060 -12.57860
 49.61670 -12.55470
 49.67720 -12.51550
 49.69080 -12.47610
 49.69550 -12.45560
 49.78350 -12.46850
 49.90960 -12.54600
 49.97580 -12.49140
 49.98580 -12.47110
 49.99390 -12.42940
 50.04750 -12.30750
 50.06610 -12.26560
 50.10620 -12.20610
 50.13630 -12.19380
 50.16360 -12.20920
 50.30850 -12.12210
 50.32250 -12.09370
 50.31460 -12.18260
 50.21850 -12.28110
 50.20670 -12.32310
 50.23610 -12.32560
 50.30920 -12.39860
 50.37310 -12.48610
 50.39250 -12.51540
 50.41190 -12.62100
 50.41190 -12.67140
 50.43150 -12.74040
 50.44500 -12.77220
 50.45300 -12.82510
 50.44220 -12.85580
 50.42530 -12.89830
 50.41470 -12.91720
 50.41000 -12.94470
 50.41830 -12.98560
 50.41360 -13.07120
 50.40230 -13.10770
 50.35480 -13.21360
 50.33610 -13.23250
 50.31170 -13.22270
 50.26660 -13.22370
 50.22930 -13.26570
 50.18100 -13.29720
 50.13570 -13.27330
 50.10070 -13.36620
 50.09580 -13.41880
 50.06480 -13.40490
 50.04540 -13.43080
 50.02760 -13.52840
 49.96860 -13.71660
 49.93430 -13.78480
 49.91840 -13.80780
 49.87360 -13.81600
 49.75420 -13.80920
 49.70710 -13.77610
 49.64980 -13.70780
 49.62850 -13.68900
 49.61310 -13.72100
 49.59090 -13.73600
 49.56140 -13.74880
 49.51120 -13.75590
 49.46430 -13.73940
 49.42870 -13.76490
 49.37860 -13.78160
 49.35340 -13.77620
 49.22350 -13.72040
 49.19360 -13.70010
 49.16470 -13.67840
 49.14110 -13.65770
 49.12740 -13.64060
 49.04690 -13.58740
 49.00940 -13.57190
 48.97370 -13.56480
2592 95 48.58138 49.60369 -15.56444 -13.56483 'Jihocesky (Czech Republic)'
 48.97370 -13.56480
 49.00940 -13.57190
 49.04690 -13.58740
 49.12740 -13.64060
 49.14110 -13.65770
 49.16470 -13.67840
 49.19360 -13.70010
 49.22350 -13.72040
 49.35340 -13.77620
 49.37860 -13.78160
 49.42870 -13.76490
 49.46430 -13.73940
 49.51120 -13.75590
 49.49840 -13.90420
 49.49630 -13.95810
 49.51300 -14.00260
 49.53300 -14.02490
 49.53080 -14.23870
 49.53480 -14.43290
 49.52130 -14.51500
 49.50530 -14.61520
 49.50670 -14.65380
 49.52590 -14.68850
 49.55310 -14.71310
 49.56950 -14.73010
 49.57350 -14.77250
 49.56100 -14.85600
 49.54520 -14.89420
 49.54210 -14.93710
 49.54520 -14.97000
 49.56700 -14.99490
 49.57830 -15.04250
 49.59870 -15.18470
 49.60370 -15.22990
 49.59550 -15.29800
 49.58960 -15.33420
 49.56410 -15.38670
 49.48270 -15.41490
 49.45320 -15.42350
 49.41540 -15.41750
 49.32800 -15.39230
 49.28120 -15.37300
 49.23050 -15.34280
 49.21430 -15.29420
 49.18240 -15.28780
 49.11500 -15.37030
 49.09340 -15.44470
 49.09390 -15.48600
 48.93890 -15.55580
 48.90920 -15.56440
 48.91220 -15.54670
 48.92000 -15.51440
 48.95110 -15.45170
 48.97360 -15.39250
 48.98470 -15.35900
 48.98780 -15.30140
 48.99970 -15.15670
 49.01470 -15.06560
 49.01870 -15.02860
 49.01140 -15.00420
 48.97990 -14.97960
 48.93920 -14.98500
 48.79470 -14.95890
 48.78280 -14.88560
 48.78640 -14.84940
 48.78510 -14.82370
 48.69350 -14.72720
 48.65430 -14.71670
 48.60400 -14.71940
 48.58510 -14.70540
 48.58140 -14.70030
 48.60850 -14.65440
 48.62850 -14.61190
 48.62830 -14.50560
 48.61890 -14.44640
 48.59250 -14.39030
 48.58250 -14.27830
 48.59610 -14.18420
 48.66980 -14.05140
 48.71400 -13.99860
 48.76360 -13.88360
 48.77060 -13.85810
 48.77360 -13.83360
 48.77990 -13.81830
 48.80020 -13.81200
 48.83400 -13.78010
 48.84600 -13.76170
 48.87080 -13.74560
 48.88130 -13.72810
 48.87930 -13.69940
 48.88940 -13.67220
 48.90440 -13.65190
 48.94760 -13.62610
 48.95740 -13.59530
 48.97370 -13.56480
2593 116 48.61906 49.68888 -18.14945 -15.28777 'Jihomoravsky (Czech Republic)'
 48.90920 -15.56440
 48.93890 -15.55580
 49.09390 -15.48600
 49.09340 -15.44470
 49.11500 -15.37030
 49.18240 -15.28780
 49.21430 -15.29420
 49.23050 -15.34280
 49.28120 -15.37300
 49.32800 -15.39230
 49.41540 -15.41750
 49.45320 -15.42350
 49.45580 -15.49370
 49.44450 -15.53020
 49.44750 -15.55900
 49.45850 -15.58180
 49.51070 -15.67660
 49.57710 -15.74990
 49.68040 -15.91890
 49.68890 -15.95570
 49.67030 -16.06290
 49.65050 -16.13580
 49.61580 -16.22640
 49.59620 -16.24150
 49.57000 -16.27420
 49.54280 -16.34190
 49.53550 -16.37830
 49.54920 -16.47820
 49.56650 -16.50470
 49.58910 -16.51990
 49.60030 -16.55510
 49.60180 -16.60750
 49.59890 -16.66830
 49.61430 -16.76940
 49.64450 -16.81590
 49.63340 -16.87310
 49.61630 -16.94850
 49.60320 -16.98380
 49.56480 -16.99570
 49.51520 -17.06200
 49.50550 -17.08050
 49.52460 -17.10280
 49.53490 -17.13670
 49.52450 -17.16900
 49.48880 -17.19590
 49.45850 -17.21560
 49.41200 -17.23220
 49.37170 -17.23730
 49.33750 -17.23380
 49.30170 -17.24420
 49.27780 -17.26900
 49.27720 -17.29660
 49.30100 -17.33660
 49.33190 -17.35850
 49.34720 -17.33280
 49.37260 -17.31530
 49.38440 -17.33310
 49.37950 -17.37610
 49.36610 -17.46650
 49.37970 -17.55670
 49.39180 -17.60080
 49.42070 -17.60740
 49.43800 -17.63880
 49.42720 -17.71110
 49.41160 -17.76440
 49.40300 -17.79390
 49.38310 -17.78810
 49.34890 -17.78190
 49.32240 -17.81380
 49.23380 -17.92510
 49.18160 -17.99440
 49.15530 -18.05520
 49.14500 -18.14530
 49.12140 -18.14940
 49.08280 -18.12190
 49.04190 -18.07530
 48.98500 -17.91110
 48.92830 -17.84190
 48.87820 -17.76030
 48.85610 -17.71220
 48.85190 -17.67750
 48.85190 -17.65030
 48.83890 -17.50280
 48.82470 -17.41120
 48.82530 -17.38220
 48.85030 -17.33080
 48.87240 -17.23830
 48.86940 -17.18790
 48.83180 -17.11220
 48.76830 -17.04150
 48.74360 -17.02250
 48.68170 -16.98830
 48.61910 -16.94620
 48.70320 -16.91790
 48.72580 -16.89250
 48.72550 -16.87190
 48.71620 -16.83290
 48.71990 -16.78560
 48.74640 -16.71170
 48.78530 -16.65880
 48.81240 -16.54060
 48.81120 -16.45830
 48.78220 -16.43080
 48.75190 -16.41300
 48.73600 -16.38220
 48.73310 -16.33310
 48.75000 -16.10330
 48.75470 -16.08110
 48.76030 -16.06060
 48.77720 -16.02170
 48.80470 -15.96420
 48.85970 -15.84940
 48.85860 -15.74640
 48.86400 -15.68600
 48.89920 -15.58500
 48.90920 -15.56440
2594 87 49.49633 50.57608 -15.49095 -13.40486 'Stredocesky (Czech Republic)'
 50.09580 -13.41880
 50.12000 -13.49200
 50.15840 -13.54650
 50.24720 -13.68660
 50.22990 -13.75500
 50.24510 -13.91140
 50.25890 -13.94100
 50.30090 -13.99260
 50.33080 -14.01440
 50.32570 -14.12360
 50.31470 -14.19040
 50.31900 -14.26180
 50.33910 -14.37240
 50.42670 -14.48360
 50.45640 -14.48210
 50.48760 -14.44730
 50.49590 -14.46620
 50.50030 -14.54730
 50.47930 -14.60490
 50.47820 -14.66980
 50.49550 -14.76950
 50.51670 -14.81390
 50.55040 -14.85210
 50.57610 -14.89900
 50.56630 -14.99600
 50.53740 -15.07480
 50.45600 -15.09430
 50.34380 -15.09400
 50.32050 -15.09950
 50.27370 -15.17400
 50.26140 -15.19540
 50.25070 -15.28700
 50.25200 -15.32420
 50.23170 -15.35290
 50.18340 -15.36540
 50.15010 -15.35910
 50.12200 -15.33870
 50.05910 -15.33140
 49.99150 -15.34910
 49.94280 -15.44850
 49.93860 -15.48050
 49.90100 -15.49090
 49.81660 -15.48760
 49.79840 -15.46660
 49.74770 -15.34830
 49.73440 -15.28150
 49.68030 -15.17710
 49.66210 -15.15340
 49.64050 -15.15330
 49.63380 -15.18820
 49.60370 -15.22990
 49.59870 -15.18470
 49.57830 -15.04250
 49.56700 -14.99490
 49.54520 -14.97000
 49.54210 -14.93710
 49.54520 -14.89420
 49.56100 -14.85600
 49.57350 -14.77250
 49.56950 -14.73010
 49.55310 -14.71310
 49.52590 -14.68850
 49.50670 -14.65380
 49.50530 -14.61520
 49.52130 -14.51500
 49.53480 -14.43290
 49.53080 -14.23870
 49.53300 -14.02490
 49.51300 -14.00260
 49.49630 -13.95810
 49.49840 -13.90420
 49.51120 -13.75590
 49.56140 -13.74880
 49.59090 -13.73600
 49.61310 -13.72100
 49.62850 -13.68900
 49.64980 -13.70780
 49.70710 -13.77610
 49.75420 -13.80920
 49.87360 -13.81600
 49.91840 -13.80780
 49.93430 -13.78480
 49.96860 -13.71660
 50.02760 -13.52840
 50.04540 -13.43080
 50.06480 -13.40490
 50.09580 -13.41880
2595 100 50.09581 51.05249 -15.37972 -12.98555 'Severocesky (Czech Republic)'
 50.65060 -13.51080
 50.68970 -13.54110
 50.70940 -13.58220
 50.72220 -13.63470
 50.72580 -13.66940
 50.73080 -13.73420
 50.76890 -13.89110
 50.78820 -13.90360
 50.81440 -13.99070
 50.84300 -14.15560
 50.88220 -14.31140
 50.93500 -14.36830
 50.94610 -14.32120
 50.99510 -14.25810
 51.03750 -14.28560
 51.05250 -14.30620
 51.03670 -14.49170
 51.00560 -14.56920
 50.98250 -14.59720
 50.92360 -14.62830
 50.88110 -14.63140
 50.85830 -14.61920
 50.84720 -14.65170
 50.82920 -14.71780
 50.82390 -14.73970
 50.81830 -14.77150
 50.81970 -14.80290
 50.85640 -14.82500
 50.86580 -14.82830
 50.85920 -14.96670
 50.86750 -15.00390
 50.95060 -15.01920
 50.97410 -15.01640
 51.01470 -15.17690
 50.99190 -15.23940
 50.97500 -15.27530
 50.94900 -15.29040
 50.92450 -15.27250
 50.89210 -15.28280
 50.86030 -15.31170
 50.84060 -15.36280
 50.77940 -15.37970
 50.73940 -15.35500
 50.71050 -15.34830
 50.66820 -15.34910
 50.64560 -15.34340
 50.62650 -15.32370
 50.60420 -15.26010
 50.58910 -15.18920
 50.56310 -15.12300
 50.53740 -15.07480
 50.56630 -14.99600
 50.57610 -14.89900
 50.55040 -14.85210
 50.51670 -14.81390
 50.49550 -14.76950
 50.47820 -14.66980
 50.47930 -14.60490
 50.50030 -14.54730
 50.49590 -14.46620
 50.48760 -14.44730
 50.45640 -14.48210
 50.42670 -14.48360
 50.33910 -14.37240
 50.31900 -14.26180
 50.31470 -14.19040
 50.32570 -14.12360
 50.33080 -14.01440
 50.30090 -13.99260
 50.25890 -13.94100
 50.24510 -13.91140
 50.22990 -13.75500
 50.24720 -13.68660
 50.15840 -13.54650
 50.12000 -13.49200
 50.09580 -13.41880
 50.10070 -13.36620
 50.13570 -13.27330
 50.18100 -13.29720
 50.22930 -13.26570
 50.26660 -13.22370
 50.31170 -13.22270
 50.33610 -13.23250
 50.35480 -13.21360
 50.40230 -13.10770
 50.41360 -13.07120
 50.41830 -12.98560
 50.42110 -12.99190
 50.43930 -13.01530
 50.49810 -13.07940
 50.50280 -13.18720
 50.52040 -13.20610
 50.55140 -13.22320
 50.58920 -13.24960
 50.62940 -13.37830
 50.61140 -13.41490
 50.60530 -13.43670
 50.60170 -13.46340
 50.64190 -13.51850
 50.65060 -13.51080
2596 105 49.44449 50.78666 -16.81589 -15.07476 'Vychodocesky (Czech Republic)'
 50.53740 -15.07480
 50.56310 -15.12300
 50.58910 -15.18920
 50.60420 -15.26010
 50.62650 -15.32370
 50.64560 -15.34340
 50.66820 -15.34910
 50.71050 -15.34830
 50.73940 -15.35500
 50.77940 -15.37970
 50.78670 -15.48830
 50.77280 -15.60670
 50.74420 -15.78750
 50.68940 -15.94690
 50.63000 -16.02440
 50.63560 -16.07140
 50.65780 -16.11810
 50.65610 -16.13750
 50.67060 -16.23750
 50.66400 -16.33200
 50.64420 -16.37000
 50.60150 -16.43030
 50.57880 -16.44740
 50.52300 -16.40670
 50.49790 -16.35890
 50.50470 -16.31500
 50.43900 -16.20770
 50.41030 -16.21900
 50.38970 -16.26610
 50.37810 -16.30310
 50.36110 -16.37190
 50.31670 -16.44140
 50.30360 -16.45860
 50.22710 -16.54810
 50.20820 -16.56220
 50.17030 -16.56600
 50.14000 -16.58780
 50.11970 -16.61440
 50.10890 -16.64000
 50.09830 -16.71530
 50.14050 -16.78670
 50.16970 -16.80290
 50.13250 -16.80930
 50.11370 -16.78690
 50.10350 -16.76130
 50.05930 -16.73500
 49.94190 -16.67430
 49.81130 -16.71780
 49.77200 -16.73670
 49.73380 -16.77200
 49.69000 -16.79530
 49.64450 -16.81590
 49.61430 -16.76940
 49.59890 -16.66830
 49.60180 -16.60750
 49.60030 -16.55510
 49.58910 -16.51990
 49.56650 -16.50470
 49.54920 -16.47820
 49.53550 -16.37830
 49.54280 -16.34190
 49.57000 -16.27420
 49.59620 -16.24150
 49.61580 -16.22640
 49.65050 -16.13580
 49.67030 -16.06290
 49.68890 -15.95570
 49.68040 -15.91890
 49.57710 -15.74990
 49.51070 -15.67660
 49.45850 -15.58180
 49.44750 -15.55900
 49.44450 -15.53020
 49.45580 -15.49370
 49.45320 -15.42350
 49.48270 -15.41490
 49.56410 -15.38670
 49.58960 -15.33420
 49.59550 -15.29800
 49.60370 -15.22990
 49.63380 -15.18820
 49.64050 -15.15330
 49.66210 -15.15340
 49.68030 -15.17710
 49.73440 -15.28150
 49.74770 -15.34830
 49.79840 -15.46660
 49.81660 -15.48760
 49.90100 -15.49090
 49.93860 -15.48050
 49.94280 -15.44850
 49.99150 -15.34910
 50.05910 -15.33140
 50.12200 -15.33870
 50.15010 -15.35910
 50.18340 -15.36540
 50.23170 -15.35290
 50.25200 -15.32420
 50.25070 -15.28700
 50.26140 -15.19540
 50.27370 -15.17400
 50.32050 -15.09950
 50.34380 -15.09400
 50.45600 -15.09430
 50.53740 -15.07480
2661 109 49.14500 50.44013 -18.85222 -16.67432 'Severomoravsky (Czech Republic)'
 49.51740 -18.85120
 49.51390 -18.79280
 49.50420 -18.65560
 49.49370 -18.56590
 49.46180 -18.54440
 49.33310 -18.38320
 49.30570 -18.31250
 49.30100 -18.27570
 49.28640 -18.21130
 49.24430 -18.17620
 49.21030 -18.17420
 49.16470 -18.15810
 49.14500 -18.14530
 49.15530 -18.05520
 49.18160 -17.99440
 49.23380 -17.92510
 49.32240 -17.81380
 49.34890 -17.78190
 49.38310 -17.78810
 49.40300 -17.79390
 49.41160 -17.76440
 49.42720 -17.71110
 49.43800 -17.63880
 49.42070 -17.60740
 49.39180 -17.60080
 49.37970 -17.55670
 49.36610 -17.46650
 49.37950 -17.37610
 49.38440 -17.33310
 49.37260 -17.31530
 49.34720 -17.33280
 49.33190 -17.35850
 49.30100 -17.33660
 49.27720 -17.29660
 49.27780 -17.26900
 49.30170 -17.24420
 49.33750 -17.23380
 49.37170 -17.23730
 49.41200 -17.23220
 49.45850 -17.21560
 49.48880 -17.19590
 49.52450 -17.16900
 49.53490 -17.13670
 49.52460 -17.10280
 49.50550 -17.08050
 49.51520 -17.06200
 49.56480 -16.99570
 49.60320 -16.98380
 49.61630 -16.94850
 49.63340 -16.87310
 49.64450 -16.81590
 49.69000 -16.79530
 49.73380 -16.77200
 49.77200 -16.73670
 49.81130 -16.71780
 49.94190 -16.67430
 50.05930 -16.73500
 50.10350 -16.76130
 50.11370 -16.78690
 50.13250 -16.80930
 50.16970 -16.80290
 50.17940 -16.81120
 50.20180 -16.84690
 50.22240 -16.91140
 50.22280 -16.96860
 50.21690 -17.00220
 50.31000 -16.97280
 50.34060 -16.93750
 50.41120 -16.86870
 50.43870 -16.89100
 50.44010 -16.91080
 50.43500 -16.94140
 50.41060 -17.05780
 50.39670 -17.11810
 50.36100 -17.20530
 50.34530 -17.22690
 50.32030 -17.28360
 50.27940 -17.37830
 50.27030 -17.43310
 50.26550 -17.62680
 50.27240 -17.66110
 50.30000 -17.69350
 50.32030 -17.69700
 50.31900 -17.72440
 50.29780 -17.75310
 50.23330 -17.76290
 50.20940 -17.76370
 50.17900 -17.69530
 50.17190 -17.64280
 50.16270 -17.60630
 50.10810 -17.65780
 49.98960 -17.84010
 49.97900 -17.87620
 49.97740 -17.92070
 50.01110 -18.00940
 50.05590 -18.05320
 50.03810 -18.09420
 49.95780 -18.27030
 49.93890 -18.35030
 49.92240 -18.55270
 49.91220 -18.57870
 49.81500 -18.57930
 49.73780 -18.63420
 49.68190 -18.78690
 49.67330 -18.81080
 49.59500 -18.83940
 49.55420 -18.84780
 49.52780 -18.85220
 49.51740 -18.85120
