2206 193 50.32317 52.52611 -9.45514 -5.86500 'Nordrhein-Westfalen (Germany)'
 51.64890 -9.43999
 51.52060 -9.30278
 51.43850 -9.15042
 51.44060 -9.12000
 51.45700 -9.08813
 51.48620 -9.08368
 51.51110 -9.02055
 51.49890 -8.96527
 51.47360 -8.90288
 51.42110 -8.91666
 51.38170 -8.80861
 51.37360 -8.73055
 51.36420 -8.68305
 51.34530 -8.65445
 51.28970 -8.58792
 51.27010 -8.57597
 51.24220 -8.60458
 51.24060 -8.62458
 51.25690 -8.67834
 51.26400 -8.72292
 51.21750 -8.74333
 51.17780 -8.75334
 51.12610 -8.69584
 51.09110 -8.64528
 51.06300 -8.53916
 50.97610 -8.49166
 50.87690 -8.39861
 50.86170 -8.37111
 50.86080 -8.32264
 50.87960 -8.29351
 50.82580 -8.19500
 50.76920 -8.13892
 50.74520 -8.17326
 50.70530 -8.16722
 50.68390 -8.13445
 50.70000 -8.05445
 50.83810 -7.91778
 50.92010 -7.86115
 50.93360 -7.80222
 50.90830 -7.75160
 50.86740 -7.76042
 50.83580 -7.76445
 50.77620 -7.69542
 50.76440 -7.66305
 50.73610 -7.58084
 50.71690 -7.52264
 50.70580 -7.44889
 50.67690 -7.38278
 50.64250 -7.37153
 50.62920 -7.34334
 50.61970 -7.29584
 50.58530 -7.09695
 50.55730 -6.94445
 50.48250 -6.82166
 50.40420 -6.77834
 50.36220 -6.80201
 50.34120 -6.73722
 50.33750 -6.70945
 50.36370 -6.67334
 50.37810 -6.59500
 50.36970 -6.53028
 50.35610 -6.44916
 50.34080 -6.42278
 50.32320 -6.39820
 50.44320 -6.37340
 50.48690 -6.33916
 50.49720 -6.31347
 50.49780 -6.26472
 50.58920 -6.24777
 50.61990 -6.27042
 50.65640 -6.16722
 50.72360 -6.05472
 50.75730 -6.01180
 50.80220 -6.00805
 50.84170 -6.01666
 50.85050 -6.05816
 50.87210 -6.08445
 50.91470 -6.08084
 50.97800 -6.02493
 50.98430 -5.94375
 50.97310 -5.90201
 51.01890 -5.86945
 51.04530 -5.86500
 51.06310 -5.90555
 51.08420 -6.00305
 51.13110 -6.09750
 51.17430 -6.08445
 51.21410 -6.07166
 51.24140 -6.07764
 51.29530 -6.14305
 51.36320 -6.22250
 51.46740 -6.22208
 51.51350 -6.20486
 51.55830 -6.15861
 51.57080 -6.13403
 51.60580 -6.09361
 51.70670 -6.02889
 51.74750 -5.95205
 51.76720 -5.98275
 51.80670 -5.96361
 51.83000 -6.00305
 51.88810 -6.12361
 51.89530 -6.18222
 51.84810 -6.35111
 51.85360 -6.46278
 51.87440 -6.52750
 51.89610 -6.59472
 51.91170 -6.68465
 51.89790 -6.72250
 51.90610 -6.74639
 51.92470 -6.78305
 51.97580 -6.82895
 52.00870 -6.79750
 52.03530 -6.72861
 52.07670 -6.73639
 52.11460 -6.75943
 52.12050 -6.85604
 52.14240 -6.87507
 52.17220 -6.90264
 52.19030 -6.96472
 52.23170 -7.04222
 52.23780 -7.05309
 52.26360 -7.12305
 52.26550 -7.19472
 52.26500 -7.27000
 52.26850 -7.29264
 52.37360 -7.53084
 52.43030 -7.57834
 52.44690 -7.69584
 52.39420 -7.75555
 52.37440 -7.80500
 52.38110 -7.90640
 52.35390 -7.93584
 52.31040 -7.97584
 52.23280 -7.92611
 52.08650 -7.88819
 52.05370 -7.91695
 52.03580 -7.97361
 52.08080 -8.19722
 52.10220 -8.21611
 52.11580 -8.23389
 52.13260 -8.26813
 52.12320 -8.35083
 52.11530 -8.36930
 52.11330 -8.40229
 52.17170 -8.48861
 52.18800 -8.50055
 52.22390 -8.45666
 52.23250 -8.45861
 52.28440 -8.46055
 52.30500 -8.46055
 52.33870 -8.44903
 52.36650 -8.43153
 52.38330 -8.38945
 52.44080 -8.37222
 52.50140 -8.54861
 52.52610 -8.63861
 52.51350 -8.67792
 52.48340 -8.70111
 52.44640 -8.70375
 52.40440 -8.70989
 52.38810 -8.82945
 52.38890 -8.86000
 52.40030 -8.93334
 52.40650 -8.95500
 52.42970 -8.97625
 52.46000 -8.99542
 52.48010 -9.02596
 52.48920 -9.05166
 52.49830 -9.08792
 52.47330 -9.13805
 52.40210 -9.12486
 52.33940 -9.05945
 52.34080 -9.02208
 52.33300 -9.00160
 52.26560 -8.98208
 52.19580 -9.02584
 52.13610 -9.07528
 52.13330 -9.12750
 52.12810 -9.14819
 51.97220 -9.29000
 51.89850 -9.33618
 51.85390 -9.33139
 51.86140 -9.36139
 51.86250 -9.43500
 51.85030 -9.45112
 51.79820 -9.45514
 51.76420 -9.43083
 51.75320 -9.40625
 51.73360 -9.39228
 51.65330 -9.37465
 51.63810 -9.40084
 51.64890 -9.43999
2252 182 47.53742 49.78555 -10.47222 -7.51208 'Baden-Wurttemberg (Germany)'
 47.57360 -8.43584
 47.58000 -8.39084
 47.60910 -8.28910
 47.61940 -8.24084
 47.62030 -8.19576
 47.57110 -8.10184
 47.55610 -8.03334
 47.55420 -7.91771
 47.55330 -7.76972
 47.54330 -7.69722
 47.55060 -7.65611
 47.56110 -7.62111
 47.57600 -7.66882
 47.60500 -7.67569
 47.60390 -7.64055
 47.58450 -7.58827
 47.59890 -7.58876
 47.63920 -7.56416
 47.66240 -7.52764
 47.69510 -7.51208
 47.78810 -7.52666
 47.86280 -7.55722
 47.90330 -7.58416
 47.97310 -7.62319
 47.99650 -7.61977
 48.02720 -7.58389
 48.04410 -7.57049
 48.08720 -7.56931
 48.11720 -7.57838
 48.16420 -7.60773
 48.27640 -7.69334
 48.33580 -7.74871
 48.37110 -7.74305
 48.39400 -7.73666
 48.42490 -7.74540
 48.57580 -7.80222
 48.66420 -7.88000
 48.72420 -7.96195
 48.80360 -8.09222
 48.81940 -8.10514
 48.84360 -8.11139
 48.86500 -8.12166
 48.89320 -8.13750
 48.95540 -8.19833
 48.96440 -8.22608
 48.96930 -8.24500
 48.98690 -8.27334
 49.00800 -8.29139
 49.09720 -8.35278
 49.11610 -8.36139
 49.13610 -8.36861
 49.18860 -8.37861
 49.23010 -8.39042
 49.27710 -8.45736
 49.36790 -8.49319
 49.44060 -8.48895
 49.45750 -8.44777
 49.53390 -8.42611
 49.56810 -8.42166
 49.58160 -8.42023
 49.58890 -8.45805
 49.62260 -8.67715
 49.59400 -8.69368
 49.54620 -8.71125
 49.46690 -8.82930
 49.41570 -8.81163
 49.39470 -8.85292
 49.45300 -8.94645
 49.50360 -9.00055
 49.50050 -9.04222
 49.50920 -9.11361
 49.52580 -9.12805
 49.57510 -9.11045
 49.57220 -9.13416
 49.57820 -9.26153
 49.64400 -9.41861
 49.68780 -9.42750
 49.70870 -9.42548
 49.71820 -9.40292
 49.72440 -9.35555
 49.73090 -9.31638
 49.76440 -9.31375
 49.78550 -9.42584
 49.78420 -9.49750
 49.77690 -9.63250
 49.72150 -9.70736
 49.71750 -9.79666
 49.69890 -9.82555
 49.57750 -9.91805
 49.55500 -9.92958
 49.51780 -9.93277
 49.47940 -9.94111
 49.47890 -10.00000
 49.48270 -10.03010
 49.50560 -10.05110
 49.53060 -10.05780
 49.54080 -10.09350
 49.50960 -10.12960
 49.38180 -10.13320
 49.34030 -10.11600
 49.25920 -10.12810
 49.20670 -10.14830
 49.18580 -10.18060
 49.15420 -10.21890
 49.04670 -10.27810
 49.04190 -10.29750
 49.03780 -10.32830
 49.03240 -10.35690
 48.97780 -10.42000
 48.95830 -10.44140
 48.94060 -10.45820
 48.91640 -10.46990
 48.72580 -10.47220
 48.67220 -10.43190
 48.61690 -10.33720
 48.56110 -10.32360
 48.53360 -10.31470
 48.46710 -10.16000
 48.47960 -10.13570
 48.46730 -10.05760
 48.39090 -10.00000
 48.36780 -9.98916
 48.34110 -10.01780
 48.31070 -10.05030
 48.28630 -10.06640
 48.10860 -10.13580
 48.08670 -10.14000
 48.05040 -10.13670
 47.90830 -10.11310
 47.86890 -10.10220
 47.81390 -10.12810
 47.69890 -10.12670
 47.67670 -10.10610
 47.66970 -10.08330
 47.65390 -9.94084
 47.65780 -9.91986
 47.67480 -9.86285
 47.60670 -9.65750
 47.58970 -9.61361
 47.58610 -9.60916
 47.55770 -9.58717
 47.53740 -9.57792
 47.54050 -9.56673
 47.57590 -9.47832
 47.66280 -9.26110
 47.68540 -9.08264
 47.68830 -9.03334
 47.68080 -9.00084
 47.67010 -8.97945
 47.65750 -8.94777
 47.65180 -8.92597
 47.65080 -8.89889
 47.65410 -8.88330
 47.69890 -8.85584
 47.71800 -8.83528
 47.73600 -8.80548
 47.71600 -8.77437
 47.68170 -8.80014
 47.69360 -8.75334
 47.69660 -8.72022
 47.70830 -8.73225
 47.75710 -8.73645
 47.78670 -8.68555
 47.79800 -8.66139
 47.80390 -8.61166
 47.80670 -8.56292
 47.77060 -8.47708
 47.70180 -8.40695
 47.67390 -8.41903
 47.64710 -8.48542
 47.65170 -8.52208
 47.66430 -8.54055
 47.66860 -8.58055
 47.66770 -8.61025
 47.65620 -8.62496
 47.60060 -8.59305
 47.59140 -8.57642
 47.59850 -8.56943
 47.61840 -8.56292
 47.63270 -8.52347
 47.60740 -8.47125
 47.57360 -8.43584
2253 5 47.69335 47.71104 -8.71025 -8.67395 'Baden-Wurttemberg (Germany)'
 47.69680 -8.71025
 47.69330 -8.67859
 47.70290 -8.67395
 47.71100 -8.70548
 47.69680 -8.71025
2254 148 49.39472 51.64895 -10.19416 -7.77151 'Hessen (Germany)'
 49.58160 -8.42023
 49.58500 -8.41500
 49.61610 -8.38445
 49.63640 -8.37084
 49.69230 -8.36225
 49.76920 -8.41834
 49.95430 -8.33823
 49.97670 -8.31764
 50.02580 -8.23733
 50.03250 -8.20722
 50.03290 -8.17972
 50.02010 -8.11875
 50.00470 -8.06389
 49.98000 -7.97069
 49.97280 -7.90916
 49.97410 -7.87451
 50.05340 -7.77151
 50.19890 -7.91764
 50.25030 -8.03111
 50.27140 -8.11754
 50.31500 -8.10611
 50.37170 -8.04889
 50.38810 -8.03028
 50.39140 -8.00334
 50.39710 -7.97597
 50.51640 -7.99903
 50.54360 -8.03805
 50.54620 -8.06208
 50.52920 -8.08924
 50.52720 -8.11236
 50.53990 -8.13604
 50.58680 -8.16750
 50.61050 -8.14722
 50.64920 -8.12163
 50.68390 -8.13445
 50.70530 -8.16722
 50.74520 -8.17326
 50.76920 -8.13892
 50.82580 -8.19500
 50.87960 -8.29351
 50.86080 -8.32264
 50.86170 -8.37111
 50.87690 -8.39861
 50.97610 -8.49166
 51.06300 -8.53916
 51.09110 -8.64528
 51.12610 -8.69584
 51.17780 -8.75334
 51.21750 -8.74333
 51.26400 -8.72292
 51.25690 -8.67834
 51.24060 -8.62458
 51.24220 -8.60458
 51.27010 -8.57597
 51.28970 -8.58792
 51.34530 -8.65445
 51.36420 -8.68305
 51.37360 -8.73055
 51.38170 -8.80861
 51.42110 -8.91666
 51.47360 -8.90288
 51.49890 -8.96527
 51.51110 -9.02055
 51.48620 -9.08368
 51.45700 -9.08813
 51.44060 -9.12000
 51.43850 -9.15042
 51.52060 -9.30278
 51.64890 -9.43999
 51.63640 -9.49027
 51.63000 -9.53277
 51.63000 -9.55778
 51.62970 -9.62334
 51.60750 -9.65750
 51.56340 -9.68475
 51.55550 -9.64000
 51.51800 -9.59153
 51.48220 -9.61278
 51.45560 -9.62778
 51.40760 -9.64514
 51.40000 -9.61278
 51.39890 -9.58639
 51.36300 -9.53163
 51.29190 -9.72625
 51.30900 -9.76625
 51.33900 -9.77584
 51.33040 -9.74986
 51.35820 -9.71403
 51.39830 -9.80000
 51.39970 -9.90834
 51.38170 -9.94916
 51.36980 -9.92660
 51.34790 -9.92590
 51.28810 -9.97416
 51.22420 -10.07250
 51.04530 -10.19420
 50.99780 -10.12390
 50.94140 -10.04560
 50.79640 -9.94195
 50.74080 -9.93639
 50.66330 -9.95000
 50.67630 -10.00100
 50.66690 -10.05810
 50.62180 -10.07530
 50.58290 -10.04830
 50.51820 -10.04850
 50.51630 -10.05490
 50.49490 -10.04330
 50.45990 -10.01210
 50.43910 -9.98750
 50.42220 -9.94639
 50.40780 -9.89916
 50.29900 -9.74445
 50.22650 -9.62584
 50.22560 -9.55771
 50.23250 -9.53195
 50.23460 -9.50521
 50.18070 -9.49819
 50.14190 -9.50972
 50.11350 -9.51542
 50.08790 -9.42319
 50.11110 -9.38875
 50.12620 -9.37014
 50.14030 -9.32722
 50.14470 -9.23708
 50.12530 -9.10666
 50.10210 -9.01583
 50.04830 -8.97424
 49.85670 -9.04722
 49.83580 -9.05778
 49.76190 -9.11833
 49.68830 -9.10416
 49.62060 -9.08334
 49.59220 -9.09750
 49.57510 -9.11045
 49.52580 -9.12805
 49.50920 -9.11361
 49.50050 -9.04222
 49.50360 -9.00055
 49.45300 -8.94645
 49.39470 -8.85292
 49.41570 -8.81163
 49.46690 -8.82930
 49.54620 -8.71125
 49.59400 -8.69368
 49.62260 -8.67715
 49.58890 -8.45805
 49.58160 -8.42023
2259 20 53.02444 53.22666 -8.98861 -8.49845 'Bremen (Germany)'
 53.02440 -8.91445
 53.02440 -8.90805
 53.03000 -8.84514
 53.05640 -8.70222
 53.09330 -8.67916
 53.13440 -8.63500
 53.17830 -8.57416
 53.19260 -8.52389
 53.22010 -8.49845
 53.22670 -8.52187
 53.20940 -8.59555
 53.18920 -8.67305
 53.16120 -8.93142
 53.14890 -8.96028
 53.13670 -8.97666
 53.09610 -8.98861
 53.05350 -8.97389
 53.04030 -8.95416
 53.02690 -8.92278
 53.02440 -8.91445
2260 11 53.49020 53.61722 -8.64208 -8.51174 'Bremen (Germany)'
 53.61720 -8.51174
 53.60420 -8.60222
 53.59330 -8.62222
 53.56500 -8.63555
 53.52500 -8.64208
 53.50310 -8.62500
 53.49020 -8.59729
 53.50110 -8.57097
 53.51540 -8.56086
 53.52910 -8.56552
 53.61720 -8.51174
2261 319 51.29194 53.89389 -11.58132 -6.68958 'Niedersachsen (Germany)'
 51.64890 -9.43999
 51.63810 -9.40084
 51.65330 -9.37465
 51.73360 -9.39228
 51.75320 -9.40625
 51.76420 -9.43083
 51.79820 -9.45514
 51.85030 -9.45112
 51.86250 -9.43500
 51.86140 -9.36139
 51.85390 -9.33139
 51.89850 -9.33618
 51.97220 -9.29000
 52.12810 -9.14819
 52.13330 -9.12750
 52.13610 -9.07528
 52.19580 -9.02584
 52.26560 -8.98208
 52.33300 -9.00160
 52.34080 -9.02208
 52.33940 -9.05945
 52.40210 -9.12486
 52.47330 -9.13805
 52.49830 -9.08792
 52.48920 -9.05166
 52.48010 -9.02596
 52.46000 -8.99542
 52.42970 -8.97625
 52.40650 -8.95500
 52.40030 -8.93334
 52.38890 -8.86000
 52.38810 -8.82945
 52.40440 -8.70989
 52.44640 -8.70375
 52.48340 -8.70111
 52.51350 -8.67792
 52.52610 -8.63861
 52.50140 -8.54861
 52.44080 -8.37222
 52.38330 -8.38945
 52.36650 -8.43153
 52.33870 -8.44903
 52.30500 -8.46055
 52.28440 -8.46055
 52.23250 -8.45861
 52.22390 -8.45666
 52.18800 -8.50055
 52.17170 -8.48861
 52.11330 -8.40229
 52.11530 -8.36930
 52.12320 -8.35083
 52.13260 -8.26813
 52.11580 -8.23389
 52.10220 -8.21611
 52.08080 -8.19722
 52.03580 -7.97361
 52.05370 -7.91695
 52.08650 -7.88819
 52.23280 -7.92611
 52.31040 -7.97584
 52.35390 -7.93584
 52.38110 -7.90640
 52.37440 -7.80500
 52.39420 -7.75555
 52.44690 -7.69584
 52.43030 -7.57834
 52.37360 -7.53084
 52.26850 -7.29264
 52.26500 -7.27000
 52.26550 -7.19472
 52.26360 -7.12305
 52.23780 -7.05309
 52.27830 -7.02910
 52.30580 -7.03514
 52.33760 -7.05812
 52.35580 -7.07042
 52.39100 -7.06298
 52.45740 -6.98403
 52.43720 -6.95424
 52.46100 -6.75889
 52.48820 -6.70403
 52.55060 -6.68958
 52.55940 -6.72250
 52.56460 -6.75813
 52.61860 -6.72777
 52.62680 -6.71892
 52.62940 -6.72084
 52.65120 -6.76576
 52.64810 -6.90622
 52.63320 -7.03375
 52.64960 -7.05347
 52.72140 -7.06361
 52.76040 -7.06500
 52.79250 -7.06625
 52.81970 -7.07334
 52.83690 -7.09106
 52.88890 -7.13305
 52.93420 -7.17972
 52.96250 -7.19618
 53.00890 -7.21097
 53.17610 -7.20722
 53.24280 -7.20836
 53.31600 -7.25584
 53.31690 -7.32486
 53.30730 -7.35090
 53.32310 -7.33708
 53.33640 -7.22695
 53.34080 -7.18389
 53.34000 -7.12639
 53.33710 -7.08292
 53.34110 -7.04993
 53.37530 -7.01895
 53.40990 -7.01500
 53.44250 -7.02195
 53.48240 -7.03236
 53.58820 -7.09354
 53.64220 -7.18472
 53.66720 -7.23208
 53.68530 -7.29584
 53.68860 -7.34111
 53.68600 -7.46875
 53.67210 -7.51347
 53.68140 -7.58166
 53.70030 -7.69834
 53.71420 -7.84334
 53.71750 -7.88250
 53.71940 -7.90750
 53.71750 -7.94916
 53.71530 -7.98166
 53.70830 -8.01431
 53.68960 -8.02496
 53.63140 -8.05208
 53.58470 -8.12389
 53.55870 -8.16125
 53.52890 -8.16660
 53.50970 -8.12945
 53.50310 -8.09375
 53.50090 -8.06243
 53.46820 -8.07298
 53.44440 -8.09777
 53.40300 -8.21027
 53.40060 -8.23445
 53.40180 -8.24625
 53.42090 -8.28604
 53.45630 -8.31187
 53.50560 -8.31993
 53.52490 -8.30500
 53.52030 -8.26819
 53.52310 -8.23368
 53.55780 -8.23695
 53.58610 -8.24305
 53.60750 -8.26958
 53.61690 -8.30611
 53.61530 -8.33222
 53.55500 -8.49445
 53.50960 -8.51334
 53.48920 -8.49493
 53.46210 -8.48403
 53.41220 -8.48472
 53.37740 -8.48972
 53.36240 -8.50389
 53.42970 -8.50542
 53.45650 -8.49736
 53.48320 -8.50437
 53.51540 -8.56086
 53.50110 -8.57097
 53.49020 -8.59729
 53.50310 -8.62500
 53.52500 -8.64208
 53.56500 -8.63555
 53.59330 -8.62222
 53.60420 -8.60222
 53.61720 -8.51174
 53.64890 -8.49083
 53.68630 -8.48410
 53.81830 -8.54805
 53.85500 -8.57736
 53.87900 -8.60458
 53.89260 -8.65903
 53.89390 -8.68222
 53.87030 -8.71160
 53.84670 -8.75639
 53.84060 -8.77555
 53.83580 -8.79722
 53.82970 -8.85305
 53.82800 -8.90750
 53.84670 -9.02055
 53.86330 -9.10527
 53.86610 -9.12889
 53.86490 -9.21597
 53.85550 -9.28340
 53.82820 -9.32236
 53.79800 -9.35139
 53.76080 -9.37945
 53.72750 -9.41236
 53.60440 -9.55500
 53.58860 -9.57792
 53.55550 -9.67278
 53.55030 -9.69584
 53.54370 -9.76475
 53.53810 -9.76361
 53.50990 -9.76597
 53.45580 -9.81833
 53.43190 -9.85750
 53.41190 -9.91250
 53.41330 -9.98611
 53.42860 -10.03190
 53.42580 -10.26770
 53.42770 -10.32750
 53.40360 -10.42030
 53.38280 -10.47940
 53.37420 -10.50650
 53.36240 -10.57930
 53.36580 -10.60110
 53.36970 -10.62230
 53.36770 -10.69860
 53.35280 -10.72820
 53.31050 -10.73450
 53.27080 -10.80690
 53.18940 -11.00220
 53.16190 -11.12640
 53.16750 -11.15560
 53.14560 -11.23080
 53.12500 -11.26500
 53.07740 -11.41690
 53.07890 -11.44100
 53.07760 -11.46120
 53.03700 -11.58130
 53.03030 -11.58080
 53.00560 -11.56250
 52.90630 -11.41220
 52.88860 -11.33750
 52.88420 -11.31720
 52.88060 -11.29750
 52.88360 -11.24390
 52.89800 -11.21420
 52.91530 -11.08690
 52.91560 -11.04180
 52.90400 -10.99920
 52.87780 -10.97940
 52.85370 -10.94470
 52.85390 -10.87420
 52.84870 -10.79740
 52.84070 -10.76250
 52.78560 -10.75670
 52.71710 -10.80040
 52.66310 -10.87810
 52.62060 -10.92000
 52.61250 -10.92920
 52.53420 -10.96890
 52.49890 -10.98060
 52.21390 -11.04110
 52.18610 -11.01940
 52.16270 -11.06240
 52.13940 -11.04830
 52.05900 -10.95690
 52.05240 -10.72390
 52.05030 -10.69330
 52.04430 -10.65600
 52.00580 -10.57030
 51.97610 -10.59000
 51.94440 -10.61720
 51.88700 -10.63830
 51.85510 -10.60340
 51.74330 -10.62720
 51.68800 -10.66420
 51.66560 -10.67060
 51.63710 -10.69730
 51.60440 -10.62810
 51.52190 -10.33920
 51.49070 -10.29350
 51.43170 -10.13810
 51.41890 -10.07560
 51.41690 -10.00920
 51.41240 -10.00790
 51.39800 -9.99000
 51.38170 -9.94916
 51.39970 -9.90834
 51.39830 -9.80000
 51.35820 -9.71403
 51.33040 -9.74986
 51.33900 -9.77584
 51.30900 -9.76625
 51.29190 -9.72625
 51.36300 -9.53163
 51.39890 -9.58639
 51.40000 -9.61278
 51.40760 -9.64514
 51.45560 -9.62778
 51.48220 -9.61278
 51.51800 -9.59153
 51.55550 -9.64000
 51.56340 -9.68475
 51.60750 -9.65750
 51.62970 -9.62334
 51.63000 -9.55778
 51.63000 -9.53277
 51.63640 -9.49027
 51.64890 -9.43999
 53.02440 -8.91445
 53.02690 -8.92278
 53.04030 -8.95416
 53.05350 -8.97389
 53.09610 -8.98861
 53.13670 -8.97666
 53.14890 -8.96028
 53.16120 -8.93142
 53.18920 -8.67305
 53.20940 -8.59555
 53.22670 -8.52187
 53.22010 -8.49845
 53.19260 -8.52389
 53.17830 -8.57416
 53.13440 -8.63500
 53.09330 -8.67916
 53.05640 -8.70222
 53.03000 -8.84514
 53.02440 -8.90805
 53.02440 -8.91445
2262 106 50.20701 51.63711 -12.55515 -9.92590 'Thuringen (Germany)'
 50.26890 -11.24360
 50.27780 -11.18280
 50.29480 -11.13770
 50.35280 -11.07750
 50.38720 -10.94330
 50.38890 -10.85890
 50.38170 -10.80940
 50.35720 -10.71580
 50.32030 -10.71330
 50.29220 -10.76860
 50.21470 -10.72670
 50.21330 -10.72690
 50.20700 -10.72400
 50.22600 -10.61400
 50.35470 -10.49330
 50.47280 -10.33830
 50.49000 -10.31500
 50.55140 -10.19740
 50.55810 -10.12860
 50.54640 -10.09580
 50.51630 -10.05490
 50.51820 -10.04850
 50.58290 -10.04830
 50.62180 -10.07530
 50.66690 -10.05810
 50.67630 -10.00100
 50.66330 -9.95000
 50.74080 -9.93639
 50.79640 -9.94195
 50.94140 -10.04560
 50.99780 -10.12390
 51.04530 -10.19420
 51.22420 -10.07250
 51.28810 -9.97416
 51.34790 -9.92590
 51.36980 -9.92660
 51.38170 -9.94916
 51.39800 -9.99000
 51.41240 -10.00790
 51.41690 -10.00920
 51.41890 -10.07560
 51.43170 -10.13810
 51.49070 -10.29350
 51.52190 -10.33920
 51.60440 -10.62810
 51.63710 -10.69730
 51.62830 -10.72890
 51.63060 -10.82220
 51.61830 -10.87330
 51.59860 -10.94420
 51.57420 -10.94890
 51.57100 -10.91390
 51.53610 -10.91800
 51.42220 -10.96610
 51.40750 -11.00030
 51.38290 -11.14510
 51.36110 -11.26310
 51.30810 -11.29720
 51.26400 -11.29580
 51.20890 -11.32670
 51.09690 -11.42920
 51.08920 -11.45080
 51.08810 -11.58030
 51.07750 -11.70100
 51.01970 -11.76110
 51.02250 -11.86600
 51.00000 -11.92670
 50.98240 -11.95150
 50.94970 -11.99420
 50.92530 -12.19850
 50.94250 -12.22420
 51.02010 -12.27400
 51.03530 -12.24030
 51.06110 -12.24690
 51.07560 -12.26780
 51.06610 -12.34220
 50.96320 -12.49360
 50.89500 -12.55520
 50.83500 -12.40920
 50.80670 -12.33610
 50.80280 -12.29560
 50.79180 -12.25920
 50.74550 -12.24030
 50.72330 -12.23820
 50.67920 -12.27860
 50.67370 -12.31490
 50.64750 -12.29860
 50.56330 -12.14920
 50.53180 -12.03990
 50.54760 -11.99820
 50.52300 -11.95420
 50.50140 -11.92860
 50.42830 -11.89640
 50.41500 -11.90530
 50.40170 -11.87080
 50.38970 -11.82470
 50.37680 -11.52640
 50.44870 -11.41800
 50.49080 -11.42670
 50.51710 -11.42000
 50.52190 -11.35190
 50.47490 -11.24900
 50.37190 -11.27640
 50.30310 -11.26810
 50.27460 -11.25470
 50.26890 -11.24360
2281 28 53.41195 53.71673 -10.32746 -9.74000 'Hamburg (Germany)'
 53.56500 -9.74108
 53.57280 -9.74000
 53.60720 -9.75139
 53.63000 -9.77548
 53.61830 -9.81222
 53.61780 -9.87611
 53.71670 -10.08560
 53.71470 -10.15330
 53.70560 -10.17940
 53.63420 -10.22580
 53.58370 -10.20820
 53.51610 -10.22070
 53.45360 -10.30720
 53.43330 -10.32440
 53.42770 -10.32750
 53.42580 -10.26770
 53.42860 -10.03190
 53.41330 -9.98611
 53.41190 -9.91250
 53.43190 -9.85750
 53.45580 -9.81833
 53.50990 -9.76597
 53.53810 -9.76361
 53.54370 -9.76475
 53.53370 -9.80937
 53.54170 -9.82906
 53.56210 -9.77903
 53.56500 -9.74108
2282 188 53.36235 55.05653 -11.09395 -8.28055 'Schleswig-Holstein (Germany)'
 54.82540 -9.44535
 54.80800 -9.43945
 54.82560 -9.57834
 54.81220 -9.66055
 54.78610 -9.78555
 54.79110 -9.90215
 54.78190 -9.93584
 54.76080 -9.97201
 54.66820 -10.03740
 54.63310 -10.04000
 54.55530 -10.03250
 54.52370 -10.00430
 54.50750 -9.97055
 54.48190 -9.89305
 54.47750 -9.87111
 54.47670 -9.84555
 54.45730 -9.86604
 54.45390 -9.89333
 54.47420 -10.00670
 54.48940 -10.10610
 54.48970 -10.12690
 54.43560 -10.36830
 54.36050 -10.60970
 54.33740 -10.64620
 54.30930 -10.69060
 54.30720 -10.77250
 54.31240 -10.79500
 54.33030 -10.83190
 54.36190 -10.88530
 54.38450 -10.94650
 54.38060 -10.97940
 54.37900 -10.95830
 54.37190 -10.98690
 54.37000 -11.01690
 54.36970 -11.04470
 54.37640 -11.07390
 54.20550 -11.09400
 54.17720 -11.06000
 54.09080 -10.88060
 54.09080 -10.83220
 54.08940 -10.80140
 54.05650 -10.76220
 54.03580 -10.75740
 54.00670 -10.77710
 53.99560 -10.79560
 53.99420 -10.82220
 53.99390 -10.86140
 53.98590 -10.87980
 53.95430 -10.89010
 53.91690 -10.86360
 53.89010 -10.81850
 53.86970 -10.76830
 53.84580 -10.75280
 53.77420 -10.76810
 53.72080 -10.81420
 53.70030 -10.85730
 53.70200 -10.88890
 53.69850 -10.91670
 53.67940 -10.94460
 53.65150 -10.95630
 53.57440 -10.92120
 53.57080 -10.88030
 53.57280 -10.84530
 53.51360 -10.81640
 53.48710 -10.75690
 53.48000 -10.70560
 53.45120 -10.63990
 53.41180 -10.62770
 53.39100 -10.62780
 53.36580 -10.60110
 53.36240 -10.57930
 53.37420 -10.50650
 53.38280 -10.47940
 53.40360 -10.42030
 53.42770 -10.32750
 53.43330 -10.32440
 53.45360 -10.30720
 53.51610 -10.22070
 53.58370 -10.20820
 53.63420 -10.22580
 53.70560 -10.17940
 53.71470 -10.15330
 53.71670 -10.08560
 53.61780 -9.87611
 53.61830 -9.81222
 53.63000 -9.77548
 53.60720 -9.75139
 53.57280 -9.74000
 53.56500 -9.74108
 53.56560 -9.72416
 53.56830 -9.69945
 53.57530 -9.67278
 53.61360 -9.57528
 53.62760 -9.55389
 53.74400 -9.43416
 53.77110 -9.41722
 53.79220 -9.40777
 53.82260 -9.39375
 53.85500 -9.33277
 53.87560 -9.28236
 53.88640 -9.23445
 53.88970 -9.21305
 53.89800 -9.06305
 53.89190 -8.98416
 53.90720 -8.94750
 53.91970 -8.92750
 53.93470 -8.90680
 53.96110 -8.88305
 54.00890 -8.85000
 54.03480 -8.84427
 54.04470 -8.88569
 54.03720 -8.92666
 54.02640 -8.95305
 54.01820 -8.97500
 54.02710 -9.00180
 54.04690 -9.01195
 54.08500 -9.01722
 54.13170 -8.97111
 54.12800 -8.85236
 54.15170 -8.82736
 54.17500 -8.81277
 54.19860 -8.81986
 54.25420 -8.84563
 54.29420 -8.88361
 54.29330 -8.83000
 54.26760 -8.69021
 54.26820 -8.66250
 54.27610 -8.63764
 54.30500 -8.60958
 54.32640 -8.60048
 54.37860 -8.62195
 54.39710 -8.64243
 54.41080 -8.76861
 54.41470 -8.82653
 54.40540 -8.84493
 54.41420 -8.88695
 54.45190 -8.99472
 54.47500 -9.01395
 54.50350 -9.01125
 54.54240 -8.96403
 54.54790 -8.94361
 54.56110 -8.91889
 54.62080 -8.85083
 54.67690 -8.80958
 54.71170 -8.75445
 54.72110 -8.73445
 54.74690 -8.69695
 54.80670 -8.65132
 54.83220 -8.64139
 54.85740 -8.57618
 54.87060 -8.54561
 54.86690 -8.39011
 54.85650 -8.30090
 54.82530 -8.29445
 54.77860 -8.29660
 54.74280 -8.29084
 54.77500 -8.28055
 54.82670 -8.28208
 54.90060 -8.29334
 54.93310 -8.30722
 55.03330 -8.37334
 55.04920 -8.38819
 55.05650 -8.40805
 55.05100 -8.45424
 55.02420 -8.43833
 55.00930 -8.40764
 54.99420 -8.37195
 54.96610 -8.35319
 54.91960 -8.42042
 54.90000 -8.46122
 54.90060 -8.49046
 54.91080 -8.60048
 54.91310 -8.66455
 54.89580 -8.69277
 54.89110 -8.71945
 54.89810 -8.75889
 54.90610 -8.78583
 54.91380 -8.83509
 54.90810 -8.92000
 54.90550 -8.94111
 54.86500 -9.16889
 54.84960 -9.22889
 54.82930 -9.23084
 54.81260 -9.24834
 54.81060 -9.35084
 54.82760 -9.37722
 54.83330 -9.41472
 54.82540 -9.44535
2283 17 54.40666 54.53458 -11.31250 -11.00611 'Schleswig-Holstein (Germany)'
 54.49440 -11.24370
 54.45870 -11.27390
 54.42400 -11.30220
 54.40830 -11.31250
 54.40670 -11.13920
 54.40690 -11.12390
 54.43880 -11.02100
 54.44720 -11.00900
 54.45760 -11.00610
 54.47690 -11.01140
 54.49080 -11.01860
 54.50460 -11.02870
 54.51830 -11.04390
 54.53460 -11.06680
 54.52000 -11.18420
 54.50310 -11.23220
 54.49440 -11.24370
2284 15 54.68416 54.75527 -8.59486 -8.39834 'Schleswig-Holstein (Germany)'
 54.68420 -8.56361
 54.68560 -8.48834
 54.68690 -8.47834
 54.71020 -8.39834
 54.73260 -8.40986
 54.74220 -8.42584
 54.74830 -8.44472
 54.75190 -8.46166
 54.75530 -8.53861
 54.75390 -8.55111
 54.75030 -8.56972
 54.74450 -8.58514
 54.71990 -8.59486
 54.68740 -8.57000
 54.68420 -8.56361
2285 5 54.37749 54.38195 -11.01645 -10.97945 'Schleswig-Holstein (Germany)'
 54.38060 -10.97940
 54.38190 -10.99500
 54.37920 -11.01650
 54.37750 -10.99460
 54.38060 -10.97940
2329 133 48.96442 50.93361 -8.49319 -6.11305 'Rheinland-Pfalz (Germany)'
 49.16880 -7.36902
 49.16810 -7.34674
 49.20330 -7.29625
 49.24190 -7.29035
 49.28360 -7.33528
 49.33430 -7.38708
 49.36800 -7.38805
 49.37920 -7.35111
 49.47580 -7.30416
 49.56720 -7.24805
 49.62790 -7.01611
 49.62940 -6.94493
 49.61080 -6.90007
 49.60030 -6.88111
 49.56830 -6.77639
 49.55110 -6.71736
 49.53050 -6.61222
 49.53000 -6.59222
 49.53220 -6.45389
 49.52590 -6.35649
 49.66580 -6.42084
 49.69300 -6.47250
 49.70660 -6.50584
 49.80770 -6.52403
 49.81110 -6.48195
 49.80890 -6.42972
 49.81780 -6.39555
 49.84830 -6.32111
 49.85530 -6.31594
 49.88240 -6.25278
 49.89750 -6.23416
 49.95110 -6.17416
 49.99390 -6.14055
 50.01390 -6.13055
 50.05740 -6.11305
 50.09080 -6.11834
 50.11920 -6.12916
 50.12780 -6.13441
 50.15440 -6.13972
 50.22470 -6.16666
 50.28360 -6.28084
 50.31280 -6.34972
 50.32320 -6.39820
 50.34080 -6.42278
 50.35610 -6.44916
 50.36970 -6.53028
 50.37810 -6.59500
 50.36370 -6.67334
 50.33750 -6.70945
 50.34120 -6.73722
 50.36220 -6.80201
 50.40420 -6.77834
 50.48250 -6.82166
 50.55730 -6.94445
 50.58530 -7.09695
 50.61970 -7.29584
 50.62920 -7.34334
 50.64250 -7.37153
 50.67690 -7.38278
 50.70580 -7.44889
 50.71690 -7.52264
 50.73610 -7.58084
 50.76440 -7.66305
 50.77620 -7.69542
 50.83580 -7.76445
 50.86740 -7.76042
 50.90830 -7.75160
 50.93360 -7.80222
 50.92010 -7.86115
 50.83810 -7.91778
 50.70000 -8.05445
 50.68390 -8.13445
 50.64920 -8.12163
 50.61050 -8.14722
 50.58680 -8.16750
 50.53990 -8.13604
 50.52720 -8.11236
 50.52920 -8.08924
 50.54620 -8.06208
 50.54360 -8.03805
 50.51640 -7.99903
 50.39710 -7.97597
 50.39140 -8.00334
 50.38810 -8.03028
 50.37170 -8.04889
 50.31500 -8.10611
 50.27140 -8.11754
 50.25030 -8.03111
 50.19890 -7.91764
 50.05340 -7.77151
 49.97410 -7.87451
 49.97280 -7.90916
 49.98000 -7.97069
 50.00470 -8.06389
 50.02010 -8.11875
 50.03290 -8.17972
 50.03250 -8.20722
 50.02580 -8.23733
 49.97670 -8.31764
 49.95430 -8.33823
 49.76920 -8.41834
 49.69230 -8.36225
 49.63640 -8.37084
 49.61610 -8.38445
 49.58500 -8.41500
 49.58160 -8.42023
 49.56810 -8.42166
 49.53390 -8.42611
 49.45750 -8.44777
 49.44060 -8.48895
 49.36790 -8.49319
 49.27710 -8.45736
 49.23010 -8.39042
 49.18860 -8.37861
 49.13610 -8.36861
 49.11610 -8.36139
 49.09720 -8.35278
 49.00800 -8.29139
 48.98690 -8.27334
 48.96930 -8.24500
 48.96440 -8.22608
 48.97640 -8.15555
 49.00820 -8.04583
 49.04890 -7.93597
 49.04640 -7.82139
 49.04280 -7.73750
 49.04220 -7.66889
 49.04490 -7.65209
 49.06720 -7.62805
 49.16420 -7.48695
 49.17650 -7.42555
 49.17240 -7.37861
 49.16880 -7.36902
2330 40 49.11166 49.62944 -7.38805 -6.35649 'Saarland (Germany)'
 49.45940 -6.36217
 49.48920 -6.36278
 49.52590 -6.35649
 49.53220 -6.45389
 49.53000 -6.59222
 49.53050 -6.61222
 49.55110 -6.71736
 49.56830 -6.77639
 49.60030 -6.88111
 49.61080 -6.90007
 49.62940 -6.94493
 49.62790 -7.01611
 49.56720 -7.24805
 49.47580 -7.30416
 49.37920 -7.35111
 49.36800 -7.38805
 49.33430 -7.38708
 49.28360 -7.33528
 49.24190 -7.29035
 49.20330 -7.29625
 49.16810 -7.34674
 49.16880 -7.36902
 49.15190 -7.36403
 49.11170 -7.28972
 49.12110 -7.15166
 49.12750 -7.09055
 49.18750 -7.01945
 49.22020 -6.92986
 49.21200 -6.84607
 49.18180 -6.85635
 49.15510 -6.83410
 49.16760 -6.72924
 49.18730 -6.71507
 49.24500 -6.68695
 49.36310 -6.59472
 49.42390 -6.54125
 49.44280 -6.50834
 49.46140 -6.46834
 49.47570 -6.41375
 49.45940 -6.36217
2585 269 47.27472 50.55805 -13.83361 -8.97424 'Bayern (Germany)'
 47.58610 -9.60916
 47.58970 -9.61361
 47.60670 -9.65750
 47.67480 -9.86285
 47.65780 -9.91986
 47.65390 -9.94084
 47.66970 -10.08330
 47.67670 -10.10610
 47.69890 -10.12670
 47.81390 -10.12810
 47.86890 -10.10220
 47.90830 -10.11310
 48.05040 -10.13670
 48.08670 -10.14000
 48.10860 -10.13580
 48.28630 -10.06640
 48.31070 -10.05030
 48.34110 -10.01780
 48.36780 -9.98916
 48.39090 -10.00000
 48.46730 -10.05760
 48.47960 -10.13570
 48.46710 -10.16000
 48.53360 -10.31470
 48.56110 -10.32360
 48.61690 -10.33720
 48.67220 -10.43190
 48.72580 -10.47220
 48.91640 -10.46990
 48.94060 -10.45820
 48.95830 -10.44140
 48.97780 -10.42000
 49.03240 -10.35690
 49.03780 -10.32830
 49.04190 -10.29750
 49.04670 -10.27810
 49.15420 -10.21890
 49.18580 -10.18060
 49.20670 -10.14830
 49.25920 -10.12810
 49.34030 -10.11600
 49.38180 -10.13320
 49.50960 -10.12960
 49.54080 -10.09350
 49.53060 -10.05780
 49.50560 -10.05110
 49.48270 -10.03010
 49.47890 -10.00000
 49.47940 -9.94111
 49.51780 -9.93277
 49.55500 -9.92958
 49.57750 -9.91805
 49.69890 -9.82555
 49.71750 -9.79666
 49.72150 -9.70736
 49.77690 -9.63250
 49.78420 -9.49750
 49.78550 -9.42584
 49.76440 -9.31375
 49.73090 -9.31638
 49.72440 -9.35555
 49.71820 -9.40292
 49.70870 -9.42548
 49.68780 -9.42750
 49.64400 -9.41861
 49.57820 -9.26153
 49.57220 -9.13416
 49.57510 -9.11045
 49.59220 -9.09750
 49.62060 -9.08334
 49.68830 -9.10416
 49.76190 -9.11833
 49.83580 -9.05778
 49.85670 -9.04722
 50.04830 -8.97424
 50.10210 -9.01583
 50.12530 -9.10666
 50.14470 -9.23708
 50.14030 -9.32722
 50.12620 -9.37014
 50.11110 -9.38875
 50.08790 -9.42319
 50.11350 -9.51542
 50.14190 -9.50972
 50.18070 -9.49819
 50.23460 -9.50521
 50.23250 -9.53195
 50.22560 -9.55771
 50.22650 -9.62584
 50.29900 -9.74445
 50.40780 -9.89916
 50.42220 -9.94639
 50.43910 -9.98750
 50.45990 -10.01210
 50.49490 -10.04330
 50.51630 -10.05490
 50.54640 -10.09580
 50.55810 -10.12860
 50.55140 -10.19740
 50.49000 -10.31500
 50.47280 -10.33830
 50.35470 -10.49330
 50.22600 -10.61400
 50.20700 -10.72400
 50.21330 -10.72690
 50.21470 -10.72670
 50.29220 -10.76860
 50.32030 -10.71330
 50.35720 -10.71580
 50.38170 -10.80940
 50.38890 -10.85890
 50.38720 -10.94330
 50.35280 -11.07750
 50.29480 -11.13770
 50.27780 -11.18280
 50.26890 -11.24360
 50.27460 -11.25470
 50.30310 -11.26810
 50.37190 -11.27640
 50.47490 -11.24900
 50.52190 -11.35190
 50.51710 -11.42000
 50.49080 -11.42670
 50.44870 -11.41800
 50.37680 -11.52640
 50.38970 -11.82470
 50.40170 -11.87080
 50.41500 -11.90530
 50.41880 -11.92620
 50.37560 -11.98120
 50.34970 -11.98290
 50.32920 -12.03830
 50.32250 -12.09370
 50.30850 -12.12210
 50.16360 -12.20920
 50.13630 -12.19380
 50.10620 -12.20610
 50.06610 -12.26560
 50.04750 -12.30750
 49.99390 -12.42940
 49.98580 -12.47110
 49.97580 -12.49140
 49.90960 -12.54600
 49.78350 -12.46850
 49.69550 -12.45560
 49.69080 -12.47610
 49.67720 -12.51550
 49.61670 -12.55470
 49.56060 -12.57860
 49.52750 -12.59780
 49.42500 -12.67440
 49.33990 -12.79720
 49.34040 -12.88720
 49.33490 -12.95900
 49.28780 -13.03110
 49.16720 -13.17310
 49.10080 -13.31850
 49.04920 -13.39610
 49.00620 -13.40250
 48.97250 -13.50970
 48.97370 -13.56480
 48.95740 -13.59530
 48.94760 -13.62610
 48.90440 -13.65190
 48.88940 -13.67220
 48.87930 -13.69940
 48.88130 -13.72810
 48.87080 -13.74560
 48.84600 -13.76170
 48.83400 -13.78010
 48.80020 -13.81200
 48.77990 -13.81830
 48.77360 -13.83360
 48.73810 -13.81470
 48.63110 -13.82540
 48.58260 -13.80370
 48.51560 -13.72600
 48.53230 -13.67690
 48.55170 -13.65470
 48.56810 -13.60280
 48.58460 -13.51860
 48.56020 -13.44320
 48.51560 -13.45750
 48.42940 -13.43790
 48.39100 -13.42190
 48.36610 -13.39500
 48.32860 -13.33500
 48.31580 -13.31310
 48.30530 -13.28530
 48.29890 -13.25810
 48.29220 -13.15440
 48.25940 -13.01780
 48.20290 -12.87120
 48.12170 -12.75970
 48.08220 -12.76620
 48.05460 -12.79920
 48.03000 -12.83750
 48.01190 -12.85700
 47.99460 -12.86530
 47.95780 -12.91890
 47.90690 -12.96670
 47.85420 -13.00890
 47.81060 -12.97060
 47.78870 -12.94420
 47.72500 -12.91400
 47.71420 -12.99370
 47.72420 -13.02310
 47.70610 -13.05830
 47.68740 -13.07750
 47.64290 -13.10010
 47.49760 -13.05330
 47.46980 -13.01250
 47.47700 -12.95790
 47.55470 -12.80670
 47.58350 -12.78820
 47.61490 -12.80600
 47.62120 -12.82780
 47.68270 -12.73690
 47.68500 -12.66580
 47.67230 -12.60340
 47.64420 -12.57640
 47.64190 -12.56670
 47.63330 -12.51440
 47.66780 -12.45500
 47.65750 -12.20110
 47.63340 -12.20730
 47.61300 -12.20160
 47.61110 -12.14140
 47.61470 -12.11110
 47.62060 -12.06000
 47.62440 -12.00640
 47.61420 -11.92000
 47.58470 -11.68310
 47.52410 -11.57990
 47.51550 -11.55440
 47.50920 -11.50530
 47.51220 -11.45750
 47.42890 -11.29640
 47.39650 -11.10400
 47.39530 -11.02860
 47.39580 -11.00830
 47.40030 -10.97670
 47.51810 -10.90940
 47.55390 -10.69080
 47.54030 -10.56940
 47.58650 -10.48180
 47.58050 -10.43370
 47.52920 -10.43640
 47.48290 -10.46620
 47.43760 -10.47370
 47.39610 -10.42970
 47.31270 -10.33670
 47.28890 -10.27440
 47.27600 -10.22890
 47.27470 -10.17330
 47.32250 -10.21170
 47.37370 -10.23170
 47.49530 -10.04310
 47.53970 -9.95500
 47.59420 -9.81097
 47.59120 -9.77542
 47.56580 -9.74625
 47.54110 -9.73279
 47.52950 -9.69253
 47.52950 -9.65151
 47.52950 -9.60877
 47.53740 -9.57792
 47.55770 -9.58717
 47.58610 -9.60916
2598 21 52.33834 52.64083 -13.74958 -13.09271 'Berlin (Germany)'
 52.33830 -13.64860
 52.37770 -13.64250
 52.39750 -13.56390
 52.40860 -13.47560
 52.38170 -13.42390
 52.37920 -13.39560
 52.40720 -13.27070
 52.41750 -13.23710
 52.41690 -13.21400
 52.40000 -13.16450
 52.40080 -13.12250
 52.41430 -13.09270
 52.59320 -13.14780
 52.62810 -13.22220
 52.64080 -13.27690
 52.60910 -13.50500
 52.51360 -13.62610
 52.48760 -13.67430
 52.45370 -13.74960
 52.42440 -13.74030
 52.33830 -13.64860
2599 173 51.34528 53.41642 -14.76076 -11.57518 'Brandenburg (Germany)'
 53.04330 -11.63360
 53.08390 -11.67200
 53.12060 -11.66400
 53.13760 -11.64630
 53.16640 -11.59270
 53.18900 -11.57520
 53.23370 -11.60360
 53.25540 -11.67670
 53.24300 -11.78520
 53.25000 -11.89390
 53.31510 -11.99830
 53.33940 -11.98860
 53.37720 -12.03060
 53.36940 -12.20280
 53.33920 -12.23220
 53.26550 -12.43720
 53.27190 -12.52190
 53.23550 -12.66420
 53.20610 -12.73970
 53.16280 -12.97470
 53.16860 -13.00360
 53.20800 -13.08080
 53.22280 -13.10250
 53.24500 -13.11780
 53.25940 -13.15110
 53.27760 -13.24580
 53.25950 -13.35410
 53.27560 -13.42700
 53.29540 -13.45540
 53.31440 -13.48250
 53.34240 -13.49230
 53.38700 -13.52980
 53.41480 -13.55780
 53.41400 -13.63030
 53.40720 -13.73890
 53.41130 -13.87500
 53.41640 -13.92050
 53.40460 -13.97450
 53.36990 -14.06420
 53.33580 -14.09050
 53.26440 -14.09220
 53.26220 -14.18810
 53.26330 -14.23470
 53.28360 -14.24860
 53.30860 -14.28440
 53.33900 -14.41330
 53.30440 -14.41280
 53.14420 -14.39170
 53.11010 -14.38030
 53.04890 -14.34740
 53.01880 -14.29370
 52.98890 -14.22540
 52.98470 -14.20030
 52.97330 -14.16890
 52.95920 -14.14760
 52.86280 -14.14920
 52.81860 -14.20540
 52.74830 -14.35500
 52.73080 -14.38330
 52.67530 -14.44830
 52.65250 -14.47870
 52.63920 -14.51440
 52.62720 -14.55460
 52.60680 -14.59580
 52.57300 -14.63960
 52.49060 -14.63350
 52.43990 -14.58510
 52.43320 -14.56320
 52.42190 -14.54400
 52.39620 -14.53440
 52.28830 -14.57990
 52.27280 -14.59890
 52.26030 -14.65580
 52.25440 -14.69250
 52.24560 -14.70790
 52.06990 -14.76080
 51.94310 -14.71760
 51.89690 -14.68990
 51.86530 -14.64540
 51.84820 -14.61010
 51.82010 -14.60100
 51.72390 -14.66800
 51.70220 -14.69810
 51.69100 -14.72210
 51.66670 -14.75610
 51.60750 -14.75920
 51.55470 -14.71500
 51.57480 -14.67710
 51.53030 -14.63050
 51.52510 -14.59410
 51.53710 -14.52190
 51.52640 -14.46720
 51.50460 -14.40320
 51.48360 -14.27570
 51.49630 -14.14000
 51.47430 -14.09410
 51.43500 -14.08390
 51.39050 -14.04650
 51.36670 -13.96170
 51.35530 -13.88360
 51.35000 -13.79190
 51.34530 -13.70470
 51.34970 -13.60940
 51.35690 -13.54720
 51.36560 -13.52750
 51.40550 -13.39190
 51.39610 -13.33030
 51.37940 -13.18580
 51.40690 -13.17300
 51.42890 -13.20140
 51.49170 -13.21250
 51.52470 -13.20110
 51.56860 -13.17500
 51.58720 -13.13750
 51.63280 -13.03420
 51.65950 -13.10190
 51.69290 -13.13000
 51.80560 -13.11490
 51.84530 -13.09390
 51.87170 -13.06420
 51.90940 -12.93810
 51.93080 -12.86330
 51.97810 -12.64830
 51.96550 -12.61530
 51.96830 -12.56970
 52.00750 -12.43060
 52.03960 -12.36340
 52.12860 -12.25670
 52.16470 -12.21580
 52.19030 -12.19580
 52.30140 -12.20420
 52.38440 -12.22920
 52.43110 -12.25780
 52.48530 -12.28890
 52.51720 -12.30330
 52.51080 -12.24720
 52.51640 -12.15610
 52.54750 -12.12000
 52.63690 -12.19500
 52.80720 -12.23530
 52.86330 -12.21080
 52.89210 -12.09810
 52.88570 -12.04560
 52.88080 -11.99310
 52.88450 -11.96300
 52.89470 -11.90550
 52.92030 -11.83130
 52.95010 -11.84860
 52.96750 -11.77580
 52.97970 -11.69860
 53.03640 -11.63890
 53.04330 -11.63360
 52.33830 -13.64860
 52.42440 -13.74030
 52.45370 -13.74960
 52.48760 -13.67430
 52.51360 -13.62610
 52.60910 -13.50500
 52.64080 -13.27690
 52.62810 -13.22220
 52.59320 -13.14780
 52.41430 -13.09270
 52.40080 -13.12250
 52.40000 -13.16450
 52.41690 -13.21400
 52.41750 -13.23710
 52.40720 -13.27070
 52.37920 -13.39560
 52.38170 -13.42390
 52.40860 -13.47560
 52.39750 -13.56390
 52.37770 -13.64250
 52.33830 -13.64860
2600 125 50.92527 53.04333 -13.12997 -10.57035 'Sachsen-Anhalt (Germany)'
 53.04330 -11.63360
 53.03640 -11.63890
 52.97970 -11.69860
 52.96750 -11.77580
 52.95010 -11.84860
 52.92030 -11.83130
 52.89470 -11.90550
 52.88450 -11.96300
 52.88080 -11.99310
 52.88570 -12.04560
 52.89210 -12.09810
 52.86330 -12.21080
 52.80720 -12.23530
 52.63690 -12.19500
 52.54750 -12.12000
 52.51640 -12.15610
 52.51080 -12.24720
 52.51720 -12.30330
 52.48530 -12.28890
 52.43110 -12.25780
 52.38440 -12.22920
 52.30140 -12.20420
 52.19030 -12.19580
 52.16470 -12.21580
 52.12860 -12.25670
 52.03960 -12.36340
 52.00750 -12.43060
 51.96830 -12.56970
 51.96550 -12.61530
 51.97810 -12.64830
 51.93080 -12.86330
 51.90940 -12.93810
 51.87170 -13.06420
 51.84530 -13.09390
 51.80560 -13.11490
 51.69290 -13.13000
 51.65950 -13.10190
 51.63280 -13.03420
 51.63330 -12.99690
 51.64370 -12.93670
 51.65830 -12.86810
 51.63190 -12.69780
 51.60060 -12.64940
 51.60250 -12.53080
 51.60530 -12.44460
 51.57240 -12.43640
 51.55110 -12.30750
 51.55510 -12.25900
 51.56470 -12.23390
 51.52640 -12.19280
 51.29330 -12.13220
 51.18640 -12.16330
 51.12850 -12.18210
 51.09260 -12.21180
 51.07560 -12.26780
 51.06110 -12.24690
 51.03530 -12.24030
 51.02010 -12.27400
 50.94250 -12.22420
 50.92530 -12.19850
 50.94970 -11.99420
 50.98240 -11.95150
 51.00000 -11.92670
 51.02250 -11.86600
 51.01970 -11.76110
 51.07750 -11.70100
 51.08810 -11.58030
 51.08920 -11.45080
 51.09690 -11.42920
 51.20890 -11.32670
 51.26400 -11.29580
 51.30810 -11.29720
 51.36110 -11.26310
 51.38290 -11.14510
 51.40750 -11.00030
 51.42220 -10.96610
 51.53610 -10.91800
 51.57100 -10.91390
 51.57420 -10.94890
 51.59860 -10.94420
 51.61830 -10.87330
 51.63060 -10.82220
 51.62830 -10.72890
 51.63710 -10.69730
 51.66560 -10.67060
 51.68800 -10.66420
 51.74330 -10.62720
 51.85510 -10.60340
 51.88700 -10.63830
 51.94440 -10.61720
 51.97610 -10.59000
 52.00580 -10.57030
 52.04430 -10.65600
 52.05030 -10.69330
 52.05240 -10.72390
 52.05900 -10.95690
 52.13940 -11.04830
 52.16270 -11.06240
 52.18610 -11.01940
 52.21390 -11.04110
 52.49890 -10.98060
 52.53420 -10.96890
 52.61250 -10.92920
 52.62060 -10.92000
 52.66310 -10.87810
 52.71710 -10.80040
 52.78560 -10.75670
 52.84070 -10.76250
 52.84870 -10.79740
 52.85390 -10.87420
 52.85370 -10.94470
 52.87780 -10.97940
 52.90400 -10.99920
 52.91560 -11.04180
 52.91530 -11.08690
 52.89800 -11.21420
 52.88360 -11.24390
 52.88060 -11.29750
 52.88420 -11.31720
 52.88860 -11.33750
 52.90630 -11.41220
 53.00560 -11.56250
 53.03030 -11.58080
 53.03700 -11.58130
 53.04330 -11.63360
2601 146 50.20666 51.65834 -15.03382 -11.89639 'Sachsen (Germany)'
 51.07560 -12.26780
 51.09260 -12.21180
 51.12850 -12.18210
 51.18640 -12.16330
 51.29330 -12.13220
 51.52640 -12.19280
 51.56470 -12.23390
 51.55510 -12.25900
 51.55110 -12.30750
 51.57240 -12.43640
 51.60530 -12.44460
 51.60250 -12.53080
 51.60060 -12.64940
 51.63190 -12.69780
 51.65830 -12.86810
 51.64370 -12.93670
 51.63330 -12.99690
 51.63280 -13.03420
 51.58720 -13.13750
 51.56860 -13.17500
 51.52470 -13.20110
 51.49170 -13.21250
 51.42890 -13.20140
 51.40690 -13.17300
 51.37940 -13.18580
 51.39610 -13.33030
 51.40550 -13.39190
 51.36560 -13.52750
 51.35690 -13.54720
 51.34970 -13.60940
 51.34530 -13.70470
 51.35000 -13.79190
 51.35530 -13.88360
 51.36670 -13.96170
 51.39050 -14.04650
 51.43500 -14.08390
 51.47430 -14.09410
 51.49630 -14.14000
 51.48360 -14.27570
 51.50460 -14.40320
 51.52640 -14.46720
 51.53710 -14.52190
 51.52510 -14.59410
 51.53030 -14.63050
 51.57480 -14.67710
 51.55470 -14.71500
 51.52650 -14.73940
 51.49860 -14.83750
 51.48190 -14.92110
 51.47000 -14.95310
 51.44080 -14.97560
 51.36800 -14.98180
 51.35720 -14.97170
 51.33360 -14.98330
 51.31680 -15.00260
 51.28670 -15.03380
 51.23920 -15.03220
 51.11860 -14.99440
 51.07830 -14.97890
 51.05220 -14.96560
 51.00250 -14.93110
 50.95940 -14.89690
 50.88310 -14.82620
 50.86580 -14.82830
 50.85640 -14.82500
 50.81970 -14.80290
 50.81830 -14.77150
 50.82390 -14.73970
 50.82920 -14.71780
 50.84720 -14.65170
 50.85830 -14.61920
 50.88110 -14.63140
 50.92360 -14.62830
 50.98250 -14.59720
 51.00560 -14.56920
 51.03670 -14.49170
 51.05250 -14.30620
 51.03750 -14.28560
 50.99510 -14.25810
 50.94610 -14.32120
 50.93500 -14.36830
 50.88220 -14.31140
 50.84300 -14.15560
 50.81440 -13.99070
 50.78820 -13.90360
 50.76890 -13.89110
 50.73080 -13.73420
 50.72580 -13.66940
 50.72220 -13.63470
 50.70940 -13.58220
 50.68970 -13.54110
 50.65060 -13.51080
 50.64190 -13.51850
 50.60170 -13.46340
 50.60530 -13.43670
 50.61140 -13.41490
 50.62940 -13.37830
 50.58920 -13.24960
 50.55140 -13.22320
 50.52040 -13.20610
 50.50280 -13.18720
 50.49810 -13.07940
 50.43930 -13.01530
 50.42110 -12.99190
 50.41830 -12.98560
 50.41000 -12.94470
 50.41470 -12.91720
 50.42530 -12.89830
 50.44220 -12.85580
 50.45300 -12.82510
 50.44500 -12.77220
 50.43150 -12.74040
 50.41190 -12.67140
 50.41190 -12.62100
 50.39250 -12.51540
 50.37310 -12.48610
 50.30920 -12.39860
 50.23610 -12.32560
 50.20670 -12.32310
 50.21850 -12.28110
 50.31460 -12.18260
 50.32250 -12.09370
 50.32920 -12.03830
 50.34970 -11.98290
 50.37560 -11.98120
 50.41880 -11.92620
 50.41500 -11.90530
 50.42830 -11.89640
 50.50140 -11.92860
 50.52300 -11.95420
 50.54760 -11.99820
 50.53180 -12.03990
 50.56330 -12.14920
 50.64750 -12.29860
 50.67370 -12.31490
 50.67920 -12.27860
 50.72330 -12.23820
 50.74550 -12.24030
 50.79180 -12.25920
 50.80280 -12.29560
 50.80670 -12.33610
 50.83500 -12.40920
 50.89500 -12.55520
 50.96320 -12.49360
 51.06610 -12.34220
 51.07560 -12.26780
2605 156 53.03704 54.47416 -14.41326 -10.60111 'Mecklenburg-Vorpommern (Germany)'
 53.03700 -11.58130
 53.07760 -11.46120
 53.07890 -11.44100
 53.07740 -11.41690
 53.12500 -11.26500
 53.14560 -11.23080
 53.16750 -11.15560
 53.16190 -11.12640
 53.18940 -11.00220
 53.27080 -10.80690
 53.31050 -10.73450
 53.35280 -10.72820
 53.36770 -10.69860
 53.36970 -10.62230
 53.36580 -10.60110
 53.39100 -10.62780
 53.41180 -10.62770
 53.45120 -10.63990
 53.48000 -10.70560
 53.48710 -10.75690
 53.51360 -10.81640
 53.57280 -10.84530
 53.57080 -10.88030
 53.57440 -10.92120
 53.65150 -10.95630
 53.67940 -10.94460
 53.69850 -10.91670
 53.70200 -10.88890
 53.70030 -10.85730
 53.72080 -10.81420
 53.77420 -10.76810
 53.84580 -10.75280
 53.86970 -10.76830
 53.89010 -10.81850
 53.93110 -10.89890
 53.95730 -10.90440
 53.98030 -10.96470
 53.99530 -11.01310
 54.00740 -11.05540
 54.01360 -11.09470
 54.01190 -11.18350
 53.93880 -11.25160
 53.91970 -11.41280
 53.96030 -11.48080
 53.99460 -11.49280
 54.03330 -11.52210
 54.02640 -11.54470
 54.02690 -11.55470
 54.03430 -11.57680
 54.08240 -11.62640
 54.11120 -11.62610
 54.15330 -11.68750
 54.15640 -11.74750
 54.17330 -11.98610
 54.19110 -12.12970
 54.28670 -12.32690
 54.30320 -12.34990
 54.39110 -12.43690
 54.44420 -12.48060
 54.47420 -12.52690
 54.45890 -12.54060
 54.44890 -12.63860
 54.44610 -12.66040
 54.44490 -12.68080
 54.44250 -12.80330
 54.44240 -12.90070
 54.42750 -12.92150
 54.41190 -12.88060
 54.41300 -12.75830
 54.42340 -12.72920
 54.42970 -12.70380
 54.41460 -12.67070
 54.41390 -12.64320
 54.39510 -12.46390
 54.37250 -12.42580
 54.30520 -12.36570
 54.26240 -12.37440
 54.24870 -12.40820
 54.24970 -12.45160
 54.25900 -12.42400
 54.28150 -12.41920
 54.33190 -12.48010
 54.36050 -12.54970
 54.36830 -12.58190
 54.37280 -12.62470
 54.37610 -12.68280
 54.37250 -12.76470
 54.39970 -13.02390
 54.27650 -13.11860
 54.25190 -13.21250
 54.23490 -13.28510
 54.17440 -13.37920
 54.09710 -13.45460
 54.08740 -13.48710
 54.08610 -13.49970
 54.11940 -13.48400
 54.17080 -13.71080
 54.10970 -13.78890
 54.08420 -13.79900
 54.05000 -13.78610
 53.98640 -13.82970
 53.90420 -13.86530
 53.87640 -13.82110
 53.85480 -13.80850
 53.77500 -13.95920
 53.70080 -14.22390
 53.69740 -14.25640
 53.69910 -14.27560
 53.55550 -14.30970
 53.33900 -14.41330
 53.30860 -14.28440
 53.28360 -14.24860
 53.26330 -14.23470
 53.26220 -14.18810
 53.26440 -14.09220
 53.33580 -14.09050
 53.36990 -14.06420
 53.40460 -13.97450
 53.41640 -13.92050
 53.41130 -13.87500
 53.40720 -13.73890
 53.41400 -13.63030
 53.41480 -13.55780
 53.38700 -13.52980
 53.34240 -13.49230
 53.31440 -13.48250
 53.29540 -13.45540
 53.27560 -13.42700
 53.25950 -13.35410
 53.27760 -13.24580
 53.25940 -13.15110
 53.24500 -13.11780
 53.22280 -13.10250
 53.20800 -13.08080
 53.16860 -13.00360
 53.16280 -12.97470
 53.20610 -12.73970
 53.23550 -12.66420
 53.27190 -12.52190
 53.26550 -12.43720
 53.33920 -12.23220
 53.36940 -12.20280
 53.37720 -12.03060
 53.33940 -11.98860
 53.31510 -11.99830
 53.25000 -11.89390
 53.24300 -11.78520
 53.25540 -11.67670
 53.23370 -11.60360
 53.18900 -11.57520
 53.16640 -11.59270
 53.13760 -11.64630
 53.12060 -11.66400
 53.08390 -11.67200
 53.04330 -11.63360
 53.03700 -11.58130
2606 94 54.22166 54.68250 -13.74389 -13.11882 'Mecklenburg-Vorpommern (Germany)'
 54.25970 -13.35750
 54.26510 -13.40690
 54.26030 -13.42100
 54.24790 -13.42760
 54.23580 -13.42690
 54.22170 -13.39540
 54.24860 -13.31860
 54.25500 -13.26810
 54.25720 -13.25330
 54.30550 -13.15610
 54.33670 -13.11880
 54.37140 -13.13400
 54.37530 -13.15400
 54.37280 -13.20060
 54.36970 -13.22010
 54.37170 -13.23580
 54.38000 -13.26390
 54.41150 -13.23900
 54.42810 -13.20780
 54.43430 -13.16460
 54.46500 -13.22860
 54.48580 -13.23220
 54.51340 -13.16720
 54.54560 -13.14700
 54.55250 -13.23140
 54.55130 -13.25560
 54.55030 -13.30400
 54.56640 -13.33780
 54.58040 -13.36740
 54.55810 -13.37780
 54.54200 -13.39500
 54.52170 -13.42040
 54.48890 -13.44750
 54.48370 -13.48390
 54.49310 -13.50310
 54.51340 -13.51660
 54.54980 -13.50260
 54.55080 -13.45940
 54.57000 -13.42610
 54.57840 -13.38350
 54.61010 -13.37470
 54.60440 -13.35540
 54.58280 -13.32970
 54.57330 -13.31060
 54.56430 -13.28410
 54.55780 -13.24870
 54.64120 -13.22650
 54.65670 -13.24470
 54.66670 -13.26330
 54.67140 -13.27860
 54.67330 -13.29220
 54.67940 -13.36440
 54.68080 -13.38390
 54.68250 -13.42710
 54.67480 -13.44160
 54.65860 -13.42560
 54.65070 -13.39390
 54.64190 -13.38430
 54.60700 -13.39130
 54.58880 -13.40740
 54.57780 -13.43340
 54.57320 -13.45630
 54.57470 -13.48180
 54.57680 -13.51610
 54.58470 -13.59310
 54.58610 -13.61780
 54.58490 -13.63850
 54.56660 -13.67450
 54.54250 -13.67920
 54.52940 -13.67650
 54.52150 -13.66860
 54.51420 -13.64420
 54.48320 -13.58740
 54.46740 -13.57740
 54.45690 -13.57730
 54.44170 -13.58360
 54.40330 -13.61900
 54.40110 -13.63110
 54.40140 -13.64640
 54.40150 -13.67140
 54.38810 -13.70250
 54.38100 -13.71070
 54.35470 -13.73110
 54.33110 -13.74390
 54.27510 -13.72920
 54.27190 -13.71310
 54.28200 -13.69530
 54.29690 -13.71080
 54.32260 -13.71250
 54.34870 -13.68690
 54.34220 -13.50640
 54.32830 -13.46940
 54.27320 -13.35760
 54.25970 -13.35750
2607 43 53.84014 54.16674 -14.22555 -13.75805 'Mecklenburg-Vorpommern (Germany)'
 53.86900 -14.21890
 53.87500 -14.19350
 53.87330 -14.08250
 53.86980 -14.03940
 53.85180 -14.00030
 53.84360 -13.94920
 53.84010 -13.88530
 53.85950 -13.82920
 53.87810 -13.87190
 53.89750 -13.92920
 53.91490 -13.93960
 53.94110 -13.95760
 53.96260 -13.98210
 53.94940 -14.01270
 53.94260 -14.03960
 53.98490 -14.05600
 54.00540 -14.04770
 54.01420 -14.01400
 54.03320 -14.00330
 54.05660 -13.97990
 54.06050 -13.95410
 54.05900 -13.92410
 54.03160 -13.91910
 54.01190 -13.90040
 53.99940 -13.85900
 54.03670 -13.82280
 54.07160 -13.80870
 54.10450 -13.81080
 54.14740 -13.75810
 54.16580 -13.76850
 54.16670 -13.81280
 54.14260 -13.82710
 54.10670 -13.86610
 54.09030 -13.89240
 54.07960 -13.92980
 54.07320 -13.96540
 54.06540 -14.00130
 53.99860 -14.10500
 53.94640 -14.18400
 53.93250 -14.21420
 53.92860 -14.22560
 53.90000 -14.21580
 53.86900 -14.21890
