726 35 14.87861 15.28916 89.91764 90.87195 'Baja Verapaz (Guatemala)'
 14.89600 90.66000
 14.90850 90.66130
 14.92940 90.66740
 14.99970 90.70670
 15.04560 90.79030
 15.14830 90.87190
 15.22560 90.87000
 15.25800 90.86860
 15.24310 90.79030
 15.22920 90.75720
 15.21350 90.72340
 15.20940 90.68610
 15.21150 90.53710
 15.26350 90.49750
 15.25750 90.38640
 15.28920 90.25670
 15.28820 89.94900
 15.27030 89.92560
 15.24020 89.91760
 15.16400 89.96580
 15.15640 89.97320
 15.15250 89.98330
 14.95900 90.28030
 14.88580 90.31210
 14.87860 90.34970
 14.88070 90.37900
 14.88920 90.39140
 14.89810 90.39640
 14.91710 90.41380
 14.89820 90.43470
 14.88810 90.46890
 14.88170 90.55110
 14.87920 90.59170
 14.89330 90.65250
 14.89600 90.66000
727 39 15.15552 16.07584 90.99155 92.10794 'Huehuetenango (Guatemala)'
 15.20950 91.58500
 15.22890 91.60560
 15.28280 91.65280
 15.33370 91.68880
 15.35030 91.70990
 15.36470 91.85170
 15.32920 91.94750
 15.27470 91.99610
 15.27810 92.05450
 15.41000 92.06700
 15.43760 92.10790
 15.90890 91.82860
 15.96110 91.79750
 16.07500 91.72920
 16.07560 91.70420
 16.07580 91.54000
 16.07570 90.99150
 16.06970 90.99210
 15.69780 91.19000
 15.61240 91.30720
 15.55860 91.32420
 15.50890 91.33010
 15.42350 91.28860
 15.39890 91.26220
 15.40060 91.21670
 15.38610 91.18510
 15.29020 91.17650
 15.27190 91.26250
 15.26400 91.32480
 15.26350 91.35310
 15.22900 91.44540
 15.21680 91.46130
 15.19530 91.47260
 15.16030 91.47980
 15.15550 91.51730
 15.15590 91.51900
 15.20420 91.54170
 15.21100 91.58060
 15.20950 91.58500
728 72 15.84111 17.82111 89.14195 91.43695 'Peten (Guatemala)'
 16.41440 89.18420
 16.10420 89.20420
 15.91530 89.21640
 15.88990 89.21620
 15.90620 89.23040
 15.91580 89.25010
 15.91710 89.33450
 15.90790 89.36500
 15.86080 89.39670
 15.85640 89.45920
 15.84110 89.51310
 15.86580 89.51500
 15.89840 89.51740
 15.90250 89.54330
 15.90370 89.62400
 15.92580 89.77530
 15.95470 89.88690
 15.99810 90.04750
 16.05330 90.22150
 16.07440 90.34280
 16.08460 90.43080
 16.07880 90.44760
 16.08830 90.44200
 16.13280 90.43210
 16.17240 90.43010
 16.19440 90.45730
 16.25670 90.45810
 16.30750 90.43860
 16.33500 90.40650
 16.37690 90.38440
 16.40110 90.39330
 16.41640 90.40640
 16.46110 90.48610
 16.46860 90.50500
 16.47330 90.54530
 16.47640 90.59070
 16.48920 90.60920
 16.52070 90.64530
 16.56360 90.64350
 16.59530 90.64420
 16.64420 90.65810
 16.67580 90.67890
 16.72650 90.71430
 16.75690 90.74860
 16.80540 90.80470
 16.81780 90.86670
 16.82990 90.91910
 16.88920 90.94890
 16.89610 90.98670
 16.92440 91.06360
 17.03560 91.18440
 17.13400 91.26850
 17.18810 91.33220
 17.23720 91.43400
 17.25750 91.43700
 17.25610 90.98390
 17.58500 90.98360
 17.81780 90.98310
 17.82070 90.98240
 17.82000 90.97920
 17.82000 90.92170
 17.82030 90.77780
 17.82110 90.59080
 17.82110 90.23830
 17.82100 90.00000
 17.82080 89.74220
 17.81970 89.43040
 17.81890 89.14200
 17.71940 89.14220
 17.34180 89.14340
 17.01390 89.14500
 16.41440 89.18420
729 81 14.81111 16.07885 90.42723 91.33014 'Quiche (Guatemala)'
 14.89600 90.66000
 14.91280 90.68560
 14.93250 90.76240
 14.93890 90.87030
 14.93860 90.97640
 14.91550 91.02460
 14.88820 91.03950
 14.84920 91.05140
 14.83430 91.06570
 14.82620 91.08740
 14.82850 91.09790
 14.81110 91.12190
 14.83690 91.13390
 14.86210 91.13450
 14.88400 91.16360
 14.90560 91.17260
 14.91050 91.18310
 14.93470 91.21470
 15.02420 91.24920
 15.07610 91.23750
 15.17180 91.28990
 15.21720 91.31830
 15.26400 91.32480
 15.27190 91.26250
 15.29020 91.17650
 15.38610 91.18510
 15.40060 91.21670
 15.39890 91.26220
 15.42350 91.28860
 15.50890 91.33010
 15.55860 91.32420
 15.61240 91.30720
 15.69780 91.19000
 16.06970 90.99210
 16.07570 90.99150
 16.07580 90.80450
 16.07560 90.62580
 16.07490 90.45380
 16.07880 90.44760
 16.05940 90.42720
 16.02610 90.43290
 15.99850 90.51110
 15.99900 90.56760
 16.03280 90.60100
 16.03960 90.63530
 16.03490 90.66640
 16.01810 90.69560
 15.96470 90.75940
 15.88860 90.76060
 15.83280 90.76950
 15.75330 90.81580
 15.68140 90.78970
 15.66760 90.74790
 15.65890 90.69830
 15.65600 90.66630
 15.61390 90.62890
 15.53170 90.60220
 15.51080 90.60150
 15.47360 90.64450
 15.43280 90.70740
 15.39090 90.70300
 15.35560 90.63220
 15.34850 90.59200
 15.34420 90.52420
 15.33440 90.48890
 15.31390 90.47700
 15.27110 90.49170
 15.26350 90.49750
 15.21150 90.53710
 15.20940 90.68610
 15.21350 90.72340
 15.22920 90.75720
 15.24310 90.79030
 15.25800 90.86860
 15.22560 90.87000
 15.14830 90.87190
 15.04560 90.79030
 14.99970 90.70670
 14.92940 90.66740
 14.90850 90.66130
 14.89600 90.66000
730 52 14.51027 15.21097 91.42842 92.13410 'Quezaltenango (Guatemala)'
 14.73940 91.46970
 14.73250 91.48080
 14.71780 91.50450
 14.71270 91.51040
 14.72100 91.53460
 14.70060 91.57950
 14.67400 91.63000
 14.65940 91.66670
 14.66780 91.69880
 14.68920 91.69720
 14.73560 91.69090
 14.69170 91.76480
 14.64110 91.78560
 14.58360 91.81140
 14.51900 91.86380
 14.51030 91.92880
 14.53080 92.01670
 14.60110 92.04110
 14.63600 92.13410
 14.68390 92.09640
 14.70390 92.07250
 14.73470 91.95600
 14.73420 91.91280
 14.72890 91.88580
 14.72710 91.86000
 14.73810 91.83270
 14.77610 91.80030
 14.97710 91.68470
 14.99820 91.67810
 15.04700 91.67500
 15.07790 91.68810
 15.11210 91.69970
 15.14100 91.68610
 15.16360 91.65890
 15.16530 91.62600
 15.17540 91.60460
 15.20950 91.58500
 15.21100 91.58060
 15.20420 91.54170
 15.15590 91.51900
 15.15640 91.52200
 15.12590 91.59200
 14.98060 91.55890
 14.93420 91.54250
 14.90680 91.51490
 14.90820 91.49420
 14.83420 91.43310
 14.81740 91.42840
 14.80740 91.42960
 14.77520 91.44260
 14.74190 91.46670
 14.73940 91.46970
731 40 14.12239 14.73559 91.51044 92.16446 'Retalhuleu (Guatemala)'
 14.71270 91.51040
 14.70750 91.51890
 14.69280 91.53720
 14.65850 91.56720
 14.54000 91.60810
 14.46050 91.61500
 14.42150 91.59680
 14.40010 91.59570
 14.33120 91.60420
 14.26830 91.63140
 14.15960 91.66670
 14.13210 91.66270
 14.12240 91.65890
 14.13890 91.68060
 14.15000 91.69720
 14.19190 91.77000
 14.21170 91.81270
 14.28780 91.91360
 14.32440 91.96060
 14.35000 91.99080
 14.42470 92.08110
 14.48390 92.16450
 14.48920 92.16200
 14.51140 92.10360
 14.50490 92.08090
 14.52610 92.02250
 14.53080 92.01670
 14.51030 91.92880
 14.51900 91.86380
 14.58360 91.81140
 14.64110 91.78560
 14.69170 91.76480
 14.73560 91.69090
 14.68920 91.69720
 14.66780 91.69880
 14.65940 91.66670
 14.67400 91.63000
 14.70060 91.57950
 14.72100 91.53460
 14.71270 91.51040
732 53 14.48389 15.43760 91.58502 92.24678 'San Marcos (Guatemala)'
 14.53080 92.01670
 14.52610 92.02250
 14.50490 92.08090
 14.51140 92.10360
 14.48920 92.16200
 14.48390 92.16450
 14.52170 92.21890
 14.54370 92.24210
 14.55050 92.24680
 14.55200 92.23790
 14.55810 92.21670
 14.58830 92.18720
 14.68310 92.15330
 14.70330 92.15260
 14.72940 92.15830
 14.76860 92.16920
 14.81060 92.18290
 14.84530 92.18380
 14.93470 92.14970
 15.02580 92.09390
 15.07730 92.07070
 15.26220 92.21140
 15.43760 92.10790
 15.41000 92.06700
 15.27810 92.05450
 15.27470 91.99610
 15.32920 91.94750
 15.36470 91.85170
 15.35030 91.70990
 15.33370 91.68880
 15.28280 91.65280
 15.22890 91.60560
 15.20950 91.58500
 15.17540 91.60460
 15.16530 91.62600
 15.16360 91.65890
 15.14100 91.68610
 15.11210 91.69970
 15.07790 91.68810
 15.04700 91.67500
 14.99820 91.67810
 14.97710 91.68470
 14.77610 91.80030
 14.73810 91.83270
 14.72710 91.86000
 14.72890 91.88580
 14.73420 91.91280
 14.73470 91.95600
 14.70390 92.07250
 14.68390 92.09640
 14.63600 92.13410
 14.60110 92.04110
 14.53080 92.01670
735 71 15.15055 16.08458 89.39666 90.81585 'Alta Verapaz (Guatemala)'
 15.15640 89.97320
 15.16400 89.96580
 15.24020 89.91760
 15.27030 89.92560
 15.28820 89.94900
 15.28920 90.25670
 15.25750 90.38640
 15.26350 90.49750
 15.27110 90.49170
 15.31390 90.47700
 15.33440 90.48890
 15.34420 90.52420
 15.34850 90.59200
 15.35560 90.63220
 15.39090 90.70300
 15.43280 90.70740
 15.47360 90.64450
 15.51080 90.60150
 15.53170 90.60220
 15.61390 90.62890
 15.65600 90.66630
 15.65890 90.69830
 15.66760 90.74790
 15.68140 90.78970
 15.75330 90.81580
 15.83280 90.76950
 15.88860 90.76060
 15.96470 90.75940
 16.01810 90.69560
 16.03490 90.66640
 16.03960 90.63530
 16.03280 90.60100
 15.99900 90.56760
 15.99850 90.51110
 16.02610 90.43290
 16.05940 90.42720
 16.07880 90.44760
 16.08460 90.43080
 16.07440 90.34280
 16.05330 90.22150
 15.99810 90.04750
 15.95470 89.88690
 15.92580 89.77530
 15.90370 89.62400
 15.90250 89.54330
 15.89840 89.51740
 15.86580 89.51500
 15.84110 89.51310
 15.85640 89.45920
 15.86080 89.39670
 15.85030 89.40750
 15.77170 89.50000
 15.75080 89.52970
 15.56170 89.66720
 15.50530 89.61180
 15.42060 89.63900
 15.39220 89.65130
 15.30010 89.64890
 15.21890 89.62970
 15.20000 89.62080
 15.17970 89.60560
 15.17830 89.60690
 15.16370 89.65900
 15.15620 89.75860
 15.16000 89.78460
 15.17240 89.81980
 15.17170 89.85140
 15.15970 89.87810
 15.15210 89.90060
 15.15060 89.92170
 15.15640 89.97320
736 33 14.39500 14.93889 90.66000 91.11427 'Chimaltenango (Guatemala)'
 14.77780 90.76530
 14.71690 90.78060
 14.60540 90.82720
 14.55560 90.87130
 14.52500 90.88600
 14.49600 90.89150
 14.48900 90.89040
 14.39500 90.98360
 14.41330 91.08670
 14.43040 91.11140
 14.43670 91.11100
 14.45320 91.09750
 14.47390 91.09780
 14.51080 91.09620
 14.52940 91.11220
 14.53030 91.11430
 14.55720 91.10860
 14.70450 91.07310
 14.75150 91.06930
 14.82620 91.08740
 14.83430 91.06570
 14.84920 91.05140
 14.88820 91.03950
 14.91550 91.02460
 14.93860 90.97640
 14.93890 90.87030
 14.93250 90.76240
 14.91280 90.68560
 14.89600 90.66000
 14.87990 90.66410
 14.86190 90.69250
 14.85310 90.71530
 14.77780 90.76530
737 49 13.91305 14.48904 90.52779 91.52798 'Escuintla (Guatemala)'
 14.43040 91.11140
 14.41330 91.08670
 14.39500 90.98360
 14.48900 90.89040
 14.40730 90.82880
 14.44310 90.71470
 14.46850 90.65050
 14.41640 90.59860
 14.29750 90.57950
 14.25610 90.56490
 14.24150 90.57950
 14.21160 90.58310
 14.21120 90.54170
 14.18690 90.52780
 14.11280 90.56060
 14.06780 90.62480
 14.00940 90.62780
 13.93060 90.62760
 13.92940 90.67330
 13.92640 90.77200
 13.92170 90.88970
 13.91780 90.94390
 13.91310 91.01580
 13.91310 91.08140
 13.91580 91.10610
 13.92610 91.18400
 13.95390 91.29640
 13.97890 91.38470
 14.02970 91.49360
 14.04350 91.52800
 14.10190 91.51610
 14.13250 91.49360
 14.20240 91.45410
 14.23140 91.45560
 14.27610 91.46250
 14.30070 91.45970
 14.35190 91.41810
 14.36890 91.39610
 14.37910 91.37600
 14.37380 91.35530
 14.34620 91.36290
 14.29970 91.35250
 14.28110 91.29610
 14.27190 91.16580
 14.30620 91.14890
 14.34180 91.14780
 14.37140 91.14260
 14.40970 91.12500
 14.43040 91.11140
738 42 14.25611 14.91712 90.20916 90.76529 'Guatemala (Guatemala)'
 14.46850 90.65050
 14.50080 90.64330
 14.64380 90.61800
 14.70940 90.65420
 14.74730 90.68970
 14.74930 90.72890
 14.77530 90.76310
 14.77780 90.76530
 14.85310 90.71530
 14.86190 90.69250
 14.87990 90.66410
 14.89600 90.66000
 14.89330 90.65250
 14.87920 90.59170
 14.88170 90.55110
 14.88810 90.46890
 14.89820 90.43470
 14.91710 90.41380
 14.89810 90.39640
 14.88920 90.39140
 14.88190 90.40750
 14.86460 90.41760
 14.74490 90.33460
 14.72650 90.31610
 14.67420 90.20920
 14.60560 90.26860
 14.55610 90.28310
 14.52140 90.28530
 14.51410 90.28530
 14.50720 90.29360
 14.48250 90.34520
 14.50680 90.36400
 14.49260 90.39320
 14.42010 90.43920
 14.37990 90.44250
 14.33660 90.44170
 14.30190 90.47360
 14.26500 90.53920
 14.25610 90.56490
 14.29750 90.57950
 14.41640 90.59860
 14.46850 90.65050
739 52 14.04349 14.73938 91.09618 91.66667 'Suchitepequez (Guatemala)'
 14.71270 91.51040
 14.71780 91.50450
 14.73250 91.48080
 14.73940 91.46970
 14.69440 91.44890
 14.65810 91.37840
 14.63530 91.29330
 14.56080 91.15290
 14.54570 91.13130
 14.53030 91.11430
 14.52940 91.11220
 14.51080 91.09620
 14.47390 91.09780
 14.45320 91.09750
 14.43670 91.11100
 14.43040 91.11140
 14.40970 91.12500
 14.37140 91.14260
 14.34180 91.14780
 14.30620 91.14890
 14.27190 91.16580
 14.28110 91.29610
 14.29970 91.35250
 14.34620 91.36290
 14.37380 91.35530
 14.37910 91.37600
 14.36890 91.39610
 14.35190 91.41810
 14.30070 91.45970
 14.27610 91.46250
 14.23140 91.45560
 14.20240 91.45410
 14.13250 91.49360
 14.10190 91.51610
 14.04350 91.52800
 14.06500 91.56360
 14.07830 91.58780
 14.09330 91.62140
 14.10640 91.64000
 14.12240 91.65890
 14.13210 91.66270
 14.15960 91.66670
 14.26830 91.63140
 14.33120 91.60420
 14.40010 91.59570
 14.42150 91.59680
 14.46050 91.61500
 14.54000 91.60810
 14.65850 91.56720
 14.69280 91.53720
 14.70750 91.51890
 14.71270 91.51040
740 17 14.40729 14.77777 90.61799 90.89154 'Sacatepequez (Guatemala)'
 14.48900 90.89040
 14.49600 90.89150
 14.52500 90.88600
 14.55560 90.87130
 14.60540 90.82720
 14.71690 90.78060
 14.77780 90.76530
 14.77530 90.76310
 14.74930 90.72890
 14.74730 90.68970
 14.70940 90.65420
 14.64380 90.61800
 14.50080 90.64330
 14.46850 90.65050
 14.44310 90.71470
 14.40730 90.82880
 14.48900 90.89040
741 28 14.53029 14.91050 91.06931 91.46970 'Solola (Guatemala)'
 14.53030 91.11430
 14.54570 91.13130
 14.56080 91.15290
 14.63530 91.29330
 14.65810 91.37840
 14.69440 91.44890
 14.73940 91.46970
 14.74190 91.46670
 14.77520 91.44260
 14.80740 91.42960
 14.81740 91.42840
 14.86720 91.36830
 14.86940 91.32950
 14.86220 91.27530
 14.85700 91.24470
 14.86870 91.21420
 14.91050 91.18310
 14.90560 91.17260
 14.88400 91.16360
 14.86210 91.13450
 14.83690 91.13390
 14.81110 91.12190
 14.82850 91.09790
 14.82620 91.08740
 14.75150 91.06930
 14.70450 91.07310
 14.55720 91.10860
 14.53030 91.11430
742 28 14.81741 15.26397 91.18306 91.59199 'Totonicapan (Guatemala)'
 14.91050 91.18310
 14.86870 91.21420
 14.85700 91.24470
 14.86220 91.27530
 14.86940 91.32950
 14.86720 91.36830
 14.81740 91.42840
 14.83420 91.43310
 14.90820 91.49420
 14.90680 91.51490
 14.93420 91.54250
 14.98060 91.55890
 15.12590 91.59200
 15.15640 91.52200
 15.15590 91.51900
 15.15550 91.51730
 15.16030 91.47980
 15.19530 91.47260
 15.21680 91.46130
 15.22900 91.44540
 15.26350 91.35310
 15.26400 91.32480
 15.21720 91.31830
 15.17180 91.28990
 15.07610 91.23750
 15.02420 91.24920
 14.93470 91.21470
 14.91050 91.18310
743 27 14.67416 15.15972 89.78500 90.41757 'El Progreso (Guatemala)'
 14.67420 90.20920
 14.72650 90.31610
 14.74490 90.33460
 14.86460 90.41760
 14.88190 90.40750
 14.88920 90.39140
 14.88070 90.37900
 14.87860 90.34970
 14.88580 90.31210
 14.95900 90.28030
 15.15250 89.98330
 15.15640 89.97320
 15.15060 89.92170
 15.15210 89.90060
 15.15970 89.87810
 15.15530 89.87420
 15.02970 89.78500
 14.94140 89.79170
 14.87580 89.83450
 14.87750 89.84610
 14.87400 89.87030
 14.84820 89.90040
 14.82000 89.91780
 14.79310 89.96420
 14.78830 90.03530
 14.70690 90.17970
 14.67420 90.20920
744 50 13.80128 14.51889 90.05195 90.62779 'Santa Rosa (Guatemala)'
 14.43330 90.05200
 14.35420 90.08170
 14.35980 90.12010
 14.34240 90.15360
 14.24980 90.18670
 14.23820 90.15650
 14.22780 90.12460
 14.18370 90.07100
 14.16850 90.05470
 14.08810 90.05210
 14.06690 90.06080
 14.04210 90.07930
 13.97440 90.15680
 13.98810 90.21440
 14.02080 90.26530
 14.00260 90.29190
 13.93100 90.27030
 13.91930 90.25220
 13.85180 90.23010
 13.83010 90.23010
 13.80130 90.23710
 13.84780 90.34920
 13.87310 90.41110
 13.89140 90.46250
 13.90030 90.49220
 13.92470 90.58940
 13.92920 90.61250
 13.93060 90.62760
 14.00940 90.62780
 14.06780 90.62480
 14.11280 90.56060
 14.18690 90.52780
 14.21120 90.54170
 14.21160 90.58310
 14.24150 90.57950
 14.25610 90.56490
 14.26500 90.53920
 14.30190 90.47360
 14.33660 90.44170
 14.37990 90.44250
 14.42010 90.43920
 14.49260 90.39320
 14.50680 90.36400
 14.48250 90.34520
 14.50720 90.29360
 14.51410 90.28530
 14.49330 90.26700
 14.51890 90.12810
 14.48500 90.12080
 14.43330 90.05200
809 64 15.07348 15.94084 88.21474 89.66724 'Izabal (Guatemala)'
 15.29550 88.75810
 15.24720 88.83720
 15.13560 88.98060
 15.07690 89.14280
 15.07350 89.15040
 15.07670 89.15780
 15.09940 89.17880
 15.12720 89.19080
 15.17360 89.19110
 15.22100 89.17960
 15.26580 89.17300
 15.29330 89.20030
 15.30150 89.21990
 15.30400 89.24130
 15.29490 89.28300
 15.27330 89.31220
 15.23420 89.41640
 15.18490 89.56010
 15.17970 89.60560
 15.20000 89.62080
 15.21890 89.62970
 15.30010 89.64890
 15.39220 89.65130
 15.42060 89.63900
 15.50530 89.61180
 15.56170 89.66720
 15.75080 89.52970
 15.77170 89.50000
 15.85030 89.40750
 15.86080 89.39670
 15.90790 89.36500
 15.91710 89.33450
 15.91580 89.25010
 15.90620 89.23040
 15.88990 89.21620
 15.91010 89.16970
 15.90640 89.04720
 15.89810 88.98080
 15.89360 88.91060
 15.86300 88.87300
 15.86470 88.83470
 15.86560 88.81220
 15.85670 88.78610
 15.83720 88.74790
 15.77810 88.67860
 15.71250 88.63850
 15.69850 88.61810
 15.70640 88.59810
 15.73300 88.60370
 15.84950 88.49580
 15.89780 88.55000
 15.91640 88.57670
 15.94080 88.55140
 15.83780 88.40640
 15.73680 88.25470
 15.72960 88.22860
 15.72440 88.21470
 15.71420 88.24000
 15.66730 88.31550
 15.63530 88.32780
 15.50460 88.48650
 15.44970 88.55250
 15.35000 88.66830
 15.29550 88.75810
815 33 14.41486 14.94986 89.13107 89.73639 'Chiquimula (Guatemala)'
 14.71510 89.13110
 14.68470 89.13780
 14.58500 89.19720
 14.58240 89.23580
 14.47150 89.35050
 14.43200 89.34830
 14.41490 89.43560
 14.42140 89.49500
 14.51280 89.50020
 14.57600 89.64610
 14.57750 89.68560
 14.58310 89.70050
 14.63470 89.68250
 14.68920 89.66150
 14.75670 89.66670
 14.78440 89.68550
 14.77970 89.73640
 14.78360 89.73220
 14.82720 89.70780
 14.86560 89.71220
 14.90470 89.66940
 14.86420 89.58860
 14.86170 89.51580
 14.91360 89.40170
 14.94990 89.21920
 14.93900 89.20190
 14.91170 89.18780
 14.90760 89.18600
 14.89360 89.20650
 14.87190 89.22310
 14.84440 89.22170
 14.73350 89.15490
 14.71510 89.13110
816 33 14.43264 14.87750 89.66153 90.28528 'Jalapa (Guatemala)'
 14.67420 90.20920
 14.70690 90.17970
 14.78830 90.03530
 14.79310 89.96420
 14.82000 89.91780
 14.84820 89.90040
 14.87400 89.87030
 14.87750 89.84610
 14.87580 89.83450
 14.85780 89.84580
 14.78650 89.79740
 14.77970 89.73640
 14.78440 89.68550
 14.75670 89.66670
 14.68920 89.66150
 14.63470 89.68250
 14.58310 89.70050
 14.57750 89.68560
 14.54190 89.67310
 14.50250 89.76760
 14.52190 89.78970
 14.51960 89.81540
 14.47640 89.88110
 14.43260 89.99720
 14.43330 90.05200
 14.48500 90.12080
 14.51890 90.12810
 14.49330 90.26700
 14.51410 90.28530
 14.52140 90.28530
 14.55610 90.28310
 14.60560 90.26860
 14.67420 90.20920
817 59 13.74584 14.57750 89.49501 90.29188 'Jutiapa (Guatemala)'
 14.43330 90.05200
 14.43260 89.99720
 14.47640 89.88110
 14.51960 89.81540
 14.52190 89.78970
 14.50250 89.76760
 14.54190 89.67310
 14.57750 89.68560
 14.57600 89.64610
 14.51280 89.50020
 14.42140 89.49500
 14.42080 89.54850
 14.41470 89.57100
 14.38580 89.58330
 14.32120 89.58920
 14.31650 89.56550
 14.30420 89.54330
 14.23390 89.51820
 14.20750 89.57950
 14.20820 89.60510
 14.20930 89.62700
 14.19560 89.65210
 14.17000 89.68640
 14.14500 89.71010
 14.11790 89.72680
 14.06960 89.74670
 14.04140 89.73970
 14.06650 89.81820
 14.05940 89.85440
 14.04420 89.88900
 13.93860 90.02060
 13.86850 90.08650
 13.82330 90.10390
 13.78900 90.10810
 13.74580 90.09640
 13.74720 90.10560
 13.76330 90.15190
 13.79170 90.21750
 13.80130 90.23710
 13.83010 90.23010
 13.85180 90.23010
 13.91930 90.25220
 13.93100 90.27030
 14.00260 90.29190
 14.02080 90.26530
 13.98810 90.21440
 13.97440 90.15680
 14.04210 90.07930
 14.06690 90.06080
 14.08810 90.05210
 14.16850 90.05470
 14.18370 90.07100
 14.22780 90.12460
 14.23820 90.15650
 14.24980 90.18670
 14.34240 90.15360
 14.35980 90.12010
 14.35420 90.08170
 14.43330 90.05200
818 46 14.77972 15.30403 89.15037 89.87806 'Zacapa (Guatemala)'
 15.15970 89.87810
 15.17170 89.85140
 15.17240 89.81980
 15.16000 89.78460
 15.15620 89.75860
 15.16370 89.65900
 15.17830 89.60690
 15.17970 89.60560
 15.18490 89.56010
 15.23420 89.41640
 15.27330 89.31220
 15.29490 89.28300
 15.30400 89.24130
 15.30150 89.21990
 15.29330 89.20030
 15.26580 89.17300
 15.22100 89.17960
 15.17360 89.19110
 15.12720 89.19080
 15.09940 89.17880
 15.07670 89.15780
 15.07350 89.15040
 15.05690 89.15830
 15.03000 89.17080
 14.99850 89.17740
 14.98080 89.15490
 14.92410 89.17580
 14.90760 89.18600
 14.91170 89.18780
 14.93900 89.20190
 14.94990 89.21920
 14.91360 89.40170
 14.86170 89.51580
 14.86420 89.58860
 14.90470 89.66940
 14.86560 89.71220
 14.82720 89.70780
 14.78360 89.73220
 14.77970 89.73640
 14.78650 89.79740
 14.85780 89.84580
 14.87580 89.83450
 14.94140 89.79170
 15.02970 89.78500
 15.15530 89.87420
 15.15970 89.87810
