2929 225 46.50658 49.99638 -92.01896 -87.76110 'Bayan-Olgiy (Mongolia)'
 49.17300 -87.84070
 49.16720 -87.85750
 49.16250 -87.88800
 49.17990 -87.99230
 49.26890 -88.15660
 49.28720 -88.17340
 49.31050 -88.15890
 49.36940 -88.13350
 49.43420 -88.17940
 49.45280 -88.20210
 49.46170 -88.22080
 49.48220 -88.34640
 49.48390 -88.40780
 49.47580 -88.56890
 49.45080 -88.73080
 49.44170 -88.85170
 49.45000 -88.90280
 49.47830 -88.87750
 49.53970 -88.88640
 49.54660 -88.92460
 49.51860 -88.95010
 49.46890 -88.98740
 49.46310 -89.00820
 49.49830 -89.15050
 49.50960 -89.18860
 49.52070 -89.20860
 49.54600 -89.23640
 49.57020 -89.23340
 49.60140 -89.20100
 49.62250 -89.20410
 49.63690 -89.22330
 49.64300 -89.25300
 49.63250 -89.28550
 49.60970 -89.31980
 49.58210 -89.37310
 49.59170 -89.40300
 49.62750 -89.44220
 49.64850 -89.45690
 49.67820 -89.56500
 49.68080 -89.59000
 49.68430 -89.62690
 49.72240 -89.72200
 49.74580 -89.73550
 49.76430 -89.72160
 49.77560 -89.69350
 49.78820 -89.65900
 49.85830 -89.63720
 49.90480 -89.64270
 49.91190 -89.65080
 49.92470 -89.67300
 49.93500 -89.70140
 49.94050 -89.72640
 49.94670 -89.76280
 49.95120 -89.80750
 49.94970 -89.83800
 49.94670 -89.87110
 49.94800 -89.90030
 49.97110 -89.98140
 49.98090 -90.00570
 49.99640 -90.02110
 49.97800 -90.06900
 49.95700 -90.10000
 49.91400 -90.12400
 49.68700 -90.24600
 49.64800 -90.26500
 49.62200 -90.27100
 49.56950 -90.30650
 49.50050 -90.41670
 49.45400 -90.42640
 49.43050 -90.44000
 49.41050 -90.53190
 49.39800 -90.61470
 49.38860 -90.63670
 49.36700 -90.65200
 49.33100 -90.67500
 49.31200 -90.70300
 49.31400 -90.74200
 49.31200 -90.79500
 49.30300 -90.88500
 49.29700 -90.90600
 49.25100 -90.91300
 49.11300 -91.00900
 49.06700 -91.03600
 49.03200 -91.05100
 48.98950 -91.08350
 48.96900 -91.11900
 48.95700 -91.17800
 48.94000 -91.22300
 48.89200 -91.27600
 48.86800 -91.30200
 48.83900 -91.31600
 48.75200 -91.35800
 48.71400 -91.34300
 48.65500 -91.34900
 48.63400 -91.36200
 48.61790 -91.26640
 48.60360 -91.18860
 48.57550 -91.11810
 48.53620 -91.04150
 48.50600 -90.98750
 48.38100 -90.91170
 48.32280 -90.89770
 48.19550 -90.88250
 48.10920 -90.90820
 48.05710 -90.93930
 48.01660 -90.96380
 47.88020 -91.09720
 47.82640 -91.16250
 47.75250 -91.21800
 47.70680 -91.23430
 47.63380 -91.23370
 47.59130 -91.24280
 47.55920 -91.25200
 47.54150 -91.27560
 47.51930 -91.32810
 47.49520 -91.35040
 47.41240 -91.40160
 47.32510 -91.40170
 47.26120 -91.43810
 47.19530 -91.49020
 47.13940 -91.53940
 47.09160 -91.57110
 47.03150 -91.57250
 46.96860 -91.56860
 46.90010 -91.56930
 46.86310 -91.60380
 46.82550 -91.66570
 46.78590 -91.77660
 46.72000 -91.92450
 46.64910 -92.01900
 46.60740 -92.01790
 46.58890 -91.98670
 46.58000 -91.90160
 46.58270 -91.81040
 46.58690 -91.73080
 46.57890 -91.66960
 46.56510 -91.62810
 46.53340 -91.56140
 46.51880 -91.52920
 46.50660 -91.48440
 46.52610 -91.41260
 46.56860 -91.35850
 46.61250 -91.28280
 46.63380 -91.18000
 46.62870 -91.09680
 46.61150 -91.04720
 46.60010 -91.02020
 46.67110 -91.03640
 46.72480 -91.04330
 46.75190 -91.02920
 46.89000 -90.95030
 46.95220 -90.91360
 46.97050 -90.89030
 46.98860 -90.85720
 46.99490 -90.83570
 46.99420 -90.81080
 46.99750 -90.76900
 47.04190 -90.71140
 47.19610 -90.58170
 47.24440 -90.54410
 47.31710 -90.49330
 47.50030 -90.46580
 47.52780 -90.42500
 47.55670 -90.39940
 47.62800 -90.35120
 47.69710 -90.26830
 47.73220 -90.14310
 47.76860 -90.10030
 47.78960 -90.08710
 47.83080 -90.08110
 47.86300 -90.09040
 47.88790 -90.07100
 47.89370 -89.99180
 47.87790 -89.96880
 47.84820 -89.96260
 47.83530 -89.93120
 47.82930 -89.78550
 47.91140 -89.67030
 47.98260 -89.60140
 48.00780 -89.60260
 48.02730 -89.59280
 48.04210 -89.54870
 48.04670 -89.38990
 48.00120 -89.29340
 47.98080 -89.22480
 47.99370 -89.08510
 48.00580 -89.06330
 48.03050 -89.03920
 48.05070 -89.01900
 48.10280 -88.95640
 48.11420 -88.93730
 48.11640 -88.86140
 48.18000 -88.65990
 48.21190 -88.61180
 48.23030 -88.59850
 48.28720 -88.58300
 48.31670 -88.59210
 48.34830 -88.59110
 48.40580 -88.51680
 48.48000 -88.32030
 48.50560 -88.24180
 48.50170 -88.21260
 48.50070 -88.19120
 48.54470 -88.04720
 48.55640 -88.01360
 48.56540 -87.99190
 48.58780 -87.96750
 48.61080 -87.97440
 48.64690 -88.03250
 48.69660 -88.08650
 48.73500 -88.05940
 48.74720 -88.03920
 48.76580 -87.99160
 48.76640 -87.95750
 48.76180 -87.93390
 48.79470 -87.84250
 48.88100 -87.76110
 48.91960 -87.77480
 48.94000 -87.81220
 48.94530 -87.84220
 48.95490 -87.87300
 48.98300 -87.89290
 49.00560 -87.89890
 49.11360 -87.86800
 49.17300 -87.84070
3492 195 42.39999 47.09100 -112.08570 -107.76530 'Dornogovi (Mongolia)'
 46.50530 -107.89100
 46.62090 -107.91600
 46.66750 -107.92900
 46.71310 -107.97300
 46.75550 -108.05400
 46.79400 -108.13100
 46.79100 -108.22300
 46.77240 -108.41300
 46.77560 -108.49600
 46.79810 -108.55200
 46.81780 -108.57400
 46.88150 -108.61800
 46.96980 -108.66500
 47.04030 -108.69200
 47.09100 -108.69900
 47.03490 -108.72700
 46.97830 -108.76400
 46.91740 -108.80700
 46.87630 -108.86600
 46.83710 -108.92800
 46.76990 -108.97300
 46.69500 -109.00800
 46.61420 -109.03600
 46.51720 -109.05900
 46.37460 -109.10000
 46.31950 -109.14800
 46.27620 -109.20600
 46.24600 -109.29100
 46.22090 -109.39800
 46.21830 -109.58900
 46.22800 -109.81400
 46.24260 -109.93100
 46.26450 -109.98400
 46.29490 -110.02900
 46.34510 -110.08700
 46.42750 -110.11400
 46.49320 -110.14900
 46.52930 -110.20000
 46.55170 -110.24200
 46.55980 -110.28100
 46.55910 -110.33500
 46.52900 -110.39900
 46.44670 -110.52000
 46.34560 -110.64400
 46.25650 -110.77200
 46.18860 -110.91600
 46.13370 -111.04800
 46.11520 -111.18100
 46.10820 -111.26000
 46.11390 -111.33100
 46.12800 -111.39800
 46.15780 -111.44400
 46.22390 -111.49700
 46.19210 -111.63700
 46.17930 -111.73600
 46.14940 -111.81400
 46.11470 -111.87100
 46.03810 -111.91300
 45.90930 -111.91100
 45.79570 -111.89700
 45.68500 -111.87200
 45.61580 -111.86700
 45.56430 -111.87100
 45.50970 -111.89200
 45.44310 -111.93800
 45.37510 -112.00300
 45.30710 -112.04000
 45.22510 -112.07100
 45.15250 -112.08600
 45.09100 -112.08400
 45.09110 -112.08400
 45.10050 -112.05100
 45.09170 -111.98100
 45.04940 -111.87300
 45.00050 -111.78500
 44.97300 -111.76500
 44.77420 -111.63100
 44.67710 -111.56800
 44.64860 -111.57100
 44.62050 -111.57200
 44.59690 -111.56900
 44.57030 -111.55600
 44.52140 -111.51600
 44.49890 -111.49600
 44.47640 -111.47600
 44.45860 -111.45900
 44.43920 -111.43900
 44.41900 -111.42900
 44.37530 -111.42100
 44.33280 -111.42900
 44.24330 -111.52500
 44.17470 -111.55700
 44.05010 -111.67700
 44.03390 -111.71700
 43.99640 -111.80800
 43.93890 -111.87900
 43.83530 -111.96000
 43.76960 -111.97700
 43.71220 -111.96400
 43.69220 -111.95800
 43.67420 -111.89700
 43.67250 -111.78400
 43.64970 -111.75700
 43.54330 -111.63900
 43.49440 -111.50300
 43.43220 -111.32700
 43.40530 -111.22600
 43.35920 -111.07700
 43.31690 -110.99000
 43.20220 -110.87100
 43.09420 -110.74300
 43.05360 -110.69000
 43.00330 -110.67400
 42.95670 -110.64000
 42.94000 -110.62300
 42.89670 -110.56500
 42.87050 -110.51600
 42.84610 -110.47200
 42.79780 -110.44900
 42.77780 -110.44100
 42.75030 -110.36100
 42.67380 -110.13300
 42.64580 -110.10600
 42.64250 -110.00000
 42.64110 -109.93500
 42.57580 -109.74400
 42.55580 -109.69000
 42.47390 -109.54500
 42.45650 -109.51400
 42.45050 -109.39400
 42.44780 -109.32100
 42.43000 -109.31100
 42.44940 -109.09800
 42.45830 -109.00000
 42.40000 -108.84700
 42.42220 -108.68000
 42.44220 -108.52800
 42.43710 -108.30700
 42.46230 -108.24900
 42.57630 -108.17300
 42.71380 -108.17200
 42.79420 -108.18600
 42.91540 -108.18900
 43.06550 -108.17400
 43.19980 -108.15300
 43.30430 -108.11600
 43.42910 -108.07700
 43.54820 -108.02700
 43.62170 -108.00900
 43.73960 -108.00000
 43.88210 -107.98200
 44.00720 -107.93700
 44.11030 -107.88400
 44.24690 -107.79400
 44.32900 -107.76500
 44.40990 -107.77300
 44.50870 -107.79700
 44.55650 -107.89700
 44.60780 -108.01100
 44.65020 -108.14500
 44.69390 -108.23400
 44.74390 -108.31800
 44.78250 -108.37800
 44.82690 -108.44400
 44.88380 -108.50000
 44.95910 -108.55500
 45.03160 -108.57500
 45.09930 -108.56000
 45.17630 -108.51500
 45.26160 -108.46400
 45.31530 -108.44200
 45.37270 -108.42900
 45.41070 -108.44900
 45.50580 -108.52400
 45.60350 -108.58100
 45.71600 -108.62500
 45.79760 -108.67800
 45.83220 -108.73400
 45.85240 -108.79100
 45.87220 -108.85700
 45.89310 -108.89700
 45.92910 -108.91500
 45.96400 -108.90900
 45.98930 -108.88800
 46.00170 -108.83300
 46.01500 -108.75200
 46.05590 -108.69700
 46.11080 -108.64600
 46.17140 -108.60700
 46.31480 -108.48000
 46.42560 -108.40300
 46.46040 -108.34100
 46.49170 -108.26000
 46.49660 -108.10900
 46.50530 -107.89100
3493 171 41.58665 44.99355 -108.24945 -99.24037 'Omnogovi (Mongolia)'
 44.50870 -107.79700
 44.40990 -107.77300
 44.32900 -107.76500
 44.24690 -107.79400
 44.11030 -107.88400
 44.00720 -107.93700
 43.88210 -107.98200
 43.73960 -108.00000
 43.62170 -108.00900
 43.54820 -108.02700
 43.42910 -108.07700
 43.30430 -108.11600
 43.19980 -108.15300
 43.06550 -108.17400
 42.91540 -108.18900
 42.79420 -108.18600
 42.71380 -108.17200
 42.57630 -108.17300
 42.46230 -108.24900
 42.45890 -108.22400
 42.40830 -107.90800
 42.41570 -107.56300
 42.43080 -107.54500
 42.44970 -107.52300
 42.46300 -107.49700
 42.46620 -107.47600
 42.41050 -107.27700
 42.36000 -107.26300
 42.31580 -107.01800
 42.31080 -106.98600
 42.30030 -106.85500
 42.29550 -106.78200
 42.20170 -106.49600
 42.07750 -106.12200
 41.98750 -105.85500
 41.89140 -105.58800
 41.83430 -105.47500
 41.78530 -105.35100
 41.74680 -105.22200
 41.58670 -105.00700
 41.65190 -104.93100
 41.64970 -104.84800
 41.64580 -104.68400
 41.67070 -104.52400
 41.76140 -104.52500
 41.87720 -104.52700
 41.80430 -104.06900
 41.80250 -103.84900
 41.88720 -103.41600
 41.91250 -103.35200
 41.99420 -103.14400
 42.09640 -102.88300
 42.16140 -102.71200
 42.16670 -102.55000
 42.16170 -102.51500
 42.15470 -102.47100
 42.15110 -102.44200
 42.23330 -102.07700
 42.27610 -102.03600
 42.32280 -101.99200
 42.50970 -101.81500
 42.53050 -101.59600
 42.56750 -101.41100
 42.60470 -101.22000
 42.65250 -100.97300
 42.67710 -100.84200
 42.68170 -100.69700
 42.68960 -100.31300
 42.64110 -100.25500
 42.64440 -100.13300
 42.64900 -100.03200
 42.65360 -99.98640
 42.57190 -99.51010
 42.58360 -99.30220
 42.58680 -99.24040
 42.69890 -99.27000
 42.81820 -99.30180
 42.90440 -99.32050
 43.00780 -99.32100
 43.09480 -99.31760
 43.15980 -99.31920
 43.23910 -99.32220
 43.43250 -99.29950
 43.52470 -99.27870
 43.60690 -99.26170
 43.65400 -99.26800
 43.70640 -99.29620
 43.75180 -99.30830
 43.81760 -99.32110
 43.87650 -99.32060
 44.00880 -99.28990
 44.07290 -99.27190
 44.12610 -99.27760
 44.15140 -99.32870
 44.17220 -99.40860
 44.18340 -99.50080
 44.18470 -99.59700
 44.16100 -99.68700
 44.12460 -99.76690
 44.07340 -99.83670
 44.01290 -99.92420
 43.96970 -99.99300
 43.94140 -100.07700
 43.93050 -100.14300
 43.95120 -100.27900
 43.96810 -100.37900
 43.98450 -100.51600
 43.97910 -100.62000
 43.96970 -100.73100
 43.94170 -100.88800
 43.93580 -100.99000
 43.95070 -101.11000
 43.96220 -101.19900
 44.01080 -101.30500
 44.06880 -101.44800
 44.14280 -101.59300
 44.16940 -101.72200
 44.20040 -101.86700
 44.22120 -102.01800
 44.22110 -102.22800
 44.20900 -102.38400
 44.21720 -102.55000
 44.21950 -102.64600
 44.23920 -102.71300
 44.26730 -102.78900
 44.30460 -102.82700
 44.37330 -102.91200
 44.44110 -102.95300
 44.51490 -102.98700
 44.58230 -103.00800
 44.65380 -103.03100
 44.73160 -103.06600
 44.79550 -103.11800
 44.86620 -103.21100
 44.92060 -103.30700
 44.95010 -103.37500
 44.96540 -103.44000
 44.99350 -103.56600
 44.92730 -103.79600
 44.87270 -104.03200
 44.84180 -104.23500
 44.79420 -104.43900
 44.74840 -104.68400
 44.73030 -104.81600
 44.73230 -104.99000
 44.72570 -105.21500
 44.68850 -105.37200
 44.64550 -105.45400
 44.56980 -105.54300
 44.46350 -105.65500
 44.36510 -105.77800
 44.27490 -105.87400
 44.23550 -105.95500
 44.19770 -106.07300
 44.17790 -106.19400
 44.17050 -106.29000
 44.16910 -106.38300
 44.19370 -106.49400
 44.22670 -106.58000
 44.31100 -106.74700
 44.36570 -106.85200
 44.41070 -106.93600
 44.44360 -107.01100
 44.47410 -107.10100
 44.49840 -107.19000
 44.51390 -107.30800
 44.51130 -107.41000
 44.49090 -107.49100
 44.46610 -107.58400
 44.46960 -107.67500
 44.50870 -107.79700
3696 181 46.10822 49.54138 -112.73570 -108.39700 'Hentiy (Mongolia)'
 47.09100 -108.69900
 47.10900 -108.68200
 47.19300 -108.63900
 47.24600 -108.61000
 47.34900 -108.54400
 47.37500 -108.51200
 47.41700 -108.46300
 47.49900 -108.39700
 47.62400 -108.41100
 47.65200 -108.45000
 47.72200 -108.49000
 47.75450 -108.49100
 47.79100 -108.47500
 47.85100 -108.46700
 47.99150 -108.49700
 48.02870 -108.54300
 48.04200 -108.59800
 48.07240 -108.72400
 48.15180 -108.95500
 48.17760 -109.02800
 48.21900 -109.06900
 48.25710 -109.09100
 48.32220 -109.10300
 48.37820 -109.08700
 48.45100 -109.06000
 48.52630 -109.02100
 48.60600 -108.97600
 48.68310 -108.89000
 48.73480 -108.82300
 48.79290 -108.74800
 48.86350 -108.66700
 48.94160 -108.60200
 49.05860 -108.54000
 49.10350 -108.54700
 49.13100 -108.58100
 49.15660 -108.61400
 49.19820 -108.65600
 49.27180 -108.66200
 49.33170 -108.65100
 49.33800 -108.71200
 49.35650 -108.95900
 49.35190 -108.98400
 49.33830 -109.02700
 49.33440 -109.07500
 49.34900 -109.15300
 49.35990 -109.19800
 49.34640 -109.31300
 49.33920 -109.34500
 49.26040 -109.49600
 49.24220 -109.51700
 49.23150 -109.55300
 49.23000 -109.58100
 49.22970 -109.61100
 49.21920 -109.80200
 49.18830 -110.08800
 49.17250 -110.17000
 49.16920 -110.20800
 49.17060 -110.24500
 49.17500 -110.26800
 49.18500 -110.29400
 49.19830 -110.32500
 49.21360 -110.35200
 49.20000 -110.48200
 49.15250 -110.63000
 49.14580 -110.66200
 49.14220 -110.70000
 49.14360 -110.73700
 49.14940 -110.78900
 49.18220 -110.92900
 49.19110 -110.95600
 49.20080 -110.98100
 49.21430 -111.00900
 49.23210 -111.03400
 49.25330 -111.06800
 49.28750 -111.12800
 49.30470 -111.17300
 49.34250 -111.32700
 49.35440 -111.45200
 49.35000 -111.47700
 49.35010 -111.50600
 49.35820 -111.54400
 49.36750 -111.57100
 49.37920 -111.59300
 49.39830 -111.64500
 49.40690 -111.69200
 49.40530 -111.74200
 49.40000 -111.79900
 49.39800 -111.84100
 49.39890 -111.86900
 49.40220 -111.92200
 49.40690 -111.96400
 49.43690 -112.13100
 49.44750 -112.17100
 49.51830 -112.41600
 49.54140 -112.49200
 49.49270 -112.48900
 49.38160 -112.45700
 49.28210 -112.46500
 49.20470 -112.42400
 49.11520 -112.37700
 48.99590 -112.40400
 48.89090 -112.46100
 48.76720 -112.54900
 48.62620 -112.59100
 48.56450 -112.58900
 48.48120 -112.57500
 48.38340 -112.56100
 48.31000 -112.55200
 48.16010 -112.57600
 48.09050 -112.62500
 47.98670 -112.69300
 47.91150 -112.73600
 47.80400 -112.72800
 47.81000 -112.68900
 47.80100 -112.61500
 47.78800 -112.58400
 47.78200 -112.53600
 47.78200 -112.42200
 47.79000 -112.30900
 47.78600 -112.28600
 47.76200 -112.23200
 47.67360 -112.16400
 47.62080 -112.12500
 47.56110 -112.09700
 47.49800 -112.09000
 47.41880 -112.04700
 47.36930 -111.99100
 47.33670 -111.89800
 47.30210 -111.77200
 47.26740 -111.67600
 47.22590 -111.62200
 47.18480 -111.59100
 47.12040 -111.57300
 47.01940 -111.54900
 46.93510 -111.52200
 46.83910 -111.48400
 46.72420 -111.45600
 46.63490 -111.41000
 46.54450 -111.38200
 46.45380 -111.36100
 46.37920 -111.37400
 46.29020 -111.42100
 46.22390 -111.49700
 46.15780 -111.44400
 46.12800 -111.39800
 46.11390 -111.33100
 46.10820 -111.26000
 46.11520 -111.18100
 46.13370 -111.04800
 46.18860 -110.91600
 46.25650 -110.77200
 46.34560 -110.64400
 46.44670 -110.52000
 46.52900 -110.39900
 46.55910 -110.33500
 46.55980 -110.28100
 46.55170 -110.24200
 46.52930 -110.20000
 46.49320 -110.14900
 46.42750 -110.11400
 46.34510 -110.08700
 46.29490 -110.02900
 46.26450 -109.98400
 46.24260 -109.93100
 46.22800 -109.81400
 46.21830 -109.58900
 46.22090 -109.39800
 46.24600 -109.29100
 46.27620 -109.20600
 46.31950 -109.14800
 46.37460 -109.10000
 46.51720 -109.05900
 46.61420 -109.03600
 46.69500 -109.00800
 46.76990 -108.97300
 46.83710 -108.92800
 46.87630 -108.86600
 46.91740 -108.80700
 46.97830 -108.76400
 47.03490 -108.72700
 47.09100 -108.69900
3762 191 46.82621 49.19330 -103.65600 -98.04824 'Arhangay (Mongolia)'
 46.82620 -101.16600
 46.84590 -101.09000
 46.86360 -101.01700
 46.87280 -100.93900
 46.86410 -100.87100
 46.85090 -100.79800
 46.83780 -100.72700
 46.83660 -100.64600
 46.84510 -100.60700
 46.88340 -100.54400
 46.93110 -100.51300
 46.99340 -100.48700
 47.05330 -100.40700
 47.14660 -100.29600
 47.16960 -100.26100
 47.17380 -100.21900
 47.16060 -100.15400
 47.13580 -100.10500
 47.11430 -100.08300
 47.09440 -100.05200
 47.07620 -100.01200
 47.06600 -99.97070
 47.06630 -99.93470
 47.08630 -99.88170
 47.12740 -99.84460
 47.17590 -99.83080
 47.27070 -99.84540
 47.35710 -99.85190
 47.40600 -99.84700
 47.43940 -99.81950
 47.53840 -99.70950
 47.57680 -99.61760
 47.59270 -99.52790
 47.58890 -99.41610
 47.55150 -99.32920
 47.53740 -99.25800
 47.54090 -99.17270
 47.57660 -99.07760
 47.59790 -98.98400
 47.62140 -98.89310
 47.66130 -98.80310
 47.69450 -98.74120
 47.72540 -98.67340
 47.73560 -98.60510
 47.73140 -98.53560
 47.68170 -98.39580
 47.65770 -98.34110
 47.69500 -98.25090
 47.74920 -98.16740
 47.88490 -98.07550
 47.94890 -98.04820
 47.99500 -98.06330
 48.03550 -98.08530
 48.05880 -98.12810
 48.07340 -98.22740
 48.12660 -98.38610
 48.15950 -98.45250
 48.19530 -98.50010
 48.21690 -98.55270
 48.22990 -98.63110
 48.26160 -98.75030
 48.27220 -98.86300
 48.30470 -99.00080
 48.33110 -99.10560
 48.30850 -99.25620
 48.29810 -99.48850
 48.29860 -99.57780
 48.30150 -99.63600
 48.32030 -99.68330
 48.34220 -99.71180
 48.40760 -99.74820
 48.44250 -99.79090
 48.46660 -99.86570
 48.47510 -99.95760
 48.44310 -100.06600
 48.43500 -100.11300
 48.44490 -100.14900
 48.48670 -100.16700
 48.52500 -100.19700
 48.56600 -100.24300
 48.63900 -100.34400
 48.67900 -100.32800
 48.70200 -100.33100
 48.79450 -100.35500
 48.87200 -100.41000
 48.88400 -100.45900
 48.90900 -100.51400
 48.92570 -100.49900
 48.95930 -100.46800
 48.98270 -100.44100
 49.01420 -100.40700
 49.04710 -100.38500
 49.07170 -100.40800
 49.07710 -100.43900
 49.07200 -100.46400
 49.06690 -100.49000
 49.05610 -100.52800
 49.04530 -100.56300
 49.03450 -100.60200
 49.03820 -100.64200
 49.06720 -100.64900
 49.12010 -100.63800
 49.15450 -100.62600
 49.18360 -100.63600
 49.19330 -100.67300
 49.18090 -100.72400
 49.10330 -100.89300
 48.96650 -101.19500
 48.94120 -101.29600
 48.93280 -101.41200
 48.93460 -101.46800
 48.93840 -101.52100
 48.94960 -101.55100
 48.96480 -101.57900
 49.03290 -101.59300
 49.03390 -101.69300
 49.01950 -101.75900
 48.99500 -101.83600
 48.96760 -101.88100
 48.87900 -101.96900
 48.84950 -101.96800
 48.81200 -101.96600
 48.75690 -102.04200
 48.71340 -102.10400
 48.65630 -102.19000
 48.53270 -102.32600
 48.48270 -102.37800
 48.44710 -102.42900
 48.42620 -102.50100
 48.39920 -102.57300
 48.37790 -102.63000
 48.34050 -102.69900
 48.26890 -102.80300
 48.23280 -102.84100
 48.19220 -102.85800
 48.13700 -102.86000
 48.02610 -102.84000
 47.98280 -102.82300
 47.94840 -102.84000
 47.90790 -102.86200
 47.87790 -102.89700
 47.83810 -102.95600
 47.80300 -103.04900
 47.73810 -103.20000
 47.70430 -103.25800
 47.66210 -103.30500
 47.58540 -103.36800
 47.52680 -103.41700
 47.46450 -103.49100
 47.39300 -103.58100
 47.36300 -103.62700
 47.34900 -103.65600
 47.30270 -103.61500
 47.27550 -103.56800
 47.21620 -103.41000
 47.20310 -103.35300
 47.19170 -103.27900
 47.18880 -103.22200
 47.19580 -103.14900
 47.21510 -103.08600
 47.24230 -103.01000
 47.28230 -102.96000
 47.33430 -102.90400
 47.36240 -102.87600
 47.37820 -102.84800
 47.39180 -102.81500
 47.39640 -102.74200
 47.39190 -102.71800
 47.38100 -102.68600
 47.35130 -102.63600
 47.31190 -102.61000
 47.24810 -102.58900
 47.19260 -102.57600
 47.14770 -102.57500
 47.09190 -102.55000
 47.01530 -102.50300
 46.97990 -102.47400
 46.95810 -102.41500
 46.94410 -102.34400
 46.95750 -102.31100
 46.97750 -102.29200
 46.98430 -102.24100
 46.97230 -102.17000
 46.95060 -102.05100
 46.92930 -101.94500
 46.91410 -101.84700
 46.91440 -101.72200
 46.89550 -101.45100
 46.87950 -101.34200
 46.86290 -101.27700
 46.82620 -101.16600
3763 184 42.58679 47.73561 -101.59330 -97.54991 'Bayanhongor (Mongolia)'
 46.56520 -97.55560
 46.71740 -97.63020
 46.78790 -97.67090
 46.97910 -97.79340
 47.07200 -97.86140
 47.11650 -97.91230
 47.16590 -97.97470
 47.20120 -98.04220
 47.24820 -98.10210
 47.32680 -98.17300
 47.40670 -98.23490
 47.54510 -98.31350
 47.65770 -98.34110
 47.68170 -98.39580
 47.73140 -98.53560
 47.73560 -98.60510
 47.72540 -98.67340
 47.69450 -98.74120
 47.66130 -98.80310
 47.62140 -98.89310
 47.59790 -98.98400
 47.57660 -99.07760
 47.54090 -99.17270
 47.53740 -99.25800
 47.55150 -99.32920
 47.58890 -99.41610
 47.59270 -99.52790
 47.57680 -99.61760
 47.53840 -99.70950
 47.43940 -99.81950
 47.40600 -99.84700
 47.35710 -99.85190
 47.27070 -99.84540
 47.17590 -99.83080
 47.12740 -99.84460
 47.08630 -99.88170
 47.06630 -99.93470
 47.06600 -99.97070
 47.07620 -100.01200
 47.09440 -100.05200
 47.11430 -100.08300
 47.13580 -100.10500
 47.16060 -100.15400
 47.17380 -100.21900
 47.16960 -100.26100
 47.14660 -100.29600
 47.05330 -100.40700
 46.99340 -100.48700
 46.93110 -100.51300
 46.88340 -100.54400
 46.84510 -100.60700
 46.83660 -100.64600
 46.83780 -100.72700
 46.85090 -100.79800
 46.86410 -100.87100
 46.87280 -100.93900
 46.86360 -101.01700
 46.84590 -101.09000
 46.82620 -101.16600
 46.75910 -101.34700
 46.71590 -101.39700
 46.66830 -101.43900
 46.61210 -101.46700
 46.54020 -101.45300
 46.48400 -101.42100
 46.38910 -101.39200
 46.30310 -101.38300
 46.22380 -101.39100
 46.17280 -101.39200
 46.09790 -101.35000
 46.01210 -101.28800
 45.93240 -101.22900
 45.83870 -101.17400
 45.74330 -101.13100
 45.66890 -101.10400
 45.59440 -101.07400
 45.51150 -101.03700
 45.43950 -101.01900
 45.37830 -101.01700
 45.31710 -101.01600
 45.21440 -101.04400
 45.15650 -101.07400
 45.10940 -101.12000
 45.06190 -101.21000
 45.01960 -101.27600
 44.96890 -101.33700
 44.90330 -101.37800
 44.83550 -101.41700
 44.76860 -101.42100
 44.69590 -101.43500
 44.63580 -101.46100
 44.55830 -101.51200
 44.45950 -101.53200
 44.36840 -101.54000
 44.30750 -101.54100
 44.23650 -101.54200
 44.14280 -101.59300
 44.06880 -101.44800
 44.01080 -101.30500
 43.96220 -101.19900
 43.95070 -101.11000
 43.93580 -100.99000
 43.94170 -100.88800
 43.96970 -100.73100
 43.97910 -100.62000
 43.98450 -100.51600
 43.96810 -100.37900
 43.95120 -100.27900
 43.93050 -100.14300
 43.94140 -100.07700
 43.96970 -99.99300
 44.01290 -99.92420
 44.07340 -99.83670
 44.12460 -99.76690
 44.16100 -99.68700
 44.18470 -99.59700
 44.18340 -99.50080
 44.17220 -99.40860
 44.15140 -99.32870
 44.12610 -99.27760
 44.07290 -99.27190
 44.00880 -99.28990
 43.87650 -99.32060
 43.81760 -99.32110
 43.75180 -99.30830
 43.70640 -99.29620
 43.65400 -99.26800
 43.60690 -99.26170
 43.52470 -99.27870
 43.43250 -99.29950
 43.23910 -99.32220
 43.15980 -99.31920
 43.09480 -99.31760
 43.00780 -99.32100
 42.90440 -99.32050
 42.81820 -99.30180
 42.69890 -99.27000
 42.58680 -99.24040
 42.59420 -99.11970
 42.61550 -98.76910
 42.63170 -98.48830
 42.63860 -98.36190
 42.64080 -98.31970
 42.64580 -98.22140
 42.64830 -98.19910
 42.66690 -98.07420
 42.70400 -97.82650
 42.87400 -97.76500
 43.09110 -97.73560
 43.28090 -97.74590
 43.41660 -97.73850
 43.51730 -97.72470
 43.58510 -97.70700
 43.64250 -97.68500
 43.70400 -97.69060
 43.77010 -97.70390
 43.96930 -97.80920
 44.05210 -97.85450
 44.12550 -97.91250
 44.23450 -97.95460
 44.28740 -97.98160
 44.35820 -98.03190
 44.41850 -98.07810
 44.60310 -98.18230
 44.67250 -98.21340
 44.75230 -98.24600
 45.22610 -98.43600
 45.32460 -98.44380
 45.40240 -98.44550
 45.56060 -98.42830
 45.68860 -98.38550
 45.84210 -98.32460
 45.90800 -98.26900
 45.94360 -98.22020
 45.97170 -98.18120
 46.01840 -98.05420
 46.04160 -97.97440
 46.08270 -97.88910
 46.11680 -97.84890
 46.15850 -97.80160
 46.22390 -97.74200
 46.36850 -97.61440
 46.50320 -97.54990
 46.56520 -97.55560
3764 241 46.56517 50.02513 -99.22124 -93.22150 'Dzavhan (Mongolia)'
 48.39400 -93.47000
 48.44220 -93.51960
 48.48850 -93.58340
 48.55050 -93.65920
 48.60230 -93.69700
 48.64650 -93.74280
 48.68300 -93.79380
 48.70540 -93.82930
 48.73040 -93.88930
 48.76160 -93.97000
 48.77900 -94.03820
 48.79560 -94.11920
 48.80760 -94.21710
 48.80050 -94.43550
 48.76790 -94.60920
 48.75520 -94.71230
 48.74370 -94.78690
 48.72990 -94.83690
 48.72010 -94.88600
 48.72620 -94.95050
 48.74960 -95.00200
 48.78030 -95.04260
 48.80430 -95.07830
 48.82890 -95.12030
 48.85800 -95.30260
 48.86010 -95.37130
 48.86490 -95.40170
 48.88740 -95.42230
 48.92760 -95.43300
 48.98190 -95.41580
 49.02330 -95.41680
 49.07750 -95.42160
 49.12150 -95.42840
 49.16800 -95.46320
 49.20380 -95.49390
 49.25220 -95.50320
 49.35620 -95.46310
 49.44380 -95.44850
 49.51730 -95.41440
 49.60540 -95.38040
 49.64570 -95.36890
 49.69420 -95.35560
 49.75940 -95.36770
 49.82890 -95.40470
 49.86730 -95.44170
 49.89100 -95.46800
 49.90770 -95.49160
 49.89530 -95.52420
 49.96050 -95.74760
 49.97780 -95.76730
 50.00210 -95.78550
 50.01650 -95.80440
 50.02350 -95.82600
 50.02510 -95.86400
 50.02110 -95.88750
 50.01000 -95.91150
 49.97960 -95.92480
 49.96180 -95.93510
 49.94500 -95.95650
 49.95180 -95.98660
 49.97690 -96.01580
 49.99140 -96.03470
 50.00580 -96.06810
 50.00190 -96.10660
 49.97190 -96.21170
 49.95360 -96.27470
 49.94470 -96.29680
 49.92920 -96.31000
 49.91080 -96.33440
 49.90000 -96.35860
 49.89320 -96.38350
 49.89510 -96.40680
 49.90860 -96.44530
 49.92620 -96.48750
 49.93030 -96.51830
 49.92670 -96.54370
 49.91210 -96.56800
 49.88970 -96.57690
 49.86680 -96.59030
 49.86360 -96.61400
 49.88220 -96.65420
 49.91320 -96.69730
 49.92050 -96.71790
 49.92080 -96.74140
 49.91500 -96.80170
 49.88920 -97.00750
 49.79690 -97.14860
 49.76200 -97.16900
 49.71160 -97.16010
 49.64270 -97.12040
 49.60560 -97.09160
 49.57340 -97.01750
 49.55090 -96.96410
 49.51920 -96.95350
 49.47890 -96.96660
 49.44680 -96.97830
 49.40310 -97.00140
 49.37100 -97.07000
 49.26890 -97.37070
 49.20110 -97.61130
 49.17550 -97.65920
 49.13590 -97.71240
 49.07990 -97.76780
 49.03080 -97.83470
 49.01990 -97.91780
 49.03570 -98.00330
 49.05300 -98.07920
 49.07070 -98.16460
 49.08020 -98.28250
 49.06700 -98.36900
 49.04450 -98.43780
 49.01110 -98.53310
 49.00050 -98.59710
 49.01490 -98.66730
 49.03320 -98.73380
 49.09750 -98.85110
 49.13390 -98.91250
 49.14350 -98.97410
 49.13760 -99.05330
 49.11700 -99.09020
 49.09010 -99.12480
 49.03850 -99.15910
 48.88150 -99.22120
 48.83000 -99.21790
 48.79020 -99.20380
 48.73570 -99.18220
 48.69030 -99.14080
 48.63040 -99.09820
 48.56550 -99.07490
 48.47760 -99.04510
 48.40400 -99.05070
 48.36000 -99.07140
 48.33110 -99.10560
 48.30470 -99.00080
 48.27220 -98.86300
 48.26160 -98.75030
 48.22990 -98.63110
 48.21690 -98.55270
 48.19530 -98.50010
 48.15950 -98.45250
 48.12660 -98.38610
 48.07340 -98.22740
 48.05880 -98.12810
 48.03550 -98.08530
 47.99500 -98.06330
 47.94890 -98.04820
 47.88490 -98.07550
 47.74920 -98.16740
 47.69500 -98.25090
 47.65770 -98.34110
 47.54510 -98.31350
 47.40670 -98.23490
 47.32680 -98.17300
 47.24820 -98.10210
 47.20120 -98.04220
 47.16590 -97.97470
 47.11650 -97.91230
 47.07200 -97.86140
 46.97910 -97.79340
 46.78790 -97.67090
 46.71740 -97.63020
 46.56520 -97.55560
 46.56990 -97.48040
 46.58800 -97.25500
 46.60400 -97.14600
 46.60500 -96.98100
 46.62800 -96.91700
 46.68600 -96.79100
 46.70000 -96.69600
 46.75380 -96.69520
 46.84460 -96.67400
 46.92080 -96.62510
 46.93900 -96.57090
 46.94880 -96.51510
 46.93730 -96.45090
 46.91680 -96.35220
 46.90300 -96.24400
 46.97450 -96.19450
 47.01100 -96.18400
 47.04200 -96.16700
 47.14300 -96.10900
 47.24700 -96.03200
 47.28400 -95.98700
 47.31800 -95.91700
 47.35120 -95.89320
 47.38150 -95.91350
 47.42500 -95.91400
 47.45600 -95.90700
 47.52700 -95.85600
 47.54350 -95.83000
 47.55600 -95.77200
 47.54900 -95.72900
 47.53300 -95.70100
 47.52300 -95.64200
 47.53200 -95.57900
 47.54600 -95.52000
 47.57800 -95.45800
 47.58000 -95.43200
 47.58800 -95.26400
 47.58600 -95.22500
 47.57900 -95.19700
 47.56100 -95.15400
 47.55900 -95.11150
 47.58400 -95.07700
 47.64000 -95.03600
 47.65900 -95.01300
 47.67200 -94.98200
 47.69400 -94.88900
 47.69500 -94.82100
 47.68300 -94.77600
 47.68000 -94.75000
 47.67800 -94.68700
 47.67800 -94.64300
 47.68200 -94.53700
 47.69000 -94.48400
 47.72000 -94.32500
 47.72600 -94.30500
 47.75100 -94.26200
 47.71830 -94.17140
 47.70140 -94.04930
 47.70140 -93.95100
 47.69260 -93.83020
 47.67670 -93.70180
 47.64070 -93.47300
 47.67490 -93.45590
 47.71860 -93.41840
 47.77850 -93.36650
 47.79530 -93.33290
 47.83560 -93.28920
 47.85800 -93.27190
 47.88710 -93.27470
 47.93860 -93.27350
 47.96440 -93.25560
 47.99800 -93.23430
 48.04990 -93.22150
 48.21400 -93.40500
 48.23100 -93.42900
 48.26500 -93.46700
 48.29600 -93.48900
 48.36700 -93.50300
 48.39400 -93.47000
3765 222 42.70399 47.75100 -98.44554 -93.16743 'Govi-Altay (Mongolia)'
 45.01640 -93.17940
 45.11740 -93.23140
 45.21270 -93.27060
 45.26660 -93.27260
 45.38530 -93.26540
 45.43710 -93.23280
 45.57030 -93.18970
 45.64050 -93.17310
 45.70180 -93.16740
 45.76010 -93.18910
 45.90120 -93.31860
 45.95610 -93.38280
 45.99490 -93.45100
 46.03000 -93.50520
 46.11570 -93.55080
 46.25660 -93.61070
 46.33460 -93.64350
 46.44520 -93.67190
 46.49890 -93.67160
 46.54620 -93.65170
 46.59790 -93.65180
 46.64680 -93.66460
 46.68060 -93.68990
 46.71090 -93.74010
 46.72850 -93.78720
 46.74170 -93.83240
 46.75480 -93.89570
 46.81450 -94.10530
 46.84550 -94.18290
 46.88770 -94.23090
 46.92270 -94.25040
 46.97660 -94.27190
 47.08100 -94.24290
 47.17310 -94.19520
 47.26580 -94.11380
 47.31230 -94.04550
 47.34760 -93.98880
 47.37760 -93.92100
 47.42850 -93.81770
 47.59100 -93.55200
 47.64070 -93.47300
 47.67670 -93.70180
 47.69260 -93.83020
 47.70140 -93.95100
 47.70140 -94.04930
 47.71830 -94.17140
 47.75100 -94.26200
 47.72600 -94.30500
 47.72000 -94.32500
 47.69000 -94.48400
 47.68200 -94.53700
 47.67800 -94.64300
 47.67800 -94.68700
 47.68000 -94.75000
 47.68300 -94.77600
 47.69500 -94.82100
 47.69400 -94.88900
 47.67200 -94.98200
 47.65900 -95.01300
 47.64000 -95.03600
 47.58400 -95.07700
 47.55900 -95.11150
 47.56100 -95.15400
 47.57900 -95.19700
 47.58600 -95.22500
 47.58800 -95.26400
 47.58000 -95.43200
 47.57800 -95.45800
 47.54600 -95.52000
 47.53200 -95.57900
 47.52300 -95.64200
 47.53300 -95.70100
 47.54900 -95.72900
 47.55600 -95.77200
 47.54350 -95.83000
 47.52700 -95.85600
 47.45600 -95.90700
 47.42500 -95.91400
 47.38150 -95.91350
 47.35120 -95.89320
 47.31800 -95.91700
 47.28400 -95.98700
 47.24700 -96.03200
 47.14300 -96.10900
 47.04200 -96.16700
 47.01100 -96.18400
 46.97450 -96.19450
 46.90300 -96.24400
 46.91680 -96.35220
 46.93730 -96.45090
 46.94880 -96.51510
 46.93900 -96.57090
 46.92080 -96.62510
 46.84460 -96.67400
 46.75380 -96.69520
 46.70000 -96.69600
 46.68600 -96.79100
 46.62800 -96.91700
 46.60500 -96.98100
 46.60400 -97.14600
 46.58800 -97.25500
 46.56990 -97.48040
 46.56520 -97.55560
 46.50320 -97.54990
 46.36850 -97.61440
 46.22390 -97.74200
 46.15850 -97.80160
 46.11680 -97.84890
 46.08270 -97.88910
 46.04160 -97.97440
 46.01840 -98.05420
 45.97170 -98.18120
 45.94360 -98.22020
 45.90800 -98.26900
 45.84210 -98.32460
 45.68860 -98.38550
 45.56060 -98.42830
 45.40240 -98.44550
 45.32460 -98.44380
 45.22610 -98.43600
 44.75230 -98.24600
 44.67250 -98.21340
 44.60310 -98.18230
 44.41850 -98.07810
 44.35820 -98.03190
 44.28740 -97.98160
 44.23450 -97.95460
 44.12550 -97.91250
 44.05210 -97.85450
 43.96930 -97.80920
 43.77010 -97.70390
 43.70400 -97.69060
 43.64250 -97.68500
 43.58510 -97.70700
 43.51730 -97.72470
 43.41660 -97.73850
 43.28090 -97.74590
 43.09110 -97.73560
 42.87400 -97.76500
 42.70400 -97.82650
 42.71440 -97.75530
 42.73670 -97.60280
 42.74610 -97.53310
 42.75190 -97.49140
 42.75780 -97.44970
 42.76730 -97.38620
 42.79580 -97.16540
 42.76140 -96.99860
 42.76000 -96.95970
 42.75860 -96.84640
 42.75610 -96.76110
 42.75440 -96.72580
 42.74420 -96.56860
 42.73180 -96.39850
 42.73500 -96.38210
 42.90690 -96.35690
 43.08170 -96.12300
 43.21670 -95.94030
 43.23400 -95.91720
 43.28390 -95.87900
 43.31940 -95.87000
 43.35470 -95.86940
 43.41080 -95.86540
 43.43510 -95.85100
 43.45400 -95.83430
 43.48860 -95.80750
 43.53390 -95.77860
 43.58500 -95.74640
 43.63220 -95.72010
 43.71940 -95.67470
 43.73860 -95.66530
 43.75920 -95.65640
 43.78470 -95.64580
 43.80580 -95.63890
 43.85900 -95.62710
 43.99310 -95.53340
 43.99360 -95.47780
 43.99890 -95.42670
 44.00560 -95.38420
 44.00970 -95.35890
 44.01940 -95.34110
 44.15800 -95.34610
 44.17780 -95.35030
 44.22620 -95.37580
 44.24820 -95.39730
 44.27580 -95.42000
 44.29420 -95.41060
 44.28780 -95.28580
 44.27560 -95.20280
 44.27280 -95.17920
 44.25710 -95.02870
 44.35500 -94.71730
 44.37240 -94.70290
 44.39250 -94.68470
 44.41550 -94.65640
 44.45180 -94.60320
 44.48000 -94.53000
 44.51550 -94.44190
 44.55720 -94.34300
 44.57500 -94.33030
 44.59040 -94.31350
 44.63220 -94.24610
 44.71000 -94.11080
 44.72260 -94.08540
 44.77750 -93.97030
 44.79780 -93.91970
 44.81830 -93.86080
 44.82860 -93.83550
 44.86250 -93.75560
 44.87580 -93.73530
 44.89670 -93.71610
 44.91580 -93.67500
 44.92300 -93.65530
 44.95080 -93.57440
 44.95720 -93.55470
 44.96220 -93.53080
 44.99080 -93.37030
 44.98500 -93.31750
 44.98360 -93.29210
 44.99000 -93.26050
 44.99800 -93.23300
 45.01640 -93.17940
3766 192 45.00333 48.89737 -94.27185 -90.68193 'Hovd (Mongolia)'
 45.01640 -93.17940
 45.01390 -93.17220
 45.01080 -93.14860
 45.01000 -93.08670
 45.00970 -92.99030
 45.02570 -92.92870
 45.04580 -92.88280
 45.04760 -92.78810
 45.04140 -92.75690
 45.03390 -92.72050
 45.02210 -92.65350
 45.00330 -92.49280
 45.02640 -92.31030
 45.07940 -92.09250
 45.08310 -92.06750
 45.08420 -92.03860
 45.08220 -92.01300
 45.07470 -91.86780
 45.07730 -91.56090
 45.09690 -91.53030
 45.12440 -91.50190
 45.15240 -91.47120
 45.15310 -91.44360
 45.12610 -91.40190
 45.11900 -91.37920
 45.13400 -91.28600
 45.14360 -91.25050
 45.15110 -91.23050
 45.17100 -91.19070
 45.20080 -91.16430
 45.21350 -91.13790
 45.22420 -91.03890
 45.22360 -91.01140
 45.25310 -90.89690
 45.37110 -90.80780
 45.43640 -90.77720
 45.45030 -90.75350
 45.47000 -90.71830
 45.49210 -90.68390
 45.57970 -90.68190
 45.73550 -90.71940
 45.88720 -90.85690
 45.90300 -90.87410
 45.95860 -90.94550
 45.97300 -90.96500
 45.99590 -91.00340
 46.01740 -91.02650
 46.10800 -91.02670
 46.13420 -91.01670
 46.15580 -90.98900
 46.17330 -90.97530
 46.19780 -90.96190
 46.29690 -90.92150
 46.32530 -90.93120
 46.35110 -90.96050
 46.52360 -91.05360
 46.54280 -91.06110
 46.57740 -91.07030
 46.60010 -91.02020
 46.61150 -91.04720
 46.62870 -91.09680
 46.63380 -91.18000
 46.61250 -91.28280
 46.56860 -91.35850
 46.52610 -91.41260
 46.50660 -91.48440
 46.51880 -91.52920
 46.53340 -91.56140
 46.56510 -91.62810
 46.57890 -91.66960
 46.58690 -91.73080
 46.58270 -91.81040
 46.58000 -91.90160
 46.58890 -91.98670
 46.60740 -92.01790
 46.64910 -92.01900
 46.72000 -91.92450
 46.78590 -91.77660
 46.82550 -91.66570
 46.86310 -91.60380
 46.90010 -91.56930
 46.96860 -91.56860
 47.03150 -91.57250
 47.09160 -91.57110
 47.13940 -91.53940
 47.19530 -91.49020
 47.26120 -91.43810
 47.32510 -91.40170
 47.41240 -91.40160
 47.49520 -91.35040
 47.51930 -91.32810
 47.54150 -91.27560
 47.55920 -91.25200
 47.59130 -91.24280
 47.63380 -91.23370
 47.70680 -91.23430
 47.75250 -91.21800
 47.82640 -91.16250
 47.88020 -91.09720
 48.01660 -90.96380
 48.05710 -90.93930
 48.10920 -90.90820
 48.19550 -90.88250
 48.32280 -90.89770
 48.38100 -90.91170
 48.50600 -90.98750
 48.53620 -91.04150
 48.57550 -91.11810
 48.60360 -91.18860
 48.61790 -91.26640
 48.63400 -91.36200
 48.73020 -91.47370
 48.77230 -91.50890
 48.81940 -91.56810
 48.85960 -91.65480
 48.88240 -91.73700
 48.89320 -91.80680
 48.89740 -91.89110
 48.87100 -92.01560
 48.80800 -92.09620
 48.72750 -92.18770
 48.68430 -92.24360
 48.65750 -92.29810
 48.63310 -92.38960
 48.59990 -92.61840
 48.58750 -92.74410
 48.57900 -92.84990
 48.58480 -92.97390
 48.60100 -93.21400
 48.58000 -93.22500
 48.55400 -93.22800
 48.52300 -93.23700
 48.50000 -93.25600
 48.43000 -93.36500
 48.39400 -93.47000
 48.36700 -93.50300
 48.29600 -93.48900
 48.26500 -93.46700
 48.23100 -93.42900
 48.21400 -93.40500
 48.04990 -93.22150
 47.99800 -93.23430
 47.96440 -93.25560
 47.93860 -93.27350
 47.88710 -93.27470
 47.85800 -93.27190
 47.83560 -93.28920
 47.79530 -93.33290
 47.77850 -93.36650
 47.71860 -93.41840
 47.67490 -93.45590
 47.64070 -93.47300
 47.59100 -93.55200
 47.42850 -93.81770
 47.37760 -93.92100
 47.34760 -93.98880
 47.31230 -94.04550
 47.26580 -94.11380
 47.17310 -94.19520
 47.08100 -94.24290
 46.97660 -94.27190
 46.92270 -94.25040
 46.88770 -94.23090
 46.84550 -94.18290
 46.81450 -94.10530
 46.75480 -93.89570
 46.74170 -93.83240
 46.72850 -93.78720
 46.71090 -93.74010
 46.68060 -93.68990
 46.64680 -93.66460
 46.59790 -93.65180
 46.54620 -93.65170
 46.49890 -93.67160
 46.44520 -93.67190
 46.33460 -93.64350
 46.25660 -93.61070
 46.11570 -93.55080
 46.03000 -93.50520
 45.99490 -93.45100
 45.95610 -93.38280
 45.90120 -93.31860
 45.76010 -93.18910
 45.70180 -93.16740
 45.64050 -93.17310
 45.57030 -93.18970
 45.43710 -93.23280
 45.38530 -93.26540
 45.26660 -93.27260
 45.21270 -93.27060
 45.11740 -93.23140
 45.01640 -93.17940
3767 289 48.29811 52.14277 -102.77500 -96.95351 'Hovsgol (Mongolia)'
 49.76200 -97.16900
 49.76040 -97.17260
 49.75170 -97.20470
 49.73360 -97.27750
 49.73100 -97.30790
 49.73650 -97.34850
 49.78750 -97.48410
 49.83030 -97.56540
 49.85520 -97.59660
 49.87650 -97.60650
 49.95170 -97.71910
 49.95860 -97.74030
 49.96720 -97.76960
 49.96830 -97.78980
 49.95940 -97.81220
 49.95560 -97.89080
 50.03170 -98.07640
 50.04570 -98.10180
 50.06080 -98.11940
 50.07780 -98.13470
 50.16180 -98.19900
 50.30280 -98.29320
 50.47120 -98.32840
 50.50750 -98.32600
 50.52710 -98.31830
 50.54220 -98.30470
 50.55580 -98.28290
 50.56500 -98.25110
 50.56640 -98.22330
 50.56600 -98.19290
 50.56970 -98.16600
 50.62860 -98.06550
 50.64330 -98.05140
 50.77300 -97.96710
 50.79940 -97.96810
 50.85330 -98.00940
 50.90570 -97.94830
 50.92000 -97.89860
 50.93780 -97.86880
 50.99930 -97.83060
 51.02930 -97.85070
 51.06220 -97.87890
 51.11940 -97.90890
 51.21830 -97.95650
 51.25260 -97.95470
 51.37360 -97.99780
 51.46270 -98.05810
 51.47420 -98.08590
 51.47950 -98.11040
 51.47950 -98.13790
 51.46750 -98.17280
 51.46100 -98.20330
 51.46550 -98.23560
 51.50780 -98.25760
 51.52830 -98.25980
 51.55580 -98.24860
 51.57850 -98.24720
 51.69940 -98.31250
 51.71960 -98.33830
 51.73080 -98.36940
 51.73690 -98.39360
 51.76110 -98.50920
 51.77500 -98.59920
 51.78250 -98.63120
 51.79990 -98.66820
 51.81330 -98.68890
 51.82800 -98.70800
 51.84330 -98.72610
 51.88440 -98.76530
 51.94170 -98.80610
 52.04400 -98.87110
 52.06470 -98.87370
 52.09030 -98.87300
 52.11170 -98.87970
 52.13220 -98.89960
 52.14280 -98.92600
 52.14070 -98.94190
 52.06530 -99.02020
 52.02720 -99.14080
 51.96970 -99.29330
 51.95100 -99.31710
 51.94220 -99.34500
 51.90050 -99.57080
 51.89600 -99.61530
 51.89740 -99.69750
 51.89050 -99.72860
 51.87550 -99.75750
 51.83390 -99.81030
 51.80050 -99.85440
 51.77740 -99.88780
 51.76060 -99.91970
 51.75140 -99.94690
 51.74470 -99.97820
 51.73960 -100.02200
 51.73170 -100.25300
 51.73050 -100.33300
 51.73220 -100.42600
 51.73720 -100.49400
 51.73800 -100.52600
 51.73500 -100.55700
 51.69890 -100.69400
 51.66220 -100.78400
 51.62360 -100.89200
 51.61670 -100.91300
 51.57610 -101.03800
 51.55080 -101.12400
 51.53420 -101.21000
 51.52920 -101.24500
 51.51330 -101.28800
 51.49040 -101.31500
 51.46370 -101.34800
 51.45190 -101.38600
 51.45210 -101.40900
 51.46500 -101.44800
 51.48170 -101.50800
 51.48610 -101.53400
 51.48780 -101.57500
 51.48420 -101.60100
 51.45920 -101.74100
 51.44860 -101.77700
 51.41940 -101.86700
 51.39550 -101.99300
 51.39170 -102.02300
 51.39110 -102.04900
 51.38890 -102.08200
 51.32660 -102.22400
 51.30640 -102.22500
 51.27850 -102.19600
 51.24770 -102.15800
 51.12040 -102.16800
 51.07690 -102.18700
 51.03100 -102.21500
 51.01550 -102.22800
 50.98700 -102.25500
 50.88860 -102.26200
 50.85110 -102.23200
 50.82050 -102.23600
 50.78110 -102.27700
 50.75070 -102.34000
 50.72030 -102.35500
 50.69490 -102.34300
 50.66360 -102.30800
 50.64540 -102.29500
 50.62420 -102.29700
 50.59360 -102.31200
 50.56580 -102.33200
 50.55280 -102.35400
 50.54550 -102.37400
 50.54370 -102.38100
 50.49710 -102.40400
 50.42760 -102.41700
 50.36320 -102.38500
 50.31520 -102.35200
 50.27330 -102.31600
 50.22910 -102.27000
 50.18900 -102.22400
 50.16070 -102.16100
 50.13690 -102.11100
 50.10470 -102.05600
 50.07170 -102.05100
 50.04090 -102.05000
 49.90890 -102.10500
 49.88300 -102.13500
 49.87160 -102.17000
 49.87470 -102.21200
 49.88850 -102.27500
 49.89030 -102.35100
 49.88350 -102.40800
 49.84900 -102.56400
 49.78700 -102.70700
 49.74000 -102.77000
 49.67700 -102.77500
 49.66080 -102.73900
 49.64150 -102.69500
 49.63070 -102.57600
 49.63310 -102.49600
 49.62210 -102.46200
 49.59910 -102.44100
 49.57220 -102.43300
 49.53920 -102.42200
 49.50560 -102.39200
 49.48420 -102.35200
 49.46210 -102.28400
 49.43030 -102.15900
 49.39370 -102.01600
 49.35810 -101.91400
 49.31640 -101.81600
 49.27720 -101.73700
 49.23870 -101.68600
 49.19440 -101.64500
 49.15030 -101.61000
 49.09460 -101.59800
 49.03290 -101.59300
 48.96480 -101.57900
 48.94960 -101.55100
 48.93840 -101.52100
 48.93460 -101.46800
 48.93280 -101.41200
 48.94120 -101.29600
 48.96650 -101.19500
 49.10330 -100.89300
 49.18090 -100.72400
 49.19330 -100.67300
 49.18360 -100.63600
 49.15450 -100.62600
 49.12010 -100.63800
 49.06720 -100.64900
 49.03820 -100.64200
 49.03450 -100.60200
 49.04530 -100.56300
 49.05610 -100.52800
 49.06690 -100.49000
 49.07200 -100.46400
 49.07710 -100.43900
 49.07170 -100.40800
 49.04710 -100.38500
 49.01420 -100.40700
 48.98270 -100.44100
 48.95930 -100.46800
 48.92570 -100.49900
 48.90900 -100.51400
 48.88400 -100.45900
 48.87200 -100.41000
 48.79450 -100.35500
 48.70200 -100.33100
 48.67900 -100.32800
 48.63900 -100.34400
 48.56600 -100.24300
 48.52500 -100.19700
 48.48670 -100.16700
 48.44490 -100.14900
 48.43500 -100.11300
 48.44310 -100.06600
 48.47510 -99.95760
 48.46660 -99.86570
 48.44250 -99.79090
 48.40760 -99.74820
 48.34220 -99.71180
 48.32030 -99.68330
 48.30150 -99.63600
 48.29860 -99.57780
 48.29810 -99.48850
 48.30850 -99.25620
 48.33110 -99.10560
 48.36000 -99.07140
 48.40400 -99.05070
 48.47760 -99.04510
 48.56550 -99.07490
 48.63040 -99.09820
 48.69030 -99.14080
 48.73570 -99.18220
 48.79020 -99.20380
 48.83000 -99.21790
 48.88150 -99.22120
 49.03850 -99.15910
 49.09010 -99.12480
 49.11700 -99.09020
 49.13760 -99.05330
 49.14350 -98.97410
 49.13390 -98.91250
 49.09750 -98.85110
 49.03320 -98.73380
 49.01490 -98.66730
 49.00050 -98.59710
 49.01110 -98.53310
 49.04450 -98.43780
 49.06700 -98.36900
 49.08020 -98.28250
 49.07070 -98.16460
 49.05300 -98.07920
 49.03570 -98.00330
 49.01990 -97.91780
 49.03080 -97.83470
 49.07990 -97.76780
 49.13590 -97.71240
 49.17550 -97.65920
 49.20110 -97.61130
 49.26890 -97.37070
 49.37100 -97.07000
 49.40310 -97.00140
 49.44680 -96.97830
 49.47890 -96.96660
 49.51920 -96.95350
 49.55090 -96.96410
 49.57340 -97.01750
 49.60560 -97.09160
 49.64270 -97.12040
 49.71160 -97.16010
 49.76200 -97.16900
3768 221 48.39400 50.81499 -95.50316 -90.02110 'Uvs (Mongolia)'
 49.90770 -95.49160
 49.89100 -95.46800
 49.86730 -95.44170
 49.82890 -95.40470
 49.75940 -95.36770
 49.69420 -95.35560
 49.64570 -95.36890
 49.60540 -95.38040
 49.51730 -95.41440
 49.44380 -95.44850
 49.35620 -95.46310
 49.25220 -95.50320
 49.20380 -95.49390
 49.16800 -95.46320
 49.12150 -95.42840
 49.07750 -95.42160
 49.02330 -95.41680
 48.98190 -95.41580
 48.92760 -95.43300
 48.88740 -95.42230
 48.86490 -95.40170
 48.86010 -95.37130
 48.85800 -95.30260
 48.82890 -95.12030
 48.80430 -95.07830
 48.78030 -95.04260
 48.74960 -95.00200
 48.72620 -94.95050
 48.72010 -94.88600
 48.72990 -94.83690
 48.74370 -94.78690
 48.75520 -94.71230
 48.76790 -94.60920
 48.80050 -94.43550
 48.80760 -94.21710
 48.79560 -94.11920
 48.77900 -94.03820
 48.76160 -93.97000
 48.73040 -93.88930
 48.70540 -93.82930
 48.68300 -93.79380
 48.64650 -93.74280
 48.60230 -93.69700
 48.55050 -93.65920
 48.48850 -93.58340
 48.44220 -93.51960
 48.39400 -93.47000
 48.43000 -93.36500
 48.50000 -93.25600
 48.52300 -93.23700
 48.55400 -93.22800
 48.58000 -93.22500
 48.60100 -93.21400
 48.58480 -92.97390
 48.57900 -92.84990
 48.58750 -92.74410
 48.59990 -92.61840
 48.63310 -92.38960
 48.65750 -92.29810
 48.68430 -92.24360
 48.72750 -92.18770
 48.80800 -92.09620
 48.87100 -92.01560
 48.89740 -91.89110
 48.89320 -91.80680
 48.88240 -91.73700
 48.85960 -91.65480
 48.81940 -91.56810
 48.77230 -91.50890
 48.73020 -91.47370
 48.63400 -91.36200
 48.65500 -91.34900
 48.71400 -91.34300
 48.75200 -91.35800
 48.83900 -91.31600
 48.86800 -91.30200
 48.89200 -91.27600
 48.94000 -91.22300
 48.95700 -91.17800
 48.96900 -91.11900
 48.98950 -91.08350
 49.03200 -91.05100
 49.06700 -91.03600
 49.11300 -91.00900
 49.25100 -90.91300
 49.29700 -90.90600
 49.30300 -90.88500
 49.31200 -90.79500
 49.31400 -90.74200
 49.31200 -90.70300
 49.33100 -90.67500
 49.36700 -90.65200
 49.38860 -90.63670
 49.39800 -90.61470
 49.41050 -90.53190
 49.43050 -90.44000
 49.45400 -90.42640
 49.50050 -90.41670
 49.56950 -90.30650
 49.62200 -90.27100
 49.64800 -90.26500
 49.68700 -90.24600
 49.91400 -90.12400
 49.95700 -90.10000
 49.97800 -90.06900
 49.99640 -90.02110
 50.04610 -90.02260
 50.06820 -90.03190
 50.08100 -90.04860
 50.09050 -90.07190
 50.09890 -90.10360
 50.11050 -90.17920
 50.11470 -90.21910
 50.12030 -90.24440
 50.13420 -90.27720
 50.15050 -90.30460
 50.16990 -90.33850
 50.18580 -90.37860
 50.22440 -90.50970
 50.22640 -90.53050
 50.22610 -90.55780
 50.21570 -90.61290
 50.21190 -90.64330
 50.21390 -90.67330
 50.21940 -90.69860
 50.23110 -90.72360
 50.33920 -90.89310
 50.36750 -90.92610
 50.39610 -90.95920
 50.41000 -90.97970
 50.42250 -91.00250
 50.43420 -91.03960
 50.43170 -91.10110
 50.43110 -91.12860
 50.43390 -91.15970
 50.47610 -91.35110
 50.50780 -91.45800
 50.57780 -91.61550
 50.59550 -91.63420
 50.63110 -91.65320
 50.64420 -91.66890
 50.66050 -91.69760
 50.67220 -91.72390
 50.69230 -91.77990
 50.70330 -91.81970
 50.71310 -91.88470
 50.71470 -91.90550
 50.71440 -91.95220
 50.70530 -92.00720
 50.69790 -92.03830
 50.69170 -92.08530
 50.69050 -92.11190
 50.69300 -92.16220
 50.69720 -92.19030
 50.70560 -92.22140
 50.72710 -92.26420
 50.75500 -92.29540
 50.79070 -92.31720
 50.81500 -92.32280
 50.81080 -92.44780
 50.78710 -92.47030
 50.68830 -92.64050
 50.68140 -92.67000
 50.68310 -92.69890
 50.69730 -92.73650
 50.71430 -92.76250
 50.74060 -92.77920
 50.78060 -92.78940
 50.79460 -92.81260
 50.79960 -92.93320
 50.79310 -92.96780
 50.77250 -92.99440
 50.74860 -92.99860
 50.69210 -92.97330
 50.67090 -92.97080
 50.61080 -93.02650
 50.59970 -93.08890
 50.59610 -93.11280
 50.59690 -93.14220
 50.60470 -93.34150
 50.61420 -93.38420
 50.61970 -93.40910
 50.62210 -93.45080
 50.61720 -93.48050
 50.59030 -93.57800
 50.57930 -93.73600
 50.58420 -93.89530
 50.58530 -93.98300
 50.57780 -94.21890
 50.57560 -94.24440
 50.56490 -94.28370
 50.54870 -94.30170
 50.41500 -94.35220
 50.38250 -94.35640
 50.34670 -94.35440
 50.31140 -94.35730
 50.24640 -94.37330
 50.21960 -94.38690
 50.20360 -94.40000
 50.18670 -94.43100
 50.16700 -94.50480
 50.14760 -94.52720
 50.08860 -94.57390
 50.02720 -94.62900
 50.02600 -94.66470
 50.03540 -94.71670
 50.05650 -94.78110
 50.06000 -94.81980
 50.05210 -94.98030
 50.03750 -94.99970
 50.02300 -95.01230
 49.96440 -95.06450
 49.95650 -95.09730
 49.95720 -95.15580
 49.95800 -95.20470
 49.95940 -95.22550
 49.95970 -95.26420
 49.95860 -95.34920
 49.95690 -95.41400
 49.94990 -95.43860
 49.90770 -95.49160
3770 190 47.34900 50.54366 -104.85310 -101.59280 'Bulgan (Mongolia)'
 48.58700 -104.54900
 48.55900 -104.56200
 48.45150 -104.55000
 48.40600 -104.53700
 48.36800 -104.51200
 48.34950 -104.49300
 48.28800 -104.40800
 48.20300 -104.30100
 48.14950 -104.29600
 48.11500 -104.30100
 48.02200 -104.37800
 48.00700 -104.40600
 48.00300 -104.43100
 48.00700 -104.46700
 48.01600 -104.51300
 47.94140 -104.53200
 47.86790 -104.55400
 47.76180 -104.61800
 47.73330 -104.68400
 47.70680 -104.69300
 47.69040 -104.68100
 47.67390 -104.61500
 47.65700 -104.46900
 47.62580 -104.33900
 47.56930 -104.13000
 47.53390 -104.04300
 47.49870 -103.99800
 47.45560 -103.96600
 47.42470 -103.94800
 47.41630 -103.91500
 47.40140 -103.86100
 47.38660 -103.80700
 47.37130 -103.71700
 47.36410 -103.66600
 47.34900 -103.65600
 47.36300 -103.62700
 47.39300 -103.58100
 47.46450 -103.49100
 47.52680 -103.41700
 47.58540 -103.36800
 47.66210 -103.30500
 47.70430 -103.25800
 47.73810 -103.20000
 47.80300 -103.04900
 47.83810 -102.95600
 47.87790 -102.89700
 47.90790 -102.86200
 47.94840 -102.84000
 47.98280 -102.82300
 48.02610 -102.84000
 48.13700 -102.86000
 48.19220 -102.85800
 48.23280 -102.84100
 48.26890 -102.80300
 48.34050 -102.69900
 48.37790 -102.63000
 48.39920 -102.57300
 48.42620 -102.50100
 48.44710 -102.42900
 48.48270 -102.37800
 48.53270 -102.32600
 48.65630 -102.19000
 48.71340 -102.10400
 48.75690 -102.04200
 48.81200 -101.96600
 48.84950 -101.96800
 48.87900 -101.96900
 48.96760 -101.88100
 48.99500 -101.83600
 49.01950 -101.75900
 49.03390 -101.69300
 49.03290 -101.59300
 49.09460 -101.59800
 49.15030 -101.61000
 49.19440 -101.64500
 49.23870 -101.68600
 49.27720 -101.73700
 49.31640 -101.81600
 49.35810 -101.91400
 49.39370 -102.01600
 49.43030 -102.15900
 49.46210 -102.28400
 49.48420 -102.35200
 49.50560 -102.39200
 49.53920 -102.42200
 49.57220 -102.43300
 49.59910 -102.44100
 49.62210 -102.46200
 49.63310 -102.49600
 49.63070 -102.57600
 49.64150 -102.69500
 49.66080 -102.73900
 49.67700 -102.77500
 49.74000 -102.77000
 49.78700 -102.70700
 49.84900 -102.56400
 49.88350 -102.40800
 49.89030 -102.35100
 49.88850 -102.27500
 49.87470 -102.21200
 49.87160 -102.17000
 49.88300 -102.13500
 49.90890 -102.10500
 50.04090 -102.05000
 50.07170 -102.05100
 50.10470 -102.05600
 50.13690 -102.11100
 50.16070 -102.16100
 50.18900 -102.22400
 50.22910 -102.27000
 50.27330 -102.31600
 50.31520 -102.35200
 50.36320 -102.38500
 50.42760 -102.41700
 50.49710 -102.40400
 50.54370 -102.38100
 50.53670 -102.45300
 50.53170 -102.48700
 50.50900 -102.54100
 50.45280 -102.59500
 50.42420 -102.60600
 50.40920 -102.62700
 50.40500 -102.67200
 50.39440 -102.74900
 50.38720 -102.78000
 50.37140 -102.81800
 50.35110 -102.84900
 50.32430 -102.89100
 50.31530 -102.91900
 50.31000 -102.94200
 50.30640 -102.96700
 50.30280 -103.00300
 50.30360 -103.04400
 50.30670 -103.09200
 50.31280 -103.15700
 50.31250 -103.19800
 50.30860 -103.22400
 50.29300 -103.25400
 50.25800 -103.26500
 50.22200 -103.28000
 50.19940 -103.31700
 50.19640 -103.33700
 50.17560 -103.53100
 50.14750 -103.60700
 50.13740 -103.64900
 50.13750 -103.70600
 50.14680 -103.73500
 50.16620 -103.75300
 50.18490 -103.77200
 50.19850 -103.80300
 50.20120 -103.82600
 50.19780 -103.85600
 50.18000 -103.91100
 50.17160 -103.93600
 50.14920 -104.03100
 50.14710 -104.06300
 50.14870 -104.09300
 50.15350 -104.11800
 50.18870 -104.25500
 50.20840 -104.27200
 50.23820 -104.29300
 50.29860 -104.39200
 50.30920 -104.41800
 50.31600 -104.45000
 50.32040 -104.49700
 50.28460 -104.52900
 50.21080 -104.56500
 50.14320 -104.59400
 50.09000 -104.60600
 50.02230 -104.60900
 49.94650 -104.64100
 49.84000 -104.72100
 49.78680 -104.77400
 49.73760 -104.83400
 49.69050 -104.85300
 49.64330 -104.84300
 49.58390 -104.81100
 49.51620 -104.76700
 49.45260 -104.71600
 49.37260 -104.66600
 49.28230 -104.62500
 49.19620 -104.59700
 49.12450 -104.58400
 49.02830 -104.60600
 48.93000 -104.62500
 48.83790 -104.62800
 48.72100 -104.62100
 48.64800 -104.60100
 48.62350 -104.59100
 48.58700 -104.54900
3771 131 44.16912 46.66419 -108.91490 -103.56580 'Dundgovi (Mongolia)'
 46.50530 -107.89100
 46.49660 -108.10900
 46.49170 -108.26000
 46.46040 -108.34100
 46.42560 -108.40300
 46.31480 -108.48000
 46.17140 -108.60700
 46.11080 -108.64600
 46.05590 -108.69700
 46.01500 -108.75200
 46.00170 -108.83300
 45.98930 -108.88800
 45.96400 -108.90900
 45.92910 -108.91500
 45.89310 -108.89700
 45.87220 -108.85700
 45.85240 -108.79100
 45.83220 -108.73400
 45.79760 -108.67800
 45.71600 -108.62500
 45.60350 -108.58100
 45.50580 -108.52400
 45.41070 -108.44900
 45.37270 -108.42900
 45.31530 -108.44200
 45.26160 -108.46400
 45.17630 -108.51500
 45.09930 -108.56000
 45.03160 -108.57500
 44.95910 -108.55500
 44.88380 -108.50000
 44.82690 -108.44400
 44.78250 -108.37800
 44.74390 -108.31800
 44.69390 -108.23400
 44.65020 -108.14500
 44.60780 -108.01100
 44.55650 -107.89700
 44.50870 -107.79700
 44.46960 -107.67500
 44.46610 -107.58400
 44.49090 -107.49100
 44.51130 -107.41000
 44.51390 -107.30800
 44.49840 -107.19000
 44.47410 -107.10100
 44.44360 -107.01100
 44.41070 -106.93600
 44.36570 -106.85200
 44.31100 -106.74700
 44.22670 -106.58000
 44.19370 -106.49400
 44.16910 -106.38300
 44.17050 -106.29000
 44.17790 -106.19400
 44.19770 -106.07300
 44.23550 -105.95500
 44.27490 -105.87400
 44.36510 -105.77800
 44.46350 -105.65500
 44.56980 -105.54300
 44.64550 -105.45400
 44.68850 -105.37200
 44.72570 -105.21500
 44.73230 -104.99000
 44.73030 -104.81600
 44.74840 -104.68400
 44.79420 -104.43900
 44.84180 -104.23500
 44.87270 -104.03200
 44.92730 -103.79600
 44.99350 -103.56600
 45.07790 -103.64500
 45.13140 -103.69800
 45.19070 -103.72900
 45.24360 -103.72800
 45.30430 -103.70100
 45.36900 -103.67400
 45.42970 -103.64900
 45.49680 -103.64500
 45.54770 -103.65000
 45.60490 -103.66400
 45.65410 -103.69700
 45.68340 -103.76400
 45.71490 -103.85100
 45.75480 -103.97500
 45.77170 -104.04500
 45.78630 -104.08900
 45.82520 -104.11800
 45.89270 -104.16700
 46.01790 -104.30300
 46.06720 -104.38200
 46.18600 -104.52600
 46.23090 -104.56700
 46.32900 -104.63400
 46.40450 -104.69100
 46.43720 -104.74100
 46.46790 -104.82100
 46.49850 -104.91300
 46.51880 -105.01600
 46.51660 -105.12300
 46.51190 -105.31200
 46.52370 -105.40100
 46.55590 -105.49400
 46.59000 -105.58300
 46.65040 -105.68200
 46.66420 -105.74500
 46.65770 -105.78700
 46.64720 -105.82500
 46.62630 -105.87500
 46.59940 -105.91300
 46.54620 -105.93800
 46.48700 -105.94200
 46.47620 -105.99500
 46.48390 -106.04000
 46.49550 -106.09600
 46.55020 -106.27900
 46.57490 -106.40700
 46.57290 -106.54000
 46.56830 -106.69100
 46.51700 -106.81900
 46.44230 -106.98400
 46.38070 -107.10200
 46.36050 -107.18400
 46.35620 -107.28400
 46.36470 -107.35600
 46.38750 -107.42200
 46.47280 -107.59500
 46.50920 -107.68400
 46.51510 -107.76400
 46.50530 -107.89100
3772 15 49.82860 49.97995 -106.31300 -106.05180 'Darhan (Mongolia)'
 49.82860 -106.18600
 49.83100 -106.12100
 49.84500 -106.07500
 49.87910 -106.05300
 49.91540 -106.05200
 49.94360 -106.06900
 49.96590 -106.10100
 49.97990 -106.15200
 49.97990 -106.20300
 49.96700 -106.26300
 49.94120 -106.30100
 49.90610 -106.31300
 49.86500 -106.29500
 49.84150 -106.24900
 49.82860 -106.18600
3773 146 44.14281 47.42474 -104.63440 -101.01610 'Ovorhangay (Mongolia)'
 46.32900 -104.63400
 46.23090 -104.56700
 46.18600 -104.52600
 46.06720 -104.38200
 46.01790 -104.30300
 45.89270 -104.16700
 45.82520 -104.11800
 45.78630 -104.08900
 45.77170 -104.04500
 45.75480 -103.97500
 45.71490 -103.85100
 45.68340 -103.76400
 45.65410 -103.69700
 45.60490 -103.66400
 45.54770 -103.65000
 45.49680 -103.64500
 45.42970 -103.64900
 45.36900 -103.67400
 45.30430 -103.70100
 45.24360 -103.72800
 45.19070 -103.72900
 45.13140 -103.69800
 45.07790 -103.64500
 44.99350 -103.56600
 44.96540 -103.44000
 44.95010 -103.37500
 44.92060 -103.30700
 44.86620 -103.21100
 44.79550 -103.11800
 44.73160 -103.06600
 44.65380 -103.03100
 44.58230 -103.00800
 44.51490 -102.98700
 44.44110 -102.95300
 44.37330 -102.91200
 44.30460 -102.82700
 44.26730 -102.78900
 44.23920 -102.71300
 44.21950 -102.64600
 44.21720 -102.55000
 44.20900 -102.38400
 44.22110 -102.22800
 44.22120 -102.01800
 44.20040 -101.86700
 44.16940 -101.72200
 44.14280 -101.59300
 44.23650 -101.54200
 44.30750 -101.54100
 44.36840 -101.54000
 44.45950 -101.53200
 44.55830 -101.51200
 44.63580 -101.46100
 44.69590 -101.43500
 44.76860 -101.42100
 44.83550 -101.41700
 44.90330 -101.37800
 44.96890 -101.33700
 45.01960 -101.27600
 45.06190 -101.21000
 45.10940 -101.12000
 45.15650 -101.07400
 45.21440 -101.04400
 45.31710 -101.01600
 45.37830 -101.01700
 45.43950 -101.01900
 45.51150 -101.03700
 45.59440 -101.07400
 45.66890 -101.10400
 45.74330 -101.13100
 45.83870 -101.17400
 45.93240 -101.22900
 46.01210 -101.28800
 46.09790 -101.35000
 46.17280 -101.39200
 46.22380 -101.39100
 46.30310 -101.38300
 46.38910 -101.39200
 46.48400 -101.42100
 46.54020 -101.45300
 46.61210 -101.46700
 46.66830 -101.43900
 46.71590 -101.39700
 46.75910 -101.34700
 46.82620 -101.16600
 46.86290 -101.27700
 46.87950 -101.34200
 46.89550 -101.45100
 46.91440 -101.72200
 46.91410 -101.84700
 46.92930 -101.94500
 46.95060 -102.05100
 46.97230 -102.17000
 46.98430 -102.24100
 46.97750 -102.29200
 46.95750 -102.31100
 46.94410 -102.34400
 46.95810 -102.41500
 46.97990 -102.47400
 47.01530 -102.50300
 47.09190 -102.55000
 47.14770 -102.57500
 47.19260 -102.57600
 47.24810 -102.58900
 47.31190 -102.61000
 47.35130 -102.63600
 47.38100 -102.68600
 47.39190 -102.71800
 47.39640 -102.74200
 47.39180 -102.81500
 47.37820 -102.84800
 47.36240 -102.87600
 47.33430 -102.90400
 47.28230 -102.96000
 47.24230 -103.01000
 47.21510 -103.08600
 47.19580 -103.14900
 47.18880 -103.22200
 47.19170 -103.27900
 47.20310 -103.35300
 47.21620 -103.41000
 47.27550 -103.56800
 47.30270 -103.61500
 47.34900 -103.65600
 47.36410 -103.66600
 47.37130 -103.71700
 47.38660 -103.80700
 47.40140 -103.86100
 47.41630 -103.91500
 47.42470 -103.94800
 47.36970 -103.95500
 47.31060 -103.97900
 47.27000 -104.00400
 47.23550 -104.02800
 47.18690 -104.07400
 47.13230 -104.14400
 47.08780 -104.20700
 46.96160 -104.25600
 46.84950 -104.27700
 46.77590 -104.25400
 46.70250 -104.25700
 46.56630 -104.33200
 46.50940 -104.37700
 46.43620 -104.40700
 46.39970 -104.44900
 46.36330 -104.52500
 46.32900 -104.63400
3774 160 48.52298 50.48361 -108.66210 -104.49660 'Selenge (Mongolia)'
 49.13100 -108.58100
 49.12630 -108.54000
 49.11970 -108.37000
 49.11700 -108.26000
 49.10970 -108.09700
 49.10140 -107.96200
 49.08670 -107.90100
 49.05550 -107.84200
 49.02370 -107.80900
 48.99580 -107.77900
 48.94690 -107.76600
 48.89600 -107.75300
 48.84680 -107.75600
 48.81500 -107.79400
 48.78250 -107.78300
 48.76510 -107.74400
 48.75640 -107.68800
 48.74480 -107.58200
 48.74780 -107.46100
 48.73410 -107.34800
 48.71640 -107.22600
 48.69190 -107.12500
 48.65280 -107.03300
 48.60710 -106.96300
 48.54460 -106.91300
 48.52300 -106.86600
 48.52820 -106.80800
 48.55560 -106.75900
 48.59140 -106.70200
 48.64760 -106.64900
 48.70800 -106.58700
 48.77230 -106.53700
 48.81430 -106.46400
 48.85650 -106.38200
 48.88040 -106.27700
 48.88360 -106.18300
 48.88100 -106.05900
 48.86850 -105.86900
 48.86580 -105.71000
 48.86060 -105.57000
 48.82860 -105.43900
 48.79030 -105.30800
 48.72930 -105.19200
 48.67210 -105.12900
 48.62520 -105.00200
 48.59660 -104.89300
 48.58220 -104.72900
 48.58700 -104.54900
 48.62350 -104.59100
 48.64800 -104.60100
 48.72100 -104.62100
 48.83790 -104.62800
 48.93000 -104.62500
 49.02830 -104.60600
 49.12450 -104.58400
 49.19620 -104.59700
 49.28230 -104.62500
 49.37260 -104.66600
 49.45260 -104.71600
 49.51620 -104.76700
 49.58390 -104.81100
 49.64330 -104.84300
 49.69050 -104.85300
 49.73760 -104.83400
 49.78680 -104.77400
 49.84000 -104.72100
 49.94650 -104.64100
 50.02230 -104.60900
 50.09000 -104.60600
 50.14320 -104.59400
 50.21080 -104.56500
 50.28460 -104.52900
 50.32040 -104.49700
 50.31770 -104.56500
 50.31800 -104.62100
 50.32860 -104.65200
 50.34660 -104.67600
 50.35910 -104.70900
 50.40480 -104.96700
 50.40780 -104.99900
 50.39670 -105.02400
 50.39210 -105.05900
 50.39220 -105.10000
 50.39830 -105.13200
 50.40420 -105.15400
 50.41470 -105.18100
 50.43000 -105.20900
 50.45190 -105.24800
 50.47300 -105.28300
 50.48150 -105.31200
 50.48360 -105.33600
 50.48300 -105.36100
 50.45440 -105.52200
 50.43080 -105.72800
 50.43600 -105.80700
 50.41050 -105.98900
 50.40050 -106.02600
 50.38690 -106.05200
 50.37530 -106.06900
 50.34580 -106.07400
 50.30000 -106.24500
 50.29880 -106.27500
 50.30640 -106.29900
 50.31610 -106.33600
 50.33170 -106.43600
 50.33830 -106.48700
 50.34610 -106.54700
 50.34550 -106.59900
 50.34300 -106.62700
 50.33860 -106.66300
 50.32560 -106.73800
 50.32000 -106.76100
 50.31050 -106.78800
 50.29420 -106.82600
 50.19920 -107.00700
 50.13140 -107.05200
 50.10860 -107.06400
 50.08320 -107.08100
 50.02690 -107.17600
 50.00320 -107.25500
 49.98230 -107.46300
 49.98280 -107.55100
 49.98030 -107.73800
 49.97950 -107.75400
 49.94890 -107.81700
 49.94470 -107.90600
 49.92890 -107.98400
 49.78890 -107.97600
 49.68220 -107.94900
 49.61080 -108.04200
 49.59000 -108.07200
 49.56940 -108.11300
 49.55800 -108.13800
 49.55140 -108.16900
 49.49330 -108.29900
 49.44180 -108.36400
 49.34580 -108.52800
 49.33490 -108.56300
 49.33170 -108.60100
 49.33170 -108.65100
 49.33170 -108.65100
 49.27180 -108.66200
 49.19820 -108.65600
 49.15660 -108.61400
 49.13100 -108.58100
 49.82860 -106.18600
 49.84150 -106.24900
 49.86500 -106.29500
 49.90610 -106.31300
 49.94120 -106.30100
 49.96700 -106.26300
 49.97990 -106.20300
 49.97990 -106.15200
 49.96590 -106.10100
 49.94360 -106.06900
 49.91540 -106.05200
 49.87910 -106.05300
 49.84500 -106.07500
 49.83100 -106.12100
 49.82860 -106.18600
3775 193 46.32896 49.13104 -109.10300 -103.94780 'Tov (Mongolia)'
 47.09100 -108.69900
 47.04030 -108.69200
 46.96980 -108.66500
 46.88150 -108.61800
 46.81780 -108.57400
 46.79810 -108.55200
 46.77560 -108.49600
 46.77240 -108.41300
 46.79100 -108.22300
 46.79400 -108.13100
 46.75550 -108.05400
 46.71310 -107.97300
 46.66750 -107.92900
 46.62090 -107.91600
 46.50530 -107.89100
 46.51510 -107.76400
 46.50920 -107.68400
 46.47280 -107.59500
 46.38750 -107.42200
 46.36470 -107.35600
 46.35620 -107.28400
 46.36050 -107.18400
 46.38070 -107.10200
 46.44230 -106.98400
 46.51700 -106.81900
 46.56830 -106.69100
 46.57290 -106.54000
 46.57490 -106.40700
 46.55020 -106.27900
 46.49550 -106.09600
 46.48390 -106.04000
 46.47620 -105.99500
 46.48700 -105.94200
 46.54620 -105.93800
 46.59940 -105.91300
 46.62630 -105.87500
 46.64720 -105.82500
 46.65770 -105.78700
 46.66420 -105.74500
 46.65040 -105.68200
 46.59000 -105.58300
 46.55590 -105.49400
 46.52370 -105.40100
 46.51190 -105.31200
 46.51660 -105.12300
 46.51880 -105.01600
 46.49850 -104.91300
 46.46790 -104.82100
 46.43720 -104.74100
 46.40450 -104.69100
 46.32900 -104.63400
 46.36330 -104.52500
 46.39970 -104.44900
 46.43620 -104.40700
 46.50940 -104.37700
 46.56630 -104.33200
 46.70250 -104.25700
 46.77590 -104.25400
 46.84950 -104.27700
 46.96160 -104.25600
 47.08780 -104.20700
 47.13230 -104.14400
 47.18690 -104.07400
 47.23550 -104.02800
 47.27000 -104.00400
 47.31060 -103.97900
 47.36970 -103.95500
 47.42470 -103.94800
 47.45560 -103.96600
 47.49870 -103.99800
 47.53390 -104.04300
 47.56930 -104.13000
 47.62580 -104.33900
 47.65700 -104.46900
 47.67390 -104.61500
 47.69040 -104.68100
 47.70680 -104.69300
 47.73330 -104.68400
 47.76180 -104.61800
 47.86790 -104.55400
 47.94140 -104.53200
 48.01600 -104.51300
 48.00700 -104.46700
 48.00300 -104.43100
 48.00700 -104.40600
 48.02200 -104.37800
 48.11500 -104.30100
 48.14950 -104.29600
 48.20300 -104.30100
 48.28800 -104.40800
 48.34950 -104.49300
 48.36800 -104.51200
 48.40600 -104.53700
 48.45150 -104.55000
 48.55900 -104.56200
 48.58700 -104.54900
 48.58220 -104.72900
 48.59660 -104.89300
 48.62520 -105.00200
 48.67210 -105.12900
 48.72930 -105.19200
 48.79030 -105.30800
 48.82860 -105.43900
 48.86060 -105.57000
 48.86580 -105.71000
 48.86850 -105.86900
 48.88100 -106.05900
 48.88360 -106.18300
 48.88040 -106.27700
 48.85650 -106.38200
 48.81430 -106.46400
 48.77230 -106.53700
 48.70800 -106.58700
 48.64760 -106.64900
 48.59140 -106.70200
 48.55560 -106.75900
 48.52820 -106.80800
 48.52300 -106.86600
 48.54460 -106.91300
 48.60710 -106.96300
 48.65280 -107.03300
 48.69190 -107.12500
 48.71640 -107.22600
 48.73410 -107.34800
 48.74780 -107.46100
 48.74480 -107.58200
 48.75640 -107.68800
 48.76510 -107.74400
 48.78250 -107.78300
 48.81500 -107.79400
 48.84680 -107.75600
 48.89600 -107.75300
 48.94690 -107.76600
 48.99580 -107.77900
 49.02370 -107.80900
 49.05550 -107.84200
 49.08670 -107.90100
 49.10140 -107.96200
 49.10970 -108.09700
 49.11700 -108.26000
 49.11970 -108.37000
 49.12630 -108.54000
 49.13100 -108.58100
 49.10350 -108.54700
 49.05860 -108.54000
 48.94160 -108.60200
 48.86350 -108.66700
 48.79290 -108.74800
 48.73480 -108.82300
 48.68310 -108.89000
 48.60600 -108.97600
 48.52630 -109.02100
 48.45100 -109.06000
 48.37820 -109.08700
 48.32220 -109.10300
 48.25710 -109.09100
 48.21900 -109.06900
 48.17760 -109.02800
 48.15180 -108.95500
 48.07240 -108.72400
 48.04200 -108.59800
 48.02870 -108.54300
 47.99150 -108.49700
 47.85100 -108.46700
 47.79100 -108.47500
 47.75450 -108.49100
 47.72200 -108.49000
 47.65200 -108.45000
 47.62400 -108.41100
 47.49900 -108.39700
 47.41700 -108.46300
 47.37500 -108.51200
 47.34900 -108.54400
 47.24600 -108.61000
 47.19300 -108.63900
 47.10900 -108.68200
 47.09100 -108.69900
 47.80810 -106.90800
 47.81900 -106.97800
 47.85800 -107.06800
 47.89810 -107.11000
 47.93080 -107.11200
 47.96430 -107.07400
 48.06780 -106.91100
 48.06550 -106.81600
 48.05030 -106.74800
 48.00850 -106.68200
 47.96050 -106.62200
 47.87040 -106.62700
 47.83910 -106.66600
 47.82160 -106.72900
 47.81580 -106.82600
 47.80810 -106.90800
3776 16 47.80809 48.06778 -107.11190 -106.62210 'Ulaanbaatar (Mongolia)'
 47.80810 -106.90800
 47.81580 -106.82600
 47.82160 -106.72900
 47.83910 -106.66600
 47.87040 -106.62700
 47.96050 -106.62200
 48.00850 -106.68200
 48.05030 -106.74800
 48.06550 -106.81600
 48.06780 -106.91100
 47.96430 -107.07400
 47.93080 -107.11200
 47.89810 -107.11000
 47.85800 -107.06800
 47.81900 -106.97800
 47.80810 -106.90800
3780 261 46.32724 50.28430 -119.93151 -112.37690 'Dornod (Mongolia)'
 46.32720 -116.67200
 46.42280 -116.59500
 46.52370 -116.52700
 46.59640 -116.43400
 46.64030 -116.35700
 46.68000 -116.26100
 46.70860 -116.15400
 46.73220 -116.01500
 46.73270 -115.85900
 46.71820 -115.78300
 46.70140 -115.72800
 46.68400 -115.64000
 46.68490 -115.55300
 46.69340 -115.45200
 46.69770 -115.35100
 46.69530 -115.25400
 46.68440 -115.15900
 46.66670 -115.11000
 46.65960 -115.05700
 46.65780 -114.95200
 46.66650 -114.88500
 46.70160 -114.82000
 46.74830 -114.76400
 46.84070 -114.59700
 46.89460 -114.48500
 46.92910 -114.44700
 46.96710 -114.43600
 47.00980 -114.44200
 47.07330 -114.44600
 47.21730 -114.44900
 47.27900 -114.42800
 47.32530 -114.39500
 47.36320 -114.34200
 47.40540 -114.24100
 47.45320 -114.12300
 47.50400 -113.96900
 47.56710 -113.76500
 47.61890 -113.56700
 47.65920 -113.40400
 47.68480 -113.21600
 47.69490 -113.03700
 47.70220 -112.86500
 47.72620 -112.79200
 47.80400 -112.72800
 47.91150 -112.73600
 47.98670 -112.69300
 48.09050 -112.62500
 48.16010 -112.57600
 48.31000 -112.55200
 48.38340 -112.56100
 48.48120 -112.57500
 48.56450 -112.58900
 48.62620 -112.59100
 48.76720 -112.54900
 48.89090 -112.46100
 48.99590 -112.40400
 49.11520 -112.37700
 49.20470 -112.42400
 49.28210 -112.46500
 49.38160 -112.45700
 49.49270 -112.48900
 49.54140 -112.49200
 49.53640 -112.53700
 49.52890 -112.59100
 49.51810 -112.65500
 49.50490 -112.68700
 49.49890 -112.71100
 49.49790 -112.73600
 49.50240 -112.77400
 49.50970 -112.80300
 49.51830 -112.83100
 49.60370 -113.09600
 49.67020 -113.09800
 49.79430 -113.18700
 49.81570 -113.21200
 49.83140 -113.23900
 49.88860 -113.35700
 49.93590 -113.46000
 49.96360 -113.48400
 50.00190 -113.55700
 50.01640 -113.58600
 50.06170 -113.71000
 50.08680 -113.78500
 50.08620 -113.83000
 50.08710 -113.87200
 50.09970 -113.89600
 50.12390 -113.93200
 50.14740 -113.96500
 50.16190 -113.98900
 50.17420 -114.01200
 50.24830 -114.17600
 50.25580 -114.19500
 50.26810 -114.23700
 50.28430 -114.32200
 50.28120 -114.34900
 50.27140 -114.37700
 50.26280 -114.39600
 50.25190 -114.42200
 50.24530 -114.44400
 50.24140 -114.49900
 50.24610 -114.55500
 50.25000 -114.57900
 50.26080 -114.62300
 50.26440 -114.66600
 50.25280 -114.74900
 50.22830 -114.85400
 50.21780 -114.88100
 50.15750 -115.01100
 50.14510 -115.03400
 50.12990 -115.05200
 50.08110 -115.09500
 49.99330 -115.21300
 49.96610 -115.26100
 49.90390 -115.39000
 49.89830 -115.41500
 49.89530 -115.52200
 49.90430 -115.55500
 49.90720 -115.57900
 49.90440 -115.60900
 49.89920 -115.63500
 49.88890 -115.67400
 49.88080 -115.73000
 49.88640 -115.76200
 49.89550 -115.78800
 49.90890 -115.81900
 49.93690 -115.88700
 49.99610 -116.04900
 50.00280 -116.07000
 50.01040 -116.09800
 50.02110 -116.15100
 50.02830 -116.21700
 50.02750 -116.24600
 50.01390 -116.29100
 49.99110 -116.35300
 49.96750 -116.42500
 49.95990 -116.45200
 49.95080 -116.49900
 49.92900 -116.61700
 49.84430 -116.70100
 49.83050 -116.71100
 49.73800 -116.64700
 49.62670 -116.57000
 49.52470 -116.50100
 49.42250 -116.43100
 49.30170 -116.34900
 49.19920 -116.28000
 48.97550 -116.13000
 48.86800 -116.05900
 48.81580 -116.08400
 48.69050 -115.96800
 48.66390 -115.94200
 48.52050 -115.81100
 48.40300 -115.82200
 48.33830 -115.82900
 48.30610 -115.83200
 48.27390 -115.83400
 48.25250 -115.83600
 48.17300 -115.62100
 48.14350 -115.54900
 47.91750 -115.59400
 47.69190 -115.92300
 47.69010 -115.96600
 47.75220 -116.04000
 47.80440 -116.09700
 47.82190 -116.11600
 47.87820 -116.26200
 47.85890 -116.36900
 47.84530 -116.50800
 47.85720 -116.59200
 47.87610 -116.72700
 47.88190 -116.79300
 47.88800 -116.87500
 47.80660 -117.11300
 47.66920 -117.32800
 47.65740 -117.35200
 47.65740 -117.38300
 47.85000 -117.61600
 47.87420 -117.64100
 47.89400 -117.66200
 48.01120 -117.80500
 48.01530 -117.83800
 48.01840 -117.88000
 48.01310 -118.05600
 48.03000 -118.23000
 48.00390 -118.39400
 47.99480 -118.53900
 47.94080 -118.60800
 47.87890 -118.66700
 47.77280 -118.76700
 47.75640 -118.82000
 47.71050 -118.97200
 47.68580 -119.05600
 47.66500 -119.12500
 47.63420 -119.13100
 47.53390 -119.14900
 47.50940 -119.24100
 47.46220 -119.34100
 47.41970 -119.33800
 47.37060 -119.40700
 47.35690 -119.43900
 47.32140 -119.49800
 47.24140 -119.62600
 47.21940 -119.65600
 47.16650 -119.72700
 47.11000 -119.77500
 47.08300 -119.78900
 47.01900 -119.79000
 46.99810 -119.79900
 46.92180 -119.87100
 46.90220 -119.92200
 46.71510 -119.93200
 46.67690 -119.89800
 46.65670 -119.85500
 46.61360 -119.75100
 46.59890 -119.70700
 46.60420 -119.67900
 46.62300 -119.65300
 46.63470 -119.53600
 46.63920 -119.46300
 46.63650 -119.44100
 46.62690 -119.41700
 46.61780 -119.39600
 46.61440 -119.36300
 46.62100 -119.30100
 46.66670 -119.09200
 46.67270 -119.07100
 46.69320 -119.03900
 46.71720 -119.02000
 46.74220 -118.97200
 46.76970 -118.88700
 46.77200 -118.86700
 46.76330 -118.84200
 46.71670 -118.78800
 46.68670 -118.77500
 46.69430 -118.45600
 46.69930 -118.43700
 46.71960 -118.41000
 46.73640 -118.31500
 46.73110 -118.29100
 46.67800 -118.11700
 46.61940 -117.93400
 46.60510 -117.90800
 46.58170 -117.87600
 46.56410 -117.86300
 46.53650 -117.84600
 46.51390 -117.71700
 46.55110 -117.63300
 46.60580 -117.60200
 46.57070 -117.42500
 46.52780 -117.44400
 46.45750 -117.39300
 46.41890 -117.37600
 46.39900 -117.38200
 46.36440 -117.37100
 46.36190 -117.07900
 46.38390 -116.90200
 46.39360 -116.84200
 46.38300 -116.81900
 46.35110 -116.77700
 46.33110 -116.75900
 46.32720 -116.67200
3781 153 44.74527 47.81000 -116.67180 -111.36070 'Suhbaatar (Mongolia)'
 45.09100 -112.08400
 45.15250 -112.08600
 45.22510 -112.07100
 45.30710 -112.04000
 45.37510 -112.00300
 45.44310 -111.93800
 45.50970 -111.89200
 45.56430 -111.87100
 45.61580 -111.86700
 45.68500 -111.87200
 45.79570 -111.89700
 45.90930 -111.91100
 46.03810 -111.91300
 46.11470 -111.87100
 46.14940 -111.81400
 46.17930 -111.73600
 46.19210 -111.63700
 46.22390 -111.49700
 46.29020 -111.42100
 46.37920 -111.37400
 46.45380 -111.36100
 46.54450 -111.38200
 46.63490 -111.41000
 46.72420 -111.45600
 46.83910 -111.48400
 46.93510 -111.52200
 47.01940 -111.54900
 47.12040 -111.57300
 47.18480 -111.59100
 47.22590 -111.62200
 47.26740 -111.67600
 47.30210 -111.77200
 47.33670 -111.89800
 47.36930 -111.99100
 47.41880 -112.04700
 47.49800 -112.09000
 47.56110 -112.09700
 47.62080 -112.12500
 47.67360 -112.16400
 47.76200 -112.23200
 47.78600 -112.28600
 47.79000 -112.30900
 47.78200 -112.42200
 47.78200 -112.53600
 47.78800 -112.58400
 47.80100 -112.61500
 47.81000 -112.68900
 47.80400 -112.72800
 47.72620 -112.79200
 47.70220 -112.86500
 47.69490 -113.03700
 47.68480 -113.21600
 47.65920 -113.40400
 47.61890 -113.56700
 47.56710 -113.76500
 47.50400 -113.96900
 47.45320 -114.12300
 47.40540 -114.24100
 47.36320 -114.34200
 47.32530 -114.39500
 47.27900 -114.42800
 47.21730 -114.44900
 47.07330 -114.44600
 47.00980 -114.44200
 46.96710 -114.43600
 46.92910 -114.44700
 46.89460 -114.48500
 46.84070 -114.59700
 46.74830 -114.76400
 46.70160 -114.82000
 46.66650 -114.88500
 46.65780 -114.95200
 46.65960 -115.05700
 46.66670 -115.11000
 46.68440 -115.15900
 46.69530 -115.25400
 46.69770 -115.35100
 46.69340 -115.45200
 46.68490 -115.55300
 46.68400 -115.64000
 46.70140 -115.72800
 46.71820 -115.78300
 46.73270 -115.85900
 46.73220 -116.01500
 46.70860 -116.15400
 46.68000 -116.26100
 46.64030 -116.35700
 46.59640 -116.43400
 46.52370 -116.52700
 46.42280 -116.59500
 46.32720 -116.67200
 46.29580 -116.58600
 46.25260 -116.57000
 46.22530 -116.54100
 46.16810 -116.45900
 46.14140 -116.41900
 46.11250 -116.38400
 46.08370 -116.35900
 45.99610 -116.29400
 45.95070 -116.26500
 45.90100 -116.23600
 45.87630 -116.23900
 45.84320 -116.26800
 45.80890 -116.28000
 45.72190 -116.21000
 45.70870 -116.19000
 45.69330 -116.15000
 45.68110 -116.11200
 45.68320 -116.08900
 45.68550 -116.03100
 45.63580 -115.93700
 45.54550 -115.80100
 45.45860 -115.70200
 45.41420 -115.47500
 45.39890 -115.39200
 45.40050 -115.29500
 45.40390 -115.17400
 45.38500 -114.96900
 45.38280 -114.93800
 45.41030 -114.84500
 45.44050 -114.74300
 45.38940 -114.54500
 45.34890 -114.54300
 45.32280 -114.54100
 45.20610 -114.45400
 45.14310 -114.35900
 45.12940 -114.33700
 45.07080 -114.24300
 44.99610 -114.14600
 44.98030 -114.13100
 44.93920 -114.07600
 44.92940 -114.02300
 44.92500 -113.99100
 44.92400 -113.97000
 44.92280 -113.91700
 44.86170 -113.81700
 44.81030 -113.74500
 44.79310 -113.72200
 44.74530 -113.63800
 44.75250 -113.55200
 44.77720 -113.51100
 44.78860 -113.24200
 44.79510 -113.14300
 44.84610 -112.85300
 44.92640 -112.60700
 44.95110 -112.59200
 44.99370 -112.55700
 45.03360 -112.50000
 45.08060 -112.42700
 45.06780 -112.36500
 45.07140 -112.23100
 45.07530 -112.09700
 45.09100 -112.08400
