755 41 17.10445 17.96250 88.16307 88.64723 'Belize (Belize)'
 17.10720 88.60720
 17.11220 88.60140
 17.13420 88.58120
 17.17110 88.56280
 17.19490 88.55900
 17.22040 88.57390
 17.40810 88.58610
 17.49390 88.59080
 17.46650 88.60730
 17.46530 88.63790
 17.48250 88.64000
 17.59530 88.64720
 17.62010 88.64290
 17.65760 88.62430
 17.75820 88.57530
 17.84310 88.56920
 17.89260 88.54880
 17.96080 88.28740
 17.96250 88.27780
 17.95110 88.16310
 17.92400 88.18650
 17.88710 88.20240
 17.80250 88.20900
 17.77560 88.21200
 17.71580 88.22580
 17.69610 88.23360
 17.66570 88.25180
 17.64490 88.27350
 17.62390 88.28250
 17.58080 88.27840
 17.49910 88.16880
 17.46530 88.24890
 17.42220 88.26060
 17.32330 88.28500
 17.27680 88.29470
 17.23830 88.29860
 17.18560 88.29950
 17.12250 88.28910
 17.12360 88.33030
 17.10440 88.37060
 17.10720 88.60720
756 19 17.27500 17.54903 87.77959 87.93597 'Belize (Belize)'
 17.27500 87.92420
 17.27740 87.92850
 17.29290 87.93600
 17.30670 87.93470
 17.41830 87.91790
 17.54900 87.82180
 17.54690 87.81000
 17.51900 87.78110
 17.50220 87.77960
 17.48940 87.78580
 17.42900 87.81900
 17.41710 87.83150
 17.41280 87.84100
 17.41760 87.85290
 17.42250 87.86260
 17.40560 87.89000
 17.38610 87.90350
 17.29010 87.92500
 17.27500 87.92420
757 34 16.41445 17.49392 88.55904 89.18417 'Cayo (Belize)'
 16.69830 88.77830
 16.68640 88.78390
 16.62250 88.82830
 16.58500 88.87000
 16.54830 88.93080
 16.52080 88.97780
 16.47890 89.09200
 16.41970 89.17890
 16.41440 89.18420
 17.01390 89.14500
 17.34180 89.14340
 17.37070 89.10140
 17.38190 89.08100
 17.38970 88.99390
 17.39080 88.96670
 17.41850 88.74020
 17.46530 88.63790
 17.46650 88.60730
 17.49390 88.59080
 17.40810 88.58610
 17.22040 88.57390
 17.19490 88.55900
 17.17110 88.56280
 17.13420 88.58120
 17.11220 88.60140
 17.10720 88.60720
 17.09940 88.60780
 17.05530 88.59900
 17.03890 88.58150
 16.84170 88.68670
 16.78810 88.73530
 16.77220 88.75110
 16.72850 88.78040
 16.69830 88.77830
758 27 17.95111 18.48990 88.07779 88.60002 'Corozal (Belize)'
 17.95110 88.16310
 17.96250 88.27780
 17.96080 88.28740
 17.96900 88.29900
 18.08750 88.43530
 18.18670 88.47390
 18.22970 88.58640
 18.23580 88.60000
 18.29070 88.58910
 18.43030 88.51700
 18.44750 88.50640
 18.48370 88.47380
 18.48990 88.40540
 18.48210 88.37140
 18.48140 88.34390
 18.48290 88.29950
 18.45100 88.28970
 18.42440 88.31330
 18.36420 88.31560
 18.35310 88.20860
 18.37330 88.09750
 18.27140 88.08200
 18.21560 88.07780
 18.12240 88.08740
 18.02940 88.12310
 17.96600 88.15080
 17.95110 88.16310
759 16 17.89750 18.16458 87.84667 88.00612 'Corozal (Belize)'
 17.99930 87.92510
 18.01960 87.90580
 17.97060 87.92030
 17.95140 87.92860
 17.93860 87.93670
 17.91470 87.95290
 17.90390 87.96140
 17.89830 87.97360
 17.89750 87.99110
 17.90190 88.00610
 18.15080 87.90120
 18.16460 87.85640
 18.15860 87.84760
 18.14100 87.84670
 18.04580 87.89010
 17.99930 87.92510
760 35 17.34180 18.23584 88.28743 89.14344 'Orange Walk (Belize)'
 17.46530 88.63790
 17.41850 88.74020
 17.39080 88.96670
 17.38970 88.99390
 17.38190 89.08100
 17.37070 89.10140
 17.34180 89.14340
 17.71940 89.14220
 17.81890 89.14200
 17.95110 89.14300
 17.97090 89.12160
 17.99500 89.07210
 18.00450 89.02260
 17.98740 88.99700
 17.96580 88.98340
 17.90730 88.87200
 17.90390 88.84140
 17.98880 88.77410
 18.05470 88.72810
 18.11000 88.70450
 18.18560 88.68110
 18.23580 88.60000
 18.22970 88.58640
 18.18670 88.47390
 18.08750 88.43530
 17.96900 88.29900
 17.96080 88.28740
 17.89260 88.54880
 17.84310 88.56920
 17.75820 88.57530
 17.65760 88.62430
 17.62010 88.64290
 17.59530 88.64720
 17.48250 88.64000
 17.46530 88.63790
807 34 16.50176 17.12361 88.21334 88.78035 'Stann Creek (Belize)'
 16.69830 88.77830
 16.72850 88.78040
 16.77220 88.75110
 16.78810 88.73530
 16.84170 88.68670
 17.03890 88.58150
 17.05530 88.59900
 17.09940 88.60780
 17.10720 88.60720
 17.10440 88.37060
 17.12360 88.33030
 17.12250 88.28910
 17.09790 88.28000
 17.08040 88.26570
 17.06480 88.23490
 16.96210 88.21330
 16.94600 88.23430
 16.92600 88.26280
 16.88940 88.27820
 16.80060 88.27970
 16.64360 88.30270
 16.50180 88.36130
 16.60280 88.34720
 16.56190 88.37890
 16.54170 88.39420
 16.53890 88.40610
 16.53500 88.43060
 16.52360 88.50430
 16.52590 88.53970
 16.57510 88.54650
 16.65940 88.59670
 16.69560 88.65280
 16.68860 88.72220
 16.69830 88.77830
808 36 15.88985 16.69833 88.38528 89.21640 'Toledo (Belize)'
 16.41440 89.18420
 16.41970 89.17890
 16.47890 89.09200
 16.52080 88.97780
 16.54830 88.93080
 16.58500 88.87000
 16.62250 88.82830
 16.68640 88.78390
 16.69830 88.77830
 16.68860 88.72220
 16.69560 88.65280
 16.65940 88.59670
 16.57510 88.54650
 16.52590 88.53970
 16.52360 88.50430
 16.53500 88.43060
 16.53890 88.40610
 16.54170 88.39420
 16.52710 88.38530
 16.49040 88.38790
 16.29810 88.53000
 16.27970 88.65080
 16.23170 88.72680
 16.20760 88.74480
 16.11890 88.79190
 16.05420 88.85330
 15.98710 88.92320
 15.94740 88.92680
 15.89360 88.91060
 15.89810 88.98080
 15.90640 89.04720
 15.91010 89.16970
 15.88990 89.21620
 15.91530 89.21640
 16.10420 89.20420
 16.41440 89.18420
