746 29 12.04027 12.38389 68.74695 69.16362 'Netherlands Antilles (Netherlands Antilles)'
 12.04030 68.74690
 12.04030 68.79890
 12.04330 68.81700
 12.04830 68.82990
 12.11530 68.96570
 12.18830 69.06250
 12.27330 69.13440
 12.31140 69.15830
 12.36640 69.16360
 12.38390 69.14640
 12.36330 69.09780
 12.35030 69.07960
 12.33170 69.06720
 12.31310 69.05830
 12.28890 69.05560
 12.26970 69.04780
 12.25640 69.04030
 12.24280 69.02970
 12.21610 68.99720
 12.20470 68.98080
 12.19890 68.96560
 12.18170 68.91200
 12.18290 68.88250
 12.17890 68.86170
 12.17530 68.85110
 12.16860 68.83670
 12.16030 68.82420
 12.06500 68.75310
 12.04030 68.74690
747 26 12.02055 12.30750 68.19293 68.41654 'Netherlands Antilles (Netherlands Antilles)'
 12.02060 68.25110
 12.02440 68.25750
 12.05140 68.27530
 12.06170 68.27860
 12.10220 68.28530
 12.14330 68.27920
 12.15780 68.28140
 12.17540 68.28760
 12.19920 68.30170
 12.20940 68.31220
 12.21530 68.32810
 12.21750 68.35470
 12.21640 68.36750
 12.21780 68.39130
 12.22250 68.40060
 12.25370 68.41650
 12.29280 68.40440
 12.30290 68.39720
 12.30750 68.38420
 12.30610 68.36680
 12.22260 68.19740
 12.20750 68.19290
 12.11310 68.20560
 12.03970 68.22890
 12.02390 68.23720
 12.02060 68.25110
