1861 200 42.56583 45.26595 -19.61978 -15.74059 'Bosnia & Herzegovina (Bosnia & Herzegovina)'
 42.88910 -17.64980
 42.94380 -17.57850
 42.96750 -17.67530
 43.02290 -17.66760
 43.04720 -17.65440
 43.07040 -17.63670
 43.10220 -17.58940
 43.11500 -17.56530
 43.17940 -17.43470
 43.27570 -17.30370
 43.30210 -17.28760
 43.32900 -17.27820
 43.42010 -17.25780
 43.44530 -17.27070
 43.46400 -17.25470
 43.47810 -17.22330
 43.49780 -17.16030
 43.51030 -17.10670
 43.52640 -17.07140
 43.53620 -17.05310
 43.58610 -16.97640
 43.60330 -16.95580
 43.62170 -16.93750
 43.72560 -16.82970
 43.83370 -16.70960
 43.85330 -16.69900
 43.91220 -16.64640
 44.01570 -16.53350
 44.02250 -16.51040
 44.02670 -16.46360
 44.03600 -16.43000
 44.08750 -16.34680
 44.12010 -16.32310
 44.15290 -16.30580
 44.18320 -16.27260
 44.19750 -16.24370
 44.19640 -16.20680
 44.19250 -16.16610
 44.19870 -16.14550
 44.31390 -16.19190
 44.35360 -16.19810
 44.49240 -16.12990
 44.50920 -16.11540
 44.53050 -16.07420
 44.57420 -16.03330
 44.61690 -16.01060
 44.69390 -15.96170
 44.70780 -15.94220
 44.71210 -15.86320
 44.78000 -15.76370
 44.81220 -15.74060
 44.92280 -15.76920
 45.05640 -15.76500
 45.07790 -15.76510
 45.16900 -15.78580
 45.19180 -15.80680
 45.20860 -15.82870
 45.22250 -15.88250
 45.22830 -15.93080
 45.21440 -16.02240
 45.12620 -16.11280
 45.04440 -16.19720
 45.03140 -16.21500
 45.01170 -16.25600
 44.99910 -16.29180
 45.00740 -16.35270
 45.04200 -16.36640
 45.12430 -16.41780
 45.18580 -16.47640
 45.21210 -16.50540
 45.22550 -16.53110
 45.23020 -16.59590
 45.22080 -16.62970
 45.21030 -16.66280
 45.20500 -16.68280
 45.18750 -16.81850
 45.19630 -16.84440
 45.26590 -16.91390
 45.21180 -17.04260
 45.18830 -17.07110
 45.14830 -17.18280
 45.14870 -17.23710
 45.17640 -17.28250
 45.11760 -17.48590
 45.10950 -17.51960
 45.10890 -17.59640
 45.12280 -17.69000
 45.08670 -17.75810
 45.05550 -17.83280
 45.04940 -17.86030
 45.06810 -17.91250
 45.08030 -17.93310
 45.10440 -18.07030
 45.08440 -18.11800
 45.07820 -18.17310
 45.08330 -18.20150
 45.09850 -18.21530
 45.12590 -18.21780
 45.13780 -18.26080
 45.10890 -18.41920
 45.08330 -18.63420
 44.99360 -18.79500
 44.94510 -18.79740
 44.94210 -18.76980
 44.91580 -18.76810
 44.89740 -18.79110
 44.86280 -18.84670
 44.85330 -18.96280
 44.86030 -19.02970
 44.86140 -19.03970
 44.90140 -19.12110
 44.92240 -19.17530
 44.90940 -19.30490
 44.88920 -19.37140
 44.86480 -19.38220
 44.76770 -19.34520
 44.74720 -19.33610
 44.70470 -19.31360
 44.56020 -19.19400
 44.52140 -19.13080
 44.37670 -19.10560
 44.35580 -19.10440
 44.31520 -19.12900
 44.28680 -19.16090
 44.26520 -19.23740
 44.20940 -19.35800
 44.12030 -19.48580
 44.06030 -19.59690
 44.05260 -19.61860
 44.01980 -19.61980
 43.96040 -19.52580
 43.95890 -19.48530
 43.96070 -19.42850
 43.97090 -19.36610
 43.99770 -19.30890
 44.01060 -19.23950
 43.96240 -19.25120
 43.85940 -19.36690
 43.80030 -19.43750
 43.77280 -19.47530
 43.75850 -19.49010
 43.73710 -19.49960
 43.70960 -19.50760
 43.68580 -19.51060
 43.58810 -19.49390
 43.57140 -19.48060
 43.58440 -19.40860
 43.54420 -19.28750
 43.51320 -19.22880
 43.51900 -19.21780
 43.55600 -19.00920
 43.50600 -18.94990
 43.45590 -18.95710
 43.45280 -18.98280
 43.44740 -19.00500
 43.43240 -19.02530
 43.30530 -19.09290
 43.25530 -19.07560
 43.23590 -19.05960
 43.23940 -19.01670
 43.29390 -18.95510
 43.32090 -18.95810
 43.35780 -18.91560
 43.35550 -18.88080
 43.34800 -18.83930
 43.25710 -18.70280
 43.14720 -18.64580
 43.12710 -18.64830
 43.08390 -18.65810
 43.04340 -18.64700
 43.02920 -18.57970
 43.02280 -18.55220
 43.01470 -18.53000
 42.99540 -18.50310
 42.96620 -18.48170
 42.82860 -18.45540
 42.76640 -18.49080
 42.72760 -18.52380
 42.71400 -18.55780
 42.66310 -18.57640
 42.64120 -18.57210
 42.61510 -18.54330
 42.56940 -18.46390
 42.56580 -18.45560
 42.61040 -18.40470
 42.62670 -18.36250
 42.62900 -18.34100
 42.61820 -18.30710
 42.61710 -18.27470
 42.64560 -18.22690
 42.69500 -18.16060
 42.76470 -17.99060
 42.77920 -17.96000
 42.82140 -17.87970
 42.86080 -17.84530
 42.90390 -17.79750
 42.92030 -17.74440
 42.92710 -17.70650
 42.92030 -17.68610
 42.88910 -17.64980
