0 85 1.00188 2.16786 -10.9825 -9.97707 'Centro Sur (Equatorial Guinea)'
 1.00359 -10.96985
 1.00278 -10.90972
 1.00250 -10.77305
 1.00222 -10.52028
 1.00222 -10.49305
 1.00250 -10.41505
 1.00250 -10.30861
 1.00250 -10.28139
 1.00250 -10.25389
 1.00250 -10.22666
 1.00250 -10.02861
 1.00222 -10.00111
 1.00188 -9.99221
 1.02554 -9.99547
 1.05451 -10.00457
 1.08871 -10.06208
 1.09571 -10.08542
 1.08896 -10.10756
 1.08163 -10.13727
 1.08685 -10.20316
 1.09678 -10.22884
 1.10905 -10.24811
 1.13802 -10.26275
 1.17285 -10.25410
 1.20802 -10.19355
 1.27714 -10.13716
 1.40770 -10.09375
 1.43463 -10.08857
 1.46096 -10.09388
 1.53476 -10.03750
 1.61735 -9.97707
 1.78819 -10.07601
 1.81101 -10.08481
 1.83910 -10.09479
 1.92281 -10.09732
 1.95148 -10.10380
 1.96845 -10.11783
 1.98249 -10.13244
 2.00588 -10.15524
 2.03337 -10.18037
 2.06615 -10.18978
 2.09542 -10.19393
 2.13229 -10.19227
 2.16786 -10.18107
 2.16750 -10.30555
 2.16750 -10.33278
 2.16785 -10.40866
 2.11779 -10.40795
 2.05953 -10.43637
 2.03728 -10.44098
 2.01680 -10.43627
 1.98375 -10.41637
 1.95096 -10.41017
 1.93223 -10.42645
 1.93015 -10.45938
 1.93364 -10.49234
 1.91547 -10.52406
 1.86861 -10.57351
 1.84665 -10.59240
 1.82761 -10.60605
 1.78664 -10.60479
 1.75678 -10.59772
 1.71964 -10.57139
 1.69769 -10.56376
 1.59876 -10.56528
 1.58587 -10.58099
 1.57237 -10.63051
 1.56239 -10.67654
 1.56413 -10.70686
 1.58460 -10.73023
 1.59979 -10.76467
 1.59916 -10.81713
 1.56700 -10.98030
 1.54229 -10.95109
 1.52593 -10.91141
 1.48440 -10.87166
 1.35861 -10.78857
 1.32350 -10.77391
 1.29657 -10.77210
 1.26377 -10.79651
 1.20755 -10.85059
 1.16944 -10.92513
 1.14952 -10.94432
 1.02599 -10.98250
 1.00359 -10.96985
1 46 1.7271 2.16861 -11.3467 -10.4079 'Kie-Ntem (Equatorial Guinea)'
 2.16861 -11.33976
 2.16445 -11.34361
 2.00778 -11.34500
 1.98722 -11.34445
 1.91916 -11.34500
 1.83055 -11.34584
 1.74070 -11.34669
 1.74865 -11.32646
 1.75458 -11.21192
 1.73411 -11.19408
 1.72710 -11.16958
 1.74412 -11.10491
 1.74473 -11.07576
 1.73893 -11.00812
 1.77114 -10.98779
 1.85075 -10.97982
 1.91748 -10.97706
 1.98306 -10.94020
 1.96259 -10.91945
 1.93774 -10.89870
 1.94274 -10.86169
 1.99671 -10.69741
 2.00083 -10.66944
 1.99499 -10.64727
 1.98038 -10.61108
 1.96752 -10.58890
 1.95115 -10.56437
 1.91547 -10.52406
 1.93364 -10.49234
 1.93015 -10.45938
 1.93223 -10.42645
 1.95096 -10.41017
 1.98375 -10.41637
 2.01680 -10.43627
 2.03728 -10.44098
 2.05953 -10.43637
 2.11779 -10.40795
 2.16785 -10.40866
 2.16750 -10.42139
 2.16750 -10.44861
 2.16750 -10.53722
 2.16750 -10.56472
 2.16750 -10.65333
 2.16805 -11.08250
 2.16834 -11.22583
 2.16861 -11.33976
2 75 0.930154 2.3437 -10.2628 -9.36027 'Litoral (Equatorial Guinea)'
 1.00188 -9.99221
 0.94595 -9.97545
 0.93015 -9.95151
 0.95185 -9.89210
 0.97616 -9.87146
 1.00205 -9.83246
 1.00261 -9.80397
 1.02778 -9.80166
 1.07472 -9.84590
 1.09445 -9.78472
 1.10069 -9.74736
 1.09722 -9.70222
 1.08889 -9.67555
 1.07445 -9.57125
 1.12132 -9.54701
 1.13305 -9.51750
 1.13326 -9.48389
 1.10632 -9.40777
 1.14945 -9.36472
 1.17472 -9.36027
 1.29195 -9.42584
 1.38979 -9.45798
 1.42681 -9.49000
 1.49250 -9.56055
 1.58778 -9.63639
 1.63347 -9.61097
 1.66028 -9.61195
 1.70055 -9.64027
 1.74111 -9.68139
 1.76042 -9.71048
 1.88889 -9.79500
 1.92979 -9.81340
 1.99666 -9.79916
 2.11778 -9.77805
 2.31937 -9.77264
 2.34370 -9.81176
 2.27861 -9.82584
 2.25903 -9.83313
 2.20972 -9.89666
 2.19139 -9.93527
 2.17334 -9.98264
 2.16819 -10.02097
 2.16778 -10.07389
 2.16786 -10.18107
 2.13229 -10.19227
 2.09542 -10.19393
 2.06615 -10.18978
 2.03337 -10.18037
 2.00588 -10.15524
 1.98249 -10.13244
 1.96845 -10.11783
 1.95148 -10.10380
 1.92281 -10.09732
 1.83910 -10.09479
 1.81101 -10.08481
 1.78819 -10.07601
 1.61735 -9.97707
 1.53476 -10.03750
 1.46096 -10.09388
 1.43463 -10.08857
 1.40770 -10.09375
 1.27714 -10.13716
 1.20802 -10.19355
 1.17285 -10.25410
 1.13802 -10.26275
 1.10905 -10.24811
 1.09678 -10.22884
 1.08685 -10.20316
 1.08163 -10.13727
 1.08896 -10.10756
 1.09571 -10.08542
 1.08871 -10.06208
 1.05451 -10.00457
 1.02554 -9.99547
 1.00188 -9.99221
3 56 1.00195 2.00083 -11.3539 -10.5241 'Wele-Nzas (Equatorial Guinea)'
 1.74070 -11.34669
 1.69416 -11.34777
 1.60555 -11.34861
 1.44861 -11.35000
 1.00195 -11.35389
 1.00222 -11.24445
 1.00359 -10.96985
 1.02599 -10.98250
 1.14952 -10.94432
 1.16944 -10.92513
 1.20755 -10.85059
 1.26377 -10.79651
 1.29657 -10.77210
 1.32350 -10.77391
 1.35861 -10.78857
 1.48440 -10.87166
 1.52593 -10.91141
 1.54229 -10.95109
 1.56700 -10.98030
 1.59916 -10.81713
 1.59979 -10.76467
 1.58460 -10.73023
 1.56413 -10.70686
 1.56239 -10.67654
 1.57237 -10.63051
 1.58587 -10.58099
 1.59876 -10.56528
 1.69769 -10.56376
 1.71964 -10.57139
 1.75678 -10.59772
 1.78664 -10.60479
 1.82761 -10.60605
 1.84665 -10.59240
 1.86861 -10.57351
 1.91547 -10.52406
 1.95115 -10.56437
 1.96752 -10.58890
 1.98038 -10.61108
 1.99499 -10.64727
 2.00083 -10.66944
 1.99671 -10.69741
 1.94274 -10.86169
 1.93774 -10.89870
 1.96259 -10.91945
 1.98306 -10.94020
 1.91748 -10.97706
 1.85075 -10.97982
 1.77114 -10.98779
 1.73893 -11.00812
 1.74473 -11.07576
 1.74412 -11.10491
 1.72710 -11.16958
 1.73411 -11.19408
 1.75458 -11.21192
 1.74865 -11.32646
 1.74070 -11.34669
4 25 3.51722 3.76334 -8.96222 -8.62505 'Bioko Norte (Equatorial Guinea)'
 3.65000 -8.62505
 3.68278 -8.64500
 3.74166 -8.68611
 3.76334 -8.73945
 3.75125 -8.91139
 3.74500 -8.92305
 3.73666 -8.93555
 3.70181 -8.96014
 3.67445 -8.96222
 3.65528 -8.96084
 3.63416 -8.95472
 3.62472 -8.95055
 3.61472 -8.94334
 3.59305 -8.92027
 3.52945 -8.87445
 3.51722 -8.86611
 3.55392 -8.85186
 3.57910 -8.83560
 3.58848 -8.81405
 3.58617 -8.77615
 3.58677 -8.75575
 3.59380 -8.74702
 3.62837 -8.70512
 3.64185 -8.68184
 3.65000 -8.62505
5 41 3.19708 3.65 -8.86611 -8.42416 'Bioko Sur (Equatorial Guinea)'
 3.51722 -8.86611
 3.49945 -8.85666
 3.39611 -8.80250
 3.33250 -8.78000
 3.32084 -8.77777
 3.30653 -8.77166
 3.19945 -8.69527
 3.19708 -8.68195
 3.24361 -8.49750
 3.24834 -8.48195
 3.25931 -8.45847
 3.27445 -8.44611
 3.31889 -8.42916
 3.33695 -8.42458
 3.34695 -8.42416
 3.37445 -8.42834
 3.38528 -8.43111
 3.39555 -8.43445
 3.43528 -8.44972
 3.44750 -8.45778
 3.46014 -8.46916
 3.46250 -8.52222
 3.46055 -8.53389
 3.45639 -8.54361
 3.45361 -8.55445
 3.45611 -8.56916
 3.46722 -8.58195
 3.47611 -8.58666
 3.55271 -8.61937
 3.59528 -8.62445
 3.64305 -8.62583
 3.65000 -8.62505
 3.64185 -8.68184
 3.62837 -8.70512
 3.59380 -8.74702
 3.58677 -8.75575
 3.58617 -8.77615
 3.58848 -8.81405
 3.57910 -8.83560
 3.55392 -8.85186
 3.51722 -8.86611
