2101 51 31.74834 33.37759 -39.30111 -35.94445 'Al Mafraq (Jordan)'
 32.13870 -36.55180
 32.14420 -36.48190
 32.19670 -36.47030
 32.20690 -36.42030
 32.18810 -36.38310
 32.16690 -36.36720
 32.14610 -36.30310
 32.14170 -36.27810
 32.15110 -36.03620
 32.20890 -35.99110
 32.26640 -35.95420
 32.30720 -35.94440
 32.37190 -36.00470
 32.39920 -36.06280
 32.41850 -36.11210
 32.41920 -36.13720
 32.42490 -36.15890
 32.51820 -36.16560
 32.53330 -36.19750
 32.45970 -36.31440
 32.43310 -36.34670
 32.38190 -36.40030
 32.37550 -36.48860
 32.36310 -36.51610
 32.34920 -36.64310
 32.33670 -36.72420
 32.31360 -36.83780
 32.34170 -36.86640
 32.50030 -37.15330
 32.68720 -37.49390
 32.68890 -37.49570
 32.68970 -37.49860
 32.75830 -37.62500
 32.93750 -37.95890
 33.12870 -38.31890
 33.24110 -38.53360
 33.32750 -38.69750
 33.37760 -38.79470
 32.50150 -39.08600
 32.47770 -38.98600
 32.30410 -39.04370
 32.35550 -39.26000
 32.23640 -39.30110
 32.15490 -39.19670
 32.05780 -39.07220
 32.00560 -39.00500
 31.87920 -38.48830
 31.75410 -37.98670
 31.74830 -37.96390
 31.97140 -37.00690
 32.13870 -36.55180
2102 57 31.20861 32.13865 -37.96388 -35.47100 ''Amman (Jordan)'
 31.22740 -36.20230
 31.22830 -36.18920
 31.27360 -36.14170
 31.39310 -36.13360
 31.44180 -36.12510
 31.45070 -36.04900
 31.43330 -36.01550
 31.40460 -35.98850
 31.39780 -35.96640
 31.39890 -35.94030
 31.41060 -35.88760
 31.43320 -35.86630
 31.45760 -35.80790
 31.46220 -35.76360
 31.46990 -35.58000
 31.44650 -35.51900
 31.40040 -35.47100
 31.41030 -35.47310
 31.44920 -35.47860
 31.49730 -35.47820
 31.52940 -35.47920
 31.56220 -35.48280
 31.60390 -35.48970
 31.64170 -35.49810
 31.71170 -35.52610
 31.73490 -35.53870
 31.71370 -35.56800
 31.71000 -35.61180
 31.81500 -35.73190
 31.85250 -35.71830
 31.87470 -35.70280
 31.94580 -35.74170
 31.97940 -35.80120
 32.04820 -35.88290
 32.06720 -35.89420
 32.07560 -35.89330
 32.06780 -35.94280
 31.98310 -36.03810
 32.01860 -36.08060
 32.07960 -36.11900
 32.09110 -36.15810
 32.07970 -36.19080
 32.04960 -36.16930
 32.03420 -36.18690
 32.02540 -36.24890
 32.03860 -36.41780
 32.08390 -36.56280
 32.13870 -36.55180
 31.97140 -37.00690
 31.74830 -37.96390
 31.68470 -37.70950
 31.62500 -37.47190
 31.55620 -37.20220
 31.50560 -37.00530
 31.21720 -37.29500
 31.20860 -36.45890
 31.22740 -36.20230
2103 28 30.60889 31.01905 -36.05511 -35.29250 'At Tafilah (Jordan)'
 30.80560 -36.05510
 30.63890 -35.99860
 30.67220 -35.83440
 30.63110 -35.82330
 30.60890 -35.62220
 30.62690 -35.42420
 30.64390 -35.40280
 30.68250 -35.36470
 30.72000 -35.33640
 30.75920 -35.29250
 30.79110 -35.30000
 30.88690 -35.33780
 30.92110 -35.35790
 30.92870 -35.36810
 30.90360 -35.40030
 30.89130 -35.43570
 30.91390 -35.46510
 30.93780 -35.45960
 31.00330 -35.48510
 31.01900 -35.52920
 30.99330 -35.66670
 30.97920 -35.71170
 30.96250 -35.75670
 30.92240 -35.83990
 30.89780 -35.86190
 30.84750 -35.92530
 30.83530 -35.94440
 30.80560 -36.05510
2104 54 29.18889 31.22736 -38.00139 -34.96042 'Ma'an (Jordan)'
 29.57700 -34.97460
 29.64080 -35.00720
 29.86780 -35.07580
 29.89170 -35.07280
 29.92080 -35.07220
 29.95360 -35.07310
 30.04890 -35.10370
 30.07000 -35.11870
 30.09420 -35.14390
 30.11600 -35.16020
 30.15170 -35.16690
 30.31940 -35.16140
 30.41530 -35.15610
 30.44420 -35.15860
 30.59470 -35.20610
 30.62190 -35.21970
 30.68190 -35.25560
 30.75920 -35.29250
 30.72000 -35.33640
 30.68250 -35.36470
 30.64390 -35.40280
 30.62690 -35.42420
 30.60890 -35.62220
 30.63110 -35.82330
 30.67220 -35.83440
 30.63890 -35.99860
 30.80560 -36.05510
 30.81590 -36.05850
 30.97060 -36.11110
 31.06920 -36.14690
 31.22740 -36.20230
 31.20860 -36.45890
 31.21720 -37.29500
 31.02310 -37.49000
 30.95110 -37.56110
 30.50420 -38.00140
 30.33640 -37.66750
 30.00220 -37.50280
 29.98560 -37.41010
 29.91810 -37.03440
 29.86470 -36.74360
 29.50280 -36.50050
 29.33650 -36.27270
 29.18890 -36.07000
 29.27250 -35.54110
 29.32690 -35.18720
 29.36080 -34.96140
 29.37740 -34.96040
 29.44890 -34.96690
 29.47750 -34.97850
 29.52820 -35.00370
 29.54580 -34.98000
 29.57000 -34.97750
 29.57700 -34.97460
2117 32 32.11164 32.74888 -36.16560 -35.54695 'Irbid (Jordan)'
 32.39420 -35.55260
 32.40500 -35.54690
 32.64580 -35.57190
 32.67970 -35.61580
 32.68720 -35.63190
 32.68530 -35.64890
 32.71190 -35.69000
 32.74890 -35.76330
 32.74420 -35.79360
 32.72030 -35.93120
 32.66330 -36.00330
 32.61360 -36.02580
 32.54330 -36.08000
 32.52780 -36.12580
 32.51820 -36.16560
 32.42490 -36.15890
 32.41920 -36.13720
 32.41850 -36.11210
 32.39920 -36.06280
 32.37190 -36.00470
 32.30720 -35.94440
 32.26640 -35.95420
 32.20890 -35.99110
 32.19120 -35.92510
 32.13920 -35.88360
 32.11160 -35.89050
 32.19610 -35.83420
 32.19780 -35.63970
 32.20300 -35.55860
 32.21760 -35.57060
 32.37780 -35.56040
 32.39420 -35.55260
2120 22 31.71000 32.20305 -35.89882 -35.51639 'Al Balqa' (Jordan)'
 32.20300 -35.55860
 32.19780 -35.63970
 32.19610 -35.83420
 32.11160 -35.89050
 32.09590 -35.89880
 32.07560 -35.89330
 32.06720 -35.89420
 32.04820 -35.88290
 31.97940 -35.80120
 31.94580 -35.74170
 31.87470 -35.70280
 31.85250 -35.71830
 31.81500 -35.73190
 31.71000 -35.61180
 31.71370 -35.56800
 31.73490 -35.53870
 31.76390 -35.55540
 31.82830 -35.54890
 31.92970 -35.53550
 31.99810 -35.52370
 32.04110 -35.51640
 32.20300 -35.55860
2121 43 30.80564 31.46985 -36.20231 -35.36814 'Al Karak (Jordan)'
 31.22740 -36.20230
 31.06920 -36.14690
 30.97060 -36.11110
 30.81590 -36.05850
 30.80560 -36.05510
 30.83530 -35.94440
 30.84750 -35.92530
 30.89780 -35.86190
 30.92240 -35.83990
 30.96250 -35.75670
 30.97920 -35.71170
 30.99330 -35.66670
 31.01900 -35.52920
 31.00330 -35.48510
 30.93780 -35.45960
 30.91390 -35.46510
 30.89130 -35.43570
 30.90360 -35.40030
 30.92870 -35.36810
 30.94680 -35.39510
 31.09970 -35.45500
 31.12110 -35.46220
 31.15690 -35.45950
 31.20030 -35.43280
 31.22530 -35.41140
 31.35140 -35.45250
 31.40040 -35.47100
 31.44650 -35.51900
 31.46990 -35.58000
 31.46220 -35.76360
 31.45760 -35.80790
 31.43320 -35.86630
 31.41060 -35.88760
 31.39890 -35.94030
 31.39780 -35.96640
 31.40460 -35.98850
 31.43330 -36.01550
 31.45070 -36.04900
 31.44180 -36.12510
 31.39310 -36.13360
 31.27360 -36.14170
 31.22830 -36.18920
 31.22740 -36.20230
2122 27 31.98305 32.20890 -36.56277 -35.88361 'Az Zarqa (Jordan)'
 32.07560 -35.89330
 32.09590 -35.89880
 32.11160 -35.89050
 32.13920 -35.88360
 32.19120 -35.92510
 32.20890 -35.99110
 32.15110 -36.03620
 32.14170 -36.27810
 32.14610 -36.30310
 32.16690 -36.36720
 32.18810 -36.38310
 32.20690 -36.42030
 32.19670 -36.47030
 32.14420 -36.48190
 32.13870 -36.55180
 32.08390 -36.56280
 32.03860 -36.41780
 32.02540 -36.24890
 32.03420 -36.18690
 32.04960 -36.16930
 32.07970 -36.19080
 32.09110 -36.15810
 32.07960 -36.11900
 32.01860 -36.08060
 31.98310 -36.03810
 32.06780 -35.94280
 32.07560 -35.89330
