2507 181 60.17687 62.32695 -17.52361 -14.43852 'Gavleborgs (Sweden)'
 61.57010 -14.43850
 61.59250 -14.48030
 61.63080 -14.49420
 61.69580 -14.51360
 61.78670 -14.52940
 61.82280 -14.57640
 61.83550 -14.59420
 61.86780 -14.64060
 61.87920 -14.65940
 61.87670 -14.68560
 61.86330 -14.70420
 61.82680 -14.73040
 61.80330 -14.74670
 61.78330 -14.77970
 61.78190 -14.80830
 61.84750 -15.01140
 61.87390 -15.04890
 61.92500 -15.06890
 61.96000 -15.07440
 61.99280 -15.07170
 62.05780 -15.21860
 62.06830 -15.24810
 62.08500 -15.30470
 62.10870 -15.36000
 62.14170 -15.38830
 62.17640 -15.37490
 62.21170 -15.32530
 62.24560 -15.31030
 62.25550 -15.32400
 62.26030 -15.33810
 62.27560 -15.37720
 62.29170 -15.41530
 62.30920 -15.45080
 62.32000 -15.48440
 62.32690 -15.58460
 62.32330 -15.65640
 62.31420 -15.71280
 62.29780 -15.78690
 62.27530 -15.89610
 62.25860 -15.98060
 62.23360 -16.21310
 62.22690 -16.28360
 62.22610 -16.37560
 62.22780 -16.39750
 62.22830 -16.44610
 62.21690 -16.56310
 62.19970 -16.73500
 62.18000 -16.88970
 62.17330 -16.92560
 62.16140 -17.04220
 62.14610 -17.21140
 62.13970 -17.34810
 62.13720 -17.39610
 62.12890 -17.46080
 62.12510 -17.48330
 62.00640 -17.46360
 61.99170 -17.44030
 61.98970 -17.40510
 61.94350 -17.35080
 61.81810 -17.33640
 61.75650 -17.38570
 61.72690 -17.44030
 61.73150 -17.47680
 61.72600 -17.49740
 61.69890 -17.52360
 61.63460 -17.49520
 61.62890 -17.44530
 61.64220 -17.42220
 61.68960 -17.38810
 61.70350 -17.36110
 61.71350 -17.33320
 61.72280 -17.22740
 61.71730 -17.14880
 61.70560 -17.18930
 61.70430 -17.21400
 61.68540 -17.26450
 61.63470 -17.18560
 61.63190 -17.16490
 61.63740 -17.13710
 61.60280 -17.09860
 61.55550 -17.11780
 61.51960 -17.16540
 61.43470 -17.21970
 61.42830 -17.15400
 61.39990 -17.10530
 61.35780 -17.14500
 61.32710 -17.20920
 61.27890 -17.20360
 61.19030 -17.18110
 61.04670 -17.16280
 60.94280 -17.15250
 60.91690 -17.20170
 60.89350 -17.24290
 60.84300 -17.27610
 60.77170 -17.28360
 60.73190 -17.28530
 60.67610 -17.27530
 60.64050 -17.35970
 60.61900 -17.37710
 60.59670 -17.36110
 60.56750 -17.34710
 60.48360 -17.30500
 60.45110 -17.28990
 60.43660 -17.27430
 60.43010 -17.24650
 60.42140 -17.22330
 60.40520 -17.19890
 60.38780 -17.17530
 60.35900 -17.19570
 60.33500 -17.19200
 60.30570 -17.18190
 60.29590 -17.18460
 60.24860 -17.05970
 60.26170 -17.01610
 60.27060 -16.96220
 60.26540 -16.90580
 60.24330 -16.89850
 60.22060 -16.87060
 60.21030 -16.84720
 60.17690 -16.73540
 60.17760 -16.69800
 60.18780 -16.68530
 60.22860 -16.61390
 60.24300 -16.59830
 60.26030 -16.58530
 60.28870 -16.56400
 60.32000 -16.54060
 60.33550 -16.50810
 60.34300 -16.48640
 60.35470 -16.43030
 60.36460 -16.39540
 60.38940 -16.35080
 60.41610 -16.30920
 60.47810 -16.21920
 60.54390 -16.16830
 60.56110 -16.15640
 60.58330 -16.15470
 60.58580 -16.18190
 60.59330 -16.21970
 60.60280 -16.25500
 60.62830 -16.29310
 60.71330 -16.39670
 60.76470 -16.38940
 60.78500 -16.37000
 60.81420 -16.32560
 60.85140 -16.27250
 60.87060 -16.24860
 60.91500 -16.19390
 60.96000 -16.15280
 60.97080 -16.05000
 60.98060 -15.96030
 61.01580 -15.81890
 61.02500 -15.79690
 61.03640 -15.77390
 61.04810 -15.75620
 61.06690 -15.73250
 61.09910 -15.70500
 61.14440 -15.69030
 61.17720 -15.68000
 61.20010 -15.66280
 61.25720 -15.56220
 61.35250 -15.39220
 61.37330 -15.35530
 61.38890 -15.33000
 61.42580 -15.27110
 61.45000 -15.23430
 61.47440 -15.21110
 61.51860 -15.13190
 61.48500 -15.10850
 61.46720 -15.07690
 61.46530 -15.05670
 61.46330 -14.81580
 61.46330 -14.76720
 61.46890 -14.71920
 61.47390 -14.68970
 61.50500 -14.69080
 61.53580 -14.68170
 61.57330 -14.65580
 61.57420 -14.57470
 61.57310 -14.47190
 61.57010 -14.43850
2508 137 56.87555 58.12055 -15.61833 -13.05043 'Jonkopings (Sweden)'
 57.82030 -13.72050
 57.81860 -13.72420
 57.80690 -13.76830
 57.80920 -13.92220
 57.84140 -14.05080
 57.85170 -14.07190
 57.88370 -14.10940
 57.90500 -14.13030
 57.96110 -14.18360
 58.06670 -14.27190
 58.10190 -14.30110
 58.10970 -14.30530
 58.10390 -14.34190
 58.09920 -14.41420
 58.09360 -14.53360
 58.07920 -14.73960
 58.06860 -14.76440
 58.07140 -14.83060
 58.08780 -14.88440
 58.11310 -14.88580
 58.12060 -14.92350
 58.08140 -14.99120
 57.96050 -15.02000
 57.93280 -15.00140
 57.89420 -14.99610
 57.77610 -15.05640
 57.74670 -15.07560
 57.70170 -15.11440
 57.69080 -15.13470
 57.69030 -15.17500
 57.69360 -15.21780
 57.68800 -15.36860
 57.68580 -15.42000
 57.66810 -15.43030
 57.64860 -15.50530
 57.59690 -15.59750
 57.47610 -15.61830
 57.45690 -15.60500
 57.43080 -15.57830
 57.40580 -15.50190
 57.30250 -15.48060
 57.19960 -15.50110
 57.20360 -15.47440
 57.21280 -15.39320
 57.21360 -15.34390
 57.21050 -15.29250
 57.20920 -15.26030
 57.20920 -15.23610
 57.20780 -15.21030
 57.21920 -15.17240
 57.21900 -15.13250
 57.18920 -15.13750
 57.17780 -15.11640
 57.18490 -15.08890
 57.18190 -15.04870
 57.16230 -15.01620
 57.14920 -14.99390
 57.13830 -14.96960
 57.12690 -14.94080
 57.12860 -14.90670
 57.14860 -14.88670
 57.18250 -14.87140
 57.19190 -14.85250
 57.19440 -14.83170
 57.20790 -14.80810
 57.21830 -14.77650
 57.21780 -14.74440
 57.21390 -14.72060
 57.18440 -14.61500
 57.17920 -14.56920
 57.17190 -14.54750
 57.15920 -14.52530
 57.15330 -14.50360
 57.15170 -14.47690
 57.15190 -14.44390
 57.14940 -14.42280
 57.14250 -14.39670
 57.14000 -14.37670
 57.13300 -14.34680
 57.09810 -14.33650
 57.07560 -14.36220
 57.03400 -14.32320
 57.01360 -14.31530
 56.99830 -14.34110
 56.98750 -14.35860
 56.96180 -14.35860
 56.92640 -14.34250
 56.89610 -14.31290
 56.87810 -14.27890
 56.87550 -14.25890
 56.87900 -14.23240
 56.90220 -14.20860
 56.93050 -14.19220
 56.96050 -14.18260
 56.98940 -14.16190
 57.01110 -14.13310
 57.02780 -14.09960
 57.03760 -14.06300
 57.04020 -14.01510
 57.03900 -13.95440
 57.02990 -13.92870
 57.01490 -13.88960
 57.00440 -13.85860
 56.99420 -13.80770
 57.01250 -13.78560
 57.01890 -13.76610
 57.02190 -13.74220
 57.02250 -13.71890
 57.01060 -13.68940
 56.97920 -13.67420
 56.97280 -13.66820
 56.99470 -13.57420
 57.01320 -13.55670
 57.04870 -13.55740
 57.06280 -13.53470
 57.08390 -13.46670
 57.10220 -13.34970
 57.10190 -13.32780
 57.09500 -13.28750
 57.07440 -13.19280
 57.04300 -13.15430
 57.01470 -13.11330
 57.02150 -13.09180
 57.07780 -13.06390
 57.12790 -13.05040
 57.14500 -13.08080
 57.21170 -13.15530
 57.23810 -13.18110
 57.30750 -13.28830
 57.32890 -13.35830
 57.40470 -13.49860
 57.52690 -13.63560
 57.55440 -13.65030
 57.61920 -13.67170
 57.74830 -13.71000
 57.78790 -13.71900
 57.82030 -13.72050
2509 117 56.30666 58.11638 -16.77618 -15.35416 'Kalmar (Sweden)'
 57.97770 -16.65550
 57.96140 -16.67470
 57.95030 -16.74260
 57.92030 -16.77620
 57.88120 -16.76360
 57.87260 -16.73710
 57.88330 -16.65920
 57.89120 -16.61790
 57.92780 -16.60350
 57.99200 -16.50620
 57.87780 -16.52230
 57.85420 -16.56430
 57.75970 -16.68530
 57.74170 -16.69520
 57.77630 -16.61620
 57.79870 -16.59670
 57.82320 -16.55790
 57.88910 -16.41920
 57.84580 -16.46830
 57.77000 -16.59960
 57.74110 -16.66060
 57.71790 -16.69710
 57.70260 -16.71140
 57.61970 -16.62560
 57.55220 -16.63250
 57.47870 -16.69120
 57.40850 -16.66580
 57.40310 -16.63690
 57.37870 -16.62990
 57.37750 -16.60080
 57.38140 -16.55240
 57.29030 -16.47220
 57.27060 -16.46600
 57.20290 -16.45540
 57.17070 -16.46090
 57.11720 -16.51390
 57.11840 -16.53490
 57.09390 -16.56330
 57.04670 -16.58440
 57.03790 -16.49720
 56.95530 -16.45440
 56.89390 -16.44060
 56.84360 -16.42670
 56.79560 -16.40780
 56.72080 -16.37500
 56.66330 -16.37980
 56.65670 -16.30430
 56.65790 -16.28150
 56.64610 -16.25360
 56.60720 -16.21610
 56.45570 -16.12060
 56.42560 -16.10420
 56.39500 -16.09060
 56.31360 -16.05470
 56.30670 -15.95860
 56.31470 -15.85030
 56.32390 -15.81250
 56.33500 -15.78690
 56.35330 -15.76530
 56.40750 -15.69390
 56.48830 -15.55250
 56.48940 -15.50610
 56.48530 -15.36640
 56.48060 -15.35810
 56.49280 -15.35420
 56.55330 -15.35670
 56.72000 -15.39190
 56.80530 -15.47640
 56.87140 -15.52360
 56.90060 -15.52530
 56.92110 -15.54360
 56.91440 -15.59560
 56.90250 -15.62720
 56.89800 -15.65530
 56.89830 -15.71440
 56.89920 -15.73560
 56.90750 -15.80470
 56.92620 -15.81360
 56.96930 -15.81900
 57.01750 -15.78990
 57.05500 -15.74390
 57.06830 -15.72330
 57.12250 -15.61310
 57.15080 -15.54250
 57.19960 -15.50110
 57.30250 -15.48060
 57.40580 -15.50190
 57.43080 -15.57830
 57.45690 -15.60500
 57.47610 -15.61830
 57.59690 -15.59750
 57.64860 -15.50530
 57.66810 -15.43030
 57.68580 -15.42000
 57.70640 -15.43030
 57.82220 -15.56670
 57.82800 -15.59000
 57.84000 -15.65670
 57.84170 -15.68670
 57.82920 -15.74080
 57.80690 -15.77970
 57.80170 -15.80830
 57.80110 -15.90500
 57.85870 -16.03500
 57.91100 -16.00290
 58.01310 -15.98040
 58.04620 -15.98440
 58.07470 -16.10440
 58.10670 -16.20750
 58.11640 -16.24140
 58.11000 -16.36140
 58.10330 -16.39890
 58.06920 -16.56860
 58.00820 -16.60650
 57.98750 -16.63930
 57.98700 -16.62020
 57.97770 -16.65550
2510 52 56.20888 57.35916 -17.12416 -16.39166 'Kalmar (Sweden)'
 56.20890 -16.42970
 56.21320 -16.41850
 56.22500 -16.41080
 56.27420 -16.40330
 56.46500 -16.39170
 56.53250 -16.39460
 56.58640 -16.42030
 56.77640 -16.54250
 56.87100 -16.61430
 56.87920 -16.62920
 56.88360 -16.64500
 56.93970 -16.74940
 57.06420 -16.84810
 57.13500 -16.90000
 57.22650 -16.96120
 57.24170 -16.96560
 57.25690 -16.96030
 57.27720 -16.95990
 57.29360 -16.96610
 57.30530 -16.97330
 57.31560 -16.98280
 57.32470 -16.99310
 57.33750 -17.01000
 57.34500 -17.02220
 57.35190 -17.03560
 57.35920 -17.05670
 57.34940 -17.10210
 57.32080 -17.12420
 57.18670 -17.05060
 57.13190 -17.00890
 57.07530 -16.96110
 57.03810 -16.92670
 56.92970 -16.88030
 56.84390 -16.84830
 56.82960 -16.83890
 56.82530 -16.82810
 56.82500 -16.81260
 56.80790 -16.78220
 56.79580 -16.77030
 56.70220 -16.72670
 56.51890 -16.63560
 56.40690 -16.57670
 56.39120 -16.57000
 56.37430 -16.57110
 56.36430 -16.57540
 56.35500 -16.57170
 56.32640 -16.55310
 56.24080 -16.49610
 56.23140 -16.48640
 56.22440 -16.47360
 56.21140 -16.43720
 56.20890 -16.42970
2511 203 59.83521 62.25822 -16.68535 -12.12445 'Kopparbergs (Sweden)'
 61.05750 -12.63780
 61.08780 -12.67030
 61.20080 -12.77220
 61.24500 -12.79670
 61.31220 -12.83110
 61.36250 -12.85610
 61.41470 -12.77390
 61.56670 -12.52650
 61.56960 -12.47490
 61.56900 -12.43750
 61.57690 -12.39970
 61.71750 -12.14440
 61.72860 -12.12440
 61.84440 -12.15940
 61.87860 -12.17000
 61.91250 -12.18170
 61.96330 -12.20030
 62.00610 -12.21500
 62.14250 -12.25860
 62.25820 -12.29460
 62.25690 -12.29560
 62.24440 -12.32810
 62.22110 -12.41110
 62.21220 -12.45030
 62.19720 -12.54140
 62.20080 -12.59110
 62.20300 -12.69940
 62.20080 -12.74140
 62.19530 -12.76780
 62.18000 -12.79250
 62.13060 -12.86970
 62.06810 -12.96640
 62.05580 -12.98220
 62.01640 -13.09250
 62.01310 -13.11640
 62.02420 -13.17530
 62.03830 -13.25470
 61.99390 -13.34030
 61.97530 -13.30860
 61.94470 -13.23940
 61.91900 -13.19170
 61.88560 -13.23560
 61.87060 -13.26970
 61.82690 -13.33220
 61.72070 -13.46920
 61.69670 -13.47110
 61.67060 -13.47420
 61.64830 -13.49500
 61.63360 -13.51530
 61.61920 -13.68690
 61.61970 -13.72330
 61.61190 -13.92170
 61.60390 -13.98580
 61.59470 -14.14030
 61.59140 -14.24000
 61.59080 -14.27250
 61.58830 -14.29580
 61.58440 -14.31940
 61.56890 -14.34030
 61.55000 -14.37080
 61.57010 -14.43850
 61.57310 -14.47190
 61.57420 -14.57470
 61.57330 -14.65580
 61.53580 -14.68170
 61.50500 -14.69080
 61.47390 -14.68970
 61.46890 -14.71920
 61.46330 -14.76720
 61.46330 -14.81580
 61.46530 -15.05670
 61.46720 -15.07690
 61.48500 -15.10850
 61.51860 -15.13190
 61.47440 -15.21110
 61.45000 -15.23430
 61.42580 -15.27110
 61.38890 -15.33000
 61.37330 -15.35530
 61.35250 -15.39220
 61.25720 -15.56220
 61.20010 -15.66280
 61.17720 -15.68000
 61.14440 -15.69030
 61.09910 -15.70500
 61.06690 -15.73250
 61.04810 -15.75620
 61.03640 -15.77390
 61.02500 -15.79690
 61.01580 -15.81890
 60.98060 -15.96030
 60.97080 -16.05000
 60.96000 -16.15280
 60.91500 -16.19390
 60.87060 -16.24860
 60.85140 -16.27250
 60.81420 -16.32560
 60.78500 -16.37000
 60.76470 -16.38940
 60.71330 -16.39670
 60.62830 -16.29310
 60.60280 -16.25500
 60.59330 -16.21970
 60.58580 -16.18190
 60.58330 -16.15470
 60.56110 -16.15640
 60.54390 -16.16830
 60.47810 -16.21920
 60.41610 -16.30920
 60.38940 -16.35080
 60.36460 -16.39540
 60.35470 -16.43030
 60.34300 -16.48640
 60.33550 -16.50810
 60.32000 -16.54060
 60.28870 -16.56400
 60.26030 -16.58530
 60.24300 -16.59830
 60.22860 -16.61390
 60.18780 -16.68530
 60.16260 -16.60540
 60.12750 -16.51250
 60.07190 -16.36940
 60.06280 -16.34640
 60.05750 -16.32530
 60.04920 -16.27500
 60.04780 -16.24940
 60.05060 -16.16250
 60.06470 -16.13760
 60.08860 -16.13280
 60.11800 -16.13530
 60.16940 -16.01190
 60.16420 -15.94030
 60.14420 -15.77890
 60.12610 -15.74280
 60.02540 -15.68080
 60.00390 -15.68540
 59.98620 -15.71030
 59.94420 -15.68250
 59.92560 -15.66810
 59.91560 -15.64170
 59.92360 -15.58120
 59.93170 -15.54940
 59.93110 -15.51720
 59.92240 -15.49220
 59.88000 -15.44530
 59.85470 -15.42060
 59.83520 -15.40340
 59.84610 -15.36580
 59.91580 -15.23640
 59.93080 -15.21920
 59.96510 -15.18740
 59.99360 -15.15610
 60.03470 -15.03890
 60.04610 -14.96970
 60.04530 -14.94440
 60.03250 -14.92750
 60.02970 -14.87580
 60.04140 -14.84720
 60.06720 -14.81640
 60.07720 -14.79830
 60.08550 -14.77420
 60.07970 -14.75190
 60.06350 -14.71390
 60.00280 -14.73260
 59.96920 -14.73420
 59.98420 -14.55530
 59.99810 -14.50150
 60.00080 -14.45500
 59.99770 -14.42920
 60.00800 -14.41940
 60.03440 -14.36330
 60.05920 -14.27860
 60.08220 -14.19560
 60.09330 -14.17170
 60.11490 -14.15900
 60.14800 -14.15390
 60.17080 -14.15220
 60.19190 -14.11330
 60.20500 -14.08560
 60.21470 -13.99530
 60.19780 -13.97810
 60.17640 -13.98000
 60.16530 -13.93220
 60.17830 -13.90920
 60.23360 -13.83470
 60.28610 -13.76780
 60.31000 -13.73830
 60.33140 -13.71720
 60.37180 -13.67820
 60.38610 -13.63330
 60.38720 -13.59860
 60.39140 -13.56250
 60.40500 -13.50560
 60.42000 -13.47670
 60.43330 -13.46170
 60.52610 -13.36670
 60.65330 -13.24280
 60.74250 -13.12920
 60.80610 -13.00860
 60.93390 -12.76360
 60.97150 -12.69180
 61.05750 -12.63780
2512 135 56.36610 57.21916 -15.81903 -13.29583 'Kronobergs (Sweden)'
 56.40830 -13.45280
 56.41970 -13.45580
 56.50120 -13.45170
 56.53640 -13.43810
 56.55110 -13.42060
 56.56470 -13.39420
 56.59190 -13.37110
 56.67690 -13.31830
 56.74970 -13.30420
 56.80250 -13.29580
 56.85610 -13.30830
 56.86290 -13.41070
 56.86670 -13.47780
 56.88080 -13.58390
 56.89860 -13.62470
 56.92440 -13.64940
 56.95420 -13.66250
 56.97280 -13.66820
 56.97920 -13.67420
 57.01060 -13.68940
 57.02250 -13.71890
 57.02190 -13.74220
 57.01890 -13.76610
 57.01250 -13.78560
 56.99420 -13.80770
 57.00440 -13.85860
 57.01490 -13.88960
 57.02990 -13.92870
 57.03900 -13.95440
 57.04020 -14.01510
 57.03760 -14.06300
 57.02780 -14.09960
 57.01110 -14.13310
 56.98940 -14.16190
 56.96050 -14.18260
 56.93050 -14.19220
 56.90220 -14.20860
 56.87900 -14.23240
 56.87550 -14.25890
 56.87810 -14.27890
 56.89610 -14.31290
 56.92640 -14.34250
 56.96180 -14.35860
 56.98750 -14.35860
 56.99830 -14.34110
 57.01360 -14.31530
 57.03400 -14.32320
 57.07560 -14.36220
 57.09810 -14.33650
 57.13300 -14.34680
 57.14000 -14.37670
 57.14250 -14.39670
 57.14940 -14.42280
 57.15190 -14.44390
 57.15170 -14.47690
 57.15330 -14.50360
 57.15920 -14.52530
 57.17190 -14.54750
 57.17920 -14.56920
 57.18440 -14.61500
 57.21390 -14.72060
 57.21780 -14.74440
 57.21830 -14.77650
 57.20790 -14.80810
 57.19440 -14.83170
 57.19190 -14.85250
 57.18250 -14.87140
 57.14860 -14.88670
 57.12860 -14.90670
 57.12690 -14.94080
 57.13830 -14.96960
 57.14920 -14.99390
 57.16230 -15.01620
 57.18190 -15.04870
 57.18490 -15.08890
 57.17780 -15.11640
 57.18920 -15.13750
 57.21900 -15.13250
 57.21920 -15.17240
 57.20780 -15.21030
 57.20920 -15.23610
 57.20920 -15.26030
 57.21050 -15.29250
 57.21360 -15.34390
 57.21280 -15.39320
 57.20360 -15.47440
 57.19960 -15.50110
 57.15080 -15.54250
 57.12250 -15.61310
 57.06830 -15.72330
 57.05500 -15.74390
 57.01750 -15.78990
 56.96930 -15.81900
 56.92620 -15.81360
 56.90750 -15.80470
 56.89920 -15.73560
 56.89830 -15.71440
 56.89800 -15.65530
 56.90250 -15.62720
 56.91440 -15.59560
 56.92110 -15.54360
 56.90060 -15.52530
 56.87140 -15.52360
 56.80530 -15.47640
 56.72000 -15.39190
 56.55330 -15.35670
 56.49280 -15.35420
 56.48060 -15.35810
 56.46060 -15.32400
 56.45080 -15.28440
 56.44220 -15.20420
 56.44030 -15.07810
 56.42110 -15.00250
 56.38500 -14.95000
 56.36860 -14.91890
 56.36610 -14.88080
 56.36640 -14.83000
 56.37360 -14.69000
 56.39170 -14.66360
 56.41420 -14.63530
 56.43120 -14.60060
 56.44730 -14.50870
 56.44830 -14.50500
 56.47000 -14.39190
 56.48500 -14.28360
 56.51180 -14.06600
 56.49620 -14.03060
 56.47560 -14.01970
 56.45780 -13.97670
 56.45280 -13.95560
 56.44030 -13.87860
 56.39870 -13.57400
 56.39640 -13.54190
 56.40030 -13.49470
 56.40830 -13.45280
2513 100 58.66138 60.08555 -15.78472 -14.23867 'Orebro (Sweden)'
 59.19370 -15.76900
 59.10940 -15.77780
 59.09830 -15.74940
 59.09330 -15.70330
 59.08640 -15.68390
 59.04670 -15.60820
 59.01440 -15.59530
 58.97280 -15.61790
 58.97170 -15.60610
 58.93970 -15.54060
 58.92210 -15.52220
 58.89140 -15.52870
 58.86330 -15.49280
 58.81390 -15.39670
 58.81530 -15.37470
 58.83080 -15.31890
 58.84930 -15.27470
 58.85440 -15.22920
 58.80190 -15.11190
 58.77940 -15.06780
 58.75930 -15.04670
 58.71970 -15.02080
 58.70580 -15.00080
 58.69060 -14.95310
 58.70010 -14.92540
 58.69540 -14.87650
 58.66580 -14.78940
 58.66140 -14.78540
 58.67280 -14.74170
 58.69970 -14.67310
 58.69420 -14.61720
 58.68750 -14.58670
 58.68530 -14.53810
 58.70750 -14.44580
 58.79000 -14.37280
 58.82830 -14.34750
 58.96030 -14.26110
 58.99820 -14.23870
 59.03050 -14.29310
 59.04560 -14.30850
 59.07070 -14.30600
 59.10370 -14.27710
 59.13360 -14.25830
 59.15310 -14.24940
 59.18570 -14.24490
 59.30970 -14.27780
 59.32670 -14.29110
 59.36360 -14.33890
 59.37670 -14.36720
 59.40390 -14.40500
 59.42440 -14.42580
 59.51360 -14.46720
 59.53710 -14.46850
 59.56780 -14.45500
 59.58890 -14.43920
 59.62580 -14.42030
 59.72750 -14.39580
 59.88750 -14.39810
 59.95380 -14.44220
 59.98550 -14.43690
 59.99770 -14.42920
 60.00080 -14.45500
 59.99810 -14.50150
 59.98420 -14.55530
 59.96920 -14.73420
 60.00280 -14.73260
 60.06350 -14.71390
 60.07970 -14.75190
 60.08550 -14.77420
 60.07720 -14.79830
 60.06720 -14.81640
 60.04140 -14.84720
 60.02970 -14.87580
 60.03250 -14.92750
 60.04530 -14.94440
 60.04610 -14.96970
 60.03470 -15.03890
 59.99360 -15.15610
 59.96510 -15.18740
 59.93080 -15.21920
 59.91580 -15.23640
 59.84610 -15.36580
 59.83520 -15.40340
 59.83360 -15.40830
 59.75890 -15.47610
 59.73440 -15.49440
 59.70640 -15.51000
 59.68280 -15.52110
 59.61470 -15.56920
 59.57750 -15.59860
 59.51070 -15.67850
 59.48440 -15.69250
 59.41030 -15.70170
 59.39580 -15.67640
 59.38810 -15.64810
 59.38190 -15.60280
 59.27860 -15.58610
 59.24970 -15.67830
 59.23110 -15.78470
 59.19370 -15.76900
2514 126 57.68583 58.99916 -16.93361 -14.30527 'Ostergotlands (Sweden)'
 57.98750 -16.63930
 58.00820 -16.60650
 58.06920 -16.56860
 58.10330 -16.39890
 58.11000 -16.36140
 58.11640 -16.24140
 58.10670 -16.20750
 58.07470 -16.10440
 58.04620 -15.98440
 58.01310 -15.98040
 57.91100 -16.00290
 57.85870 -16.03500
 57.80110 -15.90500
 57.80170 -15.80830
 57.80690 -15.77970
 57.82920 -15.74080
 57.84170 -15.68670
 57.84000 -15.65670
 57.82800 -15.59000
 57.82220 -15.56670
 57.70640 -15.43030
 57.68580 -15.42000
 57.68800 -15.36860
 57.69360 -15.21780
 57.69030 -15.17500
 57.69080 -15.13470
 57.70170 -15.11440
 57.74670 -15.07560
 57.77610 -15.05640
 57.89420 -14.99610
 57.93280 -15.00140
 57.96050 -15.02000
 58.08140 -14.99120
 58.12060 -14.92350
 58.11310 -14.88580
 58.08780 -14.88440
 58.07140 -14.83060
 58.06860 -14.76440
 58.07920 -14.73960
 58.09360 -14.53360
 58.09920 -14.41420
 58.10390 -14.34190
 58.10970 -14.30530
 58.12550 -14.31810
 58.21080 -14.37670
 58.26310 -14.41220
 58.30640 -14.44810
 58.36560 -14.49940
 58.39530 -14.52610
 58.44390 -14.57080
 58.62360 -14.74580
 58.64440 -14.76750
 58.66140 -14.78540
 58.66580 -14.78940
 58.69540 -14.87650
 58.70010 -14.92540
 58.69060 -14.95310
 58.70580 -15.00080
 58.71970 -15.02080
 58.75930 -15.04670
 58.77940 -15.06780
 58.80190 -15.11190
 58.85440 -15.22920
 58.84930 -15.27470
 58.83080 -15.31890
 58.81530 -15.37470
 58.81390 -15.39670
 58.86330 -15.49280
 58.89140 -15.52870
 58.92210 -15.52220
 58.93970 -15.54060
 58.97170 -15.60610
 58.97280 -15.61790
 58.99920 -15.79810
 58.99580 -15.84280
 58.97230 -15.88530
 58.94030 -15.95030
 58.86780 -16.12690
 58.83080 -16.23170
 58.81920 -16.25780
 58.73180 -16.36120
 58.70110 -16.38250
 58.69670 -16.40280
 58.69280 -16.43560
 58.68750 -16.51560
 58.68920 -16.55610
 58.68640 -16.59280
 58.67080 -16.68140
 58.66610 -16.70250
 58.65220 -16.72330
 58.62900 -16.73610
 58.63690 -16.67780
 58.65550 -16.46140
 58.65750 -16.43640
 58.65890 -16.41280
 58.66310 -16.29830
 58.66390 -16.23790
 58.62750 -16.19360
 58.61360 -16.29330
 58.60530 -16.37060
 58.61330 -16.41170
 58.63960 -16.43460
 58.62060 -16.64940
 58.60360 -16.71900
 58.58140 -16.77750
 58.48830 -16.93360
 58.44270 -16.82640
 58.42900 -16.74610
 58.44690 -16.60060
 58.45200 -16.57330
 58.46140 -16.54070
 58.47260 -16.50570
 58.47970 -16.47560
 58.47780 -16.42280
 58.43580 -16.57310
 58.40870 -16.69280
 58.36720 -16.77000
 58.32220 -16.78890
 58.19940 -16.82470
 58.17670 -16.82580
 58.13870 -16.80280
 58.12520 -16.76450
 58.08610 -16.74280
 58.04920 -16.73180
 58.01100 -16.74690
 57.98750 -16.63930
2515 6 57.95034 57.98027 -16.74256 -16.65550 'Ostergotlands (Sweden)'
 57.95030 -16.74260
 57.96140 -16.67470
 57.97770 -16.65550
 57.98030 -16.67190
 57.96510 -16.73560
 57.95030 -16.74260
2516 93 58.61666 59.48965 -17.62910 -15.59527 'Sodermanlands (Sweden)'
 58.97280 -15.61790
 59.01440 -15.59530
 59.04670 -15.60820
 59.08640 -15.68390
 59.09330 -15.70330
 59.09830 -15.74940
 59.10940 -15.77780
 59.19370 -15.76900
 59.19810 -15.82810
 59.20390 -15.84890
 59.23060 -15.86350
 59.25420 -15.86430
 59.31750 -15.93810
 59.33670 -15.98310
 59.34500 -16.00530
 59.34940 -16.02580
 59.34360 -16.05920
 59.34030 -16.12670
 59.34030 -16.14670
 59.34110 -16.16920
 59.34640 -16.22030
 59.35140 -16.24440
 59.39010 -16.26800
 59.41810 -16.26140
 59.44250 -16.26140
 59.44400 -16.27640
 59.45110 -16.30930
 59.45330 -16.33500
 59.47360 -16.66470
 59.46370 -16.68940
 59.42420 -16.75000
 59.38810 -16.81190
 59.38190 -16.87780
 59.39810 -16.89120
 59.40710 -16.85440
 59.42550 -16.80060
 59.45360 -16.72670
 59.47050 -16.69540
 59.48960 -16.83670
 59.46750 -16.89750
 59.44780 -16.93260
 59.42500 -16.95790
 59.37440 -17.11170
 59.37310 -17.17440
 59.35670 -17.28060
 59.34680 -17.30860
 59.32280 -17.30100
 59.29080 -17.26390
 59.26430 -17.25290
 59.25900 -17.28690
 59.25640 -17.28190
 59.21010 -17.24460
 59.03830 -17.30560
 59.01220 -17.32440
 58.98030 -17.37690
 58.97640 -17.40890
 58.97740 -17.44620
 58.98280 -17.52640
 58.98110 -17.54940
 58.95050 -17.57830
 58.94360 -17.59140
 58.91020 -17.62910
 58.84750 -17.58110
 58.75220 -17.35000
 58.73690 -17.27110
 58.73060 -17.22360
 58.73280 -17.15670
 58.76310 -17.08850
 58.74770 -17.03190
 58.72310 -17.08220
 58.69670 -17.14030
 58.63720 -17.03440
 58.61670 -16.90730
 58.62360 -16.78970
 58.62900 -16.73610
 58.65220 -16.72330
 58.66610 -16.70250
 58.67080 -16.68140
 58.68640 -16.59280
 58.68920 -16.55610
 58.68750 -16.51560
 58.69280 -16.43560
 58.69670 -16.40280
 58.70110 -16.38250
 58.73180 -16.36120
 58.81920 -16.25780
 58.83080 -16.23170
 58.86780 -16.12690
 58.94030 -15.95030
 58.97230 -15.88530
 58.99580 -15.84280
 58.99920 -15.79810
 58.97280 -15.61790
2517 14 59.37333 59.46000 -17.31708 -17.07014 'Sodermanlands (Sweden)'
 59.37330 -17.25640
 59.37550 -17.23110
 59.38510 -17.15140
 59.45670 -17.07010
 59.46000 -17.08970
 59.45670 -17.15060
 59.44970 -17.23610
 59.44670 -17.25690
 59.44420 -17.26690
 59.43690 -17.28030
 59.40560 -17.31710
 59.39610 -17.31350
 59.37440 -17.26640
 59.37330 -17.25640
2518 116 59.19373 60.29593 -17.34861 -15.40339 'Vastmanlands (Sweden)'
 59.19370 -15.76900
 59.23110 -15.78470
 59.24970 -15.67830
 59.27860 -15.58610
 59.38190 -15.60280
 59.38810 -15.64810
 59.39580 -15.67640
 59.41030 -15.70170
 59.48440 -15.69250
 59.51070 -15.67850
 59.57750 -15.59860
 59.61470 -15.56920
 59.68280 -15.52110
 59.70640 -15.51000
 59.73440 -15.49440
 59.75890 -15.47610
 59.83360 -15.40830
 59.83520 -15.40340
 59.85470 -15.42060
 59.88000 -15.44530
 59.92240 -15.49220
 59.93110 -15.51720
 59.93170 -15.54940
 59.92360 -15.58120
 59.91560 -15.64170
 59.92560 -15.66810
 59.94420 -15.68250
 59.98620 -15.71030
 60.00390 -15.68540
 60.02540 -15.68080
 60.12610 -15.74280
 60.14420 -15.77890
 60.16420 -15.94030
 60.16940 -16.01190
 60.11800 -16.13530
 60.08860 -16.13280
 60.06470 -16.13760
 60.05060 -16.16250
 60.04780 -16.24940
 60.04920 -16.27500
 60.05750 -16.32530
 60.06280 -16.34640
 60.07190 -16.36940
 60.12750 -16.51250
 60.16260 -16.60540
 60.18780 -16.68530
 60.17760 -16.69800
 60.17690 -16.73540
 60.21030 -16.84720
 60.22060 -16.87060
 60.24330 -16.89850
 60.26540 -16.90580
 60.27060 -16.96220
 60.26170 -17.01610
 60.24860 -17.05970
 60.29590 -17.18460
 60.29000 -17.19110
 60.25440 -17.23810
 60.24330 -17.25780
 60.22810 -17.32470
 60.22030 -17.34860
 60.11690 -17.32330
 60.05530 -17.30190
 60.03550 -17.27500
 60.00420 -17.18860
 59.94500 -17.10030
 59.89000 -17.09920
 59.86860 -17.08360
 59.84860 -17.05970
 59.83040 -17.01070
 59.86010 -16.93830
 59.85110 -16.84560
 59.83810 -16.78750
 59.78810 -16.73530
 59.76620 -16.72220
 59.74390 -16.75190
 59.73500 -16.77890
 59.68390 -16.83060
 59.58470 -16.86500
 59.58530 -16.82640
 59.55890 -16.78690
 59.55030 -16.65990
 59.58350 -16.61970
 59.60990 -16.55860
 59.60820 -16.53790
 59.59290 -16.49910
 59.57170 -16.52170
 59.55440 -16.54300
 59.49980 -16.48080
 59.46780 -16.33000
 59.46510 -16.17330
 59.47220 -16.09670
 59.48250 -16.06640
 59.49020 -16.03250
 59.45530 -16.07160
 59.44540 -16.10720
 59.43970 -16.17530
 59.44400 -16.27640
 59.44250 -16.26140
 59.41810 -16.26140
 59.39010 -16.26800
 59.35140 -16.24440
 59.34640 -16.22030
 59.34110 -16.16920
 59.34030 -16.14670
 59.34030 -16.12670
 59.34360 -16.05920
 59.34940 -16.02580
 59.34500 -16.00530
 59.33670 -15.98310
 59.31750 -15.93810
 59.25420 -15.86430
 59.23060 -15.86350
 59.20390 -15.84890
 59.19810 -15.82810
 59.19370 -15.76900
2520 141 57.12794 59.23152 -13.72046 -11.59996 'Alvsborgs (Sweden)'
 58.89920 -11.60000
 58.90690 -11.62400
 59.09510 -11.75180
 59.12000 -11.74190
 59.18120 -11.75260
 59.20620 -11.76190
 59.21750 -11.76950
 59.20690 -11.82850
 59.17890 -12.00470
 59.18050 -12.02920
 59.20360 -12.02740
 59.22570 -12.02690
 59.23150 -12.19000
 59.19710 -12.22380
 59.17890 -12.24720
 59.11310 -12.42310
 59.10890 -12.44470
 59.11080 -12.56190
 59.14530 -12.57320
 59.15670 -12.59690
 59.15360 -12.64110
 59.14440 -12.67110
 59.13220 -12.69250
 58.98250 -12.80440
 58.87870 -12.85890
 58.84360 -12.86860
 58.81110 -12.88530
 58.78860 -12.90830
 58.76440 -12.89440
 58.73780 -12.87580
 58.54250 -12.72610
 58.45080 -12.65440
 58.39330 -12.60170
 58.37750 -12.58140
 58.36690 -12.55830
 58.35190 -12.51670
 58.32500 -12.45970
 58.31280 -12.44220
 58.19030 -12.51330
 58.17420 -12.53750
 58.16610 -12.60080
 58.15810 -12.63670
 58.14070 -12.65640
 58.09500 -12.65490
 58.07310 -12.67470
 58.06560 -12.69830
 58.06610 -12.74810
 58.07360 -12.87060
 58.08060 -12.96690
 58.08780 -13.03080
 58.08830 -13.12250
 58.03860 -13.26220
 58.01030 -13.27610
 57.98240 -13.29420
 57.94060 -13.39360
 57.94140 -13.42080
 57.95640 -13.44670
 57.97280 -13.46220
 57.98040 -13.50460
 57.97810 -13.53280
 57.91000 -13.67670
 57.87810 -13.71500
 57.82030 -13.72050
 57.78790 -13.71900
 57.74830 -13.71000
 57.61920 -13.67170
 57.55440 -13.65030
 57.52690 -13.63560
 57.40470 -13.49860
 57.32890 -13.35830
 57.30750 -13.28830
 57.23810 -13.18110
 57.21170 -13.15530
 57.14500 -13.08080
 57.12790 -13.05040
 57.13360 -13.04610
 57.16140 -12.99670
 57.20780 -12.89530
 57.31080 -12.66890
 57.31810 -12.62470
 57.31110 -12.54250
 57.27810 -12.47920
 57.25470 -12.41190
 57.25610 -12.39190
 57.30510 -12.35890
 57.32890 -12.35310
 57.36040 -12.36530
 57.39010 -12.37420
 57.54080 -12.29440
 57.56040 -12.25670
 57.57280 -12.27310
 57.59780 -12.32750
 57.59430 -12.34750
 57.57890 -12.36690
 57.57170 -12.43610
 57.58550 -12.52580
 57.59620 -12.54810
 57.67430 -12.47510
 57.69280 -12.43610
 57.70110 -12.36250
 57.69900 -12.26170
 57.70000 -12.21580
 57.70330 -12.18180
 57.72500 -12.16280
 57.74280 -12.17240
 57.76590 -12.19920
 57.81350 -12.14820
 57.82890 -12.12110
 57.82610 -12.10080
 57.82220 -12.08060
 57.80550 -12.04190
 57.79210 -11.99490
 57.82170 -11.98830
 57.88470 -12.00830
 57.90250 -12.01970
 57.93840 -12.04880
 57.98690 -12.03810
 58.09720 -11.99360
 58.15780 -11.98720
 58.19550 -12.03360
 58.21470 -12.05560
 58.36610 -12.10460
 58.40440 -12.02790
 58.42390 -11.96580
 58.42670 -11.90750
 58.41580 -11.85360
 58.51540 -11.80680
 58.56610 -11.81250
 58.58580 -11.82330
 58.60000 -11.85110
 58.61570 -11.87100
 58.64100 -11.87390
 58.67900 -11.85690
 58.71860 -11.79530
 58.73610 -11.75420
 58.74470 -11.73360
 58.79800 -11.67580
 58.81370 -11.66220
 58.85140 -11.65780
 58.87310 -11.63440
 58.89920 -11.60000
2521 125 57.51361 59.10027 -12.54805 -11.11334 'Goteborgs Och Bohus (Sweden)'
 58.98760 -11.42920
 58.91920 -11.42350
 58.89100 -11.43120
 58.88370 -11.45690
 58.88470 -11.49670
 58.89670 -11.58580
 58.89920 -11.60000
 58.87310 -11.63440
 58.85140 -11.65780
 58.81370 -11.66220
 58.79800 -11.67580
 58.74470 -11.73360
 58.73610 -11.75420
 58.71860 -11.79530
 58.67900 -11.85690
 58.64100 -11.87390
 58.61570 -11.87100
 58.60000 -11.85110
 58.58580 -11.82330
 58.56610 -11.81250
 58.51540 -11.80680
 58.41580 -11.85360
 58.42670 -11.90750
 58.42390 -11.96580
 58.40440 -12.02790
 58.36610 -12.10460
 58.21470 -12.05560
 58.19550 -12.03360
 58.15780 -11.98720
 58.09720 -11.99360
 57.98690 -12.03810
 57.93840 -12.04880
 57.90250 -12.01970
 57.88470 -12.00830
 57.82170 -11.98830
 57.79210 -11.99490
 57.80550 -12.04190
 57.82220 -12.08060
 57.82610 -12.10080
 57.82890 -12.12110
 57.81350 -12.14820
 57.76590 -12.19920
 57.74280 -12.17240
 57.72500 -12.16280
 57.70330 -12.18180
 57.70000 -12.21580
 57.69900 -12.26170
 57.70110 -12.36250
 57.69280 -12.43610
 57.67430 -12.47510
 57.59620 -12.54810
 57.58550 -12.52580
 57.57170 -12.43610
 57.57890 -12.36690
 57.59430 -12.34750
 57.59780 -12.32750
 57.57280 -12.27310
 57.56040 -12.25670
 57.56810 -12.24280
 57.56420 -12.21810
 57.55310 -12.19330
 57.54190 -12.16170
 57.52920 -12.11780
 57.51830 -12.07970
 57.51360 -12.04940
 57.51500 -12.02720
 57.51750 -12.00390
 57.52690 -11.96170
 57.52780 -11.93830
 57.52660 -11.91110
 57.53150 -11.91460
 57.56390 -11.92220
 57.61740 -11.90780
 57.60780 -11.86250
 57.66140 -11.83000
 57.68050 -11.86860
 57.69390 -11.88780
 57.68870 -11.74600
 57.69990 -11.70190
 57.80720 -11.72310
 57.84580 -11.66810
 57.88580 -11.69900
 57.89470 -11.74930
 58.00610 -11.79560
 58.03910 -11.79870
 58.05310 -11.77670
 58.05940 -11.77670
 58.09530 -11.79610
 58.15470 -11.83720
 58.20210 -11.88050
 58.31830 -11.79810
 58.32860 -11.72920
 58.27610 -11.62280
 58.25900 -11.60110
 58.23080 -11.52860
 58.23610 -11.49530
 58.26110 -11.40560
 58.31190 -11.38420
 58.34690 -11.23830
 58.39940 -11.20140
 58.50530 -11.23560
 58.55400 -11.25570
 58.57940 -11.26640
 58.63500 -11.26030
 58.65530 -11.25000
 58.67970 -11.21030
 58.71150 -11.17940
 58.73930 -11.17930
 58.77000 -11.20080
 58.79420 -11.22930
 58.83920 -11.23220
 58.91750 -11.19420
 58.92440 -11.16670
 58.94120 -11.11940
 59.00360 -11.11330
 59.02110 -11.12330
 59.06650 -11.16940
 59.07720 -11.19540
 59.09390 -11.26560
 59.10030 -11.32000
 59.08820 -11.34420
 59.05080 -11.37330
 59.01280 -11.40170
 58.98780 -11.42330
 58.98760 -11.42920
2522 23 58.06611 58.28583 -11.81584 -11.40195 'Goteborgs Och Bohus (Sweden)'
 58.06610 -11.46500
 58.07470 -11.45260
 58.13360 -11.40190
 58.14750 -11.41060
 58.28550 -11.67320
 58.28580 -11.70890
 58.28470 -11.72170
 58.28170 -11.73670
 58.24560 -11.78670
 58.21770 -11.81240
 58.17190 -11.81580
 58.14720 -11.81470
 58.13360 -11.81110
 58.11870 -11.80330
 58.10110 -11.71470
 58.09890 -11.67640
 58.11030 -11.62420
 58.11860 -11.60670
 58.11890 -11.58310
 58.11530 -11.55330
 58.09860 -11.46650
 58.07170 -11.46360
 58.06610 -11.46500
2523 16 57.93083 58.04847 -11.74166 -11.49777 'Goteborgs Och Bohus (Sweden)'
 57.93080 -11.58500
 57.93170 -11.57470
 57.95000 -11.52530
 57.98070 -11.51810
 57.98970 -11.50970
 58.00990 -11.49780
 58.03400 -11.50000
 58.04850 -11.52530
 58.04170 -11.73590
 58.02780 -11.74170
 58.00150 -11.73560
 57.99210 -11.72600
 57.95750 -11.65940
 57.95080 -11.64610
 57.93250 -11.59440
 57.93080 -11.58500
2524 106 56.33111 57.56805 -13.66824 -11.90277 'Hallands (Sweden)'
 56.43990 -12.85260
 56.44250 -12.87240
 56.44640 -12.88360
 56.45720 -12.90110
 56.47260 -12.91440
 56.50110 -12.93030
 56.53630 -12.93480
 56.57860 -12.91720
 56.64300 -12.88020
 56.65750 -12.81750
 56.64360 -12.78500
 56.64000 -12.75810
 56.64150 -12.72190
 56.67610 -12.67080
 56.74690 -12.61360
 56.78370 -12.59940
 56.81030 -12.59810
 56.83210 -12.57670
 56.88470 -12.47650
 56.89720 -12.41810
 56.91680 -12.34890
 56.97000 -12.35000
 57.03250 -12.28610
 57.05390 -12.24570
 57.18610 -12.14810
 57.25000 -12.11000
 57.27990 -12.14240
 57.30920 -12.14580
 57.42690 -12.09500
 57.45730 -12.04760
 57.42550 -12.00960
 57.34500 -11.98600
 57.37610 -11.94280
 57.40220 -11.91780
 57.42430 -11.90280
 57.51500 -11.90670
 57.52660 -11.91110
 57.52780 -11.93830
 57.52690 -11.96170
 57.51750 -12.00390
 57.51500 -12.02720
 57.51360 -12.04940
 57.51830 -12.07970
 57.52920 -12.11780
 57.54190 -12.16170
 57.55310 -12.19330
 57.56420 -12.21810
 57.56810 -12.24280
 57.56040 -12.25670
 57.54080 -12.29440
 57.39010 -12.37420
 57.36040 -12.36530
 57.32890 -12.35310
 57.30510 -12.35890
 57.25610 -12.39190
 57.25470 -12.41190
 57.27810 -12.47920
 57.31110 -12.54250
 57.31810 -12.62470
 57.31080 -12.66890
 57.20780 -12.89530
 57.16140 -12.99670
 57.13360 -13.04610
 57.12790 -13.05040
 57.07780 -13.06390
 57.02150 -13.09180
 57.01470 -13.11330
 57.04300 -13.15430
 57.07440 -13.19280
 57.09500 -13.28750
 57.10190 -13.32780
 57.10220 -13.34970
 57.08390 -13.46670
 57.06280 -13.53470
 57.04870 -13.55740
 57.01320 -13.55670
 56.99470 -13.57420
 56.97280 -13.66820
 56.95420 -13.66250
 56.92440 -13.64940
 56.89860 -13.62470
 56.88080 -13.58390
 56.86670 -13.47780
 56.86290 -13.41070
 56.85610 -13.30830
 56.80250 -13.29580
 56.74970 -13.30420
 56.67690 -13.31830
 56.59190 -13.37110
 56.56470 -13.39420
 56.55110 -13.42060
 56.53640 -13.43810
 56.50120 -13.45170
 56.41970 -13.45580
 56.40830 -13.45280
 56.40220 -13.42440
 56.36030 -13.27470
 56.34750 -13.25000
 56.33110 -13.14750
 56.33720 -13.00190
 56.34000 -12.97610
 56.35180 -12.95140
 56.38530 -12.94940
 56.41220 -12.94660
 56.43310 -12.88670
 56.43990 -12.85260
2525 92 57.80694 59.03861 -14.78542 -12.44222 'Skaraborgs (Sweden)'
 58.78860 -12.90830
 58.76550 -12.98810
 58.74030 -13.07750
 58.70000 -13.23060
 58.69970 -13.25360
 58.70830 -13.30720
 58.72220 -13.36890
 58.73780 -13.39250
 58.76360 -13.35560
 58.79900 -13.33440
 58.85580 -13.35580
 58.89220 -13.37430
 58.95060 -13.40800
 58.98080 -13.45080
 58.99530 -13.47860
 59.03780 -13.56860
 59.03860 -13.62810
 59.03810 -13.74640
 59.03310 -13.86440
 59.03220 -14.04330
 59.03420 -14.06330
 59.03470 -14.09640
 59.02300 -14.18560
 59.01420 -14.21250
 59.00330 -14.23360
 58.99820 -14.23870
 58.96030 -14.26110
 58.82830 -14.34750
 58.79000 -14.37280
 58.70750 -14.44580
 58.68530 -14.53810
 58.68750 -14.58670
 58.69420 -14.61720
 58.69970 -14.67310
 58.67280 -14.74170
 58.66140 -14.78540
 58.64440 -14.76750
 58.62360 -14.74580
 58.44390 -14.57080
 58.39530 -14.52610
 58.36560 -14.49940
 58.30640 -14.44810
 58.26310 -14.41220
 58.21080 -14.37670
 58.12550 -14.31810
 58.10970 -14.30530
 58.10190 -14.30110
 58.06670 -14.27190
 57.96110 -14.18360
 57.90500 -14.13030
 57.88370 -14.10940
 57.85170 -14.07190
 57.84140 -14.05080
 57.80920 -13.92220
 57.80690 -13.76830
 57.81860 -13.72420
 57.82030 -13.72050
 57.87810 -13.71500
 57.91000 -13.67670
 57.97810 -13.53280
 57.98040 -13.50460
 57.97280 -13.46220
 57.95640 -13.44670
 57.94140 -13.42080
 57.94060 -13.39360
 57.98240 -13.29420
 58.01030 -13.27610
 58.03860 -13.26220
 58.08830 -13.12250
 58.08780 -13.03080
 58.08060 -12.96690
 58.07360 -12.87060
 58.06610 -12.74810
 58.06560 -12.69830
 58.07310 -12.67470
 58.09500 -12.65490
 58.14070 -12.65640
 58.15810 -12.63670
 58.16610 -12.60080
 58.17420 -12.53750
 58.19030 -12.51330
 58.31280 -12.44220
 58.32500 -12.45970
 58.35190 -12.51670
 58.36690 -12.55830
 58.37750 -12.58140
 58.39330 -12.60170
 58.45080 -12.65440
 58.54250 -12.72610
 58.73780 -12.87580
 58.76440 -12.89440
 58.78860 -12.90830
2526 159 58.69972 61.05754 -14.46847 -11.66701 'Varmlands (Sweden)'
 59.99770 -14.42920
 59.98550 -14.43690
 59.95380 -14.44220
 59.88750 -14.39810
 59.72750 -14.39580
 59.62580 -14.42030
 59.58890 -14.43920
 59.56780 -14.45500
 59.53710 -14.46850
 59.51360 -14.46720
 59.42440 -14.42580
 59.40390 -14.40500
 59.37670 -14.36720
 59.36360 -14.33890
 59.32670 -14.29110
 59.30970 -14.27780
 59.18570 -14.24490
 59.15310 -14.24940
 59.13360 -14.25830
 59.10370 -14.27710
 59.07070 -14.30600
 59.04560 -14.30850
 59.03050 -14.29310
 58.99820 -14.23870
 59.00330 -14.23360
 59.01420 -14.21250
 59.02300 -14.18560
 59.03470 -14.09640
 59.03420 -14.06330
 59.03220 -14.04330
 59.03310 -13.86440
 59.03810 -13.74640
 59.03860 -13.62810
 59.03780 -13.56860
 58.99530 -13.47860
 58.98080 -13.45080
 58.95060 -13.40800
 58.89220 -13.37430
 58.85580 -13.35580
 58.79900 -13.33440
 58.76360 -13.35560
 58.73780 -13.39250
 58.72220 -13.36890
 58.70830 -13.30720
 58.69970 -13.25360
 58.70000 -13.23060
 58.74030 -13.07750
 58.76550 -12.98810
 58.78860 -12.90830
 58.81110 -12.88530
 58.84360 -12.86860
 58.87870 -12.85890
 58.98250 -12.80440
 59.13220 -12.69250
 59.14440 -12.67110
 59.15360 -12.64110
 59.15670 -12.59690
 59.14530 -12.57320
 59.11080 -12.56190
 59.10890 -12.44470
 59.11310 -12.42310
 59.17890 -12.24720
 59.19710 -12.22380
 59.23150 -12.19000
 59.22570 -12.02690
 59.20360 -12.02740
 59.18050 -12.02920
 59.17890 -12.00470
 59.20690 -11.82850
 59.21750 -11.76950
 59.23780 -11.79270
 59.26650 -11.79790
 59.30330 -11.79080
 59.32470 -11.78310
 59.42970 -11.73920
 59.59360 -11.66700
 59.63800 -11.76470
 59.64870 -11.81810
 59.69970 -11.89910
 59.72930 -11.90320
 59.77250 -11.89880
 59.78470 -11.89640
 59.80240 -11.88210
 59.84610 -11.81600
 59.86140 -11.85280
 59.87000 -11.87580
 59.89690 -11.96550
 59.88960 -12.00320
 59.88610 -12.03420
 59.88580 -12.10720
 59.88760 -12.13490
 59.89690 -12.16310
 59.91030 -12.19190
 59.97260 -12.31690
 60.07000 -12.46940
 60.11300 -12.49450
 60.14470 -12.50280
 60.17410 -12.50780
 60.20210 -12.50610
 60.33900 -12.53280
 60.37810 -12.57190
 60.39920 -12.58970
 60.43390 -12.60010
 60.46840 -12.60720
 60.52180 -12.59100
 60.63000 -12.50580
 60.71030 -12.42500
 60.75560 -12.38250
 60.77940 -12.36470
 60.80220 -12.35240
 60.83580 -12.33610
 60.88720 -12.30860
 60.94610 -12.27190
 60.97690 -12.23960
 60.99870 -12.21620
 61.01860 -12.24780
 61.02940 -12.29420
 61.05060 -12.38810
 61.05390 -12.40780
 61.05440 -12.43250
 61.05390 -12.45810
 61.05080 -12.50030
 61.04800 -12.56720
 61.04970 -12.60220
 61.05310 -12.62190
 61.05750 -12.63780
 60.97150 -12.69180
 60.93390 -12.76360
 60.80610 -13.00860
 60.74250 -13.12920
 60.65330 -13.24280
 60.52610 -13.36670
 60.43330 -13.46170
 60.42000 -13.47670
 60.40500 -13.50560
 60.39140 -13.56250
 60.38720 -13.59860
 60.38610 -13.63330
 60.37180 -13.67820
 60.33140 -13.71720
 60.31000 -13.73830
 60.28610 -13.76780
 60.23360 -13.83470
 60.17830 -13.90920
 60.16530 -13.93220
 60.17640 -13.98000
 60.19780 -13.97810
 60.21470 -13.99530
 60.20500 -14.08560
 60.19190 -14.11330
 60.17080 -14.15220
 60.14800 -14.15390
 60.11490 -14.15900
 60.09330 -14.17170
 60.08220 -14.19560
 60.05920 -14.27860
 60.03440 -14.36330
 60.00800 -14.41940
 59.99770 -14.42920
2550 242 61.55000 65.10213 -17.00472 -11.93639 'Jamtlands (Sweden)'
 63.97870 -16.74190
 63.94080 -16.67970
 63.91920 -16.65000
 63.88070 -16.60930
 63.84060 -16.58190
 63.80120 -16.56490
 63.77030 -16.57000
 63.72440 -16.57580
 63.71470 -16.55390
 63.70390 -16.45310
 63.66750 -16.28610
 63.66220 -16.21310
 63.66780 -16.13390
 63.66580 -16.06420
 63.65780 -15.92530
 63.65110 -15.87220
 63.64720 -15.84890
 63.63640 -15.79640
 63.61470 -15.80780
 63.60310 -15.83250
 63.59030 -15.86390
 63.58030 -15.88360
 63.55970 -15.91500
 63.53890 -15.93900
 63.48530 -15.96190
 63.33970 -16.11720
 63.32310 -16.15830
 63.28670 -16.25390
 63.27080 -16.29610
 63.25500 -16.34500
 63.19440 -16.51250
 63.16360 -16.57940
 63.13940 -16.62640
 63.07670 -16.74530
 62.93610 -17.00470
 62.92470 -16.94640
 62.91970 -16.88810
 62.91750 -16.85500
 62.91580 -16.78810
 62.90550 -16.71690
 62.88140 -16.66060
 62.84970 -16.59890
 62.77710 -16.47430
 62.74390 -16.43610
 62.70920 -16.41010
 62.68670 -16.33580
 62.67000 -16.16860
 62.66830 -16.14390
 62.66970 -16.11940
 62.67500 -16.08670
 62.68690 -16.05220
 62.69140 -16.02690
 62.69220 -15.99720
 62.65250 -15.81000
 62.63500 -15.74140
 62.62670 -15.68580
 62.59280 -15.41390
 62.59080 -15.39280
 62.58550 -15.30940
 62.56610 -15.20000
 62.54830 -15.15000
 62.54470 -15.12750
 62.55550 -15.08250
 62.56790 -15.05120
 62.57440 -15.01420
 62.57420 -14.97920
 62.56470 -14.86330
 62.54420 -14.79110
 62.41890 -14.78440
 62.38780 -14.78830
 62.29330 -14.93330
 62.26890 -15.02360
 62.23830 -15.14110
 62.24610 -15.16220
 62.26550 -15.21110
 62.27140 -15.23220
 62.27190 -15.27690
 62.26420 -15.30530
 62.25550 -15.32400
 62.24560 -15.31030
 62.21170 -15.32530
 62.17640 -15.37490
 62.14170 -15.38830
 62.10870 -15.36000
 62.08500 -15.30470
 62.06830 -15.24810
 62.05780 -15.21860
 61.99280 -15.07170
 61.96000 -15.07440
 61.92500 -15.06890
 61.87390 -15.04890
 61.84750 -15.01140
 61.78190 -14.80830
 61.78330 -14.77970
 61.80330 -14.74670
 61.82680 -14.73040
 61.86330 -14.70420
 61.87670 -14.68560
 61.87920 -14.65940
 61.86780 -14.64060
 61.83550 -14.59420
 61.82280 -14.57640
 61.78670 -14.52940
 61.69580 -14.51360
 61.63080 -14.49420
 61.59250 -14.48030
 61.57010 -14.43850
 61.55000 -14.37080
 61.56890 -14.34030
 61.58440 -14.31940
 61.58830 -14.29580
 61.59080 -14.27250
 61.59140 -14.24000
 61.59470 -14.14030
 61.60390 -13.98580
 61.61190 -13.92170
 61.61970 -13.72330
 61.61920 -13.68690
 61.63360 -13.51530
 61.64830 -13.49500
 61.67060 -13.47420
 61.69670 -13.47110
 61.72070 -13.46920
 61.82690 -13.33220
 61.87060 -13.26970
 61.88560 -13.23560
 61.91900 -13.19170
 61.94470 -13.23940
 61.97530 -13.30860
 61.99390 -13.34030
 62.03830 -13.25470
 62.02420 -13.17530
 62.01310 -13.11640
 62.01640 -13.09250
 62.05580 -12.98220
 62.06810 -12.96640
 62.13060 -12.86970
 62.18000 -12.79250
 62.19530 -12.76780
 62.20080 -12.74140
 62.20300 -12.69940
 62.20080 -12.59110
 62.19720 -12.54140
 62.21220 -12.45030
 62.22110 -12.41110
 62.24440 -12.32810
 62.25690 -12.29560
 62.25820 -12.29460
 62.26710 -12.29370
 62.30810 -12.27140
 62.32720 -12.25640
 62.33800 -12.24530
 62.39740 -12.20490
 62.43080 -12.17830
 62.46030 -12.14920
 62.52920 -12.08470
 62.59000 -12.04750
 62.66530 -12.04670
 62.71580 -12.07280
 62.74940 -12.08940
 62.80310 -12.06670
 62.83890 -12.05030
 62.89250 -12.02890
 62.91860 -12.05830
 62.96720 -12.11330
 62.99940 -12.15110
 63.01580 -12.16860
 63.04530 -12.14420
 63.17390 -12.03690
 63.18240 -12.02750
 63.27220 -11.93640
 63.32390 -11.99890
 63.38830 -12.07830
 63.43670 -12.13720
 63.48530 -12.19500
 63.51220 -12.17860
 63.58960 -12.14670
 63.72890 -12.34670
 63.83330 -12.47310
 63.87280 -12.53080
 63.94280 -12.63390
 63.96720 -12.68190
 64.00720 -12.79440
 64.02530 -12.84690
 64.05330 -12.93810
 64.06440 -12.98830
 64.07110 -13.03220
 64.08360 -13.13560
 64.09000 -13.19360
 64.09300 -13.23000
 64.08670 -13.29140
 64.01550 -13.98500
 64.17980 -14.15070
 64.33930 -14.15060
 64.47060 -14.11640
 64.48810 -14.03250
 64.50750 -13.90080
 64.52940 -13.82030
 64.58020 -13.66830
 64.60780 -13.67690
 64.63460 -13.70220
 64.65230 -13.72560
 64.73330 -13.83280
 64.77110 -13.87920
 64.83550 -13.95580
 64.94920 -14.09140
 65.04890 -14.23530
 65.10210 -14.29640
 65.07530 -14.35280
 64.99440 -14.54720
 64.97720 -14.60780
 64.92530 -14.74470
 64.80750 -14.99190
 64.79280 -15.01190
 64.77190 -15.02030
 64.74790 -15.04530
 64.73670 -15.07220
 64.72030 -15.15560
 64.71280 -15.17670
 64.65530 -15.31640
 64.63250 -15.33500
 64.57220 -15.42000
 64.56440 -15.44500
 64.54250 -15.49670
 64.51830 -15.53280
 64.50500 -15.54860
 64.48330 -15.56190
 64.43670 -15.60420
 64.36720 -15.82030
 64.34140 -15.90780
 64.31580 -15.99500
 64.29690 -16.00970
 64.24420 -16.02140
 64.23360 -16.04690
 64.23530 -16.09060
 64.23970 -16.11720
 64.24580 -16.18500
 64.24420 -16.21890
 64.09750 -16.51640
 64.05470 -16.60190
 63.99940 -16.70810
 63.97870 -16.74190
2551 350 65.05875 69.06030 -24.16701 -15.36278 'Norrbottens (Sweden)'
 66.32140 -15.44690
 66.40690 -15.40060
 66.46170 -15.37140
 66.48000 -15.36280
 66.55800 -15.52780
 66.60580 -15.62580
 66.68500 -15.73110
 66.89080 -16.01000
 67.01780 -16.35390
 67.17050 -16.40250
 67.23780 -16.36140
 67.26080 -16.33750
 67.30550 -16.26190
 67.33370 -16.21260
 67.35580 -16.16170
 67.36750 -16.13860
 67.38570 -16.10760
 67.40540 -16.08810
 67.50080 -16.19920
 67.51550 -16.38250
 67.53000 -16.40330
 67.60920 -16.50830
 67.66120 -16.57360
 67.68220 -16.58810
 67.73220 -16.62030
 67.83220 -16.68470
 67.89920 -16.72690
 68.03030 -17.18830
 68.06210 -17.23450
 68.07460 -17.25260
 68.09050 -17.27360
 68.02970 -17.59250
 68.01420 -17.64890
 68.00440 -17.68030
 67.98470 -17.74330
 67.96420 -17.80190
 67.95530 -17.82560
 67.94860 -17.85810
 67.94550 -17.88420
 67.99780 -17.93970
 68.15030 -18.13560
 68.16610 -18.15530
 68.28080 -18.10390
 68.31780 -18.08580
 68.35440 -18.06940
 68.40030 -18.04960
 68.44000 -18.05810
 68.49930 -18.08620
 68.50890 -18.09950
 68.51530 -18.14940
 68.53920 -18.35810
 68.47530 -18.61190
 68.48780 -18.95220
 68.41940 -19.41330
 68.39970 -19.54390
 68.37280 -19.71720
 68.35000 -19.86060
 68.34140 -19.89830
 68.33710 -19.93080
 68.34280 -19.95240
 68.35550 -19.97040
 68.38110 -20.00670
 68.39920 -20.03920
 68.41470 -20.07580
 68.44600 -20.17150
 68.47090 -20.20420
 68.50170 -20.08810
 68.54390 -19.95640
 68.58310 -20.06310
 68.64690 -20.17720
 68.66220 -20.20250
 68.69140 -20.23830
 68.75470 -20.31390
 68.78670 -20.35030
 68.92830 -20.31470
 68.96860 -20.23890
 69.04220 -20.09690
 69.05640 -20.53530
 69.06030 -20.58090
 69.05310 -20.60420
 69.04380 -20.65010
 69.03110 -20.74420
 69.02330 -20.79170
 69.01190 -20.84640
 69.00120 -20.87560
 68.98550 -20.90890
 68.97070 -20.93070
 68.94920 -20.93100
 68.91820 -20.88590
 68.89210 -20.90080
 68.88070 -20.95210
 68.87940 -20.99080
 68.87750 -21.02470
 68.87330 -21.05890
 68.86670 -21.08140
 68.81790 -21.21220
 68.72420 -21.42060
 68.68670 -21.45390
 68.66990 -21.49420
 68.66170 -21.55060
 68.65730 -21.59320
 68.64940 -21.62310
 68.64250 -21.64280
 68.61500 -21.70660
 68.58740 -21.72690
 68.57570 -21.76540
 68.57040 -21.81690
 68.57360 -21.86470
 68.57120 -21.88930
 68.55530 -21.93390
 68.54390 -21.95940
 68.52150 -22.00080
 68.50230 -22.02870
 68.48150 -22.04860
 68.46500 -22.15920
 68.46360 -22.37190
 68.45170 -22.43060
 68.44010 -22.50000
 68.42720 -22.58170
 68.42170 -22.66680
 68.38600 -22.82670
 68.35750 -22.86360
 68.33000 -22.90500
 68.32220 -22.93640
 68.31780 -22.96940
 68.29110 -23.05540
 68.08360 -23.35330
 68.06010 -23.37220
 68.04250 -23.39440
 67.99250 -23.53170
 67.95810 -23.63830
 67.94590 -23.65980
 67.92120 -23.65570
 67.89640 -23.60210
 67.89000 -23.54560
 67.88360 -23.51110
 67.87100 -23.48880
 67.81990 -23.47060
 67.71250 -23.49140
 67.66550 -23.50780
 67.55640 -23.47190
 67.47980 -23.43080
 67.45250 -23.44830
 67.44290 -23.46930
 67.43720 -23.49370
 67.44330 -23.51970
 67.45260 -23.54290
 67.45000 -23.58190
 67.42610 -23.73500
 67.41690 -23.76510
 67.32630 -23.78030
 67.28630 -23.74320
 67.27800 -23.70810
 67.27550 -23.68310
 67.26750 -23.63030
 67.26140 -23.61000
 67.24070 -23.59060
 67.15700 -23.57330
 67.04750 -23.68110
 67.00830 -23.73110
 66.99600 -23.75110
 66.98140 -23.78780
 66.93110 -23.86690
 66.87980 -23.94070
 66.80230 -24.00080
 66.78790 -23.94250
 66.74480 -23.89210
 66.71250 -23.90080
 66.68030 -23.90280
 66.57580 -23.88970
 66.55530 -23.87420
 66.54390 -23.82690
 66.53780 -23.80720
 66.50080 -23.72530
 66.45720 -23.65600
 66.43330 -23.63970
 66.31220 -23.66250
 66.26330 -23.68470
 66.19830 -23.72610
 66.18500 -23.75470
 66.16820 -23.81430
 66.16030 -23.85610
 66.15670 -23.88640
 66.14420 -23.91900
 66.12850 -23.93560
 66.10140 -23.94860
 66.07250 -23.96780
 66.02030 -24.03140
 65.83260 -24.16410
 65.81400 -24.16700
 65.80360 -24.14870
 65.79960 -24.11360
 65.80610 -24.08080
 65.80730 -24.04620
 65.79250 -23.98610
 65.78000 -23.95320
 65.76050 -23.93130
 65.79530 -23.77330
 65.80640 -23.65390
 65.80080 -23.51830
 65.76050 -23.43470
 65.76750 -23.39440
 65.80080 -23.24970
 65.76360 -23.23440
 65.71320 -23.13640
 65.70080 -23.07740
 65.75280 -23.00030
 65.82170 -22.82680
 65.85640 -22.79030
 65.88610 -22.72330
 65.90220 -22.67580
 65.89870 -22.64260
 65.87550 -22.67620
 65.80750 -22.70470
 65.76050 -22.67930
 65.75900 -22.65410
 65.79690 -22.60860
 65.85110 -22.47920
 65.85610 -22.45140
 65.85940 -22.41860
 65.85920 -22.36820
 65.82970 -22.32920
 65.69110 -22.25780
 65.63250 -22.24910
 65.62740 -22.28590
 65.62950 -22.31530
 65.66480 -22.29100
 65.65920 -22.32310
 65.62890 -22.38560
 65.54680 -22.42240
 65.53680 -22.40000
 65.55000 -22.37260
 65.57730 -22.24180
 65.57880 -22.20630
 65.60720 -22.07970
 65.67210 -21.85130
 65.69930 -21.82420
 65.71210 -21.76580
 65.66530 -21.82810
 65.65610 -21.84820
 65.59810 -22.02250
 65.58920 -22.05780
 65.58140 -22.12100
 65.54230 -22.19440
 65.53310 -22.16420
 65.51740 -22.05380
 65.51440 -21.99390
 65.52670 -21.90920
 65.53440 -21.88960
 65.53010 -21.85720
 65.49670 -21.90110
 65.48710 -21.92000
 65.48530 -21.93970
 65.50820 -21.92680
 65.48970 -21.97920
 65.45970 -22.03100
 65.42620 -22.01400
 65.39800 -21.92940
 65.39110 -21.67580
 65.39190 -21.65490
 65.39740 -21.63180
 65.41410 -21.60280
 65.40810 -21.54470
 65.38370 -21.47120
 65.34990 -21.50180
 65.32700 -21.53870
 65.32060 -21.58410
 65.32470 -21.61710
 65.28370 -21.69920
 65.24580 -21.65930
 65.23470 -21.58810
 65.23420 -21.55810
 65.25360 -21.53960
 65.28670 -21.49390
 65.31200 -21.46660
 65.37030 -21.32870
 65.33830 -21.26490
 65.32260 -21.32900
 65.30610 -21.41720
 65.24860 -21.50530
 65.21510 -21.55360
 65.15140 -21.61940
 65.05990 -21.57770
 65.05870 -21.53370
 65.12140 -21.35830
 65.15580 -21.24310
 65.16220 -21.14060
 65.16780 -21.03640
 65.17000 -20.99920
 65.18030 -20.88080
 65.19030 -20.82190
 65.23750 -20.57280
 65.25250 -20.49830
 65.27530 -20.39670
 65.32140 -20.18560
 65.35800 -20.00110
 65.36720 -19.95140
 65.36970 -19.90530
 65.35690 -19.87860
 65.30280 -19.78280
 65.25220 -19.69810
 65.22140 -19.64940
 65.20330 -19.62560
 65.18920 -19.61030
 65.17670 -19.59080
 65.16640 -19.57250
 65.14080 -19.49030
 65.13550 -19.46610
 65.13600 -19.40090
 65.21410 -19.24630
 65.24570 -19.24220
 65.26090 -19.22500
 65.28400 -19.16770
 65.29620 -19.12760
 65.32470 -19.00850
 65.35370 -18.89650
 65.37590 -18.81310
 65.38720 -18.78060
 65.39920 -18.76050
 65.43530 -18.60470
 65.44030 -18.55590
 65.44570 -18.52270
 65.51610 -18.27250
 65.54680 -18.22470
 65.57240 -18.18250
 65.57440 -18.15720
 65.57550 -18.12780
 65.57170 -18.09530
 65.59080 -17.92140
 65.63330 -17.68170
 65.66550 -17.61030
 65.69080 -17.55440
 65.75560 -17.43000
 65.79940 -17.33360
 65.86250 -17.18190
 65.91860 -17.04970
 65.95780 -16.96720
 65.98440 -16.89610
 66.00800 -16.82310
 66.02080 -16.77500
 66.03220 -16.68030
 66.03610 -16.63890
 66.04940 -16.46220
 66.07830 -16.38220
 66.09830 -16.32080
 66.15050 -16.14750
 66.26750 -15.75170
 66.28000 -15.68970
 66.30890 -15.52220
 66.32140 -15.44690
2552 226 62.12515 63.98389 -19.30918 -14.78445 'Vasternorrlands (Sweden)'
 62.76580 -18.12610
 62.78110 -18.08280
 62.80420 -18.10440
 62.80910 -18.13540
 62.83670 -18.07330
 62.83920 -18.03720
 62.81850 -17.98080
 62.84250 -17.92750
 62.92580 -17.86740
 62.96220 -17.84330
 62.99460 -17.82430
 62.99270 -17.70060
 62.97280 -17.73060
 62.95870 -17.76210
 62.95060 -17.79360
 62.93330 -17.83470
 62.88360 -17.88190
 62.73060 -17.99470
 62.69900 -18.00460
 62.65490 -17.99390
 62.65650 -17.97180
 62.66970 -17.95170
 62.66240 -17.87920
 62.63440 -17.96640
 62.62500 -18.04010
 62.59530 -18.04640
 62.55530 -17.97810
 62.48560 -17.83940
 62.48250 -17.81860
 62.50120 -17.78180
 62.49890 -17.72360
 62.49190 -17.68940
 62.46800 -17.65830
 62.44430 -17.67390
 62.43460 -17.61250
 62.44330 -17.55500
 62.45440 -17.53360
 62.48170 -17.50920
 62.50640 -17.47470
 62.53360 -17.43000
 62.53620 -17.40530
 62.48780 -17.33080
 62.36030 -17.35970
 62.32680 -17.37390
 62.26550 -17.46530
 62.25850 -17.50250
 62.25020 -17.55220
 62.24720 -17.57700
 62.23940 -17.62390
 62.23170 -17.64890
 62.20940 -17.60000
 62.20240 -17.54650
 62.23070 -17.56240
 62.23080 -17.53760
 62.22990 -17.51470
 62.20260 -17.50900
 62.12510 -17.48330
 62.12890 -17.46080
 62.13720 -17.39610
 62.13970 -17.34810
 62.14610 -17.21140
 62.16140 -17.04220
 62.17330 -16.92560
 62.18000 -16.88970
 62.19970 -16.73500
 62.21690 -16.56310
 62.22830 -16.44610
 62.22780 -16.39750
 62.22610 -16.37560
 62.22690 -16.28360
 62.23360 -16.21310
 62.25860 -15.98060
 62.27530 -15.89610
 62.29780 -15.78690
 62.31420 -15.71280
 62.32330 -15.65640
 62.32690 -15.58460
 62.32000 -15.48440
 62.30920 -15.45080
 62.29170 -15.41530
 62.27560 -15.37720
 62.26030 -15.33810
 62.25550 -15.32400
 62.26420 -15.30530
 62.27190 -15.27690
 62.27140 -15.23220
 62.26550 -15.21110
 62.24610 -15.16220
 62.23830 -15.14110
 62.26890 -15.02360
 62.29330 -14.93330
 62.38780 -14.78830
 62.41890 -14.78440
 62.54420 -14.79110
 62.56470 -14.86330
 62.57420 -14.97920
 62.57440 -15.01420
 62.56790 -15.05120
 62.55550 -15.08250
 62.54470 -15.12750
 62.54830 -15.15000
 62.56610 -15.20000
 62.58550 -15.30940
 62.59080 -15.39280
 62.59280 -15.41390
 62.62670 -15.68580
 62.63500 -15.74140
 62.65250 -15.81000
 62.69220 -15.99720
 62.69140 -16.02690
 62.68690 -16.05220
 62.67500 -16.08670
 62.66970 -16.11940
 62.66830 -16.14390
 62.67000 -16.16860
 62.68670 -16.33580
 62.70920 -16.41010
 62.74390 -16.43610
 62.77710 -16.47430
 62.84970 -16.59890
 62.88140 -16.66060
 62.90550 -16.71690
 62.91580 -16.78810
 62.91750 -16.85500
 62.91970 -16.88810
 62.92470 -16.94640
 62.93610 -17.00470
 63.07670 -16.74530
 63.13940 -16.62640
 63.16360 -16.57940
 63.19440 -16.51250
 63.25500 -16.34500
 63.27080 -16.29610
 63.28670 -16.25390
 63.32310 -16.15830
 63.33970 -16.11720
 63.48530 -15.96190
 63.53890 -15.93900
 63.55970 -15.91500
 63.58030 -15.88360
 63.59030 -15.86390
 63.60310 -15.83250
 63.61470 -15.80780
 63.63640 -15.79640
 63.64720 -15.84890
 63.65110 -15.87220
 63.65780 -15.92530
 63.66580 -16.06420
 63.66780 -16.13390
 63.66220 -16.21310
 63.66750 -16.28610
 63.70390 -16.45310
 63.71470 -16.55390
 63.72440 -16.57580
 63.77030 -16.57000
 63.80120 -16.56490
 63.84060 -16.58190
 63.88070 -16.60930
 63.91920 -16.65000
 63.94080 -16.67970
 63.97870 -16.74190
 63.93750 -16.83280
 63.93080 -16.85580
 63.92330 -16.97860
 63.90920 -17.13220
 63.89890 -17.23920
 63.89440 -17.29640
 63.88220 -17.47970
 63.87580 -17.63750
 63.87170 -17.80360
 63.89780 -17.95780
 63.97280 -18.32110
 63.98190 -18.38170
 63.98390 -18.41580
 63.97620 -18.44580
 63.95680 -18.46330
 63.93360 -18.44830
 63.91680 -18.43470
 63.88490 -18.44190
 63.84440 -18.47530
 63.83060 -18.50420
 63.82500 -18.52440
 63.82110 -18.54500
 63.77420 -18.81190
 63.77030 -18.84190
 63.77000 -18.86220
 63.77640 -18.89750
 63.75720 -18.93940
 63.62810 -19.13560
 63.49370 -19.29470
 63.46360 -19.30920
 63.45740 -19.28900
 63.41430 -19.27670
 63.32750 -19.23060
 63.31280 -19.14930
 63.24120 -19.04720
 63.21740 -19.05470
 63.21420 -19.08530
 63.21100 -19.10940
 63.17690 -19.06250
 63.17540 -19.04190
 63.22110 -18.96610
 63.27320 -18.89670
 63.24750 -18.80660
 63.23410 -18.84720
 63.22710 -18.88390
 63.20850 -18.91170
 63.19170 -18.89750
 63.16240 -18.78030
 63.18650 -18.75620
 63.19830 -18.78520
 63.20610 -18.72960
 63.17010 -18.73740
 63.14050 -18.64720
 63.11750 -18.56690
 63.05170 -18.38220
 62.99720 -18.28920
 62.98810 -18.34670
 62.99140 -18.36720
 62.99330 -18.39620
 62.98510 -18.53240
 62.98050 -18.55720
 62.96180 -18.57520
 62.86040 -18.47040
 62.77740 -18.20400
 62.76580 -18.12610
2553 10 62.36305 62.47180 -17.54250 -17.37076 'Vasternorrlands (Sweden)'
 62.36310 -17.48470
 62.36530 -17.45670
 62.36750 -17.44420
 62.37800 -17.41610
 62.47180 -17.37080
 62.46000 -17.46760
 62.41440 -17.51440
 62.36610 -17.54250
 62.36330 -17.50920
 62.36310 -17.48470
2554 229 63.43055 66.32138 -21.58500 -14.29644 'Vasterbottens (Sweden)'
 63.46360 -19.30920
 63.49370 -19.29470
 63.62810 -19.13560
 63.75720 -18.93940
 63.77640 -18.89750
 63.77000 -18.86220
 63.77030 -18.84190
 63.77420 -18.81190
 63.82110 -18.54500
 63.82500 -18.52440
 63.83060 -18.50420
 63.84440 -18.47530
 63.88490 -18.44190
 63.91680 -18.43470
 63.93360 -18.44830
 63.95680 -18.46330
 63.97620 -18.44580
 63.98390 -18.41580
 63.98190 -18.38170
 63.97280 -18.32110
 63.89780 -17.95780
 63.87170 -17.80360
 63.87580 -17.63750
 63.88220 -17.47970
 63.89440 -17.29640
 63.89890 -17.23920
 63.90920 -17.13220
 63.92330 -16.97860
 63.93080 -16.85580
 63.93750 -16.83280
 63.97870 -16.74190
 63.99940 -16.70810
 64.05470 -16.60190
 64.09750 -16.51640
 64.24420 -16.21890
 64.24580 -16.18500
 64.23970 -16.11720
 64.23530 -16.09060
 64.23360 -16.04690
 64.24420 -16.02140
 64.29690 -16.00970
 64.31580 -15.99500
 64.34140 -15.90780
 64.36720 -15.82030
 64.43670 -15.60420
 64.48330 -15.56190
 64.50500 -15.54860
 64.51830 -15.53280
 64.54250 -15.49670
 64.56440 -15.44500
 64.57220 -15.42000
 64.63250 -15.33500
 64.65530 -15.31640
 64.71280 -15.17670
 64.72030 -15.15560
 64.73670 -15.07220
 64.74790 -15.04530
 64.77190 -15.02030
 64.79280 -15.01190
 64.80750 -14.99190
 64.92530 -14.74470
 64.97720 -14.60780
 64.99440 -14.54720
 65.07530 -14.35280
 65.10210 -14.29640
 65.11520 -14.30880
 65.13000 -14.31940
 65.14970 -14.32920
 65.20860 -14.35610
 65.24670 -14.36890
 65.31360 -14.49310
 65.36760 -14.49400
 65.44640 -14.49530
 65.51610 -14.49720
 65.58580 -14.50060
 65.70100 -14.53470
 65.73640 -14.56530
 65.75690 -14.58810
 65.77330 -14.60390
 65.79720 -14.62140
 65.82180 -14.63320
 65.87640 -14.60890
 65.93110 -14.58030
 65.94940 -14.56940
 66.01640 -14.53760
 66.07890 -14.51920
 66.12360 -14.50710
 66.14050 -14.71780
 66.14920 -14.98140
 66.15000 -15.02530
 66.28390 -15.46810
 66.32140 -15.44690
 66.30890 -15.52220
 66.28000 -15.68970
 66.26750 -15.75170
 66.15050 -16.14750
 66.09830 -16.32080
 66.07830 -16.38220
 66.04940 -16.46220
 66.03610 -16.63890
 66.03220 -16.68030
 66.02080 -16.77500
 66.00800 -16.82310
 65.98440 -16.89610
 65.95780 -16.96720
 65.91860 -17.04970
 65.86250 -17.18190
 65.79940 -17.33360
 65.75560 -17.43000
 65.69080 -17.55440
 65.66550 -17.61030
 65.63330 -17.68170
 65.59080 -17.92140
 65.57170 -18.09530
 65.57550 -18.12780
 65.57440 -18.15720
 65.57240 -18.18250
 65.54680 -18.22470
 65.51610 -18.27250
 65.44570 -18.52270
 65.44030 -18.55590
 65.43530 -18.60470
 65.39920 -18.76050
 65.38720 -18.78060
 65.37590 -18.81310
 65.35370 -18.89650
 65.32470 -19.00850
 65.29620 -19.12760
 65.28400 -19.16770
 65.26090 -19.22500
 65.24570 -19.24220
 65.21410 -19.24630
 65.13600 -19.40090
 65.13550 -19.46610
 65.14080 -19.49030
 65.16640 -19.57250
 65.17670 -19.59080
 65.18920 -19.61030
 65.20330 -19.62560
 65.22140 -19.64940
 65.25220 -19.69810
 65.30280 -19.78280
 65.35690 -19.87860
 65.36970 -19.90530
 65.36720 -19.95140
 65.35800 -20.00110
 65.32140 -20.18560
 65.27530 -20.39670
 65.25250 -20.49830
 65.23750 -20.57280
 65.19030 -20.82190
 65.18030 -20.88080
 65.17000 -20.99920
 65.16780 -21.03640
 65.16220 -21.14060
 65.15580 -21.24310
 65.12140 -21.35830
 65.05870 -21.53370
 65.05980 -21.48600
 65.04030 -21.47160
 65.00720 -21.46670
 64.97560 -21.37330
 64.95440 -21.30080
 64.94860 -21.24940
 64.88900 -21.20600
 64.86250 -21.20890
 64.83000 -21.18310
 64.81850 -21.12720
 64.82700 -21.09590
 64.85340 -21.07560
 64.84480 -21.04220
 64.82380 -21.03940
 64.78300 -21.09420
 64.77550 -21.12990
 64.77550 -21.15940
 64.78240 -21.22220
 64.77750 -21.25830
 64.76170 -21.30340
 64.66290 -21.29740
 64.66830 -21.27350
 64.68530 -21.23890
 64.72360 -21.15280
 64.72500 -21.12900
 64.71980 -21.10470
 64.68440 -21.11920
 64.61530 -21.27140
 64.59910 -21.36470
 64.57550 -21.46530
 64.53250 -21.55420
 64.43970 -21.58500
 64.36110 -21.45810
 64.33530 -21.39060
 64.30850 -21.31780
 64.29690 -21.27230
 64.30720 -21.24780
 64.14270 -20.96370
 64.04940 -20.90500
 64.00250 -20.89560
 63.88640 -20.79390
 63.86710 -20.77400
 63.84810 -20.72860
 63.81330 -20.63830
 63.79920 -20.53500
 63.82060 -20.50250
 63.75830 -20.44780
 63.69440 -20.41570
 63.67410 -20.38080
 63.66000 -20.31670
 63.64640 -20.29860
 63.66580 -20.26390
 63.65580 -20.10000
 63.63580 -20.01190
 63.60780 -19.89620
 63.53330 -19.77530
 63.50570 -19.75330
 63.46000 -19.77590
 63.43190 -19.70500
 63.43060 -19.67560
 63.44460 -19.63850
 63.46710 -19.64150
 63.49470 -19.61640
 63.54940 -19.50170
 63.56000 -19.46690
 63.54630 -19.42580
 63.45300 -19.47360
 63.44030 -19.44720
 63.43510 -19.35870
 63.45120 -19.31560
 63.46360 -19.30920
2558 51 56.91000 57.92194 -19.03334 -18.11014 'Gotlands (Sweden)'
 57.89890 -19.00390
 57.82690 -19.03330
 57.73970 -18.92940
 57.72110 -18.84890
 57.70360 -18.80920
 57.65920 -18.79330
 57.50800 -18.75970
 57.46970 -18.76870
 57.44830 -18.78830
 57.24430 -18.71320
 57.22080 -18.65810
 57.18280 -18.55190
 57.16740 -18.50650
 57.15490 -18.44750
 57.14420 -18.41720
 57.13080 -18.39310
 57.07550 -18.34290
 57.01350 -18.34030
 56.93610 -18.29870
 56.91250 -18.21080
 56.91000 -18.16890
 56.91480 -18.14460
 56.94170 -18.15830
 56.98920 -18.20920
 57.03220 -18.25670
 57.07920 -18.25440
 57.14190 -18.17330
 57.23530 -18.14830
 57.31580 -18.15810
 57.40940 -18.14250
 57.48080 -18.11530
 57.50460 -18.11010
 57.52530 -18.11530
 57.55110 -18.13860
 57.59220 -18.18530
 57.60860 -18.21990
 57.61920 -18.24570
 57.63420 -18.27610
 57.64580 -18.29470
 57.68170 -18.33890
 57.69580 -18.35580
 57.71860 -18.38190
 57.73860 -18.40170
 57.76030 -18.41970
 57.81030 -18.46650
 57.91490 -18.68600
 57.92190 -18.72060
 57.91970 -18.88190
 57.91790 -18.90830
 57.90610 -19.00540
 57.89890 -19.00390
2559 19 57.83972 57.97666 -19.33424 -19.03527 'Gotlands (Sweden)'
 57.83970 -19.12610
 57.85190 -19.09330
 57.86040 -19.07540
 57.89870 -19.03600
 57.91560 -19.03530
 57.97190 -19.09240
 57.97530 -19.10470
 57.97670 -19.28580
 57.97670 -19.29640
 57.97440 -19.30750
 57.95940 -19.33420
 57.93890 -19.28210
 57.94680 -19.27120
 57.94940 -19.25670
 57.94690 -19.23810
 57.92820 -19.16670
 57.91610 -19.14830
 57.90470 -19.14080
 57.83970 -19.12610
2560 75 59.33445 60.15305 -19.07965 -17.73966 'Stockholms (Sweden)'
 60.15270 -18.50740
 60.15310 -18.53170
 60.14500 -18.63280
 60.12810 -18.71140
 60.11080 -18.77670
 60.09640 -18.81640
 60.07550 -18.81720
 59.95810 -18.89000
 59.93790 -18.90740
 59.92470 -18.92970
 59.92030 -18.95700
 59.91280 -19.00720
 59.89920 -19.04560
 59.88970 -19.07060
 59.83250 -19.06540
 59.82870 -19.03320
 59.86560 -18.96920
 59.87000 -18.93610
 59.79800 -18.86470
 59.78360 -18.93470
 59.78360 -18.96860
 59.76740 -19.07970
 59.73820 -19.07260
 59.72000 -19.03220
 59.71670 -18.98570
 59.72000 -18.95360
 59.71250 -18.84140
 59.68920 -18.74560
 59.67140 -18.71720
 59.64410 -18.69980
 59.64210 -18.73690
 59.59140 -18.66640
 59.58060 -18.64560
 59.46690 -18.37330
 59.47360 -18.31720
 59.47580 -18.27510
 59.44640 -18.25940
 59.41230 -18.28660
 59.39790 -18.32830
 59.41080 -18.16560
 59.42460 -18.19170
 59.45010 -18.19510
 59.45390 -18.12000
 59.43460 -18.08720
 59.39140 -18.05720
 59.36720 -18.08890
 59.33440 -18.09140
 59.34500 -18.00740
 59.33650 -17.93210
 59.34390 -17.89780
 59.35610 -17.85920
 59.36500 -17.83280
 59.37440 -17.80870
 59.38920 -17.78280
 59.41490 -17.75970
 59.49340 -17.78470
 59.51820 -17.80920
 59.53070 -17.84350
 59.58650 -17.81770
 59.61830 -17.75650
 59.66400 -17.73970
 59.66560 -17.75440
 59.68920 -17.89690
 59.69920 -17.94030
 59.70470 -17.96060
 59.74010 -18.08110
 59.78140 -18.11610
 59.79560 -18.15470
 59.83530 -18.29060
 59.84640 -18.33110
 59.85080 -18.35610
 59.86500 -18.37330
 59.99250 -18.44810
 60.13810 -18.50810
 60.15270 -18.50740
2561 71 58.85889 59.43527 -18.64315 -17.24458 'Stockholms (Sweden)'
 58.85890 -17.89470
 58.94310 -17.78940
 59.01830 -17.75670
 59.09670 -17.76890
 59.12080 -17.76470
 59.16740 -17.66620
 59.07440 -17.62420
 59.02910 -17.61600
 58.97470 -17.61360
 58.95050 -17.57830
 58.98110 -17.54940
 58.98280 -17.52640
 58.97740 -17.44620
 58.97640 -17.40890
 58.98030 -17.37690
 59.01220 -17.32440
 59.03830 -17.30560
 59.21010 -17.24460
 59.25640 -17.28190
 59.25900 -17.28690
 59.25720 -17.29190
 59.24810 -17.37060
 59.25210 -17.39200
 59.27100 -17.37180
 59.29210 -17.35690
 59.32150 -17.35290
 59.31220 -17.41310
 59.30470 -17.44280
 59.29640 -17.47080
 59.28220 -17.58580
 59.26940 -17.74030
 59.26440 -17.84720
 59.29720 -17.90810
 59.31830 -17.94400
 59.33240 -17.98350
 59.33310 -17.99650
 59.32100 -18.02150
 59.31640 -18.05250
 59.31670 -18.07470
 59.31810 -18.13360
 59.32940 -18.20690
 59.35080 -18.24650
 59.36610 -18.27850
 59.37330 -18.34860
 59.36760 -18.39790
 59.34710 -18.43930
 59.33110 -18.45470
 59.33770 -18.47440
 59.36560 -18.46860
 59.39420 -18.45030
 59.42800 -18.43050
 59.43530 -18.47720
 59.43050 -18.49830
 59.41930 -18.52640
 59.37000 -18.61030
 59.32190 -18.64320
 59.30170 -18.59310
 59.29580 -18.52220
 59.30220 -18.38320
 59.30730 -18.34650
 59.32290 -18.33050
 59.31080 -18.27720
 59.26860 -18.26940
 59.21970 -18.31000
 59.13250 -18.31140
 59.11780 -18.22580
 59.09080 -18.14030
 59.04190 -18.02140
 58.90480 -17.89400
 58.87420 -17.89190
 58.85890 -17.89470
2562 14 59.44485 59.63943 -17.78583 -17.52266 'Stockholms (Sweden)'
 59.59970 -17.52820
 59.61750 -17.54570
 59.63940 -17.58970
 59.60750 -17.69420
 59.59060 -17.74220
 59.57680 -17.76240
 59.53260 -17.78580
 59.44490 -17.73140
 59.49010 -17.54790
 59.50750 -17.52270
 59.53700 -17.54610
 59.54060 -17.57460
 59.57300 -17.54320
 59.59970 -17.52820
2563 15 59.30861 59.42611 -17.78805 -17.60805 'Stockholms (Sweden)'
 59.30860 -17.77780
 59.30940 -17.75440
 59.31610 -17.72170
 59.32800 -17.68690
 59.33470 -17.67190
 59.34300 -17.66190
 59.39780 -17.61750
 59.41920 -17.60810
 59.42530 -17.62320
 59.42610 -17.63890
 59.42420 -17.65060
 59.39150 -17.74080
 59.37040 -17.77560
 59.31460 -17.78810
 59.30860 -17.77780
2564 10 59.62285 59.68527 -17.72069 -17.60396 'Stockholms (Sweden)'
 59.68210 -17.65330
 59.68530 -17.66080
 59.66940 -17.71060
 59.65860 -17.72070
 59.62280 -17.71830
 59.63750 -17.64250
 59.65060 -17.60400
 59.66220 -17.62810
 59.66600 -17.64530
 59.68210 -17.65330
2565 124 59.46916 60.64333 -18.59962 -16.72222 'Uppsala (Sweden)'
 60.15270 -18.50740
 60.13810 -18.50810
 59.99250 -18.44810
 59.86500 -18.37330
 59.85080 -18.35610
 59.84640 -18.33110
 59.83530 -18.29060
 59.79560 -18.15470
 59.78140 -18.11610
 59.74010 -18.08110
 59.70470 -17.96060
 59.69920 -17.94030
 59.68920 -17.89690
 59.66560 -17.75440
 59.66400 -17.73970
 59.69600 -17.72110
 59.67740 -17.70680
 59.66940 -17.71060
 59.68530 -17.66080
 59.68210 -17.65330
 59.71800 -17.65420
 59.78650 -17.62970
 59.80310 -17.59100
 59.77800 -17.58100
 59.74820 -17.53850
 59.74500 -17.51390
 59.73550 -17.44810
 59.67610 -17.44470
 59.57850 -17.52370
 59.57300 -17.54320
 59.54060 -17.57460
 59.53700 -17.54610
 59.54110 -17.49530
 59.55870 -17.44280
 59.61190 -17.37300
 59.65240 -17.38280
 59.61440 -17.34870
 59.58310 -17.37080
 59.54960 -17.40550
 59.48850 -17.41900
 59.46920 -17.40440
 59.48810 -17.32560
 59.50620 -17.25860
 59.53860 -17.18530
 59.54780 -17.11720
 59.54150 -17.06500
 59.53680 -17.02530
 59.54490 -16.94470
 59.58470 -16.86500
 59.68390 -16.83060
 59.73500 -16.77890
 59.74390 -16.75190
 59.76620 -16.72220
 59.78810 -16.73530
 59.83810 -16.78750
 59.85110 -16.84560
 59.86010 -16.93830
 59.83040 -17.01070
 59.84860 -17.05970
 59.86860 -17.08360
 59.89000 -17.09920
 59.94500 -17.10030
 60.00420 -17.18860
 60.03550 -17.27500
 60.05530 -17.30190
 60.11690 -17.32330
 60.22030 -17.34860
 60.22810 -17.32470
 60.24330 -17.25780
 60.25440 -17.23810
 60.29000 -17.19110
 60.29590 -17.18460
 60.30570 -17.18190
 60.33500 -17.19200
 60.35900 -17.19570
 60.38780 -17.17530
 60.40520 -17.19890
 60.42140 -17.22330
 60.43010 -17.24650
 60.43660 -17.27430
 60.45110 -17.28990
 60.48360 -17.30500
 60.56750 -17.34710
 60.59670 -17.36110
 60.61900 -17.37710
 60.63040 -17.40180
 60.64310 -17.52060
 60.64330 -17.55530
 60.64000 -17.57830
 60.63220 -17.60920
 60.61860 -17.63580
 60.60100 -17.65060
 60.58100 -17.60590
 60.55350 -17.60870
 60.52040 -17.63210
 60.50540 -17.65790
 60.49740 -17.68790
 60.49830 -17.73350
 60.53670 -17.72840
 60.57110 -17.77310
 60.59000 -17.84250
 60.59740 -17.88580
 60.59810 -17.93720
 60.59210 -17.96100
 60.55890 -17.99330
 60.45300 -18.10000
 60.34300 -18.21420
 60.32900 -18.23960
 60.34530 -18.27020
 60.35390 -18.31390
 60.34000 -18.43780
 60.29940 -18.46580
 60.25000 -18.57420
 60.23560 -18.59960
 60.22440 -18.55690
 60.22690 -18.53110
 60.23500 -18.47080
 60.24300 -18.44090
 60.27050 -18.38150
 60.29080 -18.35420
 60.30820 -18.31710
 60.20810 -18.39610
 60.18720 -18.42170
 60.15270 -18.50740
2566 15 60.30527 60.50472 -18.57139 -18.37292 'Uppsala (Sweden)'
 60.30530 -18.56170
 60.30610 -18.54920
 60.31750 -18.51690
 60.36530 -18.40110
 60.37720 -18.39330
 60.41640 -18.38190
 60.49690 -18.37290
 60.50470 -18.38530
 60.49970 -18.40890
 60.48670 -18.42250
 60.42750 -18.45610
 60.34810 -18.50720
 60.34250 -18.53720
 60.31060 -18.57140
 60.30530 -18.56170
2567 12 59.59972 59.73694 -17.61611 -17.51014 'Uppsala (Sweden)'
 59.63940 -17.58970
 59.61750 -17.54570
 59.59970 -17.52820
 59.61140 -17.52170
 59.64650 -17.51440
 59.69670 -17.51010
 59.73220 -17.53750
 59.73690 -17.58890
 59.73240 -17.61260
 59.69550 -17.61610
 59.66840 -17.56120
 59.63940 -17.58970
2568 4 59.65063 59.66222 -17.62805 -17.59756 'Uppsala (Sweden)'
 59.66220 -17.62810
 59.65060 -17.60400
 59.65860 -17.59760
 59.66220 -17.62810
2604 61 56.00027 56.48944 -16.05472 -14.38201 'Blekinge (Sweden)'
 56.44730 -14.50870
 56.43120 -14.60060
 56.41420 -14.63530
 56.39170 -14.66360
 56.37360 -14.69000
 56.36640 -14.83000
 56.36610 -14.88080
 56.36860 -14.91890
 56.38500 -14.95000
 56.42110 -15.00250
 56.44030 -15.07810
 56.44220 -15.20420
 56.45080 -15.28440
 56.46060 -15.32400
 56.48060 -15.35810
 56.48530 -15.36640
 56.48940 -15.50610
 56.48830 -15.55250
 56.40750 -15.69390
 56.35330 -15.76530
 56.33500 -15.78690
 56.32390 -15.81250
 56.31470 -15.85030
 56.30670 -15.95860
 56.31360 -16.05470
 56.26890 -16.04330
 56.21310 -16.00350
 56.09220 -15.86560
 56.11190 -15.78860
 56.14780 -15.77580
 56.17890 -15.65890
 56.19470 -15.59810
 56.13810 -15.37530
 56.15110 -15.22580
 56.16000 -15.08890
 56.16140 -14.84810
 56.16170 -14.71720
 56.15820 -14.69260
 56.12320 -14.68250
 56.10100 -14.71240
 56.05970 -14.75080
 56.03330 -14.76720
 56.01080 -14.73830
 56.00030 -14.72000
 56.00750 -14.63530
 56.02940 -14.62080
 56.05190 -14.60360
 56.05620 -14.55510
 56.05110 -14.54140
 56.06610 -14.56220
 56.08620 -14.57250
 56.13000 -14.57440
 56.16560 -14.56690
 56.19820 -14.55470
 56.21390 -14.53140
 56.21440 -14.46470
 56.20870 -14.43290
 56.30220 -14.38200
 56.36140 -14.41500
 56.39440 -14.44280
 56.44730 -14.50870
2618 108 55.38615 56.51180 -14.57445 -12.62430 'Kristianstads (Sweden)'
 56.22280 -12.71870
 56.22590 -12.79920
 56.25340 -12.83040
 56.35670 -12.73400
 56.38000 -12.67000
 56.39190 -12.63260
 56.41830 -12.62430
 56.43920 -12.63440
 56.46500 -12.67620
 56.46680 -12.73140
 56.44790 -12.79440
 56.43970 -12.83280
 56.43990 -12.85260
 56.43310 -12.88670
 56.41220 -12.94660
 56.38530 -12.94940
 56.35180 -12.95140
 56.34000 -12.97610
 56.33720 -13.00190
 56.33110 -13.14750
 56.34750 -13.25000
 56.36030 -13.27470
 56.40220 -13.42440
 56.40830 -13.45280
 56.40030 -13.49470
 56.39640 -13.54190
 56.39870 -13.57400
 56.44030 -13.87860
 56.45280 -13.95560
 56.45780 -13.97670
 56.47560 -14.01970
 56.49620 -14.03060
 56.51180 -14.06600
 56.48500 -14.28360
 56.47000 -14.39190
 56.44830 -14.50500
 56.44730 -14.50870
 56.39440 -14.44280
 56.36140 -14.41500
 56.30220 -14.38200
 56.20870 -14.43290
 56.21440 -14.46470
 56.21390 -14.53140
 56.19820 -14.55470
 56.16560 -14.56690
 56.13000 -14.57440
 56.08620 -14.57250
 56.06610 -14.56220
 56.05110 -14.54140
 56.03750 -14.51170
 55.95890 -14.36940
 55.93690 -14.33030
 55.88610 -14.26360
 55.85930 -14.23870
 55.83030 -14.21720
 55.80440 -14.20470
 55.77320 -14.19500
 55.72870 -14.19260
 55.70080 -14.21060
 55.64720 -14.27690
 55.57860 -14.34140
 55.54280 -14.36590
 55.50110 -14.33670
 55.48670 -14.31250
 55.38610 -14.19350
 55.39970 -14.16470
 55.41420 -14.14250
 55.42830 -14.12680
 55.45110 -14.10310
 55.45920 -14.00000
 55.44740 -13.97500
 55.47250 -13.91860
 55.51280 -13.87080
 55.53510 -13.85900
 55.55830 -13.87080
 55.56690 -13.89810
 55.58250 -13.92290
 55.63260 -13.96180
 55.67560 -13.92420
 55.70350 -13.90540
 55.78500 -13.90970
 55.85610 -13.89360
 55.88440 -13.88190
 55.89320 -13.85470
 55.88780 -13.82220
 55.87750 -13.78570
 55.93420 -13.69390
 55.98310 -13.65330
 56.00460 -13.64310
 56.06890 -13.53250
 56.06810 -13.51110
 56.03940 -13.46720
 56.02430 -13.45400
 55.98860 -13.41170
 55.98250 -13.38330
 55.98280 -13.36080
 56.00780 -13.17810
 56.02440 -13.15010
 56.04580 -13.12860
 56.05330 -13.10780
 56.06360 -13.06750
 56.09530 -12.93650
 56.09940 -12.88890
 56.09500 -12.86190
 56.08440 -12.84310
 56.09420 -12.82420
 56.16500 -12.73390
 56.22280 -12.71870
2619 78 55.33916 56.29666 -14.19355 -12.46007 'Malmohus (Sweden)'
 56.22280 -12.71870
 56.16500 -12.73390
 56.09420 -12.82420
 56.08440 -12.84310
 56.09500 -12.86190
 56.09940 -12.88890
 56.09530 -12.93650
 56.06360 -13.06750
 56.05330 -13.10780
 56.04580 -13.12860
 56.02440 -13.15010
 56.00780 -13.17810
 55.98280 -13.36080
 55.98250 -13.38330
 55.98860 -13.41170
 56.02430 -13.45400
 56.03940 -13.46720
 56.06810 -13.51110
 56.06890 -13.53250
 56.00460 -13.64310
 55.98310 -13.65330
 55.93420 -13.69390
 55.87750 -13.78570
 55.88780 -13.82220
 55.89320 -13.85470
 55.88440 -13.88190
 55.85610 -13.89360
 55.78500 -13.90970
 55.70350 -13.90540
 55.67560 -13.92420
 55.63260 -13.96180
 55.58250 -13.92290
 55.56690 -13.89810
 55.55830 -13.87080
 55.53510 -13.85900
 55.51280 -13.87080
 55.47250 -13.91860
 55.44740 -13.97500
 55.45920 -14.00000
 55.45110 -14.10310
 55.42830 -14.12680
 55.41420 -14.14250
 55.39970 -14.16470
 55.38610 -14.19350
 55.38030 -14.16310
 55.37940 -14.12250
 55.38610 -14.05890
 55.38940 -14.03750
 55.40580 -14.00470
 55.42110 -13.96940
 55.43140 -13.93580
 55.43390 -13.91190
 55.43360 -13.89140
 55.42560 -13.73060
 55.42420 -13.71030
 55.41670 -13.63690
 55.38220 -13.49780
 55.37360 -13.46580
 55.35460 -13.42400
 55.34000 -13.37560
 55.33920 -13.34470
 55.34140 -13.29540
 55.40060 -12.98220
 55.54590 -12.91670
 55.57240 -12.92120
 55.59110 -12.96030
 55.59920 -12.98190
 55.62690 -13.03870
 55.68080 -13.06110
 55.82310 -12.92810
 55.83810 -12.91280
 56.06190 -12.68140
 56.07860 -12.66360
 56.10800 -12.62060
 56.14170 -12.58110
 56.29670 -12.46010
 56.25610 -12.63720
 56.22280 -12.71870
