3535 108 38.02110 39.16610 -127.01845 -125.57515 'Hwanghae-bukto (North Korea)'
 38.62450 -125.65300
 38.62940 -125.65200
 38.65490 -125.63300
 38.65690 -125.63000
 38.65780 -125.63100
 38.71710 -125.61900
 38.78040 -125.57500
 38.78760 -125.60300
 38.80330 -125.63300
 38.82470 -125.66400
 38.83430 -125.68700
 38.83920 -125.71000
 38.84170 -125.73600
 38.84110 -125.77000
 38.83670 -125.81200
 38.80300 -125.89900
 38.79470 -125.91800
 38.78080 -125.93300
 38.73720 -125.96900
 38.70940 -126.02600
 38.70470 -126.06400
 38.71050 -126.10600
 38.76990 -126.21200
 38.81640 -126.21900
 38.83570 -126.21200
 38.87780 -126.17400
 38.89580 -126.13600
 38.91730 -126.11800
 38.97010 -126.12700
 38.99280 -126.18700
 38.98500 -126.23800
 38.94390 -126.35900
 38.93050 -126.38700
 38.92440 -126.39700
 38.90880 -126.47600
 38.97760 -126.65500
 39.05190 -126.61900
 39.07220 -126.59200
 39.11740 -126.56200
 39.13710 -126.55800
 39.16610 -126.57000
 39.14690 -126.73000
 39.11640 -126.81700
 39.10690 -126.83900
 39.09050 -126.86600
 39.07280 -126.89100
 39.06160 -126.91800
 39.06470 -126.97200
 39.06920 -126.98200
 39.04780 -126.97700
 39.00370 -127.00500
 38.97110 -127.01800
 38.94750 -127.01100
 38.91580 -126.98100
 38.90780 -126.95900
 38.90300 -126.90500
 38.88050 -126.87600
 38.85860 -126.87100
 38.82970 -126.87700
 38.78750 -126.87200
 38.76430 -126.85800
 38.67580 -126.79100
 38.65850 -126.76300
 38.65170 -126.74100
 38.63560 -126.68800
 38.61570 -126.67800
 38.49360 -126.70200
 38.46830 -126.71100
 38.42540 -126.73600
 38.35320 -126.78800
 38.32470 -126.84000
 38.33850 -126.87200
 38.33130 -126.89100
 38.27040 -126.88500
 38.22650 -126.87400
 38.21050 -126.84900
 38.20250 -126.83100
 38.19920 -126.81100
 38.19930 -126.77700
 38.20400 -126.75000
 38.21550 -126.72100
 38.21460 -126.62000
 38.18810 -126.61400
 38.10720 -126.58900
 38.02510 -126.46400
 38.02110 -126.41500
 38.02270 -126.39000
 38.03500 -126.40200
 38.12550 -126.44000
 38.17540 -126.41900
 38.19650 -126.39700
 38.23300 -126.30400
 38.24010 -126.27900
 38.24030 -126.24700
 38.23420 -126.21100
 38.17750 -126.06900
 38.16930 -125.96400
 38.17170 -125.93200
 38.18980 -125.91800
 38.23640 -125.90600
 38.32010 -125.83000
 38.31580 -125.77400
 38.32690 -125.75300
 38.42290 -125.69800
 38.45720 -125.69600
 38.51580 -125.68200
 38.62030 -125.65500
 38.62450 -125.65300
3536 109 37.67138 38.70055 -126.44018 -124.67005 'Hwanghae-namdo (North Korea)'
 37.67140 -125.34300
 37.68030 -125.33700
 37.71610 -125.33300
 37.79240 -125.38400
 37.81920 -125.44400
 37.83750 -125.48700
 37.88550 -125.51000
 37.91250 -125.45600
 37.90670 -125.42600
 37.89610 -125.38800
 37.86170 -125.35300
 37.88640 -125.30900
 37.92710 -125.24000
 37.88880 -125.21900
 37.86420 -125.17600
 37.86800 -125.13200
 37.87720 -125.08700
 37.89550 -125.02200
 37.93330 -124.98300
 38.04250 -125.11700
 38.04640 -125.18500
 38.04300 -125.20600
 38.02620 -125.21900
 38.01400 -125.24200
 38.06370 -125.27400
 38.07730 -125.25700
 38.09110 -125.13300
 38.08690 -125.10700
 38.07940 -125.08300
 38.07010 -125.06100
 38.06290 -125.02200
 38.10290 -124.86500
 38.09530 -124.78900
 38.09670 -124.76700
 38.11950 -124.67000
 38.13960 -124.67600
 38.13920 -124.72200
 38.14390 -124.74400
 38.18890 -124.82100
 38.22920 -124.86200
 38.26080 -124.86800
 38.33250 -124.86600
 38.46330 -124.95800
 38.58640 -124.99300
 38.58070 -125.05500
 38.64470 -125.15700
 38.65170 -125.30900
 38.67030 -125.34600
 38.69180 -125.37700
 38.70050 -125.44700
 38.67420 -125.55400
 38.64890 -125.57600
 38.63680 -125.59200
 38.62420 -125.62600
 38.62210 -125.64900
 38.62450 -125.65300
 38.62030 -125.65500
 38.51580 -125.68200
 38.45720 -125.69600
 38.42290 -125.69800
 38.32690 -125.75300
 38.31580 -125.77400
 38.32010 -125.83000
 38.23640 -125.90600
 38.18980 -125.91800
 38.17170 -125.93200
 38.16930 -125.96400
 38.17750 -126.06900
 38.23420 -126.21100
 38.24030 -126.24700
 38.24010 -126.27900
 38.23300 -126.30400
 38.19650 -126.39700
 38.17540 -126.41900
 38.12550 -126.44000
 38.03500 -126.40200
 38.02270 -126.39000
 37.91780 -126.40900
 37.88600 -126.40000
 37.88720 -126.38900
 37.88050 -126.35300
 37.84540 -126.20800
 37.81830 -126.14400
 37.77970 -126.15900
 37.75760 -126.16100
 37.73440 -126.14900
 37.74120 -126.10500
 37.79470 -126.06600
 37.86360 -126.04300
 37.90570 -125.97000
 37.89010 -125.94300
 37.86910 -125.97200
 37.82920 -125.98500
 37.83590 -125.92000
 37.94110 -125.82400
 37.98530 -125.80400
 38.00260 -125.74800
 38.01690 -125.67200
 38.02610 -125.60500
 38.01710 -125.57700
 37.99180 -125.59200
 37.97870 -125.61300
 37.96650 -125.64600
 37.91080 -125.72400
 37.81890 -125.64300
 37.78230 -125.56500
 37.78440 -125.52100
 37.70870 -125.38100
 37.67140 -125.34300
3537 52 38.70472 39.28235 -126.38805 -125.52284 'P'yongyang-si (North Korea)'
 38.93050 -126.38700
 38.94390 -126.35900
 38.98500 -126.23800
 38.99280 -126.18700
 38.97010 -126.12700
 38.91730 -126.11800
 38.89580 -126.13600
 38.87780 -126.17400
 38.83570 -126.21200
 38.81640 -126.21900
 38.76990 -126.21200
 38.71050 -126.10600
 38.70470 -126.06400
 38.70940 -126.02600
 38.73720 -125.96900
 38.78080 -125.93300
 38.79470 -125.91800
 38.80300 -125.89900
 38.83670 -125.81200
 38.84110 -125.77000
 38.84170 -125.73600
 38.83920 -125.71000
 38.83430 -125.68700
 38.82470 -125.66400
 38.80330 -125.63300
 38.78760 -125.60300
 38.78040 -125.57500
 38.81710 -125.53100
 38.84420 -125.52300
 38.86570 -125.54300
 38.87490 -125.57300
 38.89010 -125.59100
 38.94140 -125.60700
 38.98350 -125.58700
 39.01010 -125.57900
 39.06130 -125.57900
 39.09920 -125.62700
 39.12110 -125.66500
 39.19420 -125.63800
 39.21730 -125.62600
 39.24180 -125.62500
 39.28240 -125.71700
 39.28000 -125.73900
 39.21640 -125.83500
 39.21710 -125.88200
 39.23040 -125.90000
 39.23470 -125.92500
 39.22980 -126.06200
 39.04860 -126.34200
 38.99050 -126.37800
 38.96240 -126.38800
 38.93050 -126.38700
3572 118 40.56562 43.00610 -130.69742 -128.81243 'Hamgyong-bukto (North Korea)'
 41.09890 -128.98900
 41.13780 -129.00600
 41.24500 -129.02100
 41.31580 -129.00300
 41.37540 -128.97100
 41.40470 -128.96500
 41.43500 -128.96300
 41.46430 -128.97400
 41.49400 -129.00900
 41.52390 -129.04600
 41.54170 -129.05700
 41.56430 -129.05300
 41.59030 -129.03700
 41.60690 -129.02400
 41.62390 -129.00100
 41.63110 -128.95500
 41.63860 -128.93400
 41.72750 -128.92900
 41.82540 -128.92200
 41.85170 -128.86600
 41.91670 -128.81200
 41.92920 -128.85800
 42.00440 -128.97900
 42.05170 -129.01500
 42.07470 -129.01900
 42.09420 -129.01400
 42.09500 -129.01700
 42.13940 -129.11400
 42.16810 -129.15200
 42.22130 -129.21100
 42.26580 -129.20900
 42.37580 -129.24600
 42.44620 -129.34900
 42.43280 -129.44500
 42.38690 -129.51500
 42.43580 -129.69600
 42.45250 -129.71700
 42.47540 -129.72800
 42.52220 -129.73300
 42.54750 -129.72600
 42.71390 -129.75300
 42.85360 -129.80700
 42.94250 -129.84700
 42.99180 -129.87800
 43.00460 -129.90500
 43.00610 -129.92900
 42.99540 -129.94800
 42.95800 -130.03400
 42.90670 -130.19300
 42.88790 -130.25100
 42.83170 -130.25000
 42.81170 -130.24300
 42.78620 -130.23600
 42.71420 -130.24700
 42.64180 -130.32800
 42.61750 -130.37700
 42.56810 -130.51400
 42.53720 -130.52200
 42.44300 -130.56700
 42.42710 -130.58600
 42.42190 -130.60400
 42.41140 -130.63300
 42.37530 -130.65900
 42.34000 -130.65300
 42.31810 -130.65500
 42.29220 -130.69700
 42.27990 -130.68200
 42.25460 -130.60000
 42.27890 -130.59600
 42.30510 -130.58000
 42.32390 -130.50000
 42.32460 -130.47300
 42.31190 -130.42100
 42.16780 -130.20800
 42.06970 -130.08800
 41.97990 -129.98400
 41.88390 -129.95000
 41.75670 -129.84700
 41.76100 -129.80900
 41.75600 -129.78200
 41.73050 -129.76100
 41.64570 -129.69800
 41.62570 -129.68900
 41.54970 -129.66400
 41.52820 -129.66100
 41.47960 -129.66700
 41.45830 -129.67700
 41.43580 -129.69600
 41.42170 -129.72200
 41.40720 -129.75300
 41.37740 -129.80400
 41.32580 -129.78800
 41.30030 -129.77000
 41.18050 -129.72000
 41.14280 -129.71600
 41.11220 -129.71400
 41.00390 -129.71900
 40.98010 -129.72300
 40.95890 -129.73900
 40.94190 -129.75200
 40.85990 -129.72700
 40.83070 -129.70200
 40.83360 -129.66400
 40.82720 -129.60200
 40.82120 -129.56500
 40.67930 -129.21500
 40.58550 -129.17100
 40.56560 -129.17100
 40.58920 -129.08900
 40.59990 -129.06100
 40.72220 -128.97900
 40.84100 -128.93300
 40.93030 -128.94000
 40.94710 -128.95200
 40.97170 -128.97900
 41.00580 -129.00000
 41.08100 -128.99600
 41.09890 -128.98900
3573 100 38.15445 39.41305 -128.36355 -126.67845 'Kangwon-do (North Korea)'
 38.15440 -126.95500
 38.20890 -126.88700
 38.22650 -126.87400
 38.27040 -126.88500
 38.33130 -126.89100
 38.33850 -126.87200
 38.32470 -126.84000
 38.35320 -126.78800
 38.42540 -126.73600
 38.46830 -126.71100
 38.49360 -126.70200
 38.61570 -126.67800
 38.63560 -126.68800
 38.65170 -126.74100
 38.65850 -126.76300
 38.67580 -126.79100
 38.76430 -126.85800
 38.78750 -126.87200
 38.82970 -126.87700
 38.85860 -126.87100
 38.88050 -126.87600
 38.90300 -126.90500
 38.90780 -126.95900
 38.91580 -126.98100
 38.94750 -127.01100
 38.97110 -127.01800
 39.00370 -127.00500
 39.04780 -126.97700
 39.06920 -126.98200
 39.11620 -126.99100
 39.13400 -127.01100
 39.15400 -127.06000
 39.17590 -127.05900
 39.19710 -127.03700
 39.20430 -127.02600
 39.29280 -127.09200
 39.34680 -127.10200
 39.38120 -127.10800
 39.40500 -127.13200
 39.41290 -127.15600
 39.41300 -127.23400
 39.41190 -127.37700
 39.41120 -127.41800
 39.40490 -127.43900
 39.39220 -127.41100
 39.37220 -127.37500
 39.23510 -127.37600
 39.19530 -127.40000
 39.16450 -127.44800
 39.14030 -127.54100
 39.12500 -127.64600
 39.08830 -127.78300
 39.04920 -127.81000
 38.98740 -127.85600
 38.96280 -127.88000
 38.85850 -128.01100
 38.85250 -128.03800
 38.84640 -128.06500
 38.83440 -128.09400
 38.81920 -128.12200
 38.80280 -128.13700
 38.73530 -128.20100
 38.73330 -128.22700
 38.73790 -128.26400
 38.72750 -128.29300
 38.70220 -128.33700
 38.67690 -128.36300
 38.62520 -128.36400
 38.58760 -128.30900
 38.56040 -128.30700
 38.52460 -128.31300
 38.48860 -128.30800
 38.45940 -128.29700
 38.43030 -128.28000
 38.41170 -128.26100
 38.39530 -128.24400
 38.38170 -128.22500
 38.36550 -128.20100
 38.35000 -128.17600
 38.33960 -128.15800
 38.32930 -128.13700
 38.31190 -128.08000
 38.30670 -128.05500
 38.30550 -128.01100
 38.30720 -127.98000
 38.31360 -127.88500
 38.31970 -127.66900
 38.30750 -127.53700
 38.31250 -127.45100
 38.32330 -127.36600
 38.31890 -127.25100
 38.31190 -127.19700
 38.29820 -127.13100
 38.28420 -127.10100
 38.26000 -127.06800
 38.25000 -127.05000
 38.22920 -127.00600
 38.21370 -126.98700
 38.18860 -126.97000
 38.15440 -126.95500
3574 28 37.77201 38.22649 -126.95511 -126.39020 'Kaesong-si (North Korea)'
 37.83390 -126.68800
 37.78860 -126.62500
 37.77200 -126.58200
 37.82030 -126.47900
 37.85690 -126.42200
 37.88600 -126.40000
 37.91780 -126.40900
 38.02270 -126.39000
 38.02110 -126.41500
 38.02510 -126.46400
 38.10720 -126.58900
 38.18810 -126.61400
 38.21460 -126.62000
 38.21550 -126.72100
 38.20400 -126.75000
 38.19930 -126.77700
 38.19920 -126.81100
 38.20250 -126.83100
 38.21050 -126.84900
 38.22650 -126.87400
 38.20890 -126.88700
 38.15440 -126.95500
 38.12860 -126.93500
 38.01610 -126.82400
 38.00050 -126.80700
 37.97360 -126.77300
 37.95510 -126.73700
 37.83390 -126.68800
3588 108 39.99186 41.79611 -127.50695 -125.41269 'Chagang-do (North Korea)'
 41.07080 -127.50600
 41.05790 -127.50400
 41.02920 -127.49700
 41.01220 -127.48400
 40.99780 -127.45800
 40.97830 -127.42500
 40.95100 -127.40100
 40.92360 -127.39600
 40.87580 -127.40500
 40.83870 -127.41600
 40.80940 -127.41300
 40.78250 -127.39000
 40.76900 -127.33700
 40.72650 -127.25100
 40.70830 -127.23500
 40.62360 -127.17400
 40.61370 -127.12000
 40.55890 -127.01500
 40.41200 -126.93500
 40.33470 -126.91100
 40.29170 -126.88800
 40.23110 -126.81700
 40.19220 -126.75500
 40.18080 -126.72900
 40.14250 -126.65800
 40.11140 -126.60000
 40.08770 -126.57100
 40.03080 -126.50100
 39.99190 -126.42800
 39.99390 -126.40400
 40.01760 -126.36000
 40.03150 -126.32500
 40.03610 -126.30200
 40.03800 -126.25900
 40.04170 -126.22300
 40.04890 -126.19200
 40.05940 -126.16900
 40.07470 -126.14100
 40.15420 -126.04600
 40.21830 -125.97800
 40.23890 -125.90800
 40.23760 -125.87500
 40.22960 -125.85000
 40.22170 -125.81200
 40.28050 -125.68900
 40.29310 -125.66900
 40.33430 -125.61500
 40.42670 -125.57500
 40.48530 -125.59500
 40.51290 -125.61200
 40.56800 -125.59500
 40.62190 -125.48600
 40.64640 -125.43000
 40.65380 -125.41300
 40.70330 -125.45700
 40.74140 -125.55300
 40.75580 -125.60400
 40.80260 -125.65000
 40.85210 -125.68900
 40.86000 -125.70300
 40.87760 -125.93300
 40.89690 -126.01200
 41.03470 -126.12500
 41.15280 -126.27900
 41.17260 -126.28600
 41.21440 -126.31000
 41.27570 -126.36700
 41.31920 -126.41100
 41.34250 -126.43800
 41.35720 -126.45600
 41.36670 -126.48400
 41.39000 -126.51000
 41.57080 -126.58300
 41.58970 -126.56800
 41.61180 -126.56600
 41.66050 -126.64600
 41.69110 -126.71300
 41.70800 -126.79600
 41.73580 -126.84800
 41.76140 -126.86900
 41.79220 -126.90500
 41.79610 -126.92800
 41.70830 -127.04800
 41.69110 -127.06100
 41.64350 -127.05700
 41.59710 -127.06900
 41.52820 -126.98600
 41.53440 -126.93300
 41.51430 -126.91300
 41.46150 -126.93300
 41.43800 -126.96300
 41.38420 -127.01600
 41.29390 -127.06900
 41.17580 -127.13600
 41.14850 -127.15500
 41.10870 -127.23800
 41.10110 -127.30400
 41.10000 -127.32500
 41.10820 -127.35100
 41.12930 -127.37100
 41.14760 -127.38300
 41.15920 -127.40800
 41.16500 -127.42800
 41.16940 -127.46500
 41.15380 -127.49400
 41.11190 -127.50500
 41.08180 -127.50700
 41.07080 -127.50600
3589 177 39.20434 41.17777 -129.17108 -126.67110 'Hamgyong-namdo (North Korea)'
 40.33470 -126.91100
 40.41200 -126.93500
 40.55890 -127.01500
 40.61370 -127.12000
 40.62360 -127.17400
 40.70830 -127.23500
 40.72650 -127.25100
 40.76900 -127.33700
 40.78250 -127.39000
 40.80940 -127.41300
 40.83870 -127.41600
 40.87580 -127.40500
 40.92360 -127.39600
 40.95100 -127.40100
 40.97830 -127.42500
 40.99780 -127.45800
 41.01220 -127.48400
 41.02920 -127.49700
 41.05790 -127.50400
 41.07080 -127.50600
 41.06830 -127.51900
 41.06150 -127.58800
 41.07280 -127.61700
 41.13660 -127.64600
 41.14530 -127.68400
 41.13170 -127.76200
 41.12370 -127.78500
 41.10610 -127.79500
 41.08220 -127.79200
 41.04470 -127.78000
 41.02550 -127.77300
 40.92920 -127.70700
 40.91330 -127.69200
 40.89110 -127.65000
 40.87920 -127.62900
 40.85400 -127.60000
 40.77280 -127.62100
 40.70000 -127.67300
 40.64030 -127.71900
 40.60000 -127.75200
 40.57780 -127.77600
 40.52430 -127.77000
 40.48980 -127.73600
 40.45080 -127.72500
 40.41810 -127.73400
 40.42670 -127.78200
 40.43530 -127.80100
 40.48190 -127.88600
 40.49780 -127.91200
 40.51250 -127.92900
 40.52940 -127.94300
 40.55530 -127.95500
 40.57650 -127.97600
 40.60110 -128.05600
 40.59680 -128.10000
 40.57150 -128.12900
 40.56350 -128.15400
 40.56810 -128.18400
 40.69330 -128.33700
 40.78820 -128.38700
 40.91580 -128.44000
 40.94680 -128.44000
 40.98690 -128.43600
 41.00530 -128.46400
 41.00670 -128.49200
 41.00530 -128.52000
 41.00670 -128.54100
 41.01400 -128.57300
 41.03420 -128.59900
 41.06800 -128.61900
 41.13440 -128.68400
 41.14920 -128.69900
 41.16220 -128.71700
 41.17360 -128.74000
 41.17780 -128.84100
 41.16860 -128.86900
 41.11630 -128.97500
 41.09890 -128.98900
 41.08100 -128.99600
 41.00580 -129.00000
 40.97170 -128.97900
 40.94710 -128.95200
 40.93030 -128.94000
 40.84100 -128.93300
 40.72220 -128.97900
 40.59990 -129.06100
 40.58920 -129.08900
 40.56560 -129.17100
 40.56010 -129.17000
 40.53540 -129.15600
 40.47790 -129.10800
 40.46220 -129.07800
 40.46170 -129.05600
 40.45040 -128.97800
 40.42470 -128.94200
 40.39760 -128.91400
 40.37650 -128.89400
 40.36430 -128.87300
 40.34170 -128.81200
 40.33470 -128.79100
 40.27280 -128.63700
 40.17420 -128.59800
 40.05360 -128.33200
 40.02360 -128.18400
 40.02280 -128.14100
 40.02720 -128.11200
 40.03390 -128.05500
 40.03720 -128.00100
 39.97170 -127.93400
 39.91080 -127.88600
 39.88590 -127.86900
 39.84610 -127.72700
 39.81120 -127.61200
 39.78220 -127.56100
 39.73960 -127.51800
 39.71280 -127.50300
 39.64470 -127.50400
 39.45670 -127.53100
 39.42720 -127.53600
 39.32720 -127.55700
 39.31110 -127.56000
 39.30300 -127.52800
 39.34220 -127.52400
 39.35900 -127.53600
 39.38870 -127.53200
 39.42780 -127.49800
 39.42010 -127.45700
 39.40490 -127.43900
 39.41120 -127.41800
 39.41190 -127.37700
 39.41300 -127.23400
 39.41290 -127.15600
 39.40500 -127.13200
 39.38120 -127.10800
 39.34680 -127.10200
 39.29280 -127.09200
 39.20430 -127.02600
 39.25780 -126.93200
 39.28610 -126.87900
 39.31140 -126.82100
 39.31370 -126.78900
 39.30250 -126.76000
 39.29860 -126.73600
 39.31170 -126.70700
 39.33690 -126.69500
 39.36430 -126.69800
 39.40470 -126.71400
 39.46480 -126.74000
 39.48580 -126.72300
 39.51350 -126.68400
 39.53490 -126.67100
 39.73540 -126.71800
 39.83780 -126.77900
 39.84990 -126.79900
 39.86170 -126.84200
 39.86610 -126.87100
 39.86640 -126.92700
 39.86070 -126.96100
 39.85050 -126.97900
 39.82900 -126.99700
 39.85300 -127.09100
 39.89740 -127.11200
 39.93530 -127.08600
 39.95820 -127.07100
 39.99690 -127.06100
 40.02030 -127.05600
 40.07050 -127.09000
 40.09000 -127.12500
 40.11080 -127.15600
 40.12790 -127.17500
 40.14920 -127.17700
 40.28690 -127.10500
 40.32710 -127.04900
 40.33460 -127.02100
 40.33750 -126.99200
 40.33720 -126.95200
 40.33470 -126.91100
3590 80 39.51930 40.65380 -126.36915 -124.32395 'P'yongan-bukto (North Korea)'
 40.01760 -126.36000
 39.99910 -126.34600
 39.96120 -126.34200
 39.91870 -126.36900
 39.89170 -126.36300
 39.85190 -126.26400
 39.84670 -126.24300
 39.82010 -126.09600
 39.83250 -126.05700
 39.85970 -126.02200
 39.78050 -125.92900
 39.75050 -125.89900
 39.66320 -125.77900
 39.63440 -125.70100
 39.57440 -125.50000
 39.57240 -125.45000
 39.57670 -125.44200
 39.55220 -125.37300
 39.52580 -125.31100
 39.51930 -125.29000
 39.55870 -125.12000
 39.60560 -125.03700
 39.66250 -124.94600
 39.72140 -124.84600
 39.77320 -124.74500
 39.71420 -124.74600
 39.67780 -124.75600
 39.62930 -124.74100
 39.59800 -124.63600
 39.64990 -124.63100
 39.67690 -124.65000
 39.80000 -124.56200
 39.80970 -124.53600
 39.82110 -124.49900
 39.82900 -124.44000
 39.83170 -124.40600
 39.86500 -124.36400
 39.91590 -124.32400
 40.02250 -124.38900
 40.09360 -124.37400
 40.10220 -124.38100
 40.13030 -124.41100
 40.24220 -124.55500
 40.28360 -124.62700
 40.29680 -124.68900
 40.30700 -124.71100
 40.39670 -124.81200
 40.47040 -124.88500
 40.45920 -124.96200
 40.46070 -125.04000
 40.49420 -125.02500
 40.53750 -125.04300
 40.58530 -125.14100
 40.64750 -125.28600
 40.65000 -125.31500
 40.64000 -125.36900
 40.65380 -125.41300
 40.64640 -125.43000
 40.62190 -125.48600
 40.56800 -125.59500
 40.51290 -125.61200
 40.48530 -125.59500
 40.42670 -125.57500
 40.33430 -125.61500
 40.29310 -125.66900
 40.28050 -125.68900
 40.22170 -125.81200
 40.22960 -125.85000
 40.23760 -125.87500
 40.23890 -125.90800
 40.21830 -125.97800
 40.15420 -126.04600
 40.07470 -126.14100
 40.05940 -126.16900
 40.04890 -126.19200
 40.04170 -126.22300
 40.03800 -126.25900
 40.03610 -126.30200
 40.03150 -126.32500
 40.01760 -126.36000
3591 141 38.65694 40.33749 -127.17740 -125.14054 'P'yongan-namdo (North Korea)'
 38.93050 -126.38700
 38.96240 -126.38800
 38.99050 -126.37800
 39.04860 -126.34200
 39.22980 -126.06200
 39.23470 -125.92500
 39.23040 -125.90000
 39.21710 -125.88200
 39.21640 -125.83500
 39.28000 -125.73900
 39.28240 -125.71700
 39.24180 -125.62500
 39.21730 -125.62600
 39.19420 -125.63800
 39.12110 -125.66500
 39.09920 -125.62700
 39.06130 -125.57900
 39.01010 -125.57900
 38.98350 -125.58700
 38.94140 -125.60700
 38.89010 -125.59100
 38.87490 -125.57300
 38.86570 -125.54300
 38.84420 -125.52300
 38.81710 -125.53100
 38.78040 -125.57500
 38.71710 -125.61900
 38.65780 -125.63100
 38.65690 -125.63000
 38.71780 -125.51700
 38.72170 -125.47900
 38.72220 -125.43200
 38.70720 -125.36800
 38.69710 -125.28300
 38.71640 -125.24500
 38.79810 -125.14100
 38.86960 -125.14900
 38.92190 -125.20000
 38.99920 -125.23600
 39.05220 -125.25900
 39.11550 -125.28400
 39.15530 -125.29000
 39.20330 -125.34000
 39.21580 -125.35900
 39.23750 -125.38800
 39.27970 -125.41200
 39.30800 -125.42200
 39.35890 -125.40200
 39.39350 -125.36000
 39.43450 -125.33800
 39.45930 -125.34700
 39.52540 -125.40300
 39.57240 -125.45000
 39.57440 -125.50000
 39.63440 -125.70100
 39.66320 -125.77900
 39.75050 -125.89900
 39.78050 -125.92900
 39.85970 -126.02200
 39.83250 -126.05700
 39.82010 -126.09600
 39.84670 -126.24300
 39.85190 -126.26400
 39.89170 -126.36300
 39.91870 -126.36900
 39.96120 -126.34200
 39.99910 -126.34600
 40.01760 -126.36000
 39.99390 -126.40400
 39.99190 -126.42800
 40.03080 -126.50100
 40.08770 -126.57100
 40.11140 -126.60000
 40.14250 -126.65800
 40.18080 -126.72900
 40.19220 -126.75500
 40.23110 -126.81700
 40.29170 -126.88800
 40.33470 -126.91100
 40.33720 -126.95200
 40.33750 -126.99200
 40.33460 -127.02100
 40.32710 -127.04900
 40.28690 -127.10500
 40.14920 -127.17700
 40.12790 -127.17500
 40.11080 -127.15600
 40.09000 -127.12500
 40.07050 -127.09000
 40.02030 -127.05600
 39.99690 -127.06100
 39.95820 -127.07100
 39.93530 -127.08600
 39.89740 -127.11200
 39.85300 -127.09100
 39.82900 -126.99700
 39.85050 -126.97900
 39.86070 -126.96100
 39.86640 -126.92700
 39.86610 -126.87100
 39.86170 -126.84200
 39.84990 -126.79900
 39.83780 -126.77900
 39.73540 -126.71800
 39.53490 -126.67100
 39.51350 -126.68400
 39.48580 -126.72300
 39.46480 -126.74000
 39.40470 -126.71400
 39.36430 -126.69800
 39.33690 -126.69500
 39.31170 -126.70700
 39.29860 -126.73600
 39.30250 -126.76000
 39.31370 -126.78900
 39.31140 -126.82100
 39.28610 -126.87900
 39.25780 -126.93200
 39.20430 -127.02600
 39.19710 -127.03700
 39.17590 -127.05900
 39.15400 -127.06000
 39.13400 -127.01100
 39.11620 -126.99100
 39.06920 -126.98200
 39.06470 -126.97200
 39.06160 -126.91800
 39.07280 -126.89100
 39.09050 -126.86600
 39.10690 -126.83900
 39.11640 -126.81700
 39.14690 -126.73000
 39.16610 -126.57000
 39.13710 -126.55800
 39.11740 -126.56200
 39.07220 -126.59200
 39.05190 -126.61900
 38.97760 -126.65500
 38.90880 -126.47600
 38.92440 -126.39700
 38.93050 -126.38700
3592 149 40.41812 42.09419 -129.05719 -126.91297 'Yanggang-do (North Korea)'
 41.64350 -127.05700
 41.62140 -127.10100
 41.59360 -127.13500
 41.53000 -127.15900
 41.47250 -127.27100
 41.41810 -127.62100
 41.41310 -127.69400
 41.41000 -127.83500
 41.42420 -127.87100
 41.44730 -127.92800
 41.41580 -128.01200
 41.38940 -128.04400
 41.37180 -128.11400
 41.38120 -128.15300
 41.40750 -128.19300
 41.44110 -128.22200
 41.53030 -128.28200
 41.58280 -128.30000
 41.63690 -128.26900
 41.65040 -128.25400
 41.66390 -128.22700
 41.67640 -128.20400
 41.71460 -128.15600
 41.80300 -128.09800
 41.88500 -128.06900
 41.91050 -128.06100
 41.98160 -128.05000
 42.00120 -128.05700
 42.03830 -128.27600
 42.03970 -128.33600
 42.03750 -128.36100
 42.02860 -128.42200
 42.01280 -128.44700
 41.99760 -128.47300
 41.99550 -128.49700
 42.00030 -128.57000
 42.02100 -128.68300
 42.02970 -128.84500
 42.02280 -128.89600
 42.02740 -128.92700
 42.05210 -128.94900
 42.07840 -128.95800
 42.09420 -129.01400
 42.07470 -129.01900
 42.05170 -129.01500
 42.00440 -128.97900
 41.92920 -128.85800
 41.91670 -128.81200
 41.85170 -128.86600
 41.82540 -128.92200
 41.72750 -128.92900
 41.63860 -128.93400
 41.63110 -128.95500
 41.62390 -129.00100
 41.60690 -129.02400
 41.59030 -129.03700
 41.56430 -129.05300
 41.54170 -129.05700
 41.52390 -129.04600
 41.49400 -129.00900
 41.46430 -128.97400
 41.43500 -128.96300
 41.40470 -128.96500
 41.37540 -128.97100
 41.31580 -129.00300
 41.24500 -129.02100
 41.13780 -129.00600
 41.09890 -128.98900
 41.11630 -128.97500
 41.16860 -128.86900
 41.17780 -128.84100
 41.17360 -128.74000
 41.16220 -128.71700
 41.14920 -128.69900
 41.13440 -128.68400
 41.06800 -128.61900
 41.03420 -128.59900
 41.01400 -128.57300
 41.00670 -128.54100
 41.00530 -128.52000
 41.00670 -128.49200
 41.00530 -128.46400
 40.98690 -128.43600
 40.94680 -128.44000
 40.91580 -128.44000
 40.78820 -128.38700
 40.69330 -128.33700
 40.56810 -128.18400
 40.56350 -128.15400
 40.57150 -128.12900
 40.59680 -128.10000
 40.60110 -128.05600
 40.57650 -127.97600
 40.55530 -127.95500
 40.52940 -127.94300
 40.51250 -127.92900
 40.49780 -127.91200
 40.48190 -127.88600
 40.43530 -127.80100
 40.42670 -127.78200
 40.41810 -127.73400
 40.45080 -127.72500
 40.48980 -127.73600
 40.52430 -127.77000
 40.57780 -127.77600
 40.60000 -127.75200
 40.64030 -127.71900
 40.70000 -127.67300
 40.77280 -127.62100
 40.85400 -127.60000
 40.87920 -127.62900
 40.89110 -127.65000
 40.91330 -127.69200
 40.92920 -127.70700
 41.02550 -127.77300
 41.04470 -127.78000
 41.08220 -127.79200
 41.10610 -127.79500
 41.12370 -127.78500
 41.13170 -127.76200
 41.14530 -127.68400
 41.13660 -127.64600
 41.07280 -127.61700
 41.06150 -127.58800
 41.06830 -127.51900
 41.07080 -127.50600
 41.08180 -127.50700
 41.11190 -127.50500
 41.15380 -127.49400
 41.16940 -127.46500
 41.16500 -127.42800
 41.15920 -127.40800
 41.14760 -127.38300
 41.12930 -127.37100
 41.10820 -127.35100
 41.10000 -127.32500
 41.10110 -127.30400
 41.10870 -127.23800
 41.14850 -127.15500
 41.17580 -127.13600
 41.29390 -127.06900
 41.38420 -127.01600
 41.43800 -126.96300
 41.46150 -126.93300
 41.51430 -126.91300
 41.53440 -126.93300
 41.52820 -126.98600
 41.59710 -127.06900
 41.64350 -127.05700
