3005 12 25.21558 25.38342 -51.60444 -51.44717 'Ad Dawhah (Qatar)'
 25.35810 -51.44720
 25.38340 -51.51760
 25.33080 -51.51060
 25.30220 -51.51030
 25.28720 -51.53210
 25.28710 -51.57560
 25.27190 -51.60320
 25.23310 -51.60440
 25.24030 -51.57840
 25.21560 -51.54430
 25.25160 -51.51780
 25.35810 -51.44720
3006 18 25.05151 25.48682 -51.54897 -51.14084 'Ar Rayyan (Qatar)'
 25.31690 -51.14620
 25.44190 -51.14080
 25.48630 -51.18130
 25.48680 -51.28780
 25.41440 -51.29100
 25.37730 -51.40230
 25.35240 -51.40870
 25.35810 -51.44720
 25.25160 -51.51780
 25.21560 -51.54430
 25.20420 -51.54900
 25.14680 -51.41740
 25.05150 -51.42160
 25.09110 -51.33130
 25.13300 -51.25070
 25.17820 -51.33900
 25.31860 -51.29270
 25.31690 -51.14620
3007 17 24.76151 25.24033 -51.61583 -51.33130 'Al-Wakrah (Qatar)'
 25.09110 -51.33130
 25.05150 -51.42160
 25.14680 -51.41740
 25.20420 -51.54900
 25.21560 -51.54430
 25.24030 -51.57840
 25.23310 -51.60440
 25.21170 -51.61440
 25.17860 -51.61580
 25.01370 -51.61190
 24.92190 -51.56960
 24.87690 -51.53140
 24.85390 -51.50380
 24.78440 -51.47430
 24.76150 -51.47460
 24.76270 -51.34680
 25.09110 -51.33130
3008 32 24.55605 25.31857 -51.47464 -50.76766 'Jarayan al Batnah (Qatar)'
 25.12950 -50.76770
 25.13290 -51.04650
 25.27190 -51.04570
 25.27570 -51.14380
 25.31690 -51.14620
 25.31860 -51.29270
 25.17820 -51.33900
 25.13300 -51.25070
 25.09110 -51.33130
 24.76270 -51.34680
 24.76150 -51.47460
 24.66110 -51.43560
 24.58960 -51.36620
 24.57270 -51.33490
 24.59900 -51.33510
 24.63400 -51.34810
 24.65220 -51.32830
 24.65690 -51.27110
 24.63440 -51.21440
 24.62090 -51.21520
 24.60820 -51.20440
 24.58640 -51.17890
 24.55600 -51.11140
 24.57690 -50.97310
 24.69000 -50.86590
 24.75000 -50.83100
 24.75920 -50.84360
 24.79050 -50.86310
 24.87060 -50.85720
 24.91360 -50.84940
 25.06430 -50.80510
 25.12950 -50.76770
3011 16 25.70031 25.89379 -51.34373 -50.89816 'Al Ghuwayriyah (Qatar)'
 25.70030 -51.25010
 25.70480 -51.14350
 25.73240 -51.14480
 25.73070 -50.89820
 25.77470 -50.90070
 25.80280 -50.93190
 25.77670 -50.95600
 25.80860 -50.97460
 25.82420 -50.96970
 25.82950 -51.14490
 25.88850 -51.14500
 25.89380 -51.28170
 25.85660 -51.34120
 25.83120 -51.34370
 25.79680 -51.34010
 25.70030 -51.25010
3012 34 25.12945 25.73244 -51.28782 -50.75194 'Al Jumayliyah (Qatar)'
 25.48680 -51.28780
 25.48630 -51.18130
 25.44190 -51.14080
 25.31690 -51.14620
 25.27570 -51.14380
 25.27190 -51.04570
 25.13290 -51.04650
 25.12950 -50.76770
 25.13890 -50.76640
 25.18610 -50.76030
 25.25990 -50.75530
 25.43140 -50.75190
 25.49960 -50.75640
 25.52280 -50.78300
 25.49030 -50.80780
 25.46510 -50.81880
 25.45970 -50.83830
 25.48830 -50.84250
 25.56530 -50.83330
 25.59310 -50.82750
 25.58890 -50.90720
 25.59920 -50.95180
 25.64190 -50.97310
 25.63390 -50.95080
 25.62530 -50.91920
 25.65970 -50.89090
 25.71770 -50.88990
 25.73070 -50.89820
 25.73240 -51.14480
 25.70480 -51.14350
 25.70030 -51.25010
 25.62640 -51.24500
 25.56780 -51.28740
 25.48680 -51.28780
3013 20 25.55009 25.95305 -51.59346 -51.24497 'Al Khawr (Qatar)'
 25.56780 -51.28740
 25.62640 -51.24500
 25.70030 -51.25010
 25.79680 -51.34010
 25.83120 -51.34370
 25.83120 -51.41560
 25.94960 -51.41330
 25.95310 -51.47860
 25.94910 -51.50080
 25.90770 -51.56720
 25.78080 -51.59300
 25.75990 -51.59350
 25.69390 -51.58750
 25.62110 -51.54190
 25.61360 -51.51690
 25.60860 -51.49670
 25.58900 -51.48510
 25.55010 -51.49120
 25.55240 -51.30480
 25.56780 -51.28740
3014 21 25.82399 26.15250 -51.41555 -50.94916 'Ash Shamal (Qatar)'
 25.94960 -51.41330
 25.83120 -51.41560
 25.83120 -51.34370
 25.85660 -51.34120
 25.89380 -51.28170
 25.88850 -51.14500
 25.82950 -51.14490
 25.82420 -50.96970
 25.82400 -50.96220
 25.82900 -50.95290
 25.85900 -50.94920
 25.96530 -50.99830
 26.04240 -51.03690
 26.12360 -51.17190
 26.15250 -51.24490
 26.12680 -51.30940
 26.10510 -51.34080
 26.07920 -51.34510
 26.04280 -51.34440
 25.96120 -51.39690
 25.94960 -51.41330
3015 14 25.35235 25.56780 -51.51993 -51.28738 'Umm Salal (Qatar)'
 25.35810 -51.44720
 25.35240 -51.40870
 25.37730 -51.40230
 25.41440 -51.29100
 25.48680 -51.28780
 25.56780 -51.28740
 25.55240 -51.30480
 25.55010 -51.49120
 25.52180 -51.47540
 25.48000 -51.48860
 25.46490 -51.50400
 25.43230 -51.51990
 25.38340 -51.51760
 25.35810 -51.44720
