0 44 46.7472 47.1358 56.1455 56.3978 'St. Pierre & Miquelon (St. Pierre & Miquelon)'
 47.07083 56.28945
 47.05249 56.25973
 47.03861 56.24757
 46.99152 56.27334
 46.98277 56.28375
 46.98152 56.29515
 46.99055 56.29986
 46.98909 56.34562
 46.97575 56.33808
 46.97224 56.32699
 46.96435 56.30771
 46.94537 56.31414
 46.93076 56.31765
 46.89888 56.30937
 46.88972 56.28917
 46.88916 56.27305
 46.88555 56.25695
 46.87694 56.24014
 46.86777 56.23403
 46.85305 56.23264
 46.84138 56.23889
 46.83472 56.24639
 46.77985 56.33916
 46.78681 56.37139
 46.82958 56.39646
 46.84513 56.38903
 46.85222 56.37417
 46.85749 56.35084
 46.86305 56.34250
 46.89312 56.33049
 46.92791 56.32600
 46.93777 56.32778
 46.94833 56.33084
 46.98860 56.35556
 47.00194 56.36611
 47.05305 56.38556
 47.09653 56.39695
 47.10665 56.39778
 47.11888 56.39028
 47.12930 56.37708
 47.13583 56.36112
 47.13444 56.34597
 47.08860 56.32584
 47.07083 56.28945
1 6 46.7472 47.1358 56.1455 56.3978 'St. Pierre & Miquelon (St. Pierre & Miquelon)'
 46.80861 56.18747
 46.80452 56.14550
 46.76050 56.14652
 46.74719 56.22433
 46.76869 56.23559
 46.80861 56.18747
