2041 58 33.41729 34.50194 -36.62375 -35.61368 'Al Biqa' (Lebanon)'
 33.50980 -35.61370
 33.51560 -35.62170
 33.53720 -35.64040
 33.68860 -35.72000
 33.76610 -35.76440
 33.85860 -35.81890
 33.87250 -35.83530
 33.88920 -35.85360
 33.95780 -35.92530
 33.98960 -35.95220
 34.07400 -36.00180
 34.15220 -36.01140
 34.15610 -36.04030
 34.36360 -36.19960
 34.39720 -36.21610
 34.42280 -36.22190
 34.46030 -36.24790
 34.49830 -36.30560
 34.50070 -36.35120
 34.50190 -36.43000
 34.49140 -36.45440
 34.43190 -36.52580
 34.34420 -36.54670
 34.22820 -36.59360
 34.20500 -36.62370
 34.10720 -36.51690
 34.03390 -36.39750
 33.99720 -36.35030
 33.97500 -36.32790
 33.91090 -36.28350
 33.87830 -36.32940
 33.87990 -36.35780
 33.85420 -36.38870
 33.83110 -36.37400
 33.82690 -36.35330
 33.85640 -36.24080
 33.82750 -36.07100
 33.76970 -36.01720
 33.71820 -35.97110
 33.64420 -35.94020
 33.64070 -35.96720
 33.61920 -36.02560
 33.58560 -36.05870
 33.55330 -36.03440
 33.46670 -35.93420
 33.42960 -35.88330
 33.41730 -35.85200
 33.42810 -35.77690
 33.44530 -35.76640
 33.46730 -35.75670
 33.48120 -35.71350
 33.47060 -35.69620
 33.44810 -35.67680
 33.42650 -35.65120
 33.43330 -35.63500
 33.43620 -35.63010
 33.49120 -35.61480
 33.50980 -35.61370
2042 35 34.15222 34.64750 -36.45930 -35.64627 'Ash Shamal (Lebanon)'
 34.21720 -35.64630
 34.28110 -35.64890
 34.31250 -35.66940
 34.43140 -35.81920
 34.47190 -35.90060
 34.52750 -35.98360
 34.55700 -35.99160
 34.61180 -35.98720
 34.64750 -35.97280
 34.63250 -36.03080
 34.63390 -36.08750
 34.63880 -36.11300
 34.64000 -36.11450
 34.64420 -36.12190
 34.64190 -36.29860
 34.63940 -36.37640
 34.63040 -36.45930
 34.59470 -36.45280
 34.55440 -36.39750
 34.53810 -36.36420
 34.50070 -36.35120
 34.49830 -36.30560
 34.46030 -36.24790
 34.42280 -36.22190
 34.39720 -36.21610
 34.36360 -36.19960
 34.15610 -36.04030
 34.15220 -36.01140
 34.15890 -36.00140
 34.17830 -35.93080
 34.19490 -35.83530
 34.18670 -35.80110
 34.18470 -35.75720
 34.18780 -35.73390
 34.21720 -35.64630
2043 8 33.86152 33.90722 -35.54809 -35.47531 'Bayrut (Lebanon)'
 33.90170 -35.54810
 33.89010 -35.54500
 33.87190 -35.53640
 33.86150 -35.51620
 33.86530 -35.48250
 33.90180 -35.47530
 33.90720 -35.52360
 33.90170 -35.54810
2044 43 33.50984 34.21718 -36.01138 -35.38234 'Jabal Lubnan (Lebanon)'
 33.58780 -35.38230
 33.63440 -35.39500
 33.68830 -35.41690
 33.74170 -35.44170
 33.77870 -35.46710
 33.80100 -35.47870
 33.82620 -35.48350
 33.85820 -35.48360
 33.86530 -35.48250
 33.86150 -35.51620
 33.87190 -35.53640
 33.89010 -35.54500
 33.90170 -35.54810
 33.91210 -35.57430
 34.01280 -35.63440
 34.10570 -35.64710
 34.14150 -35.63410
 34.20220 -35.62990
 34.21720 -35.64630
 34.18780 -35.73390
 34.18470 -35.75720
 34.18670 -35.80110
 34.19490 -35.83530
 34.17830 -35.93080
 34.15890 -36.00140
 34.15220 -36.01140
 34.07400 -36.00180
 33.98960 -35.95220
 33.95780 -35.92530
 33.88920 -35.85360
 33.87250 -35.83530
 33.85860 -35.81890
 33.76610 -35.76440
 33.68860 -35.72000
 33.53720 -35.64040
 33.51560 -35.62170
 33.50980 -35.61370
 33.54040 -35.62180
 33.60020 -35.58190
 33.59650 -35.55390
 33.57640 -35.44720
 33.58430 -35.41680
 33.58780 -35.38230
2115 37 33.11499 33.49333 -35.85200 -35.31445 'An Nabatiyah (Lebanon)'
 33.33760 -35.76170
 33.27630 -35.62670
 33.24570 -35.62360
 33.27030 -35.58550
 33.19650 -35.54280
 33.12670 -35.52570
 33.11500 -35.50580
 33.14360 -35.48250
 33.18640 -35.48420
 33.21610 -35.48500
 33.25900 -35.47750
 33.29220 -35.43980
 33.30670 -35.40690
 33.31970 -35.34590
 33.37110 -35.31440
 33.39670 -35.32110
 33.47890 -35.42170
 33.49330 -35.51440
 33.46690 -35.52300
 33.38300 -35.52440
 33.34860 -35.54300
 33.38220 -35.58690
 33.43330 -35.63500
 33.42650 -35.65120
 33.44810 -35.67680
 33.47060 -35.69620
 33.48120 -35.71350
 33.46730 -35.75670
 33.44530 -35.76640
 33.42810 -35.77690
 33.41730 -35.85200
 33.40330 -35.82640
 33.37110 -35.81470
 33.35060 -35.79420
 33.34720 -35.78670
 33.34110 -35.76940
 33.33760 -35.76170
2116 45 33.06208 33.60018 -35.63499 -35.10083 'Sayda (Lebanon)'
 33.09360 -35.10080
 33.13080 -35.14170
 33.18280 -35.18830
 33.21710 -35.20460
 33.24940 -35.20940
 33.30530 -35.22030
 33.42560 -35.26310
 33.45420 -35.27330
 33.47200 -35.30040
 33.49580 -35.32970
 33.52680 -35.35620
 33.58780 -35.38230
 33.58430 -35.41680
 33.57640 -35.44720
 33.59650 -35.55390
 33.60020 -35.58190
 33.54040 -35.62180
 33.50980 -35.61370
 33.49120 -35.61480
 33.43620 -35.63010
 33.43330 -35.63500
 33.38220 -35.58690
 33.34860 -35.54300
 33.38300 -35.52440
 33.46690 -35.52300
 33.49330 -35.51440
 33.47890 -35.42170
 33.39670 -35.32110
 33.37110 -35.31440
 33.31970 -35.34590
 33.30670 -35.40690
 33.29220 -35.43980
 33.25900 -35.47750
 33.21610 -35.48500
 33.18640 -35.48420
 33.14360 -35.48250
 33.11500 -35.50580
 33.09810 -35.50530
 33.06830 -35.42560
 33.06210 -35.37780
 33.06250 -35.35190
 33.08810 -35.32190
 33.09860 -35.26500
 33.09560 -35.10940
 33.09360 -35.10080
