338 AMERICA  2
  -36.0  -9.9
  -34.8  -8.2
  -34.8  -7.3
  -35.4  -5.2
  -37.0  -5.1
  -40.0  -2.9
  -41.5  -3.0
  -43.5  -2.5
  -44.4  -2.3
  -44.9  -1.5
  -47.2  -0.6
  -48.4  -0.4
  -50.0  -0.3
  -51.1  -0.2
  -50.0   1.0
  -50.0   1.8
  -50.7   1.9
  -51.0   3.8
  -52.7   5.1
  -54.0   5.7
  -55.8   5.9
  -57.0   6.0
  -58.2   6.9
  -58.6   6.8
  -58.6   7.6
  -60.2   8.6
  -61.0   8.4
  -60.9   9.0
  -61.0   9.5
  -62.0   9.9
  -62.2   9.8
  -63.0  10.5
  -62.2  10.7
  -64.0  10.7
  -64.5  10.3
  -65.0  10.1
  -66.0  10.4
  -66.1  10.6
  -68.1  10.4
  -68.4  11.1
  -68.9  11.5
  -69.8  11.6
  -68.4  11.2
  -68.8  11.5
  -69.8  11.5
  -70.0  12.1
  -70.3  12.0
  -70.2  11.5
  -71.7  10.9
  -72.0  11.5
  -71.4  11.7
  -71.1  12.0
  -71.3  12.3
  -71.7  12.5
  -72.2  11.8
  -73.5  11.1
  -74.2  11.2
  -74.4  11.0
  -74.9  11.0
  -75.2  10.8
  -75.5  10.5
  -75.5   9.5
  -76.0   9.4
  -76.8   8.6
  -76.8   7.9
  -78.2   9.3
  -79.5   9.6
  -79.9   9.3
  -81.4   8.8
  -81.8   9.0
  -82.2   9.0
  -82.3   9.5
  -83.1  10.0
  -83.9  11.2
  -83.5  12.8
  -83.5  13.9
  -83.2  14.2
  -83.2  15.0
  -83.9  15.4
  -84.2  15.8
  -85.0  15.9
  -86.9  15.7
  -87.5  15.9
  -88.2  15.6
  -89.0  16.0
  -88.5  16.4
  -88.2  17.0
  -88.2  18.3
  -88.0  18.0
  -87.6  18.4
  -87.3  20.4
  -86.9  20.9
  -86.9  21.4
  -87.0  21.5
  -88.0  21.6
  -90.3  21.0
  -90.7  19.2
  -91.3  18.9
  -91.2  18.6
  -92.5  18.6
  -94.2  18.2
  -94.5  18.2
  -94.9  18.6
  -95.9  18.9
  -97.4  21.3
  -97.2  21.6
  -97.8  21.9
  -97.9  22.5
  -97.8  22.8
  -97.8  24.4
  -97.4  25.4
  -97.2  25.8
  -97.4  27.1
  -97.3  27.7
  -96.0  28.7
  -95.4  28.8
  -94.8  29.5
  -94.3  29.7
  -93.3  29.8
  -92.2  29.6
  -91.9  29.8
  -91.3  29.5
  -90.8  29.1
  -90.4  29.3
  -90.1  29.1
  -89.9  29.4
  -89.3  29.1
  -89.2  29.3
  -89.7  29.6
  -89.4  30.0
  -90.4  30.1
  -90.1  30.4
  -89.6  30.2
  -89.1  30.4
  -88.2  30.4
  -88.0  30.7
  -87.8  30.4
  -86.3  30.5
  -85.5  30.1
  -85.4  29.7
  -84.8  29.8
  -84.3  30.1
  -83.9  30.0
  -83.4  29.6
  -82.8  29.0
  -82.6  28.6
  -82.8  27.8
  -82.4  27.9
  -82.6  27.4
  -82.5  27.0
  -82.1  26.7
  -81.7  25.9
  -81.5  25.9
  -81.4  25.8
  -81.1  25.1
  -80.4  25.3
  -80.2  25.8
  -80.1  27.0
  -80.6  28.2
  -80.6  28.5
  -81.0  29.0
  -81.3  30.0
  -81.5  31.0
  -81.0  32.0
  -80.5  32.5
  -79.5  33.0
  -79.0  33.7
  -78.0  34.0
  -77.2  34.7
  -76.5  34.8
  -76.3  35.0
  -76.8  35.0
  -76.4  35.3
  -76.0  35.3
  -75.9  35.6
  -75.9  36.0
  -75.8  36.5
  -76.0  36.9
  -75.5  37.8
  -75.0  38.5
  -75.4  38.9
  -74.5  39.3
  -74.1  40.0
  -74.0  40.6
  -72.6  40.8
  -72.0  41.0
  -72.0  41.3
  -70.4  41.7
  -70.9  42.2
  -70.8  42.9
  -70.2  43.6
  -69.0  44.0
  -68.9  44.5
  -68.5  44.3
  -67.0  44.8
  -67.0  45.1
  -66.2  45.1
  -64.9  45.7
  -64.9  45.3
  -64.2  45.4
  -66.0  44.5
  -66.1  44.1
  -66.0  43.7
  -65.5  43.5
  -64.2  44.5
  -63.7  44.5
  -61.2  45.2
  -61.0  45.5
  -59.9  46.0
  -60.6  46.4
  -60.5  46.9
  -61.5  46.2
  -61.5  45.8
  -63.2  45.8
  -64.5  46.3
  -64.9  46.7
  -65.0  47.7
  -65.3  48.1
  -64.2  48.5
  -64.2  48.9
  -65.3  49.2
  -68.0  48.7
  -68.0  49.4
  -67.3  49.4
  -66.8  50.0
  -64.0  50.3
  -60.0  50.2
  -58.8  51.1
  -56.9  51.5
  -55.7  52.1
  -55.9  53.2
  -61.8  56.1
  -61.6  57.1
  -64.7  60.3
  -64.3  63.7
  -61.6  66.7
  -67.7  70.0
 -160.0  70.0
 -160.0  55.7
 -153.5  58.9
 -146.7  60.9
 -136.5  58.1
 -128.3  52.0
 -128.2  50.8
 -124.8  48.7
 -124.0  46.5
 -124.0  44.3
 -124.5  42.9
 -124.0  41.5
 -124.3  40.3
 -120.3  34.6
 -117.6  33.6
 -115.6  29.6
 -115.2  29.5
 -114.0  28.5
 -114.0  28.0
 -114.4  27.7
 -115.0  27.8
 -114.5  27.5
 -114.3  27.2
 -113.5  26.7
 -113.2  26.7
 -112.3  26.2
 -112.1  25.7
 -112.1  25.1
 -112.3  24.8
 -111.6  24.6
 -110.4  23.5
 -110.0  22.9
 -109.4  23.3
 -110.2  24.2
 -110.6  24.2
 -110.9  24.7
 -110.7  24.8
 -111.0  25.1
 -111.0  25.7
 -113.4  28.9
 -114.7  30.1
 -114.8  31.7
 -113.0  31.1
 -112.9  30.0
 -112.1  29.0
 -111.1  28.0
 -110.6  28.0
 -110.6  27.4
 -109.2  26.4
 -109.4  25.8
 -108.3  25.3
 -108.0  24.8
 -105.7  22.5
 -105.6  21.7
 -105.3  21.5
 -105.2  21.1
 -105.5  20.9
 -105.3  20.6
 -105.7  20.4
 -104.9  19.3
 -103.9  18.8
 -103.5  18.4
 -102.8  18.0
 -102.0  18.0
 -101.0  17.3
  -98.0  16.0
  -96.2  15.7
  -95.1  16.1
  -94.2  16.0
  -93.5  15.7
  -92.0  14.3
  -91.0  13.9
  -90.5  14.0
  -89.8  13.5
  -88.9  13.1
  -87.9  13.1
  -85.8  11.1
  -85.9  10.2
  -85.1   9.7
  -84.9  10.0
  -83.7   9.0
  -83.8   8.5
  -82.9   8.3
  -81.0   7.8
  -81.0   7.1
  -80.2   7.4
  -80.5   8.1
  -79.8   8.6
  -79.5   9.0
  -78.8   8.8
  -78.1   7.5
  -77.5   6.6
  -77.4   3.5
  -80.0   0.3
  -80.9  -1.2
  -80.5  -2.5
  -80.0  -3.2
  -81.4  -4.2
  -80.9  -6.2
  -78.8  -8.5
  -78.1  -9.9
 48 AFRICA   2
   11.0  37.0
    5.0  36.9
   -4.5  35.2
   -5.4  35.9
   -6.0  35.8
   -7.0  34.0
   -8.4  33.3
   -9.2  32.3
   -9.9  31.7
   -9.9  30.8
   -9.6  30.4
  -10.1  29.2
  -11.8  28.1
  -13.0  27.9
  -13.5  26.8
  -14.3  26.2
  -16.4  22.5
  -16.9  22.0
  -17.0  21.0
  -16.1  20.2
  -16.1  19.9
  -16.5  19.5
  -16.0  18.8
  -16.0  17.9
  -16.5  16.7
  -16.5  16.0
  -17.5  14.8
  -16.8  14.0
  -16.8  12.2
  -15.5  12.0
  -15.4  11.2
  -13.2   9.1
  -12.9   7.8
   -8.4   4.6
   -7.4   4.2
   -6.0   5.0
   -3.9   5.2
   -2.0   4.9
    0.3   5.9
    2.2   6.3
    4.0   6.5
    5.0   6.0
    5.4   4.6
    8.0   4.4
    8.9   4.5
    9.9   3.1
    8.9  -1.1
   11.0  -1.0
 17 EUROPE   2
    6.0  43.0
    1.5  50.0
   -2.0  49.7
   -1.5  48.8
   -4.8  48.6
   -4.7  48.0
   -2.8  47.5
   -1.0  46.0
   -1.7  43.5
   -8.0  43.7
   -9.1  43.0
   -8.6  41.1
   -9.2  38.9
   -8.7  38.5
   -8.9  37.1
   -7.0  37.2
   -5.5  36.1
 14 ENGLAND  2
   -5.5  50.0
    1.2  51.0
    1.5  52.8
   -3.1  56.0
   -1.9  57.5
   -5.0  58.5
   -6.1  57.5
   -4.9  54.9
   -3.5  54.9
   -3.0  53.3
   -4.4  53.3
   -4.0  52.5
   -5.1  51.9
   -3.4  51.3
  8 IRELAND  2
   -9.6  51.5
   -6.3  52.2
   -6.0  54.9
   -7.9  55.1
  -10.0  53.9
   -9.0  53.1
   -9.8  52.1
  -10.3  52.1
  7 PRICO    2
  -67.2  18.0
  -66.8  17.9
  -66.4  18.0
  -65.9  18.0
  -65.7  18.3
  -66.0  18.5
  -67.2  18.5
 36 HSPANLA  2
  -74.5  18.3
  -73.8  18.0
  -73.7  18.2
  -73.2  18.2
  -72.8  18.1
  -72.3  18.2
  -71.8  18.1
  -71.4  17.6
  -71.1  18.0
  -71.1  18.3
  -70.6  18.4
  -70.6  18.2
  -70.0  18.3
  -69.5  18.4
  -69.0  18.4
  -68.7  18.1
  -68.3  18.5
  -68.8  18.9
  -69.6  19.1
  -69.2  19.3
  -69.8  19.3
  -69.9  19.7
  -71.0  19.8
  -71.7  19.8
  -72.0  19.7
  -72.6  19.9
  -73.2  19.9
  -73.5  19.7
  -73.0  19.7
  -72.8  19.3
  -72.8  19.0
  -72.3  18.6
  -72.7  18.3
  -73.2  18.3
  -73.7  18.5
  -74.2  18.6
 11 JAMIACA  2
  -78.2  18.3
  -78.3  18.2
  -78.0  18.2
  -77.7  17.8
  -77.2  17.7
  -76.9  17.9
  -76.5  17.8
  -76.2  17.8
  -76.4  18.2
  -76.9  18.3
  -77.9  18.5
 46 CUBA     2
  -84.8  21.8
  -84.2  21.8
  -84.0  22.2
  -83.4  22.2
  -82.8  22.7
  -81.6  22.5
  -82.0  22.3
  -81.8  22.1
  -81.2  22.0
  -80.5  22.0
  -80.2  21.8
  -79.2  21.5
  -78.8  21.6
  -78.6  21.5
  -78.5  21.0
  -78.0  20.7
  -77.2  20.7
  -77.1  20.3
  -77.7  19.8
  -77.0  19.8
  -76.5  19.9
  -76.0  19.9
  -75.5  19.8
  -75.0  19.8
  -74.7  20.0
  -74.2  20.1
  -74.3  20.2
  -74.5  20.2
  -74.8  20.6
  -75.3  20.7
  -75.7  20.6
  -75.6  21.0
  -76.5  21.2
  -78.3  22.2
  -78.9  22.3
  -79.3  22.3
  -79.7  22.7
  -80.4  23.0
  -81.0  23.0
  -81.5  23.2
  -82.0  23.2
  -82.5  23.0
  -83.5  22.8
  -84.0  22.6
  -84.3  22.4
  -84.3  22.0
  7 TRINDAD  2
  -61.9  10.0
  -61.2  10.0
  -61.0  10.2
  -61.0  10.8
  -61.7  10.7
  -61.5  10.6
  -61.5  10.2
  8 PREDISL  2
  -64.2  46.7
  -63.9  46.4
  -62.5  45.9
  -62.5  46.2
  -62.0  46.5
  -63.2  46.4
  -63.9  46.6
  -64.0  46.9
  8 ANTCOST  2
  -64.4  49.8
  -63.8  49.6
  -63.5  49.4
  -62.9  49.2
  -62.2  49.1
  -61.7  49.1
  -62.0  49.5
  -63.1  49.8
 39 NEWFLND  2
  -59.1  47.5
  -58.4  47.7
  -55.4  47.5
  -55.4  47.2
  -55.9  46.9
  -55.3  46.8
  -54.9  47.4
  -54.4  47.5
  -54.0  47.4
  -54.1  46.8
  -53.7  47.0
  -53.7  46.7
  -53.1  46.7
  -52.8  47.7
  -53.2  47.6
  -53.0  48.0
  -53.3  48.0
  -53.6  47.6
  -53.9  47.7
  -53.8  48.1
  -53.0  48.6
  -53.8  48.5
  -54.0  48.9
  -53.5  49.3
  -54.0  49.4
  -54.7  49.4
  -55.4  49.3
  -55.9  49.6
  -55.5  49.9
  -56.1  50.1
  -56.8  49.7
  -55.5  51.6
  -56.0  51.6
  -56.6  51.3
  -57.7  50.1
  -57.9  49.5
  -58.7  48.6
  -58.4  48.5
  -59.3  47.9
 13 HAWAII   2
 -156.1  19.8
 -155.8  19.4
 -155.9  19.1
 -155.6  18.9
 -155.5  19.2
 -155.3  19.3
 -155.0  19.4
 -154.8  19.5
 -155.0  19.7
 -155.1  19.9
 -155.4  20.1
 -155.9  20.3
 -155.9  19.9
  7 MAUI     2
 -156.7  21.0
 -156.5  20.8
 -156.4  20.6
 -156.2  20.7
 -156.0  20.8
 -156.3  21.0
 -156.5  20.9
  5 KAUAI    2
 -159.8  22.0
 -159.7  21.9
 -159.4  21.9
 -159.3  22.2
 -159.6  22.2
  4 OAHU     2
 -158.3  21.6
 -158.2  21.3
 -157.7  21.3
 -158.0  21.7
