0 51 20.9153 26.9292 72.7389 78.9789 'Bahamas (The Bahamas)'
 25.20195 78.20500
 25.20361 78.19195
 25.17826 78.03917
 25.15021 77.98772
 24.99166 77.94555
 24.84833 77.88195
 24.79445 77.84279
 24.77945 77.82918
 24.76166 77.81070
 24.73277 77.77362
 24.62000 77.74335
 24.52889 77.72168
 24.49722 77.71830
 24.45416 77.74507
 24.44361 77.80474
 24.42021 77.85789
 24.37882 77.86585
 24.27465 78.01966
 24.27993 78.04584
 24.33333 78.06306
 24.36042 78.07182
 24.38264 78.09085
 24.45916 78.21417
 24.48944 78.28084
 24.50639 78.31598
 24.52222 78.34361
 24.53472 78.36029
 24.56277 78.39084
 24.61666 78.44015
 24.70953 78.31754
 24.68180 78.29265
 24.65041 78.28959
 24.62195 78.30474
 24.59399 78.32830
 24.56195 78.24861
 24.56264 78.22736
 24.60542 78.19326
 24.71791 78.26049
 24.67618 78.26445
 24.72111 78.30585
 24.76743 78.29258
 24.79166 78.27528
 24.83472 78.23584
 24.86027 78.20639
 24.91722 78.17723
 25.02958 78.15612
 25.06264 78.16320
 25.11444 78.18806
 25.17945 78.21305
 25.20014 78.21278
 25.20195 78.20500
1 36 20.9153 26.9292 72.7389 78.9789 'Bahamas (The Bahamas)'
 20.91527 73.66278
 20.91777 73.66806
 20.93215 73.68403
 20.99972 73.70223
 21.08195 73.65556
 21.10166 73.64056
 21.18576 73.53063
 21.19416 73.42223
 21.17250 73.34973
 21.16458 73.33945
 21.14916 73.30667
 21.13500 73.25848
 21.17555 73.15473
 21.18750 73.13806
 21.26903 73.08501
 21.29222 73.07529
 21.31792 73.06875
 21.32638 73.05335
 21.33250 73.02793
 21.33139 73.01779
 21.32375 73.00751
 21.30819 73.00278
 21.17222 73.02237
 21.14166 73.03585
 21.00889 73.12361
 20.98333 73.14111
 20.97389 73.14973
 20.96889 73.16223
 20.93611 73.31084
 20.92472 73.45279
 20.92500 73.46695
 20.93389 73.52474
 20.94027 73.55667
 20.94666 73.59709
 20.94305 73.61250
 20.91527 73.66278
2 51 20.9153 26.9292 72.7389 78.9789 'Bahamas (The Bahamas)'
 24.28472 77.70113
 24.28805 77.69724
 24.29514 77.67793
 24.28722 77.66307
 24.25014 77.63347
 24.22819 77.63835
 24.22472 77.65279
 24.22027 77.66278
 24.21389 77.67084
 24.16083 77.73334
 24.13653 77.75612
 24.03028 77.74167
 24.02847 77.73181
 24.03014 77.71932
 24.04027 77.70778
 24.04916 77.70223
 24.12055 77.66667
 24.19611 77.63889
 24.21111 77.63209
 24.21639 77.61945
 24.21500 77.60931
 24.20583 77.60028
 24.18222 77.58251
 24.17388 77.57695
 24.12916 77.55139
 24.11666 77.54681
 23.92472 77.51682
 23.86111 77.51973
 23.82695 77.52528
 23.75166 77.55431
 23.73792 77.56931
 23.73305 77.58223
 23.72735 77.60904
 23.74486 77.77375
 23.78014 77.74521
 23.76028 77.68182
 23.76637 77.66965
 23.77945 77.66863
 23.82277 77.58890
 23.84389 77.57591
 23.84861 77.59195
 23.84445 77.60584
 23.81777 77.64418
 23.77639 77.70015
 23.78195 77.72084
 23.78695 77.73028
 23.87861 77.80834
 24.07305 77.87668
 24.16027 77.85251
 24.26945 77.71640
 24.28472 77.70113
3 85 20.9153 26.9292 72.7389 78.9789 'Bahamas (The Bahamas)'
 26.89778 77.95029
 26.91584 77.91695
 26.91945 77.90611
 26.92834 77.84084
 26.92916 77.82695
 26.91445 77.73500
 26.90583 77.69695
 26.90305 77.66195
 26.90583 77.63556
 26.91250 77.60459
 26.91375 77.59418
 26.90750 77.57363
 26.89666 77.54667
 26.89139 77.53695
 26.86587 77.50445
 26.83639 77.47278
 26.78583 77.42084
 26.66555 77.30265
 26.62139 77.27501
 26.60750 77.22639
 26.58000 77.15640
 26.54888 77.08974
 26.54000 77.07640
 26.51903 77.04959
 26.50889 77.04224
 26.49777 77.03974
 26.35972 77.02779
 26.30826 77.05334
 26.30792 77.07584
 26.28639 77.10973
 26.26195 77.14334
 26.25527 77.15140
 26.23944 77.16446
 26.22861 77.16834
 26.19777 77.17389
 26.07472 77.18861
 26.02722 77.18973
 25.95695 77.18750
 25.92945 77.18834
 25.89500 77.19376
 25.88250 77.20265
 25.87916 77.21806
 25.88250 77.23417
 25.88945 77.24556
 25.91666 77.26862
 25.93445 77.27917
 25.95888 77.28917
 25.97305 77.29611
 25.98235 77.30473
 25.98778 77.31807
 26.02639 77.39805
 26.07611 77.30778
 26.14527 77.22084
 26.24777 77.22612
 26.41097 77.23223
 26.44292 77.22348
 26.44555 77.20807
 26.45222 77.20001
 26.52027 77.15445
 26.54125 77.14819
 26.55458 77.15417
 26.56834 77.18167
 26.57750 77.20252
 26.58083 77.21474
 26.58333 77.22778
 26.58472 77.27305
 26.58834 77.29278
 26.59750 77.33000
 26.60514 77.34305
 26.64055 77.34973
 26.81722 77.49085
 26.85792 77.52779
 26.86555 77.54278
 26.86653 77.55695
 26.85750 77.59584
 26.85833 77.63195
 26.86055 77.65751
 26.86500 77.67250
 26.88222 77.72389
 26.90084 77.78974
 26.90416 77.80195
 26.91027 77.83473
 26.90445 77.89362
 26.90305 77.90668
 26.89778 77.95029
4 47 20.9153 26.9292 72.7389 78.9789 'Bahamas (The Bahamas)'
 26.48972 78.70862
 26.49014 78.72654
 26.49861 78.75612
 26.50861 78.77223
 26.54250 78.81917
 26.54916 78.82723
 26.67083 78.96861
 26.69527 78.97890
 26.64139 78.87445
 26.61695 78.84001
 26.60027 78.82028
 26.58583 78.79779
 26.58361 78.71890
 26.58445 78.70112
 26.59055 78.68167
 26.59555 78.67223
 26.61153 78.65529
 26.68389 78.60278
 26.69847 78.60001
 26.73416 78.51889
 26.69305 78.37611
 26.68972 78.36389
 26.68861 78.34945
 26.68833 78.32723
 26.69388 78.31084
 26.71055 78.24613
 26.70861 78.19863
 26.70195 78.12375
 26.70222 78.10640
 26.72472 77.98361
 26.73298 77.96105
 26.74250 77.95056
 26.75139 77.94445
 26.74528 77.91724
 26.68945 77.90862
 26.64250 77.93806
 26.64833 77.94695
 26.65361 77.96056
 26.65875 78.01723
 26.63472 78.24056
 26.62388 78.29889
 26.61084 78.36612
 26.55666 78.54640
 26.53055 78.60278
 26.49611 78.67835
 26.49250 78.68918
 26.48972 78.70862
5 54 20.9153 26.9292 72.7389 78.9789 'Bahamas (The Bahamas)'
 25.55916 76.73529
 25.54445 76.67835
 25.48944 76.68028
 25.39833 76.53334
 25.34027 76.41028
 25.34328 76.34970
 25.31957 76.32878
 25.29773 76.32320
 25.28722 76.31306
 25.14611 76.13224
 25.13319 76.12028
 25.11639 76.11306
 25.10500 76.11056
 25.08027 76.10917
 25.06666 76.11000
 24.84611 76.13945
 24.69000 76.16834
 24.71527 76.21613
 24.79361 76.32028
 24.80083 76.32752
 24.81771 76.33688
 24.86584 76.21112
 25.01222 76.14445
 25.06472 76.14362
 25.07722 76.14501
 25.10445 76.15195
 25.12777 76.16335
 25.14264 76.17334
 25.15389 76.18750
 25.16333 76.20807
 25.17222 76.24556
 25.17805 76.25445
 25.25361 76.31445
 25.27055 76.32556
 25.28416 76.33307
 25.29715 76.33904
 25.31834 76.35584
 25.32166 76.36639
 25.32500 76.37835
 25.32805 76.39862
 25.35166 76.51001
 25.35777 76.52278
 25.36361 76.53140
 25.37208 76.54126
 25.38611 76.55223
 25.39333 76.55945
 25.40666 76.57556
 25.41611 76.58778
 25.42222 76.59639
 25.42666 76.60695
 25.43000 76.61890
 25.43222 76.63251
 25.44166 76.71584
 25.55916 76.73529
6 38 20.9153 26.9292 72.7389 78.9789 'Bahamas (The Bahamas)'
 22.17055 74.27640
 22.17305 74.28140
 22.21695 74.27667
 22.29527 74.17835
 22.39666 74.03974
 22.46555 73.92140
 22.46889 73.91085
 22.48805 73.88695
 22.51222 73.86778
 22.52625 73.86389
 22.54416 73.86974
 22.56277 73.87862
 22.57027 73.88556
 22.57750 73.89250
 22.58472 73.89945
 22.59903 73.92445
 22.59500 73.93834
 22.59027 73.96167
 22.58945 73.97834
 22.59333 73.99362
 22.60222 74.01473
 22.62027 74.03653
 22.67195 73.98390
 22.68166 73.97195
 22.69472 73.95001
 22.70888 73.92473
 22.72834 73.85153
 22.55166 73.83695
 22.49027 73.85890
 22.46945 73.86751
 22.34555 73.97724
 22.33445 73.99474
 22.32445 74.01306
 22.29527 74.10417
 22.24985 74.15335
 22.23972 74.16166
 22.22180 74.18223
 22.17055 74.27640
7 40 20.9153 26.9292 72.7389 78.9789 'Bahamas (The Bahamas)'
 24.12250 75.46251
 24.13097 75.50556
 24.13972 75.51502
 24.15555 75.52585
 24.16055 75.51668
 24.18166 75.47278
 24.29035 75.46612
 24.34416 75.50639
 24.36055 75.51806
 24.38361 75.53001
 24.47177 75.58198
 24.48553 75.58623
 24.50711 75.59574
 24.55445 75.63523
 24.62347 75.69334
 24.64250 75.72307
 24.64486 75.74097
 24.65625 75.75827
 24.69653 75.73556
 24.69527 75.71251
 24.68222 75.68417
 24.65347 75.63528
 24.63930 75.62515
 24.57261 75.60101
 24.54827 75.59501
 24.43000 75.52390
 24.36764 75.47473
 24.35055 75.45140
 24.34611 75.44112
 24.34055 75.43167
 24.32250 75.40556
 24.31347 75.39667
 24.22305 75.31945
 24.21389 75.31473
 24.14687 75.29160
 24.15222 75.33362
 24.15916 75.34417
 24.15084 75.42862
 24.14583 75.43834
 24.12250 75.46251
8 56 20.9153 26.9292 72.7389 78.9789 'Bahamas (The Bahamas)'
 23.66777 75.30751
 23.66500 75.30389
 23.64666 75.28639
 23.63000 75.27474
 23.34833 75.10945
 23.32750 75.09904
 23.27111 75.08473
 23.25680 75.08236
 23.23208 75.08486
 23.20972 75.08555
 23.17611 75.07890
 23.15500 75.07278
 23.14305 75.06751
 23.13055 75.05501
 23.11250 75.03001
 23.10527 75.01890
 23.10361 75.00890
 23.10375 74.96459
 23.08694 74.92529
 23.00208 74.84889
 22.96500 74.84113
 22.90111 74.83223
 22.86319 74.82918
 22.85750 74.83792
 22.85722 74.85043
 22.94861 74.90055
 22.96722 74.91000
 23.00611 74.92585
 23.02389 74.93584
 23.06416 74.96612
 23.07264 74.97445
 23.07945 74.98987
 23.08445 75.03557
 23.08555 75.05056
 23.08555 75.06500
 23.08889 75.08416
 23.09866 75.09662
 23.11525 75.12654
 23.14283 75.16862
 23.15741 75.15962
 23.13994 75.12872
 23.13862 75.14370
 23.12291 75.12528
 23.10550 75.08662
 23.11069 75.07070
 23.13800 75.08585
 23.16472 75.10751
 23.27027 75.10806
 23.33111 75.12113
 23.34611 75.12668
 23.35527 75.13139
 23.36389 75.13667
 23.39805 75.17945
 23.48972 75.25724
 23.63027 75.30335
 23.66777 75.30751
9 12 20.9153 26.9292 72.7389 78.9789 'Bahamas (The Bahamas)'
 22.65750 74.08890
 22.67278 74.16125
 22.68638 74.20418
 22.71445 74.27251
 22.80334 74.34361
 22.82292 74.34723
 22.83500 74.34390
 22.84208 74.30237
 22.80833 74.21890
 22.71313 74.02236
 22.66333 74.07363
 22.65750 74.08890
10 27 20.9153 26.9292 72.7389 78.9789 'Bahamas (The Bahamas)'
 22.28305 72.78751
 22.31153 72.81251
 22.34777 72.86029
 22.35583 72.87473
 22.36027 72.88556
 22.36250 72.89974
 22.36639 72.98889
 22.36027 73.01113
 22.35555 73.02057
 22.34916 73.02863
 22.34195 73.04251
 22.33916 73.05723
 22.34055 73.08168
 22.36451 73.16181
 22.37695 73.16362
 22.42834 73.14002
 22.44361 73.08168
 22.44195 73.06751
 22.43250 73.02305
 22.38222 72.82918
 22.35166 72.76222
 22.33445 72.73959
 22.32403 72.73889
 22.31000 72.75029
 22.29195 72.76834
 22.28416 72.78140
 22.28305 72.78751
11 18 20.9153 26.9292 72.7389 78.9789 'Bahamas (The Bahamas)'
 24.98666 77.46584
 24.98695 77.47335
 24.99347 77.54404
 25.01653 77.55959
 25.02750 77.56140
 25.03334 77.55307
 25.05639 77.51834
 25.06277 77.50557
 25.07625 77.45251
 25.07750 77.43584
 25.07972 77.35890
 25.07695 77.33000
 25.06055 77.27001
 25.05195 77.25959
 25.04166 77.26014
 25.01694 77.34113
 25.00903 77.43376
 24.98666 77.46584
12 13 20.9153 26.9292 72.7389 78.9789 'Bahamas (The Bahamas)'
 24.07611 74.53029
 24.10319 74.52555
 24.12235 74.50875
 24.14027 74.46098
 24.07805 74.42459
 24.03958 74.43667
 23.95527 74.49278
 23.95666 74.52779
 23.96916 74.54140
 23.98000 74.53723
 24.03569 74.52334
 24.05166 74.52362
 24.07611 74.53029
13 13 20.9153 26.9292 72.7389 78.9789 'Bahamas (The Bahamas)'
 23.67528 76.02028
 23.67416 75.99613
 23.62639 75.91863
 23.49972 75.77195
 23.49750 75.80528
 23.56805 75.90973
 23.58027 75.93445
 23.58500 75.94445
 23.58916 75.95584
 23.59945 75.99112
 23.64945 76.03278
 23.67250 76.02863
 23.67528 76.02028
