0 29 15.1286 16.0641 89.4102 90.8204 'Alta Verapaz (Guatemala)'
 15.17442 89.62946
 15.12862 89.68810
 15.13901 89.91356
 15.14491 89.95513
 15.15176 89.99473
 15.22593 90.33733
 15.22658 90.33997
 15.36249 90.68338
 15.36781 90.69602
 15.37983 90.70653
 15.38858 90.71383
 15.74821 90.82043
 15.75096 90.81990
 15.96136 90.76134
 15.96332 90.76051
 15.98202 90.73728
 16.02932 90.67340
 16.03516 90.65937
 16.04023 90.63476
 16.06407 90.33789
 16.00811 90.02781
 15.92241 89.56462
 15.85720 89.41016
 15.72028 89.54777
 15.55939 89.66922
 15.55578 89.66718
 15.48032 89.61677
 15.25136 89.62336
 15.17442 89.62946
1 17 14.8698 15.2761 89.9234 90.8128 'Baja Verapaz (Guatemala)'
 14.87154 90.37081
 14.86982 90.57933
 14.87154 90.59088
 14.87635 90.61734
 14.87858 90.61965
 15.15985 90.80644
 15.23838 90.81283
 15.24199 90.79468
 15.27615 89.96544
 15.27544 89.95125
 15.25585 89.92336
 15.15176 89.99473
 15.07670 89.99614
 14.87926 90.30830
 14.87669 90.31398
 14.87223 90.35962
 14.87154 90.37081
2 20 14.3693 14.9263 90.6228 91.126 'Chimaltenango (Guatemala)'
 14.37331 90.97449
 14.36926 90.97953
 14.41112 91.08296
 14.41801 91.09970
 14.46254 91.12383
 14.46831 91.12578
 14.47723 91.12596
 14.57027 91.11248
 14.64171 91.10100
 14.75725 91.07737
 14.85626 91.03787
 14.91446 91.00350
 14.92132 90.93125
 14.92630 90.84011
 14.92201 90.78042
 14.91806 90.74702
 14.88668 90.62278
 14.57315 90.80777
 14.43816 90.91666
 14.37331 90.97449
3 15 14.4289 14.9212 89.1332 89.7002 'Chiquimula (Guatemala)'
 14.43003 89.37289
 14.42893 89.47053
 14.44324 89.50369
 14.50573 89.62288
 14.54050 89.68872
 14.54785 89.70021
 14.76305 89.68043
 14.86869 89.61128
 14.91669 89.24079
 14.92118 89.17818
 14.70557 89.13319
 14.69978 89.13393
 14.60238 89.14639
 14.57388 89.15774
 14.43003 89.37289
4 19 14.6916 15.1449 89.7809 90.3596 'El Progreso (Guatemala)'
 14.71001 90.07373
 14.69164 90.23860
 14.70022 90.29627
 14.72837 90.32693
 14.73035 90.32830
 14.76794 90.34677
 14.77103 90.34757
 14.84098 90.35686
 14.87223 90.35962
 14.91514 90.31656
 14.95183 90.26926
 14.96451 90.25161
 15.00338 90.19467
 15.14491 89.95513
 15.14279 89.89620
 15.01934 89.78094
 14.93540 89.82319
 14.87497 89.88147
 14.71001 90.07373
5 31 13.9115 14.4748 90.5643 91.5384 'Escuintla (Guatemala)'
 14.41460 90.82279
 14.38235 90.81341
 14.41209 90.79467
 14.46589 90.74203
 14.46114 90.65765
 14.41209 90.60321
 14.19346 90.56427
 13.92240 90.62760
 13.91163 90.90266
 13.91149 90.91305
 13.91406 91.05469
 13.92034 91.13275
 13.92206 91.15080
 13.92581 91.18271
 13.93362 91.22988
 13.94124 91.26611
 13.94996 91.30257
 13.95387 91.31413
 13.96154 91.33339
 14.04366 91.53552
 14.04629 91.53837
 14.08103 91.53311
 14.08282 91.53236
 14.29931 91.39574
 14.34720 91.33754
 14.41801 91.09970
 14.47479 90.88074
 14.45743 90.85411
 14.45303 90.84950
 14.44782 90.84472
 14.41460 90.82279
6 20 14.2582 14.8774 90.2114 90.7622 'Guatemala (Guatemala)'
 14.26283 90.54480
 14.25819 90.56729
 14.25926 90.58169
 14.30413 90.60600
 14.47698 90.66962
 14.72849 90.76129
 14.73155 90.76223
 14.73439 90.76118
 14.83515 90.69353
 14.83789 90.69104
 14.86296 90.64664
 14.87188 90.62533
 14.87738 90.60367
 14.87493 90.39428
 14.66074 90.21145
 14.62825 90.22385
 14.50305 90.29120
 14.31772 90.45177
 14.30077 90.47217
 14.26283 90.54480
7 13 15.2105 16.0763 90.9932 92.1105 'Huehuetenango (Guatemala)'
 15.21177 91.38386
 15.21053 91.52157
 15.26610 92.01185
 15.28683 92.08100
 15.42134 92.11048
 15.43480 92.11050
 16.07420 91.73413
 16.07626 91.50902
 16.07414 90.99324
 15.66067 91.22084
 15.38751 91.25612
 15.28593 91.22758
 15.21177 91.38386
8 61 15.0705 15.9664 88.2692 89.6692 'Izabal (Guatemala)'
 15.67467 88.32219
 15.67536 88.32221
 15.67687 88.32336
 15.68010 88.35907
 15.67366 88.37831
 15.50704 88.80415
 15.55295 88.63494
 15.61288 88.45294
 15.61398 88.43798
 15.67467 88.32219
 15.65792 88.32155
 15.64985 88.32155
 15.63217 88.33207
 15.61981 88.34117
 15.61739 88.34328
 15.60453 88.35525
 15.53339 88.44479
 15.41254 88.60140
 15.29572 88.75818
 15.14302 88.96662
 15.13453 88.98130
 15.07053 89.15181
 15.16120 89.61699
 15.17442 89.62946
 15.55939 89.66922
 15.72028 89.54777
 15.90335 89.38045
 15.91398 89.36981
 15.91745 89.36338
 15.92054 89.35474
 15.91934 89.26621
 15.90432 88.99487
 15.86309 88.80297
 15.85959 88.79343
 15.84480 88.77056
 15.66563 88.99278
 15.78460 88.78895
 15.80481 88.76408
 15.80935 88.75928
 15.81064 88.75821
 15.82204 88.74914
 15.82225 88.74898
 15.82541 88.74756
 15.82898 88.74688
 15.82997 88.74762
 15.84480 88.77056
 15.96443 88.62220
 15.96562 88.61981
 15.96645 88.61425
 15.96644 88.61353
 15.96588 88.60582
 15.96346 88.59375
 15.95932 88.58026
 15.94583 88.55478
 15.77873 88.30907
 15.77729 88.30727
 15.74261 88.26918
 15.74251 88.26922
 15.69181 88.29313
 15.68629 88.30002
 15.67467 88.32219
9 15 14.4256 14.875 89.6487 90.2912 'Jalapa (Guatemala)'
 14.48346 89.75564
 14.42561 90.04684
 14.48238 90.23714
 14.50305 90.29120
 14.51740 90.28528
 14.60690 90.24774
 14.67447 90.18446
 14.86485 89.91325
 14.87497 89.88147
 14.87085 89.85838
 14.75824 89.66481
 14.74434 89.66109
 14.68033 89.64873
 14.51800 89.67507
 14.48346 89.75564
10 31 13.743 14.55 89.499 90.299 'Jutiapa (Guatemala)'
 13.74466 90.10794
 13.74305 90.12373
 13.74316 90.12561
 13.74740 90.13770
 13.78809 90.23337
 13.80251 90.25756
 13.81108 90.26093
 13.96791 90.29432
 13.99884 90.29903
 14.00688 90.29736
 14.32446 90.21220
 14.42561 90.04684
 14.46249 89.95290
 14.46500 89.89028
 14.48346 89.75564
 14.51800 89.67507
 14.54999 89.61859
 14.50915 89.51962
 14.50667 89.51401
 14.50018 89.50780
 14.49715 89.50573
 14.47629 89.49899
 14.46839 89.49899
 14.46273 89.49944
 14.45260 89.50077
 14.44857 89.50130
 14.40574 89.50972
 14.39870 89.51149
 14.26995 89.55101
 13.75179 90.09430
 13.74466 90.10794
11 39 15.8437 17.8178 89.149 91.4396 'Petén (Guatemala)'
 15.84774 89.45314
 15.84368 89.50374
 15.92241 89.56462
 15.95616 89.69618
 16.00811 90.02781
 16.04691 90.26608
 16.08615 90.44214
 16.09332 90.45560
 16.09463 90.45707
 16.11179 90.45852
 16.20415 90.45745
 16.24857 90.45598
 16.30182 90.44012
 16.30618 90.43581
 16.46878 90.50499
 16.68823 90.68168
 16.72908 90.72204
 16.88002 90.95635
 16.89792 90.98557
 16.91448 91.07394
 17.21489 91.42585
 17.22227 91.43088
 17.23343 91.43484
 17.24699 91.43915
 17.25162 91.43961
 17.27924 90.98772
 17.79425 90.98778
 17.81536 90.98742
 17.81778 89.43975
 17.81742 89.15193
 17.32870 89.14957
 17.15876 89.14897
 17.06091 89.14951
 16.90212 89.15886
 16.01056 89.21863
 15.90026 89.23039
 15.85720 89.41016
 15.84831 89.44972
 15.84774 89.45314
12 24 14.493 15.2311 91.4016 92.1372 'Quetzaltenango (Guatemala)'
 14.88476 91.50411
 14.88424 91.49079
 14.88853 91.47764
 14.86725 91.43873
 14.82288 91.40161
 14.74464 91.44456
 14.67608 91.51481
 14.64808 91.55392
 14.49423 91.80664
 14.49303 91.82663
 14.49406 91.83523
 14.50882 91.91094
 14.52041 91.94710
 14.53860 91.99170
 14.56349 92.04047
 14.62607 92.13720
 15.13812 91.68491
 15.23106 91.56508
 15.21053 91.52157
 15.14672 91.51171
 15.12414 91.54365
 15.11581 91.55266
 14.98655 91.54109
 14.88476 91.50411
13 32 14.8073 16.0741 90.4423 91.3244 'Quiché (Guatemala)'
 14.88668 90.62278
 14.80734 91.07063
 14.89871 91.16885
 14.94012 91.21109
 14.99097 91.24996
 15.02252 91.26529
 15.20302 91.31974
 15.26533 91.32438
 15.53681 91.32356
 15.55831 91.31248
 15.61758 91.27931
 16.07414 90.99324
 16.07383 90.44276
 16.07382 90.44225
 16.04023 90.63476
 16.03516 90.65937
 16.02932 90.67340
 15.98202 90.73728
 15.96332 90.76051
 15.96136 90.76134
 15.75096 90.81990
 15.74821 90.82043
 15.67835 90.78672
 15.65947 90.72109
 15.65157 90.66725
 15.64934 90.65584
 15.32352 90.48417
 15.30928 90.48025
 15.30361 90.48061
 15.29984 90.48167
 14.89386 90.61982
 14.88668 90.62278
14 13 14.1246 14.6651 91.5396 92.1704 'Retalhuleu (Guatemala)'
 14.12486 91.66365
 14.12461 91.66468
 14.12772 91.67396
 14.20173 91.80055
 14.47303 92.14509
 14.49492 92.17035
 14.56607 92.05191
 14.66507 91.67205
 14.64808 91.55392
 14.62915 91.53964
 14.20300 91.62482
 14.12966 91.65900
 14.12486 91.66365
15 13 14.6316 15.4348 91.5651 92.2108 'San Marcos (Guatemala)'
 14.72031 91.83159
 14.63156 92.13198
 14.65980 92.14666
 14.82888 92.18426
 15.25932 92.21077
 15.43480 92.11050
 15.43463 92.10822
 15.34601 91.72060
 15.23106 91.56508
 14.74554 91.78795
 14.73764 91.79274
 14.73284 91.80161
 14.72031 91.83159
16 26 13.8 14.5071 90.0468 90.6277 'Santa Rosa (Guatemala)'
 13.80423 90.26562
 13.80514 90.26881
 13.80498 90.26850
 13.80429 90.26631
 13.80421 90.26569
 13.80423 90.26562
 13.80355 90.26325
 13.79995 90.26228
 13.92240 90.62760
 13.94415 90.62765
 13.98126 90.62773
 14.20748 90.60310
 14.24022 90.58982
 14.45013 90.42701
 14.46964 90.40567
 14.48753 90.36907
 14.50710 90.30476
 14.50305 90.29120
 14.50556 90.25330
 14.50459 90.13620
 14.49262 90.11785
 14.42561 90.04684
 14.12093 90.06049
 14.05018 90.07777
 13.80478 90.26356
 13.80423 90.26562
17 15 14.5221 14.8987 91.0706 91.4823 'Sololá (Guatemala)'
 14.52427 91.11355
 14.52211 91.11423
 14.61409 91.44353
 14.63784 91.48226
 14.71104 91.47826
 14.78434 91.43391
 14.82146 91.40329
 14.85965 91.36112
 14.87253 91.33537
 14.89871 91.16885
 14.89441 91.15952
 14.83455 91.09714
 14.80734 91.07063
 14.75725 91.07737
 14.52427 91.11355
18 20 14.0549 14.711 91.0933 91.6658 'Suchitepéquez (Guatemala)'
 14.05806 91.53298
 14.05491 91.55533
 14.07937 91.59827
 14.08232 91.60339
 14.12148 91.66445
 14.13443 91.66565
 14.13786 91.66582
 14.53114 91.59002
 14.64808 91.55392
 14.68419 91.52099
 14.71104 91.47826
 14.64576 91.32737
 14.55905 91.15836
 14.52211 91.11423
 14.44874 91.09332
 14.41801 91.09970
 14.33475 91.12663
 14.32360 91.13053
 14.28841 91.14558
 14.05806 91.53298
19 12 14.8229 15.2549 91.1688 91.5527 'Totonicapán (Guatemala)'
 14.88304 91.21081
 14.82288 91.40161
 14.88476 91.50411
 14.98655 91.54109
 15.11581 91.55266
 15.12414 91.54365
 15.14672 91.51171
 15.25486 91.31993
 15.25005 91.31405
 15.24542 91.31156
 14.89871 91.16885
 14.88304 91.21081
20 17 14.7378 15.2977 89.1534 89.8722 'Zacapa (Guatemala)'
 14.74365 89.73634
 14.73782 89.78658
 14.85489 89.87223
 15.01934 89.78094
 15.14751 89.67392
 15.27544 89.36453
 15.29007 89.30092
 15.29739 89.25199
 15.29773 89.23305
 15.28299 89.19303
 15.27095 89.18275
 15.24087 89.17185
 15.06483 89.15338
 14.99187 89.17590
 14.94450 89.19958
 14.90158 89.25412
 14.74365 89.73634
