0 121 41.849 43.556 -20.379 -18.4533 'Montenegro (Montenegro)'
 42.56583 -18.45555
 42.56945 -18.46389
 42.61514 -18.54333
 42.64117 -18.57208
 42.66305 -18.57638
 42.71395 -18.55785
 42.72756 -18.52382
 42.76639 -18.49084
 42.82861 -18.45541
 42.96617 -18.48174
 42.99541 -18.50305
 43.01472 -18.53000
 43.02277 -18.55222
 43.02916 -18.57972
 43.04340 -18.64705
 43.08388 -18.65812
 43.12707 -18.64826
 43.14722 -18.64584
 43.25715 -18.70277
 43.34802 -18.83934
 43.35554 -18.88083
 43.35777 -18.91557
 43.32091 -18.95813
 43.29389 -18.95505
 43.23944 -19.01666
 43.23595 -19.05957
 43.25527 -19.07555
 43.30527 -19.09292
 43.43235 -19.02527
 43.44735 -19.00500
 43.45277 -18.98277
 43.45590 -18.95715
 43.50604 -18.94985
 43.55597 -19.00916
 43.51903 -19.21778
 43.51322 -19.22881
 43.46000 -19.25472
 43.44972 -19.27945
 43.37360 -19.44416
 43.31957 -19.51486
 43.26875 -19.55764
 43.23611 -19.58583
 43.18388 -19.64486
 43.17625 -19.66375
 43.17083 -19.69250
 43.14805 -19.78361
 43.10638 -19.92027
 43.09055 -19.96972
 43.03722 -20.03583
 43.00555 -20.05972
 42.97195 -20.15027
 42.96930 -20.17125
 42.94166 -20.25972
 42.92944 -20.29222
 42.88875 -20.34611
 42.84180 -20.37903
 42.76111 -20.23195
 42.76972 -20.10465
 42.77346 -20.07166
 42.76611 -20.03945
 42.75249 -20.01500
 42.72764 -19.98555
 42.70701 -19.97750
 42.68215 -20.01403
 42.67777 -20.04861
 42.67388 -20.07000
 42.65770 -20.09993
 42.56091 -20.07142
 42.56291 -20.05611
 42.51555 -19.92735
 42.47194 -19.82250
 42.48409 -19.79395
 42.50096 -19.76945
 42.54500 -19.74681
 42.58787 -19.76479
 42.64097 -19.75458
 42.66035 -19.71785
 42.62319 -19.65153
 42.60334 -19.63333
 42.57104 -19.61118
 42.54285 -19.60854
 42.44861 -19.51972
 42.18291 -19.28854
 42.15250 -19.33222
 42.12346 -19.37819
 42.10409 -19.39910
 42.07281 -19.37639
 41.95555 -19.34695
 41.91250 -19.34333
 41.84900 -19.36777
 41.89472 -19.29945
 41.90333 -19.27889
 41.91173 -19.23235
 41.93152 -19.17611
 41.94889 -19.15277
 41.98277 -19.13798
 42.01958 -19.14597
 42.04333 -19.13861
 42.11166 -19.07861
 42.13701 -19.05006
 42.15749 -19.00500
 42.18999 -18.96445
 42.27944 -18.87937
 42.28694 -18.84735
 42.28472 -18.81084
 42.37430 -18.64708
 42.36506 -18.62006
 42.38722 -18.57722
 42.42722 -18.55354
 42.42972 -18.58583
 42.41895 -18.62562
 42.39902 -18.70347
 42.41985 -18.70764
 42.46055 -18.67861
 42.45388 -18.50805
 42.44944 -18.50320
 42.45111 -18.49805
 42.47153 -18.47292
 42.49361 -18.45778
 42.51680 -18.45333
 42.56583 -18.45555
