0 30 9.46748 10.1361 83.3212 84.0386 'Cartago (Costa Rica)'
 9.46748 83.48695
 9.48681 83.50848
 9.50861 83.54055
 9.52166 83.56612
 9.57084 83.72639
 9.62527 83.82973
 9.67639 83.92056
 9.75834 84.02806
 9.81250 84.03862
 9.88000 84.03111
 9.92937 84.00007
 9.94993 83.93055
 9.94264 83.90806
 9.96765 83.87017
 10.02125 83.86918
 10.04111 83.87918
 10.06305 83.89862
 10.08228 83.92481
 10.13609 83.94287
 10.13277 83.92917
 9.97722 83.59750
 9.97474 83.32119
 9.82660 83.33112
 9.79028 83.35917
 9.77027 83.37723
 9.71764 83.41806
 9.61111 83.49085
 9.55542 83.51695
 9.50916 83.50806
 9.46748 83.48695
1 35 9.95705 10.7841 83.7102 84.1999 'Heredia (Costa Rica)'
 9.95705 84.19991
 9.99945 84.17835
 10.09805 84.16640
 10.78411 84.15805
 10.76375 84.11598
 10.76695 84.08029
 10.77805 84.04055
 10.76653 83.99736
 10.73445 83.95862
 10.70969 83.92063
 10.72250 83.87001
 10.74611 83.82752
 10.77025 83.77238
 10.77136 83.76085
 10.76091 83.73959
 10.68938 83.71017
 10.68153 83.76473
 10.66834 83.78974
 10.63645 83.82695
 10.43722 83.85723
 10.32916 83.84167
 10.28181 83.84875
 10.24931 83.86625
 10.20362 83.90375
 10.19885 83.91353
 10.19875 83.93904
 10.14847 84.06955
 10.09375 84.03417
 10.03472 84.00765
 9.98674 84.02438
 9.96875 84.05098
 9.95861 84.08278
 9.95972 84.12750
 9.96139 84.18820
 9.95705 84.19991
2 79 9.06313 10.9248 82.5614 83.9429 'Limon (Costa Rica)'
 9.06313 82.93046
 9.08277 82.95279
 9.18972 83.06195
 9.25139 83.10723
 9.32000 83.17133
 9.33819 83.34889
 9.32445 83.39279
 9.35361 83.42945
 9.36368 83.44272
 9.38805 83.45973
 9.42514 83.47417
 9.45334 83.48279
 9.46748 83.48695
 9.50916 83.50806
 9.55542 83.51695
 9.61111 83.49085
 9.71764 83.41806
 9.77027 83.37723
 9.79028 83.35917
 9.82660 83.33112
 9.97474 83.32119
 9.97722 83.59750
 10.13277 83.92917
 10.13609 83.94287
 10.14861 83.94001
 10.18132 83.92805
 10.19885 83.91353
 10.20362 83.90375
 10.24931 83.86625
 10.28181 83.84875
 10.32916 83.84167
 10.43722 83.85723
 10.63645 83.82695
 10.66834 83.78974
 10.68153 83.76473
 10.68938 83.71017
 10.76091 83.73959
 10.77136 83.76085
 10.77048 83.75171
 10.78708 83.68417
 10.80195 83.66015
 10.82445 83.65473
 10.88861 83.66223
 10.92485 83.64580
 10.92020 83.63746
 10.90584 83.62208
 10.86292 83.60098
 10.83805 83.59306
 10.78555 83.57667
 10.75027 83.57001
 10.69250 83.55555
 10.56931 83.50584
 10.47889 83.46167
 10.39695 83.41084
 10.29972 83.33974
 10.00972 83.10486
 9.99084 83.07709
 10.00279 83.02529
 9.95028 83.01084
 9.90889 82.97974
 9.83000 82.92029
 9.74445 82.85305
 9.65264 82.76313
 9.63195 82.70056
 9.62695 82.65973
 9.60278 82.60834
 9.56287 82.56357
 9.53555 82.56140
 9.49042 82.61001
 9.48805 82.63626
 9.50875 82.68250
 9.54666 82.71890
 9.58298 82.74855
 9.60666 82.81418
 9.60972 82.83772
 9.58555 82.86445
 9.47166 82.93472
 9.19945 82.93112
 9.06313 82.93046
3 154 8.02567 10.3289 82.7119 85.2268 'Puntarenas (Costa Rica)'
 8.02567 82.89885
 8.09583 82.89730
 8.18333 82.93986
 8.22945 82.97098
 8.25000 82.99445
 8.28583 83.04140
 8.30653 83.08445
 8.33361 83.12140
 8.35805 83.14334
 8.38798 83.13758
 8.40451 83.11792
 8.44754 83.09525
 8.59972 83.18028
 8.62416 83.23223
 8.67111 83.32591
 8.70319 83.32549
 8.72805 83.34404
 8.73222 83.37390
 8.72916 83.40473
 8.70455 83.48042
 8.61278 83.42639
 8.58695 83.40001
 8.57722 83.37889
 8.57042 83.35042
 8.55958 83.32473
 8.53055 83.29334
 8.46277 83.27251
 8.41972 83.27223
 8.37764 83.27945
 8.37028 83.29112
 8.37208 83.31015
 8.39722 83.36805
 8.41514 83.39585
 8.43389 83.44863
 8.44250 83.48321
 8.44305 83.51113
 8.46834 83.59556
 8.58736 83.73347
 8.61250 83.73584
 8.63500 83.72904
 8.67674 83.70625
 8.68861 83.67418
 8.84111 83.59057
 8.87500 83.58751
 8.96778 83.60251
 9.03645 83.62646
 9.11833 83.70500
 9.13889 83.72585
 9.18166 83.77057
 9.31181 83.95007
 9.33777 84.00890
 9.35972 84.07363
 9.37028 84.12306
 9.37681 84.14778
 9.40111 84.16474
 9.46861 84.22945
 9.50416 84.38139
 9.52403 84.48953
 9.51979 84.53258
 9.57945 84.61862
 9.63305 84.65862
 9.66195 84.67140
 9.69264 84.67348
 9.72514 84.65376
 9.73834 84.63709
 9.76583 84.63091
 9.91834 84.70751
 9.96715 84.74757
 9.96778 84.80555
 9.96758 84.84982
 10.00334 84.88167
 10.02833 84.91751
 10.13028 85.04055
 10.15534 85.07002
 10.16486 85.05702
 10.15639 84.98320
 10.14750 84.92195
 10.18437 84.86847
 10.27548 84.86827
 10.29729 84.87188
 10.32833 84.83445
 10.32889 84.80501
 10.31527 84.78666
 10.26416 84.74528
 10.00555 84.58667
 9.94139 84.63613
 9.86334 84.62334
 9.82445 84.57098
 9.77025 84.54452
 9.74972 84.58879
 9.67861 84.58113
 9.58298 84.53952
 9.56639 84.52112
 9.56236 84.42667
 9.60139 84.39486
 9.63160 84.39570
 9.63834 84.35028
 9.63750 84.28946
 9.61271 84.14341
 9.55527 84.08307
 9.50195 84.05640
 9.46139 84.03139
 9.42722 83.99695
 9.40250 83.95807
 9.39583 83.92835
 9.32972 83.85390
 9.29021 83.84660
 9.25792 83.83682
 9.24069 83.82292
 9.12361 83.63722
 9.07834 83.56445
 9.06708 83.51000
 9.10042 83.47938
 9.15805 83.47126
 9.18166 83.47876
 9.20233 83.50928
 9.25416 83.49847
 9.33069 83.45306
 9.35361 83.42945
 9.32445 83.39279
 9.33819 83.34889
 9.32000 83.17133
 9.25139 83.10723
 9.18972 83.06195
 9.08277 82.95279
 9.06313 82.93046
 9.06722 82.88224
 8.98104 82.74362
 8.92507 82.71188
 8.91083 82.71986
 8.88132 82.75633
 8.86250 82.81334
 8.84278 82.85848
 8.82584 82.87945
 8.76278 82.91446
 8.73965 82.91570
 8.71000 82.89666
 8.68945 82.87958
 8.63666 82.83675
 8.57000 82.82556
 8.47465 82.82993
 8.42750 82.87646
 8.41639 82.92229
 8.39945 82.95252
 8.34027 83.01779
 8.31055 83.03029
 8.29111 83.00501
 8.27639 82.97209
 8.27027 82.95001
 8.25750 82.93335
 8.10181 82.88598
 8.07527 82.88681
 8.03597 82.89278
 8.02567 82.89885
4 13 8.02567 10.3289 82.7119 85.2268 'Puntarenas (Costa Rica)'
 10.02011 85.16728
 9.99403 85.13716
 9.93722 85.00639
 9.89222 84.93224
 9.80750 84.89723
 9.73055 84.95113
 9.58945 85.14223
 9.72735 85.22679
 9.73084 85.22084
 9.74555 85.20654
 9.83666 85.18112
 9.87777 85.20070
 10.02011 85.16728
5 77 9.06708 10.1989 83.4295 84.5888 'San Jose (Costa Rica)'
 9.46748 83.48695
 9.45334 83.48279
 9.42514 83.47417
 9.38805 83.45973
 9.36368 83.44272
 9.35361 83.42945
 9.33069 83.45306
 9.25416 83.49847
 9.20233 83.50928
 9.18166 83.47876
 9.15805 83.47126
 9.10042 83.47938
 9.06708 83.51000
 9.07834 83.56445
 9.12361 83.63722
 9.24069 83.82292
 9.25792 83.83682
 9.29021 83.84660
 9.32972 83.85390
 9.39583 83.92835
 9.40250 83.95807
 9.42722 83.99695
 9.46139 84.03139
 9.50195 84.05640
 9.55527 84.08307
 9.61271 84.14341
 9.63750 84.28946
 9.63834 84.35028
 9.63160 84.39570
 9.60139 84.39486
 9.56236 84.42667
 9.56639 84.52112
 9.58298 84.53952
 9.67861 84.58113
 9.74972 84.58879
 9.77025 84.54452
 9.82445 84.57098
 9.86611 84.54112
 9.90305 84.49556
 9.91722 84.46112
 9.92555 84.39223
 9.91775 84.35196
 9.91111 84.31618
 9.93047 84.24925
 9.94361 84.22278
 9.95705 84.19991
 9.96139 84.18820
 9.95972 84.12750
 9.95861 84.08278
 9.96875 84.05098
 9.98674 84.02438
 10.03472 84.00765
 10.09375 84.03417
 10.14847 84.06955
 10.19875 83.93904
 10.19885 83.91353
 10.18132 83.92805
 10.14861 83.94001
 10.13609 83.94287
 10.08228 83.92481
 10.06305 83.89862
 10.04111 83.87918
 10.02125 83.86918
 9.96765 83.87017
 9.94264 83.90806
 9.94993 83.93055
 9.92937 84.00007
 9.88000 84.03111
 9.81250 84.03862
 9.75834 84.02806
 9.67639 83.92056
 9.62527 83.82973
 9.57084 83.72639
 9.52166 83.56612
 9.50861 83.54055
 9.48681 83.50848
 9.46748 83.48695
6 48 9.82445 11.0781 84.1581 85.4394 'Alajuela (Costa Rica)'
 10.78411 84.15805
 10.09805 84.16640
 9.99945 84.17835
 9.95705 84.19991
 9.94361 84.22278
 9.93047 84.24925
 9.91111 84.31618
 9.91775 84.35196
 9.92555 84.39223
 9.91722 84.46112
 9.90305 84.49556
 9.86611 84.54112
 9.82445 84.57098
 9.86334 84.62334
 9.94139 84.63613
 10.00555 84.58667
 10.26416 84.74528
 10.31527 84.78666
 10.31472 84.78334
 10.34653 84.76820
 10.44424 84.76501
 10.49111 84.78820
 10.53166 84.83805
 10.54277 84.85501
 10.55416 84.88043
 10.65000 84.99154
 10.69292 85.01556
 10.70500 85.03306
 10.71472 85.06084
 10.76027 85.22974
 10.75674 85.27167
 10.76555 85.29001
 10.84430 85.38167
 10.91708 85.43941
 10.96334 85.36834
 11.06525 85.22157
 11.04486 85.17375
 11.04243 85.16472
 11.03945 85.16139
 11.02722 85.13362
 11.01000 85.08778
 10.94084 84.90279
 11.07805 84.67445
 10.95389 84.34306
 10.89861 84.27335
 10.81191 84.22505
 10.78365 84.19327
 10.78411 84.15805
7 80 9.72735 11.2128 84.765 85.9114 'Guanacaste (Costa Rica)'
 10.04889 85.75279
 10.05722 85.76487
 10.10000 85.79529
 10.19472 85.83335
 10.24722 85.85153
 10.36945 85.85751
 10.41083 85.80139
 10.59027 85.65473
 10.62166 85.63251
 10.79931 85.68001
 10.80889 85.70807
 10.81555 85.73778
 10.84639 85.81751
 10.89111 85.91139
 10.91389 85.88417
 10.94166 85.84889
 10.94389 85.82085
 10.92760 85.72608
 10.93305 85.70500
 10.96305 85.68987
 11.05500 85.66959
 11.07431 85.68806
 11.07606 85.69238
 11.21285 85.61355
 11.20972 85.56418
 11.16611 85.52695
 11.12639 85.42084
 11.12222 85.35959
 11.08445 85.26640
 11.06525 85.22157
 10.96334 85.36834
 10.91708 85.43941
 10.84430 85.38167
 10.76555 85.29001
 10.75674 85.27167
 10.76027 85.22974
 10.71472 85.06084
 10.70500 85.03306
 10.69292 85.01556
 10.65000 84.99154
 10.55416 84.88043
 10.54277 84.85501
 10.53166 84.83805
 10.49111 84.78820
 10.44424 84.76501
 10.34653 84.76820
 10.31472 84.78334
 10.31527 84.78666
 10.32889 84.80501
 10.32833 84.83445
 10.29729 84.87188
 10.27548 84.86827
 10.18437 84.86847
 10.14750 84.92195
 10.15639 84.98320
 10.16486 85.05702
 10.15534 85.07002
 10.20736 85.23625
 10.18027 85.24335
 10.10729 85.23855
 10.08500 85.22299
 10.07834 85.19764
 10.04527 85.15779
 10.02011 85.16728
 9.87777 85.20070
 9.83666 85.18112
 9.74555 85.20654
 9.73084 85.22084
 9.72735 85.22679
 9.78597 85.27848
 9.83277 85.34500
 9.84625 85.38501
 9.85833 85.43973
 9.87229 85.53188
 9.87000 85.55195
 9.87389 85.57251
 9.88889 85.61917
 9.90500 85.65668
 9.99472 85.71417
 10.04889 85.75279
