0 58 -10.3484 -7.71209 -149.664 -146.379 'Central (Papua New Guinea)'
 -10.15153 -148.33417
 -10.15113 -148.34572
 -10.14998 -148.34520
 -10.13882 -148.33784
 -10.13826 -148.33591
 -10.13840 -148.33518
 -10.13951 -148.33282
 -10.14045 -148.33178
 -10.15153 -148.33417
 -10.16343 -147.98742
 -10.16298 -147.97913
 -10.16232 -147.97445
 -10.16147 -147.97175
 -10.06566 -147.75009
 -9.98349 -147.61926
 -9.96919 -147.60333
 -9.94629 -147.58319
 -9.87730 -147.52912
 -9.56159 -147.31486
 -9.52432 -147.29708
 -9.42581 -147.08004
 -9.38974 -147.01313
 -8.99664 -146.59158
 -8.58530 -146.37869
 -7.90707 -146.39540
 -7.76951 -146.57150
 -7.71209 -146.67130
 -7.74257 -146.72643
 -7.76863 -146.74635
 -7.94887 -146.84263
 -7.95536 -146.88589
 -7.99873 -146.99750
 -8.16971 -147.16679
 -8.39115 -147.37993
 -8.44643 -147.35251
 -8.70872 -147.42298
 -8.92673 -147.54038
 -9.55697 -148.05725
 -9.60200 -148.09610
 -9.76056 -148.30640
 -9.88551 -148.61900
 -9.92282 -148.77960
 -9.92912 -148.94830
 -9.90567 -148.96370
 -9.86104 -149.21265
 -10.03514 -149.65570
 -10.34261 -149.66414
 -10.34839 -149.61515
 -10.34588 -149.49539
 -10.30655 -149.31408
 -10.19423 -148.64124
 -10.20390 -148.47700
 -10.20068 -148.41655
 -10.18106 -148.35234
 -10.17688 -148.34109
 -10.17424 -148.33930
 -10.17000 -148.33816
 -10.15153 -148.33417
1 65 -6.12661 -4.13288 -152.383 -150.589 'East New Britain (Papua New Guinea)'
 -4.34256 -152.27724
 -4.34288 -152.28988
 -4.34089 -152.33159
 -4.34077 -152.33237
 -4.33810 -152.34510
 -4.67188 -152.38223
 -4.67943 -152.38269
 -4.76937 -152.36537
 -4.77081 -152.36481
 -5.39690 -152.12036
 -5.44726 -152.08678
 -5.44922 -152.08426
 -5.58629 -151.81629
 -6.12630 -150.74729
 -6.12661 -150.74598
 -6.12521 -150.74062
 -6.12043 -150.73810
 -6.11105 -150.73313
 -5.91698 -150.63045
 -5.82676 -150.58853
 -5.73941 -150.60390
 -5.69193 -150.75571
 -5.72626 -150.84010
 -5.65000 -150.96667
 -5.55208 -151.11720
 -5.45608 -151.21851
 -5.42957 -151.23780
 -5.36033 -151.25560
 -5.34498 -151.23050
 -5.35169 -151.19150
 -5.34648 -151.15581
 -5.32864 -151.15460
 -5.06425 -151.29910
 -5.01106 -151.36133
 -4.98403 -151.42731
 -4.98533 -151.73840
 -4.61344 -151.65720
 -4.47510 -151.62150
 -4.47461 -151.62127
 -4.46997 -151.61766
 -4.41686 -151.57475
 -4.41648 -151.57436
 -4.19822 -151.68997
 -4.13288 -152.16716
 -4.13403 -152.16940
 -4.13430 -152.16967
 -4.16291 -152.19319
 -4.19971 -152.21358
 -4.20116 -152.17063
 -4.20251 -152.16563
 -4.20573 -152.16066
 -4.20603 -152.16035
 -4.21052 -152.15740
 -4.22476 -152.14986
 -4.22673 -152.14914
 -4.22879 -152.14888
 -4.28721 -152.15611
 -4.28910 -152.15676
 -4.29394 -152.15919
 -4.29963 -152.16355
 -4.30378 -152.16821
 -4.30520 -152.16997
 -4.30924 -152.17910
 -4.33978 -152.26836
 -4.34256 -152.27724
2 15 -7.18214 -5.80781 -146.132 -145 'Eastern Highlands (Papua New Guinea)'
 -7.13869 -145.90340
 -7.18214 -145.86347
 -6.86577 -145.31984
 -6.48534 -145.00000
 -6.46818 -145.00000
 -5.84121 -145.15810
 -5.80781 -145.27080
 -5.89698 -145.65140
 -5.95389 -145.80470
 -6.13771 -146.12171
 -6.18173 -146.13229
 -6.37957 -146.10590
 -6.81865 -146.02333
 -6.87496 -146.00600
 -7.13869 -145.90340
3 258 -8.5853 -6.70612 -146.671 -143.019 'Gulf (Papua New Guinea)'
 -7.94942 -145.75391
 -7.94901 -145.75541
 -7.94838 -145.75740
 -7.94820 -145.75781
 -7.94661 -145.75889
 -7.92545 -145.75384
 -7.92916 -145.74899
 -7.93265 -145.74612
 -7.93309 -145.74631
 -7.94942 -145.75391
 -7.95390 -145.73760
 -7.95417 -145.73642
 -7.95870 -145.71625
 -7.95898 -145.70871
 -7.95026 -145.42323
 -7.94986 -145.41594
 -7.94960 -145.41536
 -7.94826 -145.41461
 -7.90551 -145.40392
 -7.90256 -145.40367
 -7.89516 -145.40425
 -7.89370 -145.40490
 -7.84023 -145.50083
 -7.82101 -145.50156
 -7.79622 -145.50052
 -7.72362 -145.49022
 -7.72176 -145.48179
 -7.89370 -145.40490
 -7.89492 -145.40271
 -7.85437 -145.25851
 -7.77173 -145.18213
 -7.49520 -145.10857
 -7.43794 -145.11027
 -7.37153 -145.12109
 -7.36610 -145.12456
 -7.36498 -145.12861
 -7.35122 -145.20865
 -7.34667 -145.25029
 -7.35237 -145.27768
 -7.34353 -145.26606
 -7.34216 -145.26141
 -7.35122 -145.20865
 -7.36024 -145.12628
 -7.36153 -145.12273
 -7.36279 -145.12105
 -7.36458 -145.11914
 -7.36620 -145.11819
 -7.64356 -144.99549
 -7.67539 -144.99163
 -7.72240 -144.99350
 -7.72854 -144.99559
 -7.73438 -144.99941
 -7.73485 -145.00000
 -7.77801 -145.01683
 -7.78886 -145.01958
 -7.79364 -145.01943
 -7.79531 -145.01904
 -7.81324 -145.01027
 -7.81889 -145.00349
 -7.82053 -144.99980
 -7.80455 -144.95553
 -7.77772 -144.90689
 -7.77752 -144.90660
 -7.75359 -144.87713
 -7.75314 -144.87681
 -7.74659 -144.87524
 -7.73059 -144.87808
 -7.72952 -144.87928
 -7.72865 -144.87975
 -7.70302 -144.88816
 -7.70958 -144.88334
 -7.71447 -144.88094
 -7.73059 -144.87808
 -7.73070 -144.87795
 -7.73127 -144.87652
 -7.73130 -144.87321
 -7.72941 -144.86581
 -7.72908 -144.86530
 -7.72386 -144.86225
 -7.64817 -144.84941
 -7.62243 -144.84883
 -7.60349 -144.90701
 -7.58453 -144.88770
 -7.58131 -144.88337
 -7.58112 -144.88299
 -7.58039 -144.88072
 -7.58039 -144.87797
 -7.58097 -144.87654
 -7.59065 -144.85967
 -7.59322 -144.85688
 -7.59485 -144.85565
 -7.59973 -144.85222
 -7.60474 -144.85008
 -7.61231 -144.84861
 -7.62243 -144.84883
 -7.62736 -144.83371
 -7.62689 -144.83168
 -7.62150 -144.82805
 -7.62041 -144.82671
 -7.62034 -144.82619
 -7.62300 -144.81478
 -7.62689 -144.83168
 -7.63352 -144.83614
 -7.63451 -144.83636
 -7.63504 -144.83636
 -7.67026 -144.83014
 -7.68118 -144.81848
 -7.68202 -144.81727
 -7.68225 -144.81687
 -7.68411 -144.80778
 -7.68435 -144.80301
 -7.68427 -144.79963
 -7.68019 -144.78897
 -7.66374 -144.75781
 -7.66279 -144.75650
 -7.48212 -144.68448
 -7.47945 -144.68505
 -7.47038 -144.68510
 -7.44511 -144.68180
 -7.42547 -144.67545
 -7.45405 -144.67395
 -7.45952 -144.67547
 -7.48212 -144.68448
 -7.48338 -144.68422
 -7.48877 -144.68109
 -7.49104 -144.67880
 -7.49212 -144.67649
 -7.49272 -144.67452
 -7.49272 -144.67210
 -7.49041 -144.66120
 -7.45551 -144.62089
 -7.42868 -144.59746
 -7.42419 -144.60026
 -7.42624 -144.59766
 -7.42786 -144.59674
 -7.42868 -144.59746
 -7.43080 -144.59614
 -7.43425 -144.58964
 -7.43353 -144.58700
 -7.42353 -144.57389
 -7.41737 -144.57605
 -7.40666 -144.58553
 -7.41250 -144.57775
 -7.41737 -144.57605
 -7.42266 -144.57136
 -7.42101 -144.56827
 -7.40957 -144.54924
 -7.40941 -144.54899
 -7.40197 -144.53787
 -7.40180 -144.53776
 -7.39843 -144.53257
 -7.40197 -144.53787
 -7.41736 -144.54761
 -7.41774 -144.54780
 -7.47194 -144.55735
 -7.47531 -144.55726
 -7.47582 -144.55712
 -7.47990 -144.55443
 -7.48302 -144.55155
 -7.50602 -144.52913
 -7.50541 -144.52779
 -7.46477 -144.46027
 -7.46028 -144.45457
 -7.45885 -144.45360
 -7.43973 -144.45062
 -7.43090 -144.45204
 -7.41849 -144.44729
 -7.43973 -144.45062
 -7.45510 -144.44813
 -7.45570 -144.44773
 -7.45992 -144.43801
 -7.45969 -144.43251
 -7.44799 -144.34731
 -7.41820 -144.30184
 -7.37725 -144.25095
 -7.37724 -144.25095
 -7.37347 -144.24942
 -7.26267 -144.19672
 -7.25426 -144.20849
 -7.25728 -144.20181
 -7.26121 -144.19667
 -7.26182 -144.19632
 -7.18630 -144.16040
 -7.25153 -144.17047
 -7.25632 -144.17189
 -7.25949 -144.17423
 -7.26165 -144.17672
 -7.26789 -144.18942
 -7.26347 -144.19560
 -7.26759 -144.19412
 -7.30574 -144.18512
 -7.30822 -144.18454
 -7.31090 -144.18429
 -7.31515 -144.18508
 -7.34537 -144.21134
 -7.37725 -144.25095
 -7.69245 -144.25962
 -7.70285 -144.25905
 -7.71010 -144.25820
 -7.71465 -144.25738
 -7.71891 -144.25544
 -7.72273 -144.25143
 -7.74009 -144.22926
 -7.79280 -144.15908
 -7.79799 -144.15027
 -7.79823 -144.14314
 -7.78147 -144.11128
 -7.78085 -144.11015
 -7.77884 -144.10771
 -7.71733 -144.04309
 -7.70258 -144.03104
 -7.69271 -144.02615
 -7.69653 -144.02656
 -7.69968 -144.02867
 -7.70258 -144.03104
 -7.72235 -144.04084
 -7.72688 -143.98914
 -7.71426 -143.90913
 -7.71394 -143.90834
 -7.71284 -143.90582
 -7.65703 -143.82802
 -7.65477 -143.82572
 -7.56161 -143.74552
 -7.42989 -143.68048
 -7.44057 -143.67136
 -7.51950 -143.70927
 -7.56161 -143.74552
 -7.71359 -143.82056
 -7.76969 -143.84169
 -7.99064 -143.92175
 -7.03880 -143.01909
 -6.78411 -143.02915
 -6.78845 -143.47566
 -6.78864 -143.49356
 -6.78865 -143.49464
 -6.78868 -143.49635
 -6.78875 -143.50288
 -6.78965 -143.59734
 -6.78980 -143.61522
 -6.79084 -143.99158
 -6.72827 -144.50373
 -6.70651 -144.75646
 -6.70612 -144.76100
 -6.70651 -144.76295
 -6.82959 -145.24589
 -6.95806 -145.54952
 -7.08830 -145.75245
 -7.66636 -146.61099
 -7.71209 -146.67130
 -7.74432 -146.64980
 -7.82679 -146.54050
 -7.89614 -146.41516
 -7.89707 -146.41347
 -7.90707 -146.39540
 -8.58530 -146.37869
 -7.99355 -145.78854
 -7.96153 -145.75954
 -7.94942 -145.75391
4 5 -8.5853 -6.70612 -146.671 -143.019 'Gulf (Papua New Guinea)'
 -7.26267 -144.19672
 -7.26347 -144.19560
 -7.26244 -144.19597
 -7.26182 -144.19632
 -7.26267 -144.19672
5 31 -10.7026 -9.59214 -150.696 -148.974 'Milne Bay (Papua New Guinea)'
 -9.59214 -149.43672
 -9.61295 -149.45526
 -9.59964 -149.47450
 -9.59741 -149.48130
 -9.59607 -149.51027
 -9.62592 -149.98976
 -9.62980 -150.01186
 -9.63046 -150.01264
 -9.67299 -150.04880
 -9.68397 -150.05699
 -10.08640 -150.09320
 -10.10540 -150.19424
 -10.28425 -150.64798
 -10.56146 -150.69608
 -10.56707 -150.68947
 -10.58483 -150.65971
 -10.68105 -150.41886
 -10.68795 -150.39266
 -10.70262 -150.20181
 -10.59820 -149.97921
 -10.58987 -149.96390
 -10.55745 -149.90475
 -10.54153 -149.88268
 -10.52621 -149.86485
 -10.34187 -149.68808
 -9.97284 -149.43291
 -9.92590 -149.31140
 -9.80588 -149.02260
 -9.77077 -148.97400
 -9.67264 -149.04170
 -9.59214 -149.43672
6 77 -8.00153 -5.83864 -147.956 -145.805 'Morobe (Papua New Guinea)'
 -5.95918 -147.10652
 -5.96200 -147.20864
 -5.95749 -147.21745
 -5.94106 -147.24210
 -5.92666 -147.25251
 -5.91739 -147.33082
 -5.91803 -147.33905
 -5.96655 -147.44529
 -5.97186 -147.45399
 -5.99838 -147.49311
 -6.05759 -147.57395
 -6.06767 -147.58385
 -6.11077 -147.62245
 -6.31904 -147.80626
 -6.32494 -147.81102
 -6.42173 -147.84937
 -6.43041 -147.85280
 -6.63211 -147.85993
 -6.64389 -147.85949
 -6.64979 -147.85766
 -6.69305 -147.81031
 -6.70840 -147.74826
 -6.74554 -147.56843
 -6.73731 -147.20109
 -6.73565 -147.19740
 -6.72013 -147.17195
 -6.70673 -147.14324
 -6.70459 -147.09326
 -6.70626 -147.08073
 -6.74264 -146.97188
 -6.74732 -146.96324
 -6.75378 -146.96012
 -6.78571 -146.95312
 -6.81884 -146.94753
 -6.82332 -146.94702
 -6.84138 -146.94610
 -6.91420 -146.94540
 -6.96533 -146.94669
 -6.97475 -146.94801
 -6.97775 -146.94898
 -7.28899 -147.12420
 -7.50732 -147.30841
 -7.93081 -147.78272
 -7.93083 -147.78645
 -7.93952 -147.86259
 -7.93994 -147.86545
 -7.94034 -147.86654
 -7.99333 -147.94626
 -8.00050 -147.95572
 -8.00153 -147.95377
 -7.99873 -146.99750
 -7.94887 -146.84263
 -7.48852 -146.10080
 -7.18214 -145.86347
 -6.96233 -145.89412
 -6.92462 -145.96471
 -6.87496 -146.00600
 -6.81865 -146.02333
 -6.37957 -146.10590
 -6.18173 -146.13229
 -6.13771 -146.12171
 -6.10916 -146.06300
 -6.08235 -145.99655
 -6.08273 -145.95494
 -6.08557 -145.95080
 -6.08840 -145.94963
 -6.08698 -145.93189
 -6.06471 -145.90069
 -5.98321 -145.82893
 -5.95389 -145.80470
 -5.95160 -146.53760
 -5.83864 -146.86870
 -5.89785 -146.92360
 -5.90371 -146.93140
 -5.93859 -146.99925
 -5.95575 -147.07581
 -5.95918 -147.10652
7 78 -9.92912 -7.99047 -149.331 -146.998 'Northern (Papua New Guinea)'
 -8.06392 -148.01256
 -8.07794 -148.01855
 -8.06657 -148.01513
 -8.06513 -148.01424
 -8.06392 -148.01256
 -8.05572 -148.00906
 -8.05468 -148.00991
 -8.05429 -148.01090
 -8.05741 -148.09053
 -8.05878 -148.11785
 -8.07027 -148.12823
 -8.30760 -148.20615
 -8.45411 -148.23294
 -8.45737 -148.23294
 -8.46274 -148.23151
 -8.48047 -148.22662
 -8.48223 -148.22596
 -8.47571 -148.19282
 -8.48544 -148.20091
 -8.48575 -148.20133
 -8.48512 -148.21685
 -8.48447 -148.22397
 -8.48274 -148.22577
 -8.48223 -148.22596
 -8.48298 -148.22979
 -8.48428 -148.23251
 -8.48467 -148.23328
 -8.69329 -148.43901
 -8.74177 -148.47305
 -8.78423 -148.47486
 -8.81567 -148.47438
 -8.82341 -148.47467
 -8.82682 -148.47518
 -9.00293 -148.52601
 -9.00494 -148.52704
 -9.02086 -148.53903
 -9.06093 -148.57803
 -9.07976 -148.59727
 -9.08647 -148.60716
 -9.08991 -148.61501
 -9.09037 -148.61714
 -9.10987 -148.72371
 -9.11161 -148.73565
 -9.11412 -148.75682
 -9.11277 -148.76898
 -9.08816 -148.86488
 -9.08657 -148.86987
 -8.99759 -149.24800
 -8.99725 -149.25081
 -8.99741 -149.25164
 -9.01427 -149.29273
 -9.02310 -149.30540
 -9.03855 -149.31566
 -9.05542 -149.31913
 -9.11768 -149.33123
 -9.13466 -149.32897
 -9.50237 -149.24568
 -9.69709 -149.14281
 -9.92912 -148.94830
 -9.92282 -148.77960
 -9.88551 -148.61900
 -9.76056 -148.30640
 -9.60200 -148.09610
 -9.55697 -148.05725
 -8.92673 -147.54038
 -8.70872 -147.42298
 -8.44643 -147.35251
 -7.99873 -146.99750
 -7.99047 -147.11136
 -8.00153 -147.95377
 -8.00282 -147.95877
 -8.00396 -147.95961
 -8.07081 -147.98943
 -8.05609 -147.99431
 -8.05531 -147.99580
 -8.05584 -147.99941
 -8.06166 -148.00944
 -8.06392 -148.01256
8 70 -6.29111 -4.8889 -151.738 -148.308 'West New Britain (Papua New Guinea)'
 -4.88890 -151.68442
 -4.98533 -151.73840
 -4.98403 -151.42731
 -5.01106 -151.36133
 -5.06425 -151.29910
 -5.72626 -150.84010
 -6.11105 -150.73313
 -6.11308 -150.73163
 -6.11772 -150.72741
 -6.26783 -150.40603
 -6.27802 -150.38389
 -6.27857 -150.38057
 -6.27924 -150.37435
 -6.29110 -149.60961
 -6.29111 -149.60719
 -6.29097 -149.60671
 -6.10857 -149.04684
 -5.77026 -148.39728
 -5.76511 -148.38915
 -5.74986 -148.36596
 -5.74358 -148.35867
 -5.74177 -148.35688
 -5.73037 -148.34626
 -5.69624 -148.32240
 -5.65866 -148.31024
 -5.65805 -148.31008
 -5.64111 -148.30781
 -5.64065 -148.30784
 -5.55000 -148.32564
 -5.50203 -148.34134
 -5.48385 -148.34819
 -5.47784 -148.35125
 -5.47502 -148.35303
 -5.47311 -148.35467
 -5.47178 -148.35640
 -5.45945 -148.37519
 -5.45932 -148.37547
 -5.44506 -148.40933
 -5.44311 -148.41526
 -5.44311 -148.41715
 -5.44525 -148.42731
 -5.45259 -148.44994
 -5.49989 -148.74966
 -5.57602 -149.24752
 -5.53446 -149.67255
 -5.51727 -150.09613
 -5.54760 -150.14614
 -5.55182 -150.15346
 -5.55103 -150.24071
 -5.52369 -150.71478
 -5.49048 -150.87730
 -5.48435 -150.90090
 -5.48175 -150.90654
 -5.44646 -150.95313
 -5.44406 -150.95533
 -5.40747 -150.98838
 -5.38149 -151.00283
 -5.37402 -151.00685
 -5.36831 -151.00871
 -5.36152 -151.00523
 -5.35064 -151.00163
 -5.33579 -151.00169
 -5.30408 -151.00748
 -5.19822 -151.05453
 -5.14320 -151.08598
 -5.00597 -151.23304
 -4.98645 -151.25874
 -4.95041 -151.34835
 -4.93552 -151.42752
 -4.88890 -151.68442
9 153 -9.33318 -4.90344 -143.922 -140.937 'Western (Papua New Guinea)'
 -7.98228 -143.86118
 -7.96504 -143.85295
 -7.96357 -143.85211
 -7.96209 -143.85062
 -7.96169 -143.84973
 -7.95949 -143.81804
 -7.98228 -143.86118
 -8.00659 -143.87280
 -8.01232 -143.87406
 -8.01311 -143.87416
 -8.02012 -143.87491
 -8.03403 -143.87241
 -8.04227 -143.86935
 -8.04599 -143.86523
 -8.04691 -143.86300
 -8.04745 -143.86086
 -8.04792 -143.85428
 -8.04876 -143.84028
 -8.04876 -143.83958
 -8.04736 -143.75982
 -8.04631 -143.75150
 -8.04289 -143.73028
 -8.00083 -143.48619
 -7.99909 -143.48059
 -7.97185 -143.42986
 -7.86396 -143.33039
 -7.88778 -143.29407
 -7.89295 -143.28934
 -7.83118 -143.25769
 -7.82972 -143.25767
 -7.80202 -143.26518
 -7.79239 -143.26780
 -7.78080 -143.29046
 -7.78036 -143.29050
 -7.77681 -143.28790
 -7.77066 -143.27914
 -7.76938 -143.27406
 -7.79239 -143.26780
 -7.80455 -143.24404
 -7.78180 -143.23238
 -7.78740 -143.21755
 -7.78841 -143.21643
 -7.80818 -143.23464
 -7.80851 -143.23519
 -7.80868 -143.23596
 -7.80455 -143.24404
 -7.83118 -143.25769
 -7.87714 -143.25827
 -7.88011 -143.25935
 -7.88113 -143.26090
 -7.89526 -143.28722
 -7.89819 -143.28453
 -7.89988 -143.28390
 -7.96249 -143.27302
 -7.96694 -143.27327
 -7.96877 -143.27564
 -7.96900 -143.28090
 -7.96533 -143.30864
 -7.96450 -143.31307
 -7.96407 -143.31400
 -7.96055 -143.31685
 -7.96020 -143.31685
 -7.92344 -143.30474
 -7.92089 -143.30365
 -7.89771 -143.29178
 -7.97185 -143.42986
 -8.18243 -143.62401
 -8.23717 -143.43228
 -8.30246 -143.08594
 -8.29220 -142.58056
 -7.97863 -141.97418
 -7.82320 -141.80829
 -7.82227 -141.80683
 -7.82174 -141.80534
 -7.75946 -141.55035
 -7.97863 -141.97418
 -8.03054 -142.02958
 -8.03674 -142.03460
 -8.04647 -142.03766
 -8.07575 -142.04527
 -8.08113 -142.04611
 -8.08654 -142.04458
 -8.08842 -142.04233
 -8.22810 -142.18994
 -8.35978 -142.53625
 -8.33435 -142.78329
 -8.44851 -143.09930
 -8.45387 -143.10845
 -8.46056 -143.11779
 -8.54251 -143.22097
 -8.57157 -143.25495
 -8.73451 -143.38671
 -8.75380 -143.40150
 -8.75701 -143.40210
 -8.77196 -143.40469
 -8.96164 -143.42023
 -8.96526 -143.41886
 -8.98013 -143.40407
 -9.00789 -143.36530
 -9.02513 -143.33905
 -9.33318 -142.63950
 -9.33279 -142.63609
 -9.32332 -142.56950
 -9.32317 -142.56897
 -9.32084 -142.56428
 -9.14646 -142.21427
 -9.14484 -142.21361
 -9.14423 -142.21372
 -9.07058 -142.23229
 -9.05689 -142.25842
 -9.05598 -142.26004
 -9.05553 -142.26052
 -9.06886 -142.23273
 -9.07058 -142.23229
 -9.16822 -142.04593
 -9.19988 -141.91590
 -9.20165 -141.88112
 -9.23295 -141.18804
 -9.23462 -141.14140
 -9.23462 -141.13876
 -9.23320 -141.13074
 -9.23291 -141.12994
 -9.22788 -141.12077
 -9.13207 -141.02092
 -9.12960 -141.01991
 -9.12712 -141.01944
 -6.89250 -141.01944
 -6.56111 -140.93693
 -5.87750 -141.00000
 -4.90344 -141.00000
 -5.29755 -142.13680
 -5.32281 -142.17803
 -5.32519 -142.18018
 -5.34438 -142.16892
 -5.35609 -142.15263
 -5.37334 -142.12690
 -5.38673 -142.10815
 -5.39562 -142.09650
 -5.39716 -142.09612
 -5.40051 -142.09612
 -5.86567 -142.63741
 -6.78363 -142.65063
 -7.03880 -143.01909
 -7.35397 -143.32665
 -7.99064 -143.92175
 -7.99707 -143.92115
 -8.00194 -143.91734
 -8.00414 -143.91036
 -8.00413 -143.90978
 -8.00243 -143.90206
 -7.99969 -143.89484
 -7.99583 -143.88684
 -7.98228 -143.86118
10 4 -9.33318 -4.90344 -143.922 -140.937 'Western (Papua New Guinea)'
 -7.89295 -143.28934
 -7.89771 -143.29178
 -7.89526 -143.28722
 -7.89295 -143.28934
11 86 -5.1081 -3.35442 -144.613 -141.355 'East Sepik (Papua New Guinea)'
 -3.89986 -144.44762
 -3.92202 -144.43808
 -4.13396 -143.85162
 -4.17693 -143.60332
 -4.17690 -143.60098
 -4.17752 -143.59927
 -4.17920 -143.59615
 -4.18092 -143.59445
 -4.18573 -143.59172
 -4.21861 -143.58710
 -4.23458 -143.73577
 -4.23018 -143.76025
 -4.22803 -143.76835
 -4.09961 -144.12762
 -3.99770 -144.36788
 -3.99690 -144.36955
 -3.94092 -144.42894
 -3.93870 -144.43091
 -3.92202 -144.43808
 -3.90816 -144.47643
 -3.89986 -144.44762
 -3.89529 -144.44958
 -3.85255 -144.46733
 -3.83189 -144.47646
 -3.83153 -144.47666
 -3.82550 -144.48022
 -3.82094 -144.48484
 -3.81783 -144.49178
 -3.81783 -144.49450
 -3.81902 -144.49731
 -3.85206 -144.54583
 -3.87516 -144.55957
 -3.87973 -144.56201
 -3.88143 -144.56231
 -3.88655 -144.56079
 -3.88721 -144.56048
 -3.89101 -144.55794
 -3.88308 -144.55431
 -3.88984 -144.54863
 -3.89269 -144.54724
 -3.90477 -144.54228
 -3.90529 -144.54260
 -3.90649 -144.54590
 -3.90676 -144.54746
 -3.89101 -144.55794
 -4.01191 -144.61334
 -4.54037 -144.59904
 -4.54233 -144.59898
 -4.54352 -144.59788
 -4.54433 -144.59702
 -4.97585 -144.11540
 -5.10810 -143.29401
 -4.96191 -142.43210
 -4.92037 -142.35820
 -4.55170 -142.33450
 -4.55788 -141.36929
 -4.20510 -141.35508
 -3.98242 -141.67969
 -3.97911 -141.68593
 -4.02735 -141.73377
 -4.02924 -141.73523
 -4.03051 -141.74023
 -4.04383 -141.79383
 -4.04381 -141.79498
 -4.04315 -141.82198
 -4.02638 -142.49780
 -3.86825 -142.61011
 -3.76576 -142.61261
 -3.55124 -142.61472
 -3.48750 -142.61212
 -3.44222 -142.66443
 -3.39821 -142.77555
 -3.35442 -143.12204
 -3.35494 -143.13620
 -3.35773 -143.16002
 -3.37200 -143.21212
 -3.41044 -143.34737
 -3.41307 -143.41914
 -3.43622 -143.49966
 -3.44563 -143.52067
 -3.65105 -143.81714
 -3.73567 -143.93158
 -3.79602 -144.03259
 -3.83119 -144.14389
 -3.84094 -144.24312
 -3.89986 -144.44762
12 31 -5.33536 -2.60303 -142.852 -141 'Sandaun (Papua New Guinea)'
 -3.86825 -142.61011
 -4.02638 -142.49780
 -4.04315 -141.82198
 -4.04381 -141.79498
 -4.04383 -141.79383
 -4.03051 -141.74023
 -4.02924 -141.73523
 -4.02735 -141.73377
 -3.97911 -141.68593
 -3.98242 -141.67969
 -4.20510 -141.35508
 -4.55788 -141.36929
 -4.55170 -142.33450
 -4.92037 -142.35820
 -5.32197 -142.31012
 -5.32365 -142.30947
 -5.32622 -142.30753
 -5.33099 -142.30094
 -5.33536 -142.28025
 -5.32281 -142.17803
 -4.90344 -141.00000
 -2.60421 -141.00000
 -2.60383 -141.00444
 -2.60307 -141.02912
 -2.60303 -141.05760
 -2.70083 -141.31567
 -2.97291 -141.89853
 -3.09597 -142.19808
 -3.23459 -142.54360
 -3.32557 -142.85178
 -3.86825 -142.61011
13 31 -6.86577 -5.77667 -145.355 -144.427 'Chimbu (Papua New Guinea)'
 -6.78054 -145.34727
 -6.86577 -145.31984
 -6.85289 -145.19532
 -6.85186 -145.18806
 -6.84517 -145.16252
 -6.76033 -144.86302
 -6.69737 -144.67813
 -6.67020 -144.60969
 -6.56682 -144.43499
 -6.55961 -144.43175
 -6.54545 -144.42670
 -6.48442 -144.43214
 -5.81449 -144.87065
 -5.77667 -145.00587
 -5.78626 -145.08150
 -5.84121 -145.15810
 -6.12780 -145.26053
 -6.19801 -145.28499
 -6.24799 -145.23180
 -6.36079 -145.08000
 -6.39360 -145.01210
 -6.46818 -145.00000
 -6.48534 -145.00000
 -6.49915 -145.01891
 -6.58467 -145.13960
 -6.60042 -145.16504
 -6.62313 -145.20760
 -6.64398 -145.28630
 -6.67918 -145.33929
 -6.73590 -145.35460
 -6.78054 -145.34727
14 14 -5.93755 -4.93715 -144.194 -142.753 'Enga (Papua New Guinea)'
 -5.05365 -143.16811
 -5.10810 -143.29401
 -4.99838 -143.97169
 -5.20473 -144.19357
 -5.35206 -144.17860
 -5.76868 -143.97154
 -5.92532 -143.78686
 -5.93755 -143.54173
 -5.85769 -143.36060
 -5.55769 -142.75430
 -4.96974 -142.75310
 -4.93715 -142.95153
 -5.00294 -143.10039
 -5.05365 -143.16811
15 20 -6.29774 -4.92037 -143.427 -142.106 'Hela (Papua New Guinea)'
 -6.16539 -143.37323
 -6.29774 -142.97122
 -6.18499 -142.64200
 -5.86567 -142.63741
 -5.40682 -142.10609
 -5.07517 -142.26527
 -4.92037 -142.35820
 -4.94057 -142.62970
 -4.96974 -142.75310
 -5.55769 -142.75430
 -5.72271 -143.29170
 -5.90429 -143.39129
 -5.94652 -143.41045
 -5.96300 -143.41615
 -6.00060 -143.42547
 -6.05930 -143.42702
 -6.07681 -143.42547
 -6.09175 -143.42185
 -6.13398 -143.40116
 -6.16539 -143.37323
16 19 -6.3878 -5.22065 -144.98 -144.272 'Jiwaka (Papua New Guinea)'
 -6.38761 -144.59553
 -6.38780 -144.58795
 -6.38548 -144.57610
 -6.37617 -144.56138
 -6.01864 -144.31905
 -5.96199 -144.28749
 -5.95727 -144.28559
 -5.90481 -144.27721
 -5.22735 -144.27227
 -5.22065 -144.31738
 -5.26764 -144.47285
 -5.27054 -144.47915
 -5.31271 -144.54671
 -5.65533 -144.97966
 -5.80661 -144.92840
 -6.23011 -144.73750
 -6.25809 -144.72351
 -6.38316 -144.60078
 -6.38761 -144.59553
17 44 -5.97993 -4.03215 -146.796 -144.115 'Madang (Papua New Guinea)'
 -5.95386 -146.64316
 -5.97993 -146.59573
 -5.95755 -145.71140
 -5.84121 -145.15810
 -5.78026 -145.02975
 -5.75720 -145.01509
 -5.74529 -145.00765
 -5.71616 -144.99098
 -5.71343 -144.99098
 -5.65179 -144.94991
 -5.31271 -144.54671
 -5.27054 -144.47915
 -5.26764 -144.47285
 -5.21502 -144.30154
 -5.21212 -144.28765
 -5.20833 -144.24093
 -4.97585 -144.11540
 -4.70842 -144.40630
 -4.69381 -144.42299
 -4.53415 -144.60636
 -4.47510 -144.63717
 -4.23654 -144.68936
 -4.16161 -144.69446
 -4.03215 -144.69007
 -4.11471 -144.85788
 -4.38524 -145.32209
 -4.39453 -145.33387
 -4.40057 -145.34104
 -4.63015 -145.56619
 -4.88745 -145.79509
 -5.09249 -145.80704
 -5.20706 -145.80726
 -5.22821 -145.80002
 -5.52999 -146.10541
 -5.61076 -146.43998
 -5.62500 -146.47316
 -5.65818 -146.52553
 -5.80501 -146.75229
 -5.80636 -146.75393
 -5.81517 -146.76188
 -5.85654 -146.79614
 -5.87631 -146.77564
 -5.91813 -146.70694
 -5.95386 -146.64316
18 28 -6.79084 -5.92532 -144.715 -142.642 'Southern Highlands (Papua New Guinea)'
 -6.28182 -144.50005
 -6.34203 -144.54615
 -6.35139 -144.55133
 -6.71203 -144.71476
 -6.79084 -143.99158
 -6.78980 -143.61522
 -6.78363 -142.65063
 -6.18499 -142.64200
 -6.18238 -142.66764
 -6.18444 -142.68318
 -6.22616 -142.83393
 -6.23285 -142.85569
 -6.24779 -142.88315
 -6.29774 -142.97122
 -6.16539 -143.37323
 -6.13398 -143.40116
 -6.09175 -143.42185
 -6.07681 -143.42547
 -6.05930 -143.42702
 -6.00060 -143.42547
 -5.96300 -143.41615
 -5.94652 -143.41045
 -5.93755 -143.54173
 -5.92532 -143.78686
 -5.93704 -143.83092
 -5.99506 -143.88186
 -6.15470 -144.20686
 -6.28182 -144.50005
19 26 -6.24148 -5.22001 -144.482 -143.768 'Western Highlands (Papua New Guinea)'
 -6.24135 -144.35755
 -6.24148 -144.35599
 -6.22603 -144.31183
 -6.21921 -144.29759
 -6.02349 -143.88939
 -5.84644 -143.76879
 -5.83906 -143.76776
 -5.83529 -143.76828
 -5.47248 -144.00557
 -5.22001 -144.26309
 -5.22130 -144.26775
 -5.22657 -144.27654
 -5.31077 -144.37010
 -5.32532 -144.37838
 -5.51874 -144.46555
 -5.54803 -144.47732
 -6.09795 -144.48181
 -6.13902 -144.48134
 -6.15058 -144.47920
 -6.16357 -144.47160
 -6.17041 -144.46519
 -6.18977 -144.44501
 -6.20983 -144.42388
 -6.23652 -144.37826
 -6.23933 -144.36821
 -6.24135 -144.35755
