0 14 16.9897 17.7243 61.6669 61.8911 'Antigua & Barbuda (Antigua & Barbuda)'
 16.98972 61.73806
 16.99695 61.82917
 17.02208 61.88153
 17.03305 61.88722
 17.09416 61.89111
 17.10750 61.88570
 17.16555 61.82958
 17.16333 61.79445
 17.15834 61.78417
 17.13722 61.74417
 17.08847 61.67055
 17.04319 61.66695
 17.02597 61.68458
 16.98972 61.73806
1 15 16.9897 17.7243 61.6669 61.8911 'Antigua & Barbuda (Antigua & Barbuda)'
 17.54055 61.73889
 17.54945 61.75195
 17.58388 61.81556
 17.58472 61.84111
 17.58305 61.85305
 17.59250 61.85667
 17.69375 61.87459
 17.70389 61.87306
 17.72430 61.84355
 17.69889 61.78542
 17.64792 61.73994
 17.62500 61.73167
 17.60861 61.72917
 17.54416 61.73195
 17.54055 61.73889
