0 20 27.3604 28.0714 -91.0635 -90.5023 'Bumthang (Bhutan)'
 27.38784 -91.05748
 27.36037 -90.86173
 27.38268 -90.76434
 27.45242 -90.60433
 27.45744 -90.59506
 27.46762 -90.59018
 27.56288 -90.56847
 27.67502 -90.54800
 27.96220 -90.50226
 28.06741 -90.50818
 28.07140 -90.68221
 28.07024 -90.70497
 28.04867 -90.83605
 27.79999 -90.91629
 27.69274 -90.99037
 27.68200 -90.99510
 27.40277 -91.06345
 27.39747 -91.06251
 27.39105 -91.06015
 27.38784 -91.05748
1 23 26.7634 27.1947 -89.8278 -89.3001 'Chhukha (Bhutan)'
 26.77332 -89.73499
 26.76341 -89.66336
 26.80132 -89.46905
 26.80304 -89.46338
 26.84319 -89.38775
 26.90959 -89.33256
 26.98308 -89.30005
 27.11417 -89.32776
 27.16119 -89.35544
 27.16404 -89.35831
 27.16721 -89.36244
 27.19468 -89.45949
 27.19151 -89.57377
 27.14825 -89.63571
 27.04016 -89.75270
 27.01377 -89.77120
 27.00861 -89.77417
 26.99327 -89.78231
 26.90875 -89.82455
 26.90205 -89.82784
 26.89285 -89.82737
 26.77415 -89.73905
 26.77332 -89.73499
2 25 26.8096 27.2809 -90.0761 -89.6338 'Dagana (Bhutan)'
 26.81149 -89.94314
 26.80956 -89.77411
 27.15271 -89.63377
 27.20884 -89.64902
 27.21313 -89.65076
 27.21605 -89.65307
 27.26978 -89.72257
 27.27802 -89.74865
 27.28094 -89.76468
 27.27690 -89.78804
 27.26961 -89.79790
 27.25898 -89.84658
 27.25553 -89.85420
 27.11750 -90.07167
 27.05503 -90.07562
 27.04268 -90.07610
 26.98637 -90.07350
 26.97392 -90.07273
 26.95521 -90.06607
 26.95307 -90.06472
 26.94491 -90.05952
 26.92028 -90.04359
 26.82913 -89.98194
 26.81973 -89.96477
 26.81149 -89.94314
3 25 27.7291 28.3509 -90.6116 -89.4523 'Gasa (Bhutan)'
 27.85017 -90.10124
 27.72915 -89.63717
 27.78408 -89.52815
 28.00530 -89.45229
 28.00725 -89.45277
 28.00879 -89.45356
 28.04435 -89.47599
 28.06834 -89.49211
 28.08954 -89.50712
 28.09219 -89.51076
 28.15384 -89.59600
 28.31297 -89.88878
 28.31469 -89.89210
 28.33288 -89.98820
 28.34421 -90.07969
 28.35091 -90.22419
 28.34867 -90.23199
 28.34387 -90.24135
 28.29924 -90.42945
 28.23521 -90.60534
 28.22937 -90.61079
 28.22465 -90.61163
 28.20847 -90.60152
 27.96555 -90.38155
 27.85017 -90.10124
4 19 27.0286 27.6262 -89.3855 -88.9448 'Ha (Bhutan)'
 27.04808 -89.33462
 27.02856 -89.21521
 27.03229 -89.20859
 27.26603 -88.94481
 27.32986 -88.94531
 27.43617 -88.95619
 27.52719 -88.97489
 27.56774 -89.00614
 27.57096 -89.00913
 27.60766 -89.05089
 27.62133 -89.07794
 27.62616 -89.09493
 27.62391 -89.10809
 27.61437 -89.12683
 27.57064 -89.23270
 27.56791 -89.23615
 27.31995 -89.38552
 27.18462 -89.37992
 27.04808 -89.33462
5 25 27.3853 28.0663 -91.491 -90.844 'Lhuentse (Bhutan)'
 27.38896 -91.27207
 27.38533 -91.21740
 27.38659 -91.20718
 27.42243 -91.08240
 27.47362 -91.02873
 27.49608 -91.00593
 27.54419 -90.97433
 27.87670 -90.84404
 28.00690 -90.99026
 28.06621 -91.26823
 28.06626 -91.33408
 28.06461 -91.33996
 28.00690 -91.46587
 27.97397 -91.48885
 27.96524 -91.49099
 27.94518 -91.48332
 27.91352 -91.37979
 27.91101 -91.37568
 27.90822 -91.37301
 27.85648 -91.36292
 27.72077 -91.35442
 27.42006 -91.30208
 27.39802 -91.28919
 27.39272 -91.28181
 27.38896 -91.27207
6 24 26.9513 27.4869 -91.4995 -90.9561 'Monggar (Bhutan)'
 27.08696 -91.33905
 26.95127 -91.17500
 26.95854 -91.12696
 26.96426 -91.09957
 26.97165 -91.09269
 27.05840 -91.04678
 27.10792 -91.02093
 27.12633 -91.01167
 27.38211 -90.95614
 27.39468 -90.97311
 27.39579 -90.97515
 27.44015 -91.10864
 27.48687 -91.29501
 27.46316 -91.37879
 27.45577 -91.40111
 27.43973 -91.43757
 27.43034 -91.44366
 27.41239 -91.45596
 27.38408 -91.47214
 27.36120 -91.48422
 27.34684 -91.49081
 27.33010 -91.49662
 27.30901 -91.49951
 27.08696 -91.33905
7 20 27.1672 27.8727 -89.5727 -89.1268 'Paro (Bhutan)'
 27.16825 -89.39902
 27.16721 -89.36244
 27.61437 -89.12683
 27.64954 -89.14055
 27.80214 -89.24400
 27.84738 -89.29204
 27.85163 -89.29793
 27.85240 -89.29935
 27.87266 -89.36941
 27.79260 -89.43098
 27.60414 -89.52542
 27.43861 -89.56471
 27.33407 -89.57266
 27.23944 -89.52282
 27.23442 -89.52007
 27.22446 -89.50866
 27.20444 -89.47620
 27.19468 -89.45949
 27.16975 -89.40612
 27.16825 -89.39902
8 22 27.5266 27.8694 -90.0356 -89.7313 'Punakha (Bhutan)'
 27.53865 -89.90139
 27.52659 -89.87584
 27.54221 -89.84156
 27.57002 -89.78869
 27.58049 -89.77842
 27.59251 -89.77281
 27.60212 -89.77009
 27.75237 -89.73128
 27.75754 -89.73155
 27.76986 -89.74287
 27.84797 -89.85276
 27.86489 -89.89077
 27.86945 -89.90260
 27.86847 -89.91238
 27.86178 -89.93084
 27.82844 -89.99204
 27.82733 -89.99883
 27.82607 -90.00198
 27.81086 -90.03456
 27.80863 -90.03563
 27.61120 -89.98459
 27.53865 -89.90139
9 21 26.7818 27.1595 -92.1205 -91.072 'Samdrup Jongkha (Bhutan)'
 26.81106 -91.71855
 26.78177 -91.33826
 26.78568 -91.30057
 26.82089 -91.07564
 26.83552 -91.07433
 26.87024 -91.07204
 26.87333 -91.07588
 26.95127 -91.17500
 27.15889 -91.86974
 27.15949 -91.88788
 27.15129 -92.00480
 27.14627 -92.02283
 27.14125 -92.03505
 26.97221 -92.12003
 26.95979 -92.12050
 26.89402 -92.11557
 26.86303 -92.09437
 26.86033 -92.09235
 26.85913 -92.08881
 26.84726 -92.04553
 26.81106 -91.71855
10 20 26.8037 27.2765 -89.3777 -88.7476 'Samtse (Bhutan)'
 27.03229 -89.20859
 27.02856 -89.21521
 27.04808 -89.33462
 26.88307 -89.37599
 26.86865 -89.37772
 26.85762 -89.36720
 26.85402 -89.35829
 26.81879 -89.23714
 26.80400 -89.14041
 26.80372 -89.13009
 26.81111 -89.11884
 26.98761 -88.91359
 27.14617 -88.74760
 27.25762 -88.80214
 27.26648 -88.82579
 27.27648 -88.98188
 27.27234 -88.98682
 27.26453 -88.99392
 27.23385 -89.01769
 27.03229 -89.20859
11 34 26.699 27.1311 -90.8902 -89.624 'Sarpang (Bhutan)'
 26.83162 -90.88938
 26.78247 -90.89017
 26.76551 -90.71210
 26.70193 -89.86239
 26.69898 -89.78719
 26.71725 -89.65211
 26.72534 -89.63555
 26.73189 -89.62790
 26.73719 -89.62431
 26.73887 -89.62399
 26.74012 -89.62431
 26.74138 -89.62571
 26.77299 -89.67583
 26.81677 -89.78796
 26.82587 -89.83009
 26.82449 -89.84009
 26.81728 -89.85144
 26.81540 -89.85952
 26.81402 -89.86779
 26.81149 -89.94314
 26.82395 -90.05001
 26.82701 -90.06830
 26.82994 -90.07721
 26.84961 -90.12787
 26.85268 -90.13460
 26.94376 -90.22502
 27.12336 -90.37448
 27.13108 -90.39975
 27.08309 -90.65008
 27.07654 -90.66465
 27.06872 -90.67937
 27.06356 -90.68517
 26.83901 -90.88641
 26.83162 -90.88938
12 25 27.145 28.0006 -89.8758 -89.3694 'Thimphu (Bhutan)'
 27.78408 -89.52815
 27.72915 -89.63717
 27.75237 -89.73128
 27.71735 -89.76226
 27.65053 -89.80747
 27.52659 -89.87584
 27.23118 -89.68925
 27.14825 -89.63571
 27.14499 -89.62182
 27.15391 -89.59481
 27.15580 -89.58940
 27.15855 -89.58381
 27.16404 -89.57879
 27.87266 -89.36941
 27.91938 -89.40019
 28.00056 -89.45420
 27.97926 -89.52538
 27.97789 -89.52713
 27.97201 -89.53187
 27.89553 -89.56159
 27.84983 -89.53221
 27.84159 -89.52833
 27.82339 -89.52367
 27.79610 -89.52503
 27.78408 -89.52815
13 39 26.938 27.4765 -92.1049 -91.3756 'Trashi Yangtse (Bhutan)'
 27.26854 -92.10492
 27.14125 -92.03505
 27.14627 -92.02283
 27.15129 -92.00480
 27.15949 -91.88788
 27.15889 -91.86974
 27.14390 -91.83205
 27.05129 -91.64846
 27.03888 -91.63640
 27.03083 -91.62942
 27.02585 -91.62653
 27.02122 -91.62595
 27.01178 -91.62845
 26.99976 -91.62056
 26.94809 -91.58204
 26.93968 -91.57511
 26.93796 -91.57068
 26.94054 -91.55932
 26.96491 -91.53293
 27.09769 -91.42909
 27.17005 -91.37570
 27.17314 -91.37561
 27.17940 -91.37561
 27.22841 -91.39066
 27.23554 -91.39288
 27.23760 -91.39414
 27.26232 -91.41510
 27.26832 -91.42137
 27.33010 -91.49662
 27.46720 -91.76652
 27.47404 -91.79780
 27.47515 -91.80880
 27.47655 -91.84118
 27.47250 -91.92151
 27.46734 -91.98910
 27.45047 -92.02100
 27.41560 -92.03939
 27.30430 -92.09035
 27.26854 -92.10492
14 42 27.3594 27.9452 -91.7665 -91.2785 'Trashigang (Bhutan)'
 27.86736 -91.62146
 27.86303 -91.61893
 27.85910 -91.61274
 27.86303 -91.60253
 27.86359 -91.58218
 27.86331 -91.57634
 27.86275 -91.57397
 27.85425 -91.55710
 27.83849 -91.54621
 27.83095 -91.54196
 27.82817 -91.54180
 27.58422 -91.56673
 27.58227 -91.56752
 27.57321 -91.57208
 27.54168 -91.59474
 27.51170 -91.62442
 27.48548 -91.68653
 27.47195 -91.72128
 27.46985 -91.72977
 27.46930 -91.73260
 27.47013 -91.74219
 27.47320 -91.74973
 27.47529 -91.75194
 27.47474 -91.76074
 27.47223 -91.76593
 27.46720 -91.76652
 27.42462 -91.69647
 27.36420 -91.59665
 27.35939 -91.58075
 27.35939 -91.56672
 27.49119 -91.29423
 27.50110 -91.28243
 27.51351 -91.27850
 27.90822 -91.37301
 27.91101 -91.37568
 27.91352 -91.37979
 27.94518 -91.48332
 27.93971 -91.50300
 27.93821 -91.50749
 27.90881 -91.59289
 27.89201 -91.62564
 27.86736 -91.62146
15 13 27.0839 27.7534 -90.7473 -90.2579 'Trongsa (Bhutan)'
 27.20824 -90.62593
 27.08387 -90.48674
 27.12336 -90.37448
 27.15004 -90.32981
 27.17821 -90.32197
 27.48882 -90.25789
 27.49343 -90.25946
 27.75344 -90.49803
 27.44893 -90.63845
 27.36762 -90.74089
 27.34977 -90.74733
 27.32968 -90.74717
 27.20824 -90.62593
16 16 26.8239 27.1918 -90.322 -90.0102 'Tsirang (Bhutan)'
 26.82701 -90.06830
 26.82395 -90.05001
 26.82590 -90.03687
 26.86840 -90.01024
 26.89942 -90.01053
 26.90341 -90.01082
 27.18421 -90.07066
 27.18739 -90.07491
 27.19185 -90.08524
 27.17821 -90.32197
 27.13846 -90.30865
 26.94376 -90.22502
 26.85268 -90.13460
 26.84961 -90.12787
 26.82994 -90.07721
 26.82701 -90.06830
17 22 27.1309 28.0642 -90.5343 -89.638 'Wangdue Phodrang (Bhutan)'
 27.14530 -90.25097
 27.13091 -90.06512
 27.14308 -89.95478
 27.27476 -89.66772
 27.27974 -89.66115
 27.29124 -89.64898
 27.29708 -89.64396
 27.32643 -89.63796
 27.33192 -89.63892
 27.33879 -89.64318
 27.75254 -89.96643
 27.95737 -90.18177
 28.06419 -90.49884
 28.05376 -90.50861
 27.89009 -90.53434
 27.87517 -90.53307
 27.86303 -90.53008
 27.24126 -90.37038
 27.17096 -90.31852
 27.15952 -90.29329
 27.15060 -90.26993
 27.14530 -90.25097
18 24 26.7825 27.3849 -91.1825 -90.516 'Zhemgang (Bhutan)'
 26.78583 -91.02190
 26.78247 -90.89017
 26.81153 -90.72878
 26.81418 -90.72065
 26.84417 -90.64482
 26.86314 -90.61011
 26.86649 -90.60604
 27.03790 -90.51603
 27.14069 -90.52857
 27.14516 -90.52992
 27.36762 -90.74089
 27.37724 -90.75555
 27.38268 -90.76434
 27.38366 -90.77628
 27.38491 -90.94923
 27.38211 -90.95614
 27.22494 -91.02389
 26.93882 -91.18251
 26.93255 -91.18222
 26.92921 -91.18174
 26.88994 -91.16703
 26.88440 -91.16054
 26.82089 -91.07564
 26.78583 -91.02190
