0 47 70.8039 71.1808 7.92851 9.11991 'Jan Mayen (Jan Mayen)'
 70.80386 9.04309
 70.80386 9.05890
 70.80775 9.07391
 70.86039 9.11991
 70.86955 9.10975
 70.92275 8.93445
 70.92607 8.92060
 70.93193 8.88751
 70.95053 8.76367
 70.99164 8.58142
 71.01332 8.51086
 71.02222 8.49890
 71.05802 8.45227
 71.07249 8.44251
 71.08165 8.43365
 71.12080 8.38195
 71.13303 8.35584
 71.13665 8.34448
 71.14055 8.32642
 71.17081 8.12891
 71.17329 8.10919
 71.18082 7.99725
 71.17886 7.98365
 71.17607 7.97113
 71.17247 7.95978
 71.16774 7.94977
 71.14970 7.92851
 71.04525 7.98337
 71.03832 7.99085
 71.03025 8.00836
 71.00358 8.11865
 70.97415 8.29090
 70.95914 8.39447
 70.96025 8.40918
 70.96498 8.41949
 70.96775 8.43195
 70.97052 8.46033
 70.96915 8.49475
 70.96415 8.56562
 70.95914 8.62030
 70.95554 8.63172
 70.84027 8.93750
 70.83136 8.94892
 70.82164 8.95477
 70.81108 8.98889
 70.80802 9.00562
 70.80386 9.04309
