0 70 5.14166 5.90695 3.40445 4.82778 'Abidjan (Cote d'Ivoire)'
 5.58584 4.71055
 5.62389 4.70139
 5.76334 4.67264
 5.85815 4.65917
 5.71431 4.41708
 5.66166 4.45250
 5.59945 4.34195
 5.60334 4.25611
 5.61722 3.97972
 5.63351 3.92094
 5.71305 3.92084
 5.75416 3.92361
 5.75783 3.92471
 5.79611 3.87278
 5.85437 3.81805
 5.89958 3.75028
 5.90695 3.73028
 5.88472 3.63805
 5.83761 3.46910
 5.81584 3.46861
 5.78414 3.45240
 5.78014 3.43402
 5.77695 3.42750
 5.75139 3.41236
 5.52479 3.40597
 5.48486 3.42319
 5.46000 3.43445
 5.42222 3.44250
 5.29861 3.44111
 5.27903 3.43458
 5.25778 3.41055
 5.22945 3.40445
 5.20500 3.43778
 5.15135 3.55006
 5.17500 3.67028
 5.19111 3.75666
 5.19160 3.79681
 5.23027 3.95222
 5.23834 3.97834
 5.25666 4.00355
 5.27166 3.93778
 5.26945 3.88916
 5.26500 3.84528
 5.25805 3.78111
 5.25916 3.73472
 5.27847 3.71472
 5.35334 3.75445
 5.37055 3.77139
 5.37264 3.81174
 5.35153 3.80555
 5.32681 3.77514
 5.27604 3.73875
 5.27250 3.79584
 5.29666 3.84861
 5.32000 3.91139
 5.29666 4.06028
 5.30305 4.32334
 5.29555 4.46805
 5.27840 4.48132
 5.25722 4.51250
 5.23889 4.60542
 5.22472 4.74166
 5.21225 4.79850
 5.25931 4.82681
 5.27958 4.82778
 5.31139 4.81000
 5.36361 4.78695
 5.53945 4.72389
 5.56445 4.71500
 5.58584 4.71055
1 26 5.14166 5.90695 3.40445 4.82778 'Abidjan (Cote d'Ivoire)'
 5.14206 4.78768
 5.16831 4.78728
 5.19750 4.73639
 5.20277 4.71445
 5.22139 4.55597
 5.22305 4.51055
 5.22027 4.47084
 5.21778 4.44639
 5.22222 4.40555
 5.24222 4.29166
 5.25569 4.22555
 5.27722 4.14639
 5.27722 4.12611
 5.27722 4.09319
 5.27451 4.04035
 5.23097 4.00569
 5.20403 4.19569
 5.20195 4.23778
 5.20139 4.26472
 5.19750 4.34972
 5.17695 4.63028
 5.16861 4.66257
 5.15250 4.71389
 5.14445 4.75334
 5.14166 4.77805
 5.14206 4.78768
2 50 5.09778 5.79556 4.71055 5.44916 'Grand-Lahou (Cote d'Ivoire)'
 5.16831 4.78728
 5.14206 4.78768
 5.14084 4.79139
 5.13472 4.83972
 5.12861 4.89389
 5.12861 4.94584
 5.13181 4.97916
 5.16298 5.00840
 5.20798 4.99868
 5.21472 5.02666
 5.20194 5.06992
 5.18387 5.10983
 5.20740 5.16402
 5.21666 5.19584
 5.21472 5.22889
 5.21095 5.26102
 5.22208 5.24472
 5.23111 5.22028
 5.23118 5.14105
 5.21576 5.12395
 5.22525 5.09385
 5.26639 5.07069
 5.30778 5.05250
 5.52027 4.98500
 5.57416 4.97181
 5.60750 4.97666
 5.62555 4.98584
 5.64250 4.99750
 5.78111 4.94334
 5.79556 4.93764
 5.75229 4.90236
 5.74445 4.86055
 5.73095 4.83503
 5.66271 4.79111
 5.63691 4.80597
 5.60362 4.84091
 5.57916 4.84889
 5.54816 4.84375
 5.56666 4.78305
 5.58584 4.71055
 5.56445 4.71500
 5.53945 4.72389
 5.36361 4.78695
 5.31139 4.81000
 5.27958 4.82778
 5.25931 4.82681
 5.21225 4.79850
 5.20972 4.80084
 5.17653 4.80750
 5.16831 4.78728
3 26 5.09778 5.79556 4.71055 5.44916 'Grand-Lahou (Cote d'Ivoire)'
 5.09829 5.42838
 5.26139 5.44916
 5.25298 5.41028
 5.19775 5.33971
 5.19055 5.31977
 5.18916 5.30847
 5.19106 5.29814
 5.18069 5.30361
 5.14850 5.35305
 5.16861 5.39500
 5.15416 5.41097
 5.11847 5.36049
 5.12542 5.27914
 5.15945 5.24028
 5.19921 5.23039
 5.19555 5.16695
 5.17043 5.13377
 5.16455 5.09975
 5.18555 5.07538
 5.18847 5.05028
 5.17916 5.02889
 5.12523 5.01420
 5.10055 5.33472
 5.09834 5.38028
 5.09778 5.40028
 5.09829 5.42838
4 52 4.51502 5.50111 6.24975 7.25431 'San-Pedro (Cote d'Ivoire)'
 5.50111 6.98972
 5.49722 6.82472
 5.44281 6.73181
 5.37729 6.71834
 5.35729 6.70187
 5.35250 6.62278
 5.35250 6.58555
 5.35472 6.55139
 5.35569 6.50500
 5.32267 6.45697
 5.30778 6.43111
 5.28305 6.39834
 5.18208 6.33493
 5.13111 6.32472
 5.02639 6.32000
 4.97910 6.32882
 4.95028 6.34653
 4.92250 6.33736
 4.86835 6.24975
 4.86389 6.26972
 4.85055 6.31666
 4.82361 6.40639
 4.76889 6.55555
 4.75819 6.57916
 4.73722 6.59916
 4.72278 6.61889
 4.69139 6.70945
 4.68375 6.74639
 4.68416 6.78861
 4.67972 6.82555
 4.67000 6.87139
 4.65715 6.90819
 4.63319 6.92340
 4.54472 7.03820
 4.53000 7.07166
 4.51764 7.13403
 4.51502 7.19462
 4.54861 7.20097
 4.59861 7.22395
 4.62500 7.24195
 4.64542 7.24889
 4.67000 7.25431
 4.69236 7.24834
 4.74250 7.18666
 4.80055 7.14416
 4.98055 7.07139
 5.04555 7.07111
 5.23584 7.06416
 5.32084 7.03958
 5.40916 7.01305
 5.44861 7.00166
 5.50111 6.98972
5 44 4.86835 5.795 5.72722 6.46723 'Sassandra (Cote d'Ivoire)'
 5.55949 5.82876
 5.43416 5.78889
 5.21778 5.72722
 5.18986 5.83834
 5.17708 5.85653
 5.15931 5.86958
 5.13805 5.87555
 5.03064 5.85949
 5.02014 5.89750
 4.99750 5.95889
 4.95889 6.05771
 4.94208 6.07681
 4.87777 6.21500
 4.86835 6.24975
 4.92250 6.33736
 4.95028 6.34653
 4.97910 6.32882
 5.02639 6.32000
 5.13111 6.32472
 5.18208 6.33493
 5.28305 6.39834
 5.30778 6.43111
 5.32267 6.45697
 5.33195 6.45445
 5.47278 6.42528
 5.50208 6.42680
 5.58500 6.46723
 5.57195 6.36500
 5.56889 6.32708
 5.58708 6.21542
 5.64750 6.20139
 5.76285 6.21305
 5.77805 6.21861
 5.79500 6.16764
 5.79451 6.13743
 5.77664 6.10267
 5.72931 6.06722
 5.69555 6.05528
 5.67813 6.05156
 5.59305 6.02722
 5.55778 6.01472
 5.53676 5.99823
 5.51819 5.96514
 5.55949 5.82876
6 50 4.34472 5.69063 6.98972 7.59084 'Tabou (Cote d'Ivoire)'
 5.50111 6.98972
 5.44861 7.00166
 5.40916 7.01305
 5.32084 7.03958
 5.23584 7.06416
 5.04555 7.07111
 4.98055 7.07139
 4.80055 7.14416
 4.74250 7.18666
 4.69236 7.24834
 4.67000 7.25431
 4.64542 7.24889
 4.62500 7.24195
 4.59861 7.22395
 4.54861 7.20097
 4.51502 7.19462
 4.50861 7.20666
 4.45250 7.30111
 4.39347 7.38195
 4.35805 7.41820
 4.34916 7.43639
 4.34472 7.46972
 4.34722 7.49778
 4.35281 7.52540
 4.37809 7.55605
 4.45445 7.56000
 4.53722 7.55445
 4.60597 7.55111
 4.74416 7.55778
 4.78153 7.56139
 4.81082 7.58743
 4.82195 7.59084
 4.90584 7.58834
 5.05139 7.56055
 5.09542 7.50368
 5.32569 7.36840
 5.36838 7.38418
 5.39597 7.42597
 5.43389 7.43639
 5.48584 7.41639
 5.54084 7.39139
 5.56945 7.37250
 5.63143 7.39976
 5.63500 7.38416
 5.68403 7.10222
 5.69063 7.09428
 5.67000 7.08250
 5.58555 7.03666
 5.50084 6.99166
 5.50111 6.98972
7 60 9.06708 10.2536 6.07416 6.94681 'Boundiali (Cote d'Ivoire)'
 9.11766 6.74655
 9.24139 6.73666
 9.30006 6.77618
 9.35972 6.78334
 9.38834 6.78472
 9.43166 6.78334
 9.55639 6.77889
 9.65055 6.76389
 9.73722 6.73889
 9.84722 6.72916
 9.89695 6.74889
 9.94813 6.78924
 9.95111 6.83528
 9.94889 6.88528
 9.94722 6.92389
 9.95527 6.94681
 10.11869 6.87758
 10.13319 6.85207
 10.14084 6.77750
 10.12000 6.76695
 10.10527 6.74666
 10.10285 6.71868
 10.11695 6.67055
 10.15027 6.60778
 10.16584 6.58166
 10.22500 6.57972
 10.22970 6.58205
 10.24722 6.55292
 10.25361 6.44055
 10.25277 6.28076
 10.21446 6.23446
 10.17250 6.21805
 10.11389 6.23084
 10.02542 6.13319
 9.99885 6.12125
 9.97271 6.16229
 9.94986 6.17736
 9.92555 6.17264
 9.88222 6.12069
 9.78972 6.07416
 9.72750 6.11389
 9.60083 6.15278
 9.57805 6.15416
 9.52777 6.15250
 9.41958 6.25389
 9.39729 6.27202
 9.33250 6.27166
 9.30292 6.26792
 9.22972 6.30000
 9.21078 6.30908
 9.18445 6.35416
 9.14834 6.38195
 9.09389 6.42542
 9.07611 6.44903
 9.06708 6.60916
 9.06834 6.64445
 9.07500 6.69625
 9.08415 6.70805
 9.11459 6.71605
 9.11766 6.74655
8 81 8.52924 10.4264 5.30028 6.30908 'Korhogo (Cote d'Ivoire)'
 9.21078 6.30908
 9.22972 6.30000
 9.30292 6.26792
 9.33250 6.27166
 9.39729 6.27202
 9.41958 6.25389
 9.52777 6.15250
 9.57805 6.15416
 9.60083 6.15278
 9.72750 6.11389
 9.78972 6.07416
 9.88222 6.12069
 9.92555 6.17264
 9.94986 6.17736
 9.97271 6.16229
 9.99885 6.12125
 10.02542 6.13319
 10.11389 6.23084
 10.17250 6.21805
 10.21446 6.23446
 10.21611 6.22195
 10.23277 6.20000
 10.23636 6.19716
 10.23166 6.18834
 10.21195 6.14555
 10.19777 6.11139
 10.19084 6.09028
 10.19125 6.00416
 10.21653 5.97736
 10.23764 5.96403
 10.28445 5.93750
 10.36972 5.88222
 10.42125 5.79750
 10.42643 5.78231
 10.40764 5.79153
 10.33569 5.81139
 10.18389 5.79389
 10.08972 5.72666
 9.93639 5.73736
 9.91166 5.73084
 9.84236 5.69222
 9.75861 5.62723
 9.74139 5.60805
 9.72361 5.56084
 9.73805 5.53222
 9.74389 5.50639
 9.74875 5.47166
 9.58166 5.30229
 9.54527 5.30028
 9.50834 5.30445
 9.44431 5.31729
 9.43055 5.33639
 9.39334 5.35389
 9.37996 5.34191
 9.35695 5.35945
 9.31222 5.38778
 9.08333 5.46834
 8.99972 5.45555
 8.91584 5.48305
 8.86777 5.53000
 8.86611 5.55750
 8.84319 5.69181
 8.79542 5.71389
 8.74985 5.71856
 8.72583 5.66666
 8.53947 5.60015
 8.52924 5.61049
 8.55166 5.71416
 8.56416 5.75305
 8.63506 5.95145
 8.70166 5.99750
 8.80861 6.06722
 8.88555 6.11389
 9.00368 6.22736
 9.06563 6.25424
 9.11139 6.23528
 9.13834 6.21500
 9.16764 6.22166
 9.19708 6.24403
 9.20555 6.27584
 9.21078 6.30908
9 107 8.51673 10.4467 6.57972 8.1582 'Odienne (Cote d'Ivoire)'
 9.41881 8.06452
 9.46416 8.10916
 9.49695 8.13195
 9.53389 8.14361
 9.55722 8.14528
 9.62055 8.14750
 9.80555 8.11473
 9.80900 8.11118
 9.81486 8.10424
 9.86416 8.10416
 9.88611 8.13000
 9.92757 8.15820
 9.98389 8.14764
 10.05361 8.10105
 10.06195 8.06555
 10.07333 8.04195
 10.08916 8.01916
 10.10569 8.00500
 10.16561 7.97398
 10.15986 7.96375
 10.15708 7.93945
 10.17389 7.88916
 10.20236 7.82645
 10.24528 7.78778
 10.29611 7.75660
 10.33083 7.75472
 10.37722 7.73195
 10.40333 7.70319
 10.44666 7.63799
 10.39722 7.45166
 10.35083 7.35973
 10.32708 7.34820
 10.25445 7.26972
 10.23666 7.18389
 10.22305 7.12805
 10.20334 7.07861
 10.18986 7.06132
 10.15625 7.03958
 10.14215 7.01945
 10.14750 6.98805
 10.15597 6.96861
 10.17750 6.94834
 10.20819 6.94542
 10.22583 6.95542
 10.24785 6.98105
 10.33354 6.96049
 10.35375 6.94084
 10.35055 6.71972
 10.35406 6.65641
 10.24729 6.62493
 10.22970 6.58205
 10.22500 6.57972
 10.16584 6.58166
 10.15027 6.60778
 10.11695 6.67055
 10.10285 6.71868
 10.10527 6.74666
 10.12000 6.76695
 10.14084 6.77750
 10.13319 6.85207
 10.11869 6.87758
 9.95527 6.94681
 9.94722 6.92389
 9.94889 6.88528
 9.95111 6.83528
 9.94813 6.78924
 9.89695 6.74889
 9.84722 6.72916
 9.73722 6.73889
 9.65055 6.76389
 9.55639 6.77889
 9.43166 6.78334
 9.38834 6.78472
 9.35972 6.78334
 9.30006 6.77618
 9.24139 6.73666
 9.11766 6.74655
 9.07195 6.83195
 8.95777 6.92834
 8.95972 7.02965
 8.97042 7.04722
 8.99250 7.06292
 9.00639 7.12975
 8.92555 7.21278
 8.86413 7.21785
 8.78555 7.19569
 8.75139 7.20028
 8.67083 7.21611
 8.64055 7.21805
 8.57945 7.20555
 8.51673 7.19235
 8.54361 7.21695
 8.71021 7.37181
 8.74361 7.42528
 8.80555 7.49528
 9.01750 7.69861
 9.07245 7.73649
 9.09166 7.73611
 9.12583 7.79723
 9.17958 7.90319
 9.20403 7.92000
 9.23500 7.91722
 9.35153 7.87723
 9.38972 7.96195
 9.38805 8.01931
 9.40334 8.05584
 9.41881 8.06452
10 35 10.2145 10.7353 6.18 6.685 'Tengrela (Cote d'Ivoire)'
 10.21446 6.23446
 10.25277 6.28076
 10.25361 6.44055
 10.24722 6.55292
 10.22970 6.58205
 10.24729 6.62493
 10.35406 6.65641
 10.36097 6.65084
 10.43361 6.63195
 10.45277 6.65028
 10.46069 6.66924
 10.49166 6.68500
 10.59833 6.67666
 10.62819 6.66916
 10.66399 6.64560
 10.66090 6.62160
 10.63729 6.60181
 10.61000 6.58931
 10.57611 6.53305
 10.55166 6.42191
 10.59413 6.38805
 10.62313 6.41708
 10.68798 6.41355
 10.73525 6.24340
 10.72291 6.22441
 10.63653 6.18910
 10.56945 6.21250
 10.46361 6.18305
 10.43472 6.18166
 10.40305 6.18028
 10.36472 6.18000
 10.23636 6.19716
 10.23277 6.20000
 10.21611 6.22195
 10.21446 6.23446
11 69 7.84111 9.07245 7.08389 8.24102 'Touba (Cote d'Ivoire)'
 8.51673 7.19235
 8.48916 7.16958
 8.25834 7.12723
 8.08014 7.10903
 8.04069 7.10681
 8.01083 7.09389
 7.98916 7.08389
 7.99069 7.23722
 8.01097 7.24708
 8.03916 7.26334
 8.07000 7.28334
 8.09777 7.32278
 8.16847 7.44313
 8.11813 7.50084
 8.08111 7.51278
 8.05583 7.51416
 8.00792 7.50903
 7.98708 7.49916
 7.93201 7.49235
 7.88334 7.52458
 7.86666 7.55916
 7.84750 7.63500
 7.84111 7.66584
 7.84916 7.69139
 7.90055 7.77834
 7.97945 7.84305
 8.00916 7.89445
 8.01851 7.94684
 8.03625 7.95125
 8.15389 7.99945
 8.17972 8.02055
 8.16375 8.06305
 8.17445 8.11000
 8.19777 8.17472
 8.24027 8.22889
 8.27445 8.23195
 8.31500 8.23473
 8.44655 8.24102
 8.49916 8.18840
 8.50166 7.94889
 8.48611 7.81708
 8.45458 7.78416
 8.41569 7.76084
 8.38278 7.74893
 8.37084 7.69778
 8.38384 7.65337
 8.41584 7.66555
 8.43764 7.67486
 8.54750 7.67528
 8.61527 7.67347
 8.71764 7.75084
 8.75555 7.79236
 8.77542 7.88389
 8.76722 7.91055
 8.78014 7.94076
 8.80445 7.95625
 8.82611 7.95681
 8.93305 7.93666
 8.97208 7.92805
 9.00292 7.91416
 9.01889 7.89889
 9.06916 7.81055
 9.07245 7.73649
 9.01750 7.69861
 8.80555 7.49528
 8.74361 7.42528
 8.71021 7.37181
 8.54361 7.21695
 8.51673 7.19235
12 37 6.84361 7.21333 7.03708 7.98973 'Bangolo (Cote d'Ivoire)'
 7.04571 7.04202
 6.98778 7.06334
 6.95472 7.06542
 6.92947 7.06265
 6.92974 7.06964
 6.93222 7.09500
 6.93750 7.11695
 6.94764 7.13792
 6.96403 7.16278
 6.96375 7.31486
 6.93666 7.57972
 6.93111 7.60195
 6.90548 7.61924
 6.84684 7.62229
 6.84361 7.63028
 6.85355 7.84368
 6.90104 7.86361
 6.95639 7.96055
 6.96778 7.98334
 6.96833 7.98973
 7.01778 7.98084
 7.03819 7.97292
 7.06778 7.94805
 7.07500 7.94111
 6.99444 7.60917
 7.03916 7.51389
 7.05291 7.49528
 7.09555 7.50723
 7.15472 7.45722
 7.19916 7.39222
 7.21333 7.33555
 7.19028 7.22194
 7.16917 7.09916
 7.17081 7.07851
 7.14042 7.06014
 7.06639 7.03708
 7.04571 7.04202
13 66 7.3833 8.16847 7.07055 8.11903 'Biankouma (Cote d'Ivoire)'
 7.98916 7.08389
 7.94972 7.07055
 7.91798 7.07792
 7.84695 7.09584
 7.73264 7.08111
 7.71407 7.07413
 7.71916 7.09590
 7.71555 7.12555
 7.64389 7.24153
 7.61687 7.26702
 7.57903 7.28486
 7.50181 7.29361
 7.44278 7.39778
 7.51527 7.44222
 7.58701 7.44555
 7.64063 7.46424
 7.65625 7.48368
 7.63861 7.57389
 7.63166 7.59389
 7.62222 7.61722
 7.56166 7.77889
 7.54597 7.84257
 7.48736 7.88916
 7.46555 7.89570
 7.43632 7.89076
 7.40736 7.91305
 7.38861 7.94222
 7.38330 7.95482
 7.39445 7.96250
 7.41986 7.97431
 7.45250 7.98055
 7.49916 7.98250
 7.52666 7.98278
 7.67861 7.98153
 7.72674 7.97361
 7.78277 8.02250
 7.80540 8.08043
 7.84118 8.11145
 7.86479 8.11903
 7.94916 8.07666
 7.97666 8.05597
 8.01889 8.05042
 8.03282 8.05339
 8.03028 8.01889
 8.01851 7.94684
 8.00916 7.89445
 7.97945 7.84305
 7.90055 7.77834
 7.84916 7.69139
 7.84111 7.66584
 7.84750 7.63500
 7.86666 7.55916
 7.88334 7.52458
 7.93201 7.49235
 7.98708 7.49916
 8.00792 7.50903
 8.05583 7.51416
 8.08111 7.51278
 8.11813 7.50084
 8.16847 7.44313
 8.09777 7.32278
 8.07000 7.28334
 8.03916 7.26334
 8.01097 7.24708
 7.99069 7.23722
 7.98916 7.08389
14 57 6.59639 7.8054 7.85403 8.46975 'Danane (Cote d'Ivoire)'
 7.07500 7.94111
 7.06778 7.94805
 7.03819 7.97292
 7.01778 7.98084
 6.96833 7.98973
 6.95166 8.01861
 6.89722 8.10264
 6.84278 8.11305
 6.76584 8.15334
 6.62277 8.25945
 6.59750 8.30750
 6.59639 8.34639
 6.65242 8.43507
 6.66722 8.41805
 6.71555 8.37861
 6.73945 8.36416
 6.78445 8.33973
 6.81055 8.32750
 6.85805 8.30889
 7.02278 8.29055
 7.17847 8.28666
 7.20305 8.32334
 7.22945 8.35055
 7.31527 8.39195
 7.37722 8.40305
 7.42028 8.41000
 7.45354 8.40972
 7.49639 8.41584
 7.53143 8.43612
 7.56133 8.46975
 7.60472 8.42028
 7.61819 8.39820
 7.58250 8.28555
 7.54500 8.21875
 7.57305 8.18646
 7.60097 8.18681
 7.62153 8.18445
 7.78250 8.09445
 7.80540 8.08043
 7.78277 8.02250
 7.72674 7.97361
 7.67861 7.98153
 7.52666 7.98278
 7.49916 7.98250
 7.45250 7.98055
 7.41986 7.97431
 7.39445 7.96250
 7.38330 7.95482
 7.29584 7.89416
 7.27889 7.88334
 7.24139 7.86555
 7.22111 7.85834
 7.19750 7.85445
 7.15653 7.85403
 7.12486 7.86695
 7.10319 7.88479
 7.07500 7.94111
15 36 6.32722 6.96403 6.97014 7.62229 'Duekoue (Cote d'Ivoire)'
 6.32722 7.11084
 6.36389 7.17639
 6.38334 7.18750
 6.45195 7.23222
 6.49889 7.27111
 6.54500 7.32347
 6.56361 7.35111
 6.57750 7.38334
 6.60084 7.42972
 6.68178 7.56090
 6.73278 7.59014
 6.81389 7.60889
 6.84684 7.62229
 6.90548 7.61924
 6.93111 7.60195
 6.93666 7.57972
 6.96375 7.31486
 6.96403 7.16278
 6.94764 7.13792
 6.93750 7.11695
 6.93222 7.09500
 6.92974 7.06964
 6.92947 7.06265
 6.90472 7.04361
 6.80855 6.99570
 6.78945 6.98945
 6.75472 6.97958
 6.70277 6.97014
 6.64111 6.97389
 6.63375 6.97515
 6.57517 7.01069
 6.55892 6.99886
 6.54640 7.04117
 6.48292 7.11945
 6.41834 7.11666
 6.32722 7.11084
16 75 5.63143 6.96833 7.07695 8.60638 'Guiglo (Cote d'Ivoire)'
 5.69063 7.09428
 5.68403 7.10222
 5.63500 7.38416
 5.63143 7.39976
 5.64639 7.40555
 5.71500 7.43166
 5.74361 7.43611
 5.78945 7.43305
 5.81139 7.42778
 5.84555 7.42569
 5.86007 7.44785
 5.84334 7.49805
 5.88305 7.56361
 5.93805 7.65500
 5.91076 7.68757
 5.94666 7.75764
 5.97805 7.78347
 6.01431 7.77972
 6.07055 7.78916
 6.20611 7.82570
 6.24528 7.87584
 6.26195 7.89778
 6.30055 7.99945
 6.29361 8.06750
 6.27778 8.12222
 6.27555 8.14361
 6.27500 8.16973
 6.36055 8.37445
 6.43584 8.47528
 6.49215 8.54410
 6.50782 8.60638
 6.52298 8.60292
 6.52931 8.57840
 6.55212 8.56702
 6.56195 8.54014
 6.59586 8.52847
 6.60535 8.50435
 6.62021 8.48288
 6.63645 8.45778
 6.65613 8.44681
 6.65242 8.43507
 6.59639 8.34639
 6.59750 8.30750
 6.62277 8.25945
 6.76584 8.15334
 6.84278 8.11305
 6.89722 8.10264
 6.95166 8.01861
 6.96833 7.98973
 6.96778 7.98334
 6.95639 7.96055
 6.90104 7.86361
 6.85355 7.84368
 6.84361 7.63028
 6.84684 7.62229
 6.81389 7.60889
 6.73278 7.59014
 6.68178 7.56090
 6.60084 7.42972
 6.57750 7.38334
 6.56361 7.35111
 6.54500 7.32347
 6.49889 7.27111
 6.45195 7.23222
 6.38334 7.18750
 6.36389 7.17639
 6.32722 7.11084
 6.25621 7.10598
 6.08834 7.08611
 6.05445 7.07695
 5.99277 7.07972
 5.90750 7.08389
 5.77084 7.09111
 5.71945 7.09361
 5.69063 7.09428
17 53 6.99444 7.71916 7.00319 7.95482 'Man (Cote d'Ivoire)'
 7.38330 7.95482
 7.38861 7.94222
 7.40736 7.91305
 7.43632 7.89076
 7.46555 7.89570
 7.48736 7.88916
 7.54597 7.84257
 7.56166 7.77889
 7.62222 7.61722
 7.63166 7.59389
 7.63861 7.57389
 7.65625 7.48368
 7.64063 7.46424
 7.58701 7.44555
 7.51527 7.44222
 7.44278 7.39778
 7.50181 7.29361
 7.57903 7.28486
 7.61687 7.26702
 7.64389 7.24153
 7.71555 7.12555
 7.71916 7.09590
 7.71407 7.07413
 7.67361 7.07611
 7.63611 7.07055
 7.60972 7.05555
 7.53861 7.02361
 7.46389 7.00319
 7.43611 7.01174
 7.42639 7.02973
 7.41584 7.05014
 7.36000 7.08264
 7.23416 7.07722
 7.17081 7.07851
 7.16917 7.09916
 7.19028 7.22194
 7.21333 7.33555
 7.19916 7.39222
 7.15472 7.45722
 7.09555 7.50723
 7.05291 7.49528
 7.03916 7.51389
 6.99444 7.60917
 7.07500 7.94111
 7.10319 7.88479
 7.12486 7.86695
 7.15653 7.85403
 7.19750 7.85445
 7.22111 7.85834
 7.24139 7.86555
 7.27889 7.88334
 7.29584 7.89416
 7.38330 7.95482
18 54 7.71407 9.11766 6.24889 7.21805 'Seguela (Cote d'Ivoire)'
 9.08415 6.70805
 9.01334 6.71361
 8.96347 6.71445
 8.92777 6.68722
 8.93618 6.66666
 8.94722 6.64084
 8.94625 6.57105
 8.84805 6.46250
 8.81389 6.42611
 8.79445 6.40736
 8.77222 6.40139
 8.71945 6.42645
 8.71125 6.45875
 8.67695 6.47028
 8.52416 6.42445
 8.39834 6.36250
 8.35777 6.35111
 8.30389 6.34486
 7.81695 6.26222
 7.77666 6.24889
 7.77907 6.26625
 7.73305 6.44916
 7.76889 6.57055
 7.78805 6.63084
 7.77166 6.90695
 7.76319 7.03125
 7.71407 7.07413
 7.73264 7.08111
 7.84695 7.09584
 7.91798 7.07792
 7.94972 7.07055
 7.98916 7.08389
 8.01083 7.09389
 8.04069 7.10681
 8.08014 7.10903
 8.25834 7.12723
 8.48916 7.16958
 8.51673 7.19235
 8.57945 7.20555
 8.64055 7.21805
 8.67083 7.21611
 8.75139 7.20028
 8.78555 7.19569
 8.86413 7.21785
 8.92555 7.21278
 9.00639 7.12975
 8.99250 7.06292
 8.97042 7.04722
 8.95972 7.02965
 8.95777 6.92834
 9.07195 6.83195
 9.11766 6.74655
 9.11459 6.71605
 9.08415 6.70805
19 45 6.67618 7.49466 5.42433 6.22097 'Bouafle (Cote d'Ivoire)'
 7.25683 5.66223
 7.23243 5.67819
 7.20792 5.66666
 7.15278 5.60278
 7.14243 5.56729
 7.15285 5.53826
 7.13618 5.49347
 7.01476 5.49228
 6.92813 5.51611
 6.90302 5.53536
 6.86250 5.51584
 6.82945 5.49389
 6.79584 5.46500
 6.73286 5.42433
 6.74250 5.48500
 6.74777 5.56611
 6.75361 5.62445
 6.77416 5.74305
 6.78271 5.79840
 6.75111 5.87195
 6.71250 5.94000
 6.68264 6.00278
 6.67750 6.02695
 6.67618 6.12642
 6.73000 6.17305
 6.76445 6.17334
 6.81472 6.17195
 6.84916 6.19139
 6.90625 6.22097
 7.00166 6.21722
 7.01472 6.20028
 7.13208 6.01055
 7.13808 5.94252
 7.16056 5.93110
 7.16535 5.93206
 7.25285 5.92334
 7.47875 5.78500
 7.49230 5.76669
 7.49466 5.74218
 7.48042 5.74222
 7.45567 5.72215
 7.41555 5.72889
 7.38084 5.73222
 7.31653 5.71445
 7.25683 5.66223
20 82 7.6183 9.21078 5.34639 6.71445 'Mankono (Cote d'Ivoire)'
 7.74380 5.79585
 7.74250 5.84445
 7.70916 5.88778
 7.69666 5.90528
 7.71722 5.93361
 7.74416 6.00305
 7.68750 6.07500
 7.64521 6.07000
 7.62611 6.08972
 7.61830 6.10594
 7.65584 6.14250
 7.72666 6.22305
 7.77666 6.24889
 7.81695 6.26222
 8.30389 6.34486
 8.35777 6.35111
 8.39834 6.36250
 8.52416 6.42445
 8.67695 6.47028
 8.71125 6.45875
 8.71945 6.42645
 8.77222 6.40139
 8.79445 6.40736
 8.81389 6.42611
 8.84805 6.46250
 8.94625 6.57105
 8.94722 6.64084
 8.93618 6.66666
 8.92777 6.68722
 8.96347 6.71445
 9.01334 6.71361
 9.08415 6.70805
 9.07500 6.69625
 9.06834 6.64445
 9.06708 6.60916
 9.07611 6.44903
 9.09389 6.42542
 9.14834 6.38195
 9.18445 6.35416
 9.21078 6.30908
 9.20555 6.27584
 9.19708 6.24403
 9.16764 6.22166
 9.13834 6.21500
 9.11139 6.23528
 9.06563 6.25424
 9.00368 6.22736
 8.88555 6.11389
 8.80861 6.06722
 8.70166 5.99750
 8.63506 5.95145
 8.56416 5.75305
 8.55166 5.71416
 8.52924 5.61049
 8.51695 5.61361
 8.44625 5.62055
 8.42055 5.59805
 8.38014 5.55069
 8.36361 5.50028
 8.33722 5.42972
 8.32139 5.40416
 8.27027 5.35055
 8.21695 5.34639
 8.16750 5.35903
 8.16298 5.37362
 8.15875 5.39445
 8.11489 5.39958
 8.10277 5.41943
 8.10305 5.46805
 8.02764 5.57608
 8.01500 5.60916
 8.00945 5.63069
 8.00361 5.66334
 8.00445 5.69861
 8.00834 5.71931
 7.99882 5.73931
 7.95250 5.74972
 7.82681 5.76861
 7.79681 5.76181
 7.77424 5.76264
 7.75055 5.78111
 7.74380 5.79585
21 40 7.04571 7.78805 6.10594 7.08264 'Vavoua (Cote d'Ivoire)'
 7.71407 7.07413
 7.76319 7.03125
 7.77166 6.90695
 7.78805 6.63084
 7.76889 6.57055
 7.73305 6.44916
 7.77907 6.26625
 7.77666 6.24889
 7.72666 6.22305
 7.65584 6.14250
 7.61830 6.10594
 7.61416 6.11195
 7.54861 6.23305
 7.53111 6.26750
 7.50305 6.31945
 7.25445 6.44834
 7.23399 6.44345
 7.16945 6.44195
 7.10500 6.44611
 7.09305 6.49750
 7.08500 6.57472
 7.06889 6.68445
 7.06027 6.77584
 7.05750 6.88416
 7.05166 6.97972
 7.04571 7.04202
 7.06639 7.03708
 7.14042 7.06014
 7.17081 7.07851
 7.23416 7.07722
 7.36000 7.08264
 7.41584 7.05014
 7.42639 7.02973
 7.43611 7.01174
 7.46389 7.00319
 7.53861 7.02361
 7.60972 7.05555
 7.63611 7.07055
 7.67361 7.07611
 7.71407 7.07413
22 36 7.16535 7.74416 5.71625 6.44834 'Zuenoula (Cote d'Ivoire)'
 7.49466 5.74218
 7.49230 5.76669
 7.47875 5.78500
 7.25285 5.92334
 7.16535 5.93206
 7.20750 6.01916
 7.23139 6.06805
 7.28206 6.12445
 7.29028 6.17778
 7.28660 6.21590
 7.21055 6.22334
 7.20834 6.28639
 7.20861 6.30972
 7.22764 6.36486
 7.25611 6.39208
 7.23399 6.44345
 7.25445 6.44834
 7.50305 6.31945
 7.53111 6.26750
 7.54861 6.23305
 7.61416 6.11195
 7.61830 6.10594
 7.62611 6.08972
 7.64521 6.07000
 7.68750 6.07500
 7.74416 6.00305
 7.71722 5.93361
 7.69666 5.90528
 7.70916 5.88778
 7.74250 5.84445
 7.74380 5.79585
 7.70222 5.78111
 7.58319 5.73542
 7.50542 5.71625
 7.49416 5.73416
 7.49466 5.74218
23 57 6.57805 7.29028 5.9311 7.06542 'Daloa (Cote d'Ivoire)'
 6.92947 7.06265
 6.95472 7.06542
 6.98778 7.06334
 7.04571 7.04202
 7.05166 6.97972
 7.05750 6.88416
 7.06027 6.77584
 7.06889 6.68445
 7.08500 6.57472
 7.09305 6.49750
 7.10500 6.44611
 7.16945 6.44195
 7.23399 6.44345
 7.25611 6.39208
 7.22764 6.36486
 7.20861 6.30972
 7.20834 6.28639
 7.21055 6.22334
 7.28660 6.21590
 7.29028 6.17778
 7.28206 6.12445
 7.23139 6.06805
 7.20750 6.01916
 7.16535 5.93206
 7.16056 5.93110
 7.13808 5.94252
 7.13208 6.01055
 7.01472 6.20028
 7.00166 6.21722
 6.90625 6.22097
 6.84916 6.19139
 6.81472 6.17195
 6.76445 6.17334
 6.73000 6.17305
 6.67618 6.12642
 6.63334 6.09055
 6.62825 6.09155
 6.57805 6.22500
 6.68750 6.37278
 6.67945 6.42445
 6.64278 6.61445
 6.61632 6.63326
 6.61666 6.66750
 6.62305 6.73250
 6.62722 6.77278
 6.63361 6.81695
 6.63639 6.85666
 6.63847 6.91264
 6.63611 6.95861
 6.63375 6.97515
 6.64111 6.97389
 6.70277 6.97014
 6.75472 6.97958
 6.78945 6.98945
 6.80855 6.99570
 6.90472 7.04361
 6.92947 7.06265
24 46 5.67813 6.51975 5.72885 6.40007 'Gagnoa (Cote d'Ivoire)'
 6.30458 6.40007
 6.31195 6.34445
 6.33250 6.20972
 6.37229 6.09097
 6.48195 6.04805
 6.51975 6.04080
 6.51055 5.96055
 6.49389 5.80555
 6.48889 5.75361
 6.48857 5.74002
 6.43916 5.74666
 6.37611 5.75472
 6.34500 5.75084
 6.30361 5.74500
 6.22084 5.73305
 6.19598 5.72885
 6.19027 5.73416
 6.16597 5.75097
 6.14208 5.76125
 6.11153 5.76278
 6.07584 5.75792
 6.05597 5.75305
 5.94576 5.79111
 5.93757 5.82222
 5.78000 5.97055
 5.76278 5.98500
 5.67813 6.05156
 5.69555 6.05528
 5.72931 6.06722
 5.77664 6.10267
 5.79451 6.13743
 5.79500 6.16764
 5.77805 6.21861
 5.80916 6.23528
 5.94666 6.28250
 5.96778 6.29055
 5.98500 6.30403
 6.01181 6.33236
 6.05208 6.35618
 6.10236 6.37500
 6.12750 6.38195
 6.14972 6.38750
 6.17111 6.39055
 6.20139 6.39416
 6.23027 6.39695
 6.30458 6.40007
25 38 6.24639 6.6875 6.0408 7.01069 'Issia (Cote d'Ivoire)'
 6.51975 6.04080
 6.48195 6.04805
 6.37229 6.09097
 6.33250 6.20972
 6.31195 6.34445
 6.30458 6.40007
 6.29639 6.43666
 6.26778 6.50528
 6.29695 6.56166
 6.24666 6.67584
 6.24639 6.84584
 6.37889 6.96111
 6.40936 6.97897
 6.49042 6.95292
 6.52584 6.95695
 6.54945 6.98139
 6.55781 6.99748
 6.55892 6.99886
 6.57517 7.01069
 6.63375 6.97515
 6.63611 6.95861
 6.63847 6.91264
 6.63639 6.85666
 6.63361 6.81695
 6.62722 6.77278
 6.62305 6.73250
 6.61666 6.66750
 6.61632 6.63326
 6.64278 6.61445
 6.67945 6.42445
 6.68750 6.37278
 6.57805 6.22500
 6.62825 6.09155
 6.58889 6.09778
 6.56861 6.09681
 6.53472 6.05916
 6.51972 6.04166
 6.51975 6.04080
26 39 5.51819 6.19598 5.47903 6.05156 'Lakota (Cote d'Ivoire)'
 6.16657 5.50520
 6.15945 5.50305
 6.12695 5.49722
 5.99750 5.47903
 5.96166 5.48681
 5.92834 5.50111
 5.90084 5.51028
 5.86222 5.52084
 5.83861 5.52584
 5.81778 5.52750
 5.77645 5.52479
 5.73250 5.51750
 5.70222 5.51695
 5.55965 5.57313
 5.55000 5.59972
 5.54486 5.63945
 5.57236 5.68014
 5.59611 5.69472
 5.60625 5.72375
 5.55949 5.82876
 5.51819 5.96514
 5.53676 5.99823
 5.55778 6.01472
 5.59305 6.02722
 5.67813 6.05156
 5.76278 5.98500
 5.78000 5.97055
 5.93757 5.82222
 5.94576 5.79111
 6.05597 5.75305
 6.07584 5.75792
 6.11153 5.76278
 6.14208 5.76125
 6.16597 5.75097
 6.19027 5.73416
 6.19598 5.72885
 6.18208 5.63514
 6.16361 5.51305
 6.16657 5.50520
27 29 6.48611 6.78271 5.40605 6.12642 'Sinfra (Cote d'Ivoire)'
 6.51975 6.04080
 6.51972 6.04166
 6.53472 6.05916
 6.56861 6.09681
 6.58889 6.09778
 6.62825 6.09155
 6.63334 6.09055
 6.67618 6.12642
 6.67750 6.02695
 6.68264 6.00278
 6.71250 5.94000
 6.75111 5.87195
 6.78271 5.79840
 6.77416 5.74305
 6.75361 5.62445
 6.74777 5.56611
 6.74250 5.48500
 6.73286 5.42433
 6.69889 5.41000
 6.66777 5.40605
 6.64334 5.41389
 6.64278 5.49166
 6.60778 5.54389
 6.48611 5.72834
 6.48857 5.74002
 6.48889 5.75361
 6.49389 5.80555
 6.51055 5.96055
 6.51975 6.04080
28 61 5.32267 6.55892 6.20139 7.11945 'Soubre (Cote d'Ivoire)'
 5.50111 6.98972
 5.50084 6.99166
 5.58555 7.03666
 5.67000 7.08250
 5.69063 7.09428
 5.71945 7.09361
 5.77084 7.09111
 5.90750 7.08389
 5.99277 7.07972
 6.05445 7.07695
 6.08834 7.08611
 6.25621 7.10598
 6.32722 7.11084
 6.41834 7.11666
 6.48292 7.11945
 6.54640 7.04117
 6.55892 6.99886
 6.55781 6.99748
 6.54945 6.98139
 6.52584 6.95695
 6.49042 6.95292
 6.40936 6.97897
 6.37889 6.96111
 6.24639 6.84584
 6.24666 6.67584
 6.29695 6.56166
 6.26778 6.50528
 6.29639 6.43666
 6.30458 6.40007
 6.23027 6.39695
 6.20139 6.39416
 6.17111 6.39055
 6.14972 6.38750
 6.12750 6.38195
 6.10236 6.37500
 6.05208 6.35618
 6.01181 6.33236
 5.98500 6.30403
 5.96778 6.29055
 5.94666 6.28250
 5.80916 6.23528
 5.77805 6.21861
 5.76285 6.21305
 5.64750 6.20139
 5.58708 6.21542
 5.56889 6.32708
 5.57195 6.36500
 5.58500 6.46723
 5.50208 6.42680
 5.47278 6.42528
 5.33195 6.45445
 5.32267 6.45697
 5.35569 6.50500
 5.35472 6.55139
 5.35250 6.58555
 5.35250 6.62278
 5.35729 6.70187
 5.37729 6.71834
 5.44281 6.73181
 5.49722 6.82472
 5.50111 6.98972
29 97 8.33389 9.95445 2.59819 4.31245 'Bouna (Cote d'Ivoire)'
 9.59997 4.31245
 9.60111 4.30972
 9.65166 4.28305
 9.67583 4.27945
 9.74292 4.26201
 9.82931 4.12416
 9.80695 4.03416
 9.86305 3.93639
 9.88222 3.90347
 9.89424 3.89084
 9.89778 3.88222
 9.93500 3.75361
 9.94361 3.70639
 9.95445 3.63708
 9.92000 3.39416
 9.90139 3.20861
 9.83611 3.12389
 9.72445 2.98611
 9.69986 2.96916
 9.62777 2.93750
 9.57681 2.92097
 9.48139 2.85084
 9.42389 2.80139
 9.40361 2.77972
 9.39569 2.75702
 9.41084 2.73166
 9.48182 2.68556
 9.46597 2.67472
 9.38277 2.66778
 9.22527 2.68708
 9.19972 2.71375
 9.12166 2.76084
 9.06361 2.76750
 9.03292 2.72958
 9.01455 2.65990
 8.91445 2.61666
 8.81666 2.59819
 8.78414 2.61780
 8.73084 2.71666
 8.72027 2.73722
 8.69416 2.79222
 8.68445 2.81958
 8.67500 2.84639
 8.64916 2.92028
 8.64181 2.94666
 8.64264 2.97299
 8.65705 3.00559
 8.61222 3.11722
 8.59403 3.15028
 8.48166 3.26916
 8.41361 3.33007
 8.39389 3.36111
 8.38666 3.38139
 8.38139 3.40834
 8.37777 3.43778
 8.37639 3.46222
 8.37527 3.50500
 8.37722 3.52555
 8.38458 3.55514
 8.39722 3.58236
 8.40542 3.60625
 8.40695 3.62847
 8.40166 3.65931
 8.39139 3.68250
 8.37639 3.70166
 8.35611 3.72278
 8.33834 3.75611
 8.33389 3.77792
 8.33903 3.79805
 8.35445 3.82139
 8.38305 3.85166
 8.41611 3.87722
 8.44486 3.90535
 8.45777 3.92945
 8.45952 3.93612
 8.47916 3.93334
 8.56916 3.92389
 8.61303 3.93329
 8.64027 3.94472
 8.67319 3.93625
 8.76514 3.80368
 8.78479 3.78743
 8.85361 3.81750
 8.90500 3.85528
 9.03389 3.86278
 9.14722 3.90195
 9.17083 3.92111
 9.20250 3.96222
 9.26069 4.08584
 9.26166 4.12611
 9.37445 4.18222
 9.44389 4.19584
 9.46195 4.20555
 9.52875 4.24445
 9.56027 4.27139
 9.59555 4.30555
 9.59997 4.31245
30 93 8.61303 10.4572 3.78743 5.81139 'Ferkessedougou (Cote d'Ivoire)'
 9.37996 5.34191
 9.39334 5.35389
 9.43055 5.33639
 9.44431 5.31729
 9.50834 5.30445
 9.54527 5.30028
 9.58166 5.30229
 9.74875 5.47166
 9.74389 5.50639
 9.73805 5.53222
 9.72361 5.56084
 9.74139 5.60805
 9.75861 5.62723
 9.84236 5.69222
 9.91166 5.73084
 9.93639 5.73736
 10.08972 5.72666
 10.18389 5.79389
 10.33569 5.81139
 10.40764 5.79153
 10.42643 5.78231
 10.42334 5.74639
 10.42278 5.72611
 10.43000 5.70181
 10.44597 5.66924
 10.45722 5.56569
 10.43627 5.51985
 10.42777 5.52084
 10.34805 5.47028
 10.29764 5.40410
 10.28945 5.37111
 10.29695 5.33834
 10.30527 5.30750
 10.31916 5.26861
 10.31972 5.24389
 10.30305 5.12819
 10.06389 4.99028
 9.94861 4.94972
 9.86250 4.83028
 9.82805 4.78639
 9.78292 4.78542
 9.77785 4.81021
 9.73666 4.77528
 9.69805 4.70445
 9.70292 4.65521
 9.72069 4.60500
 9.69027 4.51472
 9.65750 4.42611
 9.61528 4.33049
 9.59997 4.31245
 9.59555 4.30555
 9.56027 4.27139
 9.52875 4.24445
 9.46195 4.20555
 9.44389 4.19584
 9.37445 4.18222
 9.26166 4.12611
 9.26069 4.08584
 9.20250 3.96222
 9.17083 3.92111
 9.14722 3.90195
 9.03389 3.86278
 8.90500 3.85528
 8.85361 3.81750
 8.78479 3.78743
 8.76514 3.80368
 8.67319 3.93625
 8.64027 3.94472
 8.61303 3.93329
 8.62305 4.00223
 8.63055 4.15222
 8.63875 4.21452
 8.71527 4.34125
 8.75111 4.34805
 8.77584 4.35111
 8.80195 4.35916
 8.85445 4.41055
 8.89264 4.49778
 8.91027 4.54666
 8.90055 4.56743
 8.90389 4.80111
 8.90881 4.93619
 8.98834 4.89278
 9.09514 4.88055
 9.11458 4.88702
 9.13055 4.91722
 9.15555 4.97458
 9.21972 5.01063
 9.27986 5.01555
 9.32333 5.15445
 9.37250 5.23834
 9.38493 5.25750
 9.37996 5.34191
31 57 7.97055 9.38493 4.73905 5.71856 'Katiola (Cote d'Ivoire)'
 8.90881 4.93619
 8.85645 4.95887
 8.69496 4.93877
 8.58305 4.94250
 8.56611 4.92916
 8.54472 4.91597
 8.40611 4.88972
 8.34916 4.89028
 8.32361 4.88416
 8.29972 4.87805
 8.13166 4.83305
 8.09000 4.81611
 8.02305 4.76875
 8.01792 4.73905
 8.00195 4.76278
 7.97055 5.07555
 7.97986 5.15625
 7.99666 5.18945
 8.08430 5.34542
 8.11264 5.36882
 8.15027 5.37597
 8.16298 5.37362
 8.16750 5.35903
 8.21695 5.34639
 8.27027 5.35055
 8.32139 5.40416
 8.33722 5.42972
 8.36361 5.50028
 8.38014 5.55069
 8.42055 5.59805
 8.44625 5.62055
 8.51695 5.61361
 8.52924 5.61049
 8.53947 5.60015
 8.72583 5.66666
 8.74985 5.71856
 8.79542 5.71389
 8.84319 5.69181
 8.86611 5.55750
 8.86777 5.53000
 8.91584 5.48305
 8.99972 5.45555
 9.08333 5.46834
 9.31222 5.38778
 9.35695 5.35945
 9.37996 5.34191
 9.38493 5.25750
 9.37250 5.23834
 9.32333 5.15445
 9.27986 5.01555
 9.21972 5.01063
 9.15555 4.97458
 9.13055 4.91722
 9.11458 4.88702
 9.09514 4.88055
 8.98834 4.89278
 8.90881 4.93619
32 35 5.59945 6.28048 3.92084 4.65917 'Agboville (Cote d'Ivoire)'
 5.75783 3.92471
 5.75416 3.92361
 5.71305 3.92084
 5.63351 3.92094
 5.61722 3.97972
 5.60334 4.25611
 5.59945 4.34195
 5.66166 4.45250
 5.71431 4.41708
 5.85815 4.65917
 5.89945 4.63666
 6.10389 4.52584
 6.17195 4.48945
 6.22401 4.46311
 6.28048 4.42222
 6.25945 4.40611
 6.24111 4.38361
 6.21431 4.34660
 6.17972 4.24166
 6.23429 4.14670
 6.23958 4.13431
 6.24382 4.09458
 6.23139 4.06250
 6.20736 4.03125
 6.18084 4.02250
 6.04389 3.99361
 5.97334 4.08166
 5.96000 4.10000
 5.92375 4.10028
 5.83695 4.07347
 5.81834 4.04750
 5.81055 4.02778
 5.79771 3.98972
 5.77472 3.93681
 5.75783 3.92471
33 18 6.81862 7.34889 3.09389 3.64264 'Agnibilekrou (Cote d'Ivoire)'
 7.05062 3.09635
 7.00195 3.11889
 6.81862 3.22445
 7.00563 3.35666
 7.10750 3.56666
 7.09834 3.59514
 7.10889 3.62014
 7.12986 3.63347
 7.16166 3.64264
 7.19292 3.64000
 7.33711 3.53608
 7.34889 3.49834
 7.34389 3.46861
 7.33639 3.44861
 7.21722 3.22361
 7.17305 3.15084
 7.07000 3.09389
 7.05062 3.09635
34 45 6.17972 7.00111 3.7434 4.79375 'Bongouanou (Cote d'Ivoire)'
 6.62748 3.77420
 6.62416 3.78639
 6.52278 3.98666
 6.48222 4.09986
 6.41472 4.14236
 6.39584 4.15084
 6.36347 4.15611
 6.30778 4.15334
 6.23429 4.14670
 6.17972 4.24166
 6.21431 4.34660
 6.24111 4.38361
 6.25945 4.40611
 6.28048 4.42222
 6.22401 4.46311
 6.22722 4.47945
 6.24805 4.56555
 6.28193 4.70161
 6.29055 4.69195
 6.40195 4.69916
 6.47840 4.73479
 6.48486 4.76979
 6.48305 4.79271
 6.50778 4.79375
 6.54972 4.78722
 6.58195 4.76166
 6.59611 4.74584
 6.60105 4.74021
 6.55305 4.59834
 6.57666 4.56361
 6.68750 4.48945
 6.73334 4.46666
 6.79666 4.36861
 6.80750 4.33834
 6.90166 4.16472
 6.99222 4.01472
 7.00111 4.00055
 7.00084 3.93222
 6.98027 3.85861
 6.95321 3.78092
 6.92916 3.77305
 6.81722 3.74340
 6.77972 3.75986
 6.67416 3.77916
 6.62748 3.77420
35 85 7.74198 8.78414 2.48778 4.04382 'Bondoukou (Cote d'Ivoire)'
 8.02927 4.00678
 8.08361 3.99889
 8.29621 4.04382
 8.35250 3.97889
 8.43805 3.94305
 8.45952 3.93612
 8.45777 3.92945
 8.44486 3.90535
 8.41611 3.87722
 8.38305 3.85166
 8.35445 3.82139
 8.33903 3.79805
 8.33389 3.77792
 8.33834 3.75611
 8.35611 3.72278
 8.37639 3.70166
 8.39139 3.68250
 8.40166 3.65931
 8.40695 3.62847
 8.40542 3.60625
 8.39722 3.58236
 8.38458 3.55514
 8.37722 3.52555
 8.37527 3.50500
 8.37639 3.46222
 8.37777 3.43778
 8.38139 3.40834
 8.38666 3.38139
 8.39389 3.36111
 8.41361 3.33007
 8.48166 3.26916
 8.59403 3.15028
 8.61222 3.11722
 8.65705 3.00559
 8.64264 2.97299
 8.64181 2.94666
 8.64916 2.92028
 8.67500 2.84639
 8.68445 2.81958
 8.69416 2.79222
 8.72027 2.73722
 8.73084 2.71666
 8.78414 2.61780
 8.78014 2.61139
 8.78125 2.58499
 8.76817 2.58053
 8.71334 2.57084
 8.64472 2.55945
 8.24945 2.49555
 8.19777 2.48778
 8.16416 2.56028
 8.12195 2.60028
 8.02305 2.66028
 7.94292 2.77514
 7.85361 2.78500
 7.75666 2.83972
 7.74198 2.85499
 7.76014 2.85861
 7.78777 2.87055
 7.80555 2.88250
 7.82334 2.90403
 7.83931 2.93222
 7.84889 2.95861
 7.85778 2.99666
 7.91403 3.08208
 7.93778 3.09500
 7.98736 3.11945
 8.01118 3.21743
 8.00403 3.28195
 7.98334 3.37055
 7.96584 3.38722
 7.94222 3.40722
 7.91416 3.42416
 7.88597 3.44208
 7.87375 3.47028
 7.86861 3.51166
 7.89361 3.58361
 7.94736 3.64916
 7.98469 3.68135
 7.91861 3.83972
 7.87639 3.87666
 7.87250 3.87916
 7.95639 3.92639
 7.96584 4.00757
 8.02927 4.00678
36 60 5.03064 6.25611 4.93764 5.87555 'Divo (Cote d'Ivoire)'
 5.09829 5.42838
 5.09139 5.48305
 5.03889 5.82111
 5.03064 5.85949
 5.13805 5.87555
 5.15931 5.86958
 5.17708 5.85653
 5.18986 5.83834
 5.21778 5.72722
 5.43416 5.78889
 5.55949 5.82876
 5.60625 5.72375
 5.59611 5.69472
 5.57236 5.68014
 5.54486 5.63945
 5.55000 5.59972
 5.55965 5.57313
 5.70222 5.51695
 5.73250 5.51750
 5.77645 5.52479
 5.81778 5.52750
 5.83861 5.52584
 5.86222 5.52084
 5.90084 5.51028
 5.92834 5.50111
 5.96166 5.48681
 5.99750 5.47903
 6.12695 5.49722
 6.15945 5.50305
 6.16657 5.50520
 6.25611 5.28139
 6.22222 5.24750
 6.21802 5.24450
 6.14250 5.18722
 6.13722 5.13555
 6.12181 5.00903
 6.05250 5.00223
 5.88695 4.99666
 5.79556 4.93764
 5.78111 4.94334
 5.64250 4.99750
 5.62555 4.98584
 5.60750 4.97666
 5.57416 4.97181
 5.52027 4.98500
 5.30778 5.05250
 5.26639 5.07069
 5.22525 5.09385
 5.21576 5.12395
 5.23118 5.14105
 5.23111 5.22028
 5.22208 5.24472
 5.21095 5.26102
 5.21584 5.27166
 5.22895 5.32292
 5.20139 5.34084
 5.19775 5.33971
 5.25298 5.41028
 5.26139 5.44916
 5.09829 5.42838
37 5 5.03064 6.25611 4.93764 5.87555 'Divo (Cote d'Ivoire)'
 5.19106 5.29814
 5.18916 5.30847
 5.19055 5.31977
 5.19611 5.30299
 5.19106 5.29814
38 29 6.16361 6.64334 5.21042 5.75472 'Oume (Cote d'Ivoire)'
 6.48857 5.74002
 6.48611 5.72834
 6.60778 5.54389
 6.64278 5.49166
 6.64334 5.41389
 6.61548 5.40986
 6.60139 5.38639
 6.60695 5.36347
 6.59632 5.31785
 6.53945 5.31750
 6.51278 5.32861
 6.38875 5.31174
 6.35681 5.27826
 6.36758 5.21465
 6.35236 5.22097
 6.31792 5.21042
 6.21802 5.24450
 6.22222 5.24750
 6.25611 5.28139
 6.16657 5.50520
 6.16361 5.51305
 6.18208 5.63514
 6.19598 5.72885
 6.22084 5.73305
 6.30361 5.74500
 6.34500 5.75084
 6.37611 5.75472
 6.43916 5.74666
 6.48857 5.74002
39 38 6.23569 6.74817 4.69195 5.32861 'Toumodi (Cote d'Ivoire)'
 6.60105 4.74021
 6.59611 4.74584
 6.58195 4.76166
 6.54972 4.78722
 6.50778 4.79375
 6.48305 4.79271
 6.48486 4.76979
 6.47840 4.73479
 6.40195 4.69916
 6.29055 4.69195
 6.28193 4.70161
 6.26355 4.71174
 6.24055 4.75653
 6.24055 4.78334
 6.23569 4.94042
 6.23666 5.01028
 6.29015 5.07369
 6.31622 5.10425
 6.38201 5.18889
 6.36758 5.21465
 6.35681 5.27826
 6.38875 5.31174
 6.51278 5.32861
 6.53945 5.31750
 6.72395 5.20972
 6.74264 5.18542
 6.74563 5.16084
 6.72771 5.12264
 6.72625 5.08889
 6.74817 4.97152
 6.73222 4.96916
 6.66153 4.95681
 6.60125 4.92611
 6.60128 4.89702
 6.62781 4.84212
 6.62777 4.81305
 6.61695 4.78139
 6.60105 4.74021
40 52 7.05062 8.01118 2.85499 3.87916 'Tanda (Cote d'Ivoire)'
 7.74198 2.85499
 7.59555 2.92361
 7.43195 2.94861
 7.26222 2.97334
 7.07305 3.02389
 7.05062 3.09635
 7.07000 3.09389
 7.17305 3.15084
 7.21722 3.22361
 7.33639 3.44861
 7.34389 3.46861
 7.34889 3.49834
 7.33711 3.53608
 7.35861 3.51889
 7.40395 3.50187
 7.43903 3.50708
 7.49021 3.54006
 7.51202 3.58215
 7.54695 3.57139
 7.57687 3.57708
 7.59458 3.61076
 7.58145 3.63493
 7.66195 3.72666
 7.74000 3.81555
 7.77111 3.85750
 7.82445 3.87458
 7.87250 3.87916
 7.87639 3.87666
 7.91861 3.83972
 7.98469 3.68135
 7.94736 3.64916
 7.89361 3.58361
 7.86861 3.51166
 7.87375 3.47028
 7.88597 3.44208
 7.91416 3.42416
 7.94222 3.40722
 7.96584 3.38722
 7.98334 3.37055
 8.00403 3.28195
 8.01118 3.21743
 7.98736 3.11945
 7.93778 3.09500
 7.91403 3.08208
 7.85778 2.99666
 7.84889 2.95861
 7.83931 2.93222
 7.82334 2.90403
 7.80555 2.88250
 7.78777 2.87055
 7.76014 2.85861
 7.74198 2.85499
41 39 5.54816 6.38201 4.46311 5.2445 'Tiassale (Cote d'Ivoire)'
 5.79556 4.93764
 5.88695 4.99666
 6.05250 5.00223
 6.12181 5.00903
 6.13722 5.13555
 6.14250 5.18722
 6.21802 5.24450
 6.31792 5.21042
 6.35236 5.22097
 6.36758 5.21465
 6.38201 5.18889
 6.31622 5.10425
 6.29015 5.07369
 6.23666 5.01028
 6.23569 4.94042
 6.24055 4.78334
 6.24055 4.75653
 6.26355 4.71174
 6.28193 4.70161
 6.24805 4.56555
 6.22722 4.47945
 6.22401 4.46311
 6.17195 4.48945
 6.10389 4.52584
 5.89945 4.63666
 5.85815 4.65917
 5.76334 4.67264
 5.62389 4.70139
 5.58584 4.71055
 5.56666 4.78305
 5.54816 4.84375
 5.57916 4.84889
 5.60362 4.84091
 5.63691 4.80597
 5.66271 4.79111
 5.73095 4.83503
 5.74445 4.86055
 5.75229 4.90236
 5.79556 4.93764
42 40 7.45567 8.10305 5.32986 5.79585 'Beoumi (Cote d'Ivoire)'
 7.64222 5.35222
 7.63666 5.35389
 7.59250 5.37528
 7.54168 5.40530
 7.49356 5.43856
 7.48639 5.46528
 7.48156 5.49127
 7.47838 5.51445
 7.46166 5.65473
 7.45567 5.72215
 7.48042 5.74222
 7.49466 5.74218
 7.49416 5.73416
 7.50542 5.71625
 7.58319 5.73542
 7.70222 5.78111
 7.74380 5.79585
 7.75055 5.78111
 7.77424 5.76264
 7.79681 5.76181
 7.82681 5.76861
 7.95250 5.74972
 7.99882 5.73931
 8.00834 5.71931
 8.00445 5.69861
 8.00361 5.66334
 8.00945 5.63069
 8.01500 5.60916
 8.02764 5.57608
 8.10305 5.46805
 8.10277 5.41943
 8.02222 5.39055
 7.99166 5.38250
 7.96750 5.38000
 7.92222 5.38069
 7.89264 5.38805
 7.85695 5.39326
 7.81222 5.37195
 7.74375 5.32986
 7.64222 5.35222
43 55 7.33084 8.16298 4.5176 5.41943 'Bouake (Cote d'Ivoire)'
 7.79964 4.52722
 7.74416 4.53528
 7.70139 4.52195
 7.59559 4.51760
 7.60035 4.57361
 7.52722 4.65945
 7.51605 4.66114
 7.51007 4.69958
 7.51945 4.77097
 7.54708 4.79993
 7.54847 4.89042
 7.43195 5.04111
 7.40097 5.05820
 7.37986 5.06889
 7.33666 5.16028
 7.33084 5.18695
 7.35653 5.19729
 7.39125 5.19305
 7.48639 5.14584
 7.54264 5.10584
 7.56945 5.10666
 7.59416 5.15389
 7.63160 5.24292
 7.62208 5.27653
 7.62084 5.29916
 7.64222 5.35222
 7.74375 5.32986
 7.81222 5.37195
 7.85695 5.39326
 7.89264 5.38805
 7.92222 5.38069
 7.96750 5.38000
 7.99166 5.38250
 8.02222 5.39055
 8.10277 5.41943
 8.11489 5.39958
 8.15875 5.39445
 8.16298 5.37362
 8.15027 5.37597
 8.11264 5.36882
 8.08430 5.34542
 7.99666 5.18945
 7.97986 5.15625
 7.97055 5.07555
 8.00195 4.76278
 8.01792 4.73905
 8.02729 4.72653
 8.02277 4.65792
 8.00597 4.63236
 7.96916 4.63000
 7.88972 4.60528
 7.84639 4.58666
 7.79681 4.55472
 7.79722 4.53222
 7.79964 4.52722
44 54 7.79666 8.91027 3.92389 4.95887 'Dabakala (Cote d'Ivoire)'
 8.90881 4.93619
 8.90389 4.80111
 8.90055 4.56743
 8.91027 4.54666
 8.89264 4.49778
 8.85445 4.41055
 8.80195 4.35916
 8.77584 4.35111
 8.75111 4.34805
 8.71527 4.34125
 8.63875 4.21452
 8.63055 4.15222
 8.62305 4.00223
 8.61303 3.93329
 8.56916 3.92389
 8.47916 3.93334
 8.45952 3.93612
 8.43805 3.94305
 8.35250 3.97889
 8.29621 4.04382
 8.08361 3.99889
 8.02927 4.00678
 8.02722 4.00916
 7.99472 4.18222
 7.97653 4.19486
 7.94181 4.21847
 7.90055 4.25611
 7.88222 4.27555
 7.86611 4.29778
 7.80298 4.41042
 7.79666 4.44861
 7.79964 4.52722
 7.79722 4.53222
 7.79681 4.55472
 7.84639 4.58666
 7.88972 4.60528
 7.96916 4.63000
 8.00597 4.63236
 8.02277 4.65792
 8.02729 4.72653
 8.01792 4.73905
 8.02305 4.76875
 8.09000 4.81611
 8.13166 4.83305
 8.29972 4.87805
 8.32361 4.88416
 8.34916 4.89028
 8.40611 4.88972
 8.54472 4.91597
 8.56611 4.92916
 8.58305 4.94250
 8.69496 4.93877
 8.85645 4.95887
 8.90881 4.93619
45 45 6.95321 7.51202 3.50187 4.51336 'Daoukro (Cote d'Ivoire)'
 7.36789 4.51336
 7.40805 4.43834
 7.42416 4.40278
 7.41584 4.38334
 7.39528 4.35805
 7.37527 4.34445
 7.32855 4.01229
 7.36695 3.99195
 7.39084 3.97972
 7.45410 3.93958
 7.46132 3.89701
 7.43695 3.87569
 7.41069 3.85778
 7.39514 3.80722
 7.43090 3.71055
 7.49916 3.62416
 7.51202 3.58215
 7.49021 3.54006
 7.43903 3.50708
 7.40395 3.50187
 7.35861 3.51889
 7.33711 3.53608
 7.19292 3.64000
 7.16166 3.64264
 7.12986 3.63347
 7.10889 3.62014
 7.09834 3.59514
 7.10750 3.56666
 7.06389 3.58361
 7.06278 3.61666
 7.04916 3.66361
 7.03305 3.69555
 6.99834 3.75208
 6.96792 3.77681
 6.95321 3.78092
 6.98027 3.85861
 7.00084 3.93222
 7.00111 4.00055
 6.99222 4.01472
 7.04166 4.03722
 7.07111 4.09834
 7.10611 4.16389
 7.22889 4.33916
 7.27361 4.45889
 7.36789 4.51336
46 39 6.55305 7.45084 4.01472 4.97152 'Dimbokro (Cote d'Ivoire)'
 6.74817 4.97152
 6.79361 4.95666
 6.82389 4.91584
 6.87819 4.80813
 7.02695 4.80111
 7.05778 4.78334
 7.10389 4.75750
 7.26722 4.70813
 7.42695 4.73555
 7.43500 4.71639
 7.45084 4.67361
 7.45000 4.63695
 7.44898 4.63220
 7.44916 4.61611
 7.44722 4.58528
 7.38889 4.53166
 7.36789 4.51336
 7.27361 4.45889
 7.22889 4.33916
 7.10611 4.16389
 7.07111 4.09834
 7.04166 4.03722
 6.99222 4.01472
 6.90166 4.16472
 6.80750 4.33834
 6.79666 4.36861
 6.73334 4.46666
 6.68750 4.48945
 6.57666 4.56361
 6.55305 4.59834
 6.60105 4.74021
 6.61695 4.78139
 6.62777 4.81305
 6.62781 4.84212
 6.60128 4.89702
 6.60125 4.92611
 6.66153 4.95681
 6.73222 4.96916
 6.74817 4.97152
47 51 7.32855 8.02927 3.57139 4.66114 'Mbahiakro (Cote d'Ivoire)'
 7.51605 4.66114
 7.52722 4.65945
 7.60035 4.57361
 7.59559 4.51760
 7.70139 4.52195
 7.74416 4.53528
 7.79964 4.52722
 7.79666 4.44861
 7.80298 4.41042
 7.86611 4.29778
 7.88222 4.27555
 7.90055 4.25611
 7.94181 4.21847
 7.97653 4.19486
 7.99472 4.18222
 8.02722 4.00916
 8.02927 4.00678
 7.96584 4.00757
 7.95639 3.92639
 7.87250 3.87916
 7.82445 3.87458
 7.77111 3.85750
 7.74000 3.81555
 7.66195 3.72666
 7.58145 3.63493
 7.59458 3.61076
 7.57687 3.57708
 7.54695 3.57139
 7.51202 3.58215
 7.49916 3.62416
 7.43090 3.71055
 7.39514 3.80722
 7.41069 3.85778
 7.43695 3.87569
 7.46132 3.89701
 7.45410 3.93958
 7.39084 3.97972
 7.36695 3.99195
 7.32855 4.01229
 7.37527 4.34445
 7.39528 4.35805
 7.41584 4.38334
 7.42416 4.40278
 7.40805 4.43834
 7.36789 4.51336
 7.38889 4.53166
 7.44722 4.58528
 7.44916 4.61611
 7.44898 4.63220
 7.47611 4.64000
 7.51605 4.66114
48 36 7.22861 7.64222 5.10584 5.73222 'Sakassou (Cote d'Ivoire)'
 7.45567 5.72215
 7.46166 5.65473
 7.47838 5.51445
 7.48156 5.49127
 7.48639 5.46528
 7.49356 5.43856
 7.54168 5.40530
 7.59250 5.37528
 7.63666 5.35389
 7.64222 5.35222
 7.62084 5.29916
 7.62208 5.27653
 7.63160 5.24292
 7.59416 5.15389
 7.56945 5.10666
 7.54264 5.10584
 7.48639 5.14584
 7.39125 5.19305
 7.35653 5.19729
 7.33084 5.18695
 7.23458 5.28153
 7.22861 5.36972
 7.24258 5.39314
 7.27408 5.41798
 7.29863 5.43802
 7.29972 5.46028
 7.27528 5.52000
 7.26416 5.56028
 7.25875 5.58517
 7.25468 5.60789
 7.25319 5.63722
 7.25683 5.66223
 7.31653 5.71445
 7.38084 5.73222
 7.41555 5.72889
 7.45567 5.72215
49 63 6.53945 7.54847 4.6322 5.67819 'Yamoussoukro (Cote d'Ivoire)'
 6.73286 5.42433
 6.79584 5.46500
 6.82945 5.49389
 6.86250 5.51584
 6.90302 5.53536
 6.92813 5.51611
 7.01476 5.49228
 7.13618 5.49347
 7.15285 5.53826
 7.14243 5.56729
 7.15278 5.60278
 7.20792 5.66666
 7.23243 5.67819
 7.25683 5.66223
 7.25319 5.63722
 7.25468 5.60789
 7.25875 5.58517
 7.26416 5.56028
 7.27528 5.52000
 7.29972 5.46028
 7.29863 5.43802
 7.27408 5.41798
 7.24258 5.39314
 7.22861 5.36972
 7.23458 5.28153
 7.33084 5.18695
 7.33666 5.16028
 7.37986 5.06889
 7.40097 5.05820
 7.43195 5.04111
 7.54847 4.89042
 7.54708 4.79993
 7.51945 4.77097
 7.51007 4.69958
 7.51605 4.66114
 7.47611 4.64000
 7.44898 4.63220
 7.45000 4.63695
 7.45084 4.67361
 7.43500 4.71639
 7.42695 4.73555
 7.26722 4.70813
 7.10389 4.75750
 7.05778 4.78334
 7.02695 4.80111
 6.87819 4.80813
 6.82389 4.91584
 6.79361 4.95666
 6.74817 4.97152
 6.72625 5.08889
 6.72771 5.12264
 6.74563 5.16084
 6.74264 5.18542
 6.72395 5.20972
 6.53945 5.31750
 6.59632 5.31785
 6.60695 5.36347
 6.60139 5.38639
 6.61548 5.40986
 6.64334 5.41389
 6.66777 5.40605
 6.69889 5.41000
 6.73286 5.42433
50 58 5.78014 7.1075 3.16722 3.78092 'Abengourou (Cote d'Ivoire)'
 6.62748 3.77420
 6.67416 3.77916
 6.77972 3.75986
 6.81722 3.74340
 6.92916 3.77305
 6.95321 3.78092
 6.96792 3.77681
 6.99834 3.75208
 7.03305 3.69555
 7.04916 3.66361
 7.06278 3.61666
 7.06389 3.58361
 7.10750 3.56666
 7.00563 3.35666
 6.81862 3.22445
 6.75334 3.20889
 6.69528 3.20666
 6.64277 3.24195
 6.61375 3.24889
 6.54277 3.23195
 6.44695 3.20722
 6.29277 3.16916
 6.26958 3.16722
 6.25631 3.16804
 6.23916 3.18042
 6.21097 3.19750
 6.18834 3.20916
 6.16139 3.22014
 6.14055 3.22000
 6.11875 3.21431
 5.98500 3.27195
 5.96666 3.28166
 5.92334 3.30695
 5.81139 3.37334
 5.79347 3.38639
 5.78014 3.43402
 5.78414 3.45240
 5.81584 3.46861
 5.83761 3.46910
 5.85500 3.47334
 5.90055 3.45695
 5.93778 3.42611
 5.98208 3.39125
 6.01388 3.38028
 6.15111 3.38916
 6.18361 3.40778
 6.28528 3.47250
 6.34166 3.52111
 6.34472 3.55757
 6.35111 3.60972
 6.43528 3.65653
 6.46187 3.65021
 6.49416 3.64945
 6.51958 3.65472
 6.61666 3.67889
 6.62472 3.71305
 6.61729 3.77035
 6.62748 3.77420
51 73 5.08502 6.25631 2.72931 3.55006 'Aboisso (Cote d'Ivoire)'
 6.25631 3.16804
 6.24792 3.14708
 6.14527 3.09472
 6.11166 3.08861
 5.99195 3.07028
 5.85778 3.00639
 5.70750 3.01361
 5.62722 2.96028
 5.61201 2.93097
 5.61695 2.90000
 5.62445 2.88000
 5.62945 2.84000
 5.61555 2.79750
 5.57916 2.76445
 5.44639 2.74166
 5.35055 2.76889
 5.28028 2.78361
 5.20416 2.76264
 5.17305 2.74416
 5.14139 2.72931
 5.11278 2.73445
 5.10084 2.75361
 5.10022 2.92813
 5.11514 2.93222
 5.13278 2.89584
 5.13945 2.87528
 5.14684 2.84795
 5.18277 2.86305
 5.16834 2.92972
 5.12889 3.00611
 5.14222 3.13611
 5.20736 3.19792
 5.23528 3.19750
 5.27611 3.17139
 5.31548 3.13208
 5.34695 3.12584
 5.36431 3.14021
 5.35750 3.22611
 5.33229 3.25757
 5.27805 3.26028
 5.22639 3.26500
 5.13778 3.27847
 5.11916 3.29799
 5.11736 3.35014
 5.12361 3.39889
 5.13055 3.42639
 5.14014 3.45431
 5.14750 3.51250
 5.15135 3.55006
 5.20500 3.43778
 5.22945 3.40445
 5.25778 3.41055
 5.27903 3.43458
 5.29861 3.44111
 5.42222 3.44250
 5.46000 3.43445
 5.48486 3.42319
 5.52479 3.40597
 5.75139 3.41236
 5.77695 3.42750
 5.78014 3.43402
 5.79347 3.38639
 5.81139 3.37334
 5.92334 3.30695
 5.96666 3.28166
 5.98500 3.27195
 6.11875 3.21431
 6.14055 3.22000
 6.16139 3.22014
 6.18834 3.20916
 6.21097 3.19750
 6.23916 3.18042
 6.25631 3.16804
52 5 5.08502 6.25631 2.72931 3.55006 'Aboisso (Cote d'Ivoire)'
 5.10955 3.10227
 5.08502 3.10305
 5.09584 3.14861
 5.11722 3.16834
 5.10955 3.10227
53 49 5.75783 6.62748 3.38028 4.15611 'Adzope (Cote d'Ivoire)'
 5.75783 3.92471
 5.77472 3.93681
 5.79771 3.98972
 5.81055 4.02778
 5.81834 4.04750
 5.83695 4.07347
 5.92375 4.10028
 5.96000 4.10000
 5.97334 4.08166
 6.04389 3.99361
 6.18084 4.02250
 6.20736 4.03125
 6.23139 4.06250
 6.24382 4.09458
 6.23958 4.13431
 6.23429 4.14670
 6.30778 4.15334
 6.36347 4.15611
 6.39584 4.15084
 6.41472 4.14236
 6.48222 4.09986
 6.52278 3.98666
 6.62416 3.78639
 6.62748 3.77420
 6.61729 3.77035
 6.62472 3.71305
 6.61666 3.67889
 6.51958 3.65472
 6.49416 3.64945
 6.46187 3.65021
 6.43528 3.65653
 6.35111 3.60972
 6.34472 3.55757
 6.34166 3.52111
 6.28528 3.47250
 6.18361 3.40778
 6.15111 3.38916
 6.01388 3.38028
 5.98208 3.39125
 5.93778 3.42611
 5.90055 3.45695
 5.85500 3.47334
 5.83761 3.46910
 5.88472 3.63805
 5.90695 3.73028
 5.89958 3.75028
 5.85437 3.81805
 5.79611 3.87278
 5.75783 3.92471
