0 74 49.945 50.8076 -4.60472 -2.84847 'Hainaut (Belgium)'
 49.97837 -4.14924
 50.00999 -4.14722
 50.13722 -4.17139
 50.23750 -4.19445
 50.28305 -4.16500
 50.35599 -4.03575
 50.34527 -3.98389
 50.34000 -3.88972
 50.35388 -3.77472
 50.39527 -3.67695
 50.43707 -3.67111
 50.45527 -3.66040
 50.49294 -3.61396
 50.51888 -3.51805
 50.51041 -3.45458
 50.49527 -3.37000
 50.52430 -3.29708
 50.54000 -3.27931
 50.66416 -3.24264
 50.72722 -3.19778
 50.74666 -3.18722
 50.75705 -3.18287
 50.76111 -3.24166
 50.75500 -3.29139
 50.72333 -3.33042
 50.71520 -3.35756
 50.75944 -3.45334
 50.76609 -3.46472
 50.74222 -3.54611
 50.73875 -3.64764
 50.75805 -3.66555
 50.77194 -3.68486
 50.78111 -3.71084
 50.75222 -3.86250
 50.73305 -3.90028
 50.72416 -3.89785
 50.69611 -3.92139
 50.69180 -3.94208
 50.69083 -3.98195
 50.69611 -4.02778
 50.70222 -4.05695
 50.71334 -4.10390
 50.69888 -4.09916
 50.64764 -4.09910
 50.63542 -4.14292
 50.64139 -4.20416
 50.56444 -4.36472
 50.53180 -4.51729
 50.53805 -4.55028
 50.54555 -4.57889
 50.53527 -4.58445
 50.47695 -4.59805
 50.42694 -4.60472
 50.38694 -4.60111
 50.32819 -4.59313
 50.31569 -4.53458
 50.32444 -4.47778
 50.29861 -4.40166
 50.26639 -4.31222
 50.25138 -4.29014
 50.23125 -4.33778
 50.14999 -4.38916
 50.10945 -4.39278
 50.08027 -4.39584
 50.05083 -4.39945
 50.00194 -4.42222
 49.96117 -4.44645
 49.94501 -4.43001
 49.94916 -4.41334
 49.96972 -4.31722
 49.96346 -4.23958
 49.95960 -4.21526
 49.97814 -4.17862
 49.97837 -4.14924
1 12 49.945 50.8076 -4.60472 -2.84847 'Hainaut (Belgium)'
 50.71338 -2.86750
 50.73694 -2.84847
 50.75916 -2.84945
 50.79722 -2.94805
 50.80756 -3.00924
 50.77666 -3.02819
 50.76985 -3.02699
 50.76986 -3.01431
 50.75750 -2.96055
 50.74139 -2.94305
 50.70305 -2.89805
 50.71338 -2.86750
2 65 49.5089 50.4236 -6.0275 -4.95916 'Luxembourg (Belgium)'
 49.80222 -4.95916
 49.80499 -4.96000
 49.85777 -4.99389
 49.90027 -5.05000
 49.98375 -5.01625
 50.03361 -4.97792
 50.09584 -5.07389
 50.10277 -5.11528
 50.10361 -5.16472
 50.10249 -5.19000
 50.10500 -5.22111
 50.11359 -5.26831
 50.15153 -5.28347
 50.24389 -5.30416
 50.25166 -5.32611
 50.28771 -5.39493
 50.36666 -5.39834
 50.38333 -5.39500
 50.41389 -5.41805
 50.42361 -5.50611
 50.39916 -5.59555
 50.35416 -5.68834
 50.33027 -5.70361
 50.26614 -5.72577
 50.26305 -5.74611
 50.26639 -5.85055
 50.27902 -5.87757
 50.32722 -5.85722
 50.34000 -5.88972
 50.33680 -5.94653
 50.32972 -5.98000
 50.31194 -6.01014
 50.28945 -6.01666
 50.20833 -6.02750
 50.18125 -6.02625
 50.18181 -6.01792
 50.17000 -5.97305
 50.09743 -5.88771
 50.07722 -5.88305
 49.98694 -5.83445
 49.95701 -5.77861
 49.90749 -5.74777
 49.83500 -5.73445
 49.79228 -5.75264
 49.78083 -5.79028
 49.71972 -5.86945
 49.70988 -5.87615
 49.66277 -5.89916
 49.64055 -5.90028
 49.57166 -5.86305
 49.54972 -5.83597
 49.54505 -5.80788
 49.54583 -5.79222
 49.54305 -5.70222
 49.53583 -5.63195
 49.52638 -5.59334
 49.51000 -5.52250
 49.50888 -5.47278
 49.53590 -5.47493
 49.60347 -5.43250
 49.61735 -5.40681
 49.62255 -5.39231
 49.65666 -5.33111
 49.80361 -4.99055
 49.80222 -4.95916
3 65 49.7893 50.6425 -5.39834 -4.29014 'Namur (Belgium)'
 49.80222 -4.95916
 49.79187 -4.93729
 49.78930 -4.90972
 49.80222 -4.86847
 49.99277 -4.82084
 50.06916 -4.83889
 50.09555 -4.85334
 50.13416 -4.88590
 50.16757 -4.82473
 50.13555 -4.76305
 50.08402 -4.69375
 50.05666 -4.69340
 49.99916 -4.67666
 49.94749 -4.51055
 49.93923 -4.45813
 49.94501 -4.43001
 49.96117 -4.44645
 50.00194 -4.42222
 50.05083 -4.39945
 50.08027 -4.39584
 50.10945 -4.39278
 50.14999 -4.38916
 50.23125 -4.33778
 50.25138 -4.29014
 50.26639 -4.31222
 50.29861 -4.40166
 50.32444 -4.47778
 50.31569 -4.53458
 50.32819 -4.59313
 50.38694 -4.60111
 50.42694 -4.60472
 50.47695 -4.59805
 50.53527 -4.58445
 50.54555 -4.57889
 50.56249 -4.58166
 50.60958 -4.67403
 50.60527 -4.71389
 50.60249 -4.74777
 50.60111 -4.78861
 50.62305 -4.89972
 50.64249 -4.98916
 50.61944 -4.98750
 50.54695 -5.05834
 50.37132 -5.30014
 50.37749 -5.32528
 50.38861 -5.35528
 50.38735 -5.38305
 50.38333 -5.39500
 50.36666 -5.39834
 50.28771 -5.39493
 50.25166 -5.32611
 50.24389 -5.30416
 50.15153 -5.28347
 50.11359 -5.26831
 50.10500 -5.22111
 50.10249 -5.19000
 50.10361 -5.16472
 50.10277 -5.11528
 50.09584 -5.07389
 50.03361 -4.97792
 49.98375 -5.01625
 49.90027 -5.05000
 49.85777 -4.99389
 49.80499 -4.96000
 49.80222 -4.95916
4 56 50.7311 51.3504 -4.33695 -3.38833 'Oost-Vlaanderen (Belgium)'
 50.73305 -3.90028
 50.75222 -3.86250
 50.78111 -3.71084
 50.77194 -3.68486
 50.75805 -3.66555
 50.73875 -3.64764
 50.74222 -3.54611
 50.76609 -3.46472
 50.77638 -3.48445
 50.80236 -3.51972
 50.83277 -3.51028
 50.90207 -3.46368
 51.15645 -3.40625
 51.24764 -3.39708
 51.26867 -3.38833
 51.24478 -3.43986
 51.24264 -3.47472
 51.25895 -3.52298
 51.28326 -3.52174
 51.30416 -3.60000
 51.29277 -3.66916
 51.26285 -3.78875
 51.23027 -3.79382
 51.20569 -3.89542
 51.21444 -3.95250
 51.25222 -4.06222
 51.27888 -4.12778
 51.29736 -4.16722
 51.33542 -4.22166
 51.35043 -4.23890
 51.33624 -4.25584
 51.31705 -4.26356
 51.30113 -4.28065
 51.28638 -4.31201
 51.26765 -4.30008
 51.26318 -4.30237
 51.25625 -4.29361
 51.20958 -4.31298
 51.18145 -4.33626
 51.14833 -4.33695
 51.12902 -4.32160
 51.11972 -4.24889
 51.12201 -4.21687
 51.09857 -4.17482
 51.04057 -4.19192
 51.03139 -4.21389
 51.03543 -4.24556
 51.00097 -4.23486
 50.94360 -4.16195
 50.90749 -4.09611
 50.87749 -4.08528
 50.81777 -4.06972
 50.78944 -4.05166
 50.73333 -3.94889
 50.73111 -3.92111
 50.73305 -3.90028
5 40 50.7134 51.3739 -3.51972 -2.54166 'West-Vlaanderen (Belgium)'
 50.71338 -2.86750
 50.75555 -2.78195
 50.81611 -2.65055
 50.92583 -2.59778
 50.99583 -2.59750
 51.09111 -2.54166
 51.09403 -2.55555
 51.21334 -2.86305
 51.24972 -2.95528
 51.27638 -3.02000
 51.31485 -3.10403
 51.32416 -3.13166
 51.33611 -3.17972
 51.37385 -3.37086
 51.31000 -3.37361
 51.27527 -3.38014
 51.26867 -3.38833
 51.24764 -3.39708
 51.15645 -3.40625
 50.90207 -3.46368
 50.83277 -3.51028
 50.80236 -3.51972
 50.77638 -3.48445
 50.76609 -3.46472
 50.75944 -3.45334
 50.71520 -3.35756
 50.72333 -3.33042
 50.75500 -3.29139
 50.76111 -3.24166
 50.75705 -3.18287
 50.78436 -3.15857
 50.79166 -3.11639
 50.77875 -3.04625
 50.76985 -3.02699
 50.77666 -3.02819
 50.80756 -3.00924
 50.79722 -2.94805
 50.75916 -2.84945
 50.73694 -2.84847
 50.71338 -2.86750
6 71 50.9958 51.5012 -5.26604 -4.17482 'Antwerpen (Belgium)'
 51.03543 -4.24556
 51.03139 -4.21389
 51.04057 -4.19192
 51.09857 -4.17482
 51.12201 -4.21687
 51.11972 -4.24889
 51.12902 -4.32160
 51.14833 -4.33695
 51.18145 -4.33626
 51.20958 -4.31298
 51.25625 -4.29361
 51.26318 -4.30237
 51.26203 -4.30968
 51.29012 -4.32770
 51.31245 -4.28676
 51.34420 -4.28018
 51.35544 -4.26098
 51.37515 -4.25236
 51.37659 -4.27967
 51.36125 -4.35292
 51.35750 -4.38805
 51.35846 -4.41292
 51.37014 -4.43347
 51.39833 -4.41778
 51.41388 -4.39903
 51.45152 -4.39569
 51.48014 -4.48430
 51.48305 -4.54434
 51.45451 -4.54042
 51.43117 -4.54035
 51.42319 -4.64764
 51.43255 -4.67115
 51.46695 -4.70208
 51.49993 -4.76618
 51.50125 -4.79764
 51.49222 -4.82584
 51.47527 -4.84548
 51.42999 -4.83278
 51.41445 -4.85305
 51.40235 -4.94048
 51.43632 -4.99708
 51.47062 -5.01715
 51.48695 -5.03847
 51.46930 -5.07681
 51.43472 -5.10125
 51.40125 -5.08107
 51.31972 -5.14195
 51.31513 -5.16153
 51.31951 -5.19347
 51.30937 -5.23334
 51.26228 -5.23897
 51.24472 -5.22445
 51.21645 -5.22195
 51.19186 -5.25410
 51.15305 -5.26604
 51.13250 -5.23666
 51.09555 -5.10055
 51.07222 -5.01195
 51.03638 -4.98305
 51.03027 -4.91166
 51.02764 -4.79868
 51.02111 -4.68084
 51.01555 -4.63916
 51.00999 -4.61180
 50.99583 -4.59584
 50.99611 -4.42166
 50.99666 -4.39916
 51.01749 -4.35639
 51.04027 -4.30250
 51.04472 -4.27708
 51.03543 -4.24556
7 59 50.6908 51.0447 -5.16111 -3.89785 'Brabant (Belgium)'
 50.71027 -5.10778
 50.70708 -5.10292
 50.70722 -5.07389
 50.74833 -5.02250
 50.76527 -4.99888
 50.76888 -4.97027
 50.75222 -4.94945
 50.74528 -4.92333
 50.76527 -4.83861
 50.77945 -4.80916
 50.79527 -4.79416
 50.80666 -4.75500
 50.79861 -4.64555
 50.77415 -4.64041
 50.73153 -4.52195
 50.74222 -4.49583
 50.73750 -4.42500
 50.73222 -4.37695
 50.69958 -4.30111
 50.69194 -4.24889
 50.71165 -4.18027
 50.71999 -4.13500
 50.71334 -4.10390
 50.70222 -4.05695
 50.69611 -4.02778
 50.69083 -3.98195
 50.69180 -3.94208
 50.69611 -3.92139
 50.72416 -3.89785
 50.73305 -3.90028
 50.73111 -3.92111
 50.73333 -3.94889
 50.78944 -4.05166
 50.81777 -4.06972
 50.87749 -4.08528
 50.90749 -4.09611
 50.94360 -4.16195
 51.00097 -4.23486
 51.03543 -4.24556
 51.04472 -4.27708
 51.04027 -4.30250
 51.01749 -4.35639
 50.99666 -4.39916
 50.99611 -4.42166
 50.99583 -4.59584
 51.00999 -4.61180
 51.01555 -4.63916
 51.02111 -4.68084
 51.02764 -4.79868
 51.03027 -4.91166
 51.03638 -4.98305
 51.02083 -5.02416
 50.93611 -5.04278
 50.92222 -5.05972
 50.87472 -5.16111
 50.84722 -5.14195
 50.78139 -5.11305
 50.74555 -5.10555
 50.71027 -5.10778
8 12 50.6908 51.0447 -5.16111 -3.89785 'Brabant (Belgium)'
 50.76749 -4.38500
 50.78249 -4.45000
 50.79555 -4.48083
 50.82195 -4.47305
 50.85166 -4.46055
 50.89833 -4.42916
 50.91472 -4.40222
 50.90194 -4.34555
 50.88916 -4.30111
 50.82680 -4.25235
 50.77666 -4.33584
 50.76749 -4.38500
9 12 50.7675 50.9147 -4.48083 -4.25235 'Bruxelles-Brussel (Belgium)'
 50.76749 -4.38500
 50.77666 -4.33584
 50.82680 -4.25235
 50.88916 -4.30111
 50.90194 -4.34555
 50.91472 -4.40222
 50.89833 -4.42916
 50.85166 -4.46055
 50.82195 -4.47305
 50.79555 -4.48083
 50.78249 -4.45000
 50.76749 -4.38500
10 40 50.7064 51.2942 -5.91097 -4.98305 'Limburg (Belgium)'
 50.80882 -5.69394
 50.73972 -5.52695
 50.72834 -5.49389
 50.72138 -5.45305
 50.70638 -5.13639
 50.71027 -5.10778
 50.74555 -5.10555
 50.78139 -5.11305
 50.84722 -5.14195
 50.87472 -5.16111
 50.92222 -5.05972
 50.93611 -5.04278
 51.02083 -5.02416
 51.03638 -4.98305
 51.07222 -5.01195
 51.09555 -5.10055
 51.13250 -5.23666
 51.15305 -5.26604
 51.19186 -5.25410
 51.21645 -5.22195
 51.24472 -5.22445
 51.26228 -5.23897
 51.26222 -5.32972
 51.26604 -5.40437
 51.28687 -5.47424
 51.29423 -5.50834
 51.26965 -5.55292
 51.22071 -5.56834
 51.20361 -5.64472
 51.18999 -5.75416
 51.15319 -5.84714
 51.11500 -5.81805
 51.02584 -5.77695
 50.99000 -5.76416
 50.96000 -5.75805
 50.87514 -5.65139
 50.84888 -5.63882
 50.82361 -5.65361
 50.81138 -5.68361
 50.80882 -5.69394
11 11 50.7064 51.2942 -5.91097 -4.98305 'Limburg (Belgium)'
 50.75388 -5.89892
 50.73458 -5.91097
 50.71430 -5.89007
 50.71666 -5.81639
 50.75041 -5.69785
 50.76055 -5.69191
 50.75777 -5.69861
 50.75985 -5.73986
 50.76944 -5.79750
 50.76083 -5.87055
 50.75388 -5.89892
12 39 50.5318 50.8067 -5.0225 -4.0991 'Nivelles (Belgium)'
 50.54555 -4.57889
 50.53805 -4.55028
 50.53180 -4.51729
 50.56444 -4.36472
 50.64139 -4.20416
 50.63542 -4.14292
 50.64764 -4.09910
 50.69888 -4.09916
 50.71334 -4.10390
 50.71999 -4.13500
 50.71165 -4.18027
 50.69194 -4.24889
 50.69958 -4.30111
 50.73222 -4.37695
 50.73750 -4.42500
 50.74222 -4.49583
 50.73153 -4.52195
 50.77415 -4.64041
 50.79861 -4.64555
 50.80666 -4.75500
 50.79527 -4.79416
 50.77945 -4.80916
 50.76527 -4.83861
 50.74528 -4.92333
 50.75222 -4.94945
 50.76888 -4.97027
 50.76527 -4.99888
 50.74833 -5.02250
 50.72542 -5.00972
 50.69194 -4.99777
 50.65388 -4.99111
 50.64249 -4.98916
 50.62305 -4.89972
 50.60111 -4.78861
 50.60249 -4.74777
 50.60527 -4.71389
 50.60958 -4.67403
 50.56249 -4.58166
 50.54555 -4.57889
13 64 50.1278 50.8088 -6.3982 -4.9875 'Liege (Belgium)'
 50.75727 -6.01180
 50.72361 -6.05472
 50.65639 -6.16722
 50.61985 -6.27042
 50.58916 -6.24777
 50.49777 -6.26472
 50.49722 -6.31347
 50.48694 -6.33916
 50.44319 -6.37340
 50.32317 -6.39820
 50.31277 -6.34972
 50.28361 -6.28084
 50.22472 -6.16666
 50.15445 -6.13972
 50.12785 -6.13441
 50.13195 -6.12000
 50.16305 -6.03055
 50.18125 -6.02625
 50.20833 -6.02750
 50.28945 -6.01666
 50.31194 -6.01014
 50.32972 -5.98000
 50.33680 -5.94653
 50.34000 -5.88972
 50.32722 -5.85722
 50.27902 -5.87757
 50.26639 -5.85055
 50.26305 -5.74611
 50.26614 -5.72577
 50.33027 -5.70361
 50.35416 -5.68834
 50.39916 -5.59555
 50.42361 -5.50611
 50.41389 -5.41805
 50.38333 -5.39500
 50.38735 -5.38305
 50.38861 -5.35528
 50.37749 -5.32528
 50.37132 -5.30014
 50.54695 -5.05834
 50.61944 -4.98750
 50.64249 -4.98916
 50.65388 -4.99111
 50.69194 -4.99777
 50.72542 -5.00972
 50.74833 -5.02250
 50.70722 -5.07389
 50.70708 -5.10292
 50.71027 -5.10778
 50.70638 -5.13639
 50.72138 -5.45305
 50.72834 -5.49389
 50.73972 -5.52695
 50.80882 -5.69394
 50.80583 -5.70195
 50.78201 -5.70424
 50.76055 -5.69191
 50.75041 -5.69785
 50.71666 -5.81639
 50.71430 -5.89007
 50.73458 -5.91097
 50.75388 -5.89892
 50.75610 -5.92639
 50.75727 -6.01180
