0 163 -9.70674 -6.90403 -35.0018 -31.9897 'Mbeya (Tanzania)'
 -9.05872 -32.09494
 -9.00055 -32.08555
 -8.87514 -32.04514
 -8.72986 -32.06020
 -8.70597 -32.08819
 -8.69695 -32.12695
 -8.68319 -32.15569
 -8.64111 -32.20250
 -8.60222 -32.24249
 -8.55921 -32.28576
 -8.51253 -32.30345
 -8.46426 -32.27071
 -8.38555 -32.26277
 -8.36325 -32.27126
 -8.31618 -32.30701
 -8.31334 -32.34235
 -8.30305 -32.37861
 -8.25767 -32.44434
 -8.23917 -32.46777
 -8.21868 -32.47993
 -8.06445 -32.47361
 -7.88861 -32.25805
 -7.84861 -32.18861
 -7.81222 -32.12166
 -7.72125 -31.98972
 -7.53778 -32.08166
 -7.49695 -32.10222
 -7.47000 -32.11610
 -7.46903 -32.18575
 -7.44375 -32.21264
 -7.35584 -32.24444
 -7.31473 -32.25805
 -7.27416 -32.27027
 -7.23419 -32.25455
 -7.18584 -32.33555
 -7.14278 -32.45791
 -7.14979 -32.48014
 -7.09958 -32.56846
 -7.08028 -32.57951
 -7.02531 -32.58865
 -7.01139 -32.63250
 -7.01624 -32.65284
 -7.01834 -32.65972
 -7.02195 -32.83555
 -7.02222 -32.86250
 -7.01861 -32.88375
 -6.99639 -32.93500
 -6.95972 -32.97445
 -6.94555 -32.99500
 -6.90403 -33.08249
 -6.90611 -33.18777
 -6.92805 -33.25486
 -6.94611 -33.42055
 -6.94495 -33.47416
 -6.96472 -33.54805
 -6.99750 -33.67945
 -7.09472 -33.78069
 -7.16472 -33.81249
 -7.25723 -33.85166
 -7.42916 -33.92555
 -7.46861 -33.94277
 -7.52970 -33.97005
 -7.49500 -34.04069
 -7.46979 -34.06319
 -7.45181 -34.09027
 -7.45084 -34.11749
 -7.45778 -34.16472
 -7.45983 -34.17339
 -7.49028 -34.17222
 -7.51472 -34.17222
 -7.58000 -34.22166
 -7.68528 -34.30333
 -7.66889 -34.51833
 -7.66611 -34.54500
 -7.66416 -34.57388
 -7.79666 -34.76639
 -7.88695 -34.89666
 -7.88792 -35.00180
 -7.94250 -34.97695
 -7.96972 -34.96166
 -8.01028 -34.93972
 -8.12222 -34.88027
 -8.20305 -34.84722
 -8.23653 -34.83388
 -8.25195 -34.82000
 -8.28500 -34.77250
 -8.32917 -34.70888
 -8.36639 -34.67249
 -8.41250 -34.64208
 -8.44681 -34.63791
 -8.46708 -34.64861
 -8.48847 -34.66055
 -8.51695 -34.66333
 -8.56223 -34.64930
 -8.65417 -34.60472
 -8.82145 -34.45666
 -8.85305 -34.33194
 -8.85555 -34.30666
 -8.85834 -34.26138
 -8.85528 -34.22472
 -8.85973 -34.07777
 -8.87993 -33.88416
 -8.89584 -33.85611
 -8.96223 -33.77764
 -8.98625 -33.76264
 -9.01611 -33.75361
 -9.03500 -33.86388
 -9.15278 -33.92694
 -9.17916 -33.93999
 -9.24416 -33.97500
 -9.30972 -34.01194
 -9.34834 -34.03860
 -9.41305 -34.08388
 -9.47805 -34.12861
 -9.51778 -34.15583
 -9.57117 -34.13636
 -9.50778 -34.07444
 -9.48375 -34.04153
 -9.48778 -34.00270
 -9.52667 -33.95722
 -9.55181 -33.94930
 -9.57840 -33.95243
 -9.60445 -33.96027
 -9.62861 -33.95861
 -9.68625 -33.94451
 -9.70674 -33.91882
 -9.68416 -33.90027
 -9.65973 -33.87138
 -9.58514 -33.76291
 -9.58472 -33.57889
 -9.59500 -33.54944
 -9.61389 -33.53153
 -9.62208 -33.49347
 -9.60965 -33.42916
 -9.57847 -33.41792
 -9.54285 -33.39805
 -9.48605 -33.31194
 -9.49223 -33.25472
 -9.50764 -33.19965
 -9.49187 -33.12895
 -9.41905 -33.03196
 -9.39975 -33.01939
 -9.37667 -33.00125
 -9.38416 -32.96777
 -9.39986 -32.94334
 -9.40508 -32.94040
 -9.39028 -32.91527
 -9.37723 -32.87472
 -9.37389 -32.84416
 -9.33250 -32.76777
 -9.28222 -32.70277
 -9.27417 -32.62833
 -9.26118 -32.54006
 -9.21729 -32.50548
 -9.17674 -32.49069
 -9.12903 -32.42125
 -9.13250 -32.36555
 -9.13473 -32.30166
 -9.13334 -32.25861
 -9.12028 -32.22138
 -9.09973 -32.19972
 -9.06445 -32.16035
 -9.05872 -32.09494
1 178 -9.07063 -5.15639 -32.7329 -29.9567 'Rukwa (Tanzania)'
 -7.01624 -32.65284
 -7.01139 -32.63250
 -7.02531 -32.58865
 -7.08028 -32.57951
 -7.09958 -32.56846
 -7.14979 -32.48014
 -7.14278 -32.45791
 -7.18584 -32.33555
 -7.23419 -32.25455
 -7.27416 -32.27027
 -7.31473 -32.25805
 -7.35584 -32.24444
 -7.44375 -32.21264
 -7.46903 -32.18575
 -7.47000 -32.11610
 -7.49695 -32.10222
 -7.53778 -32.08166
 -7.72125 -31.98972
 -7.81222 -32.12166
 -7.84861 -32.18861
 -7.88861 -32.25805
 -8.06445 -32.47361
 -8.21868 -32.47993
 -8.23917 -32.46777
 -8.25767 -32.44434
 -8.30305 -32.37861
 -8.31334 -32.34235
 -8.31618 -32.30701
 -8.36325 -32.27126
 -8.38555 -32.26277
 -8.46426 -32.27071
 -8.51253 -32.30345
 -8.55921 -32.28576
 -8.60222 -32.24249
 -8.64111 -32.20250
 -8.68319 -32.15569
 -8.69695 -32.12695
 -8.70597 -32.08819
 -8.72986 -32.06020
 -8.87514 -32.04514
 -9.00055 -32.08555
 -9.05872 -32.09494
 -9.05195 -32.08639
 -9.04153 -32.05875
 -9.04632 -32.02993
 -9.06834 -32.00264
 -9.07063 -31.98166
 -9.03125 -31.93930
 -9.00973 -31.93278
 -8.97389 -31.93180
 -8.95305 -31.93833
 -8.93625 -31.95208
 -8.91416 -31.89778
 -8.89778 -31.83500
 -8.88768 -31.78738
 -8.91275 -31.74125
 -8.91708 -31.70639
 -8.90889 -31.68361
 -8.83973 -31.59278
 -8.81778 -31.57395
 -8.75139 -31.56389
 -8.66639 -31.48555
 -8.63361 -31.41472
 -8.62000 -31.29555
 -8.57972 -31.22680
 -8.57889 -31.20277
 -8.59528 -31.17027
 -8.61285 -31.14229
 -8.61389 -31.11042
 -8.60750 -31.07889
 -8.59973 -31.05945
 -8.58500 -31.03264
 -8.54750 -30.97695
 -8.53222 -30.96097
 -8.46778 -30.90750
 -8.38167 -30.85277
 -8.35292 -30.83584
 -8.26555 -30.79416
 -8.19834 -30.77084
 -8.19225 -30.77124
 -8.14500 -30.75945
 -7.99500 -30.70722
 -7.97028 -30.69695
 -7.91500 -30.66889
 -7.88042 -30.65055
 -7.83389 -30.61750
 -7.77805 -30.57750
 -7.69639 -30.52055
 -7.67945 -30.50972
 -7.61347 -30.47139
 -7.58028 -30.45583
 -7.55972 -30.44861
 -7.53000 -30.43972
 -7.48500 -30.43195
 -7.45597 -30.42945
 -7.42778 -30.42611
 -7.40528 -30.42083
 -7.36431 -30.40945
 -7.27973 -30.37916
 -7.22028 -30.35445
 -7.18750 -30.33805
 -7.14375 -30.31500
 -7.04361 -30.24666
 -7.01500 -30.22666
 -6.96250 -30.18833
 -6.94416 -30.17208
 -6.91916 -30.14166
 -6.85139 -30.07055
 -6.84576 -30.06485
 -6.83903 -30.07277
 -6.60445 -30.26923
 -6.57889 -30.27055
 -6.47916 -30.28458
 -6.38889 -30.35472
 -6.31528 -30.41361
 -6.23334 -30.42195
 -6.21292 -30.41584
 -6.19764 -30.39305
 -6.19750 -30.37195
 -6.20486 -30.33180
 -6.19681 -30.31222
 -6.00000 -30.21490
 -5.94555 -30.18833
 -5.92084 -30.18000
 -5.89445 -30.17305
 -5.76084 -30.14305
 -5.64084 -30.11639
 -5.46403 -30.07555
 -5.44972 -30.06084
 -5.36861 -29.95666
 -5.34611 -30.02389
 -5.31945 -30.10388
 -5.27500 -30.23750
 -5.26695 -30.26416
 -5.24361 -30.33361
 -5.15639 -30.41584
 -5.31722 -30.69250
 -5.35000 -30.74805
 -5.37472 -30.78916
 -5.49611 -30.99695
 -5.52000 -31.03861
 -5.52677 -31.05245
 -5.53947 -31.03810
 -5.56555 -31.03097
 -5.58498 -31.03928
 -5.63668 -31.11499
 -5.70111 -31.14833
 -5.76365 -31.17126
 -5.82264 -31.43195
 -5.83042 -31.62083
 -5.81915 -31.66345
 -5.79681 -31.69307
 -5.73264 -31.77305
 -5.71715 -31.82180
 -5.77264 -32.04812
 -5.82916 -32.08166
 -5.93805 -32.11805
 -5.99098 -32.13087
 -6.03805 -32.14972
 -6.11445 -32.20583
 -6.19861 -32.31472
 -6.24805 -32.38916
 -6.34722 -32.48916
 -6.36458 -32.50798
 -6.37639 -32.54250
 -6.38055 -32.57222
 -6.38445 -32.62305
 -6.38445 -32.64583
 -6.38233 -32.67683
 -6.41792 -32.69777
 -6.57222 -32.72958
 -6.60389 -32.73291
 -6.63695 -32.73111
 -6.91416 -32.70750
 -6.93639 -32.70305
 -6.95834 -32.69527
 -6.98958 -32.67875
 -7.01624 -32.65284
2 39 -6.47055 -6.01958 -39.575 -39.2658 'Zanzibar Central/South (Tanzania)'
 -6.26407 -39.28455
 -6.24389 -39.27750
 -6.22514 -39.27264
 -6.18528 -39.26722
 -6.13889 -39.26583
 -6.02130 -39.26975
 -6.02166 -39.31528
 -6.02055 -39.38250
 -6.01958 -39.39518
 -6.05445 -39.42416
 -6.09278 -39.42416
 -6.12250 -39.42139
 -6.13416 -39.42361
 -6.18750 -39.43527
 -6.21222 -39.44965
 -6.20000 -39.50195
 -6.19014 -39.50583
 -6.15389 -39.50027
 -6.14389 -39.49000
 -6.13084 -39.49347
 -6.13542 -39.50659
 -6.18736 -39.52902
 -6.37528 -39.57277
 -6.38695 -39.57500
 -6.41416 -39.56945
 -6.42500 -39.56666
 -6.44416 -39.55916
 -6.45916 -39.54069
 -6.46861 -39.51611
 -6.47055 -39.50444
 -6.47028 -39.49445
 -6.46389 -39.47764
 -6.45222 -39.46249
 -6.43778 -39.44985
 -6.38764 -39.42903
 -6.31139 -39.39944
 -6.24625 -39.30527
 -6.24889 -39.28819
 -6.26407 -39.28455
3 128 -3.41236 -1.45305 -34.0489 -31.7499 'Mwanza (Tanzania)'
 -2.20680 -34.02717
 -2.22597 -34.03777
 -2.25305 -34.04555
 -2.28361 -34.04888
 -2.32722 -34.04555
 -2.36708 -34.03569
 -2.40819 -33.99861
 -2.46805 -33.92222
 -2.48945 -33.89416
 -2.51569 -33.85235
 -2.52555 -33.83445
 -2.53555 -33.79958
 -2.53916 -33.76472
 -2.53861 -33.69638
 -2.53819 -33.65764
 -2.54208 -33.63375
 -2.55361 -33.60695
 -2.57458 -33.59472
 -2.60375 -33.59583
 -2.62389 -33.61485
 -2.63264 -33.64944
 -2.64021 -33.68382
 -2.66153 -33.69875
 -2.68778 -33.69423
 -2.79778 -33.62346
 -2.81395 -33.59166
 -2.80792 -33.54875
 -2.81819 -33.52847
 -2.84584 -33.51916
 -3.03084 -33.47749
 -3.20666 -33.44055
 -3.23055 -33.43777
 -3.26250 -33.42813
 -3.36805 -33.31346
 -3.40166 -33.20555
 -3.40945 -33.17500
 -3.41236 -33.13791
 -3.40778 -33.11611
 -3.38993 -33.08805
 -3.33445 -33.00889
 -3.26500 -32.86819
 -3.25236 -32.82583
 -3.24299 -32.76472
 -3.25875 -32.74111
 -3.33799 -32.70777
 -3.36326 -32.72458
 -3.38653 -32.72305
 -3.39986 -32.70180
 -3.40416 -32.67500
 -3.39889 -32.64972
 -3.39000 -32.61194
 -3.37931 -32.58555
 -3.36875 -32.56569
 -3.33882 -32.53625
 -3.31195 -32.52694
 -3.28945 -32.52166
 -3.23361 -32.49819
 -3.20993 -32.47125
 -3.21750 -32.44472
 -3.23403 -32.42347
 -3.26500 -32.40097
 -3.28111 -32.37555
 -3.28576 -32.33944
 -3.23292 -32.23166
 -3.18278 -32.09333
 -3.19055 -32.06235
 -3.18945 -32.03500
 -3.17736 -31.99868
 -3.16611 -31.98166
 -3.09403 -31.98097
 -3.06972 -31.98625
 -3.04500 -32.00250
 -3.01305 -32.01937
 -2.98375 -32.01680
 -2.92125 -31.97305
 -2.89389 -31.94583
 -2.87639 -31.91584
 -2.86819 -31.89750
 -2.85000 -31.86777
 -2.82653 -31.84069
 -2.79675 -31.82163
 -2.71695 -31.80375
 -2.68819 -31.80403
 -2.66931 -31.81195
 -2.65222 -31.83666
 -2.63916 -31.85833
 -2.61792 -31.86833
 -2.55500 -31.86195
 -2.37375 -31.80708
 -2.34931 -31.78695
 -2.32500 -31.76639
 -2.30111 -31.75611
 -2.26972 -31.74985
 -2.22945 -31.75125
 -2.20375 -31.75889
 -2.10916 -31.85334
 -2.07084 -31.90333
 -1.78666 -32.28916
 -1.59084 -32.55583
 -1.47305 -32.71611
 -1.45305 -32.74222
 -1.45389 -32.75333
 -1.45584 -32.91777
 -1.45555 -32.95861
 -1.45750 -33.16360
 -1.45834 -33.24583
 -1.46111 -33.45027
 -1.49916 -33.45083
 -1.55305 -33.45138
 -1.74445 -33.45277
 -1.80195 -33.44972
 -1.84122 -33.32617
 -1.93972 -33.24500
 -1.98500 -33.20945
 -2.03055 -33.17694
 -2.12861 -33.19500
 -2.25416 -33.21889
 -2.30750 -33.37055
 -2.26861 -33.48861
 -2.22972 -33.59472
 -2.19889 -33.67528
 -2.13389 -33.67833
 -2.13695 -33.82416
 -2.13945 -33.84888
 -2.15222 -33.91611
 -2.16111 -33.94138
 -2.20250 -34.02138
 -2.20680 -34.02717
4 194 -4.42495 -2.2068 -35.2006 -31.1681 'Shinyanga (Tanzania)'
 -3.80264 -34.77621
 -3.80931 -34.71770
 -3.87195 -34.63416
 -3.92000 -34.49583
 -3.92889 -34.47722
 -3.96778 -34.40319
 -3.98347 -34.38861
 -4.15722 -34.26138
 -4.15222 -34.21611
 -4.16608 -34.17857
 -4.14473 -34.15805
 -4.10250 -34.11944
 -4.06889 -34.09458
 -4.04334 -34.06611
 -4.03278 -34.04610
 -3.98972 -33.93527
 -3.98347 -33.89846
 -3.97334 -33.82638
 -3.95416 -33.73861
 -3.94153 -33.71125
 -3.92666 -33.69138
 -3.90000 -33.65430
 -3.88861 -33.63444
 -3.87986 -33.60972
 -3.87916 -33.58333
 -3.89014 -33.56347
 -3.91069 -33.52403
 -3.91528 -33.48972
 -3.91722 -33.45000
 -3.91000 -33.42027
 -3.89834 -33.39833
 -3.89389 -33.37597
 -3.89674 -33.29493
 -3.91000 -33.26264
 -3.93084 -33.22111
 -3.95278 -33.16951
 -3.95076 -33.12965
 -3.93834 -33.09027
 -3.92750 -33.01416
 -3.92945 -32.94639
 -3.94437 -32.75180
 -4.24722 -32.61416
 -4.25889 -32.56000
 -4.27111 -32.50999
 -4.35458 -32.41875
 -4.32945 -32.31583
 -4.31916 -32.27472
 -4.30472 -32.21861
 -4.38611 -32.00416
 -4.42495 -31.95636
 -4.25514 -31.94945
 -4.13805 -31.93416
 -4.14195 -31.88027
 -4.16361 -31.67695
 -4.20514 -31.66715
 -4.21861 -31.64861
 -4.23834 -31.56695
 -4.24084 -31.48347
 -4.24983 -31.46477
 -4.35703 -31.43956
 -4.33584 -31.41500
 -4.31708 -31.39916
 -4.24174 -31.37035
 -4.20305 -31.36972
 -4.17125 -31.37541
 -4.14222 -31.37695
 -3.98834 -31.36222
 -3.75695 -31.28764
 -3.72806 -31.25445
 -3.70639 -31.24097
 -3.62000 -31.20597
 -3.43799 -31.16805
 -3.35986 -31.16861
 -3.32007 -31.17996
 -3.30722 -31.20722
 -3.30275 -31.30382
 -3.28757 -31.35867
 -3.11416 -31.48569
 -3.07250 -31.49445
 -3.03834 -31.50527
 -3.03834 -31.54583
 -3.04166 -31.68222
 -3.05611 -31.66777
 -3.09305 -31.62805
 -3.14605 -31.57048
 -3.18375 -31.53777
 -3.21000 -31.52993
 -3.25254 -31.55059
 -3.21334 -31.70277
 -3.11500 -31.86500
 -3.16611 -31.98166
 -3.17736 -31.99868
 -3.18945 -32.03500
 -3.19055 -32.06235
 -3.18278 -32.09333
 -3.23292 -32.23166
 -3.28576 -32.33944
 -3.28111 -32.37555
 -3.26500 -32.40097
 -3.23403 -32.42347
 -3.21750 -32.44472
 -3.20993 -32.47125
 -3.23361 -32.49819
 -3.28945 -32.52166
 -3.31195 -32.52694
 -3.33882 -32.53625
 -3.36875 -32.56569
 -3.37931 -32.58555
 -3.39000 -32.61194
 -3.39889 -32.64972
 -3.40416 -32.67500
 -3.39986 -32.70180
 -3.38653 -32.72305
 -3.36326 -32.72458
 -3.33799 -32.70777
 -3.25875 -32.74111
 -3.24299 -32.76472
 -3.25236 -32.82583
 -3.26500 -32.86819
 -3.33445 -33.00889
 -3.38993 -33.08805
 -3.40778 -33.11611
 -3.41236 -33.13791
 -3.40945 -33.17500
 -3.40166 -33.20555
 -3.36805 -33.31346
 -3.26250 -33.42813
 -3.23055 -33.43777
 -3.20666 -33.44055
 -3.03084 -33.47749
 -2.84584 -33.51916
 -2.81819 -33.52847
 -2.80792 -33.54875
 -2.81395 -33.59166
 -2.79778 -33.62346
 -2.68778 -33.69423
 -2.66153 -33.69875
 -2.64021 -33.68382
 -2.63264 -33.64944
 -2.62389 -33.61485
 -2.60375 -33.59583
 -2.57458 -33.59472
 -2.55361 -33.60695
 -2.54208 -33.63375
 -2.53819 -33.65764
 -2.53861 -33.69638
 -2.53916 -33.76472
 -2.53555 -33.79958
 -2.52555 -33.83445
 -2.51569 -33.85235
 -2.48945 -33.89416
 -2.46805 -33.92222
 -2.40819 -33.99861
 -2.36708 -34.03569
 -2.32722 -34.04555
 -2.28361 -34.04888
 -2.25305 -34.04555
 -2.22597 -34.03777
 -2.20680 -34.02717
 -2.21334 -34.04888
 -2.23389 -34.13138
 -2.24695 -34.18639
 -2.26403 -34.24985
 -2.33528 -34.34138
 -2.36972 -34.38361
 -2.48250 -34.52305
 -2.48445 -34.57444
 -2.48611 -34.64249
 -2.48916 -34.79250
 -2.49500 -35.02416
 -2.49750 -35.12028
 -2.49970 -35.20056
 -2.50916 -35.19805
 -2.53666 -35.19333
 -2.70084 -35.16584
 -2.82334 -35.14527
 -2.98972 -35.05638
 -2.99555 -35.03506
 -2.96166 -34.99389
 -2.91111 -34.94944
 -2.88416 -34.92805
 -2.85139 -34.89694
 -3.05945 -34.88972
 -3.08611 -34.88972
 -3.15472 -34.88972
 -3.29000 -34.88972
 -3.62950 -34.88917
 -3.67643 -34.88714
 -3.70521 -34.88138
 -3.72381 -34.86986
 -3.74861 -34.85215
 -3.77429 -34.82293
 -3.79821 -34.78838
 -3.80264 -34.77621
5 170 -7.02222 -3.87916 -34.2189 -31.031 'Tabora (Tanzania)'
 -7.01624 -32.65284
 -6.98958 -32.67875
 -6.95834 -32.69527
 -6.93639 -32.70305
 -6.91416 -32.70750
 -6.63695 -32.73111
 -6.60389 -32.73291
 -6.57222 -32.72958
 -6.41792 -32.69777
 -6.38233 -32.67683
 -6.38445 -32.64583
 -6.38445 -32.62305
 -6.38055 -32.57222
 -6.37639 -32.54250
 -6.36458 -32.50798
 -6.34722 -32.48916
 -6.24805 -32.38916
 -6.19861 -32.31472
 -6.11445 -32.20583
 -6.03805 -32.14972
 -5.99098 -32.13087
 -5.93805 -32.11805
 -5.82916 -32.08166
 -5.77264 -32.04812
 -5.71715 -31.82180
 -5.73264 -31.77305
 -5.79681 -31.69307
 -5.81915 -31.66345
 -5.83042 -31.62083
 -5.82264 -31.43195
 -5.76365 -31.17126
 -5.70111 -31.14833
 -5.63668 -31.11499
 -5.58498 -31.03928
 -5.56555 -31.03097
 -5.53947 -31.03810
 -5.52677 -31.05245
 -5.52681 -31.06125
 -5.45723 -31.21472
 -5.44778 -31.23389
 -5.30084 -31.19083
 -5.27445 -31.18195
 -5.20750 -31.16195
 -5.16111 -31.14833
 -4.96778 -31.20888
 -4.86889 -31.33195
 -4.85264 -31.35735
 -4.64473 -31.48014
 -4.61292 -31.48847
 -4.53500 -31.47222
 -4.37819 -31.47815
 -4.35973 -31.45277
 -4.35703 -31.43956
 -4.24983 -31.46477
 -4.24084 -31.48347
 -4.23834 -31.56695
 -4.21861 -31.64861
 -4.20514 -31.66715
 -4.16361 -31.67695
 -4.14195 -31.88027
 -4.13805 -31.93416
 -4.25514 -31.94945
 -4.42495 -31.95636
 -4.38611 -32.00416
 -4.30472 -32.21861
 -4.31916 -32.27472
 -4.32945 -32.31583
 -4.35458 -32.41875
 -4.27111 -32.50999
 -4.25889 -32.56000
 -4.24722 -32.61416
 -3.94437 -32.75180
 -3.92945 -32.94639
 -3.92750 -33.01416
 -3.93834 -33.09027
 -3.95076 -33.12965
 -3.95278 -33.16951
 -3.93084 -33.22111
 -3.91000 -33.26264
 -3.89674 -33.29493
 -3.89389 -33.37597
 -3.89834 -33.39833
 -3.91000 -33.42027
 -3.91722 -33.45000
 -3.91528 -33.48972
 -3.91069 -33.52403
 -3.89014 -33.56347
 -3.87916 -33.58333
 -3.87986 -33.60972
 -3.88861 -33.63444
 -3.90000 -33.65430
 -3.92666 -33.69138
 -3.94153 -33.71125
 -3.95416 -33.73861
 -3.97334 -33.82638
 -3.98347 -33.89846
 -3.98972 -33.93527
 -4.03278 -34.04610
 -4.04334 -34.06611
 -4.06889 -34.09458
 -4.10250 -34.11944
 -4.14473 -34.15805
 -4.16608 -34.17857
 -4.22097 -34.13166
 -4.24861 -34.11889
 -4.27528 -34.11194
 -4.32666 -34.09000
 -4.40243 -34.05055
 -4.42416 -34.01888
 -4.44208 -33.98930
 -4.46195 -33.97555
 -4.50778 -33.95284
 -4.59111 -33.93999
 -4.61722 -33.93764
 -4.64931 -33.94722
 -4.67278 -33.95499
 -4.75097 -33.94951
 -4.79111 -33.93361
 -4.82555 -33.91777
 -4.84639 -33.91138
 -4.87028 -33.90861
 -4.91340 -33.91395
 -4.94473 -33.92916
 -4.97000 -33.94472
 -5.11139 -34.05527
 -5.19722 -34.16722
 -5.21972 -34.19166
 -5.37111 -34.21889
 -5.42445 -34.21277
 -5.46334 -34.16333
 -5.67472 -34.01749
 -5.87666 -34.01944
 -6.14584 -34.02222
 -6.21625 -34.02277
 -6.23979 -33.99985
 -6.25055 -33.96750
 -6.25555 -33.94555
 -6.26861 -33.92110
 -6.30389 -33.89444
 -6.39278 -33.80778
 -6.44334 -33.73277
 -6.55722 -33.58194
 -6.58278 -33.55138
 -6.65892 -33.46898
 -6.69750 -33.51139
 -6.71028 -33.53166
 -6.71445 -33.55764
 -6.71028 -33.58445
 -6.69736 -33.62652
 -6.69055 -33.64916
 -6.72666 -33.63583
 -6.75723 -33.61944
 -6.82160 -33.58208
 -6.84305 -33.55778
 -6.88514 -33.51208
 -6.90695 -33.49388
 -6.94166 -33.47472
 -6.94495 -33.47416
 -6.94611 -33.42055
 -6.92805 -33.25486
 -6.90611 -33.18777
 -6.90403 -33.08249
 -6.94555 -32.99500
 -6.95972 -32.97445
 -6.99639 -32.93500
 -7.01861 -32.88375
 -7.02222 -32.86250
 -7.02195 -32.83555
 -7.01834 -32.65972
 -7.01624 -32.65284
6 119 -3.32007 -0.997218 -32.7424 -30.4169 'Ziwa Magharibi (Tanzania)'
 -2.94904 -30.49483
 -2.94722 -30.48500
 -2.85605 -30.41695
 -2.59139 -30.47972
 -2.46160 -30.52208
 -2.39916 -30.57333
 -2.38764 -30.58625
 -2.34778 -30.70625
 -2.35514 -30.72639
 -2.38055 -30.78222
 -2.35431 -30.83076
 -2.32569 -30.84583
 -2.29792 -30.85180
 -2.26111 -30.84875
 -2.22416 -30.84319
 -2.18972 -30.84819
 -2.09729 -30.88618
 -2.07549 -30.89326
 -2.03826 -30.87143
 -1.92945 -30.80833
 -1.84666 -30.82472
 -1.80055 -30.83500
 -1.72875 -30.81833
 -1.70055 -30.81111
 -1.65490 -30.83094
 -1.51708 -30.74889
 -1.43695 -30.73916
 -1.38722 -30.68611
 -1.38945 -30.63750
 -1.33069 -30.56472
 -1.16069 -30.47055
 -1.10139 -30.45445
 -1.07500 -30.46695
 -1.06334 -30.48222
 -1.06555 -30.59333
 -1.01458 -30.69695
 -0.99775 -30.75638
 -0.99722 -30.88861
 -0.99750 -31.06000
 -0.99834 -31.27250
 -0.99889 -31.29305
 -0.99945 -31.54695
 -0.99972 -31.67722
 -1.00028 -32.48527
 -1.00028 -32.61555
 -1.00000 -32.68416
 -0.99972 -32.74242
 -1.01666 -32.74139
 -1.18055 -32.74139
 -1.20778 -32.74222
 -1.31666 -32.74222
 -1.35805 -32.74222
 -1.39889 -32.74222
 -1.42639 -32.74222
 -1.45305 -32.74222
 -1.47305 -32.71611
 -1.59084 -32.55583
 -1.78666 -32.28916
 -2.07084 -31.90333
 -2.10916 -31.85334
 -2.20375 -31.75889
 -2.22945 -31.75125
 -2.26972 -31.74985
 -2.30111 -31.75611
 -2.32500 -31.76639
 -2.34931 -31.78695
 -2.37375 -31.80708
 -2.55500 -31.86195
 -2.61792 -31.86833
 -2.63916 -31.85833
 -2.65222 -31.83666
 -2.66931 -31.81195
 -2.68819 -31.80403
 -2.71695 -31.80375
 -2.79675 -31.82163
 -2.82653 -31.84069
 -2.85000 -31.86777
 -2.86819 -31.89750
 -2.87639 -31.91584
 -2.89389 -31.94583
 -2.92125 -31.97305
 -2.98375 -32.01680
 -3.01305 -32.01937
 -3.04500 -32.00250
 -3.06972 -31.98625
 -3.09403 -31.98097
 -3.16611 -31.98166
 -3.11500 -31.86500
 -3.21334 -31.70277
 -3.25254 -31.55059
 -3.21000 -31.52993
 -3.18375 -31.53777
 -3.14605 -31.57048
 -3.09305 -31.62805
 -3.05611 -31.66777
 -3.04166 -31.68222
 -3.03834 -31.54583
 -3.03834 -31.50527
 -3.07250 -31.49445
 -3.11416 -31.48569
 -3.28757 -31.35867
 -3.30275 -31.30382
 -3.30722 -31.20722
 -3.32007 -31.17996
 -3.31222 -31.18222
 -3.28084 -31.18139
 -3.15743 -31.16819
 -2.85666 -31.02389
 -2.82861 -30.99729
 -2.85166 -30.95583
 -2.89236 -30.90695
 -2.95750 -30.85445
 -2.97879 -30.84366
 -2.99055 -30.74861
 -2.97416 -30.66153
 -2.95395 -30.65235
 -2.91889 -30.61278
 -2.89500 -30.55910
 -2.94904 -30.49483
7 165 -6.84576 -2.82861 -31.4885 -29.3408 'Kigoma (Tanzania)'
 -4.44750 -29.42334
 -4.44805 -29.43083
 -4.44639 -29.67250
 -4.43805 -29.76639
 -4.33416 -29.93527
 -4.26945 -30.02611
 -4.08208 -30.17458
 -3.96528 -30.22472
 -3.93361 -30.22680
 -3.78875 -30.31972
 -3.77097 -30.34305
 -3.77285 -30.37235
 -3.78611 -30.40084
 -3.76597 -30.40389
 -3.71111 -30.39139
 -3.68916 -30.39666
 -3.55105 -30.44847
 -3.50555 -30.50222
 -3.48916 -30.53445
 -3.46076 -30.59153
 -3.45452 -30.62541
 -3.41681 -30.66347
 -3.39465 -30.66604
 -3.37855 -30.64930
 -3.37363 -30.63227
 -3.37173 -30.62555
 -3.35055 -30.63555
 -3.33215 -30.65319
 -3.28278 -30.73833
 -3.29910 -30.76611
 -3.28361 -30.80305
 -3.25903 -30.83361
 -3.15750 -30.85319
 -3.08625 -30.83340
 -2.99473 -30.83723
 -2.97879 -30.84366
 -2.95750 -30.85445
 -2.89236 -30.90695
 -2.85166 -30.95583
 -2.82861 -30.99729
 -2.85666 -31.02389
 -3.15743 -31.16819
 -3.28084 -31.18139
 -3.31222 -31.18222
 -3.32007 -31.17996
 -3.35986 -31.16861
 -3.43799 -31.16805
 -3.62000 -31.20597
 -3.70639 -31.24097
 -3.72806 -31.25445
 -3.75695 -31.28764
 -3.98834 -31.36222
 -4.14222 -31.37695
 -4.17125 -31.37541
 -4.20305 -31.36972
 -4.24174 -31.37035
 -4.31708 -31.39916
 -4.33584 -31.41500
 -4.35703 -31.43956
 -4.35973 -31.45277
 -4.37819 -31.47815
 -4.53500 -31.47222
 -4.61292 -31.48847
 -4.64473 -31.48014
 -4.85264 -31.35735
 -4.86889 -31.33195
 -4.96778 -31.20888
 -5.16111 -31.14833
 -5.20750 -31.16195
 -5.27445 -31.18195
 -5.30084 -31.19083
 -5.44778 -31.23389
 -5.45723 -31.21472
 -5.52681 -31.06125
 -5.52677 -31.05245
 -5.52000 -31.03861
 -5.49611 -30.99695
 -5.37472 -30.78916
 -5.35000 -30.74805
 -5.31722 -30.69250
 -5.15639 -30.41584
 -5.24361 -30.33361
 -5.26695 -30.26416
 -5.27500 -30.23750
 -5.31945 -30.10388
 -5.34611 -30.02389
 -5.36861 -29.95666
 -5.44972 -30.06084
 -5.46403 -30.07555
 -5.64084 -30.11639
 -5.76084 -30.14305
 -5.89445 -30.17305
 -5.92084 -30.18000
 -5.94555 -30.18833
 -6.00000 -30.21490
 -6.19681 -30.31222
 -6.20486 -30.33180
 -6.19750 -30.37195
 -6.19764 -30.39305
 -6.21292 -30.41584
 -6.23334 -30.42195
 -6.31528 -30.41361
 -6.38889 -30.35472
 -6.47916 -30.28458
 -6.57889 -30.27055
 -6.60445 -30.26923
 -6.83903 -30.07277
 -6.84576 -30.06485
 -6.82264 -30.03715
 -6.80222 -30.00250
 -6.79278 -29.98416
 -6.77889 -29.95000
 -6.76611 -29.91472
 -6.75084 -29.88542
 -6.65389 -29.76139
 -6.63458 -29.73916
 -6.61181 -29.72042
 -6.58639 -29.70389
 -6.39973 -29.61305
 -6.33125 -29.56722
 -6.29528 -29.55028
 -6.26305 -29.54084
 -6.05639 -29.49834
 -6.00889 -29.49500
 -5.97973 -29.49777
 -5.94584 -29.50472
 -5.92305 -29.51639
 -5.89000 -29.53833
 -5.85195 -29.57000
 -5.82847 -29.59208
 -5.80722 -29.60875
 -5.75486 -29.63000
 -5.72195 -29.63166
 -5.68555 -29.62611
 -5.57916 -29.59750
 -5.52055 -29.57305
 -5.49639 -29.56222
 -5.46639 -29.54389
 -5.44805 -29.53445
 -5.42750 -29.52722
 -5.38555 -29.51361
 -5.29361 -29.48722
 -5.23666 -29.47611
 -5.17666 -29.45430
 -5.14750 -29.43000
 -5.12528 -29.41416
 -5.10139 -29.40333
 -5.04111 -29.37972
 -5.00000 -29.36527
 -4.99528 -29.36305
 -4.95139 -29.35139
 -4.93042 -29.34791
 -4.88389 -29.34195
 -4.85028 -29.34083
 -4.79778 -29.34139
 -4.76334 -29.34777
 -4.72973 -29.35875
 -4.70166 -29.37180
 -4.63805 -29.39778
 -4.60334 -29.41111
 -4.57834 -29.42027
 -4.54507 -29.42972
 -4.50111 -29.43027
 -4.45584 -29.42694
 -4.44750 -29.42334
8 28 -6.99431 -6.58615 -39.5479 -39.0003 'Dar es Salaam (Tanzania)'
 -6.99431 -39.54788
 -6.97334 -39.46638
 -6.96639 -39.43833
 -6.95750 -39.39222
 -6.94722 -39.33027
 -6.94305 -39.29222
 -6.93889 -39.26777
 -6.92778 -39.21986
 -6.91611 -39.18833
 -6.90389 -39.16389
 -6.87611 -39.11749
 -6.85528 -39.08583
 -6.79569 -39.00027
 -6.64681 -39.05937
 -6.62361 -39.08916
 -6.60055 -39.12778
 -6.58615 -39.15545
 -6.61416 -39.16750
 -6.73750 -39.24389
 -6.81639 -39.30499
 -6.83111 -39.34416
 -6.84805 -39.39000
 -6.86069 -39.46403
 -6.89166 -39.49277
 -6.91889 -39.50042
 -6.93916 -39.50735
 -6.97597 -39.53153
 -6.99431 -39.54788
9 224 -9.97111 -5.8425 -38.5697 -35.2803 'Morogoro (Tanzania)'
 -7.41674 -36.50207
 -7.36722 -36.52833
 -7.33257 -36.54340
 -7.28084 -36.55445
 -7.24889 -36.55499
 -7.22445 -36.55222
 -7.20278 -36.54610
 -7.17361 -36.53791
 -7.14500 -36.54069
 -7.11722 -36.55264
 -7.08528 -36.57750
 -7.05834 -36.60472
 -7.03708 -36.63111
 -7.01916 -36.64680
 -6.99611 -36.65722
 -6.96278 -36.66333
 -6.93361 -36.65916
 -6.87361 -36.64416
 -6.84361 -36.63138
 -6.76403 -36.63610
 -6.48361 -36.74055
 -6.45757 -36.77478
 -6.45055 -36.81576
 -6.42931 -36.83666
 -6.39166 -36.84722
 -6.23084 -36.83666
 -6.10973 -36.82695
 -6.06945 -36.82500
 -5.99990 -36.95238
 -5.97155 -36.99822
 -6.00000 -37.08656
 -6.03278 -37.18889
 -5.93042 -37.44111
 -5.84250 -37.45277
 -5.84528 -37.47610
 -5.86166 -37.61166
 -5.89222 -37.73972
 -5.90111 -37.78638
 -5.90666 -37.79944
 -5.92542 -37.82166
 -5.94403 -37.83334
 -5.97334 -37.84195
 -6.00958 -37.84361
 -6.04639 -37.85083
 -6.08861 -37.86277
 -6.11042 -37.87555
 -6.16743 -37.91812
 -6.20139 -37.95291
 -6.21431 -37.96999
 -6.22395 -37.98882
 -6.25139 -38.00222
 -6.37195 -38.00222
 -6.45305 -38.00222
 -6.47945 -38.00222
 -6.59361 -38.00195
 -6.65486 -38.08445
 -6.66195 -38.10375
 -6.66166 -38.12735
 -6.65166 -38.15500
 -6.64958 -38.17937
 -6.74500 -38.37305
 -6.76819 -38.40680
 -6.78792 -38.42166
 -6.81000 -38.42611
 -6.83181 -38.41611
 -6.84736 -38.39861
 -6.86139 -38.37236
 -7.01028 -38.37583
 -7.02861 -38.38861
 -7.03972 -38.40805
 -7.06722 -38.46889
 -7.06611 -38.56972
 -7.10139 -38.55333
 -7.16889 -38.52111
 -7.19666 -38.50722
 -7.19945 -38.48195
 -7.28778 -38.38472
 -7.31695 -38.38333
 -7.58472 -38.36833
 -7.63834 -38.36472
 -7.63028 -38.31277
 -7.59416 -38.08305
 -7.58125 -38.06125
 -7.57069 -38.04166
 -7.55945 -38.00916
 -7.55452 -37.96493
 -7.57750 -37.92903
 -7.65000 -37.88027
 -7.70555 -37.88222
 -7.74555 -37.88499
 -7.77222 -37.88638
 -7.80664 -37.88705
 -7.84555 -37.85611
 -7.92170 -37.80919
 -7.93958 -37.80861
 -7.98479 -37.77250
 -8.01084 -37.72250
 -8.04305 -37.70138
 -8.13055 -37.65194
 -8.27166 -37.53334
 -8.35500 -37.48000
 -8.50342 -37.36313
 -8.54805 -37.36972
 -8.56722 -37.37778
 -8.60000 -37.38277
 -8.63042 -37.37889
 -8.69555 -37.35583
 -8.75084 -37.33333
 -8.78473 -37.31590
 -8.82361 -37.29695
 -8.86869 -37.30922
 -8.93750 -37.35305
 -8.97181 -37.38027
 -9.00000 -37.39916
 -9.02847 -37.40895
 -9.06111 -37.40861
 -9.08876 -37.39500
 -9.17834 -37.32097
 -9.32014 -37.26375
 -9.36445 -37.25999
 -9.38695 -37.26472
 -9.46931 -37.23083
 -9.53340 -37.16451
 -9.56722 -37.14889
 -9.64780 -37.13044
 -9.66528 -37.08527
 -9.75472 -36.88472
 -9.80861 -36.80360
 -9.85334 -36.73722
 -9.88666 -36.68472
 -9.90750 -36.64972
 -9.93166 -36.60695
 -9.95528 -36.56249
 -9.96334 -36.54027
 -9.96805 -36.51833
 -9.97111 -36.49389
 -9.97084 -36.46999
 -9.96472 -36.44485
 -9.94584 -36.42111
 -9.91250 -36.41972
 -9.86084 -36.44083
 -9.83445 -36.45444
 -9.79555 -36.47749
 -9.76500 -36.48875
 -9.74195 -36.48666
 -9.56764 -36.39944
 -9.61555 -36.16055
 -9.62458 -36.13625
 -9.64278 -36.10695
 -9.66055 -36.08472
 -9.68500 -36.06166
 -9.76750 -35.98638
 -9.86166 -35.92972
 -9.87931 -35.91916
 -9.89500 -35.90361
 -9.90903 -35.87986
 -9.91764 -35.85264
 -9.92278 -35.82111
 -9.92319 -35.79722
 -9.91416 -35.77041
 -9.83445 -35.69625
 -9.79715 -35.68764
 -9.77861 -35.71444
 -9.75834 -35.73778
 -9.72695 -35.76583
 -9.62916 -35.84333
 -9.60222 -35.85805
 -9.45334 -35.92916
 -9.42305 -35.93388
 -9.40264 -35.93235
 -9.22535 -35.89326
 -9.25889 -35.85555
 -9.27750 -35.83749
 -9.32611 -35.77584
 -9.34278 -35.75388
 -9.36618 -35.71430
 -9.37834 -35.61666
 -9.37952 -35.59704
 -9.33305 -35.64840
 -9.30055 -35.65735
 -9.27389 -35.65055
 -9.08639 -35.43055
 -9.02639 -35.38666
 -8.84555 -35.30638
 -8.80028 -35.34138
 -8.71334 -35.28027
 -8.65167 -35.37222
 -8.69500 -35.51944
 -8.73145 -35.63895
 -8.72264 -35.66555
 -8.70431 -35.68027
 -8.64834 -35.67444
 -8.56368 -35.68583
 -8.21250 -36.08888
 -8.18847 -36.12166
 -8.18000 -36.15416
 -8.17389 -36.18083
 -8.12361 -36.23027
 -8.08305 -36.27000
 -7.97500 -36.37472
 -7.95875 -36.39222
 -7.93855 -36.42764
 -7.93084 -36.50278
 -7.92889 -36.52694
 -7.93084 -36.58445
 -7.94111 -36.67416
 -7.95208 -36.77423
 -7.94222 -36.79861
 -7.90055 -36.82555
 -7.85973 -36.84888
 -7.81889 -36.87305
 -7.74972 -36.91680
 -7.73000 -36.96000
 -7.71916 -36.98666
 -7.69572 -37.02170
 -7.68181 -37.00583
 -7.64375 -36.91916
 -7.64528 -36.87694
 -7.64778 -36.84972
 -7.61389 -36.78722
 -7.56222 -36.68666
 -7.52500 -36.60444
 -7.49847 -36.53424
 -7.41674 -36.50207
10 18 -5.15941 -4.90111 -39.8731 -39.6742 'Pemba North (Tanzania)'
 -5.15941 -39.85564
 -5.15916 -39.74277
 -5.15778 -39.73722
 -5.13625 -39.69249
 -5.04916 -39.67916
 -5.00889 -39.67416
 -4.93861 -39.67764
 -4.91945 -39.68250
 -4.90111 -39.68944
 -4.90861 -39.85722
 -4.91472 -39.87028
 -4.98834 -39.87305
 -5.00416 -39.86972
 -5.01993 -39.85979
 -5.04972 -39.83888
 -5.10305 -39.82444
 -5.13514 -39.83527
 -5.15941 -39.85564
11 19 -5.46347 -5.15916 -39.8567 -39.64 'Pemba South (Tanzania)'
 -5.15916 -39.74277
 -5.15941 -39.85564
 -5.21972 -39.85666
 -5.23195 -39.85527
 -5.25195 -39.85110
 -5.39361 -39.80166
 -5.40750 -39.79500
 -5.46347 -39.73333
 -5.43368 -39.64875
 -5.41666 -39.64042
 -5.39445 -39.64000
 -5.36916 -39.64416
 -5.34153 -39.65000
 -5.29750 -39.68472
 -5.25666 -39.72027
 -5.20611 -39.74277
 -5.19055 -39.74500
 -5.16584 -39.74555
 -5.15916 -39.74277
12 143 -8.45723 -5.8425 -39.91 -37.7864 'Pwani (Tanzania)'
 -7.92170 -37.80919
 -7.84555 -37.85611
 -7.80664 -37.88705
 -7.77222 -37.88638
 -7.74555 -37.88499
 -7.70555 -37.88222
 -7.65000 -37.88027
 -7.57750 -37.92903
 -7.55452 -37.96493
 -7.55945 -38.00916
 -7.57069 -38.04166
 -7.58125 -38.06125
 -7.59416 -38.08305
 -7.63028 -38.31277
 -7.63834 -38.36472
 -7.58472 -38.36833
 -7.31695 -38.38333
 -7.28778 -38.38472
 -7.19945 -38.48195
 -7.19666 -38.50722
 -7.16889 -38.52111
 -7.10139 -38.55333
 -7.06611 -38.56972
 -7.06722 -38.46889
 -7.03972 -38.40805
 -7.02861 -38.38861
 -7.01028 -38.37583
 -6.86139 -38.37236
 -6.84736 -38.39861
 -6.83181 -38.41611
 -6.81000 -38.42611
 -6.78792 -38.42166
 -6.76819 -38.40680
 -6.74500 -38.37305
 -6.64958 -38.17937
 -6.65166 -38.15500
 -6.66166 -38.12735
 -6.66195 -38.10375
 -6.65486 -38.08445
 -6.59361 -38.00195
 -6.47945 -38.00222
 -6.45305 -38.00222
 -6.37195 -38.00222
 -6.25139 -38.00222
 -6.22395 -37.98882
 -6.21431 -37.96999
 -6.20139 -37.95291
 -6.16743 -37.91812
 -6.11042 -37.87555
 -6.08861 -37.86277
 -6.04639 -37.85083
 -6.00958 -37.84361
 -5.97334 -37.84195
 -5.94403 -37.83334
 -5.92542 -37.82166
 -5.90666 -37.79944
 -5.90111 -37.78638
 -5.89639 -37.80778
 -5.89084 -37.83445
 -5.87778 -37.90166
 -5.85195 -38.03666
 -5.84653 -38.09701
 -5.86666 -38.12291
 -5.88111 -38.14889
 -5.89778 -38.18583
 -5.90584 -38.21055
 -5.90986 -38.26138
 -5.89695 -38.31333
 -5.88945 -38.33388
 -5.87347 -38.37222
 -5.85486 -38.40416
 -5.84250 -38.44839
 -5.84958 -38.52514
 -5.87778 -38.62028
 -5.89166 -38.66000
 -5.91945 -38.73277
 -5.94278 -38.77666
 -5.95695 -38.80296
 -5.99597 -38.78608
 -6.03973 -38.77611
 -6.06042 -38.78236
 -6.14666 -38.83834
 -6.26778 -38.84333
 -6.32305 -38.84527
 -6.35111 -38.85166
 -6.38528 -38.87083
 -6.44666 -38.92264
 -6.47334 -38.96583
 -6.48972 -39.02222
 -6.48097 -39.04625
 -6.57055 -39.14222
 -6.58615 -39.15545
 -6.60055 -39.12778
 -6.62361 -39.08916
 -6.64681 -39.05937
 -6.79569 -39.00027
 -6.85528 -39.08583
 -6.87611 -39.11749
 -6.90389 -39.16389
 -6.91611 -39.18833
 -6.92778 -39.21986
 -6.93889 -39.26777
 -6.94305 -39.29222
 -6.94722 -39.33027
 -6.95750 -39.39222
 -6.96639 -39.43833
 -6.97334 -39.46638
 -6.99431 -39.54788
 -7.08278 -39.54027
 -7.16695 -39.48360
 -7.22195 -39.42110
 -7.26361 -39.39166
 -7.29111 -39.37499
 -7.45916 -39.29972
 -7.49889 -39.28833
 -7.57916 -39.27444
 -7.60611 -39.27555
 -7.63028 -39.27750
 -7.75778 -39.29972
 -7.73695 -39.32222
 -7.74028 -39.34235
 -7.81416 -39.44666
 -8.00000 -39.44555
 -8.27500 -39.34861
 -8.29584 -39.32444
 -8.26786 -39.29529
 -8.25542 -39.27555
 -8.28105 -39.21479
 -8.31278 -39.08138
 -8.33667 -38.96833
 -8.35889 -38.84472
 -8.40660 -38.70347
 -8.45723 -38.69514
 -8.42611 -38.56195
 -8.36090 -38.55118
 -8.20278 -38.23305
 -8.08819 -37.99485
 -8.02549 -37.94104
 -7.99597 -37.92708
 -7.96514 -37.90347
 -7.94972 -37.88527
 -7.93611 -37.86500
 -7.92170 -37.80919
13 24 -8.45723 -5.8425 -39.91 -37.7864 'Pwani (Tanzania)'
 -7.99695 -39.65305
 -7.99611 -39.64695
 -7.97472 -39.61166
 -7.94945 -39.59291
 -7.94389 -39.60305
 -7.91334 -39.65250
 -7.78361 -39.80111
 -7.73334 -39.84222
 -7.70695 -39.86278
 -7.67875 -39.88055
 -7.65945 -39.88805
 -7.64257 -39.90125
 -7.65250 -39.90805
 -7.67778 -39.91000
 -7.68916 -39.90805
 -7.73695 -39.89638
 -7.76334 -39.88945
 -7.87736 -39.84638
 -7.90916 -39.82500
 -7.91945 -39.81139
 -7.97500 -39.72777
 -7.98945 -39.69888
 -7.99334 -39.68250
 -7.99695 -39.65305
14 26 -6.02389 -5.72416 -39.3952 -39.1864 'Zanzibar North (Tanzania)'
 -6.01958 -39.39518
 -6.02055 -39.38250
 -6.02166 -39.31528
 -6.02130 -39.26975
 -6.02250 -39.26111
 -6.02305 -39.24750
 -6.02389 -39.19333
 -6.01639 -39.18903
 -6.00000 -39.18766
 -5.95972 -39.18639
 -5.92028 -39.18916
 -5.90555 -39.19458
 -5.87222 -39.24153
 -5.74361 -39.29055
 -5.73014 -39.29715
 -5.72416 -39.31111
 -5.76000 -39.34055
 -5.80472 -39.36014
 -5.84445 -39.36250
 -5.85319 -39.35402
 -5.89834 -39.35361
 -5.91473 -39.35458
 -5.95361 -39.36666
 -5.98778 -39.37972
 -6.01166 -39.39055
 -6.01958 -39.39518
15 23 -6.32049 -6.0213 -39.2911 -39.1906 'Zanzibar Urban/West (Tanzania)'
 -6.02389 -39.19333
 -6.02305 -39.24750
 -6.02250 -39.26111
 -6.02130 -39.26975
 -6.13889 -39.26583
 -6.18528 -39.26722
 -6.22514 -39.27264
 -6.24389 -39.27750
 -6.26407 -39.28455
 -6.31195 -39.29111
 -6.32049 -39.28423
 -6.30861 -39.25805
 -6.24666 -39.20833
 -6.22695 -39.20138
 -6.17778 -39.19055
 -6.15195 -39.19666
 -6.14069 -39.20569
 -6.12000 -39.21111
 -6.08778 -39.21249
 -6.06889 -39.21111
 -6.04028 -39.20222
 -6.02666 -39.19611
 -6.02389 -39.19333
16 123 -7.41674 -4.21555 -36.9982 -35.0835 'Dodoma (Tanzania)'
 -5.97155 -36.99822
 -5.99990 -36.95238
 -6.06945 -36.82500
 -6.10973 -36.82695
 -6.23084 -36.83666
 -6.39166 -36.84722
 -6.42931 -36.83666
 -6.45055 -36.81576
 -6.45757 -36.77478
 -6.48361 -36.74055
 -6.76403 -36.63610
 -6.84361 -36.63138
 -6.87361 -36.64416
 -6.93361 -36.65916
 -6.96278 -36.66333
 -6.99611 -36.65722
 -7.01916 -36.64680
 -7.03708 -36.63111
 -7.05834 -36.60472
 -7.08528 -36.57750
 -7.11722 -36.55264
 -7.14500 -36.54069
 -7.17361 -36.53791
 -7.20278 -36.54610
 -7.22445 -36.55222
 -7.24889 -36.55499
 -7.28084 -36.55445
 -7.33257 -36.54340
 -7.36722 -36.52833
 -7.41674 -36.50207
 -7.35202 -36.46215
 -7.31181 -36.38680
 -7.24166 -36.28695
 -7.17416 -36.24583
 -7.14555 -36.18139
 -7.12861 -36.12250
 -7.11945 -36.04653
 -7.12597 -36.02084
 -7.13584 -35.98083
 -7.09708 -35.70972
 -7.01445 -35.53999
 -6.97069 -35.50735
 -6.95014 -35.48805
 -6.93139 -35.43666
 -6.92389 -35.40445
 -6.92389 -35.38444
 -6.93084 -35.28680
 -6.94910 -35.26860
 -6.97361 -35.21805
 -6.98076 -35.16382
 -6.92592 -35.09966
 -6.83695 -35.08500
 -6.77720 -35.08354
 -6.71584 -35.12138
 -6.66055 -35.15555
 -6.59250 -35.19888
 -6.52445 -35.24139
 -6.47000 -35.27499
 -6.44195 -35.29138
 -6.24445 -35.25583
 -6.23778 -35.20916
 -6.06528 -35.23111
 -5.85000 -35.25861
 -5.78945 -35.28527
 -5.64486 -35.34041
 -5.50223 -35.24555
 -5.48305 -35.23111
 -5.42042 -35.16500
 -5.40542 -35.14944
 -5.36722 -35.14333
 -5.19250 -35.12472
 -5.15722 -35.12367
 -5.10861 -35.17833
 -5.08861 -35.20777
 -5.06264 -35.25895
 -5.08028 -35.28833
 -5.09834 -35.30777
 -5.10375 -35.32951
 -5.08764 -35.34395
 -4.97834 -35.34888
 -4.94945 -35.34694
 -4.82805 -35.33805
 -4.82916 -35.34000
 -4.83472 -35.36749
 -4.85250 -35.46277
 -4.85569 -35.49111
 -4.75834 -35.56333
 -4.73111 -35.58333
 -4.70305 -35.60388
 -4.63389 -35.65388
 -4.49945 -35.67652
 -4.46528 -35.72485
 -4.40778 -35.82527
 -4.33945 -35.85055
 -4.31222 -35.85945
 -4.34778 -35.94500
 -4.33416 -35.97861
 -4.32305 -36.00555
 -4.29584 -36.07249
 -4.26861 -36.13972
 -4.21555 -36.28833
 -4.61361 -36.34333
 -4.66750 -36.35000
 -4.78916 -36.32277
 -4.96528 -36.28222
 -5.29153 -36.21663
 -5.30215 -36.26562
 -5.30139 -36.29485
 -5.31799 -36.30722
 -5.34889 -36.31110
 -5.39445 -36.30069
 -5.45660 -36.26798
 -5.48792 -36.26611
 -5.50805 -36.27639
 -5.63945 -36.44388
 -5.70334 -36.52694
 -5.76834 -36.60972
 -5.87055 -36.70027
 -5.93584 -36.75777
 -5.93375 -36.81472
 -5.93166 -36.87554
 -5.94473 -36.91603
 -5.97155 -36.99822
17 173 -10.5413 -6.87945 -37.0217 -33.7536 'Iringa (Tanzania)'
 -7.45983 -34.17339
 -7.41472 -34.23527
 -7.35695 -34.34222
 -7.35666 -34.36527
 -7.34834 -34.39444
 -7.33278 -34.42583
 -7.30500 -34.46291
 -7.17750 -34.58834
 -7.13514 -34.62638
 -7.10361 -34.64027
 -7.07666 -34.64680
 -6.94722 -34.80083
 -6.92334 -34.83777
 -6.88847 -34.89916
 -6.87945 -34.93403
 -6.89472 -34.98472
 -6.90695 -35.00250
 -6.91500 -35.02138
 -6.92055 -35.04250
 -6.92592 -35.09966
 -6.98076 -35.16382
 -6.97361 -35.21805
 -6.94910 -35.26860
 -6.93084 -35.28680
 -6.92389 -35.38444
 -6.92389 -35.40445
 -6.93139 -35.43666
 -6.95014 -35.48805
 -6.97069 -35.50735
 -7.01445 -35.53999
 -7.09708 -35.70972
 -7.13584 -35.98083
 -7.12597 -36.02084
 -7.11945 -36.04653
 -7.12861 -36.12250
 -7.14555 -36.18139
 -7.17416 -36.24583
 -7.24166 -36.28695
 -7.31181 -36.38680
 -7.35202 -36.46215
 -7.41674 -36.50207
 -7.49847 -36.53424
 -7.52500 -36.60444
 -7.56222 -36.68666
 -7.61389 -36.78722
 -7.64778 -36.84972
 -7.64528 -36.87694
 -7.64375 -36.91916
 -7.68181 -37.00583
 -7.69572 -37.02170
 -7.71916 -36.98666
 -7.73000 -36.96000
 -7.74972 -36.91680
 -7.81889 -36.87305
 -7.85973 -36.84888
 -7.90055 -36.82555
 -7.94222 -36.79861
 -7.95208 -36.77423
 -7.94111 -36.67416
 -7.93084 -36.58445
 -7.92889 -36.52694
 -7.93084 -36.50278
 -7.93855 -36.42764
 -7.95875 -36.39222
 -7.97500 -36.37472
 -8.08305 -36.27000
 -8.12361 -36.23027
 -8.17389 -36.18083
 -8.18000 -36.15416
 -8.18847 -36.12166
 -8.21250 -36.08888
 -8.56368 -35.68583
 -8.64834 -35.67444
 -8.70431 -35.68027
 -8.72264 -35.66555
 -8.73145 -35.63895
 -8.69500 -35.51944
 -8.65167 -35.37222
 -8.71334 -35.28027
 -8.80028 -35.34138
 -8.84555 -35.30638
 -9.02639 -35.38666
 -9.08639 -35.43055
 -9.27389 -35.65055
 -9.30055 -35.65735
 -9.33305 -35.64840
 -9.37952 -35.59704
 -9.41166 -35.55722
 -9.65584 -35.26250
 -9.74153 -35.14708
 -9.78611 -35.14750
 -9.82056 -35.15535
 -9.84250 -35.17180
 -9.87597 -35.22805
 -9.90340 -35.24833
 -10.14181 -35.13166
 -10.18330 -35.06569
 -10.18326 -35.03930
 -10.18097 -35.00145
 -10.19542 -34.98542
 -10.26118 -34.97340
 -10.29945 -34.97055
 -10.35834 -34.91235
 -10.36819 -34.88104
 -10.37500 -34.85750
 -10.40666 -34.81583
 -10.46167 -34.75750
 -10.48458 -34.74791
 -10.53542 -34.65069
 -10.54125 -34.60507
 -10.53446 -34.58023
 -10.51667 -34.57583
 -10.40305 -34.56555
 -10.36778 -34.56916
 -10.34667 -34.57333
 -10.04597 -34.53485
 -10.01555 -34.52458
 -9.96903 -34.50055
 -9.95139 -34.48277
 -9.88139 -34.42666
 -9.81167 -34.37389
 -9.74021 -34.32965
 -9.62750 -34.20583
 -9.60361 -34.17638
 -9.57117 -34.13636
 -9.51778 -34.15583
 -9.47805 -34.12861
 -9.41305 -34.08388
 -9.34834 -34.03860
 -9.30972 -34.01194
 -9.24416 -33.97500
 -9.17916 -33.93999
 -9.15278 -33.92694
 -9.03500 -33.86388
 -9.01611 -33.75361
 -8.98625 -33.76264
 -8.96223 -33.77764
 -8.89584 -33.85611
 -8.87993 -33.88416
 -8.85973 -34.07777
 -8.85528 -34.22472
 -8.85834 -34.26138
 -8.85555 -34.30666
 -8.85305 -34.33194
 -8.82145 -34.45666
 -8.65417 -34.60472
 -8.56223 -34.64930
 -8.51695 -34.66333
 -8.48847 -34.66055
 -8.46708 -34.64861
 -8.44681 -34.63791
 -8.41250 -34.64208
 -8.36639 -34.67249
 -8.32917 -34.70888
 -8.28500 -34.77250
 -8.25195 -34.82000
 -8.23653 -34.83388
 -8.20305 -34.84722
 -8.12222 -34.88027
 -8.01028 -34.93972
 -7.96972 -34.96166
 -7.94250 -34.97695
 -7.88792 -35.00180
 -7.88695 -34.89666
 -7.79666 -34.76639
 -7.66416 -34.57388
 -7.66611 -34.54500
 -7.66889 -34.51833
 -7.68528 -34.30333
 -7.58000 -34.22166
 -7.51472 -34.17222
 -7.49028 -34.17222
 -7.45983 -34.17339
18 152 -10.8322 -7.9217 -39.9821 -36.8469 'Lindi (Tanzania)'
 -10.83196 -38.08794
 -10.80028 -38.08388
 -10.66000 -37.93583
 -10.60834 -37.90555
 -10.55555 -37.87611
 -10.52195 -37.85555
 -10.53278 -37.78235
 -10.53805 -37.74528
 -10.52000 -37.70499
 -10.39805 -37.44722
 -10.34000 -37.32527
 -10.28805 -37.21695
 -10.27611 -37.19028
 -10.23000 -37.05527
 -10.21666 -37.01472
 -10.19861 -36.96055
 -10.15917 -36.84694
 -9.95486 -36.89555
 -9.87208 -36.93111
 -9.85695 -36.94597
 -9.84084 -36.96611
 -9.82000 -36.99222
 -9.74986 -37.07735
 -9.73250 -37.09000
 -9.67278 -37.12305
 -9.65361 -37.12972
 -9.64780 -37.13044
 -9.56722 -37.14889
 -9.53340 -37.16451
 -9.46931 -37.23083
 -9.38695 -37.26472
 -9.36445 -37.25999
 -9.32014 -37.26375
 -9.17834 -37.32097
 -9.08876 -37.39500
 -9.06111 -37.40861
 -9.02847 -37.40895
 -9.00000 -37.39916
 -8.97181 -37.38027
 -8.93750 -37.35305
 -8.86869 -37.30922
 -8.82361 -37.29695
 -8.78473 -37.31590
 -8.75084 -37.33333
 -8.69555 -37.35583
 -8.63042 -37.37889
 -8.60000 -37.38277
 -8.56722 -37.37778
 -8.54805 -37.36972
 -8.50342 -37.36313
 -8.35500 -37.48000
 -8.27166 -37.53334
 -8.13055 -37.65194
 -8.04305 -37.70138
 -8.01084 -37.72250
 -7.98479 -37.77250
 -7.93958 -37.80861
 -7.92170 -37.80919
 -7.93611 -37.86500
 -7.94972 -37.88527
 -7.96514 -37.90347
 -7.99597 -37.92708
 -8.02549 -37.94104
 -8.08819 -37.99485
 -8.20278 -38.23305
 -8.36090 -38.55118
 -8.42611 -38.56195
 -8.45723 -38.69514
 -8.40660 -38.70347
 -8.35889 -38.84472
 -8.33667 -38.96833
 -8.31278 -39.08138
 -8.28105 -39.21479
 -8.25542 -39.27555
 -8.26786 -39.29529
 -8.29666 -39.30527
 -8.40334 -39.31000
 -8.54834 -39.34000
 -8.66667 -39.35416
 -8.71695 -39.35583
 -8.82250 -39.45861
 -8.91111 -39.53388
 -8.86139 -39.45250
 -8.86695 -39.40527
 -8.90666 -39.39270
 -8.94084 -39.45777
 -9.17223 -39.63333
 -9.19361 -39.64472
 -9.35563 -39.64972
 -9.56695 -39.70166
 -9.65611 -39.73195
 -9.71666 -39.73499
 -9.75500 -39.73055
 -9.80223 -39.78444
 -9.84334 -39.80375
 -9.86708 -39.80527
 -9.92389 -39.79111
 -9.99305 -39.82638
 -10.02166 -39.88972
 -10.05472 -39.92791
 -10.12555 -39.97264
 -10.17653 -39.98208
 -10.20228 -39.97564
 -10.21361 -39.95916
 -10.23778 -39.91305
 -10.25306 -39.87305
 -10.26195 -39.84750
 -10.27181 -39.81750
 -10.28139 -39.77916
 -10.28500 -39.74860
 -10.29389 -39.72846
 -10.31250 -39.71083
 -10.33639 -39.69583
 -10.36445 -39.69166
 -10.39569 -39.69861
 -10.43473 -39.70125
 -10.49472 -39.70166
 -10.51834 -39.70041
 -10.55416 -39.69222
 -10.56507 -39.67493
 -10.48625 -39.54611
 -10.44111 -39.54861
 -10.38958 -39.56096
 -10.36111 -39.55750
 -10.30528 -39.46638
 -10.31834 -39.43500
 -10.33084 -39.41235
 -10.34834 -39.37639
 -10.36834 -39.32653
 -10.37361 -39.29680
 -10.36611 -39.23389
 -10.36528 -39.20195
 -10.36778 -39.17860
 -10.37473 -39.15722
 -10.45250 -39.00527
 -10.52528 -38.88000
 -10.53424 -38.86180
 -10.53334 -38.82695
 -10.52389 -38.78638
 -10.55528 -38.63277
 -10.62555 -38.43889
 -10.63278 -38.41972
 -10.64750 -38.38805
 -10.67584 -38.34694
 -10.68945 -38.33055
 -10.74055 -38.27541
 -10.77611 -38.23861
 -10.79250 -38.21861
 -10.81389 -38.17860
 -10.82722 -38.13750
 -10.83223 -38.10500
 -10.83196 -38.08794
19 114 -11.4153 -10.136 -40.4368 -38.0879 'Mtwara (Tanzania)'
 -11.25633 -38.09669
 -11.22334 -38.11889
 -11.19028 -38.13805
 -11.12472 -38.15021
 -11.09000 -38.12694
 -11.05403 -38.10819
 -11.01416 -38.10361
 -10.94889 -38.09750
 -10.88305 -38.09138
 -10.84334 -38.08805
 -10.83196 -38.08794
 -10.83223 -38.10500
 -10.82722 -38.13750
 -10.81389 -38.17860
 -10.79250 -38.21861
 -10.77611 -38.23861
 -10.74055 -38.27541
 -10.68945 -38.33055
 -10.67584 -38.34694
 -10.64750 -38.38805
 -10.63278 -38.41972
 -10.62555 -38.43889
 -10.55528 -38.63277
 -10.52389 -38.78638
 -10.53334 -38.82695
 -10.53424 -38.86180
 -10.52528 -38.88000
 -10.45250 -39.00527
 -10.37473 -39.15722
 -10.36778 -39.17860
 -10.36528 -39.20195
 -10.36611 -39.23389
 -10.37361 -39.29680
 -10.36834 -39.32653
 -10.34834 -39.37639
 -10.33084 -39.41235
 -10.31834 -39.43500
 -10.30528 -39.46638
 -10.36111 -39.55750
 -10.38958 -39.56096
 -10.44111 -39.54861
 -10.48625 -39.54611
 -10.56507 -39.67493
 -10.55416 -39.69222
 -10.51834 -39.70041
 -10.49472 -39.70166
 -10.43473 -39.70125
 -10.39569 -39.69861
 -10.36445 -39.69166
 -10.33639 -39.69583
 -10.31250 -39.71083
 -10.29389 -39.72846
 -10.28500 -39.74860
 -10.28139 -39.77916
 -10.27181 -39.81750
 -10.26195 -39.84750
 -10.25306 -39.87305
 -10.23778 -39.91305
 -10.21361 -39.95916
 -10.20228 -39.97564
 -10.21681 -39.98875
 -10.17055 -39.99764
 -10.13597 -39.98951
 -10.14055 -40.04722
 -10.14834 -40.06694
 -10.16778 -40.11361
 -10.19473 -40.12805
 -10.24778 -40.13250
 -10.29764 -40.22791
 -10.27215 -40.26118
 -10.24493 -40.20819
 -10.20528 -40.23812
 -10.37111 -40.39861
 -10.44778 -40.43388
 -10.47817 -40.43681
 -10.49945 -40.42777
 -10.54028 -40.38138
 -10.56437 -40.34611
 -10.67750 -40.15888
 -10.77916 -40.01972
 -10.80889 -39.96277
 -10.81500 -39.94222
 -10.83166 -39.89833
 -10.84861 -39.86833
 -10.86611 -39.83903
 -10.88555 -39.81195
 -10.90181 -39.79527
 -10.92055 -39.76694
 -10.94424 -39.69125
 -10.94611 -39.66389
 -10.99028 -39.52291
 -10.99764 -39.50389
 -11.07805 -39.39139
 -11.13528 -39.31528
 -11.15236 -39.29264
 -11.16945 -39.26250
 -11.17416 -39.23305
 -11.17319 -39.20596
 -11.15945 -39.18264
 -11.14236 -39.13610
 -11.16555 -38.93139
 -11.17014 -38.90569
 -11.27084 -38.67249
 -11.28111 -38.65527
 -11.29445 -38.63514
 -11.34278 -38.57111
 -11.37250 -38.53388
 -11.41531 -38.49171
 -11.39723 -38.41680
 -11.37723 -38.37778
 -11.36431 -38.35722
 -11.34792 -38.33388
 -11.28500 -38.17361
 -11.25633 -38.09669
20 179 -11.7404 -9.22535 -38.1502 -34.5802 'Ruvuma (Tanzania)'
 -11.25633 -38.09669
 -11.26084 -38.03277
 -11.27892 -37.96249
 -11.28805 -37.93444
 -11.30445 -37.90027
 -11.33278 -37.86514
 -11.45111 -37.81916
 -11.48382 -37.81020
 -11.51007 -37.82270
 -11.53625 -37.81694
 -11.56111 -37.79194
 -11.60278 -37.69333
 -11.63972 -37.59722
 -11.71871 -37.47321
 -11.72319 -37.39958
 -11.70278 -37.26777
 -11.69000 -37.19083
 -11.67007 -37.11895
 -11.59139 -36.99777
 -11.57219 -36.82695
 -11.61750 -36.78583
 -11.64361 -36.76611
 -11.66389 -36.74611
 -11.68195 -36.72500
 -11.71473 -36.67777
 -11.74042 -36.55743
 -11.72035 -36.51749
 -11.68389 -36.37555
 -11.69611 -36.34250
 -11.70750 -36.29388
 -11.70945 -36.26722
 -11.70542 -36.18764
 -11.66882 -36.17458
 -11.64361 -36.17777
 -11.58584 -36.16819
 -11.43278 -35.93819
 -11.41687 -35.82847
 -11.48334 -35.73333
 -11.55834 -35.67249
 -11.58708 -35.64805
 -11.60708 -35.57333
 -11.59376 -35.43707
 -11.57584 -35.23861
 -11.57334 -35.01111
 -11.57211 -34.96673
 -11.50889 -34.96444
 -11.48195 -34.95764
 -11.38305 -34.89055
 -11.35723 -34.86347
 -11.33181 -34.80249
 -11.19903 -34.70888
 -11.13702 -34.63867
 -11.11076 -34.61604
 -11.02097 -34.59312
 -10.98153 -34.59958
 -10.95166 -34.62722
 -10.92667 -34.64138
 -10.89028 -34.64999
 -10.76111 -34.66305
 -10.72889 -34.66305
 -10.66417 -34.65791
 -10.64389 -34.65138
 -10.60695 -34.62111
 -10.56167 -34.58500
 -10.53889 -34.58083
 -10.53446 -34.58023
 -10.54125 -34.60507
 -10.53542 -34.65069
 -10.48458 -34.74791
 -10.46167 -34.75750
 -10.40666 -34.81583
 -10.37500 -34.85750
 -10.36819 -34.88104
 -10.35834 -34.91235
 -10.29945 -34.97055
 -10.26118 -34.97340
 -10.19542 -34.98542
 -10.18097 -35.00145
 -10.18326 -35.03930
 -10.18330 -35.06569
 -10.14181 -35.13166
 -9.90340 -35.24833
 -9.87597 -35.22805
 -9.84250 -35.17180
 -9.82056 -35.15535
 -9.78611 -35.14750
 -9.74153 -35.14708
 -9.65584 -35.26250
 -9.41166 -35.55722
 -9.37952 -35.59704
 -9.37834 -35.61666
 -9.36618 -35.71430
 -9.34278 -35.75388
 -9.32611 -35.77584
 -9.27750 -35.83749
 -9.25889 -35.85555
 -9.22535 -35.89326
 -9.40264 -35.93235
 -9.42305 -35.93388
 -9.45334 -35.92916
 -9.60222 -35.85805
 -9.62916 -35.84333
 -9.72695 -35.76583
 -9.75834 -35.73778
 -9.77861 -35.71444
 -9.79715 -35.68764
 -9.83445 -35.69625
 -9.91416 -35.77041
 -9.92319 -35.79722
 -9.92278 -35.82111
 -9.91764 -35.85264
 -9.90903 -35.87986
 -9.89500 -35.90361
 -9.87931 -35.91916
 -9.86166 -35.92972
 -9.76750 -35.98638
 -9.68500 -36.06166
 -9.66055 -36.08472
 -9.64278 -36.10695
 -9.62458 -36.13625
 -9.61555 -36.16055
 -9.56764 -36.39944
 -9.74195 -36.48666
 -9.76500 -36.48875
 -9.79555 -36.47749
 -9.83445 -36.45444
 -9.86084 -36.44083
 -9.91250 -36.41972
 -9.94584 -36.42111
 -9.96472 -36.44485
 -9.97084 -36.46999
 -9.97111 -36.49389
 -9.96805 -36.51833
 -9.96334 -36.54027
 -9.95528 -36.56249
 -9.93166 -36.60695
 -9.90750 -36.64972
 -9.88666 -36.68472
 -9.85334 -36.73722
 -9.80861 -36.80360
 -9.75472 -36.88472
 -9.66528 -37.08527
 -9.64780 -37.13044
 -9.65361 -37.12972
 -9.67278 -37.12305
 -9.73250 -37.09000
 -9.74986 -37.07735
 -9.82000 -36.99222
 -9.84084 -36.96611
 -9.85695 -36.94597
 -9.87208 -36.93111
 -9.95486 -36.89555
 -10.15917 -36.84694
 -10.19861 -36.96055
 -10.21666 -37.01472
 -10.23000 -37.05527
 -10.27611 -37.19028
 -10.28805 -37.21695
 -10.34000 -37.32527
 -10.39805 -37.44722
 -10.52000 -37.70499
 -10.53805 -37.74528
 -10.53278 -37.78235
 -10.52195 -37.85555
 -10.55555 -37.87611
 -10.60834 -37.90555
 -10.66000 -37.93583
 -10.80028 -38.08388
 -10.83196 -38.08794
 -10.84334 -38.08805
 -10.88305 -38.09138
 -10.94889 -38.09750
 -11.01416 -38.10361
 -11.05403 -38.10819
 -11.09000 -38.12694
 -11.12472 -38.15021
 -11.19028 -38.13805
 -11.22334 -38.11889
 -11.25633 -38.09669
21 147 -7.5297 -3.80264 -35.3489 -33.469 'Singida (Tanzania)'
 -4.16608 -34.17857
 -4.15222 -34.21611
 -4.15722 -34.26138
 -3.98347 -34.38861
 -3.96778 -34.40319
 -3.92889 -34.47722
 -3.92000 -34.49583
 -3.87195 -34.63416
 -3.80931 -34.71770
 -3.80264 -34.77621
 -3.81361 -34.77985
 -3.94250 -34.96999
 -4.01639 -35.08111
 -4.12014 -34.96583
 -4.15028 -34.95361
 -4.42416 -34.84722
 -4.45166 -34.83777
 -4.47973 -34.98083
 -4.48889 -35.01139
 -4.52000 -35.03111
 -4.56028 -35.05555
 -4.58695 -35.07194
 -4.61361 -35.08861
 -4.61695 -35.14403
 -4.67762 -35.19230
 -4.70355 -35.19196
 -4.74666 -35.18444
 -4.82805 -35.33805
 -4.94945 -35.34694
 -4.97834 -35.34888
 -5.08764 -35.34395
 -5.10375 -35.32951
 -5.09834 -35.30777
 -5.08028 -35.28833
 -5.06264 -35.25895
 -5.08861 -35.20777
 -5.10861 -35.17833
 -5.15722 -35.12367
 -5.19250 -35.12472
 -5.36722 -35.14333
 -5.40542 -35.14944
 -5.42042 -35.16500
 -5.48305 -35.23111
 -5.50223 -35.24555
 -5.64486 -35.34041
 -5.78945 -35.28527
 -5.85000 -35.25861
 -6.06528 -35.23111
 -6.23778 -35.20916
 -6.24445 -35.25583
 -6.44195 -35.29138
 -6.47000 -35.27499
 -6.52445 -35.24139
 -6.59250 -35.19888
 -6.66055 -35.15555
 -6.71584 -35.12138
 -6.77720 -35.08354
 -6.83695 -35.08500
 -6.92592 -35.09966
 -6.92055 -35.04250
 -6.91500 -35.02138
 -6.90695 -35.00250
 -6.89472 -34.98472
 -6.87945 -34.93403
 -6.88847 -34.89916
 -6.92334 -34.83777
 -6.94722 -34.80083
 -7.07666 -34.64680
 -7.10361 -34.64027
 -7.13514 -34.62638
 -7.17750 -34.58834
 -7.30500 -34.46291
 -7.33278 -34.42583
 -7.34834 -34.39444
 -7.35666 -34.36527
 -7.35695 -34.34222
 -7.41472 -34.23527
 -7.45983 -34.17339
 -7.45778 -34.16472
 -7.45084 -34.11749
 -7.45181 -34.09027
 -7.46979 -34.06319
 -7.49500 -34.04069
 -7.52970 -33.97005
 -7.46861 -33.94277
 -7.42916 -33.92555
 -7.25723 -33.85166
 -7.16472 -33.81249
 -7.09472 -33.78069
 -6.99750 -33.67945
 -6.96472 -33.54805
 -6.94495 -33.47416
 -6.94166 -33.47472
 -6.90695 -33.49388
 -6.88514 -33.51208
 -6.84305 -33.55778
 -6.82160 -33.58208
 -6.75723 -33.61944
 -6.72666 -33.63583
 -6.69055 -33.64916
 -6.69736 -33.62652
 -6.71028 -33.58445
 -6.71445 -33.55764
 -6.71028 -33.53166
 -6.69750 -33.51139
 -6.65892 -33.46898
 -6.58278 -33.55138
 -6.55722 -33.58194
 -6.44334 -33.73277
 -6.39278 -33.80778
 -6.30389 -33.89444
 -6.26861 -33.92110
 -6.25555 -33.94555
 -6.25055 -33.96750
 -6.23979 -33.99985
 -6.21625 -34.02277
 -6.14584 -34.02222
 -5.87666 -34.01944
 -5.67472 -34.01749
 -5.46334 -34.16333
 -5.42445 -34.21277
 -5.37111 -34.21889
 -5.21972 -34.19166
 -5.19722 -34.16722
 -5.11139 -34.05527
 -4.97000 -33.94472
 -4.94473 -33.92916
 -4.91340 -33.91395
 -4.87028 -33.90861
 -4.84639 -33.91138
 -4.82555 -33.91777
 -4.79111 -33.93361
 -4.75097 -33.94951
 -4.67278 -33.95499
 -4.64931 -33.94722
 -4.61722 -33.93764
 -4.59111 -33.93999
 -4.50778 -33.95284
 -4.46195 -33.97555
 -4.44208 -33.98930
 -4.42416 -34.01888
 -4.40243 -34.05055
 -4.32666 -34.09000
 -4.27528 -34.11194
 -4.24861 -34.11889
 -4.22097 -34.13166
 -4.16608 -34.17857
22 165 -5.97155 -1.70722 -37.9914 -34.7762 'Arusha (Tanzania)'
 -4.82805 -35.33805
 -4.74666 -35.18444
 -4.70355 -35.19196
 -4.67762 -35.19230
 -4.61695 -35.14403
 -4.61361 -35.08861
 -4.58695 -35.07194
 -4.56028 -35.05555
 -4.52000 -35.03111
 -4.48889 -35.01139
 -4.47973 -34.98083
 -4.45166 -34.83777
 -4.42416 -34.84722
 -4.15028 -34.95361
 -4.12014 -34.96583
 -4.01639 -35.08111
 -3.94250 -34.96999
 -3.81361 -34.77985
 -3.80264 -34.77621
 -3.79821 -34.78838
 -3.77429 -34.82293
 -3.74861 -34.85215
 -3.72381 -34.86986
 -3.70521 -34.88138
 -3.67643 -34.88714
 -3.62950 -34.88917
 -3.29000 -34.88972
 -3.15472 -34.88972
 -3.08611 -34.88972
 -3.05945 -34.88972
 -2.85139 -34.89694
 -2.88416 -34.92805
 -2.91111 -34.94944
 -2.96166 -34.99389
 -2.99555 -35.03506
 -2.98972 -35.05638
 -2.82334 -35.14527
 -2.70084 -35.16584
 -2.53666 -35.19333
 -2.50916 -35.19805
 -2.49970 -35.20056
 -2.44055 -35.20972
 -2.37222 -35.22138
 -2.30389 -35.23389
 -2.12236 -35.26083
 -2.04639 -35.21999
 -1.81334 -35.25222
 -1.74500 -35.26194
 -1.71750 -35.26611
 -1.70722 -35.26888
 -1.93584 -35.67833
 -2.04834 -35.88083
 -2.13308 -36.03328
 -2.20000 -36.15333
 -2.29834 -36.32555
 -2.49695 -36.68527
 -2.77889 -37.19583
 -2.79445 -37.22258
 -2.80222 -37.18805
 -2.81250 -37.15722
 -2.88431 -36.99805
 -2.90764 -36.96680
 -2.93660 -36.94472
 -3.18847 -36.95792
 -3.21597 -36.96833
 -3.23666 -36.99833
 -3.26334 -37.04153
 -3.30264 -37.07945
 -3.41722 -37.08888
 -3.41945 -37.13750
 -3.41861 -37.16277
 -3.48500 -37.28000
 -3.55202 -37.30909
 -3.63347 -37.35222
 -3.65605 -37.37882
 -3.69264 -37.41014
 -3.78000 -37.46264
 -3.83708 -37.45735
 -3.87084 -37.45416
 -3.98416 -37.47194
 -4.23105 -37.55444
 -4.25139 -37.57514
 -4.28389 -37.59347
 -4.39042 -37.58951
 -4.42702 -37.56610
 -4.46660 -37.57819
 -4.49389 -37.61430
 -4.59264 -37.77674
 -4.59139 -37.81020
 -4.56695 -37.87000
 -4.56908 -37.92153
 -4.60334 -37.93222
 -4.66972 -37.94583
 -4.71889 -37.95472
 -4.93500 -37.98916
 -4.95750 -37.99139
 -4.98945 -37.88235
 -4.99305 -37.85750
 -5.04361 -37.67889
 -5.07166 -37.60055
 -5.05375 -37.54444
 -5.03521 -37.49541
 -5.17111 -37.39695
 -5.21305 -37.36777
 -5.29055 -37.32695
 -5.31473 -37.32027
 -5.35555 -37.31444
 -5.40736 -37.30805
 -5.46166 -37.30499
 -5.49792 -37.30319
 -5.52195 -37.29875
 -5.55055 -37.28860
 -5.57555 -37.27666
 -5.59305 -37.26639
 -5.61500 -37.25069
 -5.65084 -37.22500
 -5.67916 -37.20985
 -5.70389 -37.20027
 -5.73625 -37.19139
 -5.77674 -37.19395
 -5.85000 -37.19611
 -5.86972 -37.16277
 -5.96681 -37.00071
 -5.97155 -36.99822
 -5.94473 -36.91603
 -5.93166 -36.87554
 -5.93375 -36.81472
 -5.93584 -36.75777
 -5.87055 -36.70027
 -5.76834 -36.60972
 -5.70334 -36.52694
 -5.63945 -36.44388
 -5.50805 -36.27639
 -5.48792 -36.26611
 -5.45660 -36.26798
 -5.39445 -36.30069
 -5.34889 -36.31110
 -5.31799 -36.30722
 -5.30139 -36.29485
 -5.30215 -36.26562
 -5.29153 -36.21663
 -4.96528 -36.28222
 -4.78916 -36.32277
 -4.66750 -36.35000
 -4.61361 -36.34333
 -4.21555 -36.28833
 -4.26861 -36.13972
 -4.29584 -36.07249
 -4.32305 -36.00555
 -4.33416 -35.97861
 -4.34778 -35.94500
 -4.31222 -35.85945
 -4.33945 -35.85055
 -4.40778 -35.82527
 -4.46528 -35.72485
 -4.49945 -35.67652
 -4.63389 -35.65388
 -4.70305 -35.60388
 -4.73111 -35.58333
 -4.75834 -35.56333
 -4.85569 -35.49111
 -4.85250 -35.46277
 -4.83472 -35.36749
 -4.82916 -35.34000
 -4.82805 -35.33805
23 63 -4.59264 -2.79445 -38.4867 -36.9447 'Kilimanjaro (Tanzania)'
 -4.15500 -38.48666
 -4.28361 -38.37166
 -4.51805 -38.15916
 -4.58625 -38.09083
 -4.58839 -37.98175
 -4.58445 -37.95264
 -4.56908 -37.92153
 -4.56695 -37.87000
 -4.59139 -37.81020
 -4.59264 -37.77674
 -4.49389 -37.61430
 -4.46660 -37.57819
 -4.42702 -37.56610
 -4.39042 -37.58951
 -4.28389 -37.59347
 -4.25139 -37.57514
 -4.23105 -37.55444
 -3.98416 -37.47194
 -3.87084 -37.45416
 -3.83708 -37.45735
 -3.78000 -37.46264
 -3.69264 -37.41014
 -3.65605 -37.37882
 -3.63347 -37.35222
 -3.55202 -37.30909
 -3.48500 -37.28000
 -3.41861 -37.16277
 -3.41945 -37.13750
 -3.41722 -37.08888
 -3.30264 -37.07945
 -3.26334 -37.04153
 -3.23666 -36.99833
 -3.21597 -36.96833
 -3.18847 -36.95792
 -2.93660 -36.94472
 -2.90764 -36.96680
 -2.88431 -36.99805
 -2.81250 -37.15722
 -2.80222 -37.18805
 -2.79445 -37.22258
 -2.82555 -37.27861
 -2.90695 -37.42528
 -2.93805 -37.50125
 -2.94916 -37.52250
 -2.99584 -37.60277
 -3.05139 -37.67528
 -3.18666 -37.69805
 -3.26750 -37.71249
 -3.31195 -37.71999
 -3.31666 -37.69055
 -3.40153 -37.61027
 -3.42472 -37.60014
 -3.45028 -37.60000
 -3.50952 -37.62638
 -3.51250 -37.68639
 -3.52875 -37.73735
 -3.55069 -37.75000
 -3.57861 -37.75638
 -3.61528 -37.76485
 -3.65111 -37.78305
 -3.70055 -37.85139
 -4.10584 -38.41750
 -4.15500 -38.48666
24 75 -2.4997 -0.999709 -35.2689 -32.7414 'Mara (Tanzania)'
 -2.20680 -34.02717
 -2.20250 -34.02138
 -2.16111 -33.94138
 -2.15222 -33.91611
 -2.13945 -33.84888
 -2.13695 -33.82416
 -2.13389 -33.67833
 -2.19889 -33.67528
 -2.22972 -33.59472
 -2.26861 -33.48861
 -2.30750 -33.37055
 -2.25416 -33.21889
 -2.12861 -33.19500
 -2.03055 -33.17694
 -1.98500 -33.20945
 -1.93972 -33.24500
 -1.84122 -33.32617
 -1.80195 -33.44972
 -1.74445 -33.45277
 -1.55305 -33.45138
 -1.49916 -33.45083
 -1.46111 -33.45027
 -1.45834 -33.24583
 -1.45750 -33.16360
 -1.45555 -32.95861
 -1.45584 -32.91777
 -1.45389 -32.75333
 -1.45305 -32.74222
 -1.42639 -32.74222
 -1.39889 -32.74222
 -1.35805 -32.74222
 -1.31666 -32.74222
 -1.20778 -32.74222
 -1.18055 -32.74139
 -1.01666 -32.74139
 -0.99972 -32.74242
 -0.99971 -32.89035
 -1.00000 -33.00111
 -1.00028 -33.11084
 -0.99972 -33.18639
 -1.00000 -33.29610
 -1.00028 -33.40583
 -1.00072 -33.43887
 -1.00028 -33.46083
 -1.00111 -33.92027
 -1.00195 -33.92110
 -1.00111 -33.94833
 -1.00111 -34.01875
 -1.03916 -34.07555
 -1.22722 -34.40972
 -1.27778 -34.50027
 -1.39889 -34.71722
 -1.70722 -35.26888
 -1.71750 -35.26611
 -1.74500 -35.26194
 -1.81334 -35.25222
 -2.04639 -35.21999
 -2.12236 -35.26083
 -2.30389 -35.23389
 -2.37222 -35.22138
 -2.44055 -35.20972
 -2.49970 -35.20056
 -2.49750 -35.12028
 -2.49500 -35.02416
 -2.48916 -34.79250
 -2.48611 -34.64249
 -2.48445 -34.57444
 -2.48250 -34.52305
 -2.36972 -34.38361
 -2.33528 -34.34138
 -2.26403 -34.24985
 -2.24695 -34.18639
 -2.23389 -34.13138
 -2.21334 -34.04888
 -2.20680 -34.02717
25 92 -6.03278 -4.155 -39.2208 -36.9982 'Tanga (Tanzania)'
 -4.56908 -37.92153
 -4.58445 -37.95264
 -4.58839 -37.98175
 -4.58625 -38.09083
 -4.51805 -38.15916
 -4.28361 -38.37166
 -4.15500 -38.48666
 -4.25334 -38.62445
 -4.32250 -38.72111
 -4.55000 -39.03777
 -4.63945 -39.16166
 -4.66962 -39.20303
 -4.69139 -39.21652
 -4.74778 -39.22084
 -4.84861 -39.22055
 -4.92111 -39.18472
 -4.93355 -39.16285
 -4.89889 -39.15861
 -4.86569 -39.16729
 -4.88514 -39.14638
 -4.92278 -39.13777
 -4.95375 -39.13375
 -5.05139 -39.12694
 -5.24389 -39.07805
 -5.31305 -39.05555
 -5.45972 -39.00000
 -5.54666 -38.96666
 -5.60750 -38.92945
 -5.77000 -38.85945
 -5.95695 -38.80296
 -5.94278 -38.77666
 -5.91945 -38.73277
 -5.89166 -38.66000
 -5.87778 -38.62028
 -5.84958 -38.52514
 -5.84250 -38.44839
 -5.85486 -38.40416
 -5.87347 -38.37222
 -5.88945 -38.33388
 -5.89695 -38.31333
 -5.90986 -38.26138
 -5.90584 -38.21055
 -5.89778 -38.18583
 -5.88111 -38.14889
 -5.86666 -38.12291
 -5.84653 -38.09701
 -5.85195 -38.03666
 -5.87778 -37.90166
 -5.89084 -37.83445
 -5.89639 -37.80778
 -5.90111 -37.78638
 -5.89222 -37.73972
 -5.86166 -37.61166
 -5.84528 -37.47610
 -5.84250 -37.45277
 -5.93042 -37.44111
 -6.03278 -37.18889
 -6.00000 -37.08656
 -5.97155 -36.99822
 -5.96681 -37.00071
 -5.86972 -37.16277
 -5.85000 -37.19611
 -5.77674 -37.19395
 -5.73625 -37.19139
 -5.70389 -37.20027
 -5.67916 -37.20985
 -5.65084 -37.22500
 -5.61500 -37.25069
 -5.59305 -37.26639
 -5.57555 -37.27666
 -5.55055 -37.28860
 -5.52195 -37.29875
 -5.49792 -37.30319
 -5.46166 -37.30499
 -5.40736 -37.30805
 -5.35555 -37.31444
 -5.31473 -37.32027
 -5.29055 -37.32695
 -5.21305 -37.36777
 -5.17111 -37.39695
 -5.03521 -37.49541
 -5.05375 -37.54444
 -5.07166 -37.60055
 -5.04361 -37.67889
 -4.99305 -37.85750
 -4.98945 -37.88235
 -4.95750 -37.99139
 -4.93500 -37.98916
 -4.71889 -37.95472
 -4.66972 -37.94583
 -4.60334 -37.93222
 -4.56908 -37.92153
