0 104 -3.62781 -2.49805 78.4751 79.7494 'Azuay (Ecuador)'
 -3.33228 79.46680
 -3.32659 79.49504
 -3.31840 79.56926
 -3.31708 79.59538
 -3.23111 79.60305
 -3.19632 79.58154
 -3.09528 79.68529
 -3.05871 79.74939
 -3.02666 79.73695
 -2.76000 79.61876
 -2.73222 79.60390
 -2.62000 79.50639
 -2.59945 79.48390
 -2.49805 79.36528
 -2.53500 79.35224
 -2.63375 79.26695
 -2.70868 79.18251
 -2.71319 79.14389
 -2.70431 79.12236
 -2.68028 79.09529
 -2.65458 79.08223
 -2.61666 79.07473
 -2.59403 79.05723
 -2.59166 79.03598
 -2.60431 79.01778
 -2.66722 78.99251
 -2.73028 78.97639
 -2.78764 78.92223
 -2.79695 78.90154
 -2.80361 78.86473
 -2.79764 78.83904
 -2.77819 78.81834
 -2.73528 78.80265
 -2.70695 78.77667
 -2.69195 78.75279
 -2.68334 78.72793
 -2.67889 78.70001
 -2.67139 78.67111
 -2.65500 78.64445
 -2.62139 78.61654
 -2.58916 78.61876
 -2.56666 78.55431
 -2.61528 78.53946
 -2.62576 78.48938
 -2.65722 78.47507
 -2.68958 78.49765
 -2.70972 78.52362
 -2.71916 78.54363
 -2.74465 78.59736
 -2.78195 78.62085
 -2.80208 78.62348
 -2.82166 78.60612
 -2.82431 78.58236
 -2.81542 78.55293
 -2.81826 78.52139
 -2.85653 78.53612
 -2.87250 78.54973
 -2.89445 78.57251
 -2.92472 78.60327
 -2.97805 78.63278
 -3.01278 78.64223
 -3.05472 78.64986
 -3.07653 78.66057
 -3.10708 78.68917
 -3.12166 78.70751
 -3.13389 78.72667
 -3.14416 78.75154
 -3.16090 78.77779
 -3.18861 78.79112
 -3.22847 78.79848
 -3.25125 78.81167
 -3.26278 78.82945
 -3.26889 78.85806
 -3.27084 78.88613
 -3.27500 78.91028
 -3.28764 78.94556
 -3.31084 78.96334
 -3.32750 78.95668
 -3.34139 78.98417
 -3.40569 79.05278
 -3.43569 79.06835
 -3.46250 79.07195
 -3.49445 79.07140
 -3.52611 79.06723
 -3.55666 79.06529
 -3.60563 79.07340
 -3.62781 79.08794
 -3.61972 79.11251
 -3.59778 79.13437
 -3.56916 79.14805
 -3.54639 79.15279
 -3.52528 79.15779
 -3.49445 79.16585
 -3.47528 79.17835
 -3.43640 79.21163
 -3.45805 79.23668
 -3.49036 79.28846
 -3.47746 79.30659
 -3.44138 79.32320
 -3.41987 79.32797
 -3.39905 79.32764
 -3.35094 79.32932
 -3.33443 79.37398
 -3.33228 79.46680
1 65 -3.88423 -3.03834 79.3694 80.3404 'El Oro (Ecuador)'
 -3.88423 80.15334
 -3.85916 80.17667
 -3.73916 80.21140
 -3.71722 80.20778
 -3.63666 80.20612
 -3.59584 80.21278
 -3.49722 80.23500
 -3.41743 80.25917
 -3.38052 80.34043
 -3.35972 80.32363
 -3.32834 80.29140
 -3.33861 80.26994
 -3.33472 80.14279
 -3.26166 80.02112
 -3.20778 79.95632
 -3.18181 79.94417
 -3.14972 79.94112
 -3.08937 79.92035
 -3.05889 79.89223
 -3.05250 79.87862
 -3.04584 79.84973
 -3.04028 79.81695
 -3.03834 79.79556
 -3.04500 79.76584
 -3.05871 79.74939
 -3.09528 79.68529
 -3.19632 79.58154
 -3.23111 79.60305
 -3.31708 79.59538
 -3.31840 79.56926
 -3.32659 79.49504
 -3.33228 79.46680
 -3.43778 79.44056
 -3.46722 79.44278
 -3.49625 79.45612
 -3.52472 79.47154
 -3.55500 79.46362
 -3.59166 79.43918
 -3.64431 79.38974
 -3.70528 79.36945
 -3.77222 79.39890
 -3.81055 79.41724
 -3.87278 79.46973
 -3.87305 79.49056
 -3.86319 79.50875
 -3.81576 79.55591
 -3.78861 79.57224
 -3.76166 79.60445
 -3.75819 79.63417
 -3.78486 79.67875
 -3.81695 79.70320
 -3.82889 79.72029
 -3.83361 79.74139
 -3.84028 79.77612
 -3.84250 79.81473
 -3.83750 79.84181
 -3.82125 79.89564
 -3.81945 79.92723
 -3.82445 79.95640
 -3.83166 79.98334
 -3.84611 80.01723
 -3.85416 80.03889
 -3.86666 80.07363
 -3.87278 80.09584
 -3.88423 80.15334
2 121 -4.76639 -3.33228 79.0879 80.5017 'Loja (Ecuador)'
 -3.62781 79.08794
 -3.67000 79.13570
 -3.71750 79.17500
 -3.74500 79.18251
 -3.76611 79.18167
 -3.79472 79.17237
 -3.81708 79.15321
 -3.84403 79.13445
 -3.87334 79.12668
 -4.01889 79.12056
 -4.06278 79.12279
 -4.17861 79.10556
 -4.19916 79.09764
 -4.42395 79.11785
 -4.48736 79.19126
 -4.49361 79.21445
 -4.49195 79.23501
 -4.48097 79.25904
 -4.47618 79.28799
 -4.49389 79.31056
 -4.51722 79.31945
 -4.56778 79.33555
 -4.59445 79.34750
 -4.72555 79.41528
 -4.74528 79.42835
 -4.76639 79.45167
 -4.62042 79.51528
 -4.58118 79.51973
 -4.52084 79.53917
 -4.44750 79.62139
 -4.43542 79.64320
 -4.43431 79.66806
 -4.45708 79.70528
 -4.48195 79.78376
 -4.47882 79.81564
 -4.37305 79.99779
 -4.35500 80.02515
 -4.31958 80.05876
 -4.30014 80.07793
 -4.28449 80.13460
 -4.29855 80.17458
 -4.32125 80.18654
 -4.36445 80.22639
 -4.39750 80.26222
 -4.45250 80.33417
 -4.46555 80.35862
 -4.47861 80.39056
 -4.47166 80.40973
 -4.44181 80.46376
 -4.41645 80.48125
 -4.38847 80.48000
 -4.31556 80.43112
 -4.28181 80.39917
 -4.26347 80.38293
 -4.19952 80.34028
 -4.19666 80.38293
 -4.20986 80.41056
 -4.22118 80.44556
 -4.20750 80.46458
 -4.17416 80.48076
 -4.11445 80.48361
 -4.05535 80.50122
 -4.05028 80.50168
 -3.98528 80.46543
 -3.97805 80.42029
 -3.97903 80.38917
 -3.99826 80.34570
 -4.01166 80.31896
 -3.99611 80.29224
 -3.90305 80.17529
 -3.88423 80.15334
 -3.87278 80.09584
 -3.86666 80.07363
 -3.85416 80.03889
 -3.84611 80.01723
 -3.83166 79.98334
 -3.82445 79.95640
 -3.81945 79.92723
 -3.82125 79.89564
 -3.83750 79.84181
 -3.84250 79.81473
 -3.84028 79.77612
 -3.83361 79.74139
 -3.82889 79.72029
 -3.81695 79.70320
 -3.78486 79.67875
 -3.75819 79.63417
 -3.76166 79.60445
 -3.78861 79.57224
 -3.81576 79.55591
 -3.86319 79.50875
 -3.87305 79.49056
 -3.87278 79.46973
 -3.81055 79.41724
 -3.77222 79.39890
 -3.70528 79.36945
 -3.64431 79.38974
 -3.59166 79.43918
 -3.55500 79.46362
 -3.52472 79.47154
 -3.49625 79.45612
 -3.46722 79.44278
 -3.43778 79.44056
 -3.33228 79.46680
 -3.33443 79.37398
 -3.35094 79.32932
 -3.39905 79.32764
 -3.41987 79.32797
 -3.44138 79.32320
 -3.47746 79.30659
 -3.49036 79.28846
 -3.45805 79.23668
 -3.43640 79.21163
 -3.47528 79.17835
 -3.49445 79.16585
 -3.52528 79.15779
 -3.54639 79.15279
 -3.56916 79.14805
 -3.59778 79.13437
 -3.61972 79.11251
 -3.62781 79.08794
3 90 -5.00031 -3.3275 78.421 79.4517 'Zamora-Chinchipe (Ecuador)'
 -3.62781 79.08794
 -3.60563 79.07340
 -3.55666 79.06529
 -3.52611 79.06723
 -3.49445 79.07140
 -3.46250 79.07195
 -3.43569 79.06835
 -3.40569 79.05278
 -3.34139 78.98417
 -3.32750 78.95668
 -3.37139 78.91166
 -3.45319 78.87320
 -3.47847 78.86612
 -3.50166 78.85362
 -3.51722 78.83974
 -3.52945 78.82167
 -3.54861 78.79028
 -3.56222 78.76528
 -3.58834 78.73556
 -3.61750 78.71224
 -3.64361 78.69612
 -3.68945 78.67529
 -3.71555 78.66501
 -3.75653 78.63826
 -3.78486 78.52821
 -3.78585 78.42099
 -3.83250 78.46667
 -3.91278 78.53168
 -3.93195 78.54085
 -3.97861 78.55362
 -4.01014 78.55543
 -4.04695 78.55555
 -4.07305 78.55806
 -4.09555 78.56361
 -4.27847 78.64154
 -4.30067 78.65947
 -4.30709 78.67207
 -4.34028 78.67250
 -4.36514 78.67015
 -4.41764 78.65285
 -4.47361 78.65028
 -4.55486 78.66681
 -4.57445 78.68362
 -4.58479 78.70903
 -4.58889 78.72348
 -4.60389 78.76723
 -4.61416 78.79085
 -4.63597 78.82376
 -4.66153 78.85931
 -4.67722 78.87611
 -4.71666 78.90611
 -4.74105 78.91840
 -4.78264 78.91848
 -4.86834 78.92862
 -4.97222 79.01140
 -4.99556 79.03666
 -5.00031 79.06321
 -4.97505 79.10027
 -4.96389 79.18363
 -4.96250 79.20361
 -4.96385 79.23192
 -4.96458 79.28571
 -4.88611 79.36557
 -4.79740 79.44504
 -4.76639 79.45167
 -4.74528 79.42835
 -4.72555 79.41528
 -4.59445 79.34750
 -4.56778 79.33555
 -4.51722 79.31945
 -4.49389 79.31056
 -4.47618 79.28799
 -4.48097 79.25904
 -4.49195 79.23501
 -4.49361 79.21445
 -4.48736 79.19126
 -4.42395 79.11785
 -4.19916 79.09764
 -4.17861 79.10556
 -4.06278 79.12279
 -4.01889 79.12056
 -3.87334 79.12668
 -3.84403 79.13445
 -3.81708 79.15321
 -3.79472 79.17237
 -3.76611 79.18167
 -3.74500 79.18251
 -3.71750 79.17500
 -3.67000 79.13570
 -3.62781 79.08794
4 63 -1.35611 0.124718 89.2463 91.6639 'Galapagos (Ecuador)'
 -1.03472 91.20056
 -1.02445 91.21779
 -1.01555 91.29529
 -1.01361 91.32055
 -1.01903 91.34584
 -1.02666 91.37265
 -1.01666 91.41959
 -0.99639 91.44056
 -0.91875 91.49293
 -0.89028 91.50140
 -0.85472 91.49404
 -0.82639 91.47612
 -0.79972 91.45473
 -0.68666 91.31348
 -0.66195 91.23764
 -0.67257 91.19938
 -0.68184 91.16111
 -0.58975 91.08368
 -0.54952 91.12196
 -0.54826 91.15438
 -0.30445 91.35973
 -0.22958 91.40765
 -0.20305 91.40404
 -0.17278 91.39389
 -0.10695 91.40334
 -0.04292 91.41821
 -0.01792 91.43605
 -0.01264 91.47167
 -0.02681 91.51237
 -0.05049 91.54139
 -0.05000 91.57501
 -0.01028 91.60486
 0.00000 91.60362
 0.03084 91.53862
 0.12472 91.39182
 0.11195 91.31528
 0.08834 91.31306
 0.02111 91.27585
 0.00334 91.25945
 0.00000 91.25535
 -0.01271 91.21737
 -0.03264 91.20293
 -0.09111 91.19805
 -0.12264 91.20125
 -0.14334 91.20195
 -0.21187 91.18494
 -0.24055 91.17029
 -0.30916 91.10667
 -0.32555 91.07529
 -0.34569 91.04236
 -0.36611 91.01973
 -0.38666 90.99917
 -0.42278 90.96417
 -0.52569 90.94835
 -0.54958 90.96278
 -0.62916 90.90306
 -0.65305 90.87918
 -0.68055 90.85445
 -0.73250 90.81084
 -0.91555 90.87445
 -0.96750 90.92660
 -1.03264 91.16501
 -1.03472 91.20056
5 17 -1.35611 0.124718 89.2463 91.6639 'Galapagos (Ecuador)'
 -0.78139 90.33862
 -0.77028 90.43055
 -0.69195 90.53959
 -0.63292 90.55071
 -0.59416 90.53862
 -0.58389 90.53528
 -0.54514 90.50543
 -0.52834 90.48806
 -0.51389 90.45445
 -0.50166 90.33112
 -0.49834 90.29195
 -0.54625 90.18710
 -0.57000 90.17875
 -0.65666 90.18918
 -0.68708 90.19973
 -0.74826 90.25473
 -0.78139 90.33862
6 16 -1.35611 0.124718 89.2463 91.6639 'Galapagos (Ecuador)'
 -0.49611 91.49890
 -0.49611 91.50418
 -0.44834 91.61250
 -0.41334 91.63917
 -0.38528 91.65224
 -0.31611 91.66389
 -0.29139 91.63224
 -0.25028 91.48279
 -0.24945 91.46904
 -0.27084 91.43890
 -0.30764 91.40230
 -0.32972 91.39528
 -0.44000 91.39667
 -0.45889 91.40515
 -0.46666 91.42111
 -0.49611 91.49890
7 22 -1.35611 0.124718 89.2463 91.6639 'Galapagos (Ecuador)'
 -0.37555 90.60584
 -0.34889 90.67084
 -0.34722 90.69112
 -0.35584 90.72640
 -0.35750 90.74043
 -0.33792 90.82653
 -0.27000 90.87445
 -0.17695 90.83473
 -0.15695 90.81347
 -0.14945 90.79334
 -0.16305 90.74751
 -0.18778 90.67695
 -0.19334 90.66223
 -0.20084 90.64362
 -0.21389 90.62222
 -0.21945 90.61389
 -0.23166 90.59889
 -0.27889 90.55139
 -0.30166 90.54750
 -0.36208 90.58473
 -0.37500 90.60112
 -0.37555 90.60584
8 26 -1.35611 0.124718 89.2463 91.6639 'Galapagos (Ecuador)'
 -0.95861 89.53334
 -0.95722 89.54556
 -0.92931 89.62793
 -0.91555 89.62723
 -0.89792 89.61751
 -0.88195 89.59223
 -0.87584 89.57779
 -0.86278 89.55667
 -0.85195 89.54028
 -0.80486 89.47529
 -0.77445 89.46834
 -0.76555 89.46335
 -0.74319 89.44723
 -0.72305 89.41959
 -0.69084 89.36195
 -0.68889 89.35028
 -0.68611 89.32834
 -0.68528 89.31556
 -0.68945 89.25724
 -0.70597 89.24626
 -0.74695 89.26055
 -0.76695 89.27501
 -0.80195 89.30585
 -0.92000 89.41584
 -0.93569 89.44112
 -0.95861 89.53334
9 16 -1.35611 0.124718 89.2463 91.6639 'Galapagos (Ecuador)'
 -1.35611 90.44056
 -1.35528 90.44667
 -1.35208 90.46613
 -1.33445 90.49515
 -1.31445 90.51668
 -1.30666 90.52305
 -1.22528 90.48918
 -1.21847 90.47904
 -1.21834 90.43584
 -1.26382 90.36917
 -1.27834 90.36556
 -1.29305 90.37140
 -1.32584 90.39666
 -1.34208 90.41154
 -1.35431 90.43209
 -1.35611 90.44056
10 54 -2.19415 -1.16028 78.8217 79.3345 'Bolivar (Ecuador)'
 -1.41055 78.85695
 -1.45542 78.86445
 -1.48181 78.86543
 -1.51236 78.86056
 -1.55166 78.84639
 -1.58389 78.83077
 -1.62292 78.82167
 -1.64805 78.82501
 -1.68097 78.84209
 -1.70250 78.86639
 -1.73666 78.91085
 -1.75250 78.93224
 -1.76722 78.95723
 -1.79313 78.97980
 -1.85445 78.99251
 -1.94361 78.99305
 -2.08805 79.01112
 -2.11166 79.02570
 -2.15389 79.07472
 -2.18945 79.12334
 -2.19415 79.13321
 -2.18389 79.14195
 -2.16792 79.15862
 -2.15746 79.17191
 -2.13861 79.16389
 -2.11750 79.16112
 -2.09139 79.16028
 -2.06181 79.16335
 -2.03764 79.17265
 -2.00431 79.20355
 -1.97542 79.22306
 -1.84639 79.25445
 -1.80486 79.25501
 -1.63334 79.27834
 -1.44416 79.31250
 -1.34139 79.33445
 -1.24361 79.29945
 -1.20111 79.27278
 -1.20389 79.25806
 -1.20111 79.23543
 -1.19278 79.20778
 -1.17834 79.18028
 -1.16569 79.15181
 -1.16028 79.12501
 -1.16500 79.08668
 -1.17500 79.06459
 -1.19834 79.03667
 -1.25166 78.98889
 -1.28389 78.96362
 -1.33528 78.93445
 -1.38805 78.91751
 -1.40305 78.90182
 -1.41125 78.87293
 -1.41055 78.85695
11 67 -2.80361 -2.19415 78.495 79.4869 'Canar (Ecuador)'
 -2.32695 78.55251
 -2.37805 78.50125
 -2.40125 78.49501
 -2.55750 78.51487
 -2.60014 78.52987
 -2.61528 78.53946
 -2.56666 78.55431
 -2.58916 78.61876
 -2.62139 78.61654
 -2.65500 78.64445
 -2.67139 78.67111
 -2.67889 78.70001
 -2.68334 78.72793
 -2.69195 78.75279
 -2.70695 78.77667
 -2.73528 78.80265
 -2.77819 78.81834
 -2.79764 78.83904
 -2.80361 78.86473
 -2.79695 78.90154
 -2.78764 78.92223
 -2.73028 78.97639
 -2.66722 78.99251
 -2.60431 79.01778
 -2.59166 79.03598
 -2.59403 79.05723
 -2.61666 79.07473
 -2.65458 79.08223
 -2.68028 79.09529
 -2.70431 79.12236
 -2.71319 79.14389
 -2.70868 79.18251
 -2.63375 79.26695
 -2.53500 79.35224
 -2.49805 79.36528
 -2.49014 79.38403
 -2.49125 79.41778
 -2.50334 79.44709
 -2.50736 79.46974
 -2.48569 79.48688
 -2.44972 79.47278
 -2.43028 79.46001
 -2.40195 79.43389
 -2.36750 79.39612
 -2.34084 79.36585
 -2.32222 79.34140
 -2.24834 79.23862
 -2.21472 79.18918
 -2.20111 79.15779
 -2.19415 79.13321
 -2.27916 79.09251
 -2.30861 79.06974
 -2.32778 79.04945
 -2.36805 78.99474
 -2.38111 78.97473
 -2.39416 78.94417
 -2.39972 78.91585
 -2.39972 78.89111
 -2.39445 78.86265
 -2.38319 78.82904
 -2.36945 78.80139
 -2.34222 78.75805
 -2.32222 78.72389
 -2.31666 78.69917
 -2.31569 78.65404
 -2.32222 78.56835
 -2.32695 78.55251
12 67 -1.33528 -0.354164 78.3634 79.3853 'Cotopaxi (Ecuador)'
 -0.97834 78.40195
 -1.07979 78.45043
 -1.14347 78.66362
 -1.14695 78.68334
 -1.14834 78.70807
 -1.14486 78.73473
 -1.14111 78.76335
 -1.15584 78.79945
 -1.16805 78.82251
 -1.19972 78.87750
 -1.22084 78.87945
 -1.25472 78.88098
 -1.30000 78.89765
 -1.32125 78.91598
 -1.33528 78.93445
 -1.28389 78.96362
 -1.25166 78.98889
 -1.19834 79.03667
 -1.17500 79.06459
 -1.16500 79.08668
 -1.16028 79.12501
 -1.16569 79.15181
 -1.17834 79.18028
 -1.19278 79.20778
 -1.20111 79.23543
 -1.20389 79.25806
 -1.20111 79.27278
 -1.15708 79.36292
 -1.12500 79.38001
 -1.08195 79.38528
 -1.05236 79.38278
 -0.91250 79.32695
 -0.86528 79.30223
 -0.77861 79.25007
 -0.74500 79.25015
 -0.71584 79.26528
 -0.69389 79.29278
 -0.65834 79.24278
 -0.56111 79.12390
 -0.47528 79.03557
 -0.45597 79.02459
 -0.43361 79.00279
 -0.36834 78.93140
 -0.35416 78.90084
 -0.42945 78.85390
 -0.48834 78.82584
 -0.53222 78.80555
 -0.63431 78.70029
 -0.64666 78.67737
 -0.65028 78.64501
 -0.64945 78.61501
 -0.64403 78.58431
 -0.63403 78.56320
 -0.61208 78.53515
 -0.59222 78.50515
 -0.59416 78.47417
 -0.61111 78.43681
 -0.66448 78.36344
 -0.69431 78.37556
 -0.74611 78.38473
 -0.82555 78.38474
 -0.86666 78.38987
 -0.88750 78.40417
 -0.90972 78.41667
 -0.94375 78.41890
 -0.96805 78.41000
 -0.97834 78.40195
13 170 -3.05889 -0.876946 79.1332 80.9767 'Guayas (Ecuador)'
 -2.49805 79.36528
 -2.59945 79.48390
 -2.62000 79.50639
 -2.73222 79.60390
 -2.76000 79.61876
 -3.02666 79.73695
 -3.05871 79.74939
 -3.04500 79.76584
 -3.03834 79.79556
 -3.04028 79.81695
 -3.04584 79.84973
 -3.05250 79.87862
 -3.05889 79.89223
 -3.03861 79.88417
 -3.01861 79.87779
 -2.91278 79.85973
 -2.80305 79.83168
 -2.65916 79.78111
 -2.64278 79.76959
 -2.61458 79.73626
 -2.59695 79.72682
 -2.54243 79.72563
 -2.48472 79.74890
 -2.48945 79.77001
 -2.47889 79.79257
 -2.37819 79.84410
 -2.30805 79.83473
 -2.20875 79.84209
 -2.19097 79.85139
 -2.07584 79.80890
 -2.03611 79.77278
 -2.01403 79.76293
 -2.03695 79.82349
 -2.09139 79.88382
 -2.12528 79.89528
 -2.16000 79.90028
 -2.18500 79.90279
 -2.20514 79.90321
 -2.23097 79.88835
 -2.25389 79.86986
 -2.27486 79.86390
 -2.38945 79.86585
 -2.42778 79.86945
 -2.53334 79.89029
 -2.55931 79.90584
 -2.58166 79.93140
 -2.60084 79.97389
 -2.61250 80.00250
 -2.59166 80.05112
 -2.57334 80.06473
 -2.42639 80.02890
 -2.35916 80.00543
 -2.34778 79.97654
 -2.31611 79.95584
 -2.34215 80.02549
 -2.41250 80.05945
 -2.45334 80.07390
 -2.51292 80.10528
 -2.58750 80.17362
 -2.62639 80.21723
 -2.73319 80.25223
 -2.72805 80.29055
 -2.72111 80.31140
 -2.63028 80.45987
 -2.51250 80.56889
 -2.44792 80.62098
 -2.41305 80.66223
 -2.39708 80.68251
 -2.38000 80.73307
 -2.38097 80.78459
 -2.36722 80.81639
 -2.32055 80.89002
 -2.21695 80.97501
 -2.18500 80.97667
 -2.20695 80.92500
 -2.17528 80.85474
 -2.12653 80.78751
 -2.10819 80.77154
 -2.07695 80.75417
 -1.93792 80.73098
 -1.91416 80.73223
 -1.76166 80.77390
 -1.73305 80.78585
 -1.67761 80.82015
 -1.66695 80.79917
 -1.66334 80.77931
 -1.66416 80.67279
 -1.66472 80.64805
 -1.67639 80.58084
 -1.69139 80.53445
 -1.71889 80.26167
 -1.72166 80.23279
 -1.71986 80.21015
 -1.71305 80.18459
 -1.69090 80.15027
 -1.66486 80.13001
 -1.63611 80.12334
 -1.60722 80.12113
 -1.58195 80.12113
 -1.54361 80.12390
 -1.40500 80.12640
 -1.34750 80.12640
 -1.32611 80.12236
 -1.29153 80.10779
 -1.25278 80.07612
 -1.23555 80.05056
 -1.22834 80.01528
 -1.18278 79.90779
 -1.07584 79.86585
 -0.95070 79.77751
 -0.90819 79.69591
 -0.89305 79.63085
 -0.87695 79.62222
 -0.88847 79.50667
 -0.90597 79.49515
 -1.04431 79.52834
 -1.06389 79.57965
 -1.12028 79.67250
 -1.13528 79.69139
 -1.17500 79.72585
 -1.19416 79.73390
 -1.24500 79.74556
 -1.26472 79.75111
 -1.28472 79.75862
 -1.31681 79.78293
 -1.34084 79.81001
 -1.36750 79.83751
 -1.38528 79.85028
 -1.41555 79.86028
 -1.45208 79.86362
 -1.48111 79.86195
 -1.58014 79.85239
 -1.64861 79.82779
 -1.66236 79.79876
 -1.68222 79.76584
 -1.70639 79.74695
 -1.78313 79.71265
 -1.83055 79.68723
 -1.88334 79.64043
 -1.89722 79.60729
 -1.89431 79.56432
 -1.88243 79.49549
 -1.89458 79.46473
 -1.95014 79.39765
 -1.99222 79.36000
 -2.02222 79.34085
 -2.05250 79.32695
 -2.07305 79.31390
 -2.09972 79.28445
 -2.11278 79.26251
 -2.12500 79.23862
 -2.15746 79.17191
 -2.16792 79.15862
 -2.18389 79.14195
 -2.19415 79.13321
 -2.20111 79.15779
 -2.21472 79.18918
 -2.24834 79.23862
 -2.32222 79.34140
 -2.34084 79.36585
 -2.36750 79.39612
 -2.40195 79.43389
 -2.43028 79.46001
 -2.44972 79.47278
 -2.48569 79.48688
 -2.50736 79.46974
 -2.50334 79.44709
 -2.49125 79.41778
 -2.49014 79.38403
 -2.49805 79.36528
14 23 -3.05889 -0.876946 79.1332 80.9767 'Guayas (Ecuador)'
 -3.03666 80.21140
 -3.03639 80.21695
 -3.02416 80.26320
 -3.01521 80.27319
 -2.86472 80.26584
 -2.85084 80.26502
 -2.84000 80.26195
 -2.83000 80.25805
 -2.79222 80.24028
 -2.72611 80.20807
 -2.67375 80.08528
 -2.66361 80.03835
 -2.66222 80.01973
 -2.66555 80.00195
 -2.72208 79.90279
 -2.74416 79.91085
 -2.76139 79.92390
 -2.88834 80.12361
 -2.95395 80.10063
 -3.00000 80.11223
 -3.01486 80.12334
 -3.03472 80.19335
 -3.03666 80.21140
15 76 -2.15746 -0.55 79.1603 79.8636 'Los Rios (Ecuador)'
 -1.20111 79.27278
 -1.24361 79.29945
 -1.34139 79.33445
 -1.44416 79.31250
 -1.63334 79.27834
 -1.80486 79.25501
 -1.84639 79.25445
 -1.97542 79.22306
 -2.00431 79.20355
 -2.03764 79.17265
 -2.06181 79.16335
 -2.09139 79.16028
 -2.11750 79.16112
 -2.13861 79.16389
 -2.15746 79.17191
 -2.12500 79.23862
 -2.11278 79.26251
 -2.09972 79.28445
 -2.07305 79.31390
 -2.05250 79.32695
 -2.02222 79.34085
 -1.99222 79.36000
 -1.95014 79.39765
 -1.89458 79.46473
 -1.88243 79.49549
 -1.89431 79.56432
 -1.89722 79.60729
 -1.88334 79.64043
 -1.83055 79.68723
 -1.78313 79.71265
 -1.70639 79.74695
 -1.68222 79.76584
 -1.66236 79.79876
 -1.64861 79.82779
 -1.58014 79.85239
 -1.48111 79.86195
 -1.45208 79.86362
 -1.41555 79.86028
 -1.38528 79.85028
 -1.36750 79.83751
 -1.34084 79.81001
 -1.31681 79.78293
 -1.28472 79.75862
 -1.26472 79.75111
 -1.24500 79.74556
 -1.19416 79.73390
 -1.17500 79.72585
 -1.13528 79.69139
 -1.12028 79.67250
 -1.06389 79.57965
 -1.04431 79.52834
 -0.90597 79.49515
 -0.88847 79.50667
 -0.87695 79.62222
 -0.80916 79.60196
 -0.72903 79.57077
 -0.71278 79.54390
 -0.62305 79.50501
 -0.55084 79.48455
 -0.55000 79.45916
 -0.56042 79.35640
 -0.63097 79.34223
 -0.66042 79.34570
 -0.68611 79.33938
 -0.69472 79.30417
 -0.69389 79.29278
 -0.71584 79.26528
 -0.74500 79.25015
 -0.77861 79.25007
 -0.86528 79.30223
 -0.91250 79.32695
 -1.05236 79.38278
 -1.08195 79.38528
 -1.12500 79.38001
 -1.15708 79.36292
 -1.20111 79.27278
16 116 -1.72166 0.355 79.4042 80.915 'Manabi (Ecuador)'
 -0.87695 79.62222
 -0.89305 79.63085
 -0.90819 79.69591
 -0.95070 79.77751
 -1.07584 79.86585
 -1.18278 79.90779
 -1.22834 80.01528
 -1.23555 80.05056
 -1.25278 80.07612
 -1.29153 80.10779
 -1.32611 80.12236
 -1.34750 80.12640
 -1.40500 80.12640
 -1.54361 80.12390
 -1.58195 80.12113
 -1.60722 80.12113
 -1.63611 80.12334
 -1.66486 80.13001
 -1.69090 80.15027
 -1.71305 80.18459
 -1.71986 80.21015
 -1.72166 80.23279
 -1.71889 80.26167
 -1.69139 80.53445
 -1.67639 80.58084
 -1.66472 80.64805
 -1.66416 80.67279
 -1.66334 80.77931
 -1.66695 80.79917
 -1.67761 80.82015
 -1.61861 80.84750
 -1.59465 80.85480
 -1.56028 80.84584
 -1.49834 80.82140
 -1.47431 80.80931
 -1.46416 80.78785
 -1.32479 80.75827
 -1.24695 80.80945
 -1.19305 80.85085
 -1.13549 80.89007
 -1.05764 80.91501
 -1.03653 80.91279
 -0.92889 80.83597
 -0.92028 80.75112
 -0.92834 80.71140
 -0.92722 80.61876
 -0.89771 80.57605
 -0.82111 80.53348
 -0.77084 80.53029
 -0.73514 80.52361
 -0.67931 80.49945
 -0.56952 80.43326
 -0.58229 80.41425
 -0.61750 80.40438
 -0.63458 80.37654
 -0.63639 80.33890
 -0.62538 80.26972
 -0.61555 80.31334
 -0.61695 80.33820
 -0.61139 80.37431
 -0.57028 80.40167
 -0.53584 80.42223
 -0.41431 80.49063
 -0.37257 80.50118
 -0.21639 80.37223
 -0.18695 80.34029
 -0.15528 80.28236
 -0.14972 80.25862
 -0.13569 80.23931
 -0.03139 80.13889
 0.00000 80.11300
 0.06042 80.06945
 0.13055 80.04584
 0.16695 80.04001
 0.21222 80.03974
 0.23555 80.04306
 0.26555 80.04584
 0.29278 80.04501
 0.35500 80.03994
 0.34297 80.00315
 0.32778 79.99973
 0.27125 79.97682
 0.25028 79.96320
 0.24042 79.94348
 0.25264 79.91348
 0.28278 79.90182
 0.31416 79.86890
 0.32472 79.84265
 0.33500 79.79591
 0.31889 79.77166
 0.28945 79.76334
 0.26666 79.76084
 0.17222 79.69139
 0.15778 79.67709
 0.11717 79.58975
 0.07816 79.62215
 0.04723 79.64009
 0.02352 79.63896
 -0.09702 79.61421
 -0.12166 79.60305
 -0.15195 79.57556
 -0.17389 79.54611
 -0.21181 79.47675
 -0.20542 79.44778
 -0.21945 79.41369
 -0.31305 79.40417
 -0.33500 79.40417
 -0.40278 79.40904
 -0.50555 79.45695
 -0.54000 79.47445
 -0.55084 79.48455
 -0.62305 79.50501
 -0.71278 79.54390
 -0.72903 79.57077
 -0.80916 79.60196
 -0.87695 79.62222
17 73 -2.39972 -1.40319 78.3647 79.1332 'Chimborazo (Ecuador)'
 -1.66746 78.38017
 -1.67722 78.38667
 -1.70805 78.40195
 -1.74292 78.41389
 -1.79500 78.40932
 -1.82708 78.38529
 -1.84903 78.38126
 -2.00111 78.40306
 -2.22403 78.45140
 -2.24236 78.46890
 -2.25639 78.48612
 -2.28153 78.51236
 -2.31666 78.54501
 -2.32695 78.55251
 -2.32222 78.56835
 -2.31569 78.65404
 -2.31666 78.69917
 -2.32222 78.72389
 -2.34222 78.75805
 -2.36945 78.80139
 -2.38319 78.82904
 -2.39445 78.86265
 -2.39972 78.89111
 -2.39972 78.91585
 -2.39416 78.94417
 -2.38111 78.97473
 -2.36805 78.99474
 -2.32778 79.04945
 -2.30861 79.06974
 -2.27916 79.09251
 -2.19415 79.13321
 -2.18945 79.12334
 -2.15389 79.07472
 -2.11166 79.02570
 -2.08805 79.01112
 -1.94361 78.99305
 -1.85445 78.99251
 -1.79313 78.97980
 -1.76722 78.95723
 -1.75250 78.93224
 -1.73666 78.91085
 -1.70250 78.86639
 -1.68097 78.84209
 -1.64805 78.82501
 -1.62292 78.82167
 -1.58389 78.83077
 -1.55166 78.84639
 -1.51236 78.86056
 -1.48181 78.86543
 -1.45542 78.86445
 -1.41055 78.85695
 -1.40375 78.82847
 -1.40319 78.80821
 -1.41166 78.78875
 -1.42750 78.76945
 -1.45611 78.73654
 -1.47292 78.69751
 -1.47445 78.64418
 -1.47305 78.61418
 -1.46916 78.57918
 -1.47319 78.54869
 -1.49069 78.50591
 -1.48750 78.47585
 -1.47542 78.43736
 -1.47708 78.40459
 -1.48736 78.38501
 -1.50861 78.36959
 -1.52945 78.36473
 -1.57639 78.37167
 -1.59750 78.38001
 -1.63236 78.38779
 -1.65292 78.38585
 -1.66746 78.38017
18 148 -3.78585 -1.4378 76.6606 78.9633 'Morona-Santiago (Ecuador)'
 -2.96815 77.81025
 -2.98584 77.85959
 -3.03996 77.92538
 -3.15618 78.03445
 -3.21528 78.06723
 -3.27597 78.11639
 -3.29416 78.14140
 -3.31416 78.17585
 -3.33431 78.20043
 -3.36055 78.21571
 -3.39243 78.20347
 -3.41313 78.18119
 -3.45195 78.17056
 -3.47222 78.18140
 -3.51986 78.24695
 -3.51695 78.25585
 -3.45181 78.25293
 -3.42472 78.26140
 -3.41000 78.27945
 -3.40778 78.30140
 -3.41722 78.32945
 -3.43500 78.34612
 -3.45666 78.35224
 -3.51834 78.36792
 -3.53972 78.37070
 -3.57285 78.36709
 -3.63389 78.37251
 -3.71139 78.38863
 -3.74611 78.39945
 -3.77653 78.41417
 -3.78585 78.42099
 -3.78486 78.52821
 -3.75653 78.63826
 -3.71555 78.66501
 -3.68945 78.67529
 -3.64361 78.69612
 -3.61750 78.71224
 -3.58834 78.73556
 -3.56222 78.76528
 -3.54861 78.79028
 -3.52945 78.82167
 -3.51722 78.83974
 -3.50166 78.85362
 -3.47847 78.86612
 -3.45319 78.87320
 -3.37139 78.91166
 -3.32750 78.95668
 -3.31084 78.96334
 -3.28764 78.94556
 -3.27500 78.91028
 -3.27084 78.88613
 -3.26889 78.85806
 -3.26278 78.82945
 -3.25125 78.81167
 -3.22847 78.79848
 -3.18861 78.79112
 -3.16090 78.77779
 -3.14416 78.75154
 -3.13389 78.72667
 -3.12166 78.70751
 -3.10708 78.68917
 -3.07653 78.66057
 -3.05472 78.64986
 -3.01278 78.64223
 -2.97805 78.63278
 -2.92472 78.60327
 -2.89445 78.57251
 -2.87250 78.54973
 -2.85653 78.53612
 -2.81826 78.52139
 -2.81542 78.55293
 -2.82431 78.58236
 -2.82166 78.60612
 -2.80208 78.62348
 -2.78195 78.62085
 -2.74465 78.59736
 -2.71916 78.54363
 -2.70972 78.52362
 -2.68958 78.49765
 -2.65722 78.47507
 -2.62576 78.48938
 -2.61528 78.53946
 -2.60014 78.52987
 -2.55750 78.51487
 -2.40125 78.49501
 -2.37805 78.50125
 -2.32695 78.55251
 -2.31666 78.54501
 -2.28153 78.51236
 -2.25639 78.48612
 -2.24236 78.46890
 -2.22403 78.45140
 -2.00111 78.40306
 -1.84903 78.38126
 -1.82708 78.38529
 -1.79500 78.40932
 -1.74292 78.41389
 -1.70805 78.40195
 -1.67722 78.38667
 -1.66746 78.38017
 -1.64597 78.36654
 -1.60042 78.34306
 -1.55805 78.31889
 -1.53319 78.29890
 -1.50445 78.26611
 -1.48945 78.24001
 -1.47778 78.20916
 -1.46472 78.19347
 -1.43780 78.17537
 -1.44973 78.14183
 -1.46293 78.12381
 -1.49486 78.09418
 -1.53017 78.07525
 -1.57994 78.06497
 -1.61528 78.05335
 -1.65086 78.03779
 -1.66681 78.02293
 -1.66625 77.99324
 -1.65067 77.94247
 -1.66584 77.91695
 -1.70778 77.89376
 -1.73347 77.89432
 -1.75611 77.89029
 -1.84528 77.85945
 -1.91412 77.83080
 -2.02653 77.71417
 -2.03778 77.69750
 -2.04672 77.66840
 -2.05279 77.62691
 -2.08445 77.54390
 -2.12834 77.43472
 -2.13666 77.41528
 -2.16278 77.36528
 -2.31069 77.13097
 -2.32895 77.11368
 -2.43468 77.03345
 -2.46514 77.01990
 -2.48792 77.01625
 -2.52866 76.96398
 -2.53691 76.94084
 -2.56222 76.75724
 -2.57214 76.66063
 -2.65666 76.90445
 -2.70472 77.04334
 -2.76722 77.22416
 -2.84139 77.43973
 -2.96334 77.79445
 -2.96815 77.81025
19 118 -1.55571 0.0880641 75.2168 78.4189 'Napo (Ecuador)'
 -0.97834 78.40195
 -0.96805 78.41000
 -0.94375 78.41890
 -0.90972 78.41667
 -0.88750 78.40417
 -0.86666 78.38987
 -0.82555 78.38474
 -0.74611 78.38473
 -0.69431 78.37556
 -0.66448 78.36344
 -0.66764 78.35070
 -0.65972 78.32125
 -0.63361 78.30168
 -0.52195 78.23113
 -0.43416 78.15640
 -0.34563 78.20056
 -0.17445 78.11890
 -0.16778 78.06751
 -0.15403 78.01056
 -0.13861 77.97904
 -0.08208 77.90265
 -0.01834 77.86585
 0.05639 77.83168
 0.08806 77.81751
 0.05581 77.77739
 0.00582 77.69799
 -0.04695 77.60648
 -0.12111 77.44307
 -0.13139 77.38306
 -0.05333 77.31084
 -0.04639 77.29111
 -0.05250 77.26918
 -0.10333 77.14835
 -0.15881 77.03391
 -0.22036 76.91091
 -0.28192 76.81799
 -0.36986 76.70865
 -0.43694 76.63864
 -0.41444 76.60640
 -0.41139 76.57932
 -0.44333 76.53722
 -0.47667 76.50306
 -0.48444 76.48251
 -0.50611 76.41806
 -0.51222 76.39666
 -0.48083 76.35974
 -0.44583 76.28723
 -0.43639 76.19112
 -0.43917 76.11389
 -0.45889 76.09334
 -0.49194 76.08612
 -0.50972 76.07585
 -0.54944 76.00612
 -0.56444 75.96556
 -0.56639 75.92723
 -0.52983 75.92865
 -0.48418 75.77922
 -0.48418 75.67809
 -0.49944 75.60112
 -0.52889 75.57167
 -0.54528 75.55526
 -0.54944 75.50306
 -0.55222 75.45668
 -0.56917 75.40165
 -0.60750 75.38864
 -0.63166 75.33056
 -0.65028 75.27724
 -0.65622 75.28343
 -0.73055 75.29278
 -0.81472 75.26334
 -0.96936 75.21685
 -0.97972 75.33043
 -0.96778 75.35959
 -0.95084 75.37695
 -0.92278 75.40224
 -1.03805 75.43195
 -1.08555 75.44417
 -1.15361 75.46167
 -1.24195 75.48361
 -1.51389 75.55362
 -1.53995 75.56395
 -1.55571 75.58818
 -1.51139 75.61695
 -1.49889 75.65390
 -1.34222 75.91166
 -1.28945 76.08555
 -1.27528 76.14028
 -1.29000 76.25418
 -1.30465 76.29772
 -1.27361 76.46709
 -1.26139 76.48918
 -1.20166 76.53723
 -1.13584 76.53778
 -1.08969 76.57595
 -1.02208 76.67528
 -1.01734 76.75482
 -1.02528 76.78751
 -1.05861 76.94972
 -1.07500 77.03528
 -1.09611 77.14585
 -1.13111 77.32752
 -1.18528 77.60139
 -1.24792 77.87848
 -1.26889 77.88305
 -1.25166 78.01473
 -1.23528 78.13945
 -1.23195 78.16667
 -1.21945 78.27362
 -1.21750 78.30168
 -1.20278 78.30904
 -1.17416 78.31807
 -1.15028 78.32265
 -1.12639 78.32417
 -1.09653 78.32224
 -1.06431 78.32529
 -1.03431 78.33876
 -1.01750 78.36195
 -0.97834 78.40195
20 99 -0.694718 0.350391 77.8175 79.6401 'Pichincha (Ecuador)'
 0.08806 77.81751
 0.05639 77.83168
 -0.01834 77.86585
 -0.08208 77.90265
 -0.13861 77.97904
 -0.15403 78.01056
 -0.16778 78.06751
 -0.17445 78.11890
 -0.34563 78.20056
 -0.43416 78.15640
 -0.52195 78.23113
 -0.63361 78.30168
 -0.65972 78.32125
 -0.66764 78.35070
 -0.66448 78.36344
 -0.61111 78.43681
 -0.59416 78.47417
 -0.59222 78.50515
 -0.61208 78.53515
 -0.63403 78.56320
 -0.64403 78.58431
 -0.64945 78.61501
 -0.65028 78.64501
 -0.64666 78.67737
 -0.63431 78.70029
 -0.53222 78.80555
 -0.48834 78.82584
 -0.42945 78.85390
 -0.35416 78.90084
 -0.36834 78.93140
 -0.43361 79.00279
 -0.45597 79.02459
 -0.47528 79.03557
 -0.56111 79.12390
 -0.65834 79.24278
 -0.69389 79.29278
 -0.69472 79.30417
 -0.68611 79.33938
 -0.66042 79.34570
 -0.63097 79.34223
 -0.56042 79.35640
 -0.55000 79.45916
 -0.55084 79.48455
 -0.54000 79.47445
 -0.50555 79.45695
 -0.40278 79.40904
 -0.33500 79.40417
 -0.31305 79.40417
 -0.21945 79.41369
 -0.20542 79.44778
 -0.21181 79.47675
 -0.17389 79.54611
 -0.15195 79.57556
 -0.12166 79.60305
 -0.09702 79.61421
 0.02352 79.63896
 0.04723 79.64009
 0.07816 79.62215
 0.11717 79.58975
 0.10931 79.57890
 0.09972 79.53666
 0.09611 79.49001
 0.09472 79.41945
 0.09611 79.39056
 0.10053 79.35861
 0.14916 79.30597
 0.16945 79.30640
 0.23945 79.35125
 0.24764 79.37181
 0.27639 79.39805
 0.35039 79.26253
 0.32778 79.16307
 0.28910 79.05501
 0.26472 79.03084
 0.23063 79.01091
 0.22361 78.96375
 0.22972 78.92945
 0.23945 78.79640
 0.23945 78.73417
 0.23736 78.70224
 0.22639 78.67889
 0.22500 78.63001
 0.23250 78.53889
 0.23834 78.48821
 0.24416 78.44555
 0.24486 78.41181
 0.23764 78.39293
 0.21542 78.37611
 0.16528 78.34361
 0.13111 78.26334
 0.12778 78.24305
 0.12916 78.22029
 0.13445 78.18445
 0.14139 78.14140
 0.15861 78.00111
 0.16611 77.92889
 0.12299 77.88660
 0.11111 77.85085
 0.08806 77.81751
21 75 -2.57214 -1.01734 75.5882 78.3017 'Pastaza (Ecuador)'
 -1.55571 75.58818
 -1.59637 75.62728
 -1.70805 75.71973
 -1.78195 75.78140
 -2.01639 75.97751
 -2.13111 76.07417
 -2.38028 76.40390
 -2.57214 76.66063
 -2.56222 76.75724
 -2.53691 76.94084
 -2.52866 76.96398
 -2.48792 77.01625
 -2.46514 77.01990
 -2.43468 77.03345
 -2.32895 77.11368
 -2.31069 77.13097
 -2.16278 77.36528
 -2.13666 77.41528
 -2.12834 77.43472
 -2.08445 77.54390
 -2.05279 77.62691
 -2.04672 77.66840
 -2.03778 77.69750
 -2.02653 77.71417
 -1.91412 77.83080
 -1.84528 77.85945
 -1.75611 77.89029
 -1.73347 77.89432
 -1.70778 77.89376
 -1.66584 77.91695
 -1.65067 77.94247
 -1.66625 77.99324
 -1.66681 78.02293
 -1.65086 78.03779
 -1.61528 78.05335
 -1.57994 78.06497
 -1.53017 78.07525
 -1.49486 78.09418
 -1.46293 78.12381
 -1.44973 78.14183
 -1.43780 78.17537
 -1.42084 78.15584
 -1.40278 78.14182
 -1.36416 78.14056
 -1.33972 78.14681
 -1.29174 78.17417
 -1.26528 78.22501
 -1.21750 78.30168
 -1.21945 78.27362
 -1.23195 78.16667
 -1.23528 78.13945
 -1.25166 78.01473
 -1.26889 77.88305
 -1.24792 77.87848
 -1.18528 77.60139
 -1.13111 77.32752
 -1.09611 77.14585
 -1.07500 77.03528
 -1.05861 76.94972
 -1.02528 76.78751
 -1.01734 76.75482
 -1.02208 76.67528
 -1.08969 76.57595
 -1.13584 76.53778
 -1.20166 76.53723
 -1.26139 76.48918
 -1.27361 76.46709
 -1.30465 76.29772
 -1.29000 76.25418
 -1.27528 76.14028
 -1.28945 76.08555
 -1.34222 75.91166
 -1.49889 75.65390
 -1.51139 75.61695
 -1.55571 75.58818
22 66 -1.66746 -0.978336 78.1406 78.9344 'Tungurahua (Ecuador)'
 -1.21750 78.30168
 -1.26528 78.22501
 -1.29174 78.17417
 -1.33972 78.14681
 -1.36416 78.14056
 -1.40278 78.14182
 -1.42084 78.15584
 -1.43780 78.17537
 -1.46472 78.19347
 -1.47778 78.20916
 -1.48945 78.24001
 -1.50445 78.26611
 -1.53319 78.29890
 -1.55805 78.31889
 -1.60042 78.34306
 -1.64597 78.36654
 -1.66746 78.38017
 -1.65292 78.38585
 -1.63236 78.38779
 -1.59750 78.38001
 -1.57639 78.37167
 -1.52945 78.36473
 -1.50861 78.36959
 -1.48736 78.38501
 -1.47708 78.40459
 -1.47542 78.43736
 -1.48750 78.47585
 -1.49069 78.50591
 -1.47319 78.54869
 -1.46916 78.57918
 -1.47305 78.61418
 -1.47445 78.64418
 -1.47292 78.69751
 -1.45611 78.73654
 -1.42750 78.76945
 -1.41166 78.78875
 -1.40319 78.80821
 -1.40375 78.82847
 -1.41055 78.85695
 -1.41125 78.87293
 -1.40305 78.90182
 -1.38805 78.91751
 -1.33528 78.93445
 -1.32125 78.91598
 -1.30000 78.89765
 -1.25472 78.88098
 -1.22084 78.87945
 -1.19972 78.87750
 -1.16805 78.82251
 -1.15584 78.79945
 -1.14111 78.76335
 -1.14486 78.73473
 -1.14834 78.70807
 -1.14695 78.68334
 -1.14347 78.66362
 -1.07979 78.45043
 -0.97834 78.40195
 -1.01750 78.36195
 -1.03431 78.33876
 -1.06431 78.32529
 -1.09653 78.32224
 -1.12639 78.32417
 -1.15028 78.32265
 -1.17416 78.31807
 -1.20278 78.30904
 -1.21750 78.30168
23 107 0.0947181 1.43778 78.4375 80.1078 'Esmeraldas (Ecuador)'
 0.11717 79.58975
 0.15778 79.67709
 0.17222 79.69139
 0.26666 79.76084
 0.28945 79.76334
 0.31889 79.77166
 0.33500 79.79591
 0.32472 79.84265
 0.31416 79.86890
 0.28278 79.90182
 0.25264 79.91348
 0.24042 79.94348
 0.25028 79.96320
 0.27125 79.97682
 0.32778 79.99973
 0.34297 80.00315
 0.34861 79.99862
 0.37222 79.99306
 0.40021 80.01098
 0.43000 80.03306
 0.44945 80.04140
 0.49605 80.04507
 0.53125 80.02070
 0.55569 80.01571
 0.58625 80.02154
 0.61861 80.03612
 0.63847 80.05014
 0.64778 80.08251
 0.67708 80.10778
 0.75084 80.10584
 0.77028 80.10084
 0.83125 80.04910
 0.82389 80.01084
 0.82722 79.97139
 0.87361 79.85528
 0.89861 79.81945
 0.91264 79.80292
 0.93861 79.77779
 0.95361 79.75890
 0.96792 79.73626
 0.99722 79.65862
 0.99084 79.61667
 0.98708 79.57904
 0.99201 79.54938
 1.03972 79.48334
 1.06292 79.45904
 1.07528 79.44085
 1.08222 79.31945
 1.08166 79.28612
 1.07895 79.25292
 1.08278 79.20612
 1.09375 79.17015
 1.10958 79.14890
 1.13472 79.12306
 1.18750 79.07973
 1.17222 78.99945
 1.23139 78.92445
 1.23836 78.88929
 1.33834 78.87445
 1.42889 78.82918
 1.43778 78.80972
 1.28555 78.67751
 1.27195 78.65668
 1.26222 78.63195
 1.24305 78.59167
 1.19861 78.56029
 1.19369 78.55065
 1.15334 78.53195
 1.06639 78.50805
 1.01472 78.50181
 0.98834 78.51140
 0.95236 78.52001
 0.91771 78.51545
 0.89670 78.47418
 0.79347 78.43973
 0.76875 78.43750
 0.60361 78.44959
 0.56208 78.46486
 0.53750 78.48084
 0.37708 78.62001
 0.36347 78.63945
 0.36028 78.67070
 0.37208 78.69001
 0.40111 78.71015
 0.38736 78.83459
 0.37084 78.90973
 0.35653 78.93974
 0.34528 78.98458
 0.35250 79.01723
 0.35861 79.04112
 0.36750 79.07806
 0.37334 79.11765
 0.37166 79.14751
 0.35528 79.24722
 0.35039 79.26253
 0.27639 79.39805
 0.24764 79.37181
 0.23945 79.35125
 0.16945 79.30640
 0.14916 79.30597
 0.10053 79.35861
 0.09611 79.39056
 0.09472 79.41945
 0.09611 79.49001
 0.09972 79.53666
 0.10931 79.57890
 0.11717 79.58975
24 65 0.3753 1.20945 77.58 78.5603 'Carchi (Ecuador)'
 0.68611 77.58000
 0.62861 77.63097
 0.59972 77.65417
 0.55666 77.67751
 0.53139 77.68918
 0.50166 77.70875
 0.46000 77.77362
 0.44153 77.78917
 0.42166 77.79611
 0.37530 77.80501
 0.37653 77.84043
 0.38172 77.86862
 0.39229 77.89639
 0.41334 77.93440
 0.44208 77.95486
 0.48901 78.03510
 0.49153 78.08236
 0.50706 78.10994
 0.55128 78.13802
 0.58139 78.13974
 0.60384 78.14430
 0.64218 78.15984
 0.74498 78.22874
 0.80920 78.29235
 0.84959 78.36278
 0.85439 78.39618
 0.86530 78.43385
 0.88050 78.45964
 0.89670 78.47418
 0.91771 78.51545
 0.95236 78.52001
 0.98834 78.51140
 1.01472 78.50181
 1.06639 78.50805
 1.15334 78.53195
 1.19369 78.55065
 1.19861 78.56029
 1.20945 78.54015
 1.19264 78.46654
 1.17472 78.45584
 1.15445 78.44154
 1.06875 78.35376
 1.05278 78.33223
 1.04389 78.31015
 1.03889 78.28362
 1.02986 78.24834
 1.01805 78.23001
 0.97055 78.17529
 0.91597 78.10001
 0.90445 78.07001
 0.90055 78.03209
 0.90431 77.99931
 0.87528 77.92974
 0.82584 77.88334
 0.81375 77.85390
 0.80834 77.81418
 0.82792 77.78001
 0.84528 77.69862
 0.83722 77.67835
 0.80940 77.65634
 0.78139 77.66166
 0.75055 77.65931
 0.72889 77.64695
 0.71084 77.62473
 0.68611 77.58000
25 68 0.127782 0.8967 77.805 79.2625 'Imbabura (Ecuador)'
 0.37530 77.80501
 0.21028 77.86932
 0.16611 77.92889
 0.15861 78.00111
 0.14139 78.14140
 0.13445 78.18445
 0.12916 78.22029
 0.12778 78.24305
 0.13111 78.26334
 0.16528 78.34361
 0.21542 78.37611
 0.23764 78.39293
 0.24486 78.41181
 0.24416 78.44555
 0.23834 78.48821
 0.23250 78.53889
 0.22500 78.63001
 0.22639 78.67889
 0.23736 78.70224
 0.23945 78.73417
 0.23945 78.79640
 0.22972 78.92945
 0.22361 78.96375
 0.23063 79.01091
 0.26472 79.03084
 0.28910 79.05501
 0.32778 79.16307
 0.35039 79.26253
 0.35528 79.24722
 0.37166 79.14751
 0.37334 79.11765
 0.36750 79.07806
 0.35861 79.04112
 0.35250 79.01723
 0.34528 78.98458
 0.35653 78.93974
 0.37084 78.90973
 0.38736 78.83459
 0.40111 78.71015
 0.37208 78.69001
 0.36028 78.67070
 0.36347 78.63945
 0.37708 78.62001
 0.53750 78.48084
 0.56208 78.46486
 0.60361 78.44959
 0.76875 78.43750
 0.79347 78.43973
 0.89670 78.47418
 0.88050 78.45964
 0.86530 78.43385
 0.85439 78.39618
 0.84959 78.36278
 0.80920 78.29235
 0.74498 78.22874
 0.64218 78.15984
 0.60384 78.14430
 0.58139 78.13974
 0.55128 78.13802
 0.50706 78.10994
 0.49153 78.08236
 0.48901 78.03510
 0.44208 77.95486
 0.41334 77.93440
 0.39229 77.89639
 0.38172 77.86862
 0.37653 77.84043
 0.37530 77.80501
26 124 -0.650282 0.686109 75.2444 77.9289 'Sucumbios (Ecuador)'
 -0.46666 75.36389
 -0.46465 75.33980
 -0.52305 75.26251
 -0.56097 75.24438
 -0.62958 75.24903
 -0.64604 75.26696
 -0.65028 75.27724
 -0.63166 75.33056
 -0.60750 75.38864
 -0.56917 75.40165
 -0.55222 75.45668
 -0.54944 75.50306
 -0.54528 75.55526
 -0.52889 75.57167
 -0.49944 75.60112
 -0.48418 75.67809
 -0.48418 75.77922
 -0.52983 75.92865
 -0.56639 75.92723
 -0.56444 75.96556
 -0.54944 76.00612
 -0.50972 76.07585
 -0.49194 76.08612
 -0.45889 76.09334
 -0.43917 76.11389
 -0.43639 76.19112
 -0.44583 76.28723
 -0.48083 76.35974
 -0.51222 76.39666
 -0.50611 76.41806
 -0.48444 76.48251
 -0.47667 76.50306
 -0.44333 76.53722
 -0.41139 76.57932
 -0.41444 76.60640
 -0.43694 76.63864
 -0.36986 76.70865
 -0.28192 76.81799
 -0.22036 76.91091
 -0.15881 77.03391
 -0.10333 77.14835
 -0.05250 77.26918
 -0.04639 77.29111
 -0.05333 77.31084
 -0.13139 77.38306
 -0.12111 77.44307
 -0.04695 77.60648
 0.00582 77.69799
 0.05581 77.77739
 0.08806 77.81751
 0.11111 77.85085
 0.12299 77.88660
 0.16611 77.92889
 0.21028 77.86932
 0.37530 77.80501
 0.42166 77.79611
 0.44153 77.78917
 0.46000 77.77362
 0.50166 77.70875
 0.53139 77.68918
 0.55666 77.67751
 0.59972 77.65417
 0.62861 77.63097
 0.68611 77.58000
 0.67389 77.56529
 0.65569 77.53585
 0.65847 77.51348
 0.66528 77.49334
 0.65555 77.46376
 0.62181 77.44348
 0.58514 77.44625
 0.54125 77.45112
 0.41278 77.42209
 0.38472 77.37945
 0.36305 77.31167
 0.33611 77.21890
 0.33492 77.19175
 0.35956 77.07961
 0.30625 77.03528
 0.23937 76.86660
 0.24139 76.81140
 0.24889 76.77028
 0.26305 76.72696
 0.28319 76.71666
 0.25889 76.61195
 0.23084 76.58487
 0.22055 76.56667
 0.21916 76.54515
 0.24695 76.44863
 0.27166 76.40779
 0.39232 76.40085
 0.39555 76.24305
 0.37084 76.14528
 0.33764 76.04012
 0.32013 76.02487
 0.25639 75.98028
 0.16334 75.91278
 0.04681 75.76085
 0.03555 75.72751
 0.04305 75.69404
 0.03181 75.57543
 -0.00805 75.51889
 -0.05945 75.43445
 -0.07208 75.39904
 -0.07834 75.34973
 -0.08834 75.32556
 -0.10222 75.30001
 -0.11972 75.28585
 -0.13472 75.30528
 -0.15125 75.34973
 -0.16431 75.42501
 -0.14375 75.47987
 -0.11687 75.51903
 -0.10652 75.61582
 -0.17203 75.62450
 -0.18014 75.57119
 -0.23236 75.48112
 -0.27361 75.46474
 -0.29500 75.45916
 -0.34632 75.44862
 -0.38416 75.43445
 -0.41958 75.41335
 -0.44695 75.38945
 -0.46666 75.36389
