0 80 4.01819 5.05305 -115.36 -114.095 'Brunei (Brunei)'
 4.89579 -115.01844
 4.84292 -114.98915
 4.83166 -114.97943
 4.82195 -114.96220
 4.81722 -114.94583
 4.81166 -114.91748
 4.81111 -114.90443
 4.81027 -114.87915
 4.80972 -114.86665
 4.80361 -114.85262
 4.74958 -114.78707
 4.73584 -114.77985
 4.72084 -114.77777
 4.70916 -114.77998
 4.69736 -114.78846
 4.58084 -114.81554
 4.49584 -114.82582
 4.47389 -114.82916
 4.44639 -114.83472
 4.43563 -114.84366
 4.43264 -114.85901
 4.35527 -114.86693
 4.14458 -114.80636
 4.12695 -114.79305
 4.05000 -114.70541
 4.02972 -114.66998
 4.02222 -114.64999
 4.01819 -114.63804
 4.02166 -114.61949
 4.03084 -114.60943
 4.05569 -114.60845
 4.20000 -114.47554
 4.25639 -114.39999
 4.32695 -114.32999
 4.34000 -114.32916
 4.43319 -114.30901
 4.49750 -114.26389
 4.52166 -114.24609
 4.53195 -114.23581
 4.56695 -114.18831
 4.57250 -114.17998
 4.57777 -114.16499
 4.58000 -114.15332
 4.59054 -114.09508
 4.59139 -114.10165
 4.59416 -114.13997
 4.59416 -114.16054
 4.59278 -114.17970
 4.59000 -114.19054
 4.58166 -114.20305
 4.59236 -114.28692
 4.59555 -114.30081
 4.69111 -114.52026
 4.69584 -114.52916
 4.70750 -114.54498
 4.71778 -114.55525
 4.72945 -114.56415
 4.74777 -114.57999
 4.76222 -114.59275
 4.80305 -114.63388
 4.82277 -114.65525
 4.83250 -114.66609
 4.84750 -114.68553
 4.87139 -114.71693
 4.88584 -114.73665
 4.99639 -114.91360
 5.00584 -114.93137
 5.01750 -114.95416
 5.02166 -114.96361
 5.03722 -115.00943
 5.04750 -115.04026
 5.05027 -115.05137
 5.05305 -115.06915
 5.05222 -115.08221
 5.04750 -115.09804
 5.03910 -115.10360
 4.96889 -115.04165
 4.90472 -114.98970
 4.88972 -114.98206
 4.89579 -115.01844
1 37 4.01819 5.05305 -115.36 -114.095 'Brunei (Brunei)'
 4.82021 -115.02913
 4.80695 -115.03547
 4.79834 -115.04998
 4.80305 -115.06165
 4.84945 -115.12469
 4.85764 -115.13359
 4.90324 -115.14578
 4.84916 -115.19220
 4.80500 -115.22304
 4.68305 -115.26138
 4.61166 -115.28249
 4.59861 -115.28249
 4.58277 -115.27832
 4.57389 -115.27277
 4.56445 -115.26860
 4.54111 -115.26443
 4.45139 -115.27318
 4.43889 -115.27805
 4.42695 -115.28637
 4.41028 -115.30275
 4.39639 -115.31790
 4.36833 -115.34471
 4.36000 -115.35081
 4.34931 -115.35665
 4.33264 -115.36026
 4.31750 -115.35207
 4.31166 -115.33985
 4.31555 -115.32055
 4.37416 -115.11360
 4.38055 -115.10235
 4.39139 -115.09636
 4.41334 -115.09027
 4.64584 -115.02943
 4.65666 -115.02665
 4.72445 -115.02054
 4.75334 -115.02083
 4.82021 -115.02913
