0 25 46.8316 48.051 -17.1607 -16.0049 'Burgenland (Austria)'
 46.83249 -16.01616
 46.83163 -16.00486
 47.26190 -16.08196
 47.71624 -16.29064
 47.72725 -16.28806
 47.73594 -16.28835
 47.76722 -16.29650
 47.86640 -16.35489
 47.92708 -16.43616
 47.93292 -16.44705
 47.93901 -16.46486
 47.93953 -16.46665
 48.02896 -16.82701
 48.05102 -16.92035
 48.04441 -17.08660
 48.00699 -17.16069
 47.79345 -17.05211
 47.69783 -16.73612
 47.65766 -16.43351
 47.40824 -16.45778
 47.14319 -16.45621
 47.00226 -16.39987
 46.86098 -16.10451
 46.83867 -16.04653
 46.83249 -16.01616
1 89 47.4204 49.019 -16.9421 -14.4552 'Niederösterreich (Austria)'
 48.90822 -15.54214
 48.80882 -15.95087
 48.81243 -16.45696
 48.80968 -16.53275
 48.72643 -16.88165
 48.72479 -16.88451
 48.70617 -16.91246
 48.70008 -16.91688
 48.61888 -16.93705
 48.55305 -16.94214
 48.05102 -16.92035
 48.02896 -16.82701
 47.93953 -16.46665
 47.93901 -16.46486
 47.93292 -16.44705
 47.92708 -16.43616
 47.86640 -16.35489
 47.76722 -16.29650
 47.73594 -16.28835
 47.72725 -16.28806
 47.71624 -16.29064
 47.68882 -16.31303
 47.68148 -16.32508
 47.67955 -16.33599
 47.60694 -16.34946
 47.51297 -16.34121
 47.46306 -16.29622
 47.42405 -16.21989
 47.42173 -16.20561
 47.42038 -16.16990
 47.52814 -15.91869
 47.75293 -15.20912
 47.71238 -14.92441
 47.71122 -14.91379
 47.71141 -14.90576
 47.72377 -14.75824
 47.73980 -14.74073
 48.04158 -14.45987
 48.06749 -14.45603
 48.07952 -14.45522
 48.14752 -14.46811
 48.15145 -14.46893
 48.19676 -14.47971
 48.22062 -14.48885
 48.22406 -14.49207
 48.23668 -14.51991
 48.23753 -14.52764
 48.23479 -14.54311
 48.22483 -14.57983
 48.22020 -14.58910
 48.20801 -14.59888
 48.19445 -14.61253
 48.17213 -14.64781
 48.16732 -14.65940
 48.16492 -14.67537
 48.16767 -14.69623
 48.17496 -14.75114
 48.18895 -14.83066
 48.22311 -14.95751
 48.22758 -14.96472
 48.26238 -14.98988
 48.31530 -14.98900
 48.51336 -14.91324
 48.51760 -14.90719
 48.52266 -14.89838
 48.54455 -14.83770
 48.54756 -14.82886
 48.55727 -14.79969
 48.55940 -14.78772
 48.55998 -14.78393
 48.56075 -14.76846
 48.56094 -14.76058
 48.56017 -14.75328
 48.55747 -14.74803
 48.55959 -14.73752
 48.57890 -14.70189
 48.58360 -14.70034
 48.65776 -14.71436
 48.67184 -14.72086
 48.69656 -14.73700
 49.01052 -14.99024
 49.01516 -14.99532
 49.01902 -15.01626
 49.01499 -15.05576
 48.98409 -15.35622
 48.98220 -15.36642
 48.97980 -15.37557
 48.94718 -15.45863
 48.90822 -15.54214
2 40 46.391 47.1234 -15.0421 -12.6576 'Kärnten (Austria)'
 46.91383 -13.82713
 46.90804 -13.85145
 46.91692 -13.87802
 47.00904 -14.06527
 47.02410 -14.35602
 47.04535 -14.82484
 46.99262 -14.94299
 46.98838 -14.95231
 46.91306 -15.02423
 46.90572 -15.02621
 46.69368 -15.03966
 46.64864 -15.04215
 46.50805 -14.81798
 46.39097 -14.55421
 46.45844 -14.13362
 46.51955 -13.88820
 46.56143 -13.40842
 46.60435 -12.85253
 46.60503 -12.84553
 46.60675 -12.83878
 46.63731 -12.73076
 46.65379 -12.69572
 46.65619 -12.69097
 46.67823 -12.68650
 47.09903 -12.65764
 47.12240 -12.66899
 47.12337 -12.67382
 47.09691 -13.29021
 47.09285 -13.37923
 47.05867 -13.61789
 47.05616 -13.63517
 47.05500 -13.63970
 46.99455 -13.74784
 46.98857 -13.75747
 46.97968 -13.76935
 46.95806 -13.77870
 46.94280 -13.78407
 46.93797 -13.78445
 46.91847 -13.81554
 46.91383 -13.82713
3 38 47.46 48.6928 -14.9899 -12.7485 'Oberösterreich (Austria)'
 48.26238 -14.98988
 47.75815 -14.71644
 47.73096 -14.64681
 47.46171 -13.72500
 47.45997 -13.71499
 47.46210 -13.66552
 47.47388 -13.58889
 47.47677 -13.57903
 47.49647 -13.52617
 47.50980 -13.49474
 47.51366 -13.48902
 47.53007 -13.47617
 47.63803 -13.48428
 47.73632 -13.44919
 47.95127 -13.33577
 47.99201 -13.25651
 48.01789 -13.06390
 48.01530 -12.90637
 48.00965 -12.85619
 48.04184 -12.80649
 48.06570 -12.77039
 48.07179 -12.76204
 48.07737 -12.75703
 48.08561 -12.75304
 48.10801 -12.74853
 48.11128 -12.74995
 48.12613 -12.75792
 48.69278 -13.81756
 48.62635 -14.45323
 48.58350 -14.68586
 48.55727 -14.79969
 48.54756 -14.82886
 48.54455 -14.83770
 48.52266 -14.89838
 48.51760 -14.90719
 48.51336 -14.91324
 48.31530 -14.98900
 48.26238 -14.98988
4 46 46.6402 47.8234 -16.1699 -13.5701 'Steiermark (Austria)'
 47.70330 -15.69116
 47.50883 -16.08936
 47.42038 -16.16990
 47.02256 -16.12077
 46.96981 -16.11042
 46.82030 -15.99433
 46.72206 -15.83553
 46.67387 -15.55120
 46.65361 -15.41741
 46.64022 -15.23628
 46.64520 -15.20726
 46.67243 -15.05391
 46.69368 -15.03966
 46.78154 -14.99879
 46.85474 -15.01038
 46.90572 -15.02621
 46.91306 -15.02423
 46.98838 -14.95231
 46.99262 -14.94299
 47.04535 -14.82484
 47.02410 -14.35602
 47.00904 -14.06527
 46.99224 -13.86252
 47.28327 -13.60963
 47.29640 -13.59937
 47.39798 -13.57106
 47.41420 -13.57008
 47.41980 -13.57151
 47.47388 -13.58889
 47.66661 -13.71207
 47.71238 -13.78531
 47.72532 -13.87538
 47.70098 -13.99586
 47.66757 -14.05297
 47.63359 -14.13322
 47.61157 -14.26049
 47.60848 -14.29775
 47.60751 -14.31380
 47.60751 -14.32555
 47.63590 -14.39005
 47.68324 -14.49133
 47.75216 -14.68684
 47.82342 -15.34077
 47.82284 -15.35457
 47.81396 -15.40464
 47.70330 -15.69116
5 49 47.0137 48.036 -13.6373 -12.0773 'Salzburg (Austria)'
 47.47388 -13.58889
 47.27342 -13.63726
 47.05867 -13.61789
 47.01367 -13.07305
 47.03820 -12.99452
 47.08860 -12.83263
 47.15156 -12.48176
 47.14673 -12.40510
 47.12723 -12.35457
 47.10521 -12.31681
 47.06972 -12.23827
 47.07968 -12.14199
 47.08899 -12.12938
 47.09343 -12.12569
 47.14557 -12.09505
 47.18709 -12.08446
 47.19559 -12.08332
 47.26898 -12.07732
 47.27709 -12.07959
 47.30123 -12.10772
 47.30664 -12.11484
 47.50059 -12.90180
 47.48308 -12.94577
 47.46403 -13.00547
 47.46574 -13.01080
 47.47021 -13.01664
 47.49338 -13.04661
 47.49767 -13.04966
 47.63002 -13.09547
 47.63655 -13.09445
 47.85078 -13.00285
 47.85371 -13.00135
 47.93824 -12.93853
 47.95292 -12.92033
 47.95524 -12.91597
 47.95712 -12.91032
 47.95858 -12.88684
 47.96039 -12.87992
 47.96193 -12.87645
 47.96554 -12.87171
 47.96897 -12.86902
 47.99807 -12.85965
 48.03411 -12.93582
 48.03469 -12.94678
 48.03605 -13.01342
 48.03373 -13.04717
 47.99201 -13.25651
 47.95127 -13.33577
 47.47388 -13.58889
6 27 46.6524 47.7038 -12.8418 -10.0977 'Tirol (Austria)'
 46.65619 -12.69097
 46.65241 -12.56663
 46.65293 -12.56338
 46.69035 -12.44421
 46.69207 -12.43945
 46.70031 -12.41716
 46.71438 -12.38735
 46.72005 -12.38009
 46.90870 -12.16320
 46.96020 -12.13725
 47.00758 -12.12240
 47.01170 -12.12491
 47.01616 -12.13096
 47.02457 -12.14707
 47.09401 -12.28700
 47.12723 -12.35457
 47.14673 -12.40510
 47.15311 -12.50561
 47.15214 -12.51895
 47.12240 -12.61773
 47.09903 -12.65764
 47.07335 -12.70020
 47.04110 -12.74560
 47.03260 -12.75750
 46.86285 -12.84181
 46.75026 -12.75978
 46.65619 -12.69097
7 48 46.6524 47.7038 -12.8418 -10.0977 'Tirol (Austria)'
 47.46634 -12.66701
 47.42560 -12.62533
 47.41671 -12.61534
 47.39373 -12.58459
 47.32537 -12.47597
 47.06011 -12.03917
 46.99179 -11.82726
 46.97016 -11.75454
 46.96844 -11.74624
 46.97050 -11.73693
 46.97205 -11.73039
 46.97462 -11.72636
 47.01290 -11.63024
 47.01359 -11.62697
 47.01513 -11.50165
 46.99127 -11.31752
 46.98029 -11.26471
 46.96501 -11.20888
 46.93188 -11.11209
 46.91317 -11.09781
 46.91042 -11.09605
 46.85617 -11.07348
 46.85120 -11.07373
 46.84124 -11.07498
 46.81360 -11.06169
 46.77103 -11.02392
 46.76725 -11.02041
 46.76451 -10.88508
 46.84908 -10.14655
 46.88776 -10.11554
 46.89587 -10.10988
 46.92716 -10.09772
 47.08069 -10.13445
 47.09517 -10.13951
 47.55381 -10.45290
 47.55775 -10.46027
 47.56823 -10.60198
 47.53921 -10.88324
 47.53819 -10.89036
 47.51707 -10.91731
 47.43742 -10.98203
 47.66779 -12.18249
 47.70384 -12.24420
 47.67740 -12.44267
 47.59110 -12.64842
 47.58241 -12.65902
 47.49551 -12.68132
 47.46634 -12.66701
8 18 46.8443 47.562 -10.2202 -9.56148 'Vorarlberg (Austria)'
 46.84908 -10.14655
 46.84433 -10.10612
 46.86321 -10.05346
 47.08972 -9.63535
 47.24868 -9.56267
 47.49973 -9.56148
 47.54454 -9.56323
 47.56205 -9.82850
 47.53527 -9.95747
 47.48772 -10.04364
 47.39090 -10.19233
 47.35657 -10.22021
 47.27091 -10.17820
 47.25778 -10.19857
 47.24310 -10.20597
 47.22591 -10.21450
 47.15871 -10.20995
 46.84908 -10.14655
