0 39 35.2187 35.927 -36.282 -35.7339 'Al Ladhiqiyah (Syria)'
 35.22327 -36.25269
 35.22361 -36.13583
 35.21867 -36.02346
 35.23416 -36.00014
 35.25291 -35.96611
 35.26206 -35.92915
 35.42264 -35.91903
 35.47805 -35.85708
 35.49955 -35.77071
 35.58166 -35.73389
 35.63805 -35.78249
 35.70861 -35.82695
 35.73833 -35.84375
 35.86388 -35.87916
 35.92699 -35.92244
 35.89972 -36.01583
 35.86138 -36.10999
 35.85222 -36.12805
 35.83361 -36.14416
 35.81845 -36.15587
 35.79902 -36.14993
 35.78687 -36.16645
 35.79389 -36.20430
 35.79555 -36.23083
 35.79478 -36.27725
 35.77055 -36.28201
 35.75587 -36.25481
 35.75020 -36.24222
 35.68319 -36.19750
 35.65555 -36.21235
 35.63361 -36.22166
 35.60611 -36.22445
 35.53069 -36.21986
 35.45472 -36.20486
 35.42319 -36.20153
 35.33666 -36.22805
 35.27708 -36.24791
 35.24666 -36.25194
 35.22327 -36.25269
1 38 34.6325 35.2621 -36.3131 -35.875 'Tartus (Syria)'
 34.64750 -35.97277
 34.69445 -35.94972
 34.73861 -35.93139
 34.87445 -35.88333
 34.91208 -35.87499
 34.98638 -35.87778
 35.06499 -35.88277
 35.10347 -35.88611
 35.15361 -35.92388
 35.19611 -35.95729
 35.22583 -35.95083
 35.24472 -35.94166
 35.26206 -35.92915
 35.25291 -35.96611
 35.23416 -36.00014
 35.21867 -36.02346
 35.22361 -36.13583
 35.22327 -36.25269
 35.21027 -36.25278
 35.17819 -36.25444
 35.12722 -36.25833
 35.09972 -36.26375
 35.07485 -36.26638
 35.04215 -36.25555
 35.02361 -36.23180
 35.01445 -36.18749
 34.96583 -36.19805
 34.91722 -36.29861
 34.90084 -36.31310
 34.87305 -36.27277
 34.76722 -36.18444
 34.70972 -36.14611
 34.65708 -36.11437
 34.64002 -36.11446
 34.63876 -36.11297
 34.63389 -36.08749
 34.63250 -36.03083
 34.64750 -35.97277
2 89 35.2493 36.768 -39.8043 -38.0208 'Ar Raqqah (Syria)'
 35.38217 -38.30160
 35.39681 -38.29069
 35.41277 -38.27333
 35.43568 -38.23477
 35.44527 -38.22027
 35.51833 -38.13277
 35.54805 -38.09833
 35.60305 -38.04222
 35.62291 -38.02485
 35.64291 -38.02083
 35.67416 -38.02527
 35.73722 -38.04138
 35.76944 -38.05138
 35.81639 -38.07514
 35.84250 -38.09333
 35.88055 -38.12778
 35.91215 -38.15979
 35.96069 -38.18222
 36.01888 -38.12250
 36.05208 -38.08250
 36.07735 -38.06264
 36.11485 -38.05721
 36.14264 -38.06249
 36.21944 -38.11444
 36.23694 -38.13402
 36.26423 -38.18905
 36.26915 -38.21972
 36.27000 -38.27444
 36.27333 -38.32166
 36.28000 -38.37083
 36.28360 -38.39277
 36.29110 -38.42332
 36.32999 -38.51027
 36.36972 -38.57846
 36.38665 -38.59749
 36.40971 -38.61860
 36.43166 -38.63610
 36.45805 -38.64694
 36.47834 -38.65360
 36.53805 -38.66722
 36.57249 -38.67083
 36.59332 -38.67165
 36.62916 -38.67055
 36.76805 -38.62832
 36.72555 -38.68416
 36.70361 -38.72526
 36.69805 -38.77471
 36.69514 -38.91763
 36.69694 -38.96610
 36.70562 -39.00367
 36.70819 -39.04346
 36.70276 -39.07472
 36.69555 -39.09637
 36.68360 -39.13055
 36.66971 -39.17165
 36.66534 -39.22153
 36.66805 -39.25776
 36.67832 -39.30860
 36.69752 -39.43930
 36.68833 -39.44096
 36.62749 -39.46735
 36.56735 -39.52208
 36.55610 -39.54026
 36.55124 -39.56235
 36.55319 -39.58805
 36.55985 -39.62215
 36.51805 -39.75264
 36.50749 -39.77222
 36.48173 -39.80020
 36.46353 -39.80434
 36.00000 -39.67651
 35.90250 -39.64972
 35.78861 -39.62590
 35.76888 -39.67666
 35.50638 -39.45611
 35.24929 -39.24195
 35.27181 -39.17666
 35.28695 -39.12499
 35.33722 -38.89750
 35.35861 -38.77584
 35.37277 -38.68278
 35.37722 -38.64000
 35.38805 -38.52277
 35.39000 -38.48611
 35.39097 -38.44792
 35.39111 -38.39500
 35.38945 -38.36166
 35.38527 -38.32194
 35.38217 -38.30160
3 116 35.4297 36.9139 -38.6717 -36.5496 'Halab (Syria)'
 36.31098 -36.66114
 36.39749 -36.58276
 36.42096 -36.56764
 36.48777 -36.54957
 36.61971 -36.58639
 36.81514 -36.66256
 36.83371 -36.65995
 36.83428 -36.66671
 36.82943 -36.70276
 36.77805 -36.93360
 36.75742 -36.98832
 36.71965 -37.03819
 36.65915 -37.12749
 36.66472 -37.24888
 36.66445 -37.26944
 36.65534 -37.37381
 36.67777 -37.53334
 36.69694 -37.56832
 36.73722 -37.66972
 36.74833 -37.71027
 36.74776 -37.73611
 36.74798 -37.77694
 36.78110 -37.89139
 36.79110 -37.91777
 36.81291 -37.95610
 36.82472 -37.99333
 36.83036 -38.02337
 36.85055 -38.05555
 36.87375 -38.09729
 36.90582 -38.18111
 36.91388 -38.24340
 36.89833 -38.38637
 36.88555 -38.43277
 36.85805 -38.51361
 36.84430 -38.54110
 36.76805 -38.62832
 36.62916 -38.67055
 36.59332 -38.67165
 36.57249 -38.67083
 36.53805 -38.66722
 36.47834 -38.65360
 36.45805 -38.64694
 36.43166 -38.63610
 36.40971 -38.61860
 36.38665 -38.59749
 36.36972 -38.57846
 36.32999 -38.51027
 36.29110 -38.42332
 36.28360 -38.39277
 36.28000 -38.37083
 36.27333 -38.32166
 36.27000 -38.27444
 36.26915 -38.21972
 36.26423 -38.18905
 36.23694 -38.13402
 36.21944 -38.11444
 36.14264 -38.06249
 36.11485 -38.05721
 36.07735 -38.06264
 36.05208 -38.08250
 36.01888 -38.12250
 35.96069 -38.18222
 35.91215 -38.15979
 35.88055 -38.12778
 35.84250 -38.09333
 35.81639 -38.07514
 35.76944 -38.05138
 35.73722 -38.04138
 35.67416 -38.02527
 35.64291 -38.02083
 35.62291 -38.02485
 35.60305 -38.04222
 35.54805 -38.09833
 35.51833 -38.13277
 35.44527 -38.22027
 35.43568 -38.23477
 35.43708 -38.21735
 35.43583 -38.16694
 35.43333 -38.10472
 35.43166 -38.08111
 35.42972 -38.02861
 35.43166 -37.90194
 35.43361 -37.82111
 35.44680 -37.70291
 35.46027 -37.66569
 35.48584 -37.62083
 35.51194 -37.57389
 35.51569 -37.54694
 35.50833 -37.47333
 35.50111 -37.40694
 35.50298 -37.34756
 35.52861 -37.29805
 35.54416 -37.25139
 35.55128 -37.21628
 35.55250 -37.21249
 35.56611 -37.17222
 35.59277 -37.12611
 35.62360 -37.09055
 35.66945 -37.07222
 35.71138 -37.05611
 35.81945 -37.00027
 35.85027 -36.97084
 35.98277 -36.88680
 36.03222 -36.87833
 36.05125 -36.84819
 36.06305 -36.80860
 36.07166 -36.78305
 36.08930 -36.75221
 36.12686 -36.72805
 36.14666 -36.74153
 36.16319 -36.76888
 36.19555 -36.80888
 36.20972 -36.82583
 36.23493 -36.84104
 36.33354 -36.76096
 36.31098 -36.66114
4 102 34.8469 35.7559 -38.3039 -36.1875 'Hamah (Syria)'
 35.75587 -36.25481
 35.74472 -36.26632
 35.71527 -36.35444
 35.70725 -36.40979
 35.65834 -36.40861
 35.61388 -36.39583
 35.58069 -36.39153
 35.50999 -36.40166
 35.47333 -36.40972
 35.43465 -36.42506
 35.40777 -36.53666
 35.39222 -36.64249
 35.39000 -36.66652
 35.38945 -36.69472
 35.39222 -36.71722
 35.39249 -36.86722
 35.38833 -36.95777
 35.36638 -37.00250
 35.32375 -37.01346
 35.31951 -37.08638
 35.34472 -37.14235
 35.40395 -37.13222
 35.46000 -37.11111
 35.55128 -37.21628
 35.54416 -37.25139
 35.52861 -37.29805
 35.50298 -37.34756
 35.50111 -37.40694
 35.50833 -37.47333
 35.51569 -37.54694
 35.51194 -37.57389
 35.48584 -37.62083
 35.46027 -37.66569
 35.44680 -37.70291
 35.43361 -37.82111
 35.43166 -37.90194
 35.42972 -38.02861
 35.43166 -38.08111
 35.43333 -38.10472
 35.43583 -38.16694
 35.43708 -38.21735
 35.43568 -38.23477
 35.41277 -38.27333
 35.39681 -38.29069
 35.38217 -38.30160
 35.36916 -38.30333
 35.31277 -38.30389
 35.27138 -38.30250
 35.24888 -38.29916
 35.22985 -38.29194
 35.12916 -38.23750
 35.06611 -38.17361
 35.03132 -38.08680
 35.00416 -38.05305
 34.95764 -38.03027
 34.93388 -38.02743
 34.90888 -38.00903
 34.89895 -37.98583
 35.01222 -37.85166
 35.03514 -37.84666
 35.06083 -37.83930
 35.08548 -37.81958
 35.11833 -37.73764
 35.08458 -37.56985
 35.05277 -37.51222
 34.98833 -37.42666
 34.98666 -37.40222
 34.94166 -37.16945
 34.92694 -37.10222
 34.90305 -37.04834
 34.88666 -37.02083
 34.88069 -36.96652
 34.96437 -36.91097
 34.97745 -36.87999
 34.90138 -36.54445
 34.84694 -36.41916
 34.85083 -36.33729
 34.87360 -36.32139
 34.90084 -36.31310
 34.91722 -36.29861
 34.96583 -36.19805
 35.01445 -36.18749
 35.02361 -36.23180
 35.04215 -36.25555
 35.07485 -36.26638
 35.09972 -36.26375
 35.12722 -36.25833
 35.17819 -36.25444
 35.21027 -36.25278
 35.22327 -36.25269
 35.24666 -36.25194
 35.27708 -36.24791
 35.33666 -36.22805
 35.42319 -36.20153
 35.45472 -36.20486
 35.53069 -36.21986
 35.60611 -36.22445
 35.63361 -36.22166
 35.65555 -36.21235
 35.68319 -36.19750
 35.75020 -36.24222
 35.75587 -36.25481
5 112 33.1287 35.3911 -40.1994 -36.1144 'Hims (Syria)'
 34.04083 -40.19944
 34.02444 -40.16555
 33.94765 -40.00000
 33.85334 -39.79805
 33.75000 -39.57914
 33.65888 -39.38611
 33.45555 -38.96139
 33.38222 -38.81027
 33.37759 -38.79470
 33.32750 -38.69749
 33.24110 -38.53356
 33.12874 -38.31893
 33.14000 -38.29639
 33.30694 -38.04055
 33.35139 -37.98195
 33.37805 -37.95055
 33.44075 -37.84527
 33.45166 -37.80472
 33.45555 -37.78166
 33.46194 -37.76027
 33.48361 -37.71583
 33.51166 -37.67222
 33.53586 -37.63801
 33.60180 -37.58153
 33.64021 -37.56416
 33.67236 -37.54888
 33.70138 -37.51749
 33.71999 -37.49500
 33.95499 -37.17860
 34.00500 -37.07444
 34.02250 -37.04499
 34.05291 -37.01819
 34.07444 -37.00416
 34.09945 -36.98722
 34.13055 -36.96444
 34.22639 -36.87222
 34.21750 -36.64805
 34.20499 -36.62375
 34.22819 -36.59361
 34.34416 -36.54666
 34.43194 -36.52584
 34.49139 -36.45444
 34.50194 -36.42999
 34.50075 -36.35123
 34.53805 -36.36416
 34.55445 -36.39750
 34.59472 -36.45277
 34.63041 -36.45930
 34.63945 -36.37639
 34.64194 -36.29859
 34.64416 -36.12194
 34.64002 -36.11446
 34.65708 -36.11437
 34.70972 -36.14611
 34.76722 -36.18444
 34.87305 -36.27277
 34.90084 -36.31310
 34.87360 -36.32139
 34.85083 -36.33729
 34.84694 -36.41916
 34.90138 -36.54445
 34.97745 -36.87999
 34.96437 -36.91097
 34.88069 -36.96652
 34.88666 -37.02083
 34.90305 -37.04834
 34.92694 -37.10222
 34.94166 -37.16945
 34.98666 -37.40222
 34.98833 -37.42666
 35.05277 -37.51222
 35.08458 -37.56985
 35.11833 -37.73764
 35.08548 -37.81958
 35.06083 -37.83930
 35.03514 -37.84666
 35.01222 -37.85166
 34.89895 -37.98583
 34.90888 -38.00903
 34.93388 -38.02743
 34.95764 -38.03027
 35.00416 -38.05305
 35.03132 -38.08680
 35.06611 -38.17361
 35.12916 -38.23750
 35.22985 -38.29194
 35.24888 -38.29916
 35.27138 -38.30250
 35.31277 -38.30389
 35.36916 -38.30333
 35.38217 -38.30160
 35.38527 -38.32194
 35.38945 -38.36166
 35.39111 -38.39500
 35.39097 -38.44792
 35.39000 -38.48611
 35.38805 -38.52277
 35.37722 -38.64000
 35.37277 -38.68278
 35.35861 -38.77584
 35.33722 -38.89750
 35.28695 -39.12499
 35.27181 -39.17666
 35.24929 -39.24195
 35.23416 -39.26861
 35.17846 -39.35527
 35.03027 -39.44333
 34.95055 -39.43278
 34.60055 -39.73027
 34.39277 -39.90555
 34.27956 -40.00000
 34.04083 -40.19944
6 71 35.3195 36.3335 -37.2163 -36.1499 'Idlib (Syria)'
 36.31098 -36.66114
 36.33354 -36.76096
 36.23493 -36.84104
 36.20972 -36.82583
 36.19555 -36.80888
 36.16319 -36.76888
 36.14666 -36.74153
 36.12686 -36.72805
 36.08930 -36.75221
 36.07166 -36.78305
 36.06305 -36.80860
 36.05125 -36.84819
 36.03222 -36.87833
 35.98277 -36.88680
 35.85027 -36.97084
 35.81945 -37.00027
 35.71138 -37.05611
 35.66945 -37.07222
 35.62360 -37.09055
 35.59277 -37.12611
 35.56611 -37.17222
 35.55250 -37.21249
 35.55128 -37.21628
 35.46000 -37.11111
 35.40395 -37.13222
 35.34472 -37.14235
 35.31951 -37.08638
 35.32375 -37.01346
 35.36638 -37.00250
 35.38833 -36.95777
 35.39249 -36.86722
 35.39222 -36.71722
 35.38945 -36.69472
 35.39000 -36.66652
 35.39222 -36.64249
 35.40777 -36.53666
 35.43465 -36.42506
 35.47333 -36.40972
 35.50999 -36.40166
 35.58069 -36.39153
 35.61388 -36.39583
 35.65834 -36.40861
 35.70725 -36.40979
 35.71527 -36.35444
 35.74472 -36.26632
 35.75587 -36.25481
 35.77055 -36.28201
 35.79478 -36.27725
 35.79555 -36.23083
 35.79389 -36.20430
 35.78687 -36.16645
 35.79902 -36.14993
 35.81845 -36.15587
 35.81972 -36.16847
 35.85500 -36.18250
 35.87972 -36.18250
 35.91027 -36.18680
 35.96222 -36.22361
 35.96972 -36.30000
 35.99791 -36.37497
 36.03054 -36.38361
 36.09707 -36.38138
 36.17659 -36.37493
 36.21333 -36.39222
 36.23333 -36.50665
 36.23555 -36.53555
 36.22777 -36.57555
 36.21951 -36.61645
 36.23274 -36.68312
 36.28625 -36.69014
 36.31098 -36.66114
7 81 35.5506 37.2905 -42.3783 -39.4393 'Al Hasakah (Syria)'
 36.69752 -39.43930
 36.71888 -39.58805
 36.75361 -39.81805
 36.78638 -39.92333
 36.79276 -39.94277
 36.81471 -40.00776
 36.89582 -40.21443
 36.91949 -40.26388
 36.92860 -40.27971
 37.00138 -40.41526
 37.01527 -40.44777
 37.02082 -40.48249
 37.02318 -40.51305
 37.06888 -40.63499
 37.08513 -40.67027
 37.09555 -40.68846
 37.11805 -40.77082
 37.12249 -40.80665
 37.12861 -40.90111
 37.12972 -40.92999
 37.09749 -41.11833
 37.07249 -41.21638
 37.07500 -41.36249
 37.07889 -41.45416
 37.08027 -41.48305
 37.08527 -41.54819
 37.12999 -41.84027
 37.17276 -41.99527
 37.19277 -42.05693
 37.20832 -42.08332
 37.25930 -42.14875
 37.29055 -42.18083
 37.28945 -42.21583
 37.26972 -42.29444
 37.23117 -42.35152
 37.12971 -42.35707
 37.10693 -42.35561
 37.07206 -42.37833
 37.06316 -42.37410
 37.05589 -42.36729
 36.59888 -41.83527
 36.52555 -41.40305
 36.47277 -41.36721
 36.35555 -41.29027
 36.05499 -41.25499
 36.02777 -41.27110
 35.87638 -41.35694
 35.83694 -41.37833
 35.63096 -41.38402
 35.55056 -41.32249
 35.55194 -41.31971
 35.55860 -41.26526
 35.56527 -41.20555
 35.56472 -41.16208
 35.56471 -41.06888
 35.56888 -41.00165
 35.57387 -40.96387
 35.57721 -40.94249
 35.60694 -40.81652
 35.63263 -40.76151
 35.67165 -40.71027
 35.92944 -40.39165
 36.10777 -40.16887
 36.24159 -40.00000
 36.29555 -39.93249
 36.31222 -39.91276
 36.33889 -39.88610
 36.42402 -39.82472
 36.44915 -39.80944
 36.46353 -39.80434
 36.48173 -39.80020
 36.50749 -39.77222
 36.51805 -39.75264
 36.55985 -39.62215
 36.55319 -39.58805
 36.55124 -39.56235
 36.55610 -39.54026
 36.56735 -39.52208
 36.62749 -39.46735
 36.68833 -39.44096
 36.69752 -39.43930
8 55 34.0408 36.4635 -41.3225 -39.242 'Dayr az Zawr (Syria)'
 35.20062 -41.21241
 35.18860 -41.21125
 35.11278 -41.21249
 35.06915 -41.21472
 34.91694 -41.22305
 34.78291 -41.22485
 34.60860 -41.09944
 34.47361 -41.03054
 34.41944 -41.00387
 34.26027 -40.66360
 34.04083 -40.19944
 34.27956 -40.00000
 34.39277 -39.90555
 34.60055 -39.73027
 34.95055 -39.43278
 35.03027 -39.44333
 35.17846 -39.35527
 35.23416 -39.26861
 35.24929 -39.24195
 35.50638 -39.45611
 35.76888 -39.67666
 35.78861 -39.62590
 35.90250 -39.64972
 36.00000 -39.67651
 36.46353 -39.80434
 36.44915 -39.80944
 36.42402 -39.82472
 36.33889 -39.88610
 36.31222 -39.91276
 36.29555 -39.93249
 36.24159 -40.00000
 36.10777 -40.16887
 35.92944 -40.39165
 35.67165 -40.71027
 35.63263 -40.76151
 35.60694 -40.81652
 35.57721 -40.94249
 35.57387 -40.96387
 35.56888 -41.00165
 35.56471 -41.06888
 35.56472 -41.16208
 35.56527 -41.20555
 35.55860 -41.26526
 35.55194 -41.31971
 35.55056 -41.32249
 35.49555 -41.27777
 35.46832 -41.27249
 35.44333 -41.27082
 35.39875 -41.26916
 35.36777 -41.26222
 35.34332 -41.25444
 35.30652 -41.24096
 35.25361 -41.22249
 35.22471 -41.21527
 35.20062 -41.21241
9 36 32.3136 33.226 -37.4957 -36.3361 'As Suwayda' (Syria)'
 32.36305 -36.51611
 32.37388 -36.51472
 32.43972 -36.51750
 32.47652 -36.52645
 32.55500 -36.50764
 32.68006 -36.44472
 32.73445 -36.35638
 32.89916 -36.33611
 32.94916 -36.34437
 32.99736 -36.42027
 33.06097 -36.48792
 33.11805 -36.47194
 33.15725 -36.47333
 33.18687 -36.50674
 33.19389 -36.57075
 33.19722 -36.60860
 33.20250 -36.65777
 33.21166 -36.74000
 33.22041 -36.77472
 33.22604 -36.81625
 33.17958 -36.89333
 33.10819 -36.95166
 33.00222 -37.11138
 32.94472 -37.19277
 32.82416 -37.32527
 32.74638 -37.42027
 32.71611 -37.46889
 32.69847 -37.48875
 32.68888 -37.49566
 32.68722 -37.49389
 32.50029 -37.15327
 32.34166 -36.86639
 32.31361 -36.83777
 32.33666 -36.72416
 32.34916 -36.64305
 32.36305 -36.51611
10 86 32.6889 34.2264 -38.3189 -35.7867 'Dimashq (Syria)'
 34.20499 -36.62375
 34.21750 -36.64805
 34.22639 -36.87222
 34.13055 -36.96444
 34.09945 -36.98722
 34.07444 -37.00416
 34.05291 -37.01819
 34.02250 -37.04499
 34.00500 -37.07444
 33.95499 -37.17860
 33.71999 -37.49500
 33.70138 -37.51749
 33.67236 -37.54888
 33.64021 -37.56416
 33.60180 -37.58153
 33.53586 -37.63801
 33.51166 -37.67222
 33.48361 -37.71583
 33.46194 -37.76027
 33.45555 -37.78166
 33.45166 -37.80472
 33.44075 -37.84527
 33.37805 -37.95055
 33.35139 -37.98195
 33.30694 -38.04055
 33.14000 -38.29639
 33.12874 -38.31893
 32.93749 -37.95888
 32.75833 -37.62499
 32.68972 -37.49860
 32.68888 -37.49566
 32.69847 -37.48875
 32.71611 -37.46889
 32.74638 -37.42027
 32.82416 -37.32527
 32.94472 -37.19277
 33.00222 -37.11138
 33.10819 -36.95166
 33.17958 -36.89333
 33.22604 -36.81625
 33.22041 -36.77472
 33.21166 -36.74000
 33.20250 -36.65777
 33.19722 -36.60860
 33.19389 -36.57075
 33.22500 -36.56625
 33.29350 -36.50809
 33.24555 -36.42111
 33.22180 -36.39187
 33.20096 -36.38423
 33.21999 -36.20638
 33.20222 -36.14055
 33.17756 -36.02493
 33.18069 -35.99583
 33.20472 -35.96166
 33.21166 -35.96334
 33.24687 -35.96305
 33.30625 -35.88833
 33.32500 -35.84499
 33.34722 -35.78666
 33.35055 -35.79416
 33.37111 -35.81472
 33.40326 -35.82638
 33.41729 -35.85200
 33.42957 -35.88333
 33.46666 -35.93416
 33.55333 -36.03444
 33.58562 -36.05875
 33.61916 -36.02555
 33.64069 -35.96722
 33.64416 -35.94020
 33.71819 -35.97111
 33.76972 -36.01722
 33.82753 -36.07104
 33.85638 -36.24083
 33.82695 -36.35334
 33.83111 -36.37395
 33.85423 -36.38875
 33.87993 -36.35777
 33.87833 -36.32945
 33.91090 -36.28346
 33.97499 -36.32792
 33.99722 -36.35027
 34.03388 -36.39750
 34.10722 -36.51694
 34.20499 -36.62375
11 44 32.6853 33.3472 -35.9694 -35.6145 'Al Qunaytirah (Syria)'
 32.81532 -35.63921
 32.85687 -35.64159
 32.89139 -35.61861
 32.89491 -35.61446
 32.90583 -35.62458
 32.93569 -35.63375
 33.00000 -35.63499
 33.05055 -35.64249
 33.09121 -35.65003
 33.12499 -35.65250
 33.20527 -35.66694
 33.21217 -35.66902
 33.24451 -35.68111
 33.25172 -35.66962
 33.25416 -35.65957
 33.24637 -35.63249
 33.24573 -35.62364
 33.27632 -35.62666
 33.33761 -35.76172
 33.34111 -35.76944
 33.34722 -35.78666
 33.32500 -35.84499
 33.30625 -35.88833
 33.24687 -35.96305
 33.21166 -35.96334
 33.20472 -35.96166
 33.19833 -35.95944
 33.15944 -35.95166
 33.02715 -35.94770
 32.96334 -35.96945
 32.91097 -35.94096
 32.89416 -35.92139
 32.88027 -35.89722
 32.84777 -35.85611
 32.83253 -35.84050
 32.76666 -35.77305
 32.74888 -35.76332
 32.71194 -35.68999
 32.68527 -35.64889
 32.70277 -35.64666
 32.72749 -35.65194
 32.76199 -35.66548
 32.79722 -35.66285
 32.81532 -35.63921
12 49 32.3631 33.2935 -36.5708 -35.7633 'Dar'a (Syria)'
 32.74888 -35.76332
 32.76666 -35.77305
 32.83253 -35.84050
 32.84777 -35.85611
 32.88027 -35.89722
 32.89416 -35.92139
 32.91097 -35.94096
 32.96334 -35.96945
 33.02715 -35.94770
 33.15944 -35.95166
 33.19833 -35.95944
 33.20472 -35.96166
 33.18069 -35.99583
 33.17756 -36.02493
 33.20222 -36.14055
 33.21999 -36.20638
 33.20096 -36.38423
 33.22180 -36.39187
 33.24555 -36.42111
 33.29350 -36.50809
 33.22500 -36.56625
 33.19389 -36.57075
 33.18687 -36.50674
 33.15725 -36.47333
 33.11805 -36.47194
 33.06097 -36.48792
 32.99736 -36.42027
 32.94916 -36.34437
 32.89916 -36.33611
 32.73445 -36.35638
 32.68006 -36.44472
 32.55500 -36.50764
 32.47652 -36.52645
 32.43972 -36.51750
 32.37388 -36.51472
 32.36305 -36.51611
 32.37555 -36.48861
 32.38195 -36.40027
 32.43305 -36.34666
 32.45972 -36.31444
 32.53334 -36.19749
 32.51823 -36.16560
 32.52777 -36.12583
 32.54333 -36.07999
 32.61361 -36.02584
 32.66333 -36.00333
 32.72027 -35.93125
 32.74416 -35.79361
 32.74888 -35.76332
