0 125 36.6722 39.4694 -74.9675 -70.303 'Gorno-Badakhshan (Tajikistan)'
 39.46941 -73.65506
 39.21810 -73.63503
 38.85521 -73.69994
 38.73384 -73.74404
 38.61505 -73.80192
 38.61179 -73.80587
 38.58845 -73.84431
 38.57883 -73.86144
 38.53952 -73.93326
 38.53523 -73.95236
 38.53180 -73.98420
 38.52974 -74.00770
 38.53369 -74.07443
 38.53472 -74.08080
 38.53952 -74.08650
 38.54364 -74.08804
 38.54776 -74.08782
 38.55394 -74.07706
 38.55738 -74.07399
 38.57523 -74.06261
 38.57810 -74.06223
 38.60853 -74.07272
 38.67634 -74.12720
 38.68029 -74.13547
 38.67745 -74.17472
 38.63806 -74.43156
 38.60313 -74.62113
 38.53465 -74.78936
 38.53192 -74.79388
 38.50078 -74.84139
 38.49201 -74.85371
 38.47479 -74.86481
 38.46964 -74.86645
 37.75212 -74.96752
 37.35318 -74.80565
 37.33589 -74.20294
 37.34517 -73.76948
 37.44007 -73.77552
 37.47205 -73.53383
 37.47385 -73.50939
 37.47445 -73.49424
 37.47428 -73.45854
 37.46201 -73.36458
 37.45057 -73.28515
 37.40527 -73.15002
 37.23164 -72.81479
 37.00496 -72.41510
 36.68017 -71.84184
 36.67219 -71.71332
 36.67631 -71.68325
 36.69013 -71.63453
 36.69544 -71.62879
 36.73253 -71.59030
 36.75116 -71.57338
 36.76094 -71.56475
 37.05774 -71.43089
 37.06427 -71.42964
 37.07088 -71.42900
 37.60260 -71.50754
 37.71194 -71.54799
 38.25603 -71.37360
 38.25877 -71.37163
 38.26572 -71.36584
 38.26727 -71.36442
 38.30212 -71.33150
 38.30383 -71.32921
 38.47927 -70.99982
 38.48662 -70.98421
 38.44477 -70.76715
 38.41507 -70.72704
 38.34838 -70.64298
 38.25939 -70.55756
 38.24432 -70.54562
 38.24083 -70.54367
 38.16874 -70.50527
 38.16290 -70.50287
 38.14479 -70.50098
 38.13431 -70.50205
 38.12040 -70.49538
 38.00264 -70.33098
 38.00343 -70.32505
 38.00892 -70.31350
 38.01596 -70.30304
 38.06900 -70.30651
 38.08084 -70.30869
 38.33353 -70.36608
 38.72659 -70.58768
 38.76994 -70.64394
 38.77899 -70.65683
 38.77985 -70.65815
 38.78946 -70.67608
 38.81676 -70.74568
 38.81804 -70.75361
 38.80148 -71.01495
 38.79375 -71.02956
 38.68715 -71.06248
 38.67614 -71.05507
 38.62072 -71.03677
 38.60913 -71.03578
 38.60102 -71.04791
 38.48863 -71.30053
 38.48592 -71.32768
 38.52146 -71.52666
 38.74547 -72.00629
 38.76788 -72.03303
 38.81809 -72.04992
 38.85053 -72.02833
 38.88703 -72.00352
 38.95462 -72.01791
 39.29552 -72.30674
 39.30256 -72.31273
 39.32814 -72.33913
 39.37672 -72.48787
 39.37740 -72.49298
 39.39268 -72.61577
 39.39320 -72.69036
 39.38393 -72.71500
 39.37654 -72.73054
 39.35715 -72.78405
 39.34393 -72.87707
 39.35234 -73.18981
 39.35268 -73.19603
 39.35869 -73.23132
 39.36075 -73.24176
 39.46941 -73.65506
1 43 36.9291 38.7659 -70.4885 -67.7819 'Khatlon (Tajikistan)'
 38.53043 -70.48629
 38.27911 -70.37708
 37.68989 -70.29648
 37.53196 -70.17342
 37.52919 -70.16976
 37.52216 -70.13988
 37.52252 -70.13164
 37.52372 -70.11562
 37.56311 -69.96390
 37.56517 -69.95772
 37.56706 -69.95371
 37.56886 -69.95144
 37.44651 -69.38748
 37.32090 -68.82027
 37.27575 -68.67180
 37.10272 -68.29931
 37.09534 -68.29243
 37.00882 -68.24875
 36.93036 -68.04887
 36.92913 -68.02095
 36.93420 -68.01026
 37.08233 -67.79152
 37.11576 -67.78447
 37.14664 -67.78195
 37.43214 -67.81795
 37.54612 -67.86054
 37.89494 -68.12530
 38.30212 -68.61898
 38.35636 -68.75010
 38.40151 -68.91954
 38.40923 -68.95261
 38.40975 -68.95743
 38.42897 -69.14327
 38.42902 -69.21086
 38.42794 -69.22366
 38.38020 -69.34738
 38.75359 -69.97264
 38.76595 -70.05955
 38.65814 -70.36118
 38.57059 -70.47708
 38.55137 -70.48585
 38.54107 -70.48848
 38.53043 -70.48629
2 88 37.8543 39.6215 -72.2327 -68.0574 'Region of Republican Subordination (Tajikistan)'
 39.44487 -71.63168
 39.33363 -71.75205
 39.31166 -71.92880
 39.31749 -71.93013
 39.33672 -71.95965
 39.34874 -71.97984
 39.35114 -71.98495
 39.37002 -72.04178
 39.35801 -72.06175
 39.26617 -72.17684
 39.23801 -72.20673
 39.23304 -72.21116
 39.18411 -72.22512
 39.14414 -72.23170
 39.13362 -72.23266
 38.76788 -72.03303
 38.74547 -72.00629
 38.52146 -71.52666
 38.48592 -71.32768
 38.48863 -71.30053
 38.60102 -71.04791
 38.60913 -71.03578
 38.62072 -71.03677
 38.67614 -71.05507
 38.68715 -71.06248
 38.79375 -71.02956
 38.80148 -71.01495
 38.81804 -70.75361
 38.75359 -69.97264
 38.38020 -69.34738
 38.42794 -69.22366
 38.42902 -69.21086
 38.42897 -69.14327
 38.40975 -68.95743
 38.40923 -68.95261
 38.40151 -68.91954
 38.35636 -68.75010
 38.30212 -68.61898
 38.26916 -68.57983
 38.26555 -68.57832
 38.05029 -68.50007
 38.04857 -68.50595
 38.04806 -68.54433
 38.04926 -68.56526
 38.05029 -68.58314
 38.04136 -68.58837
 38.00549 -68.59097
 37.99553 -68.59097
 37.96240 -68.59054
 37.95141 -68.58858
 37.85528 -68.54040
 37.85425 -68.48148
 37.91236 -68.26995
 38.56510 -68.05742
 38.56836 -68.05764
 38.81521 -68.08950
 38.91924 -68.20428
 38.93555 -68.24254
 38.94962 -68.28183
 39.04713 -68.56748
 39.06567 -68.62565
 39.08901 -68.74812
 39.09039 -68.78791
 39.10686 -69.27514
 39.08798 -69.53656
 39.08730 -69.54983
 39.10927 -69.64716
 39.11184 -69.65315
 39.17965 -69.68123
 39.24522 -69.68427
 39.25381 -69.67762
 39.26994 -69.66788
 39.27956 -69.66433
 39.30325 -69.71395
 39.31080 -69.74185
 39.33483 -69.87992
 39.36745 -70.09204
 39.43268 -70.75183
 39.40779 -70.76005
 39.39697 -70.76894
 39.38942 -70.81936
 39.38890 -70.83113
 39.38959 -70.91466
 39.40985 -71.05713
 39.60623 -71.48502
 39.62151 -71.49479
 39.53276 -71.54713
 39.44487 -71.63168
3 94 38.9192 41.0429 -70.7541 -67.3522 'Sughd (Tajikistan)'
 40.68203 -70.75406
 40.57290 -70.59885
 40.56659 -70.58936
 40.38677 -70.37475
 40.05169 -70.53648
 40.20447 -70.06974
 40.20790 -70.05918
 40.21717 -69.99488
 40.12087 -69.53566
 40.02268 -69.34625
 40.01736 -69.33975
 39.91299 -69.29787
 39.79815 -69.27820
 39.75763 -69.27731
 39.54615 -69.33801
 39.52898 -69.35159
 39.52229 -69.35960
 39.51988 -69.36316
 39.52744 -70.30226
 39.52881 -70.30782
 39.57499 -70.42349
 39.60056 -70.48144
 39.62082 -70.52312
 39.62339 -70.53047
 39.62271 -70.53515
 39.58048 -70.65149
 39.56074 -70.67286
 39.54872 -70.68221
 39.52005 -70.69401
 39.47937 -70.64965
 39.39663 -70.51814
 39.39045 -70.50260
 39.36486 -70.26275
 39.36024 -70.13021
 39.24522 -69.68427
 39.17965 -69.68123
 39.11184 -69.65315
 39.10927 -69.64716
 39.08730 -69.54983
 39.08798 -69.53656
 39.10686 -69.27514
 39.09039 -68.78791
 39.08901 -68.74812
 39.06567 -68.62565
 39.04713 -68.56748
 39.03854 -68.56659
 39.00352 -68.55512
 38.95855 -68.50347
 38.94447 -68.47830
 38.91924 -68.20428
 39.01571 -67.76731
 39.24042 -67.35217
 39.52812 -67.39663
 39.53293 -67.40153
 39.57756 -67.45314
 39.57911 -67.45514
 39.65893 -67.70713
 39.65824 -67.71670
 39.64640 -67.78179
 39.62477 -67.86739
 39.61807 -67.88633
 39.60142 -67.94252
 39.57825 -68.03653
 39.56108 -68.11494
 39.54306 -68.33832
 39.53722 -68.42694
 39.53619 -68.47703
 39.54769 -68.54381
 39.88913 -68.91828
 39.91539 -68.93952
 40.12173 -69.03165
 40.15743 -69.03188
 40.15709 -68.99879
 40.15151 -68.93704
 40.14936 -68.92345
 40.21425 -68.90617
 40.51028 -69.24951
 40.70246 -69.58834
 40.63465 -69.68253
 40.62984 -69.69565
 40.62916 -69.70990
 40.63019 -69.72031
 40.76220 -70.07878
 40.88854 -70.35504
 40.89832 -70.37161
 41.04286 -70.44417
 41.04063 -70.47148
 41.03291 -70.48357
 40.97935 -70.55955
 40.95059 -70.58276
 40.86485 -70.64874
 40.82777 -70.67625
 40.77044 -70.71573
 40.68203 -70.75406
