0 13 18.3839 18.5049 64.3245 64.6985 'British Virgin Is. (British Virgin Is.)'
 18.38389 64.66085
 18.38389 64.66724
 18.39687 64.69848
 18.42834 64.66834
 18.44111 64.65251
 18.44500 64.64029
 18.45250 64.61168
 18.45764 64.57140
 18.45361 64.56028
 18.44375 64.55695
 18.42097 64.56514
 18.41389 64.57695
 18.38389 64.66085
1 8 18.3839 18.5049 64.3245 64.6985 'British Virgin Is. (British Virgin Is.)'
 18.43139 64.43640
 18.43777 64.43820
 18.45305 64.43834
 18.50485 64.41389
 18.50368 64.32453
 18.49416 64.33056
 18.43861 64.42250
 18.43139 64.43640
