0 29 12.0206 12.3839 68.1929 69.1636 'Netherlands Antilles (Netherlands Antilles)'
 12.04027 68.74695
 12.04027 68.79889
 12.04334 68.81695
 12.04834 68.82987
 12.11528 68.96570
 12.18833 69.06250
 12.27334 69.13445
 12.31139 69.15834
 12.36639 69.16362
 12.38389 69.14639
 12.36334 69.09778
 12.35027 69.07959
 12.33166 69.06723
 12.31305 69.05834
 12.28889 69.05555
 12.26972 69.04779
 12.25639 69.04028
 12.24277 69.02973
 12.21611 68.99722
 12.20472 68.98084
 12.19889 68.96556
 12.18166 68.91195
 12.18292 68.88251
 12.17889 68.86168
 12.17528 68.85112
 12.16861 68.83667
 12.16027 68.82417
 12.06500 68.75306
 12.04027 68.74695
1 26 12.0206 12.3839 68.1929 69.1636 'Netherlands Antilles (Netherlands Antilles)'
 12.02055 68.25111
 12.02445 68.25751
 12.05139 68.27528
 12.06166 68.27863
 12.10222 68.28528
 12.14334 68.27917
 12.15777 68.28140
 12.17542 68.28765
 12.19916 68.30167
 12.20945 68.31223
 12.21527 68.32806
 12.21750 68.35474
 12.21639 68.36751
 12.21778 68.39125
 12.22250 68.40056
 12.25375 68.41654
 12.29277 68.40445
 12.30292 68.39723
 12.30750 68.38417
 12.30611 68.36681
 12.22264 68.19736
 12.20750 68.19293
 12.11305 68.20556
 12.03972 68.22890
 12.02389 68.23723
 12.02055 68.25111
