0 12 -26.4675 -25.7159 -31.7608 -30.8982 'Hhohho (Swaziland)'
 -26.16566 -31.66853
 -26.46754 -31.23257
 -26.45388 -31.13867
 -26.43757 -31.07270
 -26.31672 -30.89822
 -25.92137 -31.12650
 -25.90662 -31.14228
 -25.74354 -31.31753
 -25.71590 -31.41451
 -25.93160 -31.76082
 -26.15330 -31.67847
 -26.16566 -31.66853
1 22 -27.1585 -25.9316 -32.1392 -31.4811 'Lubombo (Swaziland)'
 -26.83961 -32.13410
 -27.15855 -31.97453
 -27.05006 -31.70119
 -27.01838 -31.62490
 -27.01452 -31.61787
 -26.97229 -31.54483
 -26.95444 -31.52748
 -26.93590 -31.51188
 -26.90672 -31.49483
 -26.76905 -31.48117
 -26.74707 -31.48111
 -26.74313 -31.48159
 -25.94439 -31.66680
 -25.94155 -31.66995
 -25.93160 -31.76082
 -25.94971 -31.98097
 -26.00962 -32.08432
 -26.12496 -32.10109
 -26.15948 -32.10498
 -26.52563 -32.13841
 -26.65352 -32.13920
 -26.83961 -32.13410
2 27 -26.8377 -26.1657 -31.6926 -30.7924 'Manzini (Swaziland)'
 -26.82106 -31.17725
 -26.83771 -30.81835
 -26.83565 -30.81277
 -26.82844 -30.80527
 -26.81986 -30.80354
 -26.77094 -30.79817
 -26.71326 -30.79240
 -26.63584 -30.79242
 -26.60580 -30.79281
 -26.54623 -30.79724
 -26.50005 -30.80242
 -26.47533 -30.80760
 -26.45800 -30.81260
 -26.41079 -30.83234
 -26.32942 -30.88902
 -26.31672 -30.89822
 -26.18762 -31.54742
 -26.16566 -31.66853
 -26.17684 -31.67575
 -26.23561 -31.69265
 -26.32316 -31.68368
 -26.64082 -31.60618
 -26.74313 -31.48159
 -26.75488 -31.45369
 -26.77711 -31.39889
 -26.80398 -31.30706
 -26.82106 -31.17725
3 31 -27.3201 -26.769 -31.9807 -30.8951 'Shiselweni (Swaziland)'
 -26.76905 -31.48117
 -26.90672 -31.49483
 -26.93590 -31.51188
 -26.95444 -31.52748
 -26.97229 -31.54483
 -27.01452 -31.61787
 -27.01838 -31.62490
 -27.05006 -31.70119
 -27.04147 -31.75487
 -27.03898 -31.76393
 -27.04044 -31.76839
 -27.16402 -31.97704
 -27.19374 -31.97897
 -27.32008 -31.98067
 -27.31613 -31.57357
 -27.31441 -31.49358
 -27.24266 -31.27345
 -27.20283 -31.15730
 -27.19648 -31.14938
 -27.03461 -30.98532
 -27.02620 -30.97824
 -27.00474 -30.96533
 -26.99083 -30.95724
 -26.84132 -30.89974
 -26.78314 -30.89512
 -26.77145 -30.93452
 -26.77669 -31.05038
 -26.78776 -31.05297
 -26.82106 -31.17725
 -26.80398 -31.30706
 -26.76905 -31.48117
