0 21 45.4856 46.3917 -28.7859 -28.0879 'Cahul (Moldova)'
 45.48577 -28.42702
 45.48563 -28.42575
 45.51704 -28.25773
 45.62124 -28.14538
 46.02010 -28.08795
 46.05838 -28.08918
 46.06816 -28.08980
 46.07168 -28.09017
 46.25167 -28.14689
 46.36994 -28.20226
 46.38857 -28.22391
 46.39174 -28.23076
 46.39132 -28.28608
 46.39029 -28.41612
 46.36365 -28.49001
 46.33827 -28.56041
 45.95701 -28.75698
 45.83221 -28.78586
 45.50039 -28.51537
 45.48735 -28.44093
 45.48577 -28.42702
1 14 46.6608 47.3308 -29.4843 -28.4545 'Chisinau (Moldova)'
 47.33082 -29.14770
 47.09285 -29.35620
 46.94913 -29.47103
 46.94522 -29.47405
 46.89085 -29.48205
 46.87136 -29.48434
 46.85532 -29.23653
 46.83618 -29.06809
 46.82339 -29.03681
 46.66082 -28.91468
 47.08586 -28.46379
 47.27104 -28.45455
 47.32543 -28.56882
 47.33082 -29.14770
2 11 46.6608 47.3308 -29.4843 -28.4545 'Chisinau (Moldova)'
 46.90510 -28.90660
 46.89806 -29.02528
 47.08698 -29.10014
 47.10560 -29.06603
 47.11221 -29.02420
 47.11701 -29.01487
 47.12105 -29.00250
 47.16019 -28.87860
 47.08448 -28.66994
 46.90999 -28.86563
 46.90510 -28.90660
3 11 46.8981 47.1602 -29.1001 -28.6699 'Chisinau (Moldova)'
 47.08698 -29.10014
 46.89806 -29.02528
 46.90510 -28.90660
 46.90999 -28.86563
 47.08448 -28.66994
 47.16019 -28.87860
 47.12105 -29.00250
 47.11701 -29.01487
 47.11221 -29.02420
 47.10560 -29.06603
 47.08698 -29.10014
4 23 45.9704 46.4536 -28.9675 -28.5146 'Gagauzia (Moldova)'
 45.98159 -28.84485
 45.97040 -28.77649
 45.97984 -28.68297
 46.00173 -28.60968
 46.01203 -28.59409
 46.03091 -28.57296
 46.04205 -28.56800
 46.17047 -28.51914
 46.18034 -28.51592
 46.18147 -28.51579
 46.18807 -28.51505
 46.20420 -28.51455
 46.23210 -28.51517
 46.23594 -28.51626
 46.41887 -28.58295
 46.45080 -28.61434
 46.45363 -28.63378
 46.41406 -28.75652
 46.29622 -28.96616
 46.25120 -28.96749
 46.23257 -28.96477
 46.21433 -28.96210
 45.98159 -28.84485
5 17 46.2865 47.1034 -29.0763 -28.0816 'Lapusna (Moldova)'
 46.28729 -28.84514
 46.28652 -28.78695
 46.39132 -28.28608
 46.41706 -28.23910
 46.93746 -28.08163
 47.10337 -28.39697
 47.08586 -28.46379
 46.97548 -28.58735
 46.95436 -28.61075
 46.66082 -28.91468
 46.52025 -29.07059
 46.51302 -29.07634
 46.33254 -28.99474
 46.31218 -28.98208
 46.30239 -28.97562
 46.29622 -28.96616
 46.28729 -28.84514
6 19 47.2652 47.899 -29.0763 -28.2043 'Orhei (Moldova)'
 47.28262 -28.89062
 47.26521 -28.76802
 47.26846 -28.71166
 47.42746 -28.22908
 47.44291 -28.20432
 47.52222 -28.25416
 47.64427 -28.39860
 47.81250 -28.64948
 47.89853 -28.82984
 47.89897 -28.83077
 47.89515 -28.86672
 47.87876 -28.97026
 47.87181 -28.99508
 47.86323 -29.01069
 47.85293 -29.02093
 47.84572 -29.02489
 47.41314 -29.07632
 47.30580 -29.00552
 47.28262 -28.89062
7 28 46.5419 48.1598 -29.973 -28.5061 'Stînga Nistrului (Moldova)'
 46.92003 -29.64784
 46.86029 -29.74971
 46.87523 -29.84711
 46.84150 -29.95359
 46.83223 -29.96872
 46.82902 -29.97121
 46.75592 -29.97297
 46.69498 -29.97247
 46.68863 -29.97172
 46.60641 -29.96121
 46.56040 -29.94846
 46.55714 -29.94396
 46.54195 -29.87943
 46.61576 -29.75567
 47.29592 -29.11181
 47.71779 -28.96592
 48.11963 -28.50614
 48.15977 -28.60961
 48.12939 -28.83483
 48.12475 -28.84178
 48.11085 -28.85257
 48.10209 -28.85642
 48.09351 -28.85437
 48.08304 -28.84923
 47.96030 -28.92673
 47.56908 -29.18394
 46.96398 -29.59585
 46.92003 -29.64784
8 18 46.3522 46.8714 -30.1612 -28.9147 'Tighina (Moldova)'
 46.38411 -30.08901
 46.35218 -29.89181
 46.35406 -29.60324
 46.51302 -29.07634
 46.66082 -28.91468
 46.82339 -29.03681
 46.83618 -29.06809
 46.85532 -29.23653
 46.87136 -29.48434
 46.83377 -29.61220
 46.80843 -29.66525
 46.54512 -29.89077
 46.42900 -30.15785
 46.42771 -30.16022
 46.42513 -30.16097
 46.41526 -30.16122
 46.41191 -30.15998
 46.38411 -30.08901
9 20 47.4339 47.9789 -28.4986 -27.2098 'Balti (Moldova)'
 47.43519 -27.77759
 47.43390 -27.55234
 47.62693 -27.33371
 47.68985 -27.27297
 47.71937 -27.25104
 47.82005 -27.21460
 47.84786 -27.20978
 47.91078 -27.27184
 47.92811 -27.29306
 47.93455 -27.30254
 47.97888 -27.39592
 47.97270 -27.62452
 47.93562 -28.01095
 47.81834 -28.41764
 47.81465 -28.42365
 47.81319 -28.42480
 47.69114 -28.49864
 47.50377 -28.24256
 47.44806 -28.06926
 47.43519 -27.77759
10 13 47.8936 48.4919 -27.8491 -26.7377 'Edinet (Moldova)'
 47.97270 -27.62452
 47.89357 -27.25549
 48.24517 -26.73765
 48.40988 -26.88829
 48.49194 -27.59354
 48.49091 -27.60002
 48.45666 -27.75908
 48.44566 -27.78766
 48.41392 -27.84914
 48.38727 -27.71625
 48.14522 -27.72196
 48.00135 -27.66028
 47.97270 -27.62452
11 44 47.6961 48.4139 -28.8366 -27.614 'Soroca (Moldova)'
 48.07720 -28.45564
 48.07008 -28.48355
 48.07171 -28.49465
 48.08690 -28.49747
 48.09025 -28.49786
 48.11385 -28.49786
 48.11643 -28.50011
 48.11963 -28.50614
 48.12151 -28.51839
 48.11660 -28.54951
 48.09160 -28.62595
 47.98365 -28.79023
 47.94442 -28.83124
 47.93816 -28.83662
 47.89897 -28.83077
 47.69611 -28.50249
 47.69809 -28.48870
 47.71225 -28.44178
 47.71663 -28.43757
 47.73611 -28.44892
 47.73851 -28.45084
 47.76272 -28.44253
 47.81319 -28.42480
 47.81465 -28.42365
 47.81834 -28.41764
 47.93562 -28.01095
 47.95148 -27.83978
 47.94798 -27.66207
 47.97270 -27.62452
 48.05220 -27.61401
 48.38727 -27.71625
 48.41392 -27.84914
 48.40572 -27.87133
 48.39911 -27.87786
 48.39430 -27.88018
 48.39078 -27.88057
 48.38842 -27.87870
 48.38057 -27.87837
 48.37100 -27.88425
 48.36186 -27.89420
 48.35795 -27.89910
 48.34276 -27.92590
 48.32959 -27.95159
 48.07720 -28.45564
12 18 46.914 47.4513 -28.4767 -27.6242 'Ungheni (Moldova)'
 47.10337 -28.39697
 46.91402 -28.23501
 46.94492 -28.09797
 46.94715 -28.09093
 47.14937 -27.79563
 47.30215 -27.63360
 47.30370 -27.63246
 47.31056 -27.62790
 47.32352 -27.62423
 47.39335 -27.67755
 47.43519 -27.77759
 47.45128 -27.99387
 47.44291 -28.20432
 47.40429 -28.44056
 47.40043 -28.46340
 47.38433 -28.47672
 47.22404 -28.47636
 47.10337 -28.39697
