0 151 8.77076 12.3967 -3.855 -1.96972 'Borgou (Benin)'
 11.42607 -2.02004
 11.43111 -2.02695
 11.45472 -2.05222
 11.60361 -2.19389
 11.64597 -2.26222
 11.68833 -2.30889
 11.76861 -2.34084
 11.88722 -2.39250
 11.89615 -2.39793
 11.95722 -2.40166
 12.08445 -2.40361
 12.12972 -2.38875
 12.20666 -2.37639
 12.24732 -2.38836
 12.28111 -2.53584
 12.29250 -2.61167
 12.30277 -2.66501
 12.35249 -2.71904
 12.38194 -2.78028
 12.39665 -2.83862
 12.38180 -2.86459
 12.26858 -3.01004
 12.11329 -3.16228
 12.01135 -3.25545
 11.97777 -3.26166
 11.95195 -3.27000
 11.91027 -3.29805
 11.88618 -3.32090
 11.88569 -3.35653
 11.89472 -3.37514
 11.85472 -3.47125
 11.82416 -3.50792
 11.77445 -3.54611
 11.73660 -3.55785
 11.69327 -3.60445
 11.65097 -3.57125
 11.56361 -3.52528
 11.42972 -3.47500
 11.25000 -3.60886
 11.13472 -3.69472
 11.12722 -3.71416
 11.12064 -3.73577
 11.07750 -3.72875
 11.04055 -3.73055
 11.02027 -3.73764
 10.89861 -3.77528
 10.84750 -3.75945
 10.82945 -3.74910
 10.79875 -3.75125
 10.75695 -3.78555
 10.71195 -3.83084
 10.69653 -3.84750
 10.58500 -3.85500
 10.44945 -3.81278
 10.40416 -3.79153
 10.41277 -3.76389
 10.42958 -3.73445
 10.44830 -3.69937
 10.41361 -3.63861
 10.27527 -3.58195
 10.19945 -3.64416
 10.18645 -3.67035
 10.16084 -3.68416
 10.11181 -3.67792
 9.95410 -3.61201
 9.88028 -3.55889
 9.84555 -3.52097
 9.85569 -3.48355
 9.81145 -3.34958
 9.78333 -3.33403
 9.76236 -3.33097
 9.73500 -3.33722
 9.70305 -3.35278
 9.68194 -3.36333
 9.63611 -3.31722
 9.49639 -3.17139
 9.43514 -3.14181
 9.41222 -3.14861
 9.37736 -3.16319
 9.30277 -3.16639
 9.19445 -3.13139
 9.09055 -3.09500
 9.06319 -2.99625
 9.08166 -2.96750
 9.07889 -2.90528
 9.06527 -2.81361
 9.05042 -2.79208
 9.01666 -2.78305
 8.79527 -2.74528
 8.77076 -2.74295
 8.77166 -2.61889
 8.77500 -2.20945
 8.77643 -2.19165
 8.79445 -2.20584
 8.81385 -2.20097
 8.83055 -2.15750
 8.83889 -2.12139
 8.85166 -2.08416
 8.87903 -2.04445
 8.90319 -2.02986
 8.93236 -2.02361
 8.96277 -2.02389
 9.03805 -2.03472
 9.13514 -1.99681
 9.15416 -1.98166
 9.17889 -1.97305
 9.21945 -1.96972
 9.27889 -1.97084
 9.32361 -1.97666
 9.34708 -1.98666
 9.36243 -2.00951
 9.36777 -2.05778
 9.36805 -2.09472
 9.38042 -2.11375
 9.39819 -2.12445
 9.59555 -2.15305
 9.67361 -2.16118
 9.69834 -2.14111
 9.71875 -2.11958
 9.74695 -2.10055
 9.82681 -2.07500
 9.85750 -2.07722
 9.89889 -2.09166
 9.92555 -2.09729
 9.98805 -2.08805
 10.06653 -2.09069
 10.08666 -2.11319
 10.09334 -2.13305
 10.09195 -2.15639
 10.09500 -2.19042
 10.10195 -2.21639
 10.11305 -2.24319
 10.13590 -2.26743
 10.16542 -2.27611
 10.19708 -2.27305
 10.30236 -2.24445
 10.34847 -2.22361
 10.37028 -2.20028
 10.38958 -2.18528
 10.41125 -2.18125
 10.43875 -2.18653
 10.47027 -2.20278
 10.50445 -2.23028
 10.52389 -2.26611
 10.99000 -2.25958
 11.09472 -2.20584
 11.12972 -2.18611
 11.16416 -2.16611
 11.23445 -2.12666
 11.40945 -2.02861
 11.42607 -2.02004
1 75 6.9125 8.77643 -2.75834 -1.61705 'Zou (Benin)'
 8.36711 -1.61705
 8.42528 -1.62416
 8.58728 -1.62540
 8.58514 -1.66916
 8.58750 -1.71153
 8.60132 -1.75986
 8.61527 -1.79569
 8.61625 -1.81986
 8.61125 -1.84166
 8.60042 -1.85916
 8.55778 -1.91555
 8.51250 -2.00445
 8.48945 -2.05416
 8.47555 -2.13000
 8.47805 -2.16805
 8.49250 -2.19750
 8.50885 -2.21842
 8.64861 -2.21778
 8.71611 -2.20555
 8.77643 -2.19165
 8.77500 -2.20945
 8.77166 -2.61889
 8.77076 -2.74295
 8.71945 -2.74695
 8.58195 -2.75639
 8.55527 -2.75639
 8.53557 -2.75296
 8.53014 -2.75743
 8.49111 -2.75834
 8.45750 -2.75000
 8.43201 -2.72542
 8.34229 -2.70993
 8.24576 -2.73605
 8.20965 -2.75174
 8.15611 -2.74139
 8.10833 -2.72750
 8.00805 -2.70889
 7.90639 -2.69250
 7.88222 -2.69528
 7.86504 -2.70293
 7.81445 -2.73937
 7.78958 -2.74292
 7.71639 -2.73861
 7.65821 -2.73295
 7.65722 -2.72139
 7.65722 -2.63778
 7.65777 -2.55445
 7.65898 -2.50510
 7.63458 -2.48584
 7.45951 -2.41798
 7.30334 -2.45028
 7.22222 -2.47139
 7.15805 -2.52778
 7.04708 -2.55486
 6.99625 -2.55771
 6.99195 -2.53472
 6.99416 -2.41722
 6.93025 -2.37800
 6.92945 -2.36834
 6.92945 -2.29916
 6.92972 -2.19584
 6.93028 -2.10084
 6.92531 -2.07695
 6.91250 -2.05125
 6.94597 -1.99235
 7.06222 -1.91416
 7.23389 -1.82584
 7.50666 -1.67528
 7.52977 -1.65542
 7.54778 -1.65069
 7.62819 -1.64195
 7.75986 -1.63931
 7.99861 -1.63805
 8.36028 -1.63097
 8.36711 -1.61705
2 34 6.28211 6.93028 -2.48819 -1.95722 'Atlantique (Benin)'
 6.92531 -2.07695
 6.93028 -2.10084
 6.92972 -2.19584
 6.92945 -2.29916
 6.92945 -2.36834
 6.93025 -2.37800
 6.86334 -2.42472
 6.84084 -2.42861
 6.77250 -2.43195
 6.68695 -2.43528
 6.52597 -2.44208
 6.51750 -2.46111
 6.50021 -2.48375
 6.44916 -2.48819
 6.40666 -2.47361
 6.37757 -2.46195
 6.34048 -2.48442
 6.33861 -2.48000
 6.33305 -2.45500
 6.33000 -2.40472
 6.33042 -2.36278
 6.32861 -2.33111
 6.32334 -2.27584
 6.29416 -2.05611
 6.28211 -1.98735
 6.36334 -1.96042
 6.39222 -1.95722
 6.41222 -1.96181
 6.54695 -1.99528
 6.64834 -2.01834
 6.74222 -2.03750
 6.89445 -2.09611
 6.92305 -2.08166
 6.92531 -2.07695
3 47 6.21872 7.52977 -2.09611 -1.55388 'Mono (Benin)'
 6.92531 -2.07695
 6.92305 -2.08166
 6.89445 -2.09611
 6.74222 -2.03750
 6.64834 -2.01834
 6.54695 -1.99528
 6.41222 -1.96181
 6.39222 -1.95722
 6.36334 -1.96042
 6.28211 -1.98735
 6.27528 -1.92695
 6.25750 -1.80334
 6.23805 -1.69750
 6.22111 -1.64000
 6.21872 -1.63540
 6.23514 -1.62977
 6.25028 -1.65250
 6.25959 -1.68306
 6.26972 -1.74250
 6.28025 -1.79780
 6.30834 -1.79528
 6.41486 -1.77153
 6.45666 -1.74916
 6.54916 -1.69305
 6.57701 -1.66403
 6.57067 -1.65542
 6.57305 -1.64750
 6.59625 -1.61681
 6.67972 -1.57528
 6.71569 -1.59014
 6.79666 -1.60750
 6.89431 -1.60416
 6.90927 -1.57703
 6.94819 -1.56236
 6.99656 -1.55388
 6.99555 -1.64250
 7.33389 -1.64555
 7.40967 -1.64375
 7.44305 -1.64445
 7.51389 -1.65014
 7.52977 -1.65542
 7.50666 -1.67528
 7.23389 -1.82584
 7.06222 -1.91416
 6.94597 -1.99235
 6.91250 -2.05125
 6.92531 -2.07695
4 42 6.34048 7.65898 -2.77861 -2.378 'Oueme (Benin)'
 6.93025 -2.37800
 6.99416 -2.41722
 6.99195 -2.53472
 6.99625 -2.55771
 7.04708 -2.55486
 7.15805 -2.52778
 7.22222 -2.47139
 7.30334 -2.45028
 7.45951 -2.41798
 7.63458 -2.48584
 7.65898 -2.50510
 7.65777 -2.55445
 7.65722 -2.63778
 7.65722 -2.72139
 7.65821 -2.73295
 7.65195 -2.73222
 7.59639 -2.73666
 7.25445 -2.77000
 7.13445 -2.77861
 7.09416 -2.74972
 6.94701 -2.72792
 6.92125 -2.75187
 6.76500 -2.76278
 6.67139 -2.76166
 6.56514 -2.75542
 6.47472 -2.72722
 6.45224 -2.71961
 6.36551 -2.71961
 6.35611 -2.64305
 6.34500 -2.54000
 6.34048 -2.48442
 6.37757 -2.46195
 6.40666 -2.47361
 6.44916 -2.48819
 6.50021 -2.48375
 6.51750 -2.46111
 6.52597 -2.44208
 6.68695 -2.43528
 6.77250 -2.43195
 6.84084 -2.42861
 6.86334 -2.42472
 6.93025 -2.37800
5 141 8.47555 11.4597 -2.27611 -0.776663 'Atakora (Benin)'
 9.30125 -1.43163
 9.31903 -1.41805
 9.34472 -1.40695
 9.38792 -1.39945
 9.42990 -1.39855
 9.48625 -1.38993
 9.48135 -1.36425
 9.48555 -1.36111
 9.54250 -1.33750
 9.59666 -1.36834
 9.63639 -1.37000
 9.91472 -1.35889
 9.99528 -1.35500
 10.02527 -1.30778
 10.10000 -1.18722
 10.10860 -1.17240
 10.17445 -1.06695
 10.22007 -0.99937
 10.37666 -0.77666
 10.52931 -0.78750
 10.54666 -0.79805
 10.57361 -0.80597
 10.60722 -0.80750
 10.64111 -0.80403
 10.68111 -0.80028
 10.70166 -0.80055
 10.71245 -0.80219
 10.72333 -0.80708
 10.79972 -0.87945
 10.86695 -0.89361
 10.91111 -0.89055
 10.99640 -0.91797
 11.02945 -0.95028
 11.07945 -0.98528
 11.12250 -1.08305
 11.22445 -1.14889
 11.26527 -1.19278
 11.24611 -1.26472
 11.31500 -1.34382
 11.34292 -1.32805
 11.43347 -1.39000
 11.44972 -1.41681
 11.45146 -1.42860
 11.45889 -1.43528
 11.45972 -1.48250
 11.45777 -1.54319
 11.45111 -1.57000
 11.40563 -1.58639
 11.38847 -1.61236
 11.41584 -1.73695
 11.43945 -1.80389
 11.44277 -1.87465
 11.43150 -1.89718
 11.41708 -1.98931
 11.42055 -2.00986
 11.42607 -2.02004
 11.40945 -2.02861
 11.23445 -2.12666
 11.16416 -2.16611
 11.12972 -2.18611
 11.09472 -2.20584
 10.99000 -2.25958
 10.52389 -2.26611
 10.50445 -2.23028
 10.47027 -2.20278
 10.43875 -2.18653
 10.41125 -2.18125
 10.38958 -2.18528
 10.37028 -2.20028
 10.34847 -2.22361
 10.30236 -2.24445
 10.19708 -2.27305
 10.16542 -2.27611
 10.13590 -2.26743
 10.11305 -2.24319
 10.10195 -2.21639
 10.09500 -2.19042
 10.09195 -2.15639
 10.09334 -2.13305
 10.08666 -2.11319
 10.06653 -2.09069
 9.98805 -2.08805
 9.92555 -2.09729
 9.89889 -2.09166
 9.85750 -2.07722
 9.82681 -2.07500
 9.74695 -2.10055
 9.71875 -2.11958
 9.69834 -2.14111
 9.67361 -2.16118
 9.59555 -2.15305
 9.39819 -2.12445
 9.38042 -2.11375
 9.36805 -2.09472
 9.36777 -2.05778
 9.36243 -2.00951
 9.34708 -1.98666
 9.32361 -1.97666
 9.27889 -1.97084
 9.21945 -1.96972
 9.17889 -1.97305
 9.15416 -1.98166
 9.13514 -1.99681
 9.03805 -2.03472
 8.96277 -2.02389
 8.93236 -2.02361
 8.90319 -2.02986
 8.87903 -2.04445
 8.85166 -2.08416
 8.83889 -2.12139
 8.83055 -2.15750
 8.81385 -2.20097
 8.79445 -2.20584
 8.77643 -2.19165
 8.71611 -2.20555
 8.64861 -2.21778
 8.50885 -2.21842
 8.49250 -2.19750
 8.47805 -2.16805
 8.47555 -2.13000
 8.48945 -2.05416
 8.51250 -2.00445
 8.55778 -1.91555
 8.60042 -1.85916
 8.61125 -1.84166
 8.61625 -1.81986
 8.61527 -1.79569
 8.60132 -1.75986
 8.58750 -1.71153
 8.58514 -1.66916
 8.58728 -1.62540
 8.72666 -1.62611
 8.84695 -1.62666
 9.03424 -1.61972
 9.09916 -1.60597
 9.16792 -1.56861
 9.18965 -1.54000
 9.21084 -1.51055
 9.22834 -1.49361
 9.28042 -1.45245
 9.30125 -1.43163
