0 69 31.3507 32.5464 -35.5706 -34.8882 'West Bank (West Bank)'
 32.20305 -35.55861
 32.04111 -35.51639
 31.99805 -35.52375
 31.92972 -35.53555
 31.82833 -35.54888
 31.76391 -35.55540
 31.73494 -35.53867
 31.71166 -35.52611
 31.64166 -35.49805
 31.60388 -35.48972
 31.56222 -35.48277
 31.52945 -35.47916
 31.49732 -35.47820
 31.49945 -35.45111
 31.49355 -35.40067
 31.48416 -35.37861
 31.40361 -35.25916
 31.38416 -35.24055
 31.37680 -35.22041
 31.36195 -35.13861
 31.35069 -34.93756
 31.36055 -34.90819
 31.38055 -34.88985
 31.41250 -34.88819
 31.44388 -34.91055
 31.48166 -34.93722
 31.50201 -34.94638
 31.55916 -34.94583
 31.58680 -34.95027
 31.60335 -34.96136
 31.63333 -34.98555
 31.64695 -35.00166
 31.70833 -35.09750
 31.74486 -35.16291
 31.75000 -35.20972
 31.77510 -35.22762
 31.81305 -35.15305
 31.83307 -35.10828
 31.82222 -35.03583
 31.82027 -35.01416
 31.82333 -34.97514
 31.83055 -34.96555
 31.86138 -34.96611
 31.96889 -34.98750
 31.98532 -35.00086
 32.02805 -35.00750
 32.05416 -35.00610
 32.13250 -34.98584
 32.15305 -34.97916
 32.23930 -35.02555
 32.36750 -35.04777
 32.38333 -35.04583
 32.39444 -35.04722
 32.42528 -35.05666
 32.44722 -35.06638
 32.47145 -35.08180
 32.52750 -35.17945
 32.54639 -35.20805
 32.52166 -35.26346
 32.51625 -35.28903
 32.51694 -35.31736
 32.52346 -35.35055
 32.50416 -35.40819
 32.48569 -35.42388
 32.41277 -35.48111
 32.39420 -35.55256
 32.37783 -35.56035
 32.21764 -35.57061
 32.20305 -35.55861
1 10 31.3507 32.5464 -35.5706 -34.8882 'West Bank (West Bank)'
 31.80805 -35.25638
 31.80889 -35.24889
 31.80805 -35.24638
 31.80389 -35.24361
 31.78805 -35.25166
 31.78639 -35.25444
 31.78722 -35.25972
 31.78972 -35.26250
 31.80361 -35.26361
 31.80805 -35.25638
