0 48 16.5281 17.5265 -45.4762 -43.1235 'Sa'dah (Yemen)'
 17.47666 -43.34584
 17.49514 -43.37361
 17.51388 -43.40722
 17.52645 -43.44514
 17.52195 -43.51361
 17.48125 -43.62083
 17.46959 -43.63870
 17.44361 -43.65388
 17.41972 -43.67153
 17.36555 -43.73861
 17.35195 -43.76096
 17.30645 -43.93916
 17.34666 -44.08972
 17.40916 -44.18527
 17.43334 -44.36611
 17.41958 -44.38235
 17.41305 -44.46096
 17.39875 -44.49403
 17.39277 -44.49860
 17.19435 -45.00000
 17.00587 -45.47621
 17.01716 -44.71958
 17.02475 -44.49671
 17.00908 -44.44760
 16.97048 -44.42755
 16.84993 -44.32981
 16.80645 -44.27795
 16.79989 -44.19407
 16.79054 -44.11019
 16.73256 -44.08446
 16.62482 -44.03873
 16.60903 -43.99541
 16.60372 -43.85365
 16.56587 -43.79885
 16.52810 -43.61097
 16.52811 -43.48074
 16.54150 -43.37649
 16.56301 -43.28377
 16.61958 -43.24585
 16.67222 -43.20611
 16.71583 -43.19777
 16.83555 -43.16097
 16.92514 -43.12354
 17.12222 -43.15166
 17.34222 -43.19194
 17.41465 -43.25881
 17.45972 -43.31388
 17.47666 -43.34584
1 101 13.605 15.83 -43.7131 -42.556 'Al Hudaydah (Yemen)'
 15.83000 -42.75777
 15.78591 -42.86544
 15.77587 -42.94363
 15.78299 -43.00147
 15.81439 -43.09680
 15.81828 -43.17491
 15.80056 -43.22131
 15.75514 -43.25917
 15.68786 -43.27690
 15.66227 -43.30019
 15.62757 -43.35825
 15.59697 -43.35552
 15.57541 -43.32091
 15.56786 -43.28333
 15.54352 -43.24873
 15.51247 -43.26625
 15.48980 -43.28375
 15.43373 -43.29852
 15.31955 -43.29334
 15.26082 -43.30235
 15.09929 -43.42475
 15.02005 -43.48016
 14.98771 -43.55847
 14.96143 -43.61359
 14.88920 -43.60241
 14.84819 -43.56501
 14.86021 -43.52443
 14.85021 -43.47095
 14.79455 -43.46690
 14.71568 -43.50494
 14.62850 -43.54014
 14.53948 -43.53194
 14.47022 -43.51205
 14.37295 -43.49810
 14.27904 -43.45810
 14.21857 -43.41790
 14.16338 -43.39215
 14.12943 -43.41549
 14.12849 -43.45890
 14.14722 -43.49916
 14.13333 -43.55055
 14.10194 -43.62611
 14.05833 -43.65888
 14.04194 -43.68472
 14.04722 -43.71305
 13.94186 -43.71167
 13.92297 -43.68283
 13.94658 -43.62194
 13.93580 -43.60463
 13.84572 -43.64563
 13.81382 -43.57345
 13.83947 -43.54727
 13.85441 -43.50089
 13.82734 -43.46341
 13.77430 -43.46659
 13.69079 -43.46125
 13.63963 -43.37761
 13.60500 -43.28000
 13.65027 -43.28500
 13.67278 -43.28638
 13.72027 -43.27945
 13.87326 -43.23298
 13.89972 -43.20138
 13.92000 -43.17291
 13.96319 -43.11833
 13.99333 -43.08666
 14.07639 -43.09111
 14.15333 -43.09945
 14.17361 -43.10277
 14.29500 -43.06000
 14.44472 -43.02111
 14.55069 -43.02735
 14.63639 -42.98916
 14.69250 -42.96555
 14.77861 -42.94472
 14.81389 -42.94597
 14.86486 -42.95555
 14.91750 -42.94527
 14.95777 -42.93583
 15.12451 -42.87111
 15.14834 -42.84445
 15.17739 -42.78895
 15.19539 -42.75394
 15.21069 -42.71236
 15.20833 -42.68111
 15.23639 -42.67999
 15.27361 -42.69916
 15.30111 -42.72416
 15.22998 -42.77904
 15.23027 -42.80250
 15.26201 -42.81034
 15.34945 -42.80930
 15.46458 -42.78625
 15.52563 -42.75479
 15.57084 -42.71889
 15.63611 -42.70361
 15.70028 -42.69388
 15.72153 -42.70111
 15.73431 -42.72638
 15.75069 -42.74485
 15.83000 -42.75777
2 14 13.605 15.83 -43.7131 -42.556 'Al Hudaydah (Yemen)'
 15.27083 -42.58888
 15.27403 -42.58125
 15.29000 -42.56528
 15.30416 -42.55597
 15.38986 -42.56847
 15.41111 -42.57861
 15.45055 -42.60860
 15.45722 -42.64500
 15.44722 -42.65972
 15.39083 -42.65139
 15.33972 -42.63416
 15.30166 -42.61416
 15.27451 -42.59729
 15.27083 -42.58888
3 11 13.605 15.83 -43.7131 -42.556 'Al Hudaydah (Yemen)'
 13.90945 -42.78111
 13.91611 -42.76305
 13.99555 -42.69805
 14.01361 -42.68916
 14.05861 -42.74333
 14.06653 -42.76819
 14.04743 -42.78680
 14.02416 -42.79555
 13.99695 -42.79985
 13.91250 -42.78985
 13.90945 -42.78111
4 25 14.9877 15.5299 -43.9322 -43.2837 'Al Mahwit (Yemen)'
 15.52990 -43.75234
 15.50679 -43.79008
 15.51081 -43.86241
 15.50113 -43.92323
 15.45355 -43.93217
 15.43187 -43.90335
 15.41379 -43.83688
 15.37569 -43.79368
 15.32619 -43.76211
 15.27484 -43.68715
 15.21631 -43.55724
 15.17549 -43.51116
 15.12233 -43.52013
 15.08813 -43.55503
 14.98771 -43.55847
 15.02005 -43.48016
 15.09929 -43.42475
 15.26082 -43.30235
 15.31955 -43.29334
 15.43373 -43.29852
 15.48980 -43.28375
 15.51624 -43.35015
 15.48860 -43.46896
 15.47973 -43.62238
 15.52990 -43.75234
5 59 14.0419 15.0626 -44.8875 -43.3922 'Dhamar (Yemen)'
 14.22014 -44.51178
 14.22554 -44.39021
 14.26606 -44.32053
 14.33992 -44.25647
 14.41111 -44.15749
 14.42167 -44.14000
 14.40861 -44.09166
 14.39055 -44.06166
 14.36917 -44.04138
 14.29305 -44.02389
 14.23111 -43.99333
 14.20958 -43.96319
 14.20055 -43.92805
 14.19444 -43.85361
 14.18111 -43.82611
 14.15722 -43.80138
 14.10361 -43.76778
 14.06583 -43.74944
 14.04722 -43.71305
 14.04194 -43.68472
 14.05833 -43.65888
 14.10194 -43.62611
 14.13333 -43.55055
 14.14722 -43.49916
 14.12849 -43.45890
 14.12943 -43.41549
 14.16338 -43.39215
 14.21857 -43.41790
 14.27904 -43.45810
 14.37295 -43.49810
 14.47022 -43.51205
 14.50410 -43.62185
 14.56263 -43.75175
 14.63678 -43.80344
 14.68529 -43.75109
 14.74477 -43.70736
 14.80499 -43.75912
 14.90819 -43.88590
 14.96654 -43.89427
 15.03017 -43.91708
 15.06256 -43.96610
 15.05710 -44.09057
 14.99750 -44.14008
 14.95214 -44.17505
 14.94025 -44.20984
 14.98658 -44.25879
 15.00808 -44.29630
 15.03211 -44.34536
 15.01475 -44.50462
 14.98754 -44.60315
 14.98522 -44.84047
 14.85320 -44.88747
 14.68636 -44.86811
 14.62862 -44.83080
 14.55794 -44.74726
 14.47797 -44.70718
 14.38615 -44.69899
 14.30110 -44.63578
 14.22014 -44.51178
6 56 15.4797 16.68 -43.8112 -42.7578 'Hajjah (Yemen)'
 16.56587 -43.79885
 16.42623 -43.81119
 16.15586 -43.80975
 16.11163 -43.79262
 16.05935 -43.76107
 15.99926 -43.70351
 15.94158 -43.66331
 15.88037 -43.65785
 15.83546 -43.67256
 15.80151 -43.69590
 15.74835 -43.70486
 15.64805 -43.70251
 15.60573 -43.72589
 15.52990 -43.75234
 15.47973 -43.62238
 15.48860 -43.46896
 15.51624 -43.35015
 15.48980 -43.28375
 15.51247 -43.26625
 15.54352 -43.24873
 15.56786 -43.28333
 15.57541 -43.32091
 15.59697 -43.35552
 15.62757 -43.35825
 15.66227 -43.30019
 15.68786 -43.27690
 15.75514 -43.25917
 15.80056 -43.22131
 15.81828 -43.17491
 15.81439 -43.09680
 15.78299 -43.00147
 15.77587 -42.94363
 15.78591 -42.86544
 15.83000 -42.75777
 15.85195 -42.79916
 15.88334 -42.83458
 15.97139 -42.84195
 16.07139 -42.84584
 16.09333 -42.84584
 16.31195 -42.81305
 16.34055 -42.80778
 16.37750 -42.78968
 16.38118 -42.82354
 16.42305 -42.91861
 16.54236 -43.05985
 16.56041 -43.07014
 16.60111 -43.07944
 16.67777 -43.10243
 16.68000 -43.13472
 16.67222 -43.20611
 16.61958 -43.24585
 16.56301 -43.28377
 16.54150 -43.37649
 16.52811 -43.48074
 16.52810 -43.61097
 16.56587 -43.79885
7 113 14.4702 17.0247 -44.8632 -43.4669 'San'a' (Yemen)'
 15.80433 -44.60166
 15.71790 -44.60212
 15.64381 -44.54754
 15.54704 -44.51044
 15.46391 -44.48774
 15.36317 -44.50564
 15.33937 -44.57522
 15.37133 -44.64450
 15.37510 -44.72840
 15.33533 -44.76334
 15.27697 -44.75497
 15.23446 -44.78703
 15.17170 -44.85393
 15.06836 -44.86317
 14.98522 -44.84047
 14.98754 -44.60315
 15.01475 -44.50462
 15.03211 -44.34536
 15.00808 -44.29630
 14.98658 -44.25879
 14.94025 -44.20984
 14.95214 -44.17505
 14.99750 -44.14008
 15.05710 -44.09057
 15.06256 -43.96610
 15.03017 -43.91708
 14.96654 -43.89427
 14.90819 -43.88590
 14.80499 -43.75912
 14.74477 -43.70736
 14.68529 -43.75109
 14.63678 -43.80344
 14.56263 -43.75175
 14.50410 -43.62185
 14.47022 -43.51205
 14.53948 -43.53194
 14.62850 -43.54014
 14.71568 -43.50494
 14.79455 -43.46690
 14.85021 -43.47095
 14.86021 -43.52443
 14.84819 -43.56501
 14.88920 -43.60241
 14.96143 -43.61359
 14.98771 -43.55847
 15.08813 -43.55503
 15.12233 -43.52013
 15.17549 -43.51116
 15.21631 -43.55724
 15.27484 -43.68715
 15.32619 -43.76211
 15.37569 -43.79368
 15.41379 -43.83688
 15.43187 -43.90335
 15.45355 -43.93217
 15.50113 -43.92323
 15.51081 -43.86241
 15.50679 -43.79008
 15.52990 -43.75234
 15.60573 -43.72589
 15.64805 -43.70251
 15.74835 -43.70486
 15.80151 -43.69590
 15.83546 -43.67256
 15.88037 -43.65785
 15.94158 -43.66331
 15.99926 -43.70351
 16.05935 -43.76107
 16.11163 -43.79262
 16.15586 -43.80975
 16.42623 -43.81119
 16.56587 -43.79885
 16.60372 -43.85365
 16.60903 -43.99541
 16.62482 -44.03873
 16.73256 -44.08446
 16.79054 -44.11019
 16.79989 -44.19407
 16.80645 -44.27795
 16.84993 -44.32981
 16.97048 -44.42755
 17.00908 -44.44760
 17.02475 -44.49671
 17.01716 -44.71958
 16.76099 -44.70649
 16.72531 -44.68063
 16.67352 -44.62593
 16.62142 -44.58570
 16.47943 -44.57778
 16.41327 -44.54341
 16.39171 -44.50880
 16.39556 -44.45958
 16.41291 -44.43055
 16.45510 -44.41296
 16.49760 -44.38090
 16.49556 -44.34618
 16.47629 -44.33471
 16.42599 -44.34077
 16.38943 -44.35543
 16.37023 -44.34106
 16.38219 -44.30338
 16.38851 -44.26862
 16.33970 -44.20522
 16.27614 -44.17952
 16.17844 -44.18583
 16.06351 -44.21539
 16.02621 -44.26478
 16.02701 -44.35738
 16.01324 -44.47900
 15.98139 -44.53415
 15.95543 -44.57480
 15.89106 -44.58672
 15.80433 -44.60166
8 49 13.6741 14.4217 -44.7655 -43.6046 'Ibb (Yemen)'
 14.22014 -44.51178
 14.17200 -44.54676
 14.15997 -44.58735
 14.18939 -44.64506
 14.21597 -44.70569
 14.17340 -44.74064
 14.09218 -44.75845
 14.01443 -44.74439
 13.94536 -44.71582
 13.86445 -44.76555
 13.85125 -44.74791
 13.83750 -44.71930
 13.82889 -44.65695
 13.81354 -44.58153
 13.78666 -44.56277
 13.70972 -44.53750
 13.77409 -44.38395
 13.76945 -44.34057
 13.67411 -44.23690
 13.68087 -44.18188
 13.71247 -44.13830
 13.70455 -43.98787
 13.75097 -43.90369
 13.78394 -43.79644
 13.86027 -43.74685
 13.84572 -43.64563
 13.93580 -43.60463
 13.94658 -43.62194
 13.92297 -43.68283
 13.94186 -43.71167
 14.04722 -43.71305
 14.06583 -43.74944
 14.10361 -43.76778
 14.15722 -43.80138
 14.18111 -43.82611
 14.19444 -43.85361
 14.20055 -43.92805
 14.20958 -43.96319
 14.23111 -43.99333
 14.29305 -44.02389
 14.36917 -44.04138
 14.39055 -44.06166
 14.40861 -44.09166
 14.42167 -44.14000
 14.41111 -44.15749
 14.33992 -44.25647
 14.26606 -44.32053
 14.22554 -44.39021
 14.22014 -44.51178
9 68 12.5947 13.8967 -45.2903 -43.5219 'Lahij (Yemen)'
 13.86445 -44.76555
 13.85027 -44.81694
 13.89666 -44.89666
 13.88583 -45.05305
 13.89166 -45.11388
 13.83264 -45.11096
 13.80416 -45.08055
 13.72944 -45.02250
 13.68444 -45.02861
 13.65972 -45.04527
 13.61389 -45.10555
 13.53028 -45.16499
 13.49917 -45.18111
 13.42861 -45.22610
 13.36167 -45.29028
 13.33819 -45.28457
 13.28916 -45.23972
 13.24939 -45.19126
 13.19736 -45.14813
 12.98672 -45.09139
 12.95323 -44.83401
 12.80500 -44.67833
 12.81666 -44.62111
 12.81708 -44.59041
 12.80708 -44.56000
 12.78875 -44.53000
 12.74000 -44.47805
 12.69611 -44.43680
 12.68195 -44.40972
 12.63597 -44.29458
 12.61695 -44.18666
 12.59465 -43.94985
 12.61125 -43.92194
 12.64743 -43.90458
 12.68584 -43.82249
 12.72639 -43.69722
 12.74868 -43.59867
 12.73458 -43.57041
 12.68972 -43.52775
 12.71111 -43.52195
 12.94722 -43.66138
 13.07055 -43.75166
 13.12000 -43.81777
 13.12583 -43.85764
 13.10736 -43.91249
 13.07910 -43.94493
 13.05653 -43.95777
 13.04139 -43.98861
 13.01000 -44.09305
 13.03153 -44.17527
 13.04583 -44.20444
 13.11000 -44.25944
 13.15666 -44.29055
 13.20166 -44.39416
 13.21542 -44.47062
 13.27042 -44.50555
 13.43722 -44.39222
 13.48027 -44.35722
 13.52889 -44.46680
 13.55264 -44.49819
 13.68208 -44.53750
 13.70972 -44.53750
 13.78666 -44.56277
 13.81354 -44.58153
 13.82889 -44.65695
 13.83750 -44.71930
 13.85125 -44.74791
 13.86445 -44.76555
10 58 12.675 13.8603 -44.5375 -43.2303 'Ta'izz (Yemen)'
 12.68000 -43.49831
 12.67500 -43.47888
 12.68736 -43.46194
 12.76569 -43.47812
 12.79527 -43.48458
 12.82264 -43.48277
 12.97125 -43.40277
 13.05055 -43.35305
 13.17111 -43.27611
 13.20569 -43.24972
 13.26972 -43.23027
 13.31347 -43.24153
 13.34222 -43.25125
 13.55250 -43.27611
 13.60500 -43.28000
 13.63963 -43.37761
 13.69079 -43.46125
 13.77430 -43.46659
 13.82734 -43.46341
 13.85441 -43.50089
 13.83947 -43.54727
 13.81382 -43.57345
 13.84572 -43.64563
 13.86027 -43.74685
 13.78394 -43.79644
 13.75097 -43.90369
 13.70455 -43.98787
 13.71247 -44.13830
 13.68087 -44.18188
 13.67411 -44.23690
 13.76945 -44.34057
 13.77409 -44.38395
 13.70972 -44.53750
 13.68208 -44.53750
 13.55264 -44.49819
 13.52889 -44.46680
 13.48027 -44.35722
 13.43722 -44.39222
 13.27042 -44.50555
 13.21542 -44.47062
 13.20166 -44.39416
 13.15666 -44.29055
 13.11000 -44.25944
 13.04583 -44.20444
 13.03153 -44.17527
 13.01000 -44.09305
 13.04139 -43.98861
 13.05653 -43.95777
 13.07910 -43.94493
 13.10736 -43.91249
 13.12583 -43.85764
 13.12000 -43.81777
 13.07055 -43.75166
 12.94722 -43.66138
 12.71111 -43.52195
 12.68972 -43.52775
 12.68201 -43.50978
 12.68000 -43.49831
11 65 15.0658 18.9993 -53.1144 -50.1411 'Al Mahrah (Yemen)'
 15.06584 -50.72277
 15.21559 -50.71955
 15.29490 -50.66125
 15.61262 -50.40489
 15.85809 -50.26756
 16.01881 -50.18277
 16.15040 -50.15602
 16.24271 -50.14106
 16.36444 -50.18381
 16.47960 -50.27290
 16.55313 -50.35353
 16.67734 -50.41074
 16.81674 -50.40999
 16.96350 -50.45551
 17.13175 -50.53853
 17.21248 -50.54388
 17.31049 -50.52310
 17.38304 -50.51981
 17.44418 -50.52817
 17.56808 -50.59985
 17.92744 -50.86995
 18.07321 -50.96176
 18.35440 -51.10785
 18.60648 -51.18172
 18.86500 -51.22199
 18.99935 -51.99929
 17.34973 -52.78217
 17.28553 -52.81228
 16.64278 -53.11444
 16.62666 -53.02472
 16.60535 -52.93985
 16.58361 -52.91277
 16.56985 -52.89055
 16.55722 -52.86555
 16.50666 -52.73333
 16.48722 -52.65222
 16.48305 -52.61722
 16.47722 -52.59638
 16.46389 -52.56860
 16.43027 -52.50583
 16.41945 -52.48888
 16.40305 -52.46361
 16.38445 -52.43972
 16.26653 -52.29430
 16.16618 -52.22708
 15.98479 -52.15770
 15.86458 -52.18472
 15.76000 -52.21388
 15.67416 -52.23195
 15.60527 -52.18916
 15.55972 -52.04084
 15.52639 -51.95833
 15.42305 -51.71889
 15.38813 -51.66965
 15.35889 -51.66361
 15.32528 -51.58277
 15.29334 -51.49389
 15.20055 -51.26805
 15.18764 -51.24014
 15.17055 -51.16416
 15.15084 -51.07194
 15.13639 -51.00125
 15.10584 -50.86555
 15.07333 -50.74945
 15.06584 -50.72277
12 86 13.8503 14.8626 -46.1119 -44.5118 'Al Bayda' (Yemen)'
 13.89166 -45.11388
 13.88583 -45.05305
 13.89666 -44.89666
 13.85027 -44.81694
 13.86445 -44.76555
 13.94536 -44.71582
 14.01443 -44.74439
 14.09218 -44.75845
 14.17340 -44.74064
 14.21597 -44.70569
 14.18939 -44.64506
 14.15997 -44.58735
 14.17200 -44.54676
 14.22014 -44.51178
 14.30110 -44.63578
 14.38615 -44.69899
 14.47797 -44.70718
 14.55794 -44.74726
 14.62862 -44.83080
 14.68636 -44.86811
 14.85320 -44.88747
 14.86259 -45.09867
 14.77244 -45.14257
 14.69624 -45.18639
 14.63757 -45.19249
 14.58466 -45.18988
 14.55102 -45.19874
 14.53026 -45.25673
 14.49358 -45.27718
 14.46223 -45.30919
 14.44736 -45.35267
 14.47443 -45.39015
 14.55782 -45.40128
 14.71778 -45.40416
 14.71222 -45.46750
 14.70833 -45.49361
 14.69458 -45.51527
 14.63583 -45.55222
 14.61445 -45.55695
 14.57347 -45.54875
 14.52916 -45.54222
 14.50916 -45.54166
 14.47604 -45.55159
 14.45125 -45.57527
 14.44208 -45.59472
 14.43368 -45.64256
 14.48368 -45.68958
 14.52625 -45.70097
 14.56861 -45.71555
 14.59292 -45.72694
 14.61014 -45.74166
 14.66333 -45.80000
 14.67305 -45.81777
 14.68465 -45.89000
 14.59278 -46.00249
 14.52736 -46.10367
 14.50104 -46.11194
 14.45535 -46.08715
 14.40000 -46.01944
 14.37111 -45.99889
 14.34889 -45.96541
 14.33264 -45.95347
 14.31166 -45.94916
 14.28292 -45.94916
 14.19445 -45.93277
 14.16361 -45.91423
 14.03563 -45.77999
 13.98500 -45.65500
 13.97834 -45.63499
 13.96028 -45.56389
 13.95639 -45.54111
 13.95584 -45.51847
 13.96000 -45.46805
 13.97277 -45.43014
 13.98764 -45.41083
 14.03792 -45.37555
 14.05972 -45.36722
 14.08347 -45.34985
 14.08757 -45.32825
 14.06750 -45.29861
 14.04334 -45.27444
 14.01277 -45.25854
 13.96389 -45.20166
 13.97174 -45.15929
 13.95903 -45.13222
 13.89166 -45.11388
13 87 12.945 14.3711 -47.2544 -45.0225 'Abyan (Yemen)'
 12.94499 -45.10555
 12.98672 -45.09139
 13.19736 -45.14813
 13.24939 -45.19126
 13.28916 -45.23972
 13.33819 -45.28457
 13.36167 -45.29028
 13.42861 -45.22610
 13.49917 -45.18111
 13.53028 -45.16499
 13.61389 -45.10555
 13.65972 -45.04527
 13.68444 -45.02861
 13.72944 -45.02250
 13.80416 -45.08055
 13.83264 -45.11096
 13.89166 -45.11388
 13.95903 -45.13222
 13.97174 -45.15929
 13.96389 -45.20166
 14.01277 -45.25854
 14.04334 -45.27444
 14.06750 -45.29861
 14.08757 -45.32825
 14.08347 -45.34985
 14.05972 -45.36722
 14.03792 -45.37555
 13.98764 -45.41083
 13.97277 -45.43014
 13.96000 -45.46805
 13.95584 -45.51847
 13.95639 -45.54111
 13.96028 -45.56389
 13.97834 -45.63499
 13.98500 -45.65500
 14.03563 -45.77999
 14.16361 -45.91423
 14.19445 -45.93277
 14.28292 -45.94916
 14.31166 -45.94916
 14.33264 -45.95347
 14.34889 -45.96541
 14.37111 -45.99889
 14.23744 -46.16987
 14.16166 -46.32365
 14.15439 -46.53205
 14.18702 -46.69972
 14.20609 -46.85009
 14.19332 -46.92541
 14.13625 -46.98648
 13.94822 -47.04537
 13.78205 -47.12440
 13.68615 -47.17700
 13.61528 -47.25445
 13.58750 -47.16888
 13.55666 -47.00583
 13.53597 -46.92653
 13.51548 -46.88271
 13.49069 -46.84902
 13.47416 -46.81416
 13.45166 -46.76250
 13.42805 -46.69153
 13.40514 -46.46930
 13.40611 -46.35166
 13.41305 -46.29610
 13.41083 -46.16584
 13.40861 -46.04555
 13.39764 -45.94805
 13.37945 -45.81916
 13.33916 -45.65903
 13.32542 -45.63195
 13.26305 -45.56638
 13.24277 -45.54527
 13.18382 -45.49117
 13.15847 -45.47931
 13.13278 -45.46291
 13.06764 -45.40958
 13.05500 -45.38750
 13.04222 -45.33972
 13.03916 -45.31292
 13.03625 -45.28597
 13.02584 -45.24333
 13.01500 -45.20388
 13.00542 -45.17653
 12.97139 -45.13097
 12.94889 -45.10860
 12.94499 -45.10555
14 34 12.1447 12.9867 -54.4735 -44.6783 'Aden (Yemen)'
 12.65055 -54.22084
 12.64597 -54.25666
 12.57625 -54.44777
 12.54875 -54.47347
 12.47834 -54.41305
 12.40250 -54.22250
 12.37445 -54.17945
 12.35292 -54.14430
 12.34819 -54.12403
 12.34416 -54.01472
 12.31277 -53.79277
 12.30861 -53.75527
 12.32889 -53.63611
 12.33916 -53.59584
 12.34639 -53.57111
 12.49139 -53.37360
 12.54597 -53.33083
 12.55334 -53.37527
 12.56660 -53.39313
 12.60139 -53.40639
 12.62139 -53.40791
 12.65500 -53.40437
 12.71722 -53.49972
 12.70368 -53.65063
 12.66222 -53.71361
 12.62222 -53.76687
 12.60548 -53.82180
 12.65861 -54.00361
 12.68555 -54.06555
 12.70315 -54.09851
 12.69889 -54.12666
 12.69222 -54.14638
 12.67416 -54.18139
 12.65055 -54.22084
15 16 12.1447 12.9867 -54.4735 -44.6783 'Aden (Yemen)'
 12.80500 -44.67833
 12.95323 -44.83401
 12.98672 -45.09139
 12.94499 -45.10555
 12.86084 -45.06972
 12.75238 -45.04232
 12.83889 -45.01500
 12.83222 -44.95445
 12.80365 -44.87489
 12.77240 -44.87951
 12.76813 -44.92194
 12.74500 -44.91722
 12.73153 -44.90222
 12.72916 -44.85277
 12.76889 -44.72610
 12.80500 -44.67833
16 23 12.1447 12.9867 -54.4735 -44.6783 'Aden (Yemen)'
 12.14472 -52.34138
 12.14778 -52.26888
 12.17195 -52.17889
 12.18736 -52.12903
 12.19611 -52.11278
 12.20195 -52.10361
 12.22354 -52.08555
 12.24027 -52.09222
 12.24653 -52.13902
 12.23861 -52.16416
 12.23361 -52.17334
 12.21972 -52.18695
 12.21084 -52.19916
 12.20555 -52.20833
 12.20277 -52.22055
 12.20111 -52.23416
 12.20055 -52.27888
 12.20195 -52.29111
 12.19972 -52.36222
 12.19653 -52.39527
 12.15305 -52.39457
 12.14889 -52.38250
 12.14472 -52.34138
17 34 15.8043 17.0172 -46.3333 -44.1795 'Al Jawf (Yemen)'
 15.80433 -44.60166
 15.89106 -44.58672
 15.95543 -44.57480
 15.98139 -44.53415
 16.01324 -44.47900
 16.02701 -44.35738
 16.02621 -44.26478
 16.06351 -44.21539
 16.17844 -44.18583
 16.27614 -44.17952
 16.33970 -44.20522
 16.38851 -44.26862
 16.38219 -44.30338
 16.37023 -44.34106
 16.38943 -44.35543
 16.42599 -44.34077
 16.47629 -44.33471
 16.49556 -44.34618
 16.49760 -44.38090
 16.45510 -44.41296
 16.41291 -44.43055
 16.39556 -44.45958
 16.39171 -44.50880
 16.41327 -44.54341
 16.47943 -44.57778
 16.62142 -44.58570
 16.67352 -44.62593
 16.72531 -44.68063
 16.76099 -44.70649
 17.01716 -44.71958
 17.00587 -45.47621
 16.66666 -46.33333
 15.81886 -46.33311
 15.80433 -44.60166
18 104 13.6153 17.4604 -48.6864 -45.3989 ''Ataq (Yemen)'
 14.03750 -48.68639
 14.04403 -48.61000
 14.03910 -48.55388
 14.00834 -48.42555
 13.99195 -48.31110
 13.98916 -48.27611
 13.98889 -48.23445
 13.99681 -48.19083
 14.02305 -48.14249
 14.04333 -48.07416
 14.04834 -48.04527
 14.05139 -48.01888
 14.04708 -47.99014
 14.03750 -47.95945
 14.02639 -47.93235
 14.00445 -47.90834
 13.98007 -47.88729
 13.95111 -47.85110
 13.93416 -47.82000
 13.91639 -47.77027
 13.90903 -47.72153
 13.87681 -47.65222
 13.85695 -47.62722
 13.84055 -47.61555
 13.81931 -47.59805
 13.68889 -47.45195
 13.65777 -47.41389
 13.64639 -47.39444
 13.63250 -47.31860
 13.62416 -47.28695
 13.61528 -47.25445
 13.68615 -47.17700
 13.78205 -47.12440
 13.94822 -47.04537
 14.13625 -46.98648
 14.19332 -46.92541
 14.20609 -46.85009
 14.18702 -46.69972
 14.15439 -46.53205
 14.16166 -46.32365
 14.23744 -46.16987
 14.37111 -45.99889
 14.40000 -46.01944
 14.45535 -46.08715
 14.50104 -46.11194
 14.52736 -46.10367
 14.59278 -46.00249
 14.68465 -45.89000
 14.67305 -45.81777
 14.66333 -45.80000
 14.61014 -45.74166
 14.59292 -45.72694
 14.56861 -45.71555
 14.52625 -45.70097
 14.48368 -45.68958
 14.43368 -45.64256
 14.44208 -45.59472
 14.45125 -45.57527
 14.47604 -45.55159
 14.50916 -45.54166
 14.52916 -45.54222
 14.57347 -45.54875
 14.61445 -45.55695
 14.63583 -45.55222
 14.69458 -45.51527
 14.70833 -45.49361
 14.71222 -45.46750
 14.71778 -45.40416
 14.72945 -45.40305
 14.76527 -45.39972
 14.80305 -45.39889
 14.89701 -45.40957
 14.91083 -45.43695
 14.91653 -45.46514
 15.01805 -45.54333
 15.10402 -45.58911
 15.61695 -46.33305
 16.75159 -47.37515
 17.46037 -48.02612
 17.17888 -48.21740
 16.93087 -48.34315
 16.81911 -48.35534
 16.61355 -48.32172
 16.51040 -48.32227
 16.35880 -48.37228
 16.26382 -48.38147
 16.16706 -48.34437
 16.04347 -48.25822
 15.87126 -48.09998
 15.69831 -47.84625
 15.56178 -47.71387
 15.44859 -47.66238
 15.35399 -47.65421
 15.20549 -47.68974
 15.07284 -47.76569
 14.94483 -47.88503
 14.84650 -48.05050
 14.78893 -48.13474
 14.63652 -48.22237
 14.52308 -48.31269
 14.32265 -48.42952
 14.19260 -48.51415
 14.11471 -48.63610
 14.03750 -48.68639
19 78 14.0375 18.865 -51.222 -47.6542 'Hadhramaut (Yemen)'
 14.03750 -48.68639
 14.11471 -48.63610
 14.19260 -48.51415
 14.32265 -48.42952
 14.52308 -48.31269
 14.63652 -48.22237
 14.78893 -48.13474
 14.84650 -48.05050
 14.94483 -47.88503
 15.07284 -47.76569
 15.20549 -47.68974
 15.35399 -47.65421
 15.44859 -47.66238
 15.56178 -47.71387
 15.69831 -47.84625
 15.87126 -48.09998
 16.04347 -48.25822
 16.16706 -48.34437
 16.26382 -48.38147
 16.35880 -48.37228
 16.51040 -48.32227
 16.61355 -48.32172
 16.81911 -48.35534
 16.93087 -48.34315
 17.17888 -48.21740
 17.46037 -48.02612
 17.74005 -47.83608
 18.16666 -48.18334
 18.61666 -49.11666
 18.78889 -50.78334
 18.86500 -51.22199
 18.60648 -51.18172
 18.35440 -51.10785
 18.07321 -50.96176
 17.92744 -50.86995
 17.56808 -50.59985
 17.44418 -50.52817
 17.38304 -50.51981
 17.31049 -50.52310
 17.21248 -50.54388
 17.13175 -50.53853
 16.96350 -50.45551
 16.81674 -50.40999
 16.67734 -50.41074
 16.55313 -50.35353
 16.47960 -50.27290
 16.36444 -50.18381
 16.24271 -50.14106
 16.15040 -50.15602
 16.01881 -50.18277
 15.85809 -50.26756
 15.61262 -50.40489
 15.29490 -50.66125
 15.21559 -50.71955
 15.06584 -50.72277
 15.07055 -50.70291
 15.04347 -50.55138
 15.01695 -50.47639
 15.00528 -50.45083
 14.97777 -50.40944
 14.83889 -50.17986
 14.81792 -50.04312
 14.84195 -50.02951
 14.84500 -49.96014
 14.77000 -49.71222
 14.71000 -49.53416
 14.65528 -49.41888
 14.58361 -49.25333
 14.52695 -49.11805
 14.51681 -49.09430
 14.50334 -49.07666
 14.43563 -49.02590
 14.35271 -49.00298
 14.32542 -49.00645
 14.15777 -48.84333
 14.05555 -48.72069
 14.04000 -48.69805
 14.03750 -48.68639
20 40 14.4474 15.8189 -46.3331 -44.4877 'Ma'rib (Yemen)'
 14.98522 -44.84047
 15.06836 -44.86317
 15.17170 -44.85393
 15.23446 -44.78703
 15.27697 -44.75497
 15.33533 -44.76334
 15.37510 -44.72840
 15.37133 -44.64450
 15.33937 -44.57522
 15.36317 -44.50564
 15.46391 -44.48774
 15.54704 -44.51044
 15.64381 -44.54754
 15.71790 -44.60212
 15.80433 -44.60166
 15.81886 -46.33311
 15.61695 -46.33305
 15.10402 -45.58911
 15.01805 -45.54333
 14.91653 -45.46514
 14.91083 -45.43695
 14.89701 -45.40957
 14.80305 -45.39889
 14.76527 -45.39972
 14.72945 -45.40305
 14.71778 -45.40416
 14.55782 -45.40128
 14.47443 -45.39015
 14.44736 -45.35267
 14.46223 -45.30919
 14.49358 -45.27718
 14.53026 -45.25673
 14.55102 -45.19874
 14.58466 -45.18988
 14.63757 -45.19249
 14.69624 -45.18639
 14.77244 -45.14257
 14.86259 -45.09867
 14.85320 -44.88747
 14.98522 -44.84047
21 27 15.6169 17.74 -48.0261 -44.3661 'Undefined (Yemen)'
 15.81886 -46.33311
 16.66666 -46.33333
 17.00587 -45.47621
 17.19435 -45.00000
 17.39277 -44.49860
 17.39875 -44.49403
 17.41305 -44.46096
 17.41958 -44.38235
 17.43334 -44.36611
 17.43334 -44.46666
 17.40555 -44.56666
 17.43334 -44.65000
 17.43334 -45.21666
 17.33334 -45.40000
 17.25000 -46.10000
 17.23334 -46.36666
 17.28334 -46.75000
 16.95000 -47.00000
 16.95000 -47.18334
 17.09489 -47.42965
 17.11666 -47.46666
 17.45000 -47.60000
 17.74005 -47.83608
 17.46037 -48.02612
 16.75159 -47.37515
 15.61695 -46.33305
 15.81886 -46.33311
