0 74 -15.6729 -12.0025 -31.4345 -25.3132 'Central (Zambia)'
 -13.45827 -31.37481
 -13.53224 -31.26735
 -13.62223 -31.14096
 -13.91564 -30.89539
 -13.91970 -30.89291
 -13.93675 -30.09540
 -14.03898 -30.16519
 -14.37089 -30.07455
 -14.61160 -29.99038
 -14.69071 -29.82955
 -14.93051 -29.28225
 -15.13001 -28.80608
 -15.10764 -28.41362
 -15.10230 -28.34153
 -15.16162 -28.30137
 -15.25001 -28.29091
 -15.30563 -28.27068
 -15.65544 -27.76785
 -15.67294 -27.71723
 -15.67277 -27.68532
 -15.53123 -27.25659
 -15.34584 -27.01385
 -15.28966 -26.01649
 -15.28542 -25.78098
 -15.28404 -25.33012
 -15.20250 -25.31323
 -14.69293 -25.47833
 -14.58057 -25.54469
 -14.54020 -25.58817
 -14.56633 -25.78758
 -14.58607 -26.42534
 -14.42041 -26.89539
 -14.11378 -26.94974
 -13.99020 -26.90903
 -13.72433 -26.83117
 -13.70411 -27.59574
 -13.84174 -27.88908
 -13.84964 -27.87988
 -13.86303 -27.88236
 -13.92886 -27.90036
 -13.93604 -27.90659
 -13.93461 -27.92485
 -13.88715 -28.45124
 -13.88020 -28.50367
 -13.85157 -28.65024
 -13.80167 -28.64975
 -13.75669 -28.64282
 -13.72905 -28.64606
 -13.63270 -28.70197
 -13.40096 -29.08240
 -13.33616 -29.35779
 -13.35985 -29.60728
 -13.36371 -29.60397
 -13.38740 -29.60966
 -13.40620 -29.61495
 -13.43143 -29.63573
 -13.44173 -29.65069
 -13.45924 -29.72507
 -13.44701 -29.81415
 -12.15478 -29.81545
 -12.08015 -29.84727
 -12.07110 -29.85397
 -12.05140 -29.87332
 -12.02649 -29.91261
 -12.01239 -29.93986
 -12.00275 -29.97677
 -12.00253 -29.99911
 -12.42966 -30.46401
 -12.60780 -30.65466
 -12.87756 -30.74938
 -13.00587 -31.17617
 -13.03257 -31.34919
 -13.42969 -31.43451
 -13.45827 -31.37481
1 42 -13.936 -12.2356 -29.086 -26.7809 'Copperbelt (Zambia)'
 -13.40658 -28.98405
 -13.42988 -29.00681
 -13.38212 -29.08596
 -13.58468 -28.83857
 -13.85157 -28.65024
 -13.88020 -28.50367
 -13.88715 -28.45124
 -13.93461 -27.92485
 -13.93604 -27.90659
 -13.92886 -27.90036
 -13.86303 -27.88236
 -13.84964 -27.87988
 -13.75954 -27.34963
 -13.72433 -26.83117
 -13.69890 -26.79340
 -13.68699 -26.78644
 -13.65609 -26.78086
 -13.61843 -26.78317
 -12.74135 -26.85113
 -12.67633 -26.87060
 -12.63739 -26.88446
 -12.42262 -27.08292
 -12.25794 -27.42867
 -12.24684 -27.45851
 -12.23589 -27.83486
 -12.23564 -27.87663
 -12.23821 -27.90008
 -12.24259 -27.92906
 -12.42206 -28.31643
 -12.42773 -28.32829
 -12.46184 -28.37338
 -12.49982 -28.41187
 -12.61505 -28.51857
 -12.99562 -28.82496
 -13.15836 -28.90204
 -13.18990 -28.91671
 -13.21076 -28.92359
 -13.25003 -28.93073
 -13.32174 -28.94700
 -13.36551 -28.95851
 -13.37272 -28.96102
 -13.40658 -28.98405
2 134 -12.4599 -8.38117 -30.4584 -28.4227 'Luapula (Zambia)'
 -10.17952 -29.88677
 -10.22321 -29.83941
 -10.22312 -29.83127
 -10.22055 -29.82063
 -10.21179 -29.80912
 -10.20527 -29.79918
 -10.20527 -29.79325
 -10.21042 -29.75993
 -10.23306 -29.67569
 -10.24321 -29.64644
 -10.30312 -29.54551
 -10.32852 -29.50461
 -10.33316 -29.49868
 -10.34157 -29.49031
 -10.71407 -29.24127
 -10.89998 -29.14527
 -10.98255 -29.21171
 -11.06838 -29.29229
 -11.11010 -29.38185
 -11.11044 -29.38920
 -11.09950 -29.42467
 -11.03830 -29.42917
 -11.03608 -29.42868
 -10.95893 -29.39876
 -10.93411 -29.37378
 -10.91406 -29.35660
 -10.88247 -29.36107
 -10.85638 -29.38938
 -10.85046 -29.39607
 -10.71665 -29.62447
 -10.71545 -29.63688
 -10.71656 -29.65631
 -10.75354 -29.74067
 -10.80883 -29.81037
 -10.88079 -29.87638
 -10.88170 -29.87722
 -10.88301 -29.87813
 -10.89844 -29.88388
 -11.04995 -29.92437
 -11.23792 -30.12137
 -11.49560 -30.44843
 -11.50612 -30.45836
 -11.62335 -30.45048
 -11.81786 -30.25885
 -11.82268 -30.22541
 -11.90472 -29.80381
 -11.90592 -29.80135
 -11.91207 -29.79406
 -11.91583 -29.79258
 -11.95739 -29.78269
 -11.97782 -29.78133
 -12.02842 -29.78603
 -12.15770 -29.80718
 -12.20673 -29.55825
 -12.22257 -29.51527
 -12.22543 -29.51065
 -12.25044 -29.48190
 -12.25611 -29.47927
 -12.30864 -29.45975
 -12.32241 -29.45880
 -12.33297 -29.46086
 -12.34083 -29.46333
 -12.38698 -29.48115
 -12.39292 -29.48542
 -12.39738 -29.49032
 -12.40116 -29.49683
 -12.39859 -29.50790
 -12.39344 -29.51581
 -12.39206 -29.52161
 -12.39258 -29.52548
 -12.39442 -29.52742
 -12.40584 -29.53019
 -12.41695 -29.53076
 -12.42176 -29.53023
 -12.43498 -29.52021
 -12.43936 -29.51556
 -12.45970 -29.48065
 -12.45987 -29.47538
 -12.37729 -29.08870
 -11.93984 -28.63263
 -11.44973 -28.42265
 -11.37368 -28.45397
 -11.23661 -28.49012
 -10.73519 -28.60812
 -9.91671 -28.63658
 -9.36172 -28.52250
 -9.13999 -28.56596
 -9.12054 -28.59358
 -9.08243 -28.64018
 -9.05342 -28.67286
 -8.97892 -28.74466
 -8.96331 -28.75832
 -8.93326 -28.78463
 -8.86322 -28.84006
 -8.81739 -28.87586
 -8.79021 -28.89352
 -8.75456 -28.91669
 -8.71679 -28.93978
 -8.67611 -28.96132
 -8.66238 -28.96566
 -8.64796 -28.96670
 -8.63337 -28.96497
 -8.61620 -28.96097
 -8.61213 -28.95932
 -8.60384 -28.95594
 -8.57689 -28.94465
 -8.52900 -28.92104
 -8.49724 -28.90403
 -8.47833 -28.89392
 -8.47771 -28.89388
 -8.47630 -28.89396
 -8.39561 -29.46478
 -8.38117 -29.56862
 -8.40991 -29.59155
 -8.54530 -29.53147
 -8.55753 -29.52561
 -8.56590 -29.51867
 -8.70503 -29.38640
 -8.75010 -29.33014
 -8.94896 -29.19741
 -9.07840 -29.11106
 -9.09513 -29.10828
 -9.53047 -29.35386
 -9.64222 -29.54331
 -9.65750 -29.57570
 -9.69681 -29.72893
 -9.70282 -29.76776
 -9.72994 -29.82000
 -9.83070 -29.92450
 -9.87551 -29.93581
 -10.05266 -29.93373
 -10.05610 -29.93285
 -10.17368 -29.89130
 -10.17952 -29.88677
3 34 -15.9703 -14.6455 -30.4166 -27.7678 'Lusaka (Zambia)'
 -15.62515 -30.41656
 -15.63681 -30.40305
 -15.64384 -30.39212
 -15.65586 -30.35437
 -15.66835 -30.21255
 -15.66595 -30.20876
 -15.65002 -30.18987
 -15.63286 -29.75727
 -15.65432 -29.58902
 -15.68659 -29.45961
 -15.71354 -29.36263
 -15.76830 -29.21890
 -15.77791 -29.20213
 -15.81516 -29.15238
 -15.84332 -29.11562
 -15.89773 -29.04657
 -15.90048 -29.04408
 -15.94082 -28.99677
 -15.97026 -28.77689
 -15.96142 -28.74002
 -15.76113 -27.92170
 -15.65544 -27.76785
 -15.24636 -27.79123
 -14.85389 -29.25417
 -14.70769 -29.75062
 -14.64872 -29.97642
 -14.64546 -30.00687
 -14.70479 -30.09124
 -14.72196 -30.11085
 -14.78640 -30.17498
 -14.79738 -30.18501
 -14.81618 -30.20108
 -15.35039 -30.38042
 -15.62515 -30.41656
4 67 -18.0306 -15.284 -28.8513 -24.9746 'Southern (Zambia)'
 -17.95449 -27.02058
 -18.03060 -26.73289
 -18.01689 -26.57420
 -17.94342 -25.84598
 -17.85253 -25.37963
 -17.84369 -25.34302
 -17.84240 -25.33896
 -17.76790 -25.19013
 -17.76618 -25.18715
 -17.76421 -25.18445
 -17.58928 -24.99655
 -17.55432 -24.98035
 -17.54148 -24.97527
 -17.50929 -24.97464
 -17.34449 -25.00979
 -17.32776 -25.01464
 -17.32647 -25.01509
 -17.16082 -25.08898
 -17.14485 -25.09850
 -16.55479 -25.00626
 -16.54060 -25.00939
 -16.50735 -25.02451
 -16.47128 -25.04301
 -16.41031 -25.09619
 -16.40482 -25.10227
 -16.37701 -25.13376
 -16.36379 -25.14879
 -16.35727 -25.16400
 -16.35366 -25.17599
 -16.35023 -25.18172
 -16.32053 -25.23021
 -16.28225 -25.27919
 -16.13325 -25.37340
 -16.08244 -25.39720
 -15.91164 -25.35274
 -15.76864 -25.31410
 -15.75989 -25.28824
 -15.72139 -25.25787
 -15.70084 -25.24493
 -15.61947 -25.22054
 -15.59681 -25.21733
 -15.59149 -25.21769
 -15.28404 -25.33012
 -15.28542 -25.78098
 -15.28966 -26.01649
 -15.34584 -27.01385
 -15.47066 -27.56062
 -15.47381 -27.56759
 -15.65544 -27.76785
 -15.66414 -27.83199
 -15.77559 -28.34603
 -15.80684 -28.42098
 -15.97026 -28.77689
 -16.04519 -28.84845
 -16.37382 -28.85128
 -16.47296 -28.82151
 -16.48430 -28.81576
 -16.50025 -28.79981
 -16.54798 -28.74011
 -16.55193 -28.71880
 -16.55863 -28.66723
 -16.56961 -28.63140
 -16.72068 -28.25570
 -16.96375 -27.83099
 -17.60267 -27.30852
 -17.80849 -27.14044
 -17.95449 -27.02058
5 82 -14.6228 -10.9466 -27.5954 -21.9993 'North-Western (Zambia)'
 -11.23682 -24.40965
 -11.26077 -24.92729
 -11.25858 -24.93910
 -11.24403 -25.02916
 -11.22498 -25.23788
 -11.30120 -25.29261
 -11.34999 -25.28144
 -11.36184 -25.28091
 -11.39235 -25.28498
 -11.40136 -25.28629
 -11.61984 -25.33713
 -11.75258 -25.50014
 -11.93952 -26.01876
 -11.96463 -26.31748
 -11.98458 -26.57751
 -11.99076 -26.68874
 -11.98986 -26.82154
 -11.98420 -26.87787
 -11.97840 -26.89130
 -11.93939 -26.94052
 -11.91686 -26.95999
 -11.84811 -27.00591
 -11.74061 -27.02722
 -11.66542 -27.02972
 -11.71808 -27.22884
 -12.21060 -27.59441
 -12.22733 -27.59540
 -12.24825 -27.58617
 -12.26467 -27.57464
 -12.27883 -27.56014
 -12.29997 -27.50959
 -12.32454 -27.31012
 -12.42262 -27.08292
 -12.63739 -26.88446
 -12.67633 -26.87060
 -12.74135 -26.85113
 -12.88587 -26.87753
 -12.89585 -26.87976
 -12.91645 -26.90320
 -12.94928 -26.95604
 -13.42982 -26.91587
 -13.75555 -26.87590
 -13.81896 -26.94648
 -13.83178 -26.95247
 -14.16850 -26.98725
 -14.20584 -26.99024
 -14.26442 -26.98028
 -14.41966 -26.94050
 -14.58607 -26.42534
 -14.56633 -25.78758
 -14.62280 -25.19469
 -14.43964 -25.03698
 -14.21185 -25.04553
 -13.97710 -24.63497
 -13.90749 -24.33556
 -13.96817 -23.81915
 -14.03649 -23.24262
 -13.95521 -22.61577
 -13.75265 -22.07234
 -13.71572 -22.00086
 -13.65326 -21.99934
 -13.45937 -22.00013
 -12.99550 -22.00316
 -12.99600 -22.72062
 -12.99653 -23.06576
 -12.99897 -23.47653
 -13.00138 -24.05481
 -12.99468 -24.05119
 -12.95743 -24.02469
 -12.90894 -23.98981
 -12.89949 -23.98044
 -12.89194 -23.94592
 -12.88799 -23.93606
 -12.88284 -23.92972
 -12.85589 -23.91475
 -12.82242 -23.89961
 -12.78448 -23.89895
 -12.09749 -23.98022
 -11.42063 -24.06580
 -10.96964 -24.02324
 -10.94663 -24.02012
 -11.23682 -24.40965
6 77 -17.6368 -13.7146 -25.5882 -21.9977 'Western (Zambia)'
 -14.01486 -23.22926
 -14.03649 -23.24262
 -13.96817 -23.81915
 -13.90749 -24.33556
 -13.97710 -24.63497
 -14.21185 -25.04553
 -14.43964 -25.03698
 -14.58469 -25.32134
 -14.54020 -25.58817
 -14.64134 -25.50948
 -14.69293 -25.47833
 -14.87369 -25.43164
 -15.53553 -25.27649
 -15.76864 -25.31410
 -15.91164 -25.35274
 -16.08244 -25.39720
 -16.13325 -25.37340
 -16.28225 -25.27919
 -16.32053 -25.23021
 -16.35023 -25.18172
 -16.35366 -25.17599
 -16.35727 -25.16400
 -16.36379 -25.14879
 -16.37701 -25.13376
 -16.40482 -25.10227
 -16.41031 -25.09619
 -16.47128 -25.04301
 -16.50735 -25.02451
 -16.54060 -25.00939
 -16.55479 -25.00626
 -16.80599 -25.10765
 -16.92232 -25.16243
 -16.93083 -25.16374
 -17.03889 -25.17814
 -17.06477 -25.17582
 -17.07250 -25.17480
 -17.54362 -24.98004
 -17.55092 -24.97698
 -17.56010 -24.96897
 -17.56353 -24.96429
 -17.56474 -24.96195
 -17.56542 -24.95907
 -17.56722 -24.94394
 -17.55203 -24.90271
 -17.54697 -24.89667
 -17.53581 -24.88929
 -17.52680 -24.88035
 -17.49736 -24.71179
 -17.49710 -24.70963
 -17.46981 -24.39165
 -17.47307 -24.24844
 -17.47346 -24.24586
 -17.50242 -24.11850
 -17.63679 -23.42912
 -17.54551 -23.24031
 -17.53083 -23.22127
 -17.46285 -23.13743
 -17.05593 -22.71568
 -16.57579 -22.25186
 -16.41254 -22.13634
 -16.20810 -22.00153
 -16.20398 -22.00126
 -16.17823 -22.00073
 -15.83924 -21.99767
 -14.23558 -21.99790
 -14.02791 -21.99829
 -13.71572 -22.00086
 -13.71457 -22.00447
 -13.74484 -22.24076
 -13.74776 -22.26153
 -13.75214 -22.27611
 -13.75488 -22.28123
 -13.87359 -22.47562
 -13.88286 -22.48774
 -13.94384 -23.13913
 -14.00808 -23.22307
 -14.01486 -23.22926
7 71 -14.915 -11.5796 -33.5442 -29.9785 'Eastern (Zambia)'
 -12.01286 -33.30288
 -12.33782 -33.41409
 -12.36138 -33.54416
 -12.53248 -33.32695
 -12.88095 -32.97321
 -13.51387 -32.84680
 -13.96431 -33.10441
 -13.94285 -33.14580
 -13.94577 -33.15836
 -13.95573 -33.17942
 -13.95830 -33.18419
 -13.96448 -33.18950
 -14.00740 -33.21287
 -14.23021 -32.57314
 -14.72975 -31.04540
 -14.91497 -30.46742
 -14.90124 -30.20640
 -14.64958 -30.00856
 -14.59152 -29.97902
 -14.58740 -29.97849
 -13.93675 -30.09540
 -13.91970 -30.89291
 -13.91564 -30.89539
 -13.64314 -31.12535
 -13.60311 -31.16878
 -13.48386 -31.32129
 -13.47479 -31.33678
 -13.45827 -31.37481
 -13.43732 -31.42584
 -13.43040 -31.46633
 -13.43288 -31.48592
 -13.43471 -31.50795
 -13.43288 -31.53632
 -13.36491 -31.61662
 -13.31659 -31.65650
 -13.03208 -31.88155
 -13.00515 -31.90219
 -12.76669 -32.05980
 -12.62432 -32.10462
 -12.10496 -32.28029
 -12.10341 -32.28205
 -12.06428 -32.34094
 -12.06167 -32.34490
 -12.05968 -32.34909
 -12.06281 -32.36070
 -12.06352 -32.36277
 -12.06370 -32.36323
 -12.15139 -32.55361
 -12.16453 -32.56973
 -12.18710 -32.70394
 -12.18315 -32.74828
 -12.18272 -32.75276
 -12.18006 -32.76830
 -12.15242 -32.87138
 -12.11071 -32.93485
 -12.02981 -32.94276
 -11.88502 -33.02198
 -11.59482 -33.20754
 -11.58045 -33.26402
 -11.57959 -33.28260
 -11.58508 -33.29434
 -11.59349 -33.30555
 -11.59933 -33.31238
 -11.60860 -33.31624
 -11.63298 -33.32062
 -11.79691 -33.33535
 -11.91862 -33.32587
 -11.93476 -33.32447
 -11.98797 -33.31183
 -12.00239 -33.30709
 -12.01286 -33.30288
8 104 -13.4347 -9.10269 -33.6755 -29.7813 'Muchinga (Zambia)'
 -9.38353 -32.86414
 -9.40413 -32.92816
 -9.40378 -32.95826
 -9.41906 -32.94601
 -9.42661 -32.94357
 -9.48669 -32.94722
 -9.64256 -33.02416
 -9.64703 -33.03182
 -9.66642 -33.08911
 -9.73646 -33.23396
 -9.83585 -33.35156
 -9.84718 -33.35800
 -10.18639 -33.53187
 -10.18930 -33.53309
 -10.57417 -33.67553
 -11.20331 -33.39217
 -11.59482 -33.20754
 -12.11071 -32.93485
 -12.15242 -32.87138
 -12.18006 -32.76830
 -12.18272 -32.75276
 -12.18315 -32.74828
 -12.18710 -32.70394
 -12.16453 -32.56973
 -12.15139 -32.55361
 -12.06370 -32.36323
 -12.06352 -32.36277
 -12.06281 -32.36070
 -12.05968 -32.34909
 -12.06167 -32.34490
 -12.06428 -32.34094
 -12.10341 -32.28205
 -12.10496 -32.28029
 -12.62432 -32.10462
 -12.76669 -32.05980
 -13.00515 -31.90219
 -13.03208 -31.88155
 -13.31659 -31.65650
 -13.36491 -31.61662
 -13.43288 -31.53632
 -13.43471 -31.50795
 -13.43288 -31.48592
 -13.43040 -31.46633
 -13.42252 -31.43359
 -13.41079 -31.42475
 -13.39517 -31.42104
 -13.28612 -31.39605
 -13.03257 -31.34919
 -13.00587 -31.17617
 -12.87756 -30.74938
 -12.60780 -30.65466
 -12.42966 -30.46401
 -12.00253 -29.99911
 -12.00275 -29.97677
 -12.01239 -29.93986
 -12.02649 -29.91261
 -12.05140 -29.87332
 -12.07110 -29.85397
 -12.08015 -29.84727
 -12.08702 -29.84446
 -12.08926 -29.84396
 -12.09331 -29.84574
 -12.13114 -29.84183
 -12.13861 -29.84084
 -12.14781 -29.82901
 -12.15478 -29.81545
 -12.15770 -29.80718
 -12.15650 -29.80696
 -12.02842 -29.78603
 -11.97782 -29.78133
 -11.95739 -29.78269
 -11.91583 -29.79258
 -11.91207 -29.79406
 -11.90592 -29.80135
 -11.90472 -29.80381
 -11.82268 -30.22541
 -11.81786 -30.25885
 -11.62335 -30.45048
 -11.33018 -30.68656
 -11.28983 -30.71433
 -11.27644 -30.72098
 -11.24185 -30.73560
 -10.75871 -31.13912
 -10.75098 -31.14698
 -10.62910 -31.33115
 -10.62756 -31.33447
 -10.57194 -31.45446
 -10.54413 -31.59759
 -10.47152 -31.74373
 -10.29556 -31.96611
 -10.23685 -31.99943
 -9.63930 -32.33697
 -9.59587 -32.29362
 -9.57150 -32.28056
 -9.56600 -32.27812
 -9.22165 -32.15032
 -9.20431 -32.14997
 -9.13239 -32.17927
 -9.10269 -32.20806
 -9.12209 -32.43702
 -9.13324 -32.46379
 -9.15281 -32.49648
 -9.25117 -32.59351
 -9.38353 -32.86414
9 84 -11.5062 -8.20503 -32.337 -29.1083 'Northern (Zambia)'
 -8.63337 -31.12306
 -9.07711 -31.98777
 -9.07145 -32.01198
 -9.05050 -32.07960
 -9.18749 -32.16528
 -9.63930 -32.33697
 -10.23685 -31.99943
 -10.29556 -31.96611
 -10.47152 -31.74373
 -10.54413 -31.59759
 -10.57194 -31.45446
 -10.62756 -31.33447
 -10.62910 -31.33115
 -10.75098 -31.14698
 -10.75871 -31.13912
 -11.24185 -30.73560
 -11.27644 -30.72098
 -11.28983 -30.71433
 -11.33018 -30.68656
 -11.33154 -30.68506
 -11.47979 -30.51380
 -11.48657 -30.50550
 -11.50200 -30.47859
 -11.50620 -30.46983
 -11.50612 -30.45836
 -11.47694 -30.41734
 -11.40862 -30.32901
 -11.23792 -30.12137
 -11.04995 -29.92437
 -10.89844 -29.88388
 -10.88301 -29.87813
 -10.88170 -29.87722
 -10.88079 -29.87638
 -10.80883 -29.81037
 -10.75354 -29.74067
 -10.71656 -29.65631
 -10.71545 -29.63688
 -10.71665 -29.62447
 -10.85046 -29.39607
 -10.85638 -29.38938
 -10.88247 -29.36107
 -10.91406 -29.35660
 -10.93411 -29.37378
 -10.95893 -29.39876
 -11.03608 -29.42868
 -11.03830 -29.42917
 -11.09950 -29.42467
 -11.11044 -29.38920
 -11.11010 -29.38185
 -11.06838 -29.29229
 -10.98255 -29.21171
 -10.89998 -29.14527
 -10.71407 -29.24127
 -10.34157 -29.49031
 -10.33316 -29.49868
 -10.32852 -29.50461
 -10.30312 -29.54551
 -10.24321 -29.64644
 -10.23306 -29.67569
 -10.21042 -29.75993
 -10.20527 -29.79325
 -10.20527 -29.79918
 -10.21179 -29.80912
 -10.22055 -29.82063
 -10.22312 -29.83127
 -10.22321 -29.83941
 -10.17952 -29.88677
 -10.17368 -29.89130
 -10.05610 -29.93285
 -10.05266 -29.93373
 -9.87551 -29.93581
 -9.83070 -29.92450
 -9.72994 -29.82000
 -9.70282 -29.76776
 -9.69681 -29.72893
 -9.65750 -29.57570
 -9.64222 -29.54331
 -9.53047 -29.35386
 -9.09513 -29.10828
 -9.07840 -29.11106
 -8.38117 -29.56862
 -8.26567 -30.33238
 -8.20503 -30.76763
 -8.63337 -31.12306
