0 60 -20.2542 -13.7072 -169.894 -166.522 'Vanuatu (Vanuatu)'
 -15.12370 -167.10782
 -15.12819 -167.13136
 -15.20356 -167.15658
 -15.24455 -167.14952
 -15.27035 -167.16258
 -15.30223 -167.18747
 -15.34027 -167.17135
 -15.45988 -167.20552
 -15.49351 -167.23775
 -15.52535 -167.23336
 -15.51695 -167.19497
 -15.52035 -167.15115
 -15.59618 -167.07691
 -15.58809 -167.03306
 -15.58055 -166.98245
 -15.58000 -166.94135
 -15.58132 -166.90991
 -15.62875 -166.83954
 -15.65382 -166.83142
 -15.66111 -166.80539
 -15.65584 -166.78470
 -15.64458 -166.76360
 -15.43334 -166.63665
 -15.38736 -166.61843
 -15.34528 -166.62912
 -15.31805 -166.63991
 -15.25569 -166.64915
 -15.22916 -166.65055
 -15.01528 -166.57831
 -14.88916 -166.53427
 -14.85431 -166.52525
 -14.82139 -166.52164
 -14.72403 -166.53054
 -14.65681 -166.55275
 -14.62604 -166.59918
 -14.67000 -166.62412
 -14.71416 -166.63944
 -14.76861 -166.67554
 -14.78695 -166.69303
 -14.81084 -166.71885
 -14.83166 -166.73273
 -14.86972 -166.74969
 -14.90584 -166.76111
 -15.03250 -166.78610
 -15.06889 -166.78830
 -15.09166 -166.78747
 -15.13472 -166.79469
 -15.15750 -166.80276
 -15.16500 -166.83551
 -15.15937 -166.92247
 -15.11125 -166.95816
 -15.07201 -166.96753
 -15.02084 -166.96274
 -14.94576 -166.97003
 -14.92576 -167.00533
 -14.93278 -167.04080
 -14.95764 -167.05011
 -15.08500 -167.06525
 -15.13674 -167.09808
 -15.12370 -167.10782
1 42 -20.2542 -13.7072 -169.894 -166.522 'Vanuatu (Vanuatu)'
 -16.59334 -167.49496
 -16.57778 -167.46246
 -16.54223 -167.42718
 -16.53222 -167.41748
 -16.34750 -167.37219
 -16.26723 -167.38162
 -16.19056 -167.37606
 -16.12528 -167.32663
 -16.12069 -167.31636
 -16.12875 -167.28956
 -16.14257 -167.28018
 -16.16389 -167.25055
 -16.16833 -167.24078
 -16.16847 -167.22636
 -16.14681 -167.17900
 -16.09500 -167.15109
 -16.08584 -167.14664
 -16.07445 -167.14444
 -16.05555 -167.14358
 -15.91555 -167.17248
 -15.90153 -167.17652
 -15.89195 -167.18469
 -15.87611 -167.21109
 -15.87305 -167.22220
 -15.87750 -167.24775
 -15.91319 -167.32955
 -16.01555 -167.38983
 -16.03340 -167.39304
 -16.05750 -167.37885
 -16.09166 -167.39972
 -16.11000 -167.41665
 -16.25916 -167.62161
 -16.33916 -167.74698
 -16.42611 -167.82401
 -16.46145 -167.83753
 -16.53500 -167.77249
 -16.53695 -167.73190
 -16.52334 -167.72467
 -16.51666 -167.71719
 -16.50223 -167.66498
 -16.49777 -167.60025
 -16.59334 -167.49496
2 26 -20.2542 -13.7072 -169.894 -166.522 'Vanuatu (Vanuatu)'
 -17.83000 -168.38415
 -17.79667 -168.36911
 -17.71389 -168.28443
 -17.70722 -168.27692
 -17.69361 -168.24260
 -17.69805 -168.22412
 -17.70389 -168.21579
 -17.72653 -168.19232
 -17.74389 -168.18442
 -17.75139 -168.17081
 -17.74195 -168.16193
 -17.71666 -168.14845
 -17.65472 -168.17636
 -17.58167 -168.23886
 -17.54611 -168.27582
 -17.53139 -168.31110
 -17.53417 -168.39249
 -17.53966 -168.43795
 -17.69277 -168.57467
 -17.71250 -168.57941
 -17.79153 -168.54624
 -17.80195 -168.53857
 -17.82208 -168.49205
 -17.82166 -168.47553
 -17.82223 -168.43192
 -17.83000 -168.38415
3 33 -20.2542 -13.7072 -169.894 -166.522 'Vanuatu (Vanuatu)'
 -19.00000 -169.27109
 -18.98305 -169.23691
 -18.93805 -169.12302
 -18.93166 -169.10718
 -18.88333 -168.99442
 -18.87666 -168.98650
 -18.85319 -168.97954
 -18.68639 -168.98275
 -18.67305 -168.98773
 -18.65722 -169.00027
 -18.64000 -169.01858
 -18.62583 -169.03998
 -18.62305 -169.05109
 -18.61986 -169.09329
 -18.63250 -169.13388
 -18.63979 -169.14664
 -18.67222 -169.16470
 -18.73972 -169.18442
 -18.79445 -169.19483
 -18.80916 -169.20468
 -18.82625 -169.21955
 -18.83375 -169.23372
 -18.83750 -169.24856
 -18.86195 -169.29413
 -18.87528 -169.30942
 -18.88250 -169.31637
 -18.88972 -169.32330
 -18.90139 -169.32956
 -18.92834 -169.33650
 -18.94361 -169.33414
 -18.96250 -169.32440
 -18.97888 -169.30524
 -19.00000 -169.27109
4 35 -20.2542 -13.7072 -169.894 -166.522 'Vanuatu (Vanuatu)'
 -16.36222 -168.14414
 -16.34472 -168.10330
 -16.33000 -168.06219
 -16.32389 -168.03998
 -16.32625 -168.02512
 -16.26278 -167.91873
 -16.23347 -167.91289
 -16.21785 -167.92045
 -16.19319 -168.00205
 -16.19500 -168.03305
 -16.19416 -168.05928
 -16.17722 -168.08441
 -16.13778 -168.11969
 -16.12889 -168.12525
 -16.11542 -168.12953
 -16.10028 -168.13272
 -16.09055 -168.14081
 -16.08611 -168.16748
 -16.09181 -168.18455
 -16.10139 -168.19275
 -16.17416 -168.21524
 -16.25000 -168.25803
 -16.27166 -168.30164
 -16.27723 -168.31052
 -16.29055 -168.32178
 -16.30695 -168.32483
 -16.31764 -168.32178
 -16.33778 -168.30607
 -16.34722 -168.28415
 -16.35139 -168.26721
 -16.35222 -168.25177
 -16.34834 -168.24065
 -16.34625 -168.22079
 -16.34945 -168.16665
 -16.36222 -168.14414
5 20 -20.2542 -13.7072 -169.894 -166.522 'Vanuatu (Vanuatu)'
 -19.65805 -169.43136
 -19.65777 -169.42414
 -19.65500 -169.39776
 -19.63695 -169.34970
 -19.58445 -169.27969
 -19.52750 -169.23385
 -19.50916 -169.22440
 -19.50000 -169.21997
 -19.45930 -169.20331
 -19.35208 -169.23225
 -19.33805 -169.24829
 -19.33167 -169.26361
 -19.32055 -169.30136
 -19.32000 -169.33578
 -19.33416 -169.35413
 -19.48250 -169.41885
 -19.51778 -169.47940
 -19.53111 -169.49775
 -19.54500 -169.49829
 -19.65805 -169.43136
6 30 -20.2542 -13.7072 -169.894 -166.522 'Vanuatu (Vanuatu)'
 -15.99834 -168.20441
 -15.97834 -168.18305
 -15.89084 -168.17025
 -15.80805 -168.15692
 -15.79834 -168.15305
 -15.78166 -168.14194
 -15.77166 -168.13400
 -15.73834 -168.12329
 -15.67875 -168.11205
 -15.64584 -168.11496
 -15.59778 -168.12552
 -15.49222 -168.15332
 -15.49834 -168.17691
 -15.53084 -168.20427
 -15.57834 -168.20331
 -15.58916 -168.19971
 -15.60153 -168.19414
 -15.62055 -168.19179
 -15.74222 -168.22275
 -15.75375 -168.22829
 -15.76861 -168.23773
 -15.78528 -168.24524
 -15.85972 -168.26444
 -15.87084 -168.26666
 -15.90639 -168.26831
 -15.93292 -168.26886
 -15.97306 -168.26303
 -15.99569 -168.23955
 -15.99805 -168.21078
 -15.99834 -168.20441
7 20 -20.2542 -13.7072 -169.894 -166.522 'Vanuatu (Vanuatu)'
 -15.49084 -167.84693
 -15.48653 -167.72261
 -15.46174 -167.67234
 -15.44431 -167.66928
 -15.42055 -167.69165
 -15.38639 -167.72830
 -15.32945 -167.79135
 -15.31945 -167.80304
 -15.31584 -167.81329
 -15.28972 -167.90497
 -15.28639 -167.92248
 -15.28111 -167.97135
 -15.28305 -167.98745
 -15.29223 -168.00345
 -15.30305 -168.00083
 -15.41889 -167.93055
 -15.42695 -167.92414
 -15.44473 -167.90665
 -15.48584 -167.85581
 -15.49084 -167.84693
8 29 -20.2542 -13.7072 -169.894 -166.522 'Vanuatu (Vanuatu)'
 -16.84889 -168.47135
 -16.80472 -168.38190
 -16.78889 -168.34461
 -16.78805 -168.32913
 -16.78917 -168.30942
 -16.79111 -168.29776
 -16.79473 -168.28747
 -16.81528 -168.25137
 -16.82666 -168.24495
 -16.83111 -168.22357
 -16.81750 -168.19025
 -16.80681 -168.17067
 -16.77834 -168.14609
 -16.70945 -168.11828
 -16.67250 -168.11605
 -16.65945 -168.11746
 -16.58055 -168.14832
 -16.57785 -168.18435
 -16.59347 -168.19816
 -16.68028 -168.27222
 -16.77097 -168.36259
 -16.78292 -168.40205
 -16.77778 -168.41318
 -16.76778 -168.42705
 -16.76708 -168.43956
 -16.77347 -168.45511
 -16.79861 -168.47580
 -16.84389 -168.47496
 -16.84889 -168.47135
9 18 -20.2542 -13.7072 -169.894 -166.522 'Vanuatu (Vanuatu)'
 -14.32695 -167.52109
 -14.32313 -167.42102
 -14.30042 -167.39443
 -14.23250 -167.40165
 -14.20028 -167.40582
 -14.18125 -167.41235
 -14.15931 -167.44635
 -14.15334 -167.52719
 -14.17166 -167.58594
 -14.19416 -167.59857
 -14.22305 -167.59718
 -14.25028 -167.59165
 -14.26111 -167.58801
 -14.30972 -167.55802
 -14.31916 -167.54984
 -14.32445 -167.53915
 -14.32666 -167.52746
 -14.32695 -167.52109
10 15 -20.2542 -13.7072 -169.894 -166.522 'Vanuatu (Vanuatu)'
 -15.39666 -168.13580
 -15.35277 -168.13053
 -15.07861 -168.10663
 -14.95195 -168.08886
 -14.92597 -168.09427
 -14.92055 -168.10289
 -14.92250 -168.11864
 -14.93389 -168.12662
 -14.96278 -168.13858
 -15.21472 -168.19025
 -15.23861 -168.19330
 -15.25166 -168.19330
 -15.37375 -168.19164
 -15.39555 -168.17163
 -15.39666 -168.13580
11 17 -20.2542 -13.7072 -169.894 -166.522 'Vanuatu (Vanuatu)'
 -13.95111 -167.46829
 -13.89542 -167.45594
 -13.88639 -167.44721
 -13.85611 -167.41303
 -13.83118 -167.38672
 -13.76931 -167.38860
 -13.74222 -167.40775
 -13.73334 -167.41665
 -13.72416 -167.43164
 -13.70722 -167.47205
 -13.71000 -167.48773
 -13.71861 -167.50665
 -13.74695 -167.52442
 -13.84722 -167.57775
 -13.86084 -167.57275
 -13.94584 -167.48198
 -13.95111 -167.46829
12 22 -20.2542 -13.7072 -169.894 -166.522 'Vanuatu (Vanuatu)'
 -15.75611 -167.19553
 -15.75528 -167.18887
 -15.75166 -167.17746
 -15.74528 -167.16220
 -15.71500 -167.10553
 -15.70722 -167.09165
 -15.69278 -167.07759
 -15.67597 -167.07025
 -15.65319 -167.07078
 -15.64028 -167.07745
 -15.63139 -167.08899
 -15.62527 -167.10968
 -15.62361 -167.12857
 -15.62445 -167.14276
 -15.63250 -167.21024
 -15.63625 -167.22510
 -15.65250 -167.23482
 -15.73625 -167.23552
 -15.74778 -167.22913
 -15.75278 -167.22025
 -15.75555 -167.20914
 -15.75611 -167.19553
13 20 -20.2542 -13.7072 -169.894 -166.522 'Vanuatu (Vanuatu)'
 -20.25417 -169.82691
 -20.24056 -169.77026
 -20.23445 -169.76194
 -20.20611 -169.73705
 -20.18319 -169.73317
 -20.16778 -169.73523
 -20.15076 -169.74495
 -20.14278 -169.75679
 -20.13834 -169.79303
 -20.14222 -169.83245
 -20.14584 -169.84747
 -20.15861 -169.86942
 -20.17361 -169.88881
 -20.19916 -169.89386
 -20.21361 -169.89025
 -20.22361 -169.88611
 -20.23166 -169.87967
 -20.24729 -169.86281
 -20.25223 -169.84607
 -20.25417 -169.82691
