0 214 37.3234 42.3504 -57.165 -51.2502 'Krasnovodsk (Turkmenistan)'
 38.07121 -56.21970
 38.09472 -56.16875
 38.08665 -56.10999
 38.08041 -56.07708
 38.07500 -56.04319
 38.07249 -55.98707
 38.09388 -55.86833
 38.10665 -55.83471
 38.12249 -55.80638
 38.12416 -55.76388
 38.12068 -55.73332
 38.11138 -55.69165
 38.10889 -55.67027
 38.09833 -55.55665
 38.09083 -55.46944
 38.08333 -55.43763
 38.06777 -55.41415
 38.04861 -55.39444
 38.03846 -55.37652
 37.98194 -55.22943
 37.96471 -55.17944
 37.95492 -55.14006
 37.90582 -55.07041
 37.88722 -55.05416
 37.86583 -55.03777
 37.80499 -54.95471
 37.78416 -54.91999
 37.77499 -54.89027
 37.76666 -54.86333
 37.74638 -54.83305
 37.71111 -54.80972
 37.64305 -54.78186
 37.62395 -54.79354
 37.57791 -54.80887
 37.51388 -54.78069
 37.49555 -54.75638
 37.44013 -54.66875
 37.44027 -54.63055
 37.44833 -54.60471
 37.45291 -54.58013
 37.44415 -54.54583
 37.43055 -54.51277
 37.41415 -54.48221
 37.38611 -54.42471
 37.37791 -54.40568
 37.36083 -54.35610
 37.33027 -54.20166
 37.35085 -53.90564
 37.33535 -53.67732
 37.32344 -53.52710
 37.48360 -53.22690
 37.49008 -53.21443
 37.56508 -53.07026
 37.61259 -53.00034
 37.66855 -52.86824
 37.71886 -52.73814
 37.77764 -52.65501
 37.79701 -52.54520
 37.85233 -52.14177
 37.87941 -52.07124
 37.92783 -51.97160
 38.10128 -51.78828
 38.25587 -51.63261
 38.48395 -51.46589
 38.71485 -51.29271
 38.95371 -51.29455
 39.15105 -51.47820
 39.40817 -51.65331
 39.47577 -51.63191
 39.52705 -51.63543
 39.59908 -51.65265
 39.64438 -51.66845
 39.82551 -51.67344
 40.29601 -51.67701
 40.47007 -51.67123
 40.67204 -51.63827
 40.78075 -51.58754
 40.92519 -51.53362
 41.11677 -51.35434
 41.23121 -51.25018
 41.34852 -51.54537
 41.50201 -51.90617
 41.59915 -52.17235
 41.74094 -52.44007
 41.78082 -52.49138
 42.01611 -52.80721
 42.09360 -52.92305
 42.11235 -52.95707
 42.13569 -53.00625
 42.23583 -53.31666
 42.24333 -53.34083
 42.25722 -53.39805
 42.26791 -53.44659
 42.27944 -53.54055
 42.28416 -53.59805
 42.28695 -53.64194
 42.28916 -53.66305
 42.30665 -53.77194
 42.32485 -53.87722
 42.33027 -53.90360
 42.33860 -53.93513
 42.34860 -53.99555
 42.35041 -54.02333
 42.34860 -54.05555
 42.33721 -54.17305
 42.33250 -54.19860
 42.32249 -54.22582
 42.31055 -54.24833
 42.26833 -54.31527
 42.15332 -54.56694
 42.07333 -54.73221
 42.05888 -54.76111
 41.92999 -54.93415
 41.90062 -54.96274
 41.85527 -54.95833
 41.81645 -54.96277
 41.79250 -54.98069
 41.77138 -55.00194
 41.73360 -55.04791
 41.65194 -55.12583
 41.62499 -55.14666
 41.56276 -55.19388
 41.54361 -55.20722
 41.50555 -55.22776
 41.48875 -55.23999
 41.43971 -55.28916
 41.42388 -55.31666
 41.40833 -55.35555
 41.38888 -55.39249
 41.37069 -55.40749
 41.35165 -55.41472
 41.30832 -55.43610
 41.28867 -55.45478
 41.26388 -55.52888
 41.26721 -55.65249
 41.28875 -55.80583
 41.30000 -55.83388
 41.32097 -55.86527
 41.33152 -55.89444
 41.33360 -55.93360
 41.32845 -56.00096
 41.32555 -56.01500
 41.31527 -56.21500
 41.30638 -56.36027
 41.29695 -56.52361
 41.29829 -56.53375
 41.24777 -56.53666
 41.11860 -56.59415
 41.09610 -56.60610
 41.04305 -56.65055
 41.00096 -56.70638
 40.92846 -56.77957
 40.73221 -56.88166
 40.59583 -56.98777
 40.55180 -57.03111
 40.51500 -57.05138
 40.30888 -57.12818
 40.27749 -57.12415
 40.23444 -57.10305
 40.09217 -57.16500
 40.07138 -57.13527
 40.05360 -57.10527
 40.03666 -57.06527
 40.00750 -57.00680
 39.99638 -56.98915
 39.94749 -57.00527
 39.91276 -57.01777
 39.85695 -57.03695
 39.80805 -57.05361
 39.78027 -57.06305
 39.66860 -57.10083
 39.61655 -57.10855
 39.58083 -56.99055
 39.23972 -56.85638
 39.12027 -56.80944
 38.84694 -56.70388
 38.76152 -56.68638
 38.64027 -56.63194
 38.62715 -56.59131
 38.59444 -56.57875
 38.48822 -56.58270
 38.46082 -56.66082
 38.45665 -56.68138
 38.45638 -56.71583
 38.45750 -56.73944
 38.46395 -56.77207
 38.46013 -56.90103
 38.42819 -56.92708
 38.40360 -56.93846
 38.38026 -56.95415
 38.35777 -56.98888
 38.29445 -57.09527
 38.26009 -57.14979
 38.23978 -57.13686
 38.19541 -57.06263
 38.21138 -56.94249
 38.22561 -56.86671
 38.23405 -56.83957
 38.25282 -56.79603
 38.26694 -56.77388
 38.28626 -56.75575
 38.26694 -56.69526
 38.25902 -56.56972
 38.26611 -56.54277
 38.26305 -56.47110
 38.25999 -56.44276
 38.25207 -56.41930
 38.23137 -56.38555
 38.21860 -56.36721
 38.18284 -56.32298
 38.16270 -56.32673
 38.13603 -56.34965
 38.08694 -56.33180
 38.07121 -56.21970
1 225 35.5548 40.1983 -61.5983 -56.5787 'Ashkhabad (Turkmenistan)'
 35.60725 -61.27655
 35.63276 -61.25361
 35.66263 -61.23318
 35.69228 -61.23047
 35.81652 -61.26208
 35.89138 -61.23707
 35.90388 -61.22582
 35.93749 -61.21166
 36.06916 -61.20110
 36.10861 -61.21694
 36.13999 -61.22137
 36.17888 -61.22082
 36.28666 -61.18444
 36.41971 -61.16263
 36.56895 -61.18950
 36.63221 -61.16666
 36.65041 -61.15374
 36.65055 -61.07277
 36.64972 -60.93444
 36.64888 -60.79639
 36.64749 -60.66694
 36.64722 -60.64083
 36.64610 -60.50278
 36.64555 -60.36472
 36.65805 -60.33125
 36.87110 -60.15749
 36.89166 -60.14138
 36.93694 -60.10610
 36.95861 -60.09180
 36.98888 -60.07638
 37.01166 -60.06346
 37.04382 -60.01583
 37.12471 -59.81305
 37.14722 -59.71555
 37.20833 -59.54611
 37.23276 -59.47999
 37.32305 -59.39305
 37.34361 -59.38722
 37.40415 -59.37194
 37.42471 -59.37055
 37.47131 -59.37589
 37.49596 -59.37555
 37.53555 -59.34305
 37.54083 -59.31568
 37.53597 -59.29347
 37.51715 -59.25985
 37.51805 -59.23805
 37.53305 -59.20222
 37.57666 -59.13388
 37.61194 -59.08166
 37.63138 -59.05277
 37.65471 -58.98082
 37.66860 -58.93360
 37.67096 -58.80631
 37.64972 -58.71944
 37.65312 -58.67471
 37.66166 -58.64638
 37.64555 -58.49249
 37.64027 -58.47068
 37.64111 -58.40721
 37.67867 -58.23374
 37.69881 -58.22096
 37.72124 -58.22444
 37.78625 -58.19777
 37.79639 -58.17444
 37.92645 -57.69965
 37.92527 -57.61444
 37.92722 -57.52860
 37.93846 -57.45402
 37.97471 -57.37887
 37.99325 -57.35166
 38.07000 -57.37082
 38.09055 -57.37207
 38.27235 -57.24152
 38.28264 -57.20846
 38.28180 -57.18249
 38.27027 -57.15888
 38.26009 -57.14979
 38.29445 -57.09527
 38.35777 -56.98888
 38.38026 -56.95415
 38.40360 -56.93846
 38.42819 -56.92708
 38.46013 -56.90103
 38.46395 -56.77207
 38.45750 -56.73944
 38.45638 -56.71583
 38.45665 -56.68138
 38.46082 -56.66082
 38.48822 -56.58270
 38.59444 -56.57875
 38.62715 -56.59131
 38.64027 -56.63194
 38.76152 -56.68638
 38.84694 -56.70388
 39.12027 -56.80944
 39.23972 -56.85638
 39.58083 -56.99055
 39.61655 -57.10855
 39.66860 -57.10083
 39.78027 -57.06305
 39.80805 -57.05361
 39.85695 -57.03695
 39.91276 -57.01777
 39.94749 -57.00527
 39.99638 -56.98915
 40.00750 -57.00680
 40.03666 -57.06527
 40.05360 -57.10527
 40.07138 -57.13527
 40.09217 -57.16500
 40.07520 -57.17604
 40.03264 -57.26985
 40.04382 -57.35805
 40.07138 -57.39097
 40.08582 -57.41583
 40.09860 -57.45361
 40.10333 -57.49291
 40.10596 -57.70610
 40.10333 -57.74805
 40.10055 -57.77860
 40.09694 -57.88833
 40.10416 -57.97555
 40.10861 -58.00083
 40.13055 -58.11999
 40.16444 -58.28111
 40.19833 -58.37583
 40.19471 -58.51416
 40.16555 -58.67972
 40.10972 -58.98750
 40.05526 -59.03695
 40.01639 -59.10972
 40.00111 -59.14027
 40.00111 -59.18971
 40.00139 -59.37249
 40.00111 -59.87360
 40.00027 -60.00139
 39.96998 -60.00222
 39.87165 -60.00194
 39.64777 -60.00055
 39.60527 -60.04888
 39.58340 -60.08006
 39.61027 -60.19583
 39.62752 -60.26638
 39.60444 -60.29333
 39.55680 -60.30436
 39.52680 -60.31611
 39.47207 -60.36124
 39.48221 -60.49027
 39.48879 -60.51719
 39.48333 -60.52805
 39.49499 -60.80583
 39.51555 -61.00305
 39.51382 -61.02222
 39.36305 -61.02276
 39.32610 -61.02276
 39.30249 -60.89027
 39.28111 -60.77749
 39.24722 -60.77027
 39.14527 -60.74694
 39.02665 -60.71944
 38.93111 -60.69665
 38.92500 -60.58665
 38.83999 -60.57027
 38.74694 -60.55083
 38.74485 -60.46312
 38.30902 -60.59415
 38.14388 -60.79777
 38.08555 -60.87083
 37.89027 -60.99749
 37.87832 -60.88625
 37.71041 -60.95985
 37.68763 -60.84415
 37.42430 -60.94680
 37.39485 -60.96131
 37.38415 -60.98124
 37.38238 -61.03394
 37.38555 -61.06319
 37.37999 -61.15805
 37.37471 -61.17777
 37.29985 -61.39277
 37.28513 -61.41291
 37.26555 -61.42111
 37.23194 -61.41791
 37.20000 -61.40083
 37.18291 -61.38360
 37.17096 -61.36111
 37.16361 -61.33777
 37.16041 -61.30999
 37.16485 -61.27264
 37.17471 -61.25069
 37.20291 -61.22929
 37.24444 -61.22971
 37.28638 -61.21500
 37.30444 -61.20416
 37.32375 -61.19068
 37.34513 -61.17125
 37.36041 -61.14749
 37.36888 -61.08902
 37.36250 -60.99875
 36.98388 -61.28805
 36.69860 -61.50527
 36.49222 -61.50750
 36.37194 -61.50861
 36.21721 -61.50972
 36.13110 -61.51055
 36.01944 -61.51208
 36.01125 -61.58319
 35.94805 -61.59833
 35.93499 -61.57833
 35.91749 -61.54069
 35.91666 -61.49972
 35.90881 -61.46909
 35.88867 -61.45659
 35.84867 -61.47818
 35.82888 -61.49722
 35.79834 -61.53444
 35.75055 -61.55860
 35.63416 -61.53138
 35.60916 -61.50527
 35.59249 -61.48444
 35.55477 -61.42935
 35.63610 -61.37505
 35.62854 -61.29638
 35.60725 -61.27655
2 228 39.4721 42.7962 -61.0042 -56.5338 'Tashauz (Turkmenistan)'
 41.20987 -61.00420
 41.09471 -61.00278
 41.03833 -61.00194
 41.00222 -61.00139
 41.00277 -60.75777
 41.00333 -60.57083
 41.00194 -60.24749
 40.86055 -60.24805
 40.50777 -60.25111
 40.33583 -60.25319
 40.33222 -60.28999
 40.32972 -60.49138
 40.18833 -60.49361
 40.00444 -60.49749
 39.49583 -60.50861
 39.48879 -60.51719
 39.48221 -60.49027
 39.47207 -60.36124
 39.52680 -60.31611
 39.55680 -60.30436
 39.60444 -60.29333
 39.62752 -60.26638
 39.61027 -60.19583
 39.58340 -60.08006
 39.60527 -60.04888
 39.64777 -60.00055
 39.87165 -60.00194
 39.96998 -60.00222
 40.00027 -60.00139
 40.00111 -59.87360
 40.00139 -59.37249
 40.00111 -59.18971
 40.00111 -59.14027
 40.01639 -59.10972
 40.05526 -59.03695
 40.10972 -58.98750
 40.16555 -58.67972
 40.19471 -58.51416
 40.19833 -58.37583
 40.16444 -58.28111
 40.13055 -58.11999
 40.10861 -58.00083
 40.10416 -57.97555
 40.09694 -57.88833
 40.10055 -57.77860
 40.10333 -57.74805
 40.10596 -57.70610
 40.10333 -57.49291
 40.09860 -57.45361
 40.08582 -57.41583
 40.07138 -57.39097
 40.04382 -57.35805
 40.03264 -57.26985
 40.07520 -57.17604
 40.09217 -57.16500
 40.23444 -57.10305
 40.27749 -57.12415
 40.30888 -57.12818
 40.51500 -57.05138
 40.55180 -57.03111
 40.59583 -56.98777
 40.73221 -56.88166
 40.92846 -56.77957
 41.00096 -56.70638
 41.04305 -56.65055
 41.09610 -56.60610
 41.11860 -56.59415
 41.24777 -56.53666
 41.29829 -56.53375
 41.29611 -56.54277
 41.28916 -56.64415
 41.28805 -56.66694
 41.28722 -56.69721
 41.29250 -56.74805
 41.29888 -56.79834
 41.29861 -56.83555
 41.28833 -56.88527
 41.27694 -56.92208
 41.26999 -56.95610
 41.25945 -57.03791
 41.26791 -57.05707
 41.34583 -57.13388
 41.39083 -57.11596
 41.40680 -57.08944
 41.44276 -57.05707
 41.47179 -57.04110
 41.68194 -56.97748
 41.86014 -56.96971
 41.88902 -56.98263
 41.90402 -57.00444
 41.91026 -57.02916
 41.91846 -57.06735
 41.92763 -57.09722
 41.94333 -57.12207
 41.96111 -57.14249
 41.99027 -57.16791
 42.03291 -57.19034
 42.06361 -57.21111
 42.09527 -57.24583
 42.10972 -57.26416
 42.12305 -57.28749
 42.13860 -57.32361
 42.14972 -57.35222
 42.15929 -57.37819
 42.17111 -57.41750
 42.17388 -57.44499
 42.17527 -57.47387
 42.17333 -57.49777
 42.17027 -57.52222
 42.16305 -57.57999
 42.15415 -57.62013
 42.15360 -57.66444
 42.18776 -57.83860
 42.21082 -57.87276
 42.26527 -57.90833
 42.34222 -57.95416
 42.37047 -57.96165
 42.39916 -57.94805
 42.44555 -57.94360
 42.50135 -58.02150
 42.50805 -58.05361
 42.50750 -58.07638
 42.50388 -58.10166
 42.47137 -58.25139
 42.46277 -58.28334
 42.44694 -58.32500
 42.42514 -58.37125
 42.39902 -58.40436
 42.35861 -58.41624
 42.30635 -58.40881
 42.29472 -58.44165
 42.30253 -58.50676
 42.52138 -58.34276
 42.55014 -58.31291
 42.56110 -58.29319
 42.57277 -58.25472
 42.57861 -58.22915
 42.58833 -58.19944
 42.61117 -58.15179
 42.64242 -58.15297
 42.69402 -58.26666
 42.69652 -58.30208
 42.68860 -58.33360
 42.67444 -58.36721
 42.66332 -58.40575
 42.65915 -58.46111
 42.65777 -58.52166
 42.66096 -58.55652
 42.67333 -58.57333
 42.69555 -58.58250
 42.71638 -58.58624
 42.75972 -58.59166
 42.78083 -58.59652
 42.79617 -58.61354
 42.70388 -58.73055
 42.66291 -58.77575
 42.63763 -58.80457
 42.60416 -58.85027
 42.54084 -58.95166
 42.53235 -58.97805
 42.52527 -59.02388
 42.52388 -59.04722
 42.52555 -59.06805
 42.53138 -59.09332
 42.54444 -59.14339
 42.49735 -59.21610
 42.47665 -59.23944
 42.44680 -59.25999
 42.42208 -59.25972
 42.39485 -59.25903
 42.36749 -59.26583
 42.35111 -59.27930
 42.29972 -59.42555
 42.29388 -59.44902
 42.29166 -59.48721
 42.29361 -59.52999
 42.29944 -59.55889
 42.30888 -59.62222
 42.32249 -59.73583
 42.31610 -59.85750
 42.29846 -59.91423
 42.21749 -60.01445
 42.16361 -60.02665
 42.03249 -60.02805
 41.91110 -60.13722
 41.89152 -60.14915
 41.88387 -60.15276
 41.86055 -60.18041
 41.82423 -60.25305
 41.79104 -60.27415
 41.77409 -60.25930
 41.78069 -60.22568
 41.79500 -60.19332
 41.80625 -60.14333
 41.80277 -60.11680
 41.78735 -60.09444
 41.75916 -60.07132
 41.73055 -60.07583
 41.65972 -60.13611
 41.63180 -60.16068
 41.59055 -60.18395
 41.57361 -60.16069
 41.55763 -60.12137
 41.53075 -60.09735
 41.44547 -60.07777
 41.41075 -60.09215
 41.38110 -60.14027
 41.37277 -60.15972
 41.35944 -60.19415
 41.34916 -60.22276
 41.33875 -60.26457
 41.31444 -60.32583
 41.30541 -60.34430
 41.28777 -60.37444
 41.26305 -60.40888
 41.24222 -60.43249
 41.22902 -60.45375
 41.22110 -60.47999
 41.21763 -60.51812
 41.23165 -60.59388
 41.24583 -60.65638
 41.25277 -60.67999
 41.25805 -60.70499
 41.25777 -60.81194
 41.25097 -60.93999
 41.24583 -60.96277
 41.23444 -60.98180
 41.20987 -61.00420
3 220 36.8489 41.3024 -66.6709 -60.2475 'Chardzhou (Turkmenistan)'
 37.36638 -66.53774
 37.36166 -66.51242
 37.34415 -66.48984
 37.32152 -66.45450
 37.31888 -66.44085
 37.34374 -66.41388
 37.33665 -66.35235
 37.32611 -66.31763
 37.32652 -66.28748
 37.37194 -66.18637
 37.42138 -66.10525
 37.45527 -66.00805
 37.53750 -65.77193
 37.53256 -65.69755
 37.51694 -65.68109
 37.49499 -65.66665
 37.45388 -65.64569
 37.42749 -65.64429
 37.39617 -65.64992
 37.35228 -65.64853
 37.26132 -65.56305
 37.24791 -65.52415
 37.24499 -65.46775
 37.24437 -65.43725
 37.24860 -65.39138
 37.24860 -65.36220
 37.24610 -65.09332
 37.24291 -65.06679
 37.23555 -65.04359
 37.14805 -64.84444
 37.13860 -64.82305
 37.12152 -64.79373
 37.10249 -64.78068
 37.06264 -64.77763
 37.02805 -64.78554
 37.00722 -64.79026
 36.95541 -64.80005
 36.91944 -64.79290
 36.89388 -64.77638
 36.85063 -64.74433
 36.84887 -64.63054
 36.85139 -64.20749
 36.85166 -63.83694
 36.85083 -63.74860
 36.85055 -63.66027
 36.85055 -63.50194
 36.90388 -63.49972
 37.33722 -63.48846
 37.35861 -63.50944
 37.42805 -63.57944
 37.59665 -63.74111
 37.61500 -63.72193
 37.68360 -63.64666
 37.90055 -63.40665
 38.07680 -63.20930
 38.15138 -62.97193
 38.20194 -62.79722
 38.32388 -62.65471
 38.47971 -62.47221
 38.61277 -62.31444
 38.74055 -62.16137
 38.89388 -61.97499
 39.15582 -61.65305
 39.26472 -61.51805
 39.43860 -61.30083
 39.50305 -61.21860
 39.50833 -61.12777
 39.51382 -61.02222
 39.51555 -61.00305
 39.49499 -60.80583
 39.48333 -60.52805
 39.48879 -60.51719
 39.49583 -60.50861
 40.00444 -60.49749
 40.18833 -60.49361
 40.32972 -60.49138
 40.33222 -60.28999
 40.33583 -60.25319
 40.50777 -60.25111
 40.86055 -60.24805
 41.00194 -60.24749
 41.00333 -60.57083
 41.00277 -60.75777
 41.00222 -61.00139
 41.03833 -61.00194
 41.09471 -61.00278
 41.20987 -61.00420
 41.23027 -61.02249
 41.23721 -61.08583
 41.23221 -61.13895
 41.20610 -61.16152
 41.16735 -61.24527
 41.16290 -61.28999
 41.17305 -61.32930
 41.19291 -61.36194
 41.21402 -61.37971
 41.26791 -61.39485
 41.29881 -61.41485
 41.30235 -61.44638
 41.26749 -61.61138
 41.25930 -61.63235
 41.20277 -61.73777
 41.12555 -61.87416
 41.11166 -61.89333
 41.04430 -61.94791
 41.00861 -61.97055
 40.97124 -61.98415
 40.94583 -61.98750
 40.92125 -61.98534
 40.87763 -61.98638
 40.83997 -61.99930
 40.71915 -62.04472
 40.60665 -62.11250
 40.56444 -62.14111
 40.50421 -62.18553
 40.49361 -62.19249
 40.48026 -62.21666
 40.47339 -62.25923
 40.43944 -62.33611
 40.42457 -62.35264
 40.27805 -62.39888
 40.22027 -62.41082
 40.12833 -62.42514
 40.10749 -62.41833
 40.08235 -62.42180
 40.03234 -62.44121
 39.93055 -62.55541
 39.90971 -62.58444
 39.82944 -62.72721
 39.79972 -62.78944
 39.78749 -62.81347
 39.74888 -62.87972
 39.73583 -62.90165
 39.69777 -62.95527
 39.66694 -63.00000
 39.64444 -63.03861
 39.61721 -63.09332
 39.59916 -63.13027
 39.56666 -63.19915
 39.52833 -63.28082
 39.49833 -63.34249
 39.42333 -63.47860
 39.39861 -63.51861
 39.36444 -63.56138
 39.32972 -63.59583
 39.27916 -63.64361
 39.26333 -63.65721
 39.22416 -63.69388
 39.20776 -63.71041
 39.15360 -63.81388
 39.11388 -63.89305
 39.06805 -63.98333
 39.02972 -64.04387
 39.00069 -64.08638
 38.97555 -64.13247
 38.95375 -64.17790
 38.95207 -64.20567
 38.95957 -64.23442
 38.97276 -64.26694
 38.98541 -64.30290
 38.99075 -64.33812
 38.97152 -64.36693
 38.95313 -64.38303
 38.94555 -64.38860
 38.92944 -64.40193
 38.91388 -64.41638
 38.89694 -64.43484
 38.87388 -64.46471
 38.76138 -64.63165
 38.73902 -64.67152
 38.70833 -64.74665
 38.68999 -64.79804
 38.66610 -64.87498
 38.65680 -64.90763
 38.64888 -64.93525
 38.63194 -64.97638
 38.62165 -64.99526
 38.54805 -65.10665
 38.53334 -65.12387
 38.51194 -65.15165
 38.47694 -65.19886
 38.43472 -65.25665
 38.41082 -65.29221
 38.38985 -65.32818
 38.26833 -65.56442
 38.25388 -65.59721
 38.24361 -65.62776
 38.23638 -65.65776
 38.22805 -65.69553
 38.22582 -65.71638
 38.22582 -65.73915
 38.23444 -65.77693
 38.25743 -65.80505
 38.27361 -65.84027
 38.28201 -65.87825
 38.24110 -66.05582
 38.23319 -66.07833
 38.14735 -66.26561
 38.12222 -66.28595
 38.09568 -66.30636
 38.08180 -66.32610
 38.04361 -66.42387
 38.03743 -66.45144
 38.04208 -66.49220
 38.04333 -66.52054
 38.04084 -66.54136
 38.03500 -66.57026
 38.02444 -66.60026
 38.01555 -66.62025
 37.99652 -66.65137
 37.98164 -66.66609
 37.96465 -66.67088
 37.92707 -66.65998
 37.90485 -66.63776
 37.88472 -66.61609
 37.81819 -66.55428
 37.78083 -66.53984
 37.53194 -66.51694
 37.39026 -66.51915
 37.36638 -66.53774
4 182 35.146 39.5138 -64.7443 -60.4631 'Mary (Turkmenistan)'
 35.55477 -61.42935
 35.59249 -61.48444
 35.60916 -61.50527
 35.63416 -61.53138
 35.75055 -61.55860
 35.79834 -61.53444
 35.82888 -61.49722
 35.84867 -61.47818
 35.88867 -61.45659
 35.90881 -61.46909
 35.91666 -61.49972
 35.91749 -61.54069
 35.93499 -61.57833
 35.94805 -61.59833
 36.01125 -61.58319
 36.01944 -61.51208
 36.13110 -61.51055
 36.21721 -61.50972
 36.37194 -61.50861
 36.49222 -61.50750
 36.69860 -61.50527
 36.98388 -61.28805
 37.36250 -60.99875
 37.36888 -61.08902
 37.36041 -61.14749
 37.34513 -61.17125
 37.32375 -61.19068
 37.30444 -61.20416
 37.28638 -61.21500
 37.24444 -61.22971
 37.20291 -61.22929
 37.17471 -61.25069
 37.16485 -61.27264
 37.16041 -61.30999
 37.16361 -61.33777
 37.17096 -61.36111
 37.18291 -61.38360
 37.20000 -61.40083
 37.23194 -61.41791
 37.26555 -61.42111
 37.28513 -61.41291
 37.29985 -61.39277
 37.37471 -61.17777
 37.37999 -61.15805
 37.38555 -61.06319
 37.38238 -61.03394
 37.38415 -60.98124
 37.39485 -60.96131
 37.42430 -60.94680
 37.68763 -60.84415
 37.71041 -60.95985
 37.87832 -60.88625
 37.89027 -60.99749
 38.08555 -60.87083
 38.14388 -60.79777
 38.30902 -60.59415
 38.74485 -60.46312
 38.74694 -60.55083
 38.83999 -60.57027
 38.92500 -60.58665
 38.93111 -60.69665
 39.02665 -60.71944
 39.14527 -60.74694
 39.24722 -60.77027
 39.28111 -60.77749
 39.30249 -60.89027
 39.32610 -61.02276
 39.36305 -61.02276
 39.51382 -61.02222
 39.50833 -61.12777
 39.50305 -61.21860
 39.43860 -61.30083
 39.26472 -61.51805
 39.15582 -61.65305
 38.89388 -61.97499
 38.74055 -62.16137
 38.61277 -62.31444
 38.47971 -62.47221
 38.32388 -62.65471
 38.20194 -62.79722
 38.15138 -62.97193
 38.07680 -63.20930
 37.90055 -63.40665
 37.68360 -63.64666
 37.61500 -63.72193
 37.59665 -63.74111
 37.42805 -63.57944
 37.35861 -63.50944
 37.33722 -63.48846
 36.90388 -63.49972
 36.85055 -63.50194
 36.85055 -63.66027
 36.85083 -63.74860
 36.85166 -63.83694
 36.85139 -64.20749
 36.84887 -64.63054
 36.85063 -64.74433
 36.80277 -64.71555
 36.76833 -64.69359
 36.71014 -64.65207
 36.68902 -64.63735
 36.66388 -64.62609
 36.63638 -64.61693
 36.59999 -64.60985
 36.56735 -64.61457
 36.53208 -64.63039
 36.48638 -64.63305
 36.45360 -64.62595
 36.42361 -64.61526
 36.39695 -64.60138
 36.36944 -64.58137
 36.29944 -64.52388
 36.28055 -64.50360
 36.25138 -64.46638
 36.24604 -64.42713
 36.23082 -64.35332
 36.16472 -64.16457
 36.12332 -64.09498
 36.03916 -63.97777
 36.03833 -63.92721
 36.03163 -63.88897
 35.98764 -63.80138
 35.97874 -63.76888
 35.97083 -63.69805
 35.96915 -63.65555
 35.96944 -63.63333
 35.96749 -63.61305
 35.95825 -63.58999
 35.91791 -63.55014
 35.90291 -63.52277
 35.85722 -63.34249
 35.85222 -63.31722
 35.85166 -63.29583
 35.85277 -63.27276
 35.85665 -63.24027
 35.86166 -63.20444
 35.86279 -63.12311
 35.83194 -63.10485
 35.76416 -63.15833
 35.67361 -63.18472
 35.65276 -63.13722
 35.63374 -63.10534
 35.55638 -63.09930
 35.53972 -63.12443
 35.45694 -63.10735
 35.43221 -63.08680
 35.42999 -63.05055
 35.42777 -63.02305
 35.41583 -62.98611
 35.38416 -62.92249
 35.37416 -62.90332
 35.35749 -62.88319
 35.32416 -62.83694
 35.25764 -62.72707
 35.22582 -62.62999
 35.23666 -62.54957
 35.25861 -62.52791
 35.27375 -62.51305
 35.28756 -62.46954
 35.26500 -62.42722
 35.25055 -62.41055
 35.22721 -62.38722
 35.19860 -62.36111
 35.16999 -62.33902
 35.14599 -62.31212
 35.20145 -62.27381
 35.25625 -62.26999
 35.33582 -62.16361
 35.36805 -62.13256
 35.37471 -62.12777
 35.41999 -62.07249
 35.44124 -62.04270
 35.45888 -61.99166
 35.45916 -61.96569
 35.41888 -61.81750
 35.41165 -61.79833
 35.44415 -61.59583
 35.45083 -61.57666
 35.48374 -61.52846
 35.50944 -61.50333
 35.55165 -61.44680
 35.55477 -61.42935
