0 57 46.7202 47.4582 -17.2231 -16.1118 'Vas (Hungary)'
 47.04277 -17.08916
 47.02527 -17.07000
 46.96535 -16.95361
 46.95555 -16.82195
 46.93833 -16.68972
 46.92735 -16.64750
 46.90277 -16.61584
 46.80472 -16.49861
 46.75333 -16.41416
 46.72277 -16.37533
 46.72020 -16.35930
 46.75583 -16.32527
 46.79430 -16.31548
 46.80916 -16.33722
 46.84235 -16.34903
 46.86930 -16.29819
 46.87445 -16.26972
 46.87625 -16.22945
 46.86458 -16.18104
 46.85916 -16.13979
 46.86972 -16.11180
 46.87889 -16.13792
 46.95833 -16.25361
 46.98805 -16.27666
 47.01138 -16.30277
 47.00999 -16.34695
 47.00777 -16.41250
 47.00472 -16.44500
 47.00676 -16.50486
 47.11500 -16.50555
 47.14729 -16.45930
 47.21041 -16.42090
 47.24444 -16.44472
 47.25999 -16.47430
 47.28194 -16.49139
 47.36889 -16.45639
 47.41285 -16.45201
 47.41875 -16.47389
 47.42528 -16.59250
 47.45815 -16.65520
 47.42611 -16.68445
 47.41235 -16.73125
 47.42096 -16.75514
 47.44875 -16.78555
 47.45195 -16.81250
 47.45250 -17.07111
 47.43555 -17.15861
 47.44385 -17.20363
 47.37055 -17.20722
 47.28972 -17.22305
 47.17945 -17.21361
 47.14249 -17.20389
 47.07944 -17.17000
 47.07777 -17.13527
 47.06945 -17.10805
 47.05458 -17.09083
 47.04277 -17.08916
1 53 45.7483 46.3978 -18.8517 -17.6368 'Baranya (Hungary)'
 46.32750 -18.08250
 46.30645 -18.08486
 46.29347 -18.12292
 46.34292 -18.19708
 46.36639 -18.19250
 46.38833 -18.19500
 46.39777 -18.28000
 46.39750 -18.33000
 46.34277 -18.37111
 46.29695 -18.35777
 46.23743 -18.37222
 46.19472 -18.58388
 46.11125 -18.72195
 46.11088 -18.79576
 46.08791 -18.83014
 46.04027 -18.85166
 46.01555 -18.84500
 45.97166 -18.81416
 45.93349 -18.78860
 45.91296 -18.81702
 45.90277 -18.80750
 45.89472 -18.78000
 45.91152 -18.71945
 45.85139 -18.61847
 45.82792 -18.59847
 45.80000 -18.55555
 45.75097 -18.43375
 45.74833 -18.40750
 45.75444 -18.33264
 45.76729 -18.24805
 45.77972 -18.22583
 45.78388 -18.19555
 45.78722 -18.15333
 45.78695 -18.00638
 45.78388 -17.88084
 45.83875 -17.66097
 45.85314 -17.65269
 45.86805 -17.73951
 45.91584 -17.71778
 45.94430 -17.68118
 45.94458 -17.64777
 45.97319 -17.63680
 46.05778 -17.65916
 46.10750 -17.67555
 46.13499 -17.68555
 46.22861 -17.72361
 46.21500 -17.75750
 46.20805 -17.78334
 46.20931 -17.85930
 46.23305 -17.92729
 46.25945 -17.94569
 46.31027 -17.96347
 46.32750 -18.08250
2 64 47.4124 48.0257 -17.9426 -16.4326 'Gyor-Moson-Sopron (Hungary)'
 47.45815 -16.65520
 47.52111 -16.70527
 47.54388 -16.71389
 47.61444 -16.66639
 47.63444 -16.63257
 47.62889 -16.59666
 47.64666 -16.49305
 47.66638 -16.43264
 47.69805 -16.45055
 47.75638 -16.55861
 47.75916 -16.61222
 47.76027 -16.63555
 47.72645 -16.72347
 47.70208 -16.73584
 47.68541 -16.76416
 47.68388 -16.82445
 47.69083 -16.91083
 47.69472 -16.95527
 47.70945 -17.05389
 47.72861 -17.07166
 47.76833 -17.06861
 47.79458 -17.05680
 47.84722 -17.05445
 47.87694 -17.06055
 47.97138 -17.10805
 48.00000 -17.14695
 48.01250 -17.16638
 48.02076 -17.18111
 48.02569 -17.23919
 48.02499 -17.25165
 48.00750 -17.26319
 47.99805 -17.31195
 47.99575 -17.34195
 47.94475 -17.41188
 47.91305 -17.44521
 47.89208 -17.46208
 47.87796 -17.48586
 47.77055 -17.71222
 47.74643 -17.78728
 47.74755 -17.89695
 47.66111 -17.92528
 47.55972 -17.94264
 47.49277 -17.90347
 47.48250 -17.88639
 47.49195 -17.85277
 47.48055 -17.75945
 47.47805 -17.71695
 47.48166 -17.61861
 47.49861 -17.51777
 47.50139 -17.48833
 47.49400 -17.39474
 47.45706 -17.38314
 47.44388 -17.36805
 47.43219 -17.30890
 47.43361 -17.26613
 47.44385 -17.20363
 47.43555 -17.15861
 47.45250 -17.07111
 47.45195 -16.81250
 47.44875 -16.78555
 47.42096 -16.75514
 47.41235 -16.73125
 47.42611 -16.68445
 47.45815 -16.65520
3 78 45.8531 46.9796 -18.2067 -16.879 'Somogy (Hungary)'
 46.30857 -16.87903
 46.31083 -16.92472
 46.31195 -16.94861
 46.30194 -16.97389
 46.29805 -16.99528
 46.31825 -17.05819
 46.35277 -17.08166
 46.41111 -17.13639
 46.42694 -17.21750
 46.50514 -17.24195
 46.68249 -17.23472
 46.73562 -17.29180
 46.73346 -17.33166
 46.73472 -17.36972
 46.74249 -17.41083
 46.74722 -17.43527
 46.74916 -17.43666
 46.75222 -17.47916
 46.75777 -17.50889
 46.81555 -17.67250
 46.82583 -17.70111
 46.84153 -17.74236
 46.89055 -17.85445
 46.92542 -17.92695
 46.96083 -18.01166
 46.97958 -18.06916
 46.97194 -18.11555
 46.96777 -18.13583
 46.95861 -18.17861
 46.92472 -18.19416
 46.90305 -18.20055
 46.87445 -18.19055
 46.85195 -18.19166
 46.78972 -18.20666
 46.78652 -18.19000
 46.77166 -18.17055
 46.71249 -18.16361
 46.61610 -18.11222
 46.55360 -18.07000
 46.50695 -18.06084
 46.36138 -18.09472
 46.32750 -18.08250
 46.31027 -17.96347
 46.25945 -17.94569
 46.23305 -17.92729
 46.20931 -17.85930
 46.20805 -17.78334
 46.21500 -17.75750
 46.22861 -17.72361
 46.13499 -17.68555
 46.10750 -17.67555
 46.05778 -17.65916
 45.97319 -17.63680
 45.94458 -17.64777
 45.94430 -17.68118
 45.91584 -17.71778
 45.86805 -17.73951
 45.85314 -17.65269
 45.88527 -17.64485
 45.90583 -17.62611
 45.93756 -17.58256
 45.95444 -17.45861
 45.94029 -17.42757
 45.93805 -17.38945
 45.95166 -17.35485
 45.97527 -17.31139
 46.02096 -17.25743
 46.05333 -17.25472
 46.09042 -17.23472
 46.15458 -17.18277
 46.18027 -17.15271
 46.21416 -17.04027
 46.23361 -16.97305
 46.24945 -16.93777
 46.25999 -16.91972
 46.28375 -16.89139
 46.30451 -16.88058
 46.30857 -16.87903
4 61 46.7492 47.5014 -18.2278 -17.0892 'Veszprem (Hungary)'
 46.95861 -18.17861
 46.96777 -18.13583
 46.97194 -18.11555
 46.97958 -18.06916
 46.96083 -18.01166
 46.92542 -17.92695
 46.89055 -17.85445
 46.84153 -17.74236
 46.82583 -17.70111
 46.81555 -17.67250
 46.75777 -17.50889
 46.75222 -17.47916
 46.74916 -17.43666
 46.77527 -17.40639
 46.79082 -17.39119
 46.82861 -17.35514
 46.88083 -17.34027
 46.90555 -17.31945
 47.00083 -17.22833
 47.02195 -17.14166
 47.04277 -17.08916
 47.05458 -17.09083
 47.06945 -17.10805
 47.07777 -17.13527
 47.07944 -17.17000
 47.14249 -17.20389
 47.17945 -17.21361
 47.28972 -17.22305
 47.37055 -17.20722
 47.44385 -17.20363
 47.43361 -17.26613
 47.43219 -17.30890
 47.44388 -17.36805
 47.45706 -17.38314
 47.49400 -17.39474
 47.50139 -17.48833
 47.49861 -17.51777
 47.48166 -17.61861
 47.47805 -17.71695
 47.48055 -17.75945
 47.49195 -17.85277
 47.48250 -17.88639
 47.46666 -17.87972
 47.43944 -17.88000
 47.40166 -17.90195
 47.34138 -17.94785
 47.33416 -17.98250
 47.33611 -18.03361
 47.29749 -18.04305
 47.28139 -18.05611
 47.27083 -18.07389
 47.26527 -18.09930
 47.26222 -18.15736
 47.23584 -18.20861
 47.22235 -18.22527
 47.17500 -18.22777
 47.04305 -18.22277
 47.00361 -18.21445
 46.97722 -18.20027
 46.96125 -18.18584
 46.95861 -18.17861
5 44 46.298 47.0428 -17.4367 -16.3753 'Zala (Hungary)'
 46.30857 -16.87903
 46.34534 -16.87430
 46.36999 -16.84055
 46.39139 -16.80139
 46.46555 -16.66111
 46.47500 -16.62861
 46.47624 -16.60787
 46.50903 -16.53097
 46.65888 -16.40861
 46.70166 -16.38555
 46.72277 -16.37533
 46.75333 -16.41416
 46.80472 -16.49861
 46.90277 -16.61584
 46.92735 -16.64750
 46.93833 -16.68972
 46.95555 -16.82195
 46.96535 -16.95361
 47.02527 -17.07000
 47.04277 -17.08916
 47.02195 -17.14166
 47.00083 -17.22833
 46.90555 -17.31945
 46.88083 -17.34027
 46.82861 -17.35514
 46.79082 -17.39119
 46.77527 -17.40639
 46.74916 -17.43666
 46.74722 -17.43527
 46.74249 -17.41083
 46.73472 -17.36972
 46.73346 -17.33166
 46.73562 -17.29180
 46.68249 -17.23472
 46.50514 -17.24195
 46.42694 -17.21750
 46.41111 -17.13639
 46.35277 -17.08166
 46.31825 -17.05819
 46.29805 -16.99528
 46.30194 -16.97389
 46.31195 -16.94861
 46.31083 -16.92472
 46.30857 -16.87903
6 19 47.3472 47.6051 -19.3272 -18.9412 'Budapest (Hungary)'
 47.38662 -19.06354
 47.38235 -19.02235
 47.38430 -18.98195
 47.40472 -18.96389
 47.46722 -18.95195
 47.58402 -18.94125
 47.60514 -19.08972
 47.58972 -19.14305
 47.56055 -19.15972
 47.53375 -19.19153
 47.50333 -19.25486
 47.49249 -19.29972
 47.48153 -19.32708
 47.43069 -19.32722
 47.34722 -19.17666
 47.35388 -19.14680
 47.37639 -19.11166
 47.38833 -19.07972
 47.38662 -19.06354
7 89 45.9111 47.1393 -20.149 -18.7886 'Bacs-Kiskun (Hungary)'
 46.11088 -18.79576
 46.11596 -18.80515
 46.14721 -18.84250
 46.19972 -18.88222
 46.26792 -18.91267
 46.30006 -18.91649
 46.47235 -18.92361
 46.50395 -18.91395
 46.55805 -18.89555
 46.65625 -18.96361
 46.71458 -19.00462
 46.77847 -18.97805
 46.84697 -18.92625
 46.88448 -18.93671
 47.00939 -18.95997
 47.03012 -18.96335
 47.03777 -19.02722
 47.07416 -19.11333
 47.10055 -19.16111
 47.13931 -19.24653
 47.13493 -19.29437
 47.10986 -19.33562
 47.08694 -19.31750
 47.06125 -19.29666
 47.03195 -19.30666
 47.01319 -19.33653
 47.06860 -19.45250
 47.07889 -19.47222
 47.10250 -19.48375
 47.11264 -19.50139
 47.11527 -19.55805
 47.11153 -19.58208
 47.08638 -19.61319
 47.05472 -19.62722
 46.99833 -19.65042
 46.97583 -19.68139
 46.93931 -19.77514
 46.94194 -19.82722
 46.95777 -19.98333
 46.97722 -20.03361
 46.99083 -20.06639
 47.00055 -20.08750
 46.99389 -20.10445
 46.98191 -20.12375
 46.92681 -20.14903
 46.89139 -20.11250
 46.87084 -20.08007
 46.81775 -20.05030
 46.78717 -20.05838
 46.74750 -20.01388
 46.62305 -19.99361
 46.59722 -19.97750
 46.57861 -19.94403
 46.57666 -19.92166
 46.58596 -19.88430
 46.58403 -19.85791
 46.53583 -19.77659
 46.52000 -19.79250
 46.52235 -19.82833
 46.52152 -19.85305
 46.49916 -19.87222
 46.44611 -19.90250
 46.40409 -19.90298
 46.38027 -19.86819
 46.37888 -19.84611
 46.38305 -19.80361
 46.36444 -19.70722
 46.33596 -19.66514
 46.25555 -19.65805
 46.17639 -19.70372
 46.18111 -19.66653
 46.17277 -19.56527
 46.13923 -19.50632
 46.11812 -19.51632
 46.07638 -19.46389
 45.98888 -19.28403
 45.98861 -19.15409
 46.02090 -19.12750
 46.02222 -19.09305
 45.95945 -19.00264
 45.91111 -18.85889
 45.91111 -18.83583
 45.91296 -18.81702
 45.93349 -18.78860
 45.97166 -18.81416
 46.01555 -18.84500
 46.04027 -18.85166
 46.08791 -18.83014
 46.11088 -18.79576
8 59 46.7164 47.5956 -18.9634 -18.0336 'Fejer (Hungary)'
 46.84697 -18.92625
 46.82388 -18.88055
 46.72666 -18.71194
 46.72055 -18.68777
 46.71638 -18.65389
 46.72150 -18.61754
 46.77416 -18.49027
 46.82173 -18.27443
 46.79277 -18.24695
 46.78722 -18.21389
 46.78972 -18.20666
 46.85195 -18.19166
 46.87445 -18.19055
 46.90305 -18.20055
 46.92472 -18.19416
 46.95861 -18.17861
 46.96125 -18.18584
 46.97722 -18.20027
 47.00361 -18.21445
 47.04305 -18.22277
 47.17500 -18.22777
 47.22235 -18.22527
 47.23584 -18.20861
 47.26222 -18.15736
 47.26527 -18.09930
 47.27083 -18.07389
 47.28139 -18.05611
 47.29749 -18.04305
 47.33611 -18.03361
 47.34694 -18.04027
 47.44361 -18.11305
 47.47576 -18.20340
 47.45389 -18.24250
 47.42860 -18.28305
 47.41916 -18.30166
 47.41833 -18.33916
 47.42042 -18.35930
 47.44111 -18.40195
 47.49305 -18.46861
 47.53638 -18.47305
 47.55403 -18.48639
 47.56764 -18.51445
 47.57833 -18.55153
 47.58250 -18.64695
 47.59555 -18.71389
 47.57527 -18.71222
 47.50666 -18.72138
 47.34361 -18.88472
 47.31700 -18.92036
 47.26529 -18.91721
 47.23333 -18.90769
 47.20711 -18.88627
 47.15795 -18.87721
 47.09395 -18.89386
 47.07557 -18.90586
 47.03012 -18.96335
 47.00939 -18.95997
 46.88448 -18.93671
 46.84697 -18.92625
9 52 47.3342 47.8178 -18.9412 -17.8797 'Komarom-Esztergom (Hungary)'
 47.59555 -18.71389
 47.58250 -18.64695
 47.57833 -18.55153
 47.56764 -18.51445
 47.55403 -18.48639
 47.53638 -18.47305
 47.49305 -18.46861
 47.44111 -18.40195
 47.42042 -18.35930
 47.41833 -18.33916
 47.41916 -18.30166
 47.42860 -18.28305
 47.45389 -18.24250
 47.47576 -18.20340
 47.44361 -18.11305
 47.34694 -18.04027
 47.33611 -18.03361
 47.33416 -17.98250
 47.34138 -17.94785
 47.40166 -17.90195
 47.43944 -17.88000
 47.46666 -17.87972
 47.48250 -17.88639
 47.49277 -17.90347
 47.55972 -17.94264
 47.66111 -17.92528
 47.74755 -17.89695
 47.75069 -17.90888
 47.76361 -17.97611
 47.75944 -18.08611
 47.75611 -18.12541
 47.74777 -18.19583
 47.73750 -18.30472
 47.74083 -18.33750
 47.74722 -18.37861
 47.75388 -18.41333
 47.76735 -18.44930
 47.76749 -18.54084
 47.76305 -18.59722
 47.75916 -18.63695
 47.75972 -18.66305
 47.76638 -18.68292
 47.79548 -18.72965
 47.81435 -18.75778
 47.81722 -18.78805
 47.81777 -18.84972
 47.80881 -18.88945
 47.76694 -18.93611
 47.72069 -18.94125
 47.68055 -18.88639
 47.62722 -18.78222
 47.59555 -18.71389
10 83 46.9393 48.0598 -20.1135 -18.7122 'Pest (Hungary)'
 47.03012 -18.96335
 47.07557 -18.90586
 47.09395 -18.89386
 47.15795 -18.87721
 47.20711 -18.88627
 47.23333 -18.90769
 47.26529 -18.91721
 47.31700 -18.92036
 47.34361 -18.88472
 47.50666 -18.72138
 47.57527 -18.71222
 47.59555 -18.71389
 47.62722 -18.78222
 47.68055 -18.88639
 47.72069 -18.94125
 47.76694 -18.93611
 47.80881 -18.88945
 47.81777 -18.84972
 47.83166 -18.85472
 47.85555 -18.82000
 47.87208 -18.78350
 47.91472 -18.75965
 47.96555 -18.77166
 48.03613 -18.82736
 48.04913 -18.84534
 48.05797 -18.90728
 48.05980 -18.96567
 48.01088 -18.99292
 47.94138 -18.97375
 47.91833 -18.99277
 47.89472 -19.03416
 47.87861 -19.06361
 47.86194 -19.09972
 47.84916 -19.12985
 47.84333 -19.17277
 47.83277 -19.29472
 47.83472 -19.36639
 47.83805 -19.42166
 47.83153 -19.44569
 47.77333 -19.48250
 47.72361 -19.52305
 47.73944 -19.57638
 47.72916 -19.59555
 47.71750 -19.61695
 47.61416 -19.66500
 47.59389 -19.66972
 47.57555 -19.67195
 47.56305 -19.66361
 47.53075 -19.65292
 47.52277 -19.68333
 47.49277 -19.75222
 47.37499 -19.93055
 47.34333 -19.99472
 47.30083 -20.05305
 47.15694 -20.11354
 47.06777 -20.08195
 47.00055 -20.08750
 46.99083 -20.06639
 46.97722 -20.03361
 46.95777 -19.98333
 46.94194 -19.82722
 46.93931 -19.77514
 46.97583 -19.68139
 46.99833 -19.65042
 47.05472 -19.62722
 47.08638 -19.61319
 47.11153 -19.58208
 47.11527 -19.55805
 47.11264 -19.50139
 47.10250 -19.48375
 47.07889 -19.47222
 47.06860 -19.45250
 47.01319 -19.33653
 47.03195 -19.30666
 47.06125 -19.29666
 47.08694 -19.31750
 47.10986 -19.33562
 47.13493 -19.29437
 47.13931 -19.24653
 47.10055 -19.16111
 47.07416 -19.11333
 47.03777 -19.02722
 47.03012 -18.96335
11 19 46.9393 48.0598 -20.1135 -18.7122 'Pest (Hungary)'
 47.38662 -19.06354
 47.38833 -19.07972
 47.37639 -19.11166
 47.35388 -19.14680
 47.34722 -19.17666
 47.43069 -19.32722
 47.48153 -19.32708
 47.49249 -19.29972
 47.50333 -19.25486
 47.53375 -19.19153
 47.56055 -19.15972
 47.58972 -19.14305
 47.60514 -19.08972
 47.58402 -18.94125
 47.46722 -18.95195
 47.40472 -18.96389
 47.38430 -18.98195
 47.38235 -19.02235
 47.38662 -19.06354
12 44 46.1109 46.847 -19.0046 -18.0608 'Tolna (Hungary)'
 46.11088 -18.79576
 46.11125 -18.72195
 46.19472 -18.58388
 46.23743 -18.37222
 46.29695 -18.35777
 46.34277 -18.37111
 46.39750 -18.33000
 46.39777 -18.28000
 46.38833 -18.19500
 46.36639 -18.19250
 46.34292 -18.19708
 46.29347 -18.12292
 46.30645 -18.08486
 46.32750 -18.08250
 46.36138 -18.09472
 46.50695 -18.06084
 46.55360 -18.07000
 46.61610 -18.11222
 46.71249 -18.16361
 46.77166 -18.17055
 46.78652 -18.19000
 46.78972 -18.20666
 46.78722 -18.21389
 46.79277 -18.24695
 46.82173 -18.27443
 46.77416 -18.49027
 46.72150 -18.61754
 46.71638 -18.65389
 46.72055 -18.68777
 46.72666 -18.71194
 46.82388 -18.88055
 46.84697 -18.92625
 46.77847 -18.97805
 46.71458 -19.00462
 46.65625 -18.96361
 46.55805 -18.89555
 46.50395 -18.91395
 46.47235 -18.92361
 46.30006 -18.91649
 46.26792 -18.91267
 46.19972 -18.88222
 46.14721 -18.84250
 46.11596 -18.80515
 46.11088 -18.79576
13 47 47.7236 48.2339 -20.0786 -18.9657 'Nograd (Hungary)'
 48.14638 -20.07861
 48.05222 -19.99416
 48.00750 -20.00944
 47.94819 -19.96389
 47.92986 -19.93236
 47.92972 -19.90097
 47.93166 -19.87472
 47.92889 -19.83500
 47.84638 -19.74361
 47.81945 -19.72166
 47.81138 -19.69777
 47.75444 -19.59527
 47.73944 -19.57638
 47.72361 -19.52305
 47.77333 -19.48250
 47.83153 -19.44569
 47.83805 -19.42166
 47.83472 -19.36639
 47.83277 -19.29472
 47.84333 -19.17277
 47.84916 -19.12985
 47.86194 -19.09972
 47.87861 -19.06361
 47.89472 -19.03416
 47.91833 -18.99277
 47.94138 -18.97375
 48.01088 -18.99292
 48.05980 -18.96567
 48.06710 -18.98980
 48.06895 -19.00127
 48.07064 -19.04171
 48.06167 -19.13945
 48.05945 -19.20834
 48.08944 -19.47243
 48.13590 -19.49729
 48.17305 -19.50861
 48.20893 -19.53022
 48.23389 -19.63055
 48.23292 -19.65333
 48.20945 -19.75500
 48.19691 -19.78684
 48.13048 -19.91063
 48.13625 -19.93986
 48.15347 -19.96903
 48.17388 -20.01014
 48.17631 -20.05933
 48.14638 -20.07861
14 93 47.665 48.5762 -22.1717 -20.0593 'Borsod-Abauj-Zemplen (Hungary)'
 47.94413 -21.10858
 47.93194 -21.10529
 47.78053 -21.03831
 47.69723 -20.91993
 47.68693 -20.89803
 47.67528 -20.85499
 47.67402 -20.84029
 47.67250 -20.77889
 47.66500 -20.76639
 47.70055 -20.68889
 47.71249 -20.65041
 47.71861 -20.60027
 47.72944 -20.58083
 47.74694 -20.56111
 47.78500 -20.52916
 47.85638 -20.49277
 47.96361 -20.46875
 48.00638 -20.49351
 48.05944 -20.51722
 48.08138 -20.51749
 48.12847 -20.47195
 48.13750 -20.44416
 48.13930 -20.40750
 48.10264 -20.37569
 48.07416 -20.35694
 48.07680 -20.22235
 48.09777 -20.20805
 48.13541 -20.17805
 48.14695 -20.10195
 48.14638 -20.07861
 48.17631 -20.05933
 48.19833 -20.09333
 48.22611 -20.14055
 48.27499 -20.23555
 48.25572 -20.28302
 48.26972 -20.31722
 48.28611 -20.34083
 48.30458 -20.36305
 48.36125 -20.40250
 48.39972 -20.41416
 48.43361 -20.43584
 48.44875 -20.45111
 48.48305 -20.49945
 48.50444 -20.50083
 48.53695 -20.53972
 48.56166 -20.65292
 48.56916 -20.71334
 48.57617 -20.81805
 48.56764 -20.84347
 48.55083 -20.87000
 48.52472 -20.94639
 48.51361 -21.08445
 48.51111 -21.15333
 48.52222 -21.25389
 48.54805 -21.30871
 48.57535 -21.43819
 48.54888 -21.50722
 48.49250 -21.61729
 48.45888 -21.62541
 48.35534 -21.72235
 48.34069 -21.78097
 48.34346 -21.82813
 48.36215 -21.85250
 48.37916 -21.93584
 48.38195 -21.96500
 48.38750 -22.02945
 48.38514 -22.06486
 48.37798 -22.09861
 48.40861 -22.15055
 48.41192 -22.15145
 48.40905 -22.17172
 48.35319 -22.11281
 48.30333 -22.03889
 48.23584 -21.92583
 48.16725 -21.70327
 48.16291 -21.66991
 48.16742 -21.64595
 48.18117 -21.61326
 48.17195 -21.47750
 48.15963 -21.45393
 48.13152 -21.42764
 48.10222 -21.42154
 48.07764 -21.44222
 48.03911 -21.42642
 48.02565 -21.39529
 48.02112 -21.34075
 48.02527 -21.29305
 48.03132 -21.27083
 48.03043 -21.22938
 48.00291 -21.10031
 47.97916 -21.08222
 47.95611 -21.09166
 47.94413 -21.10858
15 79 47.5781 48.4178 -22.8948 -21.0822 'Szabolcs-Szatmar-Bereg (Hungary)'
 47.57811 -22.11801
 47.61972 -22.08334
 47.69291 -21.98750
 47.71972 -21.91139
 47.71999 -21.88611
 47.70583 -21.86584
 47.67528 -21.83889
 47.66250 -21.82250
 47.65472 -21.79166
 47.65403 -21.76000
 47.69944 -21.61555
 47.76722 -21.54653
 47.80166 -21.54291
 47.84472 -21.55833
 47.87250 -21.55861
 47.91458 -21.55389
 47.92638 -21.52444
 47.92264 -21.49638
 47.90972 -21.47834
 47.90500 -21.39861
 47.91083 -21.23555
 47.94413 -21.10858
 47.95611 -21.09166
 47.97916 -21.08222
 48.00291 -21.10031
 48.03043 -21.22938
 48.03132 -21.27083
 48.02527 -21.29305
 48.02112 -21.34075
 48.02565 -21.39529
 48.03911 -21.42642
 48.07764 -21.44222
 48.10222 -21.42154
 48.13152 -21.42764
 48.15963 -21.45393
 48.17195 -21.47750
 48.18117 -21.61326
 48.16742 -21.64595
 48.16291 -21.66991
 48.16725 -21.70327
 48.23584 -21.92583
 48.30333 -22.03889
 48.35319 -22.11281
 48.40905 -22.17172
 48.41777 -22.21430
 48.40222 -22.27021
 48.35999 -22.27027
 48.27499 -22.34777
 48.24485 -22.38097
 48.24361 -22.45472
 48.24970 -22.49461
 48.18721 -22.57472
 48.14583 -22.59777
 48.11648 -22.60524
 48.10035 -22.62572
 48.09432 -22.64704
 48.09499 -22.67979
 48.11444 -22.73777
 48.11665 -22.79027
 48.08316 -22.84655
 48.04048 -22.88323
 47.99389 -22.85916
 47.95454 -22.89480
 47.84298 -22.78000
 47.77638 -22.65361
 47.77166 -22.63416
 47.76777 -22.60361
 47.76708 -22.55222
 47.79028 -22.50180
 47.79555 -22.48111
 47.79485 -22.44985
 47.74666 -22.32097
 47.72625 -22.27375
 47.67930 -22.22527
 47.62875 -22.19139
 47.60395 -22.18984
 47.59861 -22.18639
 47.58833 -22.16791
 47.57811 -22.11801
16 61 46.2408 47.2219 -21.6922 -20.4133 'Bekes (Hungary)'
 46.26573 -20.79590
 46.29277 -20.75222
 46.35416 -20.63445
 46.42722 -20.56916
 46.54611 -20.58889
 46.67999 -20.57584
 46.75972 -20.59195
 46.77680 -20.57472
 46.80902 -20.46333
 46.79805 -20.43555
 46.83472 -20.41333
 46.88775 -20.48723
 46.88861 -20.53916
 46.88888 -20.60334
 46.91173 -20.69222
 46.95444 -20.72361
 46.97445 -20.73139
 47.03083 -20.77444
 47.14485 -20.86861
 47.15638 -20.89208
 47.17222 -20.93083
 47.18722 -20.95222
 47.22194 -20.98611
 47.21111 -21.00945
 47.20472 -21.02861
 47.18222 -21.12722
 47.14194 -21.27028
 47.12819 -21.28764
 47.10125 -21.29138
 47.06000 -21.27235
 46.99305 -21.29972
 46.93575 -21.38264
 46.93527 -21.46445
 46.93930 -21.53445
 47.01055 -21.64277
 47.02086 -21.65550
 47.00628 -21.69222
 46.96139 -21.67083
 46.88416 -21.61333
 46.82701 -21.53021
 46.75475 -21.49340
 46.72618 -21.52573
 46.68695 -21.49389
 46.68454 -21.48941
 46.68465 -21.45354
 46.62062 -21.32756
 46.58985 -21.30805
 46.53249 -21.29361
 46.46055 -21.28889
 46.40834 -21.21916
 46.39681 -21.20277
 46.37194 -21.18833
 46.32695 -21.17861
 46.29736 -21.17736
 46.24694 -21.08083
 46.24083 -21.04937
 46.25472 -20.98972
 46.27611 -20.86861
 46.27916 -20.84638
 46.27597 -20.82500
 46.26573 -20.79590
17 58 46.1149 46.809 -20.7959 -19.6581 'Csongrad (Hungary)'
 46.17556 -20.72695
 46.16610 -20.71965
 46.14631 -20.68766
 46.13083 -20.62208
 46.15500 -20.58277
 46.16499 -20.56333
 46.17305 -20.53527
 46.18111 -20.48695
 46.15944 -20.34027
 46.14041 -20.27430
 46.11485 -20.26103
 46.11805 -20.25777
 46.15055 -20.20277
 46.16722 -20.11527
 46.17083 -19.96111
 46.15215 -19.84958
 46.16222 -19.74472
 46.17639 -19.70372
 46.25555 -19.65805
 46.33596 -19.66514
 46.36444 -19.70722
 46.38305 -19.80361
 46.37888 -19.84611
 46.38027 -19.86819
 46.40409 -19.90298
 46.44611 -19.90250
 46.49916 -19.87222
 46.52152 -19.85305
 46.52235 -19.82833
 46.52000 -19.79250
 46.53583 -19.77659
 46.58403 -19.85791
 46.58596 -19.88430
 46.57666 -19.92166
 46.57861 -19.94403
 46.59722 -19.97750
 46.62305 -19.99361
 46.74750 -20.01388
 46.78717 -20.05838
 46.76500 -20.09805
 46.74096 -20.17916
 46.74416 -20.32111
 46.76305 -20.39055
 46.79084 -20.42889
 46.79805 -20.43555
 46.80902 -20.46333
 46.77680 -20.57472
 46.75972 -20.59195
 46.67999 -20.57584
 46.54611 -20.58889
 46.42722 -20.56916
 46.35416 -20.63445
 46.29277 -20.75222
 46.26573 -20.79590
 46.25944 -20.78305
 46.24291 -20.75735
 46.18958 -20.72027
 46.17556 -20.72695
18 69 46.9353 47.9441 -22.118 -20.82 'Hajdu-Bihar (Hungary)'
 47.02086 -21.65550
 47.01055 -21.64277
 46.93930 -21.53445
 46.93527 -21.46445
 46.93575 -21.38264
 46.99305 -21.29972
 47.06000 -21.27235
 47.10125 -21.29138
 47.12819 -21.28764
 47.14194 -21.27028
 47.18222 -21.12722
 47.20472 -21.02861
 47.21111 -21.00945
 47.22194 -20.98611
 47.24930 -21.00458
 47.30555 -21.00972
 47.50527 -21.01666
 47.53527 -21.00111
 47.58069 -20.96027
 47.58472 -20.90639
 47.58250 -20.88235
 47.59111 -20.85027
 47.60402 -20.83097
 47.62805 -20.82000
 47.67402 -20.84029
 47.67528 -20.85499
 47.68693 -20.89803
 47.69723 -20.91993
 47.78053 -21.03831
 47.93194 -21.10529
 47.94413 -21.10858
 47.91083 -21.23555
 47.90500 -21.39861
 47.90972 -21.47834
 47.92264 -21.49638
 47.92638 -21.52444
 47.91458 -21.55389
 47.87250 -21.55861
 47.84472 -21.55833
 47.80166 -21.54291
 47.76722 -21.54653
 47.69944 -21.61555
 47.65403 -21.76000
 47.65472 -21.79166
 47.66250 -21.82250
 47.67528 -21.83889
 47.70583 -21.86584
 47.71999 -21.88611
 47.71972 -21.91139
 47.69291 -21.98750
 47.61972 -22.08334
 47.57811 -22.11801
 47.53361 -22.03777
 47.51062 -22.01388
 47.47861 -22.00833
 47.45083 -22.02027
 47.42528 -22.02055
 47.39014 -22.01347
 47.37361 -21.99854
 47.36805 -21.96250
 47.35895 -21.92945
 47.29653 -21.87166
 47.22924 -21.84229
 47.19812 -21.84722
 47.11493 -21.78347
 47.09819 -21.74319
 47.07972 -21.71000
 47.02756 -21.65250
 47.02086 -21.65550
19 60 47.424 48.1469 -20.7664 -19.5764 'Heves (Hungary)'
 47.57555 -19.67195
 47.59389 -19.66972
 47.61416 -19.66500
 47.71750 -19.61695
 47.72916 -19.59555
 47.73944 -19.57638
 47.75444 -19.59527
 47.81138 -19.69777
 47.81945 -19.72166
 47.84638 -19.74361
 47.92889 -19.83500
 47.93166 -19.87472
 47.92972 -19.90097
 47.92986 -19.93236
 47.94819 -19.96389
 48.00750 -20.00944
 48.05222 -19.99416
 48.14638 -20.07861
 48.14695 -20.10195
 48.13541 -20.17805
 48.09777 -20.20805
 48.07680 -20.22235
 48.07416 -20.35694
 48.10264 -20.37569
 48.13930 -20.40750
 48.13750 -20.44416
 48.12847 -20.47195
 48.08138 -20.51749
 48.05944 -20.51722
 48.00638 -20.49351
 47.96361 -20.46875
 47.85638 -20.49277
 47.78500 -20.52916
 47.74694 -20.56111
 47.72944 -20.58083
 47.71861 -20.60027
 47.71249 -20.65041
 47.70055 -20.68889
 47.66500 -20.76639
 47.58540 -20.70186
 47.45833 -20.49389
 47.42398 -20.41622
 47.44305 -20.35472
 47.45250 -20.33277
 47.47569 -20.31666
 47.51291 -20.31014
 47.60680 -20.19597
 47.61222 -20.16861
 47.60514 -20.14111
 47.58424 -20.10389
 47.55389 -20.12354
 47.54361 -20.09389
 47.55555 -20.06139
 47.56944 -20.04097
 47.59250 -20.02527
 47.62333 -20.02222
 47.67548 -20.00298
 47.66945 -19.88250
 47.61527 -19.72069
 47.57555 -19.67195
20 71 46.741 47.6755 -21.0167 -19.6529 'Jasz-Nagykun-Szolnok (Hungary)'
 47.22194 -20.98611
 47.18722 -20.95222
 47.17222 -20.93083
 47.15638 -20.89208
 47.14485 -20.86861
 47.03083 -20.77444
 46.97445 -20.73139
 46.95444 -20.72361
 46.91173 -20.69222
 46.88888 -20.60334
 46.88861 -20.53916
 46.88775 -20.48723
 46.83472 -20.41333
 46.79805 -20.43555
 46.79084 -20.42889
 46.76305 -20.39055
 46.74416 -20.32111
 46.74096 -20.17916
 46.76500 -20.09805
 46.78717 -20.05838
 46.81775 -20.05030
 46.87084 -20.08007
 46.89139 -20.11250
 46.92681 -20.14903
 46.98191 -20.12375
 46.99389 -20.10445
 47.00055 -20.08750
 47.06777 -20.08195
 47.15694 -20.11354
 47.30083 -20.05305
 47.34333 -19.99472
 47.37499 -19.93055
 47.49277 -19.75222
 47.52277 -19.68333
 47.53075 -19.65292
 47.56305 -19.66361
 47.57555 -19.67195
 47.61527 -19.72069
 47.66945 -19.88250
 47.67548 -20.00298
 47.62333 -20.02222
 47.59250 -20.02527
 47.56944 -20.04097
 47.55555 -20.06139
 47.54361 -20.09389
 47.55389 -20.12354
 47.58424 -20.10389
 47.60514 -20.14111
 47.61222 -20.16861
 47.60680 -20.19597
 47.51291 -20.31014
 47.47569 -20.31666
 47.45250 -20.33277
 47.44305 -20.35472
 47.42398 -20.41622
 47.45833 -20.49389
 47.58540 -20.70186
 47.66500 -20.76639
 47.67250 -20.77889
 47.67402 -20.84029
 47.62805 -20.82000
 47.60402 -20.83097
 47.59111 -20.85027
 47.58250 -20.88235
 47.58472 -20.90639
 47.58069 -20.96027
 47.53527 -21.00111
 47.50527 -21.01666
 47.30555 -21.00972
 47.24930 -21.00458
 47.22194 -20.98611
