0 20 14.5129 15.0255 15.6871 16.6869 'Diourbel (Senegal)'
 15.01797 16.35000
 14.96750 16.15061
 15.00111 16.10028
 15.00274 16.02230
 15.00417 15.81722
 14.90194 15.72945
 14.84058 15.68712
 14.81266 15.70000
 14.59019 15.81009
 14.54899 15.85408
 14.52152 15.94133
 14.51294 16.01725
 14.61697 16.60066
 14.61864 16.60764
 14.62761 16.62514
 14.93076 16.68692
 14.96407 16.65103
 15.01110 16.49182
 15.02552 16.42677
 15.01797 16.35000
1 24 13.5933 14.8408 15.3928 16.7934 'Fatick (Senegal)'
 14.11865 16.24024
 14.11417 16.23389
 13.59944 16.08294
 13.59603 16.08298
 13.59566 16.08318
 13.59379 16.08510
 13.59350 16.08581
 13.59329 16.50808
 13.59335 16.50894
 13.59738 16.55917
 13.63262 16.58497
 13.63347 16.58533
 13.63424 16.58532
 14.00266 16.58198
 14.03137 16.58160
 14.03171 16.58140
 14.03634 16.57688
 14.06895 16.54317
 14.07150 16.53993
 14.07348 16.53790
 14.07611 16.53577
 14.12226 16.48806
 14.13765 16.46855
 14.11865 16.24024
2 68 13.5933 14.8408 15.3928 16.7934 'Fatick (Senegal)'
 14.11865 16.24024
 14.13050 16.25702
 14.14392 16.27682
 14.15699 16.30126
 14.15889 16.30522
 14.16037 16.33333
 14.16533 16.42720
 14.16487 16.43235
 14.16428 16.43403
 14.16073 16.43930
 14.13765 16.46855
 14.13946 16.49022
 14.14450 16.49380
 14.16606 16.51313
 14.16628 16.51343
 14.16651 16.51469
 14.16589 16.51656
 14.15977 16.52573
 14.14736 16.53176
 14.14672 16.53178
 14.14601 16.53129
 14.14403 16.52819
 14.14233 16.52473
 14.13946 16.49022
 14.13627 16.48796
 14.13316 16.48961
 14.07611 16.53577
 14.06895 16.54317
 14.06785 16.54456
 14.06495 16.55031
 14.06479 16.55068
 14.06340 16.55611
 14.06226 16.56194
 14.06250 16.56487
 14.06824 16.56946
 14.07127 16.56896
 14.08550 16.56524
 14.10516 16.56334
 14.07127 16.56896
 14.06042 16.57180
 14.00071 16.61727
 13.99724 16.62189
 13.99687 16.62278
 13.99640 16.62486
 13.99637 16.62908
 13.99769 16.64922
 14.01532 16.69481
 14.03706 16.69074
 14.07348 16.66262
 14.06250 16.68598
 14.03706 16.69074
 13.99355 16.72434
 13.95356 16.76253
 14.11658 16.79341
 14.41400 16.70400
 14.42750 16.69433
 14.56736 16.52797
 14.59122 16.49034
 14.77970 15.76564
 14.84042 15.57586
 14.84081 15.50183
 14.83978 15.48017
 14.82107 15.45681
 14.75745 15.39285
 14.60079 15.45693
 14.12250 15.86848
 14.09357 15.93889
 14.11865 16.24024
3 28 13.7677 14.6661 14.5861 15.8532 'Kaffrine (Senegal)'
 14.66606 15.31231
 14.61100 15.07182
 14.61109 15.05704
 14.65254 14.86536
 14.56753 14.62652
 14.26060 14.59711
 14.14342 14.58614
 13.99984 14.58673
 13.96002 14.59711
 13.93830 14.61146
 13.90254 14.65994
 13.86543 14.71332
 13.78129 14.85651
 13.76772 15.62271
 13.76805 15.62708
 13.77059 15.62991
 13.82067 15.67420
 13.84323 15.69004
 14.07342 15.83848
 14.08888 15.84267
 14.14973 15.85322
 14.18655 15.84891
 14.39017 15.79874
 14.43500 15.77945
 14.51278 15.70417
 14.58319 15.61094
 14.58512 15.60456
 14.66606 15.31231
4 26 13.591 14.3616 15.435 16.372 'Kaolack (Senegal)'
 14.09963 15.99402
 14.09357 15.93889
 14.11649 15.84722
 14.08888 15.84267
 14.07342 15.83848
 13.89610 15.67538
 13.82585 15.57172
 13.79511 15.46822
 13.72227 15.43505
 13.59283 15.47727
 13.59100 15.48656
 13.59350 16.08421
 13.67858 16.17993
 13.79722 16.24278
 14.17917 16.37199
 14.19073 16.37142
 14.22631 16.36939
 14.25431 16.35813
 14.25837 16.35465
 14.33885 16.27112
 14.36158 16.11244
 14.35444 16.10083
 14.30711 16.14047
 14.21444 16.13320
 14.11314 16.01872
 14.09963 15.99402
5 21 12.3777 13.4155 11.3465 13.2312 'Kédougou (Senegal)'
 13.38246 11.62513
 12.98103 11.35732
 12.97683 11.35574
 12.94344 11.34649
 12.93872 11.34737
 12.45163 11.47677
 12.37770 12.39536
 12.49334 12.83981
 12.57952 13.04612
 13.01614 13.23118
 13.05064 13.20643
 13.06051 13.18625
 13.06549 13.17004
 13.08197 12.99180
 13.36274 12.25562
 13.31086 12.03800
 13.37536 11.87066
 13.41508 11.73393
 13.41551 11.72704
 13.41465 11.70551
 13.38246 11.62513
6 26 12.6724 13.5556 13.4509 15.3054 'Kolda (Senegal)'
 13.21930 14.24134
 13.21844 14.22087
 13.22136 14.14981
 13.33551 13.84093
 13.34616 13.82858
 13.37894 13.80706
 13.39285 13.80141
 13.30650 13.67528
 13.00319 13.50134
 12.85478 13.45198
 12.84911 13.45093
 12.70749 13.46141
 12.67239 13.47286
 12.68365 15.11774
 12.68385 15.13525
 12.71873 15.15345
 13.18817 15.30543
 13.55558 15.07392
 13.41997 14.81403
 13.41791 14.76285
 13.32521 14.54880
 13.27869 14.44382
 13.25329 14.40943
 13.24059 14.38156
 13.23132 14.35581
 13.21930 14.24134
7 23 14.611 16.1818 14.5039 16.7471 'Louga (Senegal)'
 16.18178 15.82290
 15.99917 15.58250
 16.00082 14.86424
 15.93391 14.59904
 15.78014 14.50389
 15.02346 14.66563
 14.79086 14.78703
 14.65254 14.86536
 14.61109 15.05704
 14.61100 15.07182
 14.66606 15.31231
 14.75745 15.39285
 14.82107 15.45681
 14.83978 15.48017
 14.96540 15.81612
 15.00111 16.10028
 15.19993 16.62086
 15.30327 16.74712
 15.46109 16.72431
 15.76630 16.54088
 16.15773 15.88034
 16.17853 15.84408
 16.18178 15.82290
8 42 14.409 16.1352 12.5931 14.8654 'Matam (Senegal)'
 16.05660 13.37844
 15.42197 12.94465
 15.33648 12.88764
 15.13783 12.75617
 15.13302 12.74914
 15.08130 12.67625
 15.05955 12.65625
 15.05646 12.65360
 15.01874 12.62680
 15.01578 12.62533
 14.95720 12.60641
 14.91806 12.59401
 14.91368 12.59334
 14.90094 12.59308
 14.80974 12.61906
 14.71344 12.65103
 14.63147 12.68635
 14.61353 12.70675
 14.57772 12.79545
 14.40896 13.51719
 14.41391 13.84782
 14.57442 14.26867
 14.57774 14.27564
 14.53172 14.62910
 14.63104 14.84747
 14.65254 14.86536
 15.65097 14.72477
 15.70444 14.61039
 15.74615 14.48943
 15.68899 14.38978
 15.64573 14.27728
 16.04626 13.70422
 16.09480 13.68234
 16.09514 13.68220
 16.10669 13.66525
 16.10888 13.66065
 16.13510 13.56751
 16.13523 13.55773
 16.13295 13.54647
 16.12505 13.51774
 16.06030 13.38348
 16.05660 13.37844
9 40 15.6457 16.6439 13.6822 16.5181 'Saint-Louis (Senegal)'
 16.63738 14.32983
 16.14437 13.71948
 16.09514 13.68220
 16.09480 13.68234
 16.04626 13.70422
 15.64573 14.27728
 15.68899 14.38978
 15.74615 14.48943
 15.79302 14.51413
 15.93391 14.59904
 16.00082 14.86424
 15.99917 15.58250
 16.18178 15.82290
 16.17853 15.84408
 16.15773 15.88034
 15.99760 16.14542
 15.95944 16.17166
 15.86775 16.24258
 15.83147 16.35689
 15.83207 16.51815
 15.92389 16.50547
 16.15574 16.43166
 16.39815 16.33087
 16.46463 16.30163
 16.50686 16.28290
 16.51182 16.27943
 16.51905 16.27006
 16.52344 16.26115
 16.54902 16.14651
 16.55519 16.11660
 16.55445 16.11256
 16.55206 16.10838
 16.47216 15.70797
 16.57799 15.11856
 16.63124 14.94260
 16.64394 14.63991
 16.64085 14.33902
 16.64051 14.33480
 16.63931 14.33238
 16.63738 14.32983
10 46 12.4278 13.3594 15.1128 16.0199 'Sédhiou (Senegal)'
 12.89049 15.11500
 12.86644 15.11302
 12.84287 15.11280
 12.81835 15.11500
 12.79891 15.11935
 12.76276 15.13395
 12.71873 15.15345
 12.68526 15.18199
 12.54124 15.42704
 12.42777 15.67953
 12.43172 15.72365
 12.44768 15.86286
 12.45129 15.89327
 12.47334 15.91679
 12.54124 15.95723
 12.58038 15.96840
 12.60090 15.96082
 12.52706 15.63594
 12.53129 15.61928
 12.80538 15.22712
 12.81731 15.21098
 12.81775 15.21077
 12.81964 15.21151
 12.85565 15.25432
 12.86101 15.26456
 12.86973 15.28412
 12.85839 15.34655
 12.81862 15.52026
 12.78005 15.54871
 12.61202 15.66876
 12.58836 15.89741
 12.58835 15.90012
 12.58849 15.90054
 12.58980 15.90260
 12.65247 15.97514
 12.69208 16.01624
 12.75046 16.01994
 12.75095 16.01983
 13.12386 15.92845
 13.34873 15.80606
 13.35423 15.71470
 13.35939 15.34801
 13.29650 15.33610
 13.17548 15.26862
 13.00932 15.16412
 12.89049 15.11500
11 41 12.7389 14.859 11.9355 14.8565 'Tambacounda (Senegal)'
 14.55646 12.20374
 14.28849 12.02639
 14.18472 11.97578
 13.92620 11.93550
 13.51850 11.94736
 13.34915 12.07546
 13.36274 12.25562
 12.89709 13.15959
 12.73890 13.46317
 13.01449 13.51185
 13.38083 13.67166
 13.38332 13.67458
 13.55764 13.89302
 13.56221 13.89920
 13.57944 13.96259
 13.57962 13.98025
 13.55661 14.07526
 13.54597 14.11870
 13.53138 14.17415
 13.51662 14.19781
 13.49911 14.22042
 13.48040 14.23595
 13.47645 14.24531
 13.45705 14.32369
 13.46907 14.36870
 13.61652 14.71322
 13.64416 14.76497
 13.65583 14.78298
 13.78129 14.85651
 14.26060 14.59711
 14.59353 14.29772
 14.57774 14.27564
 14.57442 14.26867
 14.41391 13.84782
 14.40896 13.51719
 14.57772 12.79545
 14.61353 12.70675
 14.63147 12.68635
 14.85901 12.41851
 14.76468 12.24152
 14.55646 12.20374
12 34 14.1326 15.3596 16.1844 17.1767 'Thiès (Senegal)'
 15.20610 16.27096
 14.99771 16.18437
 14.98192 16.26221
 14.84013 16.63439
 14.61057 16.52994
 14.56736 16.52797
 14.53066 16.53475
 14.49571 16.54891
 14.13855 16.75248
 14.13770 16.75351
 14.13743 16.75418
 14.13434 16.76763
 14.13259 16.80169
 14.13660 16.80991
 14.14097 16.81709
 14.16270 16.84562
 14.18596 16.86698
 14.49034 17.08632
 14.57351 17.13729
 14.59092 17.14664
 14.60292 17.15039
 14.88470 17.17674
 15.33757 16.80404
 15.33005 16.74142
 15.22430 16.64078
 15.19993 16.62086
 15.15397 16.61580
 15.28198 16.52404
 15.31116 16.50018
 15.34241 16.47062
 15.35957 16.45068
 15.32764 16.35965
 15.26791 16.29774
 15.20610 16.27096
13 33 12.3434 13.1693 15.8942 16.7912 'Ziguinchor (Senegal)'
 12.56858 16.38545
 12.56229 16.37326
 12.56126 16.37037
 12.56063 16.36698
 12.56068 16.36549
 12.56085 16.36467
 12.55568 16.35077
 12.57427 16.18880
 12.57903 16.15340
 12.58048 16.14801
 12.61321 16.05455
 12.47412 16.06676
 12.37558 16.37771
 12.35996 16.47085
 12.35447 16.50722
 12.34342 16.71864
 12.35529 16.72986
 12.40438 16.77131
 12.42883 16.78040
 12.45543 16.78884
 12.48430 16.79119
 12.48480 16.79105
 12.52274 16.77579
 12.53085 16.77119
 12.53306 16.76925
 12.53959 16.76249
 12.54388 16.75591
 12.54542 16.75313
 12.63724 16.58186
 12.63811 16.57951
 12.63566 16.56902
 12.63269 16.55790
 12.56858 16.38545
14 37 12.3434 13.1693 15.8942 16.7912 'Ziguinchor (Senegal)'
 12.56085 16.36467
 12.56858 16.38545
 12.57342 16.39483
 12.58954 16.42495
 12.63597 16.51033
 12.67051 16.56134
 12.67653 16.56717
 12.68265 16.57010
 12.75346 16.58346
 12.75541 16.58365
 12.77427 16.58412
 12.77869 16.57001
 12.78441 16.57645
 12.78455 16.57728
 12.78428 16.57961
 12.78409 16.57999
 12.78162 16.58348
 12.78064 16.58407
 12.77747 16.58421
 12.77427 16.58412
 12.71467 16.77457
 12.72363 16.77758
 12.75539 16.78028
 13.07296 16.73691
 13.10686 16.72263
 13.15218 16.70272
 13.16651 16.68703
 13.16806 16.68376
 13.16926 16.67433
 13.16711 16.46188
 13.16868 15.89417
 13.15257 15.89536
 13.05811 15.91056
 12.66423 16.03346
 12.64833 16.03984
 12.62703 16.05365
 12.56085 16.36467
