0 27 13.2498 13.5512 15.1708 16.2243 'Lower River (Gambia)'
 13.55121 15.17081
 13.41980 15.22948
 13.40109 15.25030
 13.37294 15.28718
 13.36710 15.30412
 13.36075 15.33006
 13.27108 15.94287
 13.24987 16.20193
 13.24981 16.20475
 13.25048 16.20567
 13.25233 16.20737
 13.25712 16.20909
 13.33414 16.22428
 13.33558 16.22428
 13.33746 16.22379
 13.36061 16.21345
 13.36960 16.20851
 13.43480 16.14651
 13.43836 15.80981
 13.43480 15.35190
 13.43480 15.35026
 13.43548 15.34594
 13.43758 15.33895
 13.44497 15.32151
 13.44776 15.31597
 13.44981 15.31237
 13.55121 15.17081
1 29 13.3252 13.8282 14.4494 15.4699 'MacCarthy Island (Gambia)'
 13.37942 14.50706
 13.32521 14.54880
 13.34272 14.65219
 13.34719 14.67689
 13.51401 15.33710
 13.51789 15.34632
 13.52154 15.35158
 13.52373 15.35441
 13.63709 15.46991
 13.67043 15.46137
 13.69240 15.45307
 13.72227 15.43505
 13.76621 15.38732
 13.77480 15.37212
 13.78149 15.35568
 13.78527 15.33765
 13.82818 15.07160
 13.82784 15.06276
 13.79917 14.90721
 13.78853 14.87239
 13.78129 14.85651
 13.64485 14.53907
 13.63386 14.51946
 13.61670 14.49862
 13.59283 14.48202
 13.52681 14.44939
 13.52597 14.44940
 13.51962 14.45161
 13.37942 14.50706
2 54 13.3287 13.6398 15.3697 16.5468 'North Bank (Gambia)'
 13.59287 16.08578
 13.59131 16.08968
 13.59096 16.09015
 13.58905 16.09126
 13.49316 16.13571
 13.49205 16.13617
 13.47669 16.13393
 13.40579 16.21156
 13.37175 16.25367
 13.36640 16.26087
 13.35229 16.28972
 13.35223 16.29111
 13.35230 16.29144
 13.35405 16.29585
 13.37235 16.28887
 13.36304 16.30067
 13.36158 16.30175
 13.36057 16.30199
 13.35938 16.30178
 13.35783 16.30077
 13.35634 16.29914
 13.35438 16.29669
 13.35405 16.29585
 13.34702 16.29853
 13.34530 16.29943
 13.34237 16.30129
 13.34199 16.30168
 13.33959 16.30566
 13.33822 16.30812
 13.33739 16.31060
 13.32869 16.40932
 13.32869 16.41295
 13.33123 16.41809
 13.35830 16.47235
 13.51525 16.53039
 13.58500 16.54675
 13.59331 16.54506
 13.59334 16.51553
 13.58972 16.51001
 13.58571 16.50911
 13.57127 16.51108
 13.57047 16.51104
 13.55806 16.50901
 13.55349 16.50820
 13.55328 16.50806
 13.55253 16.50507
 13.55253 16.50449
 13.55305 16.50324
 13.55399 16.50249
 13.55622 16.50249
 13.58571 16.50911
 13.59329 16.50808
 13.59350 16.08581
 13.59287 16.08578
3 23 13.3287 13.6398 15.3697 16.5468 'North Bank (Gambia)'
 13.47669 16.13393
 13.49838 16.11018
 13.52589 16.09722
 13.57755 16.08499
 13.59287 16.08578
 13.59350 16.08421
 13.59226 15.76202
 13.59100 15.48656
 13.59283 15.47727
 13.63979 15.36968
 13.54825 15.37351
 13.46130 15.75879
 13.45515 15.79078
 13.44088 16.06892
 13.44057 16.07911
 13.44116 16.08614
 13.44162 16.08881
 13.44789 16.11596
 13.44803 16.11638
 13.45401 16.12783
 13.45510 16.12911
 13.46399 16.13208
 13.47669 16.13393
4 24 13.2184 13.5796 13.7929 14.5488 'Upper River (Gambia)'
 13.22136 14.14981
 13.21844 14.22087
 13.21930 14.24134
 13.23132 14.35581
 13.24059 14.38156
 13.25329 14.40943
 13.31217 14.52637
 13.32521 14.54880
 13.46040 14.50993
 13.52681 14.44939
 13.57962 13.98025
 13.57944 13.96259
 13.56221 13.89920
 13.55764 13.89302
 13.51024 13.86016
 13.49653 13.83742
 13.44795 13.80017
 13.43628 13.79294
 13.41637 13.79542
 13.39285 13.80141
 13.37894 13.80706
 13.34616 13.82858
 13.33551 13.84093
 13.22136 14.14981
5 17 13.124 13.4111 15.8057 16.807 'Western (Gambia)'
 13.38530 16.66301
 13.28102 16.46284
 13.30280 16.20775
 13.29110 15.95173
 13.27043 15.85279
 13.25885 15.80795
 13.25499 15.80668
 13.24159 15.80590
 13.16917 15.80572
 13.12402 16.76653
 13.29924 16.80260
 13.33132 16.80703
 13.34571 16.80459
 13.37863 16.79337
 13.41113 16.74252
 13.40847 16.70034
 13.38530 16.66301
