0 27 52.6167 53.2102 -7.0926 -6.11889 'Drenthe (Netherlands)'
 52.63687 -7.03084
 52.61674 -6.53133
 52.62627 -6.40664
 52.62709 -6.40318
 52.68133 -6.17930
 52.69266 -6.16369
 52.71669 -6.14739
 52.73935 -6.13289
 52.75715 -6.13033
 52.85428 -6.11889
 53.09907 -6.31723
 53.17606 -6.40550
 53.17760 -6.40764
 53.20447 -6.45159
 53.21022 -6.48241
 53.12139 -6.73706
 53.11297 -6.75064
 52.98955 -6.94109
 52.96811 -6.97155
 52.91642 -7.03707
 52.86398 -7.08197
 52.83806 -7.09260
 52.64906 -7.05461
 52.64271 -7.05206
 52.63910 -7.04697
 52.63739 -7.03905
 52.63687 -7.03084
1 24 52.2492 52.8443 -6.0135 -5.12088 'Flevoland (Netherlands)'
 52.26737 -5.51799
 52.24917 -5.41406
 52.25003 -5.40663
 52.25329 -5.39485
 52.32393 -5.14698
 52.32557 -5.14434
 52.32827 -5.13999
 52.33764 -5.13498
 52.38437 -5.12088
 52.38520 -5.12110
 52.82854 -5.66007
 52.82982 -5.66239
 52.83182 -5.66844
 52.84432 -5.72064
 52.83960 -5.74934
 52.75221 -5.91289
 52.73788 -5.93781
 52.64734 -6.01110
 52.64305 -6.01350
 52.45405 -5.82184
 52.45356 -5.82132
 52.43646 -5.80324
 52.27115 -5.52879
 52.26737 -5.51799
2 28 52.8006 53.4119 -6.42825 -5.35412 'Friesland (Netherlands)'
 52.81918 -6.03772
 52.80055 -5.87897
 52.83238 -5.55199
 52.84830 -5.42538
 52.85242 -5.40784
 52.86052 -5.39031
 52.86069 -5.39004
 52.88033 -5.35889
 52.88615 -5.35412
 53.16852 -5.41570
 53.18363 -5.42271
 53.19884 -5.43127
 53.21696 -5.44579
 53.21745 -5.44627
 53.22193 -5.45233
 53.29631 -5.58107
 53.30391 -5.59911
 53.31954 -5.64434
 53.38200 -5.86904
 53.38898 -5.90181
 53.40287 -6.01799
 53.40678 -6.06169
 53.41191 -6.17177
 53.35622 -6.21700
 52.97153 -6.42825
 52.93273 -6.39431
 52.90655 -6.33530
 52.81918 -6.03772
3 25 51.7949 52.5216 -6.82949 -5.34835 'Gelderland (Netherlands)'
 52.22840 -6.23830
 52.22823 -6.26534
 52.22995 -6.33330
 52.23647 -6.41781
 52.17150 -6.66180
 52.16978 -6.66670
 52.11742 -6.76049
 51.99108 -6.82698
 51.98507 -6.82949
 51.97477 -6.82921
 51.96568 -6.82615
 51.92345 -6.78325
 51.92104 -6.77936
 51.89993 -6.73482
 51.89821 -6.72981
 51.86113 -6.44209
 51.79492 -5.66163
 51.80054 -5.34835
 52.12678 -5.50169
 52.40848 -5.74789
 52.52160 -5.87777
 52.26334 -6.12453
 52.23355 -6.17860
 52.22892 -6.22330
 52.22840 -6.23830
4 32 52.8497 53.4653 -7.21316 -6.17589 'Groningen (Netherlands)'
 53.23960 -7.20570
 53.01264 -7.21316
 53.00045 -7.20973
 52.94277 -7.18214
 52.87823 -7.11847
 52.84973 -7.08833
 52.87376 -7.01584
 52.89788 -7.03209
 52.91033 -7.03807
 52.91642 -7.03707
 52.96811 -6.97155
 52.98955 -6.94109
 53.11297 -6.75064
 53.12139 -6.73706
 53.21022 -6.48241
 53.20447 -6.45159
 53.17760 -6.40764
 53.17606 -6.40550
 53.15932 -6.38990
 53.12860 -6.36828
 53.12096 -6.36357
 53.11306 -6.36256
 53.09315 -6.35398
 53.09358 -6.34183
 53.11512 -6.20522
 53.13460 -6.17589
 53.16696 -6.17788
 53.35622 -6.21700
 53.41515 -6.24591
 53.46532 -6.75326
 53.40986 -6.87451
 53.23960 -7.20570
5 31 50.7529 51.7459 -6.22544 -5.63709 'Limburg (Netherlands)'
 50.75449 -6.02126
 50.75289 -5.99138
 50.75340 -5.89668
 50.75684 -5.80659
 50.77864 -5.69968
 50.81906 -5.65338
 50.82430 -5.64773
 50.83297 -5.64100
 50.84289 -5.63709
 50.84837 -5.63729
 50.85341 -5.63786
 50.86257 -5.63902
 50.87545 -5.65459
 50.87751 -5.65867
 50.87906 -5.66303
 50.88500 -5.67988
 50.89474 -5.69307
 50.92180 -5.72664
 50.94947 -5.75752
 50.95131 -5.75883
 51.55833 -6.04766
 51.58360 -6.03891
 51.61712 -6.02351
 51.74595 -5.95282
 51.70990 -6.02726
 51.52176 -6.21139
 51.51730 -6.21305
 51.47558 -6.22492
 51.36211 -6.22544
 50.87563 -6.08833
 50.75449 -6.02126
6 57 51.2612 51.8296 -6.04766 -4.19151 'Noord-Brabant (Netherlands)'
 51.75564 -5.87032
 51.71049 -5.95439
 51.62167 -6.02059
 51.61712 -6.02351
 51.58360 -6.03891
 51.55833 -6.04766
 51.38555 -5.93363
 51.35868 -5.88591
 51.35130 -5.86762
 51.26598 -5.55868
 51.26118 -5.42129
 51.26152 -5.23802
 51.44039 -4.99907
 51.48228 -4.54011
 51.47919 -4.48256
 51.47781 -4.47595
 51.46408 -4.42941
 51.45018 -4.38672
 51.44640 -4.37956
 51.44091 -4.37764
 51.42168 -4.38204
 51.41035 -4.38810
 51.39473 -4.40462
 51.37602 -4.42867
 51.37430 -4.42894
 51.36383 -4.42839
 51.36160 -4.42537
 51.35302 -4.39211
 51.35302 -4.38661
 51.35748 -4.34045
 51.37671 -4.29813
 51.41988 -4.26824
 51.50518 -4.22002
 51.59739 -4.19236
 51.59900 -4.19190
 51.60323 -4.19151
 51.60745 -4.19236
 51.61454 -4.19593
 51.62191 -4.20387
 51.62805 -4.21805
 51.69008 -4.45766
 51.71284 -4.64068
 51.71881 -4.69291
 51.71887 -4.69348
 51.72318 -4.73712
 51.72318 -4.75045
 51.71746 -4.89469
 51.71320 -4.99905
 51.77928 -5.36180
 51.81650 -5.53485
 51.82530 -5.55338
 51.82706 -5.55720
 51.82959 -5.58525
 51.82925 -5.59463
 51.81890 -5.63731
 51.75778 -5.86474
 51.75564 -5.87032
7 27 52.1813 52.9648 -5.32348 -4.49311 'Noord-Holland (Netherlands)'
 52.46376 -4.62985
 52.43662 -4.71314
 52.38202 -4.90341
 52.38117 -4.91146
 52.37248 -5.01169
 52.37590 -5.01636
 52.32187 -5.24026
 52.31698 -5.25752
 52.31217 -5.27141
 52.30720 -5.28334
 52.29612 -5.30804
 52.28651 -5.32348
 52.18128 -5.19536
 52.18291 -5.13332
 52.21467 -4.60140
 52.21707 -4.57213
 52.21907 -4.55829
 52.21931 -4.55711
 52.22660 -4.55069
 52.32660 -4.49311
 52.45375 -4.56627
 52.45792 -4.56916
 52.46189 -4.57321
 52.46350 -4.58378
 52.46369 -4.59067
 52.46394 -4.62898
 52.46376 -4.62985
8 26 52.1813 52.9648 -5.32348 -4.49311 'Noord-Holland (Netherlands)'
 52.37590 -5.01636
 52.41534 -4.85289
 52.45395 -4.67514
 52.46376 -4.62985
 52.47233 -4.60352
 52.50268 -4.59056
 52.60250 -4.61703
 52.94039 -4.71509
 52.95212 -4.71982
 52.95247 -4.72008
 52.95669 -4.72375
 52.96027 -4.72837
 52.96099 -4.72958
 52.96210 -4.73273
 52.96370 -4.73946
 52.96476 -4.76403
 52.96483 -4.77743
 52.91850 -4.95650
 52.84694 -5.11396
 52.74282 -5.28243
 52.74262 -5.28260
 52.70905 -5.30912
 52.70863 -5.30911
 52.45498 -5.11579
 52.41396 -5.06843
 52.37590 -5.01636
9 43 52.1174 52.8543 -7.07237 -5.81054 'Overijssel (Netherlands)'
 52.62627 -6.40664
 52.61674 -6.53133
 52.62786 -6.71028
 52.48718 -6.69804
 52.48220 -6.70734
 52.46538 -6.75102
 52.46178 -6.76427
 52.45989 -6.77497
 52.43998 -6.91698
 52.43603 -6.95079
 52.44015 -6.95952
 52.43792 -7.00828
 52.39431 -7.06118
 52.37732 -7.07074
 52.37165 -7.07237
 52.35311 -7.07153
 52.28239 -7.03227
 52.22643 -6.99699
 52.13047 -6.87219
 52.12360 -6.86215
 52.12017 -6.85348
 52.11845 -6.83335
 52.11742 -6.76049
 52.12309 -6.70293
 52.12609 -6.68657
 52.23355 -6.17860
 52.26334 -6.12453
 52.58039 -5.81054
 52.80836 -5.83766
 52.82295 -5.92435
 52.85428 -6.11889
 52.80991 -6.18029
 52.79265 -6.20045
 52.78115 -6.18554
 52.77205 -6.16950
 52.76802 -6.15417
 52.75715 -6.13033
 52.73935 -6.13289
 52.71669 -6.14739
 52.69266 -6.16369
 52.68133 -6.17930
 52.62709 -6.40318
 52.62627 -6.40664
10 26 51.9384 52.2897 -5.58998 -4.80278 'Utrecht (Netherlands)'
 52.18291 -5.13332
 52.18128 -5.19536
 52.28651 -5.32348
 52.26789 -5.37213
 52.25046 -5.40541
 52.12678 -5.50169
 52.00936 -5.58998
 51.95744 -5.55234
 51.93842 -4.87552
 51.93863 -4.87197
 51.94134 -4.86118
 51.99700 -4.82163
 51.99958 -4.82037
 52.12498 -4.80278
 52.21162 -4.81337
 52.22463 -4.81645
 52.22660 -4.81722
 52.22892 -4.82079
 52.28070 -4.92257
 52.28969 -4.98264
 52.28497 -5.06170
 52.27235 -5.02299
 52.23295 -5.03210
 52.23175 -5.03294
 52.22300 -5.05007
 52.18291 -5.13332
11 34 51.2014 51.6605 -4.23466 -3.35916 'Zeeland (Netherlands)'
 51.38901 -3.96386
 51.38921 -3.97291
 51.37631 -4.19045
 51.37485 -4.20544
 51.37301 -4.20940
 51.37282 -4.20979
 51.34861 -4.23466
 51.34048 -4.22807
 51.29568 -4.17343
 51.27851 -4.13556
 51.25002 -4.07026
 51.24298 -4.05217
 51.21208 -3.94006
 51.20144 -3.89867
 51.20144 -3.89401
 51.24556 -3.42830
 51.26547 -3.39428
 51.27645 -3.38084
 51.29499 -3.36740
 51.31594 -3.35916
 51.37150 -3.37119
 51.37290 -3.37175
 51.37636 -3.37791
 51.37829 -3.38249
 51.38931 -3.42278
 51.38943 -3.42336
 51.40709 -3.51562
 51.38705 -3.58651
 51.35037 -3.71987
 51.34883 -3.72608
 51.33489 -3.84472
 51.33622 -3.86719
 51.35745 -3.90620
 51.38901 -3.96386
12 24 51.2014 51.6605 -4.23466 -3.35916 'Zeeland (Netherlands)'
 51.38921 -3.97291
 51.38968 -3.96507
 51.38901 -3.96386
 51.38566 -3.81154
 51.43863 -3.57505
 51.44059 -3.56861
 51.45869 -3.53202
 51.52546 -3.43414
 51.52609 -3.43359
 51.52882 -3.43361
 51.54127 -3.43789
 51.54252 -3.43923
 51.56470 -3.49095
 51.56620 -3.49469
 51.58388 -3.54190
 51.58942 -3.55800
 51.59368 -3.57504
 51.59398 -3.57706
 51.60553 -3.80091
 51.66055 -4.18278
 51.51871 -4.21996
 51.43020 -4.22942
 51.39492 -4.23211
 51.38921 -3.97291
13 27 51.6538 52.3212 -5.17961 -3.82436 'Zuid-Holland (Netherlands)'
 51.65411 -4.27963
 51.65382 -4.26964
 51.69891 -4.03072
 51.74737 -3.82450
 51.74800 -3.82436
 51.81120 -3.85776
 51.81836 -3.86719
 51.82276 -3.88653
 51.84204 -3.97265
 51.84564 -3.99036
 51.84577 -3.99110
 51.84676 -3.99873
 51.84663 -4.00164
 51.84161 -4.01155
 51.83952 -4.01334
 51.83446 -4.01620
 51.82356 -4.03640
 51.71962 -4.28335
 51.70584 -4.31922
 51.70285 -4.33376
 51.70261 -4.38508
 51.69719 -4.39208
 51.67150 -4.35814
 51.66381 -4.33464
 51.66019 -4.31622
 51.65421 -4.28107
 51.65411 -4.27963
14 24 51.6538 52.3212 -5.17961 -3.82436 'Zuid-Holland (Netherlands)'
 51.88978 -4.62669
 51.89098 -4.67239
 51.89796 -4.72063
 51.92376 -4.80728
 51.94134 -4.86118
 51.94664 -4.86357
 52.00137 -5.09156
 52.00194 -5.10084
 52.00192 -5.10821
 52.00031 -5.11732
 51.96652 -5.17961
 51.88225 -5.13106
 51.86645 -5.08934
 51.83599 -5.00642
 51.81893 -4.84700
 51.81538 -4.78319
 51.81565 -4.77226
 51.81613 -4.76586
 51.83245 -4.67164
 51.86935 -4.63630
 51.88828 -4.62142
 51.88838 -4.62141
 51.88851 -4.62141
 51.88978 -4.62669
15 22 51.6538 52.3212 -5.17961 -3.82436 'Zuid-Holland (Netherlands)'
 51.94664 -4.86357
 51.88978 -4.62669
 51.88974 -4.62523
 51.89606 -4.33386
 51.89629 -4.32355
 51.90004 -4.28994
 51.90729 -4.26809
 51.91263 -4.25203
 51.97750 -4.11823
 51.99051 -4.11178
 52.04078 -4.17792
 52.08437 -4.24126
 52.13069 -4.30808
 52.14436 -4.32516
 52.17681 -4.36430
 52.32119 -4.51646
 52.22660 -4.81722
 52.17343 -4.86661
 52.17085 -4.86828
 52.08240 -4.90786
 51.94851 -4.86441
 51.94664 -4.86357
