0 113 2.11264 5.74684 51.6466 54.5381 'French Guiana (French Guiana)'
 5.68820 53.96876
 5.65152 53.94487
 5.65596 53.94301
 5.65968 53.94164
 5.67134 53.94106
 5.68680 53.96344
 5.68700 53.96383
 5.68820 53.96876
 5.69292 53.97184
 5.69540 53.97262
 5.69749 53.97236
 5.69867 53.97207
 5.71119 53.96761
 5.71709 53.96508
 5.74172 53.95101
 5.74308 53.95018
 5.74497 53.94867
 5.74615 53.94624
 5.74684 53.94228
 5.74625 53.93383
 5.73155 53.85259
 5.72986 53.84821
 5.72625 53.83906
 5.71618 53.81501
 5.70033 53.78906
 5.69857 53.78662
 5.69261 53.78012
 5.68729 53.77751
 5.68417 53.77680
 5.67754 53.77597
 5.65258 53.77401
 5.55822 53.28230
 5.27955 52.74829
 5.10429 52.57834
 5.10377 52.57783
 5.09766 52.57134
 5.08369 52.55534
 4.69286 52.00374
 4.64468 51.92148
 4.66588 51.91238
 4.67200 51.90916
 4.67322 51.90851
 4.67433 51.90769
 4.67518 51.90662
 4.67659 51.90264
 4.67659 51.89533
 4.67361 51.88410
 4.67237 51.88002
 4.67174 51.87857
 4.66238 51.86005
 4.65008 51.84060
 4.64389 51.83292
 4.60591 51.79483
 4.60557 51.79458
 4.57550 51.78136
 4.25172 51.67337
 4.16599 51.64662
 4.05900 51.65851
 4.05542 51.66042
 3.88525 51.80249
 3.85838 51.82515
 3.80188 51.87331
 3.24419 52.24666
 3.08849 52.33803
 2.65388 52.54164
 2.59724 52.53133
 2.58177 52.52763
 2.51688 52.56459
 2.37067 52.68030
 2.19160 52.90340
 2.17426 52.95259
 2.17291 52.95670
 2.16832 52.97683
 2.16752 52.98069
 2.16697 52.98446
 2.18788 53.05037
 2.30773 53.38329
 2.30970 53.74059
 2.11264 54.10129
 2.15984 54.34093
 2.22971 54.48162
 2.27160 54.53814
 2.32395 54.53470
 2.43334 54.46817
 2.43366 54.45230
 2.43431 54.43515
 2.43628 54.42067
 2.44062 54.41640
 2.47474 54.38532
 2.49095 54.37350
 2.52545 54.34892
 2.77871 54.20798
 3.46653 54.00775
 3.57139 53.99864
 3.64780 54.02123
 3.79356 54.12254
 3.79955 54.13118
 3.80402 54.14828
 3.80536 54.16287
 3.82805 54.19550
 3.87678 54.24296
 3.88026 54.24597
 4.04318 54.34247
 4.20450 54.39650
 4.74026 54.46556
 4.85235 54.46794
 5.01646 54.43782
 5.09122 54.40176
 5.67819 53.98576
 5.68805 53.97271
 5.68830 53.97229
 5.68831 53.96920
 5.68820 53.96876
