0 293 55.6748 58.0833 -28.236 -20.9686 'Latvia (Latvia)'
 57.87183 -24.31498
 57.87027 -24.32444
 57.86888 -24.37305
 57.87249 -24.41138
 57.88263 -24.43083
 57.90284 -24.44395
 57.95340 -24.54993
 57.96500 -24.72388
 58.03944 -25.01583
 58.05027 -25.03833
 58.06319 -25.06541
 58.07166 -25.09166
 58.07638 -25.13180
 58.07514 -25.16652
 58.06485 -25.18611
 58.04458 -25.20180
 58.02027 -25.20902
 58.00152 -25.21944
 57.99263 -25.23985
 58.01090 -25.29521
 58.03839 -25.29521
 58.07228 -25.26750
 58.08325 -25.29785
 58.03186 -25.42985
 58.00513 -25.45222
 57.91735 -25.62041
 57.86583 -25.80139
 57.86055 -25.83638
 57.85583 -25.88305
 57.85388 -25.94695
 57.82333 -26.03500
 57.69499 -26.20445
 57.62430 -26.28084
 57.60819 -26.30625
 57.52610 -26.51139
 57.52264 -26.53125
 57.52701 -26.60680
 57.54625 -26.62416
 57.57555 -26.69777
 57.63207 -26.87846
 57.63346 -26.90222
 57.62332 -26.96999
 57.61833 -26.99611
 57.60805 -27.02527
 57.59402 -27.04555
 57.56520 -27.07708
 57.53138 -27.31027
 57.53564 -27.37205
 57.53194 -27.42500
 57.53111 -27.44944
 57.53138 -27.47166
 57.53638 -27.54722
 57.49361 -27.54277
 57.44433 -27.52777
 57.41819 -27.57139
 57.41055 -27.60638
 57.37999 -27.68722
 57.32388 -27.82527
 57.30596 -27.85535
 57.26250 -27.86388
 57.17992 -27.84937
 57.05721 -27.77472
 56.91471 -27.70166
 56.86915 -27.73111
 56.87360 -27.76250
 56.87818 -27.80250
 56.87555 -27.83777
 56.86888 -27.86055
 56.82243 -27.93882
 56.79402 -27.92673
 56.72276 -27.94361
 56.64833 -28.00945
 56.51749 -28.11416
 56.47137 -28.14777
 56.40638 -28.18277
 56.27638 -28.23596
 56.18124 -28.19708
 56.16194 -28.18346
 56.15015 -28.16801
 56.16096 -28.14965
 56.16749 -28.12166
 56.10513 -27.92249
 56.07027 -27.89777
 56.00111 -27.79611
 55.95610 -27.71249
 55.91957 -27.64638
 55.84600 -27.63205
 55.81833 -27.62000
 55.79252 -27.60025
 55.78916 -27.55972
 55.78889 -27.53111
 55.80749 -27.31083
 55.82583 -27.21166
 55.84652 -27.15277
 55.83235 -26.98583
 55.77555 -26.90499
 55.74048 -26.88326
 55.71388 -26.85666
 55.68749 -26.76583
 55.68776 -26.73847
 55.70174 -26.69205
 55.70583 -26.66527
 55.69875 -26.64222
 55.68791 -26.62485
 55.67484 -26.61321
 55.67555 -26.58333
 55.68083 -26.53139
 55.68513 -26.50458
 55.71652 -26.36695
 55.72638 -26.33861
 55.73972 -26.31333
 55.77340 -26.26611
 55.81694 -26.23972
 55.84583 -26.21638
 55.86375 -26.19625
 55.93805 -26.05833
 55.95744 -26.00533
 55.97874 -25.93722
 55.99944 -25.89111
 56.09704 -25.70861
 56.15138 -25.58277
 56.16638 -25.42972
 56.16915 -25.32750
 56.18083 -25.26250
 56.18333 -25.18305
 56.18444 -25.16027
 56.18749 -25.13985
 56.19915 -25.10153
 56.21485 -25.07680
 56.30027 -24.99653
 56.32916 -24.98194
 56.35361 -24.97055
 56.38249 -24.95666
 56.40694 -24.94222
 56.44263 -24.91888
 56.44985 -24.89416
 56.36583 -24.65333
 56.32916 -24.60277
 56.31249 -24.58250
 56.28944 -24.56055
 56.26944 -24.47666
 56.26972 -24.44944
 56.27589 -24.42035
 56.29860 -24.37180
 56.30971 -24.33437
 56.28944 -24.26500
 56.26222 -24.16930
 56.26277 -24.14180
 56.28361 -24.06985
 56.32041 -23.99985
 56.33222 -23.94888
 56.34276 -23.87361
 56.36069 -23.73375
 56.36152 -23.59972
 56.34527 -23.57347
 56.33596 -23.55347
 56.33416 -23.52527
 56.34415 -23.44805
 56.36707 -23.36305
 56.37902 -23.32611
 56.38082 -23.29611
 56.35485 -23.17489
 56.31819 -23.13861
 56.30617 -23.10527
 56.31653 -23.06097
 56.33138 -23.03445
 56.35249 -23.01555
 56.37472 -23.00375
 56.39583 -22.98972
 56.42014 -22.95125
 56.42305 -22.93006
 56.41027 -22.88638
 56.39222 -22.85319
 56.38083 -22.83236
 56.35665 -22.69138
 56.36055 -22.66625
 56.37124 -22.64861
 56.38555 -22.62479
 56.39472 -22.58694
 56.39972 -22.55361
 56.40444 -22.51916
 56.40638 -22.48930
 56.40388 -22.30944
 56.42388 -22.14694
 56.41945 -22.06722
 56.41444 -22.04375
 56.36915 -21.90527
 56.32333 -21.73555
 56.29527 -21.56666
 56.24888 -21.44777
 56.24096 -21.42132
 56.24027 -21.38819
 56.23937 -21.35951
 56.17860 -21.25889
 56.16526 -21.24180
 56.13207 -21.23430
 56.10165 -21.22610
 56.08568 -21.20743
 56.08805 -21.14666
 56.08749 -21.12389
 56.08541 -21.09903
 56.07944 -21.05805
 56.07731 -21.05168
 56.11833 -21.04277
 56.15610 -21.02583
 56.17138 -21.01264
 56.18457 -20.99555
 56.23791 -20.97361
 56.36361 -20.96861
 56.50945 -20.99764
 56.50819 -21.02493
 56.45833 -21.04445
 56.43555 -21.06861
 56.51055 -21.05777
 56.61415 -21.02666
 56.64415 -21.03972
 56.67194 -21.04945
 56.69137 -21.05611
 56.74735 -21.06500
 56.78194 -21.06347
 56.81749 -21.05223
 56.84194 -21.06229
 56.87276 -21.14500
 56.90665 -21.22444
 56.92276 -21.26139
 56.98735 -21.35791
 57.02665 -21.39569
 57.04944 -21.40944
 57.06945 -21.41555
 57.09361 -21.41541
 57.12444 -21.41138
 57.23902 -21.41249
 57.28194 -21.41728
 57.30291 -21.43416
 57.31694 -21.45861
 57.33388 -21.48249
 57.44332 -21.59611
 57.48888 -21.64000
 57.51666 -21.66555
 57.53388 -21.67694
 57.55972 -21.70583
 57.57472 -21.72902
 57.58333 -21.75500
 57.59583 -21.85625
 57.59361 -21.90111
 57.59096 -21.92277
 57.59555 -21.99153
 57.60305 -22.01972
 57.61666 -22.04916
 57.63388 -22.09833
 57.68472 -22.28139
 57.73957 -22.48014
 57.75527 -22.58277
 57.74905 -22.60690
 57.68902 -22.58403
 57.63763 -22.59458
 57.58527 -22.64333
 57.57111 -22.67222
 57.53527 -22.75111
 57.45471 -22.90527
 57.43069 -22.94117
 57.39861 -23.01416
 57.38527 -23.04916
 57.37583 -23.08361
 57.37249 -23.10361
 57.36444 -23.13569
 57.31276 -23.16750
 57.16875 -23.24110
 57.11472 -23.24916
 57.10096 -23.25611
 57.07333 -23.30583
 57.06221 -23.32750
 57.05415 -23.34666
 56.97665 -23.58611
 56.96589 -23.65527
 56.96832 -23.76527
 56.97027 -23.78583
 56.98388 -23.85027
 56.98888 -23.87361
 57.01138 -23.95527
 57.02222 -23.98499
 57.09749 -24.15527
 57.12887 -24.22333
 57.21902 -24.37319
 57.25125 -24.40416
 57.27722 -24.41319
 57.35430 -24.40916
 57.58083 -24.36222
 57.69944 -24.33083
 57.73165 -24.30409
 57.79250 -24.28972
 57.83346 -24.28895
 57.87183 -24.31498
