0 123 22.0286 27.2905 4.80611 13.1503 'Tiris Zemmour (Mauritania)'
 22.03388 13.04778
 22.08583 13.05139
 22.20472 13.05916
 22.32389 13.06639
 22.49681 13.07780
 22.52027 13.08000
 22.57083 13.09416
 22.75750 13.15028
 22.80916 13.13389
 22.89305 13.10528
 22.96277 13.04945
 23.02472 12.99834
 23.18250 12.74500
 23.25083 12.63666
 23.27617 12.59743
 23.29138 12.57139
 23.31861 12.36584
 23.38055 12.23139
 23.42972 12.09889
 23.45444 12.00028
 23.79972 12.00084
 24.00000 12.00028
 24.33305 12.00084
 24.39972 12.00000
 24.76611 12.00084
 24.79972 12.00000
 24.86639 12.00000
 25.20000 12.00084
 25.23277 12.00000
 25.29972 12.00000
 25.63250 12.00084
 25.66611 12.00000
 25.73305 12.00000
 26.00000 12.00055
 26.00000 11.70055
 25.99945 11.26667
 25.99945 10.73334
 25.99945 10.50028
 25.99820 10.13412
 25.99796 10.00031
 25.99972 9.96666
 26.00000 9.90000
 26.00027 9.70055
 26.00027 9.63389
 26.00027 9.56722
 25.99945 9.40000
 26.00027 8.66695
 26.06639 8.66639
 26.13333 8.66666
 26.39972 8.66722
 26.83305 8.66722
 26.96639 8.66722
 27.29045 8.66679
 27.27889 8.64416
 27.02750 8.20445
 26.98638 8.13111
 26.74389 7.71195
 26.73416 7.69361
 26.47972 7.25834
 26.44861 7.20389
 26.32083 6.98695
 26.19250 6.77111
 26.12916 6.66278
 25.91445 6.30416
 25.90445 6.28611
 25.64555 5.85778
 25.62472 5.82195
 25.51479 5.64166
 25.30000 5.28945
 25.07083 4.91889
 25.04972 4.88361
 25.00584 4.81305
 25.00027 4.80611
 24.99945 4.86666
 24.99945 4.96666
 25.00000 5.76722
 24.99945 6.13389
 24.99945 6.29972
 25.00000 6.36695
 25.00000 6.50028
 24.99916 6.57722
 24.63250 6.53334
 24.56277 6.52389
 24.45805 6.51111
 24.16139 6.47528
 23.87876 6.44180
 23.25472 6.36695
 22.99026 6.33595
 22.98445 6.33972
 22.81416 6.42805
 22.64361 6.51611
 22.43889 6.62139
 22.23389 6.72666
 22.02889 6.83084
 22.02972 6.99639
 22.02972 7.07195
 22.02972 7.16389
 22.02972 7.40278
 22.02916 7.73361
 22.02889 7.82555
 22.02861 7.99084
 22.02889 8.06805
 22.03111 8.45389
 22.03334 8.83973
 22.03361 9.04750
 22.03334 9.35973
 22.03305 9.54334
 22.03195 9.91111
 22.03166 9.99695
 22.03139 10.21750
 22.03195 10.56695
 22.03195 10.69555
 22.03139 11.23361
 22.03111 11.32555
 22.03028 11.58305
 22.03000 11.73000
 22.02945 12.03528
 22.03139 12.29250
 22.03222 12.43973
 22.03277 12.58667
 22.03334 12.75223
 22.03277 12.78916
 22.03388 13.04778
1 87 16.1353 18.589 12.4062 14.9581 'Brakna (Mauritania)'
 18.50962 12.91220
 18.57916 12.57889
 18.58899 12.54615
 18.57735 12.54528
 18.36027 12.43834
 18.32584 12.44055
 17.51680 12.51146
 17.48333 12.49055
 17.46639 12.47889
 17.44083 12.46250
 17.40416 12.44084
 17.36521 12.42528
 17.32083 12.42320
 17.25514 12.42070
 17.23235 12.41181
 17.22389 12.40624
 17.19395 12.46778
 17.15139 12.50278
 17.11792 12.52937
 17.09375 12.58528
 17.09312 12.62215
 17.04764 12.74028
 16.98861 12.78973
 16.93361 12.81000
 16.84640 12.81265
 16.80000 12.90278
 16.78235 12.92847
 16.70361 13.01889
 16.67833 13.04347
 16.65222 13.06264
 16.62611 13.07445
 16.60583 13.08166
 16.57584 13.09278
 16.54389 13.10584
 16.47583 13.16889
 16.43722 13.27528
 16.42666 13.30223
 16.41111 13.33778
 16.31184 13.53580
 16.27083 13.57722
 16.23722 13.61389
 16.18195 13.67945
 16.16695 13.69889
 16.17875 13.70351
 16.13527 13.81611
 16.23389 13.96972
 16.29986 13.98424
 16.35777 14.02973
 16.54319 14.21916
 16.63611 14.34361
 16.65027 14.41611
 16.63514 14.45361
 16.62639 14.50500
 16.63535 14.63951
 16.64445 14.75639
 16.63722 14.85472
 16.63527 14.90695
 16.64840 14.95166
 16.67255 14.95809
 16.83937 14.77778
 16.86153 14.75042
 16.88305 14.71389
 16.99750 14.50639
 17.01527 14.46666
 17.02250 14.44445
 17.02666 14.41973
 17.03305 14.39000
 17.15945 14.35166
 17.30500 14.30375
 17.34777 14.25723
 17.37083 14.23084
 17.38347 14.21167
 17.39778 14.18639
 17.41445 14.14473
 17.42472 14.12639
 17.44514 14.10445
 17.46666 14.08764
 17.49805 14.07445
 17.51958 14.07236
 17.55722 14.07750
 17.62334 13.99917
 17.73472 13.84111
 17.96945 13.50695
 18.19139 13.18945
 18.30222 13.03055
 18.38777 12.90666
 18.50962 12.91220
2 75 19.2554 21.3397 15.5156 17.0756 'Dakhlet Nouadhibou (Mauritania)'
 20.76410 17.05233
 20.89903 17.07555
 20.92083 17.07028
 20.97445 17.04916
 21.00416 17.03806
 21.12805 16.99500
 21.30055 16.96055
 21.33666 16.95375
 21.33972 16.60473
 21.33972 16.14612
 21.33889 16.01778
 21.33861 15.89223
 21.33828 15.74200
 21.30750 15.73528
 21.22916 15.71278
 20.90861 15.61389
 20.58555 15.51555
 20.07472 15.86389
 19.71139 16.11000
 19.58972 16.15084
 19.53750 16.16861
 19.48916 16.18611
 19.45055 16.20973
 19.43361 16.22055
 19.40215 16.24687
 19.34695 16.30278
 19.32250 16.32778
 19.30222 16.35750
 19.29000 16.38139
 19.25540 16.46306
 19.33639 16.49917
 19.35222 16.51167
 19.37006 16.45625
 19.39375 16.38070
 19.42250 16.34945
 19.43750 16.33555
 19.46750 16.30945
 19.53833 16.28618
 19.52972 16.35693
 19.47792 16.42625
 19.44535 16.42994
 19.40888 16.44055
 19.41006 16.46174
 19.44861 16.46889
 19.53639 16.42723
 19.55966 16.40539
 19.57592 16.38314
 19.63375 16.33445
 19.79389 16.23305
 19.88722 16.24334
 20.00083 16.21666
 20.22611 16.19681
 20.28854 16.23681
 20.37750 16.31416
 20.43278 16.33723
 20.52611 16.37778
 20.60305 16.41584
 20.66945 16.45223
 20.72597 16.49570
 20.73361 16.52792
 20.70472 16.53445
 20.62750 16.53278
 20.56604 16.54007
 20.59000 16.57750
 20.61084 16.59973
 20.66139 16.64834
 21.11361 16.88916
 21.14250 16.90320
 21.15847 16.92368
 21.06555 16.98778
 21.01585 16.99841
 20.97472 16.99555
 20.84472 17.02528
 20.78305 17.04473
 20.76410 17.05233
3 18 19.2554 21.3397 15.5156 17.0756 'Dakhlet Nouadhibou (Mauritania)'
 19.60139 16.43250
 19.60388 16.43695
 19.62000 16.45264
 19.69695 16.46055
 19.80639 16.41653
 19.86403 16.35305
 19.86514 16.34209
 19.85695 16.33611
 19.80139 16.34472
 19.79027 16.34723
 19.73333 16.36125
 19.68111 16.38028
 19.65250 16.39278
 19.63834 16.39945
 19.62583 16.40750
 19.61805 16.41389
 19.60361 16.42750
 19.60139 16.43250
4 75 19.0022 21.3417 14.0579 16.4631 'Inchiri (Mauritania)'
 19.00272 16.21925
 19.04333 16.23223
 19.09445 16.25778
 19.11111 16.26945
 19.12777 16.28139
 19.20403 16.34931
 19.21639 16.36834
 19.25540 16.46306
 19.29000 16.38139
 19.30222 16.35750
 19.32250 16.32778
 19.34695 16.30278
 19.40215 16.24687
 19.43361 16.22055
 19.45055 16.20973
 19.48916 16.18611
 19.53750 16.16861
 19.58972 16.15084
 19.71139 16.11000
 20.07472 15.86389
 20.58555 15.51555
 20.90861 15.61389
 21.22916 15.71278
 21.30750 15.73528
 21.33828 15.74200
 21.33750 15.22555
 21.33639 15.00528
 21.33861 14.68723
 21.34055 14.46723
 21.34166 14.30347
 21.19139 14.18861
 21.11681 14.13820
 20.99195 14.16445
 20.74333 14.17834
 20.66722 14.18222
 20.58735 14.18361
 20.55555 14.18334
 20.47486 14.18028
 20.44222 14.17889
 20.38333 14.17361
 20.35750 14.17111
 20.29805 14.16639
 20.12388 14.15889
 20.09638 14.15778
 20.07027 14.15834
 20.04305 14.15722
 20.01639 14.15528
 19.93042 14.14542
 19.90528 14.13834
 19.86083 14.11584
 19.84139 14.10334
 19.81764 14.08625
 19.79111 14.07195
 19.76035 14.06292
 19.71208 14.05792
 19.68389 14.05972
 19.65277 14.06584
 19.60722 14.07778
 19.58639 14.08445
 19.55708 14.09986
 19.53527 14.11639
 19.50298 14.15250
 19.48361 14.19055
 19.47472 14.22195
 19.47000 14.25500
 19.28139 14.25500
 19.07555 14.25472
 19.00225 14.25389
 19.00222 14.29139
 19.00250 14.98111
 19.00250 15.38278
 19.00277 15.56882
 19.00333 15.63695
 19.00305 16.03038
 19.00272 16.21925
5 118 16.0602 19.0033 12.9067 16.5372 'Trarza (Mauritania)'
 16.06025 16.52768
 16.09584 16.52916
 16.30166 16.53723
 16.32861 16.52667
 16.37388 16.50695
 16.40333 16.49555
 16.47416 16.47486
 16.50527 16.46889
 16.53000 16.46723
 16.55000 16.46889
 16.61139 16.46765
 16.67972 16.44445
 16.76334 16.41111
 16.78277 16.40334
 16.93722 16.34028
 17.00166 16.30111
 17.03181 16.27903
 17.05931 16.26153
 17.19805 16.20084
 17.23666 16.18472
 17.35708 16.13500
 17.48750 16.09584
 17.50833 16.08973
 17.58972 16.06945
 17.61138 16.06416
 17.73458 16.03945
 17.92611 16.03723
 18.08055 16.02862
 18.16139 16.03528
 18.19006 16.04222
 18.23555 16.05139
 18.36951 16.06299
 18.40445 16.05778
 18.42861 16.05667
 18.46375 16.06480
 18.49195 16.07195
 18.52666 16.08347
 18.57889 16.10584
 18.69000 16.14445
 18.75555 16.15055
 18.87083 16.17139
 18.91305 16.17917
 18.93945 16.18805
 19.00272 16.21925
 19.00305 16.03038
 19.00333 15.63695
 19.00277 15.56882
 19.00250 15.38278
 19.00250 14.98111
 19.00222 14.29139
 19.00225 14.25389
 19.00305 14.07334
 19.00305 13.97361
 19.00305 13.75584
 19.00305 13.59250
 19.00222 13.19334
 19.00139 13.11139
 18.76500 12.92028
 18.54195 12.91250
 18.50962 12.91220
 18.38777 12.90666
 18.30222 13.03055
 18.19139 13.18945
 17.96945 13.50695
 17.73472 13.84111
 17.62334 13.99917
 17.55722 14.07750
 17.51958 14.07236
 17.49805 14.07445
 17.46666 14.08764
 17.44514 14.10445
 17.42472 14.12639
 17.41445 14.14473
 17.39778 14.18639
 17.38347 14.21167
 17.37083 14.23084
 17.34777 14.25723
 17.30500 14.30375
 17.15945 14.35166
 17.03305 14.39000
 17.02666 14.41973
 17.02250 14.44445
 17.01527 14.46666
 16.99750 14.50639
 16.88305 14.71389
 16.86153 14.75042
 16.83937 14.77778
 16.67255 14.95809
 16.68472 14.96153
 16.69062 14.98452
 16.67006 15.00395
 16.63875 15.02166
 16.60805 15.08834
 16.55930 15.23597
 16.56166 15.35500
 16.57944 15.44139
 16.55666 15.51000
 16.51334 15.57639
 16.48111 15.67028
 16.48014 15.69632
 16.48889 15.74834
 16.50166 15.82305
 16.51236 15.88834
 16.50972 15.91570
 16.49000 15.98555
 16.48375 16.05660
 16.52666 16.09924
 16.54937 16.11542
 16.55194 16.14584
 16.51708 16.28528
 16.49903 16.30236
 16.45625 16.32181
 16.38111 16.34515
 16.32277 16.35750
 16.27375 16.36750
 16.22062 16.39004
 16.09416 16.50695
 16.06025 16.52768
6 163 15.1104 17.748 10.6104 13.0353 'Assaba (Mauritania)'
 15.67436 12.52855
 15.67805 12.52945
 15.69833 12.54437
 15.69305 12.71055
 15.69139 12.74611
 15.82584 12.76416
 15.89445 12.77305
 15.99750 12.78528
 16.04445 12.87084
 16.13277 13.03528
 16.22756 13.00267
 16.22810 12.96713
 16.23625 12.93845
 16.26777 12.90139
 16.39027 12.79945
 16.42472 12.77111
 16.44222 12.76084
 16.56958 12.73084
 16.59166 12.73695
 16.64243 12.77076
 16.65583 12.79945
 16.68118 12.82319
 16.72195 12.82111
 16.78639 12.81111
 16.82833 12.81167
 16.84640 12.81265
 16.93361 12.81000
 16.98861 12.78973
 17.04764 12.74028
 17.09312 12.62215
 17.09375 12.58528
 17.11792 12.52937
 17.15139 12.50278
 17.19395 12.46778
 17.22389 12.40624
 17.22666 12.40000
 17.23298 12.32632
 17.21972 12.29903
 17.19611 12.28555
 17.03277 11.95361
 17.05666 11.88223
 17.09833 11.76250
 17.07777 11.72972
 17.06111 11.69028
 17.04888 11.65305
 17.04277 11.62417
 17.03722 11.58416
 17.03916 11.52166
 17.04639 11.49236
 17.06195 11.46278
 17.07875 11.43847
 17.09555 11.42000
 17.11639 11.40611
 17.31389 11.32166
 17.50500 11.23889
 17.53695 11.22445
 17.69472 11.09389
 17.74796 11.04871
 17.71083 11.04945
 17.57777 11.04305
 17.45138 11.03389
 17.27027 11.01778
 17.20945 11.01153
 17.09722 10.97945
 16.82139 10.94861
 16.78416 10.94334
 16.74583 10.93084
 16.71527 10.91389
 16.69666 10.89750
 16.67680 10.87153
 16.65625 10.83570
 16.64889 10.81305
 16.64055 10.77195
 16.62945 10.73069
 16.60771 10.70125
 16.58298 10.70584
 16.56042 10.75292
 16.55389 10.78250
 16.54416 10.82334
 16.53666 10.84445
 16.51812 10.87576
 16.48958 10.88847
 16.46916 10.87750
 16.44618 10.84042
 16.43000 10.81473
 16.40903 10.80403
 16.36639 10.79736
 16.30930 10.79236
 16.28583 10.78792
 16.22916 10.77389
 16.16916 10.75667
 16.13834 10.74500
 16.09055 10.72250
 16.06277 10.70834
 16.04500 10.69778
 16.01791 10.67903
 15.96889 10.65416
 15.93958 10.64153
 15.85334 10.62195
 15.79000 10.61500
 15.75777 10.61195
 15.72403 10.61042
 15.66681 10.61416
 15.64277 10.61723
 15.59750 10.62666
 15.56500 10.63528
 15.54111 10.64569
 15.52389 10.65639
 15.43890 10.71639
 15.37445 10.71945
 15.34139 10.73458
 15.31139 10.76431
 15.20611 10.84805
 15.11036 10.89656
 15.12472 10.91445
 15.19889 10.97389
 15.22305 10.98500
 15.24277 10.99305
 15.37472 11.17250
 15.39416 11.20000
 15.42000 11.23695
 15.43139 11.25389
 15.45555 11.28666
 15.47500 11.30223
 15.52445 11.33723
 15.57569 11.36514
 15.63347 11.41813
 15.64333 11.45528
 15.64180 11.49861
 15.59639 11.53778
 15.54555 11.59972
 15.52528 11.63986
 15.54500 11.71167
 15.57368 11.69841
 15.59274 11.69053
 15.64149 11.67745
 15.77389 11.62805
 15.86195 11.57750
 15.97695 11.52473
 16.00076 11.52090
 16.01430 11.54945
 16.02555 11.61500
 16.02972 11.64584
 16.03277 11.68445
 16.03319 11.76028
 16.02695 11.80500
 16.00472 11.85416
 15.99666 11.87500
 15.99222 11.89875
 15.99666 11.93834
 16.00597 11.96389
 16.02180 11.99007
 15.96500 12.12778
 15.84139 12.34611
 15.80875 12.35445
 15.78000 12.36695
 15.76445 12.38305
 15.74666 12.41223
 15.73277 12.44111
 15.71750 12.47584
 15.70208 12.50305
 15.68500 12.52125
 15.67436 12.52855
7 62 14.7256 16.0332 11.5209 12.686 'Guidimaka (Mauritania)'
 15.08791 12.68598
 15.12250 12.66834
 15.27889 12.62805
 15.33083 12.61584
 15.64333 12.53555
 15.67436 12.52855
 15.68500 12.52125
 15.70208 12.50305
 15.71750 12.47584
 15.73277 12.44111
 15.74666 12.41223
 15.76445 12.38305
 15.78000 12.36695
 15.80875 12.35445
 15.84139 12.34611
 15.96500 12.12778
 16.02180 11.99007
 16.00597 11.96389
 15.99666 11.93834
 15.99222 11.89875
 15.99666 11.87500
 16.00472 11.85416
 16.02695 11.80500
 16.03319 11.76028
 16.03277 11.68445
 16.02972 11.64584
 16.02555 11.61500
 16.01430 11.54945
 16.00076 11.52090
 15.97695 11.52473
 15.86195 11.57750
 15.77389 11.62805
 15.64149 11.67745
 15.59274 11.69053
 15.57368 11.69841
 15.54500 11.71167
 15.52584 11.71084
 15.49868 11.71618
 15.47743 11.74063
 15.43861 11.75500
 15.32111 11.79528
 15.19527 11.83223
 15.09722 11.84667
 15.04690 11.84088
 15.05035 11.81222
 15.01479 11.79632
 14.92500 11.81528
 14.86305 11.84139
 14.84083 11.86695
 14.77153 11.97431
 14.72564 12.05996
 14.73958 12.09431
 14.76833 12.17500
 14.76438 12.24484
 14.78583 12.28361
 14.85305 12.39584
 14.90563 12.44805
 14.94118 12.45187
 15.00743 12.47875
 15.09986 12.62931
 15.10472 12.66278
 15.08791 12.68598
8 74 15.0879 16.8464 12.5285 13.7103 'Gorgol (Mauritania)'
 15.67436 12.52855
 15.64333 12.53555
 15.33083 12.61584
 15.27889 12.62805
 15.12250 12.66834
 15.08791 12.68598
 15.09777 12.70805
 15.14965 12.78345
 15.20805 12.84973
 15.26170 12.88576
 15.26584 12.85007
 15.29645 12.84174
 15.32445 12.86084
 15.33722 12.87945
 15.35166 12.90722
 15.36548 12.92993
 15.39264 12.94014
 15.50038 12.96361
 15.47993 13.05660
 15.49666 13.09166
 15.52139 13.10269
 15.62945 13.18472
 15.68055 13.24584
 15.92945 13.32472
 16.05542 13.39542
 16.13222 13.52055
 16.13555 13.57986
 16.11584 13.63972
 16.09895 13.66819
 16.13625 13.71035
 16.16695 13.69889
 16.18195 13.67945
 16.23722 13.61389
 16.27083 13.57722
 16.31184 13.53580
 16.41111 13.33778
 16.42666 13.30223
 16.43722 13.27528
 16.47583 13.16889
 16.54389 13.10584
 16.57584 13.09278
 16.60583 13.08166
 16.62611 13.07445
 16.65222 13.06264
 16.67833 13.04347
 16.70361 13.01889
 16.78235 12.92847
 16.80000 12.90278
 16.84640 12.81265
 16.82833 12.81167
 16.78639 12.81111
 16.72195 12.82111
 16.68118 12.82319
 16.65583 12.79945
 16.64243 12.77076
 16.59166 12.73695
 16.56958 12.73084
 16.44222 12.76084
 16.42472 12.77111
 16.39027 12.79945
 16.26777 12.90139
 16.23625 12.93845
 16.22810 12.96713
 16.22756 13.00267
 16.13277 13.03528
 16.04445 12.87084
 15.99750 12.78528
 15.89445 12.77305
 15.82584 12.76416
 15.69139 12.74611
 15.69305 12.71055
 15.69833 12.54437
 15.67805 12.52945
 15.67436 12.52855
9 146 18.5096 22.0339 6.83084 14.3035 'Adrar (Mauritania)'
 19.69616 7.98570
 19.69750 8.00278
 19.69805 8.07555
 19.69916 8.38473
 19.69861 8.51222
 19.69916 8.85778
 19.69945 8.98500
 19.70138 9.25500
 19.70250 9.43695
 19.70305 9.74639
 19.70416 10.01334
 19.70639 10.32278
 19.70861 10.57750
 19.70972 10.77778
 19.71055 11.00334
 19.70819 11.09639
 19.67153 11.10931
 19.63805 11.12222
 19.58361 11.15111
 19.53722 11.18139
 19.49930 11.20834
 19.47861 11.23000
 19.45222 11.26778
 19.42583 11.30555
 19.37777 11.37139
 19.29834 11.44611
 19.22972 11.44555
 19.13111 11.44666
 19.12750 11.59166
 19.12305 11.73695
 19.11805 11.90000
 18.89638 12.32945
 18.87445 12.37000
 18.80472 12.41334
 18.59500 12.54361
 18.58899 12.54615
 18.57916 12.57889
 18.50962 12.91220
 18.54195 12.91250
 18.76500 12.92028
 19.00139 13.11139
 19.00222 13.19334
 19.00305 13.59250
 19.00305 13.75584
 19.00305 13.97361
 19.00305 14.07334
 19.00225 14.25389
 19.07555 14.25472
 19.28139 14.25500
 19.47000 14.25500
 19.47472 14.22195
 19.48361 14.19055
 19.50298 14.15250
 19.53527 14.11639
 19.55708 14.09986
 19.58639 14.08445
 19.60722 14.07778
 19.65277 14.06584
 19.68389 14.05972
 19.71208 14.05792
 19.76035 14.06292
 19.79111 14.07195
 19.81764 14.08625
 19.84139 14.10334
 19.86083 14.11584
 19.90528 14.13834
 19.93042 14.14542
 20.01639 14.15528
 20.04305 14.15722
 20.07027 14.15834
 20.09638 14.15778
 20.12388 14.15889
 20.29805 14.16639
 20.35750 14.17111
 20.38333 14.17361
 20.44222 14.17889
 20.47486 14.18028
 20.55555 14.18334
 20.58735 14.18361
 20.66722 14.18222
 20.74333 14.17834
 20.99195 14.16445
 21.11681 14.13820
 21.19139 14.18861
 21.34166 14.30347
 21.34222 14.28528
 21.34250 13.90834
 21.34000 13.37695
 21.33805 12.99973
 21.42334 13.00500
 21.79777 13.03139
 22.03388 13.04778
 22.03277 12.78916
 22.03334 12.75223
 22.03277 12.58667
 22.03222 12.43973
 22.03139 12.29250
 22.02945 12.03528
 22.03000 11.73000
 22.03028 11.58305
 22.03111 11.32555
 22.03139 11.23361
 22.03195 10.69555
 22.03195 10.56695
 22.03139 10.21750
 22.03166 9.99695
 22.03195 9.91111
 22.03305 9.54334
 22.03334 9.35973
 22.03361 9.04750
 22.03334 8.83973
 22.03111 8.45389
 22.02889 8.06805
 22.02861 7.99084
 22.02889 7.82555
 22.02916 7.73361
 22.02972 7.40278
 22.02972 7.16389
 22.02972 7.07195
 22.02972 6.99639
 22.02889 6.83084
 21.99666 6.84778
 21.94555 6.87278
 21.86000 6.91639
 21.80861 6.94139
 21.71458 6.98889
 21.46639 7.11305
 21.41500 7.13805
 21.33777 7.17666
 21.22639 7.23250
 21.03777 7.32555
 20.98638 7.35166
 20.95195 7.36805
 20.83195 7.42834
 20.79750 7.44445
 20.74611 7.47055
 20.69445 7.49528
 20.58292 7.55084
 20.23055 7.72472
 20.19611 7.74084
 20.07584 7.80084
 20.04138 7.81695
 19.85195 7.91028
 19.80028 7.93472
 19.71445 7.97750
 19.69616 7.98570
10 95 15.4984 22.9903 5.335 9.11325 'Hodh ech Chargui (Mauritania)'
 15.50278 6.30798
 15.50361 6.31916
 15.50445 6.42639
 15.50584 6.65861
 15.50722 7.01889
 15.50584 7.35834
 15.50500 7.50111
 15.50334 7.66222
 15.50083 8.00139
 15.50139 8.05111
 15.50083 8.50509
 15.53833 8.52584
 15.72611 8.63389
 15.94805 8.76111
 15.99945 8.78972
 16.62000 8.51195
 16.82777 8.41861
 16.93139 8.37278
 16.97527 8.44084
 17.06695 8.58611
 17.39765 9.11325
 17.90000 8.87000
 18.15945 8.74334
 18.40166 8.62500
 18.64333 8.50639
 18.95416 8.35278
 19.21305 8.22500
 19.64416 8.01222
 19.69616 7.98570
 19.71445 7.97750
 19.80028 7.93472
 19.85195 7.91028
 20.04138 7.81695
 20.07584 7.80084
 20.19611 7.74084
 20.23055 7.72472
 20.58292 7.55084
 20.69445 7.49528
 20.74611 7.47055
 20.79750 7.44445
 20.83195 7.42834
 20.95195 7.36805
 20.98638 7.35166
 21.03777 7.32555
 21.22639 7.23250
 21.33777 7.17666
 21.41500 7.13805
 21.46639 7.11305
 21.71458 6.98889
 21.80861 6.94139
 21.86000 6.91639
 21.94555 6.87278
 21.99666 6.84778
 22.02889 6.83084
 22.23389 6.72666
 22.43889 6.62139
 22.64361 6.51611
 22.81416 6.42805
 22.98445 6.33972
 22.99026 6.33595
 22.90639 6.32584
 22.85555 6.31973
 22.66861 6.29889
 22.03916 6.22611
 21.88583 6.20834
 21.59638 6.17445
 21.40888 6.15305
 21.22111 6.13223
 20.99945 6.10722
 20.74722 6.07750
 20.55945 6.05528
 20.14916 6.00666
 19.86639 5.97416
 19.71250 5.95666
 19.37000 5.91834
 19.21583 5.90111
 19.06166 5.88445
 18.78722 5.85389
 18.65000 5.83778
 18.34139 5.80334
 18.15250 5.78278
 17.83111 5.74778
 17.35027 5.69445
 16.74861 5.62805
 16.50777 5.60139
 16.32805 5.33500
 16.13527 5.37250
 16.06639 5.38611
 15.89445 5.42028
 15.56722 5.48389
 15.51555 5.49361
 15.49837 5.49505
 15.49945 5.58361
 15.50445 5.95889
 15.50278 6.30798
11 103 15.3669 17.7519 8.37278 11.0494 'Hodh el Gharbi (Mauritania)'
 17.74796 11.04871
 17.73764 11.02431
 17.57445 10.42555
 17.58639 10.37195
 17.63305 10.17445
 17.75195 9.66973
 17.69472 9.57834
 17.59027 9.41416
 17.42750 9.15889
 17.39765 9.11325
 17.06695 8.58611
 16.97527 8.44084
 16.93139 8.37278
 16.82777 8.41861
 16.62000 8.51195
 15.99945 8.78972
 15.94805 8.76111
 15.72611 8.63389
 15.53833 8.52584
 15.50083 8.50509
 15.50139 8.51389
 15.50111 8.58528
 15.49834 8.99639
 15.49834 9.03695
 15.49889 9.09055
 15.49822 9.18467
 15.49861 9.22639
 15.49972 9.33361
 15.56361 9.33250
 15.67750 9.31181
 15.70472 9.33805
 15.59695 9.44250
 15.47889 9.41528
 15.44431 9.40973
 15.43111 9.66084
 15.43000 9.69666
 15.40555 9.74625
 15.38625 9.77826
 15.37472 9.81139
 15.36695 10.03278
 15.36695 10.06055
 15.36861 10.08695
 15.37277 10.11805
 15.40805 10.21278
 15.43792 10.28973
 15.44125 10.31070
 15.43722 10.47000
 15.43229 10.56743
 15.42805 10.60500
 15.43027 10.65000
 15.43213 10.67506
 15.43890 10.71639
 15.52389 10.65639
 15.54111 10.64569
 15.56500 10.63528
 15.59750 10.62666
 15.64277 10.61723
 15.66681 10.61416
 15.72403 10.61042
 15.75777 10.61195
 15.79000 10.61500
 15.85334 10.62195
 15.93958 10.64153
 15.96889 10.65416
 16.01791 10.67903
 16.04500 10.69778
 16.06277 10.70834
 16.09055 10.72250
 16.13834 10.74500
 16.16916 10.75667
 16.22916 10.77389
 16.28583 10.78792
 16.30930 10.79236
 16.36639 10.79736
 16.40903 10.80403
 16.43000 10.81473
 16.44618 10.84042
 16.46916 10.87750
 16.48958 10.88847
 16.51812 10.87576
 16.53666 10.84445
 16.54416 10.82334
 16.55389 10.78250
 16.56042 10.75292
 16.58298 10.70584
 16.60771 10.70125
 16.62945 10.73069
 16.64055 10.77195
 16.64889 10.81305
 16.65625 10.83570
 16.67680 10.87153
 16.69666 10.89750
 16.71527 10.91389
 16.74583 10.93084
 16.78416 10.94334
 16.82139 10.94861
 17.09722 10.97945
 17.20945 11.01153
 17.27027 11.01778
 17.45138 11.03389
 17.57777 11.04305
 17.71083 11.04945
 17.74796 11.04871
12 89 17.0328 19.7106 7.9857 12.5461 'Tagant (Mauritania)'
 18.58899 12.54615
 18.59500 12.54361
 18.80472 12.41334
 18.87445 12.37000
 18.89638 12.32945
 19.11805 11.90000
 19.12305 11.73695
 19.12750 11.59166
 19.13111 11.44666
 19.22972 11.44555
 19.29834 11.44611
 19.37777 11.37139
 19.42583 11.30555
 19.45222 11.26778
 19.47861 11.23000
 19.49930 11.20834
 19.53722 11.18139
 19.58361 11.15111
 19.63805 11.12222
 19.67153 11.10931
 19.70819 11.09639
 19.71055 11.00334
 19.70972 10.77778
 19.70861 10.57750
 19.70639 10.32278
 19.70416 10.01334
 19.70305 9.74639
 19.70250 9.43695
 19.70138 9.25500
 19.69945 8.98500
 19.69916 8.85778
 19.69861 8.51222
 19.69916 8.38473
 19.69805 8.07555
 19.69750 8.00278
 19.69616 7.98570
 19.64416 8.01222
 19.21305 8.22500
 18.95416 8.35278
 18.64333 8.50639
 18.40166 8.62500
 18.15945 8.74334
 17.90000 8.87000
 17.39765 9.11325
 17.42750 9.15889
 17.59027 9.41416
 17.69472 9.57834
 17.75195 9.66973
 17.63305 10.17445
 17.58639 10.37195
 17.57445 10.42555
 17.73764 11.02431
 17.74796 11.04871
 17.69472 11.09389
 17.53695 11.22445
 17.50500 11.23889
 17.31389 11.32166
 17.11639 11.40611
 17.09555 11.42000
 17.07875 11.43847
 17.06195 11.46278
 17.04639 11.49236
 17.03916 11.52166
 17.03722 11.58416
 17.04277 11.62417
 17.04888 11.65305
 17.06111 11.69028
 17.07777 11.72972
 17.09833 11.76250
 17.05666 11.88223
 17.03277 11.95361
 17.19611 12.28555
 17.21972 12.29903
 17.23298 12.32632
 17.22666 12.40000
 17.22389 12.40624
 17.23235 12.41181
 17.25514 12.42070
 17.32083 12.42320
 17.36521 12.42528
 17.40416 12.44084
 17.44083 12.46250
 17.46639 12.47889
 17.48333 12.49055
 17.51680 12.51146
 18.32584 12.44055
 18.36027 12.43834
 18.57735 12.54528
 18.58899 12.54615
